seed: 1634020505
{7,1,80,1,2,1,8}([7]6,3,2)([8]0,3,4)([9]4,2,6)([10]2,0,7)([11]1,6,7)([12]2,3,7)([13]5,8,4)([14]11,7,2)([15]3,8,2)([16]6,10,4)([17]4,1,7)([18]6,8,3)([19]7,4,6)([20]1,12,1)([21]7,10,4)([22]13,17,6)([23]16,22,6)([24]16,0,3)([25]6,9,3)([26]22,12,5)([27]7,16,0)([28]2,20,4)([29]7,26,3)([30]17,3,4)([31]15,28,5)([32]27,2,4)([33]1,5,1)([34]14,2,4)([35]19,30,4)([36]14,8,2)([37]30,20,0)([38]9,22,6)([39]21,10,7)([40]23,29,0)([41]34,31,2)([42]23,23,1)([43]29,34,1)([44]25,20,7)([45]21,18,1)([46]26,31,5)([47]42,31,2)([48]30,34,0)([49]23,44,7)([50]41,5,3)([51]41,5,5)([52]26,21,4)([53]40,12,6)([54]47,51,3)([55]54,15,6)([56]50,52,4)([57]35,50,4)([58]48,10,1)([59]39,52,7)([60]40,28,4)([61]48,56,4)([62]30,19,3)([63]26,12,5)([64]7,54,3)([65]2,34,6)([66]65,35,5)([67]64,65,6)([68]22,47,4)([69]41,19,5)([70]51,8,6)([71]28,44,1)([72]38,66,4)([73]37,50,3)([74]25,5,2)([75]4,73,7)([76]73,49,5)([77]55,61,3)([78]18,27,7)([79]27,4,2)([80]53,23,0)([81]76,68,3)([82]38,31,2)([83]77,81,2)([84]10,35,0)([85]31,83,5)([86]68,13,3)(83)
evaluations: 42541377
first invidual area: 127.45
{7,1,80,1,2,1,8}([7]6,3,2)([8]0,3,4)([9]4,2,6)([10]0,2,7)([11]1,7,5)([12]10,8,4)([13]5,8,4)([14]7,0,0)([15]8,3,2)([16]10,6,4)([17]4,1,7)([18]7,16,0)([19]4,0,0)([20]15,8,5)([21]19,17,7)([22]17,13,6)([23]16,22,3)([24]0,18,4)([25]9,6,3)([26]12,22,5)([27]1,2,7)([28]17,16,7)([29]24,13,7)([30]17,3,7)([31]15,27,5)([32]8,24,3)([33]4,22,6)([34]2,20,5)([35]23,32,7)([36]23,1,7)([37]2,11,7)([38]23,36,1)([39]10,6,5)([40]3,31,2)([41]37,31,2)([42]18,10,7)([43]7,34,3)([44]14,19,6)([45]42,26,7)([46]41,19,3)([47]23,31,5)([48]15,4,6)([49]0,14,6)([50]41,5,3)([51]20,13,3)([52]6,6,1)([53]5,41,5)([54]53,3,3)([55]54,23,6)([56]50,45,7)([57]52,12,2)([58]50,56,3)([59]48,6,3)([60]10,27,6)([61]30,56,4)([62]11,20,6)([63]49,58,5)([64]10,53,0)([65]38,59,2)([66]20,53,4)([67]17,23,0)([68]22,47,7)([69]25,36,7)([70]4,43,3)([71]35,7,4)([72]71,46,1)([73]46,22,3)([74]42,28,7)([75]15,29,1)([76]58,69,5)([77]55,61,3)([78]16,10,0)([79]28,69,1)([80]32,33,6)([81]76,68,3)([82]8,67,7)([83]77,81,2)([84]54,46,6)([85]15,35,0)([86]11,69,0)(83)
optimized area: 119.02
time: 541363 ms
seed: 1634069354
NOT FOUND
time: 522120 ms
seed: 1634230916
NOT FOUND
time: 523724 ms
seed: 1634368376
NOT FOUND
time: 525165 ms
seed: 1634417399
NOT FOUND
time: 527104 ms
seed: 1634625725
{7,1,80,1,2,1,8}([7]2,6,7)([8]4,7,4)([9]1,4,7)([10]7,8,3)([11]5,10,5)([12]5,5,2)([13]2,3,3)([14]5,11,7)([15]11,0,7)([16]1,4,3)([17]13,15,4)([18]2,11,6)([19]2,9,4)([20]1,16,3)([21]0,14,7)([22]6,21,7)([23]2,10,7)([24]4,22,2)([25]10,22,5)([26]4,0,7)([27]15,9,2)([28]3,14,4)([29]19,17,2)([30]8,20,2)([31]0,0,7)([32]25,11,3)([33]27,3,4)([34]30,19,2)([35]23,25,2)([36]24,30,3)([37]28,2,7)([38]32,33,7)([39]38,21,7)([40]4,17,4)([41]21,9,6)([42]22,36,4)([43]28,42,5)([44]8,41,3)([45]38,18,2)([46]30,8,0)([47]24,20,7)([48]26,39,3)([49]26,42,3)([50]26,15,3)([51]29,3,2)([52]33,27,3)([53]43,38,5)([54]13,49,6)([55]11,48,7)([56]48,1,4)([57]2,55,0)([58]13,28,1)([59]10,35,2)([60]56,35,2)([61]0,9,5)([62]34,52,4)([63]14,25,4)([64]60,29,7)([65]45,64,4)([66]63,4,6)([67]16,25,3)([68]15,5,7)([69]65,53,2)([70]69,20,3)([71]35,11,3)([72]4,60,7)([73]55,19,6)([74]13,15,2)([75]22,49,2)([76]18,31,1)([77]50,63,7)([78]2,0,0)([79]5,54,7)([80]56,75,7)([81]36,75,3)([82]38,9,5)([83]51,19,4)([84]62,27,6)([85]15,27,6)([86]10,76,1)(69)
evaluations: 9986465
first invidual area: 134.03
{7,1,80,1,2,1,8}([7]6,2,7)([8]7,4,4)([9]1,4,7)([10]7,8,3)([11]5,10,5)([12]11,5,5)([13]2,3,3)([14]7,4,7)([15]11,0,7)([16]7,9,5)([17]9,15,5)([18]17,0,5)([19]2,9,4)([20]2,11,6)([21]5,15,7)([22]6,21,7)([23]16,8,2)([24]12,0,5)([25]22,10,5)([26]14,13,3)([27]22,4,2)([28]25,15,5)([29]10,2,7)([30]28,22,1)([31]15,13,4)([32]2,0,6)([33]17,3,7)([34]25,11,6)([35]1,4,0)([36]19,31,5)([37]27,22,0)([38]34,33,4)([39]21,38,7)([40]3,8,0)([41]37,23,3)([42]16,5,2)([43]40,12,7)([44]29,3,7)([45]41,22,4)([46]19,10,0)([47]28,15,1)([48]39,32,3)([49]42,48,6)([50]43,45,5)([51]20,27,6)([52]41,31,7)([53]50,38,5)([54]48,1,4)([55]38,20,5)([56]25,29,2)([57]10,36,3)([58]56,54,5)([59]18,3,6)([60]47,36,5)([61]47,11,0)([62]46,40,0)([63]42,39,0)([64]58,36,4)([65]55,64,4)([66]52,6,6)([67]18,60,5)([68]65,53,2)([69]58,46,0)([70]19,39,7)([71]31,29,5)([72]67,48,5)([73]4,17,6)([74]5,43,3)([75]26,3,3)([76]68,25,2)([77]51,6,2)([78]68,53,1)([79]18,0,4)([80]12,64,5)([81]24,6,6)([82]17,56,6)([83]14,31,2)([84]55,5,2)([85]82,23,5)([86]68,40,3)(68)
optimized area: 124.17
time: 709354 ms
seed: 1635152756
NOT FOUND
time: 525815 ms
seed: 1635201892
{7,1,80,1,2,1,8}([7]2,0,5)([8]2,4,4)([9]1,0,4)([10]2,9,1)([11]6,7,4)([12]1,11,7)([13]5,8,5)([14]12,13,3)([15]14,13,5)([16]8,9,3)([17]6,12,4)([18]11,7,4)([19]8,3,4)([20]14,2,1)([21]1,6,1)([22]10,19,7)([23]22,17,5)([24]2,12,5)([25]8,18,4)([26]4,19,3)([27]5,9,4)([28]23,16,2)([29]17,2,2)([30]23,10,1)([31]24,27,5)([32]27,31,5)([33]17,19,7)([34]11,16,2)([35]14,33,2)([36]1,22,6)([37]8,22,0)([38]32,5,7)([39]31,26,7)([40]31,23,6)([41]31,12,6)([42]3,7,2)([43]5,23,5)([44]22,25,2)([45]21,32,6)([46]27,14,4)([47]11,16,7)([48]37,26,7)([49]48,6,3)([50]11,30,4)([51]31,43,5)([52]38,42,3)([53]36,4,2)([54]53,34,1)([55]29,33,7)([56]55,10,6)([57]35,45,7)([58]0,8,1)([59]55,47,3)([60]46,29,0)([61]32,52,4)([62]60,54,7)([63]20,54,1)([64]3,28,0)([65]20,25,2)([66]6,16,1)([67]18,19,4)([68]62,49,4)([69]63,30,4)([70]40,57,4)([71]59,39,6)([72]17,19,0)([73]9,44,7)([74]50,69,6)([75]20,60,7)([76]68,52,5)([77]74,23,3)([78]60,19,6)([79]54,70,3)([80]76,70,2)([81]72,8,2)([82]46,22,5)([83]37,77,2)([84]80,71,3)([85]61,78,2)([86]71,43,0)(84)
evaluations: 39784104
first invidual area: 143.84
{7,1,80,1,2,1,8}([7]0,2,5)([8]2,4,4)([9]1,0,4)([10]3,7,2)([11]7,6,4)([12]1,11,7)([13]8,5,5)([14]12,13,3)([15]0,5,2)([16]2,3,0)([17]12,6,4)([18]7,7,5)([19]8,3,4)([20]9,16,5)([21]18,19,3)([22]19,2,4)([23]6,12,5)([24]12,2,5)([25]8,18,6)([26]4,19,3)([27]5,9,4)([28]2,9,5)([29]12,16,6)([30]8,9,3)([31]27,24,5)([32]27,1,5)([33]19,17,7)([34]22,17,5)([35]14,33,5)([36]1,22,6)([37]34,4,5)([38]9,31,7)([39]31,26,7)([40]20,17,3)([41]20,8,7)([42]32,30,5)([43]42,0,7)([44]2,31,3)([45]24,32,3)([46]27,14,4)([47]11,30,7)([48]8,26,7)([49]48,6,6)([50]35,45,7)([51]49,16,4)([52]38,10,3)([53]36,3,5)([54]22,23,4)([55]20,33,4)([56]47,55,3)([57]5,14,2)([58]7,42,2)([59]2,45,2)([60]41,27,7)([61]31,34,6)([62]46,53,7)([63]26,17,7)([64]13,47,2)([65]36,54,7)([66]6,16,5)([67]47,18,4)([68]62,49,7)([69]27,65,5)([70]61,50,4)([71]56,39,6)([72]44,4,3)([73]64,66,2)([74]68,69,3)([75]40,68,3)([76]68,52,5)([77]25,34,3)([78]64,1,5)([79]6,10,5)([80]76,70,2)([81]43,53,1)([82]11,27,6)([83]34,28,5)([84]80,71,3)([85]24,10,7)([86]14,62,3)(84)
optimized area: 138.23
time: 558247 ms
seed: 1635376260
NOT FOUND
time: 989607 ms
seed: 1635632658
NOT FOUND
time: 1071222 ms
seed: 1635680356
{7,1,80,1,2,1,8}([7]6,5,4)([8]0,5,5)([9]8,1,5)([10]6,0,2)([11]1,5,6)([12]0,2,2)([13]2,3,4)([14]3,4,6)([15]12,14,7)([16]14,6,4)([17]4,2,2)([18]13,15,4)([19]0,9,7)([20]13,19,7)([21]17,6,2)([22]5,19,3)([23]9,18,6)([24]13,7,1)([25]10,15,4)([26]22,13,3)([27]3,25,6)([28]26,21,4)([29]25,20,7)([30]1,5,5)([31]8,13,7)([32]16,10,3)([33]18,28,6)([34]14,29,2)([35]12,32,7)([36]9,18,7)([37]31,2,5)([38]4,36,3)([39]7,9,2)([40]4,31,7)([41]17,39,5)([42]25,40,5)([43]7,12,4)([44]4,33,7)([45]0,30,4)([46]33,19,2)([47]18,28,5)([48]45,39,7)([49]37,44,4)([50]48,49,4)([51]28,27,4)([52]13,48,2)([53]36,41,2)([54]49,26,7)([55]50,3,0)([56]48,48,2)([57]21,42,6)([58]10,30,4)([59]25,9,3)([60]17,45,0)([61]44,56,2)([62]35,52,4)([63]41,24,2)([64]33,44,7)([65]57,62,5)([66]38,35,3)([67]65,64,7)([68]51,50,5)([69]50,17,0)([70]53,68,7)([71]57,1,4)([72]48,16,5)([73]70,65,2)([74]30,35,1)([75]31,68,4)([76]0,8,1)([77]11,72,0)([78]42,43,2)([79]57,23,4)([80]51,73,4)([81]33,70,0)([82]19,64,0)([83]15,38,6)([84]60,82,7)([85]20,33,1)([86]74,67,2)(73)
evaluations: 3644973
first invidual area: 143.86
{7,1,80,1,2,1,8}([7]6,5,4)([8]5,0,5)([9]1,8,5)([10]9,7,2)([11]2,0,5)([12]0,6,3)([13]3,2,4)([14]3,4,6)([15]11,14,4)([16]0,1,4)([17]2,4,2)([18]13,15,7)([19]10,17,5)([20]18,9,4)([21]6,17,2)([22]5,16,3)([23]6,0,5)([24]15,12,3)([25]23,15,7)([26]1,5,5)([27]13,22,6)([28]19,5,1)([29]27,27,3)([30]10,1,2)([31]8,13,7)([32]3,6,5)([33]27,21,6)([34]26,10,4)([35]2,31,5)([36]12,16,0)([37]26,5,1)([38]25,3,6)([39]1,16,4)([40]32,30,6)([41]31,4,7)([42]41,25,5)([43]30,13,5)([44]4,27,6)([45]21,42,6)([46]26,3,5)([47]4,36,1)([48]0,34,7)([49]35,44,4)([50]48,49,4)([51]33,38,4)([52]48,18,5)([53]37,43,6)([54]36,52,1)([55]7,4,6)([56]0,16,3)([57]49,16,1)([58]1,2,3)([59]43,8,5)([60]57,13,7)([61]6,24,1)([62]55,31,2)([63]29,15,3)([64]6,26,5)([65]61,16,7)([66]19,20,5)([67]35,13,2)([68]51,50,5)([69]35,48,3)([70]24,66,3)([71]18,67,0)([72]24,2,0)([73]32,52,7)([74]45,73,5)([75]14,14,2)([76]68,66,4)([77]12,64,3)([78]15,18,6)([79]74,76,2)([80]8,60,6)([81]25,60,6)([82]76,66,0)([83]10,72,1)([84]44,53,0)([85]30,12,1)([86]36,34,1)(79)
optimized area: 125.09
time: 1284483 ms
seed: 1635728275
NOT FOUND
time: 1073888 ms
seed: 1635775392
{7,1,80,1,2,1,8}([7]1,2,4)([8]4,2,7)([9]7,2,6)([10]6,3,1)([11]6,1,7)([12]5,0,4)([13]8,11,5)([14]5,11,7)([15]0,8,5)([16]7,11,5)([17]11,3,5)([18]0,12,6)([19]13,4,1)([20]1,15,4)([21]14,16,2)([22]21,18,5)([23]19,2,3)([24]16,20,3)([25]3,15,4)([26]4,14,2)([27]8,26,4)([28]22,12,4)([29]26,28,4)([30]29,27,6)([31]19,27,6)([32]26,20,2)([33]30,19,4)([34]7,31,7)([35]18,21,3)([36]33,20,5)([37]4,7,2)([38]35,17,5)([39]6,15,7)([40]34,4,7)([41]34,1,2)([42]26,14,4)([43]0,23,4)([44]6,39,5)([45]11,41,3)([46]31,18,0)([47]19,7,3)([48]32,17,4)([49]21,5,2)([50]37,3,4)([51]49,50,6)([52]5,27,5)([53]51,33,6)([54]34,53,6)([55]43,24,2)([56]36,3,7)([57]23,4,1)([58]9,13,5)([59]25,53,5)([60]7,54,0)([61]37,31,6)([62]56,55,3)([63]31,27,0)([64]55,11,2)([65]53,62,3)([66]60,8,6)([67]0,52,4)([68]50,47,5)([69]57,57,7)([70]31,18,6)([71]67,65,5)([72]7,32,1)([73]20,17,0)([74]42,33,4)([75]24,11,3)([76]37,12,7)([77]21,25,7)([78]44,66,1)([79]34,66,7)([80]71,48,7)([81]80,54,7)([82]64,4,1)([83]12,21,3)([84]28,16,0)([85]83,17,7)([86]60,30,3)(81)
evaluations: 46125014
first invidual area: 138.22
{7,1,80,1,2,1,8}([7]2,1,4)([8]2,4,7)([9]7,4,0)([10]0,8,4)([11]6,1,7)([12]8,0,5)([13]11,8,5)([14]5,11,7)([15]6,14,5)([16]7,9,1)([17]11,3,5)([18]5,0,6)([19]13,8,1)([20]1,12,4)([21]3,13,5)([22]14,18,5)([23]19,2,6)([24]16,20,3)([25]4,19,4)([26]4,14,2)([27]8,26,4)([28]5,10,4)([29]22,28,4)([30]29,27,6)([31]19,27,6)([32]26,20,5)([33]30,13,7)([34]9,31,7)([35]27,4,6)([36]33,20,5)([37]4,9,5)([38]9,23,7)([39]18,24,3)([40]3,39,0)([41]10,4,2)([42]18,19,6)([43]0,23,7)([44]0,40,2)([45]29,25,3)([46]42,26,4)([47]25,37,2)([48]32,17,7)([49]35,14,2)([50]37,3,7)([51]49,50,6)([52]5,27,5)([53]51,33,6)([54]34,53,6)([55]43,24,2)([56]36,40,7)([57]25,0,5)([58]10,41,2)([59]28,1,4)([60]47,9,6)([61]19,18,5)([62]56,55,3)([63]28,7,0)([64]61,29,1)([65]53,62,3)([66]44,24,2)([67]0,52,4)([68]61,17,7)([69]4,45,7)([70]68,63,4)([71]67,65,5)([72]4,62,1)([73]40,66,5)([74]63,2,5)([75]43,31,5)([76]66,38,5)([77]35,75,3)([78]29,26,2)([79]15,43,1)([80]71,48,7)([81]80,54,7)([82]39,36,0)([83]25,77,7)([84]9,24,3)([85]10,8,1)([86]35,74,1)(81)
optimized area: 136.81
time: 1089783 ms
seed: 1635822339
{7,1,80,1,2,1,8}([7]3,0,3)([8]5,4,2)([9]1,0,1)([10]3,6,7)([11]9,6,5)([12]0,4,4)([13]1,12,4)([14]9,8,7)([15]12,14,2)([16]8,11,6)([17]10,15,4)([18]17,13,7)([19]1,2,7)([20]11,2,4)([21]11,4,0)([22]6,21,4)([23]20,5,5)([24]2,22,5)([25]1,12,6)([26]22,23,7)([27]9,17,7)([28]8,11,1)([29]17,8,2)([30]6,17,7)([31]8,30,4)([32]22,3,2)([33]29,2,2)([34]21,3,2)([35]19,3,7)([36]13,34,4)([37]26,8,6)([38]19,16,4)([39]8,15,2)([40]21,0,4)([41]33,9,2)([42]11,37,1)([43]40,38,5)([44]31,40,5)([45]43,36,6)([46]24,7,2)([47]35,15,2)([48]46,47,6)([49]5,29,4)([50]36,21,7)([51]42,40,1)([52]4,8,0)([53]51,5,0)([54]40,19,3)([55]19,49,7)([56]48,49,6)([57]42,45,5)([58]24,24,1)([59]8,20,4)([60]24,45,4)([61]14,23,1)([62]61,29,5)([63]39,60,6)([64]54,37,4)([65]40,43,1)([66]39,9,4)([67]35,19,7)([68]31,64,3)([69]44,68,0)([70]60,24,2)([71]60,13,6)([72]56,63,4)([73]35,68,6)([74]73,29,4)([75]23,51,0)([76]30,73,0)([77]0,41,4)([78]37,22,2)([79]61,38,2)([80]72,36,7)([81]24,24,5)([82]80,74,6)([83]42,82,5)([84]58,71,2)([85]83,54,4)([86]60,6,6)(82)
evaluations: 35104123
first invidual area: 149.49
{7,1,80,1,2,1,8}([7]6,6,5)([8]5,4,2)([9]1,0,1)([10]3,6,7)([11]6,9,5)([12]0,4,4)([13]1,5,4)([14]11,5,6)([15]12,13,2)([16]1,3,7)([17]15,10,4)([18]12,9,4)([19]2,9,4)([20]11,18,0)([21]20,0,4)([22]20,6,5)([23]16,5,5)([24]2,22,5)([25]8,15,2)([26]22,23,7)([27]3,14,0)([28]14,19,4)([29]8,17,2)([30]3,12,6)([31]10,30,6)([32]0,27,3)([33]22,21,1)([34]27,20,5)([35]28,34,4)([36]18,34,4)([37]8,26,3)([38]29,31,0)([39]38,37,0)([40]9,23,4)([41]29,15,2)([42]4,40,4)([43]21,28,5)([44]34,6,0)([45]43,36,6)([46]24,32,2)([47]35,15,2)([48]46,47,6)([49]5,29,4)([50]9,31,5)([51]25,8,6)([52]24,45,4)([53]44,37,7)([54]25,36,5)([55]44,8,2)([56]48,49,6)([57]35,14,1)([58]24,8,1)([59]0,49,5)([60]31,31,1)([61]14,55,3)([62]26,29,0)([63]25,52,6)([64]50,1,6)([65]10,53,3)([66]62,44,7)([67]63,22,7)([68]31,53,3)([69]60,43,0)([70]67,50,3)([71]60,20,0)([72]56,63,7)([73]35,68,3)([74]73,29,7)([75]25,39,5)([76]35,14,3)([77]25,12,5)([78]41,7,6)([79]52,53,7)([80]36,72,4)([81]80,66,3)([82]80,74,6)([83]82,75,2)([84]45,43,1)([85]0,51,6)([86]35,39,7)(82)
optimized area: 139.16
time: 1144371 ms
seed: 1635865521
{7,1,80,1,2,1,8}([7]6,5,2)([8]7,4,4)([9]8,2,4)([10]9,1,7)([11]5,2,6)([12]11,4,7)([13]0,12,4)([14]3,10,2)([15]6,14,5)([16]8,14,6)([17]16,0,3)([18]5,4,2)([19]1,18,7)([20]17,7,4)([21]19,4,6)([22]15,5,6)([23]7,9,3)([24]6,19,5)([25]13,15,7)([26]19,10,3)([27]14,3,1)([28]10,27,4)([29]6,8,0)([30]6,14,1)([31]1,19,3)([32]20,21,7)([33]4,2,6)([34]21,3,0)([35]24,3,2)([36]17,27,5)([37]22,25,6)([38]3,26,2)([39]38,20,3)([40]13,35,7)([41]30,0,4)([42]31,10,2)([43]40,39,6)([44]42,8,7)([45]43,44,3)([46]33,45,7)([47]35,17,6)([48]22,22,0)([49]25,5,6)([50]5,23,3)([51]44,39,0)([52]38,31,6)([53]22,21,5)([54]14,36,1)([55]23,46,7)([56]4,37,3)([57]1,21,7)([58]8,17,7)([59]18,52,0)([60]40,45,7)([61]45,44,4)([62]34,10,6)([63]47,8,3)([64]53,59,2)([65]29,12,3)([66]58,35,5)([67]4,28,7)([68]7,50,2)([69]22,44,0)([70]50,32,4)([71]21,49,5)([72]71,60,5)([73]62,32,4)([74]55,65,4)([75]34,28,2)([76]74,73,3)([77]74,68,4)([78]35,45,5)([79]72,76,2)([80]12,52,4)([81]57,60,3)([82]64,4,7)([83]23,79,1)([84]62,58,5)([85]34,45,5)([86]74,59,1)(79)
evaluations: 35759938
first invidual area: 134.00
{7,1,80,1,2,1,8}([7]5,6,2)([8]4,7,4)([9]8,2,4)([10]1,9,7)([11]2,5,6)([12]11,4,7)([13]12,0,4)([14]3,10,2)([15]3,13,7)([16]14,8,6)([17]0,16,3)([18]4,5,5)([19]18,1,4)([20]7,17,4)([21]4,19,6)([22]13,10,1)([23]20,9,0)([24]9,7,5)([25]5,13,3)([26]22,2,3)([27]6,3,2)([28]14,12,6)([29]4,5,5)([30]21,13,0)([31]9,19,3)([32]20,21,7)([33]4,2,5)([34]27,19,5)([35]1,7,6)([36]28,17,5)([37]34,3,5)([38]3,32,2)([39]20,38,3)([40]13,37,4)([41]34,13,6)([42]6,12,3)([43]31,10,5)([44]8,43,4)([45]32,6,7)([46]40,33,4)([47]37,18,4)([48]0,17,7)([49]25,27,6)([50]39,40,6)([51]49,1,5)([52]24,46,7)([53]6,3,0)([54]44,50,6)([55]28,42,4)([56]43,39,7)([57]34,41,4)([58]21,54,2)([59]50,10,7)([60]40,54,4)([61]7,56,2)([62]43,32,7)([63]5,54,7)([64]14,49,1)([65]26,49,0)([66]12,10,5)([67]10,30,6)([68]9,65,0)([69]3,17,2)([70]40,21,1)([71]31,68,6)([72]51,60,5)([73]67,32,4)([74]52,42,7)([75]29,61,5)([76]74,73,3)([77]16,13,3)([78]16,56,2)([79]76,72,2)([80]9,72,6)([81]71,48,6)([82]59,7,5)([83]58,61,7)([84]67,58,6)([85]23,33,1)([86]26,4,4)(79)
optimized area: 127.43
time: 1147516 ms
seed: 1635907518
{7,1,80,1,2,1,8}([7]4,3,5)([8]2,1,4)([9]0,2,2)([10]8,0,7)([11]9,3,2)([12]8,1,5)([13]10,12,5)([14]6,1,7)([15]13,14,3)([16]6,15,5)([17]9,1,4)([18]5,8,0)([19]4,10,3)([20]0,5,2)([21]19,1,2)([22]3,18,6)([23]14,6,1)([24]5,15,7)([25]16,17,6)([26]24,4,4)([27]16,5,7)([28]21,3,4)([29]7,0,3)([30]17,26,4)([31]28,17,2)([32]11,3,4)([33]26,10,4)([34]33,30,3)([35]34,8,4)([36]29,33,0)([37]25,22,6)([38]11,35,7)([39]7,10,1)([40]6,32,6)([41]5,40,6)([42]29,12,1)([43]37,30,7)([44]16,37,2)([45]20,41,3)([46]4,39,7)([47]7,5,5)([48]4,20,6)([49]22,14,6)([50]36,43,6)([51]3,4,6)([52]41,32,5)([53]38,45,7)([54]3,4,3)([55]54,35,2)([56]14,28,7)([57]53,23,7)([58]37,42,3)([59]52,34,4)([60]55,15,6)([61]7,55,4)([62]57,20,5)([63]62,58,7)([64]42,1,3)([65]57,33,3)([66]25,47,2)([67]44,11,3)([68]56,62,4)([69]61,63,2)([70]69,68,2)([71]53,29,4)([72]38,42,0)([73]70,57,4)([74]28,3,3)([75]73,50,3)([76]69,31,1)([77]62,1,5)([78]56,48,0)([79]63,18,6)([80]6,70,3)([81]55,64,0)([82]5,40,5)([83]60,58,5)([84]60,75,6)([85]28,73,3)([86]36,43,5)(84)
evaluations: 29092229
first invidual area: 159.77
{7,1,80,1,2,1,8}([7]3,4,5)([8]2,1,4)([9]0,2,2)([10]0,8,7)([11]9,3,5)([12]1,8,5)([13]10,12,5)([14]6,1,7)([15]14,13,3)([16]6,0,1)([17]9,1,4)([18]3,9,7)([19]4,10,3)([20]5,0,2)([21]19,1,5)([22]5,3,6)([23]15,13,0)([24]5,4,7)([25]17,16,6)([26]24,23,7)([27]0,2,6)([28]17,22,1)([29]7,0,3)([30]26,17,7)([31]9,22,6)([32]1,5,2)([33]1,10,3)([34]27,30,3)([35]8,34,4)([36]29,12,1)([37]25,22,6)([38]11,35,7)([39]19,19,1)([40]6,31,6)([41]5,40,6)([42]4,3,3)([43]25,30,3)([44]27,15,4)([45]20,41,6)([46]24,45,4)([47]21,3,4)([48]35,35,2)([49]18,39,7)([50]29,43,6)([51]3,12,6)([52]31,10,7)([53]38,45,7)([54]6,36,2)([55]42,35,2)([56]26,1,3)([57]53,14,4)([58]37,36,3)([59]41,12,0)([60]55,23,6)([61]7,55,4)([62]57,20,5)([63]62,58,7)([64]21,5,5)([65]6,35,5)([66]3,55,6)([67]62,47,5)([68]14,67,4)([69]61,63,2)([70]69,68,5)([71]40,22,6)([72]25,25,6)([73]70,57,7)([74]8,51,0)([75]73,50,3)([76]60,75,6)([77]6,64,6)([78]26,44,4)([79]23,39,7)([80]13,32,2)([81]18,71,3)([82]80,34,4)([83]80,67,4)([84]43,65,6)([85]83,19,1)([86]46,62,6)(76)
optimized area: 146.62
time: 1268873 ms
seed: 1635943735
NOT FOUND
time: 1076242 ms
seed: 1635979924
NOT FOUND
time: 1088381 ms
seed: 1636015819
NOT FOUND
time: 1066341 ms
seed: 1636050530
NOT FOUND
time: 1054526 ms
seed: 1636084395
{7,1,80,1,2,1,8}([7]0,2,6)([8]6,1,7)([9]4,0,4)([10]5,1,5)([11]3,8,5)([12]11,1,7)([13]9,4,7)([14]1,4,6)([15]10,9,5)([16]7,12,7)([17]16,14,6)([18]3,2,7)([19]3,6,6)([20]19,15,3)([21]18,20,2)([22]5,3,6)([23]8,4,2)([24]8,21,2)([25]24,5,3)([26]14,12,4)([27]5,13,2)([28]4,17,0)([29]21,23,6)([30]7,12,7)([31]16,9,4)([32]17,22,4)([33]10,25,1)([34]15,32,2)([35]29,28,4)([36]30,13,3)([37]27,35,4)([38]0,12,2)([39]31,36,7)([40]36,39,3)([41]24,37,4)([42]2,21,3)([43]38,3,4)([44]1,23,4)([45]43,35,6)([46]28,27,1)([47]2,11,4)([48]25,45,4)([49]34,34,6)([50]38,9,5)([51]3,4,5)([52]6,3,4)([53]42,34,4)([54]53,44,4)([55]31,10,5)([56]8,13,3)([57]40,51,5)([58]7,48,4)([59]57,41,5)([60]12,46,0)([61]59,8,3)([62]56,16,6)([63]13,15,1)([64]60,28,0)([65]54,58,3)([66]26,48,1)([67]23,19,0)([68]29,17,5)([69]15,53,0)([70]36,3,4)([71]49,70,7)([72]65,47,3)([73]5,42,2)([74]65,33,4)([75]48,65,7)([76]55,65,4)([77]54,61,2)([78]15,58,0)([79]16,53,5)([80]15,73,5)([81]26,73,1)([82]51,55,2)([83]65,24,7)([84]78,65,1)([85]77,76,7)([86]17,52,6)(85)
evaluations: 35557555
first invidual area: 160.72
{7,1,80,1,2,1,8}([7]2,0,6)([8]6,1,7)([9]0,4,4)([10]5,1,5)([11]8,3,5)([12]7,11,4)([13]4,12,6)([14]0,4,1)([15]9,10,5)([16]1,12,4)([17]16,13,6)([18]2,3,7)([19]2,6,6)([20]15,19,3)([21]18,20,2)([22]5,3,6)([23]8,4,2)([24]8,21,2)([25]21,0,0)([26]21,6,0)([27]5,14,5)([28]23,1,4)([29]21,23,6)([30]19,3,5)([31]16,9,4)([32]17,22,4)([33]29,18,1)([34]15,32,5)([35]4,29,4)([36]10,31,5)([37]27,35,7)([38]0,17,2)([39]38,35,1)([40]18,39,3)([41]7,14,0)([42]2,21,3)([43]38,3,4)([44]40,8,1)([45]43,35,6)([46]24,5,6)([47]33,22,1)([48]37,23,6)([49]44,15,0)([50]35,42,3)([51]3,4,5)([52]49,33,4)([53]28,42,7)([54]53,34,4)([55]20,25,3)([56]7,46,4)([57]40,51,5)([58]45,56,7)([59]57,37,5)([60]57,39,7)([61]59,8,3)([62]28,29,6)([63]4,48,6)([64]14,21,7)([65]54,58,3)([66]48,1,6)([67]7,26,1)([68]6,55,3)([69]48,52,7)([70]0,67,5)([71]30,17,6)([72]9,67,0)([73]9,9,5)([74]56,49,1)([75]60,66,3)([76]36,65,4)([77]61,54,5)([78]36,14,3)([79]66,29,1)([80]34,2,7)([81]42,16,6)([82]60,77,6)([83]82,2,6)([84]59,25,1)([85]77,76,4)([86]0,67,2)(85)
optimized area: 141.01
time: 1178955 ms
seed: 1636117474
NOT FOUND
time: 1069209 ms
seed: 1636150153
NOT FOUND
time: 1052900 ms
seed: 1636182617
{7,1,80,1,2,1,8}([7]3,0,4)([8]1,0,6)([9]1,0,4)([10]1,4,7)([11]10,2,4)([12]10,6,4)([13]5,1,7)([14]9,7,2)([15]12,9,2)([16]7,12,2)([17]5,8,3)([18]16,17,3)([19]7,0,6)([20]14,17,7)([21]18,11,7)([22]10,20,2)([23]6,21,6)([24]7,20,2)([25]13,23,7)([26]25,3,4)([27]22,16,1)([28]18,6,4)([29]0,18,5)([30]27,3,6)([31]11,12,6)([32]31,18,5)([33]29,23,5)([34]32,10,5)([35]28,19,6)([36]14,33,1)([37]3,0,4)([38]4,25,2)([39]4,1,2)([40]6,32,1)([41]2,26,3)([42]32,24,4)([43]5,41,6)([44]22,2,1)([45]7,32,2)([46]38,43,3)([47]11,22,3)([48]29,12,7)([49]26,36,0)([50]23,9,6)([51]15,13,5)([52]51,26,5)([53]50,46,5)([54]45,20,0)([55]25,2,3)([56]39,47,6)([57]41,6,5)([58]46,56,6)([59]9,46,6)([60]40,29,2)([61]48,46,2)([62]61,7,6)([63]54,43,7)([64]58,42,5)([65]63,55,3)([66]32,27,4)([67]62,64,7)([68]44,6,1)([69]41,42,7)([70]10,55,1)([71]63,37,0)([72]54,21,1)([73]65,67,4)([74]1,19,6)([75]51,57,4)([76]73,35,7)([77]29,3,3)([78]53,60,7)([79]70,53,7)([80]31,42,2)([81]19,45,5)([82]6,69,3)([83]70,27,3)([84]23,35,0)([85]30,64,2)([86]62,72,5)(76)
evaluations: 33893759
first invidual area: 141.50
{7,1,80,1,2,1,8}([7]3,0,4)([8]1,0,6)([9]1,3,7)([10]4,1,7)([11]10,2,4)([12]10,6,4)([13]1,5,7)([14]7,9,2)([15]3,5,5)([16]7,12,2)([17]5,8,3)([18]16,17,3)([19]0,3,6)([20]17,14,7)([21]18,11,7)([22]4,7,0)([23]6,21,3)([24]7,20,2)([25]23,13,4)([26]20,1,3)([27]17,15,3)([28]18,6,4)([29]7,23,2)([30]11,28,3)([31]7,15,4)([32]25,19,7)([33]24,27,6)([34]10,20,2)([35]32,2,0)([36]14,4,2)([37]11,5,5)([38]4,25,2)([39]0,30,5)([40]2,25,3)([41]2,35,3)([42]30,24,5)([43]5,41,6)([44]2,24,3)([45]17,33,3)([46]38,43,3)([47]32,18,3)([48]15,12,7)([49]12,45,4)([50]6,39,0)([51]8,39,2)([52]11,36,3)([53]46,2,7)([54]7,36,0)([55]49,52,5)([56]34,52,6)([57]14,0,1)([58]46,56,6)([59]33,54,2)([60]54,19,6)([61]48,46,2)([62]61,54,3)([63]29,46,6)([64]58,42,5)([65]63,40,6)([66]5,51,2)([67]62,65,4)([68]64,38,3)([69]28,66,3)([70]19,28,6)([71]22,26,5)([72]57,60,2)([73]64,67,7)([74]28,34,3)([75]0,24,7)([76]73,70,7)([77]39,33,2)([78]61,51,5)([79]28,64,1)([80]34,31,5)([81]7,66,5)([82]7,34,3)([83]80,8,7)([84]26,76,2)([85]41,46,7)([86]9,46,1)(76)
optimized area: 134.46
time: 1189189 ms
seed: 1636213212
{7,1,80,1,2,1,8}([7]6,5,4)([8]6,3,6)([9]8,3,3)([10]2,2,1)([11]0,0,4)([12]11,6,1)([13]0,1,4)([14]8,6,6)([15]14,1,2)([16]0,9,3)([17]16,0,5)([18]2,9,3)([19]4,17,7)([20]18,19,4)([21]7,12,0)([22]13,10,3)([23]1,15,3)([24]16,7,2)([25]3,20,4)([26]1,4,7)([27]5,4,5)([28]7,6,5)([29]18,16,7)([30]14,4,3)([31]0,8,5)([32]14,28,1)([33]28,26,5)([34]10,18,7)([35]31,16,7)([36]8,21,1)([37]22,1,2)([38]34,5,5)([39]31,33,2)([40]1,5,4)([41]12,12,6)([42]37,30,5)([43]30,41,7)([44]21,21,6)([45]26,27,4)([46]45,19,6)([47]42,10,4)([48]24,34,7)([49]2,31,7)([50]27,11,0)([51]29,48,3)([52]42,24,6)([53]0,48,6)([54]30,18,0)([55]39,2,7)([56]49,4,1)([57]35,46,7)([58]29,29,7)([59]25,24,7)([60]9,50,4)([61]60,55,3)([62]37,59,7)([63]53,40,6)([64]7,22,2)([65]13,30,2)([66]42,16,3)([67]49,64,5)([68]26,20,0)([69]16,57,7)([70]66,17,4)([71]45,7,4)([72]19,38,4)([73]63,61,3)([74]24,14,2)([75]52,33,5)([76]11,61,4)([77]72,30,4)([78]67,62,2)([79]33,52,2)([80]52,16,1)([81]24,64,1)([82]11,10,1)([83]73,78,4)([84]22,70,2)([85]84,65,6)([86]83,75,4)(86)
evaluations: 37758662
first invidual area: 131.18
{7,1,80,1,2,1,8}([7]5,6,4)([8]6,3,6)([9]8,3,3)([10]8,2,6)([11]4,0,0)([12]7,1,5)([13]2,12,1)([14]9,0,3)([15]5,2,0)([16]0,4,4)([17]1,0,0)([18]16,12,2)([19]4,7,1)([20]17,0,4)([21]14,18,7)([22]20,13,3)([23]3,10,3)([24]7,14,5)([25]16,23,7)([26]17,4,7)([27]14,1,6)([28]0,18,5)([29]22,16,3)([30]4,3,3)([31]0,8,5)([32]8,17,5)([33]26,12,5)([34]16,12,5)([35]31,33,5)([36]25,24,7)([37]22,17,2)([38]31,13,4)([39]15,29,0)([40]1,5,4)([41]4,5,5)([42]37,30,5)([43]40,20,3)([44]13,40,7)([45]17,24,1)([46]17,32,3)([47]40,4,6)([48]24,33,5)([49]38,43,4)([50]3,21,3)([51]16,33,3)([52]42,48,6)([53]48,0,6)([54]5,46,0)([55]35,2,4)([56]40,14,3)([57]42,15,6)([58]53,38,0)([59]31,58,6)([60]9,41,4)([61]60,55,3)([62]37,36,4)([63]58,40,6)([64]38,22,2)([65]48,26,7)([66]7,39,6)([67]7,64,5)([68]43,54,5)([69]8,37,2)([70]6,30,0)([71]65,31,0)([72]11,15,5)([73]63,61,6)([74]63,41,7)([75]52,40,5)([76]47,32,5)([77]76,3,7)([78]67,62,5)([79]68,40,0)([80]50,24,5)([81]32,10,5)([82]57,15,5)([83]73,78,4)([84]24,32,5)([85]31,73,5)([86]83,75,4)(86)
optimized area: 115.70
time: 1116357 ms
seed: 1636243162
NOT FOUND
time: 1077844 ms
seed: 1636262384
NOT FOUND
time: 1073806 ms
seed: 1636278900
NOT FOUND
time: 1069945 ms
seed: 1636295316
{7,1,80,1,2,1,8}([7]6,3,4)([8]2,0,6)([9]2,0,1)([10]9,0,3)([11]0,3,5)([12]11,5,6)([13]12,4,3)([14]9,0,4)([15]5,8,4)([16]7,0,5)([17]7,14,2)([18]9,15,5)([19]18,10,2)([20]16,3,2)([21]11,1,7)([22]6,21,2)([23]7,5,7)([24]13,16,7)([25]21,23,4)([26]4,21,4)([27]17,5,6)([28]17,7,4)([29]8,19,3)([30]22,9,7)([31]15,27,2)([32]1,25,6)([33]31,6,3)([34]19,24,2)([35]26,29,7)([36]32,5,4)([37]36,2,7)([38]3,33,4)([39]36,37,3)([40]18,3,3)([41]36,10,5)([42]30,32,5)([43]37,1,2)([44]26,3,2)([45]41,36,5)([46]40,42,5)([47]34,42,7)([48]22,43,1)([49]27,25,3)([50]40,49,5)([51]20,36,5)([52]43,6,0)([53]50,13,5)([54]38,47,4)([55]13,39,3)([56]35,31,3)([57]14,52,3)([58]54,51,7)([59]40,37,4)([60]0,36,1)([61]39,60,4)([62]4,50,6)([63]56,51,4)([64]45,1,1)([65]2,23,6)([66]56,64,1)([67]49,41,6)([68]62,58,6)([69]57,12,3)([70]68,52,3)([71]63,53,2)([72]45,18,4)([73]71,68,6)([74]20,37,2)([75]17,5,4)([76]20,61,5)([77]72,44,0)([78]31,52,1)([79]7,11,4)([80]38,22,2)([81]68,3,6)([82]68,75,6)([83]14,16,0)([84]60,74,1)([85]18,1,7)([86]42,45,5)(73)
evaluations: 28359333
first invidual area: 138.67
{7,1,80,1,2,1,8}([7]6,3,4)([8]0,5,7)([9]2,7,1)([10]9,0,3)([11]3,0,5)([12]5,11,6)([13]12,4,3)([14]9,0,4)([15]14,7,4)([16]0,7,5)([17]14,7,2)([18]9,8,5)([19]18,10,2)([20]18,0,7)([21]1,11,7)([22]19,17,6)([23]5,21,7)([24]21,1,6)([25]23,7,4)([26]12,2,4)([27]7,4,0)([28]22,21,4)([29]13,16,7)([30]25,19,7)([31]22,14,2)([32]25,1,6)([33]31,3,6)([34]19,29,5)([35]28,4,4)([36]5,32,4)([37]35,31,3)([38]16,3,2)([39]33,34,4)([40]18,3,3)([41]22,12,3)([42]26,32,5)([43]7,24,7)([44]5,17,6)([45]37,34,5)([46]41,5,2)([47]6,42,4)([48]31,7,3)([49]44,25,3)([50]40,49,5)([51]38,36,5)([52]38,25,6)([53]15,25,6)([54]39,47,4)([55]51,54,0)([56]37,51,4)([57]31,2,7)([58]54,55,4)([59]48,52,4)([60]31,8,5)([61]16,59,6)([62]46,47,1)([63]13,9,7)([64]50,13,5)([65]23,23,4)([66]50,13,6)([67]57,4,4)([68]66,58,6)([69]42,9,1)([70]33,32,4)([71]56,64,2)([72]17,51,2)([73]71,68,6)([74]64,18,4)([75]22,28,4)([76]52,19,0)([77]65,23,1)([78]1,50,2)([79]39,3,7)([80]25,6,4)([81]60,9,4)([82]11,73,7)([83]6,18,5)([84]15,22,0)([85]58,75,2)([86]84,74,3)(73)
optimized area: 133.52
time: 1234896 ms
seed: 1636311772
NOT FOUND
time: 1061795 ms
seed: 1636327964
NOT FOUND
time: 1042324 ms
