seed: 1633865655
{7,1,80,1,2,1,8}([7]3,2,2)([8]4,6,7)([9]8,1,7)([10]2,4,4)([11]10,3,6)([12]3,11,6)([13]10,8,7)([14]0,5,3)([15]12,9,3)([16]0,5,4)([17]14,8,7)([18]16,2,7)([19]17,2,2)([20]17,18,5)([21]3,18,4)([22]7,14,7)([23]22,9,3)([24]21,0,2)([25]23,20,7)([26]9,25,4)([27]18,19,5)([28]3,7,4)([29]9,13,6)([30]3,2,1)([31]22,28,6)([32]14,24,5)([33]15,31,2)([34]19,5,7)([35]33,26,4)([36]30,24,0)([37]13,26,6)([38]19,6,3)([39]24,15,6)([40]39,37,3)([41]33,5,3)([42]31,16,7)([43]31,25,3)([44]40,0,2)([45]32,23,7)([46]29,38,6)([47]33,5,2)([48]17,44,3)([49]34,19,7)([50]27,7,1)([51]3,3,7)([52]26,1,2)([53]45,7,4)([54]23,45,7)([55]47,46,4)([56]37,48,4)([57]40,21,6)([58]51,43,6)([59]35,12,7)([60]38,4,7)([61]23,13,1)([62]56,15,4)([63]53,23,2)([64]54,39,2)([65]49,59,0)([66]55,26,5)([67]62,55,3)([68]35,34,6)([69]59,53,3)([70]38,9,2)([71]52,63,7)([72]50,48,1)([73]36,26,6)([74]61,0,7)([75]7,55,5)([76]41,59,6)([77]61,59,7)([78]4,53,0)([79]33,55,7)([80]78,46,0)([81]14,76,6)([82]40,2,1)([83]35,27,3)([84]39,24,4)([85]67,69,2)([86]20,24,5)(85)
evaluations: 28011624
first invidual area: 144.33
{7,1,80,1,2,1,8}([7]2,3,2)([8]6,4,7)([9]8,1,7)([10]2,4,7)([11]2,6,4)([12]10,3,6)([13]10,1,6)([14]5,0,3)([15]9,12,3)([16]5,0,7)([17]8,14,7)([18]16,2,4)([19]9,2,6)([20]18,17,5)([21]18,3,4)([22]7,14,7)([23]22,9,3)([24]23,7,4)([25]20,9,4)([26]25,23,7)([27]24,21,6)([28]3,14,5)([29]0,21,5)([30]15,19,5)([31]15,22,3)([32]20,5,3)([33]28,15,2)([34]19,6,3)([35]33,26,7)([36]1,25,5)([37]11,26,6)([38]0,29,0)([39]25,3,1)([40]27,37,3)([41]17,39,0)([42]33,5,5)([43]24,29,7)([44]40,0,2)([45]30,3,1)([46]2,17,2)([47]17,46,3)([48]44,41,6)([49]31,43,2)([50]26,12,5)([51]23,28,0)([52]13,43,0)([53]20,10,4)([54]34,46,6)([55]54,42,7)([56]37,48,4)([57]20,7,7)([58]54,48,7)([59]35,12,4)([60]20,25,3)([61]32,8,5)([62]56,15,7)([63]12,29,0)([64]28,50,6)([65]56,1,5)([66]20,65,2)([67]62,55,3)([68]7,36,1)([69]59,43,3)([70]41,55,6)([71]24,18,7)([72]62,37,5)([73]13,58,5)([74]62,3,6)([75]69,56,2)([76]11,33,1)([77]67,69,2)([78]35,11,3)([79]21,0,5)([80]60,54,6)([81]21,67,0)([82]39,26,0)([83]45,21,3)([84]23,29,0)([85]68,59,3)([86]38,85,2)(77)
optimized area: 134.02
time: 609809 ms
seed: 1633952586
NOT FOUND
time: 537072 ms
seed: 1634003228
{7,1,80,1,2,1,8}([7]2,0,7)([8]2,3,1)([9]0,1,7)([10]6,1,3)([11]3,7,5)([12]11,9,2)([13]6,7,5)([14]10,3,2)([15]13,8,0)([16]11,5,7)([17]13,1,6)([18]15,17,7)([19]6,3,3)([20]3,1,5)([21]16,4,1)([22]18,6,7)([23]13,16,2)([24]19,0,6)([25]17,12,0)([26]14,12,4)([27]12,4,2)([28]7,26,5)([29]1,19,3)([30]23,27,0)([31]20,10,5)([32]23,5,6)([33]21,30,1)([34]8,31,2)([35]30,13,1)([36]4,19,7)([37]34,23,0)([38]31,0,0)([39]24,2,3)([40]27,18,7)([41]2,4,3)([42]11,20,1)([43]24,40,1)([44]22,8,7)([45]35,4,7)([46]24,17,7)([47]24,1,6)([48]19,47,3)([49]19,30,4)([50]43,23,0)([51]33,33,0)([52]17,5,2)([53]26,40,2)([54]3,32,2)([55]24,20,3)([56]52,14,7)([57]5,38,3)([58]20,20,2)([59]56,45,4)([60]34,13,4)([61]7,23,7)([62]5,60,4)([63]41,56,4)([64]22,27,7)([65]6,53,4)([66]32,24,6)([67]15,0,1)([68]66,40,2)([69]20,56,2)([70]12,59,2)([71]39,5,5)([72]62,65,7)([73]4,23,6)([74]72,68,3)([75]36,61,4)([76]26,59,7)([77]37,53,2)([78]26,72,7)([79]49,76,5)([80]63,79,5)([81]17,16,5)([82]80,74,2)([83]29,34,2)([84]80,28,4)([85]82,57,7)([86]61,24,3)(85)
evaluations: 39676724
first invidual area: 135.87
{7,1,80,1,2,1,8}([7]0,2,7)([8]5,5,0)([9]0,1,7)([10]1,6,3)([11]7,3,5)([12]11,9,2)([13]6,7,5)([14]10,3,2)([15]12,0,6)([16]11,5,7)([17]13,1,6)([18]17,13,3)([19]3,6,3)([20]2,12,1)([21]1,3,5)([22]16,5,6)([23]13,16,2)([24]19,0,6)([25]23,4,3)([26]14,12,4)([27]4,12,5)([28]23,4,2)([29]24,11,7)([30]29,27,3)([31]10,21,5)([32]30,12,0)([33]23,29,4)([34]5,28,4)([35]6,30,2)([36]31,20,5)([37]4,2,3)([38]27,23,4)([39]36,2,1)([40]18,27,7)([41]35,26,4)([42]18,27,0)([43]15,42,0)([44]24,27,5)([45]25,42,5)([46]21,42,1)([47]42,5,7)([48]10,11,3)([49]19,23,4)([50]49,13,0)([51]6,13,0)([52]17,5,5)([53]26,40,5)([54]11,53,2)([55]43,44,6)([56]52,14,7)([57]5,31,3)([58]34,35,1)([59]37,25,4)([60]5,13,4)([61]56,33,0)([62]36,60,4)([63]37,61,7)([64]53,13,0)([65]6,64,7)([66]22,24,6)([67]0,47,0)([68]66,40,2)([69]34,28,2)([70]50,49,0)([71]28,54,0)([72]62,65,4)([73]44,48,1)([74]72,68,3)([75]49,39,5)([76]26,59,4)([77]16,40,5)([78]12,42,0)([79]70,76,5)([80]63,79,5)([81]15,42,1)([82]80,74,5)([83]58,25,0)([84]23,14,1)([85]82,57,4)([86]45,82,6)(85)
optimized area: 127.42
time: 550718 ms
seed: 1634052045
{7,1,80,1,2,1,8}([7]1,2,0)([8]0,5,3)([9]6,8,2)([10]4,2,7)([11]10,3,2)([12]6,11,2)([13]11,1,6)([14]6,0,3)([15]5,13,7)([16]15,14,2)([17]12,3,2)([18]1,9,7)([19]5,0,2)([20]8,8,6)([21]10,6,3)([22]11,19,6)([23]3,10,3)([24]5,15,1)([25]15,13,2)([26]25,4,4)([27]23,16,6)([28]5,16,3)([29]18,27,4)([30]21,19,4)([31]17,20,1)([32]15,4,5)([33]2,28,2)([34]16,4,4)([35]29,6,4)([36]7,8,3)([37]11,25,6)([38]21,22,2)([39]3,30,5)([40]38,9,6)([41]11,38,7)([42]34,38,7)([43]13,15,6)([44]36,26,5)([45]44,8,6)([46]17,23,7)([47]11,17,4)([48]44,26,3)([49]47,9,5)([50]44,33,3)([51]33,41,6)([52]50,21,4)([53]29,23,3)([54]16,39,4)([55]40,35,6)([56]33,39,4)([57]52,0,3)([58]44,26,4)([59]2,24,5)([60]46,34,3)([61]51,55,3)([62]20,52,7)([63]60,37,0)([64]33,12,4)([65]20,50,5)([66]20,58,3)([67]48,24,5)([68]56,41,7)([69]65,9,0)([70]15,40,1)([71]29,52,5)([72]62,63,2)([73]72,39,5)([74]55,18,7)([75]39,27,1)([76]45,39,7)([77]67,48,5)([78]64,25,5)([79]61,29,7)([80]16,72,0)([81]79,73,5)([82]80,35,0)([83]45,75,4)([84]38,31,5)([85]60,9,2)([86]79,23,2)(81)
evaluations: 7092291
first invidual area: 129.29
{7,1,80,1,2,1,8}([7]6,0,3)([8]0,5,3)([9]6,8,2)([10]4,2,7)([11]3,10,2)([12]1,9,4)([13]1,0,3)([14]11,1,6)([15]5,14,7)([16]7,15,2)([17]16,5,3)([18]14,5,5)([19]0,5,2)([20]4,16,4)([21]10,6,3)([22]16,12,0)([23]10,3,3)([24]11,19,6)([25]4,18,7)([26]10,3,0)([27]23,22,3)([28]11,11,5)([29]27,12,4)([30]19,21,4)([31]3,22,1)([32]6,9,1)([33]2,17,2)([34]4,32,6)([35]3,30,5)([36]29,32,3)([37]10,10,1)([38]24,21,2)([39]26,1,4)([40]9,38,3)([41]6,13,5)([42]38,11,6)([43]13,25,5)([44]10,20,2)([45]0,9,3)([46]40,11,5)([47]40,31,3)([48]10,4,2)([49]33,42,6)([50]43,33,6)([51]10,10,0)([52]50,21,4)([53]16,20,1)([54]46,23,5)([55]40,36,2)([56]3,20,5)([57]20,54,3)([58]0,43,6)([59]7,31,1)([60]58,30,2)([61]49,55,6)([62]8,52,7)([63]45,17,6)([64]28,33,7)([65]60,50,6)([66]61,29,4)([67]60,34,0)([68]3,64,5)([69]34,3,0)([70]7,39,5)([71]52,2,3)([72]62,35,2)([73]72,57,5)([74]39,49,6)([75]9,31,0)([76]6,5,1)([77]48,63,4)([78]53,68,2)([79]26,58,7)([80]42,37,2)([81]66,73,5)([82]70,11,6)([83]10,52,5)([84]50,56,1)([85]51,25,5)([86]45,34,3)(81)
optimized area: 117.55
time: 660473 ms
seed: 1634166303
{7,1,80,1,2,1,8}([7]2,0,4)([8]1,3,5)([9]3,4,4)([10]1,3,3)([11]8,3,0)([12]9,0,6)([13]4,2,6)([14]7,5,4)([15]8,12,3)([16]6,15,2)([17]14,10,4)([18]4,17,5)([19]6,2,4)([20]9,17,3)([21]19,4,7)([22]11,7,4)([23]5,15,7)([24]12,10,5)([25]9,23,3)([26]16,22,7)([27]14,6,2)([28]0,16,4)([29]23,28,2)([30]7,24,4)([31]5,17,2)([32]16,20,4)([33]22,32,3)([34]4,27,4)([35]15,4,7)([36]4,19,1)([37]17,31,7)([38]25,32,3)([39]8,19,1)([40]18,26,4)([41]12,30,3)([42]3,7,0)([43]13,33,7)([44]24,34,4)([45]18,33,7)([46]37,41,4)([47]2,31,7)([48]40,36,4)([49]46,48,0)([50]38,3,5)([51]28,46,7)([52]12,47,6)([53]26,36,4)([54]25,11,4)([55]31,40,3)([56]26,49,0)([57]50,55,5)([58]57,26,3)([59]40,30,7)([60]16,4,6)([61]48,23,2)([62]6,39,1)([63]32,60,2)([64]6,19,6)([65]29,57,6)([66]61,19,7)([67]43,65,3)([68]48,57,2)([69]8,68,1)([70]10,11,4)([71]42,42,4)([72]42,18,5)([73]62,70,5)([74]32,36,1)([75]44,52,3)([76]67,75,5)([77]57,27,2)([78]40,65,1)([79]8,56,4)([80]74,79,2)([81]31,40,3)([82]76,8,7)([83]79,44,0)([84]35,66,1)([85]40,40,4)([86]31,83,1)(82)
evaluations: 12238336
first invidual area: 121.35
{7,1,80,1,2,1,8}([7]2,0,4)([8]3,1,5)([9]4,3,4)([10]3,1,3)([11]5,10,0)([12]9,0,6)([13]2,1,5)([14]11,7,4)([15]0,6,4)([16]6,13,2)([17]14,10,4)([18]6,13,5)([19]11,17,2)([20]4,12,0)([21]12,13,0)([22]15,11,2)([23]6,10,3)([24]17,4,5)([25]8,7,4)([26]9,17,3)([27]0,22,0)([28]23,3,0)([29]12,24,0)([30]12,11,3)([31]16,23,4)([32]26,18,7)([33]6,16,0)([34]6,25,7)([35]6,29,7)([36]14,33,5)([37]12,10,5)([38]5,30,7)([39]32,25,3)([40]25,35,5)([41]34,24,4)([42]32,5,3)([43]40,28,3)([44]20,28,4)([45]19,2,7)([46]8,40,0)([47]20,2,6)([48]8,9,4)([49]19,41,3)([50]42,3,5)([51]39,47,7)([52]21,45,6)([53]1,48,3)([54]10,34,3)([55]41,2,2)([56]30,42,4)([57]49,50,5)([58]30,28,5)([59]58,13,0)([60]22,57,6)([61]16,7,4)([62]37,27,2)([63]49,33,4)([64]20,36,4)([65]10,29,4)([66]38,64,0)([67]61,49,7)([68]67,19,7)([69]22,68,3)([70]60,51,3)([71]34,54,2)([72]51,50,4)([73]70,32,7)([74]64,37,7)([75]52,74,3)([76]70,75,5)([77]8,76,7)([78]32,55,7)([79]12,7,1)([80]23,62,7)([81]64,42,3)([82]45,12,7)([83]65,6,2)([84]47,59,7)([85]57,59,7)([86]61,27,7)(77)
optimized area: 112.91
time: 603058 ms
seed: 1634213597
NOT FOUND
time: 525561 ms
seed: 1634310654
NOT FOUND
time: 528995 ms
seed: 1634351139
{7,1,80,1,2,1,8}([7]5,4,6)([8]6,1,3)([9]4,1,3)([10]4,0,6)([11]7,5,3)([12]1,6,4)([13]2,0,4)([14]13,3,2)([15]14,12,4)([16]4,13,7)([17]5,2,4)([18]3,10,3)([19]9,11,5)([20]2,4,3)([21]18,7,3)([22]21,10,1)([23]13,7,7)([24]15,17,4)([25]18,4,5)([26]12,19,5)([27]24,17,2)([28]3,3,5)([29]18,27,7)([30]27,9,3)([31]29,3,3)([32]20,31,7)([33]26,25,5)([34]21,8,5)([35]13,31,6)([36]5,23,6)([37]16,33,6)([38]16,26,7)([39]16,38,0)([40]37,38,7)([41]22,24,6)([42]32,34,7)([43]38,40,4)([44]24,26,2)([45]44,36,3)([46]41,6,7)([47]44,36,6)([48]21,28,2)([49]27,12,2)([50]24,38,7)([51]42,40,3)([52]49,46,6)([53]8,40,4)([54]17,8,2)([55]52,45,5)([56]29,14,7)([57]37,49,4)([58]21,9,5)([59]28,18,6)([60]54,35,0)([61]29,7,4)([62]61,35,4)([63]44,52,5)([64]54,53,3)([65]64,35,4)([66]48,64,0)([67]40,4,0)([68]52,18,3)([69]40,20,0)([70]31,59,6)([71]44,14,7)([72]37,26,7)([73]46,41,3)([74]0,57,5)([75]63,71,1)([76]62,1,3)([77]58,5,5)([78]19,65,6)([79]8,78,5)([80]12,41,1)([81]16,41,7)([82]55,51,2)([83]78,82,3)([84]64,12,0)([85]12,81,6)([86]58,41,0)(83)
evaluations: 31813394
first invidual area: 141.47
{7,1,80,1,2,1,8}([7]4,5,6)([8]1,6,3)([9]4,1,3)([10]4,0,6)([11]5,7,3)([12]1,6,4)([13]0,2,4)([14]13,3,2)([15]12,14,7)([16]4,13,7)([17]5,2,4)([18]10,3,3)([19]9,11,5)([20]17,19,4)([21]7,18,3)([22]4,2,3)([23]8,21,5)([24]15,17,7)([25]16,9,1)([26]12,19,5)([27]15,24,5)([28]1,18,7)([29]18,27,4)([30]4,3,2)([31]29,3,3)([32]22,31,4)([33]5,25,6)([34]14,17,0)([35]31,13,3)([36]21,5,1)([37]16,30,6)([38]25,26,4)([39]27,11,6)([40]37,38,6)([41]36,24,3)([42]29,12,1)([43]13,25,5)([44]24,26,2)([45]44,33,3)([46]41,6,4)([47]10,27,0)([48]23,32,4)([49]29,14,2)([50]43,28,4)([51]48,40,3)([52]49,46,6)([53]12,30,1)([54]38,35,5)([55]52,45,5)([56]47,51,2)([57]50,25,7)([58]47,19,2)([59]48,34,3)([60]27,28,1)([61]46,37,6)([62]4,54,5)([63]43,16,5)([64]1,59,3)([65]50,3,5)([66]40,19,7)([67]15,11,2)([68]51,55,5)([69]35,64,7)([70]53,31,4)([71]49,34,2)([72]32,49,5)([73]64,42,2)([74]22,4,5)([75]44,74,2)([76]31,64,1)([77]72,28,6)([78]19,69,3)([79]7,74,7)([80]16,59,6)([81]57,64,4)([82]12,1,3)([83]78,68,5)([84]38,48,1)([85]54,25,5)([86]57,8,3)(83)
optimized area: 128.33
time: 597051 ms
seed: 1634400086
NOT FOUND
time: 526934 ms
seed: 1634449132
NOT FOUND
time: 528589 ms
seed: 1634509350
{7,1,80,1,2,1,8}([7]4,0,1)([8]7,3,3)([9]8,6,4)([10]2,4,5)([11]6,1,6)([12]4,2,3)([13]5,11,0)([14]10,13,7)([15]11,3,7)([16]10,15,3)([17]15,12,4)([18]6,1,7)([19]10,2,5)([20]5,3,3)([21]8,2,7)([22]14,19,5)([23]20,0,5)([24]20,17,2)([25]16,20,7)([26]18,16,5)([27]8,13,0)([28]18,19,2)([29]23,8,4)([30]15,24,3)([31]20,29,1)([32]23,5,4)([33]0,30,7)([34]1,11,6)([35]14,32,2)([36]33,31,0)([37]34,35,7)([38]29,37,3)([39]22,33,4)([40]39,8,5)([41]14,0,3)([42]7,29,2)([43]40,15,6)([44]2,36,6)([45]4,6,5)([46]43,17,6)([47]3,30,4)([48]4,12,5)([49]29,1,2)([50]33,30,3)([51]20,35,3)([52]26,17,5)([53]39,28,3)([54]12,30,6)([55]38,25,7)([56]45,41,3)([57]21,48,5)([58]35,28,7)([59]7,40,3)([60]56,46,5)([61]55,43,6)([62]55,42,4)([63]49,53,3)([64]63,2,3)([65]3,60,0)([66]31,47,1)([67]56,18,4)([68]3,66,7)([69]52,67,5)([70]69,63,7)([71]68,16,2)([72]16,66,3)([73]61,60,4)([74]38,54,4)([75]70,73,5)([76]44,52,7)([77]14,67,3)([78]57,21,7)([79]2,44,7)([80]24,8,5)([81]48,73,1)([82]38,7,2)([83]73,14,2)([84]66,60,0)([85]34,74,0)([86]76,1,2)(75)
evaluations: 10902936
first invidual area: 132.09
{7,1,80,1,2,1,8}([7]4,2,1)([8]7,3,3)([9]2,4,3)([10]4,2,5)([11]10,8,5)([12]1,6,7)([13]1,6,3)([14]5,2,4)([15]3,13,4)([16]15,10,6)([17]9,15,4)([18]16,16,1)([19]9,7,5)([20]5,3,3)([21]14,11,2)([22]17,20,2)([23]3,12,0)([24]19,7,1)([25]16,20,4)([26]20,0,5)([27]26,18,4)([28]19,12,2)([29]8,26,4)([30]19,14,5)([31]15,22,6)([32]31,30,4)([33]15,0,0)([34]3,2,0)([35]9,20,5)([36]1,12,6)([37]36,21,6)([38]25,19,0)([39]32,0,4)([40]39,8,5)([41]29,37,6)([42]5,8,7)([43]40,33,6)([44]8,7,3)([45]39,6,5)([46]17,43,6)([47]45,14,3)([48]27,11,2)([49]29,1,2)([50]28,38,5)([51]47,25,0)([52]6,16,0)([53]1,7,5)([54]1,46,5)([55]41,25,4)([56]51,31,3)([57]0,54,6)([58]53,1,2)([59]13,51,7)([60]51,46,5)([61]39,28,3)([62]17,50,5)([63]49,61,6)([64]12,56,4)([65]32,64,2)([66]49,16,4)([67]26,44,0)([68]40,13,1)([69]62,64,5)([70]42,36,6)([71]69,63,4)([72]55,43,3)([73]72,60,7)([74]71,73,5)([75]9,24,1)([76]19,47,4)([77]8,1,6)([78]15,73,5)([79]59,14,6)([80]47,65,7)([81]61,56,5)([82]31,24,7)([83]9,75,7)([84]38,31,3)([85]14,29,7)([86]34,84,4)(74)
optimized area: 126.92
time: 702664 ms
seed: 1634608589
{7,1,80,1,2,1,8}([7]5,2,4)([8]4,2,6)([9]1,6,6)([10]5,0,3)([11]10,10,5)([12]6,0,3)([13]4,0,7)([14]10,11,4)([15]4,3,0)([16]7,13,5)([17]0,8,6)([18]1,11,7)([19]15,4,0)([20]18,12,4)([21]20,6,5)([22]5,6,3)([23]21,15,5)([24]7,2,3)([25]9,13,6)([26]16,14,2)([27]7,11,1)([28]5,4,6)([29]28,6,3)([30]25,3,5)([31]30,19,7)([32]23,26,7)([33]24,3,7)([34]10,26,3)([35]15,8,7)([36]23,3,7)([37]6,32,6)([38]12,3,6)([39]20,31,5)([40]1,29,7)([41]27,21,5)([42]26,22,4)([43]9,35,7)([44]7,34,0)([45]33,13,2)([46]41,38,4)([47]20,45,2)([48]40,47,6)([49]1,45,3)([50]42,3,6)([51]7,36,6)([52]19,39,2)([53]47,34,0)([54]32,43,2)([55]50,14,1)([56]55,1,6)([57]41,48,4)([58]18,31,2)([59]46,54,2)([60]55,58,4)([61]31,56,3)([62]50,56,4)([63]4,55,6)([64]61,0,4)([65]57,61,2)([66]65,45,0)([67]65,15,0)([68]20,49,7)([69]33,65,4)([70]69,26,4)([71]68,17,4)([72]69,53,1)([73]31,1,3)([74]72,67,5)([75]64,10,2)([76]40,68,5)([77]21,52,3)([78]70,59,5)([79]66,52,3)([80]30,12,3)([81]14,26,1)([82]57,60,5)([83]10,74,3)([84]35,48,7)([85]81,14,2)([86]78,82,7)(86)
evaluations: 12776069
first invidual area: 151.32
{7,1,80,1,2,1,8}([7]2,5,4)([8]5,2,6)([9]1,6,6)([10]2,4,1)([11]0,5,6)([12]5,6,6)([13]0,4,7)([14]9,13,6)([15]0,6,7)([16]13,7,5)([17]6,4,6)([18]11,1,7)([19]14,3,5)([20]17,18,6)([21]20,6,5)([22]7,17,1)([23]4,21,5)([24]16,23,7)([25]12,23,2)([26]10,0,2)([27]12,16,7)([28]3,0,6)([29]25,6,6)([30]7,1,5)([31]4,19,7)([32]20,30,6)([33]3,8,4)([34]26,27,7)([35]4,10,6)([36]9,26,3)([37]27,3,6)([38]31,18,5)([39]35,9,7)([40]29,36,7)([41]21,22,5)([42]21,26,2)([43]31,13,3)([44]1,29,4)([45]20,13,2)([46]41,28,3)([47]45,33,2)([48]2,21,6)([49]39,34,7)([50]38,23,4)([51]43,19,1)([52]44,47,3)([53]35,23,3)([54]24,39,2)([55]36,27,3)([56]2,22,3)([57]41,52,7)([58]46,54,2)([59]40,22,1)([60]38,37,4)([61]19,51,0)([62]45,11,7)([63]58,46,5)([64]28,48,0)([65]43,57,5)([66]56,21,1)([67]0,17,7)([68]38,53,0)([69]33,65,4)([70]69,23,7)([71]27,41,4)([72]67,48,3)([73]4,36,1)([74]24,58,3)([75]0,56,0)([76]62,72,3)([77]67,0,1)([78]70,58,5)([79]61,68,7)([80]60,7,6)([81]10,64,7)([82]57,60,5)([83]62,53,3)([84]77,55,1)([85]8,58,7)([86]82,78,7)(86)
optimized area: 129.75
time: 689079 ms
seed: 1635135485
NOT FOUND
time: 539387 ms
seed: 1635184689
NOT FOUND
time: 527773 ms
seed: 1635323888
NOT FOUND
time: 992748 ms
seed: 1635615836
{7,1,80,1,2,1,8}([7]3,5,3)([8]4,1,2)([9]5,3,5)([10]1,5,1)([11]10,3,7)([12]0,5,6)([13]12,6,3)([14]8,6,7)([15]0,2,6)([16]4,13,4)([17]16,15,6)([18]0,5,4)([19]17,3,0)([20]12,2,5)([21]7,14,5)([22]1,4,3)([23]5,18,7)([24]3,18,2)([25]1,0,6)([26]21,3,7)([27]19,11,5)([28]27,25,7)([29]14,7,4)([30]17,26,7)([31]28,21,4)([32]30,9,5)([33]0,7,4)([34]13,21,3)([35]6,20,1)([36]18,15,2)([37]2,18,5)([38]34,32,5)([39]35,22,6)([40]36,5,0)([41]40,38,3)([42]22,22,5)([43]10,18,3)([44]2,22,5)([45]39,25,3)([46]31,44,7)([47]45,11,3)([48]26,47,7)([49]43,3,2)([50]9,10,1)([51]2,4,6)([52]6,35,0)([53]48,51,6)([54]46,7,4)([55]20,49,4)([56]51,23,5)([57]32,44,7)([58]49,20,4)([59]53,54,3)([60]22,28,0)([61]58,13,5)([62]57,44,2)([63]23,57,3)([64]35,61,7)([65]7,43,6)([66]41,59,4)([67]41,48,5)([68]22,25,0)([69]10,64,6)([70]6,43,3)([71]62,40,0)([72]70,11,1)([73]1,17,6)([74]66,69,3)([75]53,60,7)([76]54,72,5)([77]47,4,2)([78]20,47,3)([79]56,50,2)([80]76,74,5)([81]75,53,0)([82]61,7,5)([83]65,45,0)([84]10,81,5)([85]78,63,1)([86]35,42,0)(80)
evaluations: 17099075
first invidual area: 140.04
{7,1,80,1,2,1,8}([7]3,5,3)([8]3,5,5)([9]1,4,5)([10]2,4,6)([11]1,3,4)([12]5,0,6)([13]6,12,3)([14]4,13,4)([15]0,2,6)([16]9,6,4)([17]15,14,6)([18]0,5,4)([19]10,6,4)([20]12,2,5)([21]7,16,5)([22]4,1,3)([23]5,1,1)([24]15,15,7)([25]1,0,6)([26]21,3,7)([27]11,17,5)([28]22,9,1)([29]13,21,3)([30]17,26,7)([31]3,26,7)([32]30,8,5)([33]31,10,3)([34]25,27,4)([35]34,21,4)([36]29,32,5)([37]33,32,1)([38]37,26,4)([39]2,22,5)([40]18,3,5)([41]18,15,2)([42]14,6,2)([43]27,25,2)([44]21,34,1)([45]28,11,3)([46]35,39,4)([47]25,45,6)([48]26,47,4)([49]48,35,3)([50]20,40,2)([51]41,36,6)([52]29,42,6)([53]48,10,6)([54]46,7,4)([55]47,2,2)([56]1,30,7)([57]35,55,7)([58]41,30,0)([59]53,54,6)([60]50,54,5)([61]21,34,5)([62]39,2,1)([63]6,16,3)([64]1,6,5)([65]63,18,6)([66]51,59,4)([67]0,59,2)([68]7,17,1)([69]64,50,6)([70]48,15,0)([71]70,17,7)([72]20,43,1)([73]61,53,0)([74]66,69,3)([75]36,34,3)([76]65,54,5)([77]15,74,0)([78]44,28,1)([79]20,9,5)([80]65,68,3)([81]74,76,5)([82]11,60,0)([83]45,82,6)([84]44,64,1)([85]78,42,3)([86]23,33,5)(81)
optimized area: 126.92
time: 1260301 ms
seed: 1635663463
{7,1,80,1,2,1,8}([7]1,3,5)([8]2,6,4)([9]3,6,2)([10]0,5,5)([11]2,7,5)([12]5,3,3)([13]2,9,4)([14]5,0,3)([15]8,0,4)([16]13,7,4)([17]4,11,3)([18]14,17,5)([19]1,3,3)([20]9,19,7)([21]15,14,7)([22]2,15,5)([23]22,4,7)([24]20,4,4)([25]6,12,6)([26]12,16,0)([27]9,21,2)([28]16,20,7)([29]7,10,3)([30]8,25,4)([31]2,5,0)([32]28,25,5)([33]30,28,3)([34]33,29,2)([35]26,23,6)([36]2,9,6)([37]35,16,7)([38]22,5,3)([39]0,9,1)([40]14,34,4)([41]36,18,3)([42]21,34,0)([43]40,41,4)([44]29,20,2)([45]10,26,2)([46]12,42,4)([47]40,17,2)([48]21,43,2)([49]43,3,6)([50]49,26,2)([51]43,33,2)([52]41,4,5)([53]44,50,4)([54]24,34,2)([55]53,24,3)([56]32,33,3)([57]3,9,1)([58]33,56,5)([59]17,5,3)([60]47,35,0)([61]15,16,0)([62]3,27,0)([63]39,16,6)([64]24,10,6)([65]60,64,4)([66]45,38,2)([67]27,23,3)([68]5,34,3)([69]1,22,5)([70]65,48,3)([71]11,41,3)([72]1,56,4)([73]62,32,7)([74]55,70,5)([75]60,51,5)([76]68,65,6)([77]74,37,7)([78]3,41,4)([79]77,16,0)([80]74,43,0)([81]28,6,2)([82]25,45,0)([83]62,81,2)([84]41,64,6)([85]52,38,7)([86]41,84,1)(79)
evaluations: 18790631
first invidual area: 133.06
{7,1,80,1,2,1,8}([7]3,1,5)([8]6,2,4)([9]3,6,2)([10]0,5,5)([11]2,7,5)([12]7,10,3)([13]9,2,4)([14]5,0,3)([15]8,0,4)([16]7,13,4)([17]11,4,3)([18]15,3,6)([19]3,1,6)([20]9,19,3)([21]14,15,7)([22]13,15,5)([23]21,19,5)([24]10,11,4)([25]21,11,3)([26]8,25,2)([27]22,11,2)([28]20,16,7)([29]22,4,7)([30]4,20,5)([31]14,17,5)([32]28,26,3)([33]5,3,3)([34]32,12,5)([35]29,33,6)([36]1,23,2)([37]32,21,4)([38]34,8,5)([39]12,17,1)([40]14,34,7)([41]27,31,3)([42]28,20,0)([43]40,41,4)([44]4,20,6)([45]30,22,4)([46]43,32,2)([47]40,17,5)([48]28,9,6)([49]40,20,0)([50]37,36,7)([51]2,30,4)([52]1,11,6)([53]31,8,2)([54]18,14,5)([55]48,2,6)([56]47,36,3)([57]22,30,3)([58]16,35,7)([59]24,8,4)([60]10,30,3)([61]44,18,5)([62]54,44,5)([63]53,41,5)([64]54,7,2)([65]47,60,4)([66]41,64,6)([67]9,57,6)([68]1,8,2)([69]43,21,2)([70]65,69,3)([71]11,68,0)([72]1,41,5)([73]26,11,4)([74]62,70,5)([75]61,38,3)([76]21,57,2)([77]47,13,5)([78]77,20,0)([79]70,50,2)([80]79,11,3)([81]63,50,0)([82]42,22,4)([83]74,58,7)([84]11,81,2)([85]43,84,1)([86]62,74,5)(83)
optimized area: 118.97
time: 1231981 ms
seed: 1635711276
NOT FOUND
time: 1097568 ms
seed: 1635758542
{7,1,80,1,2,1,8}([7]2,4,7)([8]7,5,5)([9]6,1,3)([10]3,9,5)([11]0,10,5)([12]5,2,4)([13]1,0,5)([14]8,5,7)([15]4,2,6)([16]5,1,6)([17]15,10,3)([18]13,14,2)([19]17,18,4)([20]9,0,4)([21]18,0,4)([22]19,6,2)([23]4,22,4)([24]19,6,1)([25]4,10,4)([26]25,22,6)([27]16,13,1)([28]22,12,2)([29]10,13,4)([30]25,8,7)([31]28,20,4)([32]22,6,0)([33]7,16,2)([34]30,27,4)([35]20,30,3)([36]29,34,7)([37]32,15,6)([38]24,30,7)([39]0,19,6)([40]33,0,0)([41]14,38,6)([42]34,31,7)([43]23,2,2)([44]32,0,7)([45]34,38,6)([46]19,37,4)([47]44,11,6)([48]27,36,3)([49]47,26,6)([50]20,45,6)([51]41,3,7)([52]33,43,4)([53]33,17,7)([54]50,12,3)([55]42,32,2)([56]21,1,7)([57]56,31,3)([58]26,35,3)([59]54,28,0)([60]56,45,7)([61]57,58,2)([62]10,46,7)([63]61,53,4)([64]57,41,0)([65]54,6,7)([66]7,34,1)([67]46,50,2)([68]30,5,4)([69]15,52,6)([70]46,45,5)([71]59,12,2)([72]24,64,2)([73]55,51,6)([74]42,65,0)([75]60,73,5)([76]67,45,2)([77]65,75,6)([78]31,72,2)([79]50,4,2)([80]17,74,1)([81]37,62,4)([82]63,77,4)([83]28,57,6)([84]8,36,6)([85]72,84,2)([86]74,3,7)(82)
evaluations: 28544919
first invidual area: 146.19
{7,1,80,1,2,1,8}([7]4,2,7)([8]7,5,5)([9]1,6,3)([10]3,9,5)([11]0,1,5)([12]2,5,4)([13]2,12,2)([14]5,8,2)([15]2,4,6)([16]9,12,1)([17]10,15,3)([18]14,11,2)([19]18,17,4)([20]0,16,7)([21]18,0,7)([22]19,6,2)([23]7,20,0)([24]9,15,6)([25]4,10,4)([26]22,3,2)([27]22,25,6)([28]1,5,6)([29]12,22,5)([30]25,8,7)([31]23,5,3)([32]26,25,5)([33]28,7,5)([34]32,8,5)([35]9,6,6)([36]20,29,7)([37]4,21,5)([38]30,19,4)([39]12,25,5)([40]30,20,3)([41]40,27,3)([42]6,37,2)([43]18,38,6)([44]16,36,6)([45]16,38,6)([46]13,22,0)([47]22,40,6)([48]45,13,2)([49]12,44,0)([50]17,33,4)([51]43,3,7)([52]31,21,1)([53]4,36,2)([54]18,49,3)([55]19,8,0)([56]21,1,4)([57]56,36,3)([58]18,26,3)([59]27,58,6)([60]45,56,7)([61]57,41,5)([62]38,13,3)([63]48,35,3)([64]8,19,7)([65]51,23,5)([66]50,64,6)([67]0,35,1)([68]35,27,6)([69]61,50,4)([70]20,3,6)([71]28,64,3)([72]24,15,2)([73]51,42,6)([74]54,71,1)([75]60,73,5)([76]54,6,7)([77]76,75,6)([78]54,25,2)([79]2,73,2)([80]33,43,2)([81]63,38,4)([82]69,77,7)([83]60,61,7)([84]61,1,0)([85]38,17,3)([86]30,16,3)(82)
optimized area: 131.18
time: 1214523 ms
seed: 1635805463
{7,1,80,1,2,1,8}([7]0,4,6)([8]3,2,3)([9]5,7,7)([10]6,9,5)([11]5,10,4)([12]0,8,7)([13]10,4,4)([14]4,6,6)([15]6,4,7)([16]13,2,7)([17]16,1,4)([18]9,8,3)([19]16,8,3)([20]5,19,5)([21]17,17,1)([22]21,20,6)([23]17,13,2)([24]6,3,5)([25]12,22,7)([26]12,10,6)([27]9,16,6)([28]18,26,4)([29]28,24,7)([30]29,3,6)([31]8,18,4)([32]24,7,5)([33]3,31,6)([34]0,27,3)([35]32,25,7)([36]30,14,6)([37]27,30,1)([38]29,15,5)([39]36,33,7)([40]13,12,5)([41]26,37,2)([42]22,10,2)([43]1,23,3)([44]13,42,3)([45]39,35,6)([46]10,18,4)([47]22,0,7)([48]29,27,6)([49]47,39,3)([50]18,15,7)([51]9,38,3)([52]21,29,0)([53]26,37,5)([54]52,48,3)([55]50,11,3)([56]43,51,4)([57]29,27,4)([58]56,1,6)([59]49,56,3)([60]33,46,0)([61]43,49,1)([62]36,2,7)([63]14,34,5)([64]10,51,4)([65]3,44,4)([66]30,58,4)([67]16,31,3)([68]67,50,5)([69]57,33,0)([70]28,26,2)([71]64,52,0)([72]26,58,3)([73]18,66,6)([74]13,43,2)([75]44,36,7)([76]45,72,1)([77]55,54,2)([78]57,44,6)([79]36,72,6)([80]61,48,0)([81]16,61,6)([82]77,76,2)([83]9,42,5)([84]48,75,1)([85]33,8,3)([86]82,59,4)(86)
evaluations: 21927065
first invidual area: 143.36
{7,1,80,1,2,1,8}([7]0,4,6)([8]3,2,3)([9]5,7,7)([10]6,9,5)([11]10,5,4)([12]0,8,7)([13]4,10,4)([14]4,6,6)([15]8,8,4)([16]2,13,7)([17]1,16,7)([18]9,8,6)([19]16,8,3)([20]19,5,5)([21]2,16,2)([22]20,17,6)([23]4,6,7)([24]6,3,5)([25]12,22,4)([26]10,25,6)([27]0,0,3)([28]26,18,3)([29]19,14,5)([30]5,8,6)([31]0,28,0)([32]24,7,5)([33]3,30,3)([34]28,24,4)([35]1,20,6)([36]28,14,3)([37]9,29,3)([38]23,25,3)([39]36,33,7)([40]18,23,4)([41]25,32,4)([42]15,23,4)([43]2,9,2)([44]31,22,7)([45]21,1,1)([46]1,10,2)([47]35,45,7)([48]34,46,6)([49]44,39,3)([50]23,20,5)([51]32,26,0)([52]38,44,2)([53]21,1,3)([54]17,48,3)([55]40,11,3)([56]53,37,5)([57]51,48,6)([58]41,39,3)([59]46,29,6)([60]49,56,3)([61]8,12,4)([62]13,29,1)([63]60,34,2)([64]57,61,3)([65]55,54,2)([66]30,30,6)([67]35,7,2)([68]63,67,4)([69]28,29,6)([70]5,62,6)([71]52,52,6)([72]9,8,6)([73]28,36,3)([74]39,66,1)([75]8,30,0)([76]74,14,1)([77]40,52,5)([78]26,35,0)([79]56,24,5)([80]56,29,5)([81]3,64,2)([82]65,58,5)([83]21,47,1)([84]66,47,2)([85]54,74,5)([86]82,60,7)(86)
optimized area: 130.23
time: 1341210 ms
seed: 1635848678
{7,1,80,1,2,1,8}([7]2,1,2)([8]2,4,2)([9]7,6,3)([10]0,3,7)([11]3,8,6)([12]1,10,0)([13]10,8,4)([14]5,9,5)([15]6,5,3)([16]0,5,7)([17]14,3,3)([18]15,17,5)([19]18,10,6)([20]3,12,5)([21]1,11,5)([22]10,2,7)([23]2,1,4)([24]22,17,2)([25]9,11,7)([26]13,9,6)([27]21,19,7)([28]26,0,2)([29]16,24,5)([30]4,14,7)([31]27,30,5)([32]0,1,2)([33]28,31,7)([34]25,33,7)([35]25,14,7)([36]34,16,2)([37]24,20,1)([38]33,4,4)([39]37,8,4)([40]38,23,7)([41]25,12,3)([42]41,3,7)([43]36,42,7)([44]25,43,6)([45]31,28,4)([46]26,27,4)([47]24,36,4)([48]7,40,2)([49]3,30,1)([50]11,7,2)([51]14,22,6)([52]47,4,5)([53]45,42,4)([54]38,9,7)([55]46,27,4)([56]0,52,4)([57]0,46,0)([58]44,43,1)([59]12,56,4)([60]29,10,1)([61]14,15,5)([62]21,37,7)([63]16,30,6)([64]46,45,3)([65]8,21,6)([66]22,65,5)([67]37,14,3)([68]24,35,7)([69]10,22,0)([70]33,59,2)([71]58,20,7)([72]40,44,6)([73]18,56,7)([74]53,73,2)([75]64,72,7)([76]11,19,0)([77]42,4,5)([78]30,28,3)([79]75,74,3)([80]24,45,1)([81]9,48,6)([82]79,61,0)([83]10,4,1)([84]48,67,7)([85]19,8,4)([86]30,36,3)(79)
evaluations: 4709917
first invidual area: 147.62
{7,1,80,1,2,1,8}([7]2,1,2)([8]4,2,2)([9]6,7,3)([10]3,0,7)([11]3,8,6)([12]0,0,1)([13]1,11,5)([14]5,9,5)([15]5,6,3)([16]14,4,7)([17]3,14,3)([18]15,17,5)([19]15,2,2)([20]8,10,7)([21]10,6,1)([22]18,10,3)([23]12,14,0)([24]17,20,5)([25]9,11,7)([26]23,9,6)([27]22,13,4)([28]20,26,2)([29]5,12,4)([30]27,16,2)([31]17,2,5)([32]4,29,6)([33]28,30,3)([34]33,25,6)([35]4,32,0)([36]34,29,2)([37]19,36,1)([38]29,32,2)([39]1,25,6)([40]27,28,2)([41]30,2,6)([42]39,3,7)([43]36,42,4)([44]28,17,0)([45]2,1,4)([46]31,36,5)([47]36,24,7)([48]24,17,2)([49]46,41,2)([50]18,3,7)([51]33,42,4)([52]51,29,7)([53]17,42,2)([54]32,12,0)([55]45,35,4)([56]43,25,6)([57]55,27,7)([58]34,38,6)([59]24,32,3)([60]47,4,5)([61]47,6,5)([62]16,45,2)([63]62,18,6)([64]24,55,6)([65]55,33,7)([66]39,41,7)([67]12,30,3)([68]0,16,7)([69]27,9,0)([70]45,8,6)([71]60,12,4)([72]65,56,6)([73]18,71,4)([74]51,73,2)([75]40,72,3)([76]75,74,3)([77]19,33,4)([78]48,46,2)([79]41,69,2)([80]28,52,4)([81]79,39,7)([82]24,35,2)([83]20,30,0)([84]61,38,6)([85]42,54,5)([86]40,32,4)(76)
optimized area: 127.90
time: 1478708 ms
seed: 1635890727
{7,1,80,1,2,1,8}([7]2,4,3)([8]0,6,2)([9]7,8,7)([10]5,4,6)([11]9,2,3)([12]3,3,5)([13]11,0,7)([14]1,6,5)([15]5,2,4)([16]6,14,7)([17]7,1,7)([18]1,9,2)([19]13,6,4)([20]13,1,2)([21]1,12,5)([22]14,2,4)([23]20,16,4)([24]13,9,4)([25]19,3,5)([26]16,3,7)([27]4,23,5)([28]27,15,7)([29]23,21,7)([30]3,26,7)([31]0,27,2)([32]15,6,4)([33]14,14,7)([34]19,26,4)([35]25,11,5)([36]4,31,0)([37]36,26,3)([38]27,27,7)([39]15,26,7)([40]11,32,4)([41]19,11,1)([42]4,28,7)([43]11,8,1)([44]42,37,2)([45]39,28,5)([46]7,16,4)([47]21,17,2)([48]2,13,5)([49]25,26,7)([50]34,45,3)([51]48,44,5)([52]44,34,3)([53]10,11,0)([54]40,52,5)([55]10,8,6)([56]51,22,6)([57]7,27,7)([58]28,6,1)([59]47,30,1)([60]47,50,7)([61]21,55,2)([62]59,2,0)([63]56,28,1)([64]52,49,5)([65]52,42,2)([66]62,16,7)([67]20,10,0)([68]63,14,0)([69]57,54,6)([70]56,22,1)([71]45,55,2)([72]15,59,4)([73]2,16,1)([74]17,42,7)([75]12,3,2)([76]70,56,4)([77]61,8,7)([78]76,59,5)([79]69,70,4)([80]68,2,6)([81]2,19,3)([82]51,49,1)([83]40,26,1)([84]14,82,4)([85]79,77,3)([86]60,85,4)(86)
evaluations: 40013984
first invidual area: 145.26
{7,1,80,1,2,1,8}([7]4,2,3)([8]6,0,2)([9]4,3,0)([10]8,7,7)([11]2,10,3)([12]3,10,1)([13]0,11,7)([14]1,6,5)([15]5,2,4)([16]14,6,2)([17]1,7,7)([18]15,15,3)([19]13,6,4)([20]17,13,2)([21]1,12,5)([22]14,2,4)([23]0,2,5)([24]16,20,3)([25]24,0,0)([26]16,12,4)([27]4,24,5)([28]27,18,7)([29]5,4,3)([30]15,26,7)([31]21,17,5)([32]18,6,7)([33]21,29,2)([34]26,19,4)([35]26,20,4)([36]14,9,5)([37]9,26,3)([38]4,8,4)([39]9,12,0)([40]32,11,7)([41]28,39,7)([42]41,39,0)([43]12,2,3)([44]41,37,2)([45]28,30,5)([46]27,16,0)([47]4,9,4)([48]45,24,2)([49]32,18,7)([50]34,45,3)([51]23,44,5)([52]42,34,3)([53]26,27,5)([54]40,52,5)([55]26,22,6)([56]51,22,6)([57]35,45,1)([58]50,16,5)([59]22,41,4)([60]25,31,1)([61]20,60,4)([62]58,23,1)([63]58,32,7)([64]52,24,0)([65]27,7,2)([66]65,17,6)([67]2,43,7)([68]8,25,0)([69]65,54,3)([70]24,65,5)([71]27,32,0)([72]46,59,3)([73]16,57,6)([74]62,18,4)([75]36,42,1)([76]31,50,7)([77]33,68,6)([78]65,62,1)([79]69,56,4)([80]14,1,0)([81]0,74,6)([82]40,0,0)([83]55,66,4)([84]57,11,6)([85]79,77,6)([86]76,85,4)(86)
optimized area: 131.18
time: 1128974 ms
seed: 1635926857
NOT FOUND
time: 1067567 ms
seed: 1635963165
{7,1,80,1,2,1,8}([7]2,4,4)([8]3,0,6)([9]2,6,7)([10]0,0,1)([11]4,3,5)([12]8,1,7)([13]5,11,4)([14]1,8,5)([15]3,13,4)([16]7,14,5)([17]5,13,7)([18]2,11,2)([19]18,13,6)([20]12,6,1)([21]4,0,6)([22]9,19,5)([23]10,3,2)([24]1,1,5)([25]12,19,4)([26]4,25,5)([27]7,25,0)([28]24,21,5)([29]15,21,7)([30]14,3,7)([31]11,16,5)([32]25,10,3)([33]27,30,5)([34]26,33,7)([35]16,12,0)([36]32,27,6)([37]2,15,7)([38]26,17,7)([39]1,30,5)([40]37,22,4)([41]26,37,6)([42]9,0,7)([43]39,39,1)([44]31,28,5)([45]40,28,3)([46]36,40,5)([47]44,29,6)([48]13,42,7)([49]31,39,4)([50]27,39,1)([51]28,37,0)([52]6,21,2)([53]14,50,2)([54]29,33,5)([55]31,19,1)([56]48,9,3)([57]46,56,5)([58]30,48,7)([59]40,17,5)([60]14,14,0)([61]57,49,4)([62]4,36,0)([63]1,62,3)([64]53,28,5)([65]5,36,6)([66]24,58,7)([67]34,35,5)([68]65,17,1)([69]21,51,4)([70]56,45,2)([71]49,35,2)([72]7,16,2)([73]23,28,1)([74]11,46,6)([75]70,58,5)([76]69,26,0)([77]47,34,6)([78]75,77,2)([79]59,71,7)([80]26,56,4)([81]78,61,7)([82]64,61,6)([83]74,17,2)([84]68,73,6)([85]82,81,1)([86]8,10,7)(81)
evaluations: 35909742
first invidual area: 135.39
{7,1,80,1,2,1,8}([7]4,2,4)([8]0,3,3)([9]2,6,7)([10]5,2,2)([11]4,3,5)([12]1,8,4)([13]11,5,4)([14]1,12,5)([15]3,13,4)([16]7,14,5)([17]0,16,5)([18]3,11,4)([19]13,10,6)([20]9,13,4)([21]4,0,6)([22]12,11,1)([23]7,1,0)([24]21,12,5)([25]19,12,4)([26]20,19,5)([27]14,10,7)([28]24,6,1)([29]15,21,7)([30]14,3,7)([31]11,16,5)([32]4,25,5)([33]23,30,5)([34]32,33,7)([35]26,15,7)([36]17,25,6)([37]28,23,6)([38]24,31,5)([39]1,30,5)([40]35,2,4)([41]30,7,1)([42]6,20,3)([43]17,35,3)([44]37,9,2)([45]40,1,3)([46]36,40,5)([47]38,29,6)([48]0,20,4)([49]31,39,7)([50]44,48,0)([51]43,13,4)([52]17,45,2)([53]38,42,7)([54]9,48,3)([55]17,45,2)([56]52,20,6)([57]46,54,5)([58]27,19,0)([59]30,48,7)([60]49,7,5)([61]57,49,4)([62]52,18,0)([63]3,38,3)([64]15,38,6)([65]61,29,7)([66]53,16,2)([67]21,51,3)([68]29,60,0)([69]10,46,2)([70]16,69,3)([71]38,1,5)([72]4,59,7)([73]19,51,0)([74]42,70,5)([75]59,45,5)([76]8,22,1)([77]47,34,6)([78]75,77,5)([79]21,53,0)([80]45,7,5)([81]61,78,7)([82]45,35,2)([83]38,75,4)([84]42,18,3)([85]33,74,0)([86]29,40,0)(81)
optimized area: 128.84
time: 1156515 ms
seed: 1635999027
NOT FOUND
time: 1059640 ms
seed: 1636033540
NOT FOUND
time: 1072183 ms
seed: 1636067570
NOT FOUND
time: 1072094 ms
seed: 1636100575
{7,1,80,1,2,1,8}([7]1,0,5)([8]1,3,4)([9]6,8,4)([10]6,4,0)([11]4,3,7)([12]0,10,2)([13]12,4,4)([14]7,5,7)([15]2,3,2)([16]0,10,3)([17]8,7,2)([18]14,13,5)([19]15,11,3)([20]14,19,4)([21]16,18,7)([22]6,20,2)([23]2,22,4)([24]14,0,5)([25]11,24,5)([26]19,4,3)([27]1,6,2)([28]16,8,7)([29]26,28,3)([30]1,21,7)([31]18,30,5)([32]13,23,7)([33]20,4,3)([34]21,25,5)([35]30,34,4)([36]11,5,2)([37]14,4,6)([38]7,0,4)([39]7,16,7)([40]31,38,4)([41]11,16,6)([42]35,40,7)([43]30,32,4)([44]20,40,4)([45]13,0,5)([46]39,2,7)([47]32,24,6)([48]46,4,6)([49]35,26,5)([50]48,44,2)([51]32,18,2)([52]9,18,4)([53]43,28,4)([54]31,22,2)([55]49,52,3)([56]33,0,2)([57]46,42,2)([58]50,3,6)([59]34,43,7)([60]1,9,3)([61]57,51,3)([62]61,55,2)([63]15,18,7)([64]31,5,4)([65]23,64,2)([66]47,58,3)([67]53,20,7)([68]17,37,0)([69]67,60,7)([70]58,31,7)([71]56,33,1)([72]8,10,7)([73]71,14,6)([74]35,13,7)([75]54,64,1)([76]45,69,6)([77]41,21,7)([78]24,11,3)([79]37,2,4)([80]64,16,3)([81]43,76,4)([82]68,58,6)([83]82,62,7)([84]69,27,5)([85]64,52,5)([86]59,13,0)(83)
evaluations: 20727583
first invidual area: 139.64
{7,1,80,1,2,1,8}([7]0,1,5)([8]3,1,4)([9]6,0,5)([10]7,8,5)([11]3,4,7)([12]3,2,2)([13]4,9,7)([14]5,7,7)([15]0,5,0)([16]0,6,3)([17]16,7,5)([18]13,14,5)([19]11,12,3)([20]19,14,4)([21]16,18,7)([22]20,6,5)([23]22,13,4)([24]15,14,5)([25]15,7,5)([26]4,13,2)([27]4,19,3)([28]11,24,5)([29]6,8,7)([30]1,21,7)([31]18,30,5)([32]21,28,5)([33]23,2,4)([34]27,24,1)([35]30,32,4)([36]18,33,2)([37]16,36,5)([38]32,20,5)([39]8,17,7)([40]31,25,5)([41]20,13,1)([42]35,40,0)([43]27,35,0)([44]17,15,7)([45]40,20,4)([46]17,2,4)([47]14,8,6)([48]46,4,6)([49]35,27,5)([50]45,48,2)([51]40,42,7)([52]20,46,0)([53]31,20,0)([54]7,52,7)([55]49,29,3)([56]2,13,1)([57]46,51,2)([58]50,3,3)([59]15,45,1)([60]44,10,0)([61]57,36,3)([62]61,55,5)([63]41,5,1)([64]5,50,5)([65]30,46,5)([66]53,5,0)([67]22,34,6)([68]53,38,3)([69]15,11,7)([70]2,56,5)([71]4,62,1)([72]20,7,0)([73]47,44,5)([74]66,39,6)([75]55,65,1)([76]61,46,4)([77]58,63,0)([78]31,40,4)([79]47,16,5)([80]66,75,5)([81]68,54,2)([82]10,77,2)([83]66,29,4)([84]0,55,1)([85]8,26,0)([86]82,62,4)(86)
optimized area: 124.61
time: 1292062 ms
seed: 1636133346
NOT FOUND
time: 1057549 ms
seed: 1636165693
{7,1,80,1,2,1,8}([7]5,1,4)([8]2,7,7)([9]1,8,6)([10]0,6,3)([11]9,4,7)([12]8,0,4)([13]4,3,6)([14]8,2,6)([15]6,0,2)([16]12,2,2)([17]8,5,5)([18]13,16,0)([19]17,11,5)([20]13,19,6)([21]6,13,4)([22]3,19,5)([23]21,22,6)([24]18,5,2)([25]20,2,2)([26]15,23,4)([27]16,21,5)([28]4,2,3)([29]8,10,7)([30]19,3,4)([31]21,22,2)([32]7,21,2)([33]28,27,2)([34]1,3,2)([35]33,15,6)([36]22,35,5)([37]19,10,3)([38]28,24,4)([39]30,26,7)([40]29,19,0)([41]1,13,5)([42]35,26,6)([43]30,3,7)([44]14,27,2)([45]35,34,6)([46]40,23,0)([47]12,46,3)([48]1,22,4)([49]11,41,0)([50]1,30,6)([51]16,23,2)([52]41,4,7)([53]47,17,0)([54]17,18,0)([55]48,18,5)([56]55,22,7)([57]44,26,7)([58]31,52,3)([59]53,21,5)([60]25,29,3)([61]8,60,0)([62]5,14,3)([63]40,38,4)([64]45,56,1)([65]19,38,3)([66]57,9,6)([67]21,7,2)([68]62,54,5)([69]5,2,7)([70]51,21,5)([71]23,27,0)([72]3,37,6)([73]39,70,0)([74]73,60,0)([75]7,37,3)([76]54,14,3)([77]75,45,5)([78]72,31,0)([79]31,56,5)([80]4,37,6)([81]41,57,2)([82]60,38,2)([83]81,82,6)([84]77,39,6)([85]19,44,1)([86]84,83,3)(86)
evaluations: 33065647
first invidual area: 118.97
{7,1,80,1,2,1,8}([7]5,1,4)([8]7,2,7)([9]1,8,6)([10]6,0,6)([11]9,4,7)([12]6,4,7)([13]3,4,6)([14]2,8,3)([15]6,0,2)([16]10,11,5)([17]5,13,5)([18]8,5,5)([19]11,18,5)([20]7,0,4)([21]6,14,0)([22]3,19,5)([23]21,22,6)([24]21,18,7)([25]15,3,3)([26]15,23,3)([27]20,12,5)([28]4,2,3)([29]10,8,4)([30]14,12,0)([31]18,14,3)([32]31,26,1)([33]27,28,2)([34]1,3,2)([35]21,19,2)([36]0,1,1)([37]18,22,4)([38]28,17,7)([39]33,15,6)([40]4,29,2)([41]1,13,5)([42]4,8,7)([43]14,26,4)([44]26,19,2)([45]14,2,5)([46]15,11,2)([47]41,0,7)([48]33,13,2)([49]3,19,7)([50]42,42,6)([51]21,47,3)([52]10,39,4)([53]2,2,7)([54]7,16,3)([55]17,48,1)([56]17,16,4)([57]47,3,3)([58]21,36,6)([59]46,36,0)([60]26,49,4)([61]57,23,3)([62]32,1,4)([63]55,24,5)([64]39,34,6)([65]43,0,2)([66]17,0,4)([67]66,66,1)([68]29,59,3)([69]38,58,3)([70]25,20,2)([71]39,70,5)([72]58,14,1)([73]43,42,6)([74]59,7,7)([75]23,27,6)([76]29,53,3)([77]54,64,5)([78]44,52,7)([79]67,49,7)([80]5,10,4)([81]41,43,2)([82]68,38,2)([83]81,82,6)([84]77,60,6)([85]39,58,7)([86]84,83,3)(86)
optimized area: 108.66
time: 1138348 ms
seed: 1636196369
NOT FOUND
time: 1073374 ms
