seed: 1633851057
NOT FOUND
time: 526850 ms
seed: 1633937854
{7,1,80,1,2,1,8}([7]4,0,4)([8]4,7,2)([9]0,2,4)([10]9,2,2)([11]3,8,3)([12]6,10,6)([13]12,7,5)([14]4,13,7)([15]3,12,4)([16]3,0,4)([17]2,6,5)([18]15,14,5)([19]4,15,6)([20]9,5,5)([21]20,14,2)([22]11,21,4)([23]20,15,6)([24]19,22,4)([25]17,16,5)([26]11,1,5)([27]26,0,7)([28]17,2,4)([29]24,26,2)([30]10,5,2)([31]27,25,6)([32]1,25,1)([33]28,12,7)([34]29,31,7)([35]27,0,6)([36]25,4,4)([37]4,18,0)([38]37,6,6)([39]5,22,4)([40]12,3,7)([41]28,36,6)([42]32,39,7)([43]39,3,4)([44]27,26,4)([45]2,1,7)([46]35,19,3)([47]43,19,3)([48]38,40,0)([49]7,45,7)([50]38,49,6)([51]5,41,4)([52]42,30,6)([53]39,49,3)([54]5,43,7)([55]50,36,5)([56]53,42,2)([57]47,55,4)([58]55,27,2)([59]49,13,0)([60]40,34,0)([61]57,34,6)([62]10,18,6)([63]49,57,2)([64]17,43,4)([65]28,47,3)([66]51,1,4)([67]66,52,3)([68]20,4,4)([69]57,62,1)([70]26,27,7)([71]67,62,6)([72]37,67,2)([73]35,21,6)([74]13,30,2)([75]23,32,7)([76]49,29,7)([77]63,63,7)([78]44,33,0)([79]61,71,3)([80]63,68,3)([81]65,42,1)([82]14,19,0)([83]6,72,4)([84]43,68,6)([85]9,34,5)([86]29,67,3)(79)
evaluations: 23363849
first invidual area: 148.06
{7,1,80,1,2,1,8}([7]0,4,4)([8]7,4,2)([9]0,2,5)([10]9,2,2)([11]8,3,3)([12]10,6,6)([13]7,12,5)([14]1,0,0)([15]11,12,4)([16]13,4,7)([17]2,6,5)([18]8,1,3)([19]4,15,6)([20]5,9,5)([21]20,16,5)([22]21,11,7)([23]0,3,4)([24]22,19,4)([25]17,23,5)([26]14,11,5)([27]26,11,5)([28]17,2,5)([29]24,26,5)([30]2,6,2)([31]25,27,6)([32]16,15,5)([33]5,10,2)([34]2,32,6)([35]24,24,3)([36]25,4,4)([37]15,28,6)([38]25,26,2)([39]5,22,4)([40]17,2,5)([41]36,28,3)([42]39,1,4)([43]10,5,3)([44]3,39,3)([45]2,14,4)([46]33,42,6)([47]44,19,3)([48]7,45,4)([49]35,26,5)([50]37,48,6)([51]44,12,5)([52]3,22,4)([53]31,29,4)([54]20,22,1)([55]50,36,5)([56]40,30,1)([57]47,55,5)([58]53,41,0)([59]13,54,2)([60]1,15,5)([61]57,53,6)([62]34,14,3)([63]5,41,7)([64]18,63,2)([65]11,21,3)([66]63,1,4)([67]66,46,3)([68]35,7,5)([69]67,40,6)([70]38,56,6)([71]52,70,5)([72]67,34,6)([73]50,39,7)([74]71,46,4)([75]44,54,1)([76]72,61,3)([77]37,61,7)([78]13,8,0)([79]28,24,7)([80]42,13,6)([81]75,64,5)([82]65,74,3)([83]57,35,6)([84]62,27,7)([85]56,45,3)([86]71,8,7)(76)
optimized area: 132.09
time: 627166 ms
seed: 1633965591
NOT FOUND
time: 532645 ms
seed: 1633988575
{7,1,80,1,2,1,8}([7]4,5,7)([8]1,2,6)([9]0,4,1)([10]3,2,7)([11]10,5,3)([12]3,1,7)([13]12,9,7)([14]5,4,3)([15]0,14,4)([16]4,3,7)([17]12,4,7)([18]6,17,2)([19]6,10,7)([20]8,11,7)([21]8,5,4)([22]2,13,4)([23]3,18,7)([24]3,1,6)([25]17,18,2)([26]8,17,5)([27]23,19,4)([28]4,13,3)([29]10,2,3)([30]21,27,2)([31]20,9,5)([32]0,14,7)([33]13,25,0)([34]19,24,7)([35]17,26,4)([36]35,31,7)([37]30,24,3)([38]1,1,3)([39]32,22,2)([40]39,12,2)([41]25,23,1)([42]6,34,2)([43]24,3,6)([44]13,32,1)([45]15,37,7)([46]36,4,3)([47]45,2,2)([48]22,32,3)([49]22,45,4)([50]45,42,3)([51]2,34,7)([52]6,6,1)([53]24,17,5)([54]30,33,7)([55]52,22,0)([56]43,42,2)([57]17,51,5)([58]4,31,4)([59]8,37,1)([60]57,50,5)([61]21,56,6)([62]31,58,6)([63]53,19,2)([64]61,46,2)([65]31,37,2)([66]43,37,4)([67]53,11,1)([68]29,36,3)([69]22,64,7)([70]60,36,4)([71]27,21,7)([72]19,58,7)([73]64,61,6)([74]64,39,7)([75]63,58,2)([76]75,7,6)([77]74,70,2)([78]75,71,2)([79]77,27,7)([80]19,67,6)([81]24,23,0)([82]29,79,6)([83]37,52,3)([84]78,77,3)([85]22,55,2)([86]60,37,6)(84)
evaluations: 36257969
first invidual area: 156.04
{7,1,80,1,2,1,8}([7]6,5,3)([8]2,1,6)([9]0,4,1)([10]3,2,7)([11]5,10,3)([12]1,3,7)([13]0,12,4)([14]5,4,3)([15]14,0,7)([16]2,13,4)([17]12,4,7)([18]6,17,5)([19]10,6,7)([20]2,11,3)([21]8,5,4)([22]21,4,5)([23]18,19,5)([24]3,1,6)([25]11,8,7)([26]6,2,2)([27]23,3,4)([28]2,15,7)([29]21,27,7)([30]27,29,2)([31]25,9,5)([32]8,25,1)([33]13,18,5)([34]19,24,7)([35]17,32,5)([36]35,31,2)([37]30,24,3)([38]13,5,0)([39]15,16,5)([40]34,27,0)([41]15,37,4)([42]6,34,2)([43]36,23,0)([44]7,35,5)([45]38,5,6)([46]36,4,3)([47]12,21,0)([48]42,8,0)([49]42,43,5)([50]41,48,3)([51]34,2,7)([52]34,35,3)([53]19,28,6)([54]5,21,1)([55]38,34,5)([56]2,48,2)([57]17,51,5)([58]4,31,5)([59]34,53,1)([60]57,50,5)([61]21,56,6)([62]34,41,4)([63]55,19,2)([64]61,46,5)([65]62,39,1)([66]52,16,2)([67]1,11,2)([68]37,13,6)([69]5,66,0)([70]60,43,4)([71]48,58,0)([72]28,11,7)([73]59,17,2)([74]64,39,7)([75]63,58,2)([76]45,20,1)([77]74,70,2)([78]75,29,2)([79]50,65,5)([80]22,34,7)([81]44,63,1)([82]55,60,6)([83]8,73,0)([84]78,77,3)([85]40,14,6)([86]48,34,1)(84)
optimized area: 136.32
time: 578059 ms
seed: 1634037552
NOT FOUND
time: 529040 ms
seed: 1634151593
NOT FOUND
time: 531428 ms
seed: 1634198883
NOT FOUND
time: 526728 ms
seed: 1634247884
{7,1,80,1,2,1,8}([7]1,1,2)([8]6,5,2)([9]0,8,6)([10]8,1,1)([11]9,3,7)([12]5,3,4)([13]2,9,1)([14]7,8,3)([15]8,7,2)([16]5,9,5)([17]2,8,4)([18]13,14,7)([19]18,4,4)([20]6,16,4)([21]20,2,3)([22]16,4,7)([23]11,22,0)([24]17,2,7)([25]15,17,2)([26]19,23,5)([27]15,0,3)([28]17,22,3)([29]1,21,6)([30]11,28,6)([31]22,20,5)([32]18,26,5)([33]5,32,5)([34]33,16,2)([35]28,6,2)([36]17,5,2)([37]32,19,3)([38]13,12,5)([39]32,20,3)([40]22,26,7)([41]0,34,7)([42]12,25,6)([43]19,36,4)([44]31,7,2)([45]30,44,3)([46]9,25,7)([47]36,46,7)([48]41,42,2)([49]5,44,4)([50]39,35,4)([51]3,48,6)([52]10,9,1)([53]40,49,6)([54]33,17,0)([55]29,27,4)([56]1,14,2)([57]27,8,5)([58]28,29,2)([59]39,15,5)([60]56,21,2)([61]38,57,7)([62]50,18,4)([63]44,10,3)([64]12,35,7)([65]51,16,3)([66]56,52,3)([67]31,57,4)([68]62,61,2)([69]57,29,0)([70]3,55,3)([71]53,48,3)([72]36,7,0)([73]43,51,3)([74]54,49,4)([75]73,68,2)([76]75,71,4)([77]69,69,2)([78]13,47,5)([79]48,67,7)([80]55,26,3)([81]17,26,0)([82]28,35,3)([83]1,34,4)([84]45,5,6)([85]8,33,7)([86]53,45,5)(76)
evaluations: 21973795
first invidual area: 131.64
{7,1,80,1,2,1,8}([7]5,6,2)([8]5,1,5)([9]0,7,6)([10]1,7,3)([11]9,3,7)([12]5,3,4)([13]2,7,1)([14]12,13,5)([15]0,1,3)([16]9,5,5)([17]15,7,5)([18]10,13,7)([19]4,18,4)([20]6,16,4)([21]5,5,0)([22]4,16,7)([23]14,2,4)([24]13,7,7)([25]8,23,5)([26]11,19,5)([27]24,4,3)([28]1,24,2)([29]28,10,0)([30]27,12,3)([31]28,18,2)([32]18,26,5)([33]32,5,5)([34]27,6,5)([35]24,31,4)([36]1,5,3)([37]14,17,7)([38]20,22,5)([39]3,13,2)([40]26,22,7)([41]0,33,7)([42]12,31,6)([43]21,29,5)([44]1,38,5)([45]43,19,7)([46]9,16,1)([47]32,20,3)([48]42,41,2)([49]21,44,7)([50]34,47,4)([51]3,48,6)([52]7,28,2)([53]40,49,6)([54]39,18,4)([55]38,18,4)([56]25,54,7)([57]4,6,0)([58]1,11,7)([59]51,45,3)([60]37,44,5)([61]10,58,7)([62]50,18,7)([63]1,21,4)([64]22,6,7)([65]4,37,5)([66]27,35,0)([67]34,32,1)([68]62,37,2)([69]8,15,3)([70]57,25,6)([71]53,48,6)([72]59,48,2)([73]41,11,4)([74]42,47,5)([75]59,68,5)([76]75,71,4)([77]26,62,6)([78]9,34,2)([79]41,69,2)([80]7,75,7)([81]19,12,5)([82]13,31,4)([83]59,68,2)([84]82,64,3)([85]61,37,7)([86]23,67,2)(76)
optimized area: 127.42
time: 634531 ms
seed: 1634296020
NOT FOUND
time: 532163 ms
seed: 1634336558
{7,1,80,1,2,1,8}([7]6,2,4)([8]3,0,7)([9]5,3,4)([10]6,1,2)([11]8,2,2)([12]1,9,2)([13]7,9,3)([14]3,1,4)([15]11,14,7)([16]8,6,4)([17]9,8,2)([18]11,11,2)([19]4,15,2)([20]12,15,3)([21]12,0,7)([22]3,21,6)([23]16,17,6)([24]13,4,7)([25]22,23,4)([26]2,8,6)([27]25,14,1)([28]16,25,7)([29]26,8,4)([30]29,24,2)([31]18,5,7)([32]1,26,3)([33]5,7,0)([34]21,21,4)([35]7,30,4)([36]33,3,0)([37]17,17,6)([38]25,35,5)([39]18,38,4)([40]32,25,6)([41]32,5,7)([42]30,13,3)([43]41,4,7)([44]7,40,1)([45]40,10,4)([46]22,18,6)([47]16,13,4)([48]2,38,7)([49]2,43,4)([50]48,7,3)([51]29,1,5)([52]45,43,3)([53]47,41,6)([54]53,38,4)([55]5,36,2)([56]52,30,7)([57]43,15,6)([58]26,42,2)([59]27,27,2)([60]59,54,5)([61]33,43,6)([62]20,41,7)([63]29,10,0)([64]25,22,3)([65]54,46,3)([66]50,15,2)([67]21,12,0)([68]34,35,3)([69]39,19,1)([70]49,59,3)([71]22,8,0)([72]62,16,5)([73]29,51,2)([74]65,15,0)([75]65,56,7)([76]18,10,7)([77]63,65,5)([78]62,57,3)([79]72,13,7)([80]47,22,0)([81]9,42,4)([82]27,52,3)([83]62,45,4)([84]78,81,3)([85]74,56,5)([86]84,85,2)(86)
evaluations: 28766528
first invidual area: 141.99
{7,1,80,1,2,1,8}([7]6,2,4)([8]0,3,7)([9]3,5,4)([10]9,4,0)([11]8,2,5)([12]10,1,2)([13]9,7,3)([14]1,11,7)([15]14,3,7)([16]8,6,4)([17]10,6,2)([18]12,0,6)([19]15,12,6)([20]13,4,7)([21]0,4,4)([22]18,3,6)([23]16,17,3)([24]21,16,4)([25]22,23,7)([26]2,8,6)([27]5,5,3)([28]2,27,0)([29]26,8,3)([30]29,20,5)([31]6,1,2)([32]1,26,3)([33]25,19,4)([34]19,5,6)([35]7,20,4)([36]4,30,2)([37]29,22,5)([38]25,35,5)([39]11,37,2)([40]34,26,3)([41]32,27,7)([42]10,36,3)([43]4,41,7)([44]25,32,6)([45]43,31,3)([46]32,8,6)([47]43,38,2)([48]43,7,4)([49]6,17,6)([50]30,16,2)([51]0,23,3)([52]45,44,3)([53]17,41,6)([54]53,38,4)([55]11,25,7)([56]52,30,4)([57]45,15,6)([58]56,30,5)([59]32,42,5)([60]44,52,1)([61]5,1,1)([62]19,41,4)([63]4,22,0)([64]57,62,6)([65]54,39,3)([66]0,63,6)([67]54,50,7)([68]48,22,5)([69]30,66,3)([70]16,65,7)([71]60,52,1)([72]6,44,1)([73]16,18,0)([74]59,73,5)([75]47,18,2)([76]22,15,7)([77]64,47,6)([78]74,15,0)([79]29,4,1)([80]65,77,5)([81]31,43,0)([82]69,59,4)([83]49,52,4)([84]64,42,5)([85]65,56,5)([86]84,85,2)(86)
optimized area: 128.36
time: 607499 ms
seed: 1634385428
NOT FOUND
time: 529857 ms
seed: 1634434471
{7,1,80,1,2,1,8}([7]3,4,6)([8]2,7,6)([9]2,0,4)([10]6,3,7)([11]0,8,6)([12]8,10,4)([13]8,12,3)([14]1,11,5)([15]4,1,3)([16]2,10,3)([17]16,5,2)([18]0,6,3)([19]5,13,5)([20]4,1,4)([21]17,8,7)([22]12,11,6)([23]0,15,1)([24]18,9,1)([25]7,9,1)([26]9,20,4)([27]21,11,2)([28]21,26,2)([29]19,21,0)([30]6,10,2)([31]5,25,4)([32]1,28,3)([33]13,9,7)([34]28,16,2)([35]34,31,6)([36]26,34,7)([37]36,4,2)([38]15,12,7)([39]19,32,2)([40]36,24,4)([41]28,36,1)([42]11,6,6)([43]15,4,3)([44]43,27,5)([45]25,9,7)([46]32,29,3)([47]20,5,4)([48]46,17,0)([49]40,30,5)([50]46,37,4)([51]42,47,5)([52]49,33,5)([53]3,39,4)([54]51,52,7)([55]44,50,5)([56]18,43,4)([57]35,45,4)([58]38,40,4)([59]56,58,2)([60]45,52,3)([61]43,24,4)([62]7,29,3)([63]50,59,7)([64]57,8,0)([65]63,53,6)([66]45,58,3)([67]46,18,0)([68]4,15,1)([69]27,51,6)([70]54,55,2)([71]64,37,0)([72]63,38,3)([73]28,12,7)([74]8,41,7)([75]45,11,1)([76]28,39,4)([77]28,50,4)([78]71,34,2)([79]70,65,6)([80]36,68,2)([81]74,5,5)([82]7,16,5)([83]35,13,1)([84]74,78,1)([85]60,34,3)([86]68,25,2)(79)
evaluations: 42563840
first invidual area: 143.83
{7,1,80,1,2,1,8}([7]4,3,6)([8]2,7,6)([9]2,0,4)([10]3,6,7)([11]0,8,6)([12]3,8,5)([13]10,8,3)([14]4,4,0)([15]11,6,6)([16]2,10,3)([17]16,5,5)([18]13,10,7)([19]13,5,5)([20]4,1,4)([21]8,17,4)([22]4,2,6)([23]20,20,2)([24]10,23,6)([25]21,16,2)([26]9,23,4)([27]7,8,6)([28]21,26,2)([29]11,21,2)([30]7,17,7)([31]18,18,1)([32]1,28,3)([33]13,9,7)([34]23,4,3)([35]28,12,5)([36]28,26,7)([37]36,4,5)([38]7,29,4)([39]19,32,5)([40]36,10,7)([41]0,26,5)([42]0,6,3)([43]5,23,4)([44]43,29,5)([45]5,15,6)([46]32,19,3)([47]36,14,0)([48]15,18,4)([49]40,6,5)([50]46,37,7)([51]15,43,5)([52]33,49,5)([53]3,39,7)([54]51,52,7)([55]44,50,5)([56]42,34,4)([57]18,3,7)([58]8,40,4)([59]56,58,5)([60]28,51,0)([61]56,8,5)([62]50,28,5)([63]59,50,4)([64]28,39,5)([65]63,53,6)([66]35,35,5)([67]12,60,5)([68]14,2,7)([69]16,37,0)([70]54,55,2)([71]32,66,0)([72]52,44,3)([73]72,28,3)([74]69,20,6)([75]33,74,4)([76]39,31,0)([77]1,25,1)([78]10,60,6)([79]70,65,6)([80]72,23,5)([81]25,67,5)([82]47,54,5)([83]46,22,3)([84]34,54,7)([85]22,29,3)([86]27,76,7)(79)
optimized area: 124.15
time: 561750 ms
seed: 1634494785
NOT FOUND
time: 536365 ms
seed: 1634593958
NOT FOUND
time: 535306 ms
seed: 1634642740
NOT FOUND
time: 521366 ms
seed: 1634683758
NOT FOUND
time: 934736 ms
seed: 1634713686
{7,1,80,1,2,1,8}([7]6,4,4)([8]2,1,5)([9]1,8,1)([10]1,4,2)([11]8,0,7)([12]11,0,2)([13]4,8,2)([14]5,3,7)([15]2,14,7)([16]0,15,6)([17]2,6,2)([18]10,3,4)([19]5,6,5)([20]2,19,3)([21]18,16,3)([22]21,13,4)([23]9,14,7)([24]5,7,5)([25]24,3,4)([26]20,22,4)([27]20,23,6)([28]25,16,3)([29]6,13,7)([30]28,26,2)([31]7,14,0)([32]23,26,1)([33]1,3,7)([34]10,2,3)([35]15,24,1)([36]30,33,4)([37]2,35,4)([38]30,6,7)([39]26,22,4)([40]12,38,6)([41]29,34,7)([42]4,22,2)([43]11,14,5)([44]28,29,2)([45]36,44,6)([46]18,16,6)([47]38,45,1)([48]43,44,3)([49]14,23,4)([50]40,27,5)([51]7,13,4)([52]44,51,4)([53]26,5,4)([54]15,45,3)([55]43,41,3)([56]52,50,2)([57]54,35,0)([58]12,13,2)([59]40,42,7)([60]48,31,3)([61]18,57,5)([62]59,57,7)([63]26,38,5)([64]45,52,0)([65]33,0,2)([66]43,62,3)([67]53,56,2)([68]61,2,3)([69]67,64,6)([70]4,3,0)([71]1,49,4)([72]7,59,5)([73]69,58,3)([74]50,16,1)([75]15,64,6)([76]21,73,7)([77]11,23,5)([78]20,27,0)([79]73,55,7)([80]52,43,2)([81]34,14,6)([82]4,44,7)([83]79,66,5)([84]31,79,3)([85]81,50,4)([86]62,29,1)(83)
evaluations: 35057907
first invidual area: 157.90
{7,1,80,1,2,1,8}([7]4,6,4)([8]1,2,5)([9]3,1,7)([10]4,1,2)([11]6,3,0)([12]9,3,5)([13]8,4,2)([14]3,5,7)([15]14,2,7)([16]0,15,6)([17]7,5,5)([18]10,3,4)([19]5,11,5)([20]19,2,3)([21]18,16,6)([22]21,13,7)([23]14,10,2)([24]4,14,3)([25]12,11,4)([26]22,20,4)([27]17,3,4)([28]16,27,3)([29]13,6,7)([30]26,28,5)([31]26,1,0)([32]0,8,7)([33]22,5,0)([34]10,2,3)([35]34,29,7)([36]30,9,7)([37]9,7,4)([38]10,19,0)([39]35,23,3)([40]0,37,6)([41]18,2,0)([42]4,33,5)([43]32,14,5)([44]28,29,2)([45]36,44,6)([46]6,16,6)([47]15,12,6)([48]28,46,5)([49]44,22,0)([50]40,15,5)([51]29,4,7)([52]49,51,4)([53]31,5,4)([54]15,45,6)([55]43,35,6)([56]52,50,2)([57]2,4,1)([58]9,56,1)([59]50,42,4)([60]25,18,1)([61]1,12,4)([62]54,59,7)([63]13,59,0)([64]37,40,6)([65]21,53,4)([66]43,62,3)([67]53,56,2)([68]8,41,7)([69]67,45,6)([70]35,8,5)([71]50,66,5)([72]32,13,2)([73]69,72,3)([74]27,34,0)([75]55,43,6)([76]32,12,1)([77]47,17,7)([78]23,52,1)([79]73,55,4)([80]45,77,2)([81]63,65,2)([82]3,16,6)([83]79,66,5)([84]9,18,0)([85]84,17,7)([86]76,54,3)(83)
optimized area: 146.19
time: 605256 ms
seed: 1634761484
{7,1,80,1,2,1,8}([7]4,1,5)([8]6,2,7)([9]4,6,4)([10]4,1,3)([11]7,5,5)([12]3,10,5)([13]3,12,2)([14]2,1,3)([15]11,0,5)([16]0,10,7)([17]15,3,2)([18]0,2,4)([19]11,12,7)([20]2,6,4)([21]14,15,6)([22]5,13,3)([23]18,9,6)([24]17,23,2)([25]19,24,7)([26]23,18,2)([27]20,4,3)([28]21,16,4)([29]27,6,5)([30]14,5,2)([31]22,14,4)([32]20,28,6)([33]2,26,2)([34]9,2,5)([35]17,28,6)([36]0,31,3)([37]19,34,7)([38]26,35,7)([39]32,25,3)([40]28,30,7)([41]36,40,4)([42]40,6,2)([43]36,22,1)([44]1,23,7)([45]42,31,4)([46]27,39,2)([47]38,26,3)([48]15,44,4)([49]23,41,7)([50]38,14,0)([51]6,11,1)([52]6,22,5)([53]43,39,7)([54]1,4,4)([55]47,39,4)([56]34,40,4)([57]52,24,7)([58]48,26,3)([59]44,16,1)([60]7,56,7)([61]57,49,2)([62]7,38,5)([63]61,53,3)([64]39,41,4)([65]60,62,5)([66]58,65,6)([67]50,62,4)([68]24,22,6)([69]10,38,6)([70]3,63,0)([71]51,33,2)([72]37,36,5)([73]63,2,0)([74]25,49,7)([75]46,13,4)([76]29,25,7)([77]49,71,2)([78]57,25,4)([79]42,14,4)([80]5,36,5)([81]72,10,1)([82]39,40,5)([83]24,9,0)([84]45,78,7)([85]21,84,7)([86]63,66,4)(86)
evaluations: 39959562
first invidual area: 147.59
{7,1,80,1,2,1,8}([7]1,4,5)([8]2,0,4)([9]4,6,4)([10]4,1,3)([11]7,5,5)([12]10,3,5)([13]5,12,0)([14]1,2,3)([15]11,0,5)([16]10,0,7)([17]12,3,2)([18]3,15,2)([19]12,11,7)([20]2,6,4)([21]15,14,6)([22]5,17,3)([23]9,8,6)([24]18,23,2)([25]19,24,7)([26]0,12,3)([27]22,13,4)([28]21,16,4)([29]26,13,0)([30]14,13,5)([31]22,14,4)([32]20,28,6)([33]31,15,0)([34]9,2,5)([35]1,5,0)([36]5,20,4)([37]28,28,3)([38]31,0,3)([39]25,32,3)([40]16,30,4)([41]38,40,4)([42]41,23,7)([43]32,26,7)([44]23,1,7)([45]7,39,5)([46]18,2,1)([47]2,11,5)([48]15,44,4)([49]18,16,3)([50]27,37,4)([51]42,44,6)([52]6,22,2)([53]38,39,4)([54]11,33,4)([55]24,52,3)([56]34,40,4)([57]21,13,5)([58]53,38,4)([59]12,7,6)([60]7,56,7)([61]55,42,2)([62]56,49,5)([63]55,25,4)([64]61,53,6)([65]60,62,5)([66]48,65,6)([67]11,22,0)([68]60,42,2)([69]6,64,7)([70]39,62,2)([71]48,59,3)([72]39,4,7)([73]71,8,6)([74]62,30,7)([75]25,71,6)([76]10,50,3)([77]36,66,1)([78]37,58,6)([79]27,44,3)([80]77,47,5)([81]6,57,1)([82]12,14,2)([83]81,1,6)([84]75,9,7)([85]14,67,6)([86]64,66,7)(86)
optimized area: 134.47
time: 1028276 ms
seed: 1634826622
NOT FOUND
time: 997529 ms
seed: 1634951320
NOT FOUND
time: 977837 ms
seed: 1635081259
{7,1,80,1,2,1,8}([7]1,3,7)([8]4,6,7)([9]3,0,7)([10]2,9,5)([11]4,1,2)([12]6,7,6)([13]2,11,4)([14]8,12,4)([15]5,13,7)([16]13,14,2)([17]12,3,0)([18]10,5,2)([19]15,4,5)([20]4,9,5)([21]3,18,6)([22]8,19,1)([23]2,18,2)([24]0,13,4)([25]2,5,7)([26]5,1,4)([27]3,5,1)([28]23,17,5)([29]26,16,3)([30]24,18,0)([31]28,19,7)([32]1,20,2)([33]30,4,5)([34]14,31,2)([35]25,6,7)([36]24,8,2)([37]36,21,5)([38]2,18,2)([39]38,6,6)([40]39,30,7)([41]40,34,3)([42]28,3,0)([43]10,21,2)([44]42,22,0)([45]43,29,7)([46]9,40,4)([47]46,17,5)([48]32,41,3)([49]32,35,6)([50]17,0,6)([51]34,15,2)([52]34,31,7)([53]21,8,7)([54]7,41,4)([55]45,47,5)([56]38,39,4)([57]13,41,0)([58]56,45,0)([59]26,32,1)([60]35,38,3)([61]57,15,5)([62]2,43,3)([63]54,60,3)([64]52,33,2)([65]38,25,7)([66]30,0,2)([67]37,48,2)([68]64,20,3)([69]41,20,4)([70]8,31,7)([71]46,21,4)([72]69,71,0)([73]24,9,6)([74]28,41,6)([75]67,55,5)([76]17,25,7)([77]72,64,3)([78]51,22,4)([79]75,68,7)([80]19,32,5)([81]13,14,7)([82]4,25,3)([83]3,64,5)([84]41,46,3)([85]55,3,6)([86]83,5,7)(79)
evaluations: 26555179
first invidual area: 124.61
{7,1,80,1,2,1,8}([7]3,1,7)([8]6,4,7)([9]0,3,7)([10]9,2,5)([11]4,1,5)([12]7,6,6)([13]2,11,7)([14]8,12,4)([15]4,14,1)([16]14,13,2)([17]4,4,1)([18]10,5,2)([19]18,16,7)([20]9,4,5)([21]3,18,6)([22]6,19,5)([23]6,19,4)([24]13,0,4)([25]24,7,1)([26]5,1,4)([27]8,24,2)([28]6,10,0)([29]8,21,2)([30]26,16,3)([31]10,21,5)([32]24,10,0)([33]18,2,2)([34]28,33,3)([35]22,14,2)([36]27,21,5)([37]32,30,4)([38]20,1,2)([39]3,30,3)([40]34,25,7)([41]38,35,3)([42]30,31,4)([43]15,36,1)([44]40,9,0)([45]6,42,5)([46]9,40,4)([47]46,12,5)([48]40,41,3)([49]28,36,4)([50]22,25,2)([51]42,42,5)([52]26,41,3)([53]13,10,4)([54]0,24,2)([55]42,47,5)([56]26,46,5)([57]55,43,6)([58]26,52,0)([59]46,42,3)([60]24,20,6)([61]14,59,0)([62]32,9,7)([63]48,61,3)([64]56,25,2)([65]52,30,4)([66]36,27,5)([67]36,48,2)([68]4,14,7)([69]20,40,2)([70]30,68,0)([71]70,27,6)([72]1,16,2)([73]64,20,6)([74]58,5,7)([75]55,67,5)([76]56,31,6)([77]50,76,5)([78]18,8,6)([79]75,73,4)([80]1,41,1)([81]22,38,5)([82]62,54,3)([83]78,22,7)([84]3,59,6)([85]62,46,7)([86]52,12,1)(79)
optimized area: 111.48
time: 1093724 ms
seed: 1635120817
NOT FOUND
time: 527099 ms
seed: 1635169722
{7,1,80,1,2,1,8}([7]6,3,6)([8]5,1,4)([9]5,2,7)([10]0,2,4)([11]4,3,1)([12]6,10,6)([13]3,5,6)([14]3,4,2)([15]13,12,3)([16]9,1,4)([17]11,8,6)([18]13,7,7)([19]16,3,5)([20]19,11,7)([21]19,6,4)([22]9,15,6)([23]15,8,7)([24]13,8,7)([25]7,0,7)([26]18,14,4)([27]21,24,3)([28]25,26,3)([29]7,12,5)([30]26,17,1)([31]17,1,7)([32]11,23,7)([33]21,17,4)([34]29,17,4)([35]9,33,4)([36]10,31,2)([37]12,24,3)([38]26,34,3)([39]34,7,4)([40]23,23,3)([41]34,7,4)([42]31,36,3)([43]20,27,4)([44]22,28,7)([45]8,21,0)([46]22,19,1)([47]28,10,2)([48]44,41,6)([49]28,48,7)([50]41,40,2)([51]48,38,3)([52]46,35,7)([53]37,36,3)([54]29,10,0)([55]17,30,5)([56]3,25,5)([57]52,43,6)([58]50,23,3)([59]45,21,2)([60]21,50,5)([61]13,3,5)([62]57,4,7)([63]25,18,3)([64]7,41,1)([65]8,64,5)([66]48,61,4)([67]4,42,6)([68]7,31,6)([69]3,36,0)([70]36,63,3)([71]62,7,0)([72]53,37,0)([73]51,12,0)([74]1,40,3)([75]42,23,2)([76]16,52,3)([77]71,49,3)([78]51,53,7)([79]77,78,2)([80]72,68,1)([81]3,58,5)([82]28,9,6)([83]76,79,6)([84]76,20,7)([85]70,50,7)([86]57,48,2)(79)
evaluations: 14266482
first invidual area: 147.15
{7,1,80,1,2,1,8}([7]6,3,6)([8]1,5,4)([9]2,5,7)([10]2,0,4)([11]4,0,1)([12]6,10,6)([13]5,3,6)([14]13,9,3)([15]13,4,0)([16]1,9,4)([17]8,11,6)([18]7,15,7)([19]3,16,5)([20]17,1,6)([21]6,19,4)([22]12,14,6)([23]3,4,5)([24]8,13,7)([25]4,19,7)([26]18,23,2)([27]0,0,1)([28]27,26,3)([29]7,12,5)([30]22,28,7)([31]9,17,6)([32]24,21,3)([33]19,31,3)([34]17,29,4)([35]21,31,4)([36]20,23,6)([37]24,12,3)([38]19,30,4)([39]7,34,4)([40]21,38,0)([41]24,28,4)([42]21,11,4)([43]2,30,2)([44]30,3,0)([45]20,10,2)([46]18,14,3)([47]22,31,1)([48]30,39,6)([49]35,1,6)([50]20,40,4)([51]48,26,3)([52]32,25,7)([53]1,7,4)([54]22,35,7)([55]35,42,0)([56]29,12,2)([57]54,52,3)([58]4,57,4)([59]9,46,2)([60]12,18,5)([61]45,37,6)([62]59,33,5)([63]7,28,0)([64]5,19,6)([65]28,7,6)([66]33,9,7)([67]51,34,6)([68]28,48,7)([69]9,27,4)([70]33,43,7)([71]38,67,2)([72]61,67,7)([73]40,53,4)([74]6,58,1)([75]49,63,1)([76]27,26,6)([77]58,68,3)([78]5,15,6)([79]77,72,2)([80]68,72,7)([81]63,26,6)([82]16,5,7)([83]69,21,3)([84]24,54,2)([85]36,21,3)([86]16,51,5)(79)
optimized area: 134.94
time: 658701 ms
seed: 1635279557
{7,1,80,1,2,1,8}([7]6,5,4)([8]0,3,6)([9]5,3,0)([10]1,2,7)([11]3,0,7)([12]1,7,6)([13]0,10,2)([14]4,13,4)([15]12,11,4)([16]3,8,6)([17]5,13,3)([18]17,15,3)([19]18,2,1)([20]10,7,3)([21]1,11,3)([22]18,16,2)([23]21,5,2)([24]12,8,5)([25]6,23,4)([26]4,25,4)([27]8,2,6)([28]8,4,3)([29]15,17,5)([30]28,9,4)([31]1,22,6)([32]26,24,7)([33]8,31,3)([34]19,32,3)([35]30,34,2)([36]18,18,2)([37]27,7,0)([38]5,33,5)([39]33,13,4)([40]39,35,2)([41]35,37,5)([42]30,31,6)([43]23,14,5)([44]24,9,2)([45]27,21,2)([46]40,23,3)([47]10,46,2)([48]27,22,7)([49]44,30,1)([50]12,29,1)([51]23,33,3)([52]27,8,3)([53]0,21,4)([54]16,42,4)([55]4,47,4)([56]50,12,5)([57]55,31,1)([58]54,34,7)([59]43,11,3)([60]32,54,2)([61]49,1,0)([62]42,48,7)([63]20,39,5)([64]28,34,2)([65]43,58,5)([66]5,18,4)([67]63,48,2)([68]34,67,3)([69]56,9,1)([70]65,68,4)([71]70,18,1)([72]49,25,1)([73]36,21,0)([74]55,70,7)([75]62,64,1)([76]28,69,2)([77]22,70,1)([78]31,2,3)([79]30,25,2)([80]10,35,0)([81]10,50,7)([82]23,20,6)([83]70,42,4)([84]38,77,4)([85]80,84,3)([86]72,20,7)(74)
evaluations: 26290888
first invidual area: 135.40
{7,1,80,1,2,1,8}([7]5,6,4)([8]0,3,6)([9]4,8,3)([10]2,1,7)([11]0,3,7)([12]7,1,6)([13]10,0,2)([14]0,2,2)([15]12,11,4)([16]8,3,6)([17]15,13,3)([18]17,5,3)([19]12,8,5)([20]5,3,4)([21]11,1,3)([22]16,18,2)([23]5,21,2)([24]23,6,0)([25]2,20,1)([26]15,18,0)([27]18,16,1)([28]23,6,7)([29]19,28,5)([30]5,9,4)([31]22,1,6)([32]29,4,4)([33]8,31,6)([34]32,27,3)([35]30,34,2)([36]8,2,6)([37]30,0,0)([38]16,34,4)([39]33,13,7)([40]39,35,2)([41]13,4,4)([42]4,4,5)([43]31,11,3)([44]36,14,3)([45]6,7,7)([46]40,23,3)([47]10,46,5)([48]36,16,7)([49]29,4,1)([50]19,12,3)([51]7,33,0)([52]7,33,3)([53]30,31,6)([54]53,26,6)([55]47,4,7)([56]53,43,4)([57]22,51,0)([58]38,53,7)([59]24,41,5)([60]45,38,3)([61]37,23,6)([62]7,10,3)([63]62,39,5)([64]40,3,5)([65]59,58,5)([66]12,21,1)([67]63,48,2)([68]67,34,3)([69]21,49,5)([70]65,55,7)([71]26,18,2)([72]17,22,6)([73]70,17,2)([74]60,26,1)([75]48,52,4)([76]68,70,4)([77]23,24,0)([78]17,58,0)([79]14,55,5)([80]11,26,7)([81]36,64,2)([82]26,63,0)([83]20,18,3)([84]74,8,6)([85]32,77,4)([86]4,23,3)(76)
optimized area: 132.11
time: 1181787 ms
seed: 1635436999
NOT FOUND
time: 986591 ms
seed: 1635544381
NOT FOUND
time: 992674 ms
seed: 1635601534
NOT FOUND
time: 1061873 ms
seed: 1635649203
{7,1,80,1,2,1,8}([7]1,4,5)([8]2,0,7)([9]4,1,4)([10]8,7,7)([11]7,5,2)([12]11,3,3)([13]9,3,2)([14]7,8,5)([15]6,12,7)([16]9,5,4)([17]10,1,3)([18]13,15,7)([19]16,2,2)([20]18,16,3)([21]10,6,0)([22]13,0,7)([23]14,11,3)([24]19,1,6)([25]3,10,5)([26]13,6,7)([27]8,25,4)([28]24,23,5)([29]28,20,2)([30]17,12,3)([31]12,10,0)([32]31,29,1)([33]4,8,7)([34]7,19,3)([35]13,29,7)([36]28,35,2)([37]14,15,4)([38]11,26,6)([39]38,1,6)([40]24,35,7)([41]23,40,2)([42]25,32,3)([43]33,30,3)([44]25,43,5)([45]44,26,2)([46]38,18,4)([47]4,8,7)([48]28,43,6)([49]6,2,0)([50]5,13,2)([51]20,45,5)([52]44,37,3)([53]40,51,1)([54]5,30,5)([55]0,51,5)([56]33,36,4)([57]29,49,3)([58]35,57,5)([59]40,5,7)([60]55,37,4)([61]21,33,2)([62]46,61,6)([63]59,34,0)([64]55,52,2)([65]9,55,4)([66]26,46,4)([67]58,64,2)([68]1,41,0)([69]62,56,5)([70]34,12,0)([71]36,59,4)([72]42,2,7)([73]59,69,2)([74]5,22,0)([75]25,48,3)([76]28,15,2)([77]21,15,1)([78]34,11,5)([79]34,36,3)([80]12,3,5)([81]38,20,3)([82]67,73,7)([83]28,39,1)([84]36,80,3)([85]20,8,2)([86]16,75,3)(82)
evaluations: 39650666
first invidual area: 136.32
{7,1,80,1,2,1,8}([7]1,4,5)([8]2,0,7)([9]1,4,4)([10]7,8,7)([11]5,7,2)([12]11,3,3)([13]9,3,2)([14]10,7,5)([15]6,12,7)([16]5,9,4)([17]2,16,0)([18]13,15,7)([19]15,14,0)([20]2,16,2)([21]18,16,3)([22]11,2,3)([23]19,19,0)([24]20,1,6)([25]3,10,5)([26]3,18,7)([27]11,14,3)([28]24,27,5)([29]28,21,5)([30]26,11,3)([31]4,21,1)([32]18,1,3)([33]8,31,3)([34]14,26,1)([35]13,29,4)([36]29,10,1)([37]14,23,4)([38]7,4,2)([39]22,1,7)([40]24,35,4)([41]0,30,7)([42]0,33,3)([43]32,33,3)([44]25,43,5)([45]23,20,7)([46]30,18,7)([47]46,34,6)([48]31,20,4)([49]16,46,6)([50]33,30,7)([51]26,44,5)([52]44,37,3)([53]36,51,0)([54]37,0,2)([55]0,51,5)([56]33,40,4)([57]13,6,3)([58]35,57,5)([59]40,5,4)([60]52,25,4)([61]45,56,0)([62]14,20,2)([63]27,5,5)([64]55,52,2)([65]52,20,2)([66]9,9,2)([67]58,64,5)([68]32,16,3)([69]47,56,5)([70]3,47,1)([71]13,23,4)([72]46,21,0)([73]59,69,5)([74]14,47,2)([75]73,67,7)([76]75,51,6)([77]11,67,2)([78]30,12,6)([79]8,3,4)([80]35,59,2)([81]0,78,6)([82]56,48,7)([83]5,69,0)([84]60,19,5)([85]62,39,4)([86]41,30,4)(75)
optimized area: 126.00
time: 1129408 ms
seed: 1635696881
{7,1,80,1,2,1,8}([7]4,0,4)([8]3,7,7)([9]6,0,4)([10]8,5,5)([11]8,6,7)([12]5,4,4)([13]12,11,3)([14]10,3,2)([15]1,9,7)([16]3,1,5)([17]9,1,5)([18]5,7,0)([19]1,0,7)([20]5,13,5)([21]2,0,7)([22]13,19,5)([23]11,14,3)([24]21,22,6)([25]2,23,3)([26]24,3,4)([27]21,18,5)([28]15,2,2)([29]18,6,2)([30]9,27,6)([31]26,23,3)([32]20,29,2)([33]20,16,3)([34]31,7,0)([35]26,13,0)([36]30,8,7)([37]3,26,5)([38]25,36,7)([39]2,31,4)([40]6,22,0)([41]24,27,6)([42]12,10,6)([43]38,12,2)([44]29,39,6)([45]0,35,3)([46]8,44,4)([47]38,8,5)([48]32,45,6)([49]47,28,7)([50]49,48,6)([51]3,40,2)([52]45,16,2)([53]52,42,7)([54]36,4,2)([55]6,53,7)([56]3,29,4)([57]33,50,7)([58]47,28,5)([59]11,6,7)([60]1,28,6)([61]50,26,4)([62]13,39,2)([63]13,43,2)([64]44,57,3)([65]33,10,4)([66]54,36,4)([67]21,48,6)([68]26,62,6)([69]56,22,1)([70]63,53,7)([71]43,50,5)([72]14,49,6)([73]56,63,4)([74]62,4,3)([75]71,73,0)([76]44,75,5)([77]70,71,2)([78]2,23,7)([79]33,17,7)([80]15,30,4)([81]1,5,5)([82]17,8,5)([83]49,0,0)([84]60,64,3)([85]77,84,7)([86]33,44,4)(85)
evaluations: 13823241
first invidual area: 146.64
{7,1,80,1,2,1,8}([7]3,0,7)([8]4,7,4)([9]0,6,4)([10]8,5,5)([11]6,8,7)([12]4,5,4)([13]11,12,3)([14]3,10,2)([15]10,7,3)([16]1,3,5)([17]1,13,0)([18]9,1,7)([19]13,6,0)([20]1,11,5)([21]2,0,7)([22]19,20,5)([23]14,11,3)([24]21,22,3)([25]23,2,6)([26]3,24,7)([27]15,26,6)([28]2,18,2)([29]23,3,5)([30]5,21,5)([31]8,3,6)([32]23,26,6)([33]5,19,5)([34]16,33,3)([35]9,30,6)([36]35,25,4)([37]32,2,7)([38]8,36,7)([39]19,1,1)([40]28,39,0)([41]6,26,5)([42]6,5,2)([43]12,38,5)([44]42,37,6)([45]0,26,3)([46]17,21,5)([47]8,36,5)([48]25,45,6)([49]28,47,7)([50]49,48,6)([51]21,7,3)([52]45,16,5)([53]15,52,7)([54]37,35,1)([55]5,33,6)([56]31,28,3)([57]34,50,7)([58]6,37,1)([59]38,46,3)([60]52,10,0)([61]4,54,2)([62]11,50,4)([63]49,1,1)([64]44,57,3)([65]8,8,5)([66]37,35,0)([67]40,35,6)([68]38,33,6)([69]49,57,4)([70]43,53,4)([71]53,50,5)([72]67,62,6)([73]38,17,3)([74]32,40,4)([75]9,16,6)([76]20,69,3)([77]70,71,5)([78]28,1,6)([79]49,66,7)([80]63,76,5)([81]74,34,6)([82]55,66,1)([83]19,52,6)([84]78,64,3)([85]77,84,4)([86]22,60,4)(85)
optimized area: 137.73
time: 1459648 ms
seed: 1635744232
NOT FOUND
time: 1062092 ms
seed: 1635791165
{7,1,80,1,2,1,8}([7]1,0,6)([8]1,5,7)([9]1,0,5)([10]8,7,3)([11]3,2,6)([12]4,11,3)([13]3,5,4)([14]2,8,3)([15]6,11,6)([16]1,3,6)([17]3,5,2)([18]3,5,6)([19]8,2,4)([20]5,5,6)([21]7,13,7)([22]3,2,7)([23]9,10,7)([24]23,12,2)([25]12,12,2)([26]24,21,6)([27]21,10,4)([28]22,0,7)([29]0,18,2)([30]6,14,5)([31]5,6,5)([32]4,9,5)([33]26,31,2)([34]22,25,0)([35]14,22,7)([36]30,19,5)([37]14,2,3)([38]23,6,6)([39]38,4,3)([40]24,10,4)([41]25,13,5)([42]36,8,3)([43]17,8,7)([44]4,11,2)([45]44,18,3)([46]18,28,6)([47]30,38,6)([48]29,1,0)([49]39,32,7)([50]22,32,7)([51]47,33,6)([52]22,41,3)([53]40,51,7)([54]41,32,4)([55]37,32,4)([56]46,54,5)([57]36,52,5)([58]39,53,6)([59]55,45,0)([60]0,16,5)([61]36,46,7)([62]52,43,3)([63]36,17,6)([64]61,62,6)([65]47,51,5)([66]2,27,0)([67]30,16,5)([68]27,18,0)([69]42,9,7)([70]42,59,1)([71]9,47,2)([72]58,29,4)([73]63,49,2)([74]57,51,5)([75]64,74,4)([76]75,72,4)([77]50,60,4)([78]40,24,2)([79]65,66,7)([80]68,47,1)([81]63,56,3)([82]53,67,0)([83]74,50,7)([84]30,52,0)([85]81,76,4)([86]13,34,0)(85)
evaluations: 10964966
first invidual area: 143.35
{7,1,80,1,2,1,8}([7]1,0,6)([8]1,5,7)([9]1,0,5)([10]8,7,3)([11]2,3,6)([12]11,4,3)([13]3,5,4)([14]2,2,1)([15]13,7,7)([16]5,6,5)([17]1,1,6)([18]3,5,6)([19]15,7,2)([20]2,14,4)([21]6,16,0)([22]2,3,7)([23]9,10,7)([24]23,12,2)([25]8,2,4)([26]7,23,2)([27]13,5,6)([28]22,0,7)([29]8,2,3)([30]21,29,5)([31]12,24,6)([32]24,15,6)([33]32,16,2)([34]33,0,5)([35]24,10,7)([36]25,30,5)([37]10,31,6)([38]6,23,6)([39]7,36,6)([40]8,7,1)([41]13,12,5)([42]4,38,3)([43]4,35,5)([44]30,38,1)([45]28,36,4)([46]40,36,7)([47]35,23,5)([48]28,18,6)([49]21,17,1)([50]29,15,4)([51]44,33,6)([52]22,41,3)([53]35,51,4)([54]41,43,4)([55]42,32,2)([56]54,48,5)([57]36,52,5)([58]42,53,6)([59]55,32,5)([60]23,42,5)([61]57,51,5)([62]40,52,3)([63]19,19,3)([64]30,7,0)([65]0,18,5)([66]62,45,3)([67]6,14,4)([68]58,65,4)([69]37,8,4)([70]68,69,4)([71]63,45,0)([72]32,4,2)([73]15,65,5)([74]73,53,4)([75]66,61,4)([76]75,68,4)([77]76,57,3)([78]8,30,5)([79]1,36,0)([80]56,75,1)([81]39,56,6)([82]81,17,3)([83]1,72,1)([84]31,65,1)([85]81,76,7)([86]39,49,2)(85)
optimized area: 136.31
time: 1384603 ms
