seed: 1633854694
NOT FOUND
time: 528980 ms
seed: 1633941530
NOT FOUND
time: 527739 ms
seed: 1633969332
NOT FOUND
time: 532521 ms
seed: 1633992226
NOT FOUND
time: 526142 ms
seed: 1634041114
{7,1,80,1,2,1,8}([7]0,6,5)([8]0,1,7)([9]4,6,4)([10]1,3,5)([11]10,10,6)([12]1,6,3)([13]11,7,5)([14]10,6,7)([15]9,6,6)([16]15,4,3)([17]7,4,6)([18]4,5,2)([19]18,9,3)([20]3,12,7)([21]15,13,2)([22]18,20,1)([23]15,20,6)([24]8,5,4)([25]9,2,2)([26]15,8,4)([27]9,23,6)([28]24,26,3)([29]2,22,7)([30]18,10,0)([31]29,13,4)([32]1,27,7)([33]28,14,2)([34]30,27,7)([35]21,0,5)([36]17,20,3)([37]28,31,2)([38]3,34,5)([39]28,19,2)([40]2,12,4)([41]0,33,2)([42]38,40,7)([43]24,34,4)([44]35,24,3)([45]4,3,7)([46]42,43,3)([47]0,38,7)([48]7,12,6)([49]41,46,6)([50]9,7,5)([51]1,37,7)([52]26,45,7)([53]44,52,5)([54]37,49,3)([55]27,44,7)([56]53,42,2)([57]17,27,7)([58]10,56,2)([59]3,5,2)([60]33,47,2)([61]30,51,6)([62]44,14,7)([63]60,30,0)([64]58,54,4)([65]42,57,7)([66]0,6,2)([67]59,17,1)([68]13,59,4)([69]64,61,5)([70]63,22,5)([71]40,52,6)([72]61,35,7)([73]66,30,5)([74]55,43,7)([75]70,64,2)([76]9,35,6)([77]67,61,1)([78]67,71,3)([79]36,67,3)([80]54,73,2)([81]45,47,4)([82]25,81,5)([83]24,77,1)([84]13,44,5)([85]32,58,7)([86]85,76,0)(75)
evaluations: 43511431
first invidual area: 133.99
{7,1,80,1,2,1,8}([7]0,6,5)([8]1,0,7)([9]8,5,7)([10]3,1,5)([11]10,9,1)([12]6,1,3)([13]11,7,5)([14]3,0,0)([15]4,6,6)([16]6,4,4)([17]14,14,2)([18]4,5,2)([19]15,7,7)([20]14,10,1)([21]6,2,0)([22]18,8,1)([23]15,3,6)([24]8,5,4)([25]10,21,7)([26]15,8,4)([27]16,23,3)([28]26,24,3)([29]13,22,4)([30]2,29,7)([31]26,27,6)([32]0,9,7)([33]28,25,2)([34]18,27,4)([35]0,28,5)([36]33,10,0)([37]28,30,2)([38]17,34,5)([39]35,7,1)([40]2,12,4)([41]17,36,2)([42]38,40,7)([43]24,34,4)([44]35,24,3)([45]4,17,7)([46]42,43,3)([47]0,38,7)([48]44,15,7)([49]46,41,6)([50]37,45,0)([51]29,11,1)([52]26,45,7)([53]44,52,5)([54]50,49,3)([55]39,54,3)([56]53,42,2)([57]38,53,5)([58]10,56,5)([59]30,7,2)([60]36,47,2)([61]11,60,5)([62]36,34,4)([63]45,10,3)([64]58,54,7)([65]31,17,6)([66]31,19,1)([67]48,14,3)([68]2,33,3)([69]26,58,4)([70]60,22,5)([71]40,70,0)([72]17,48,1)([73]16,38,3)([74]40,68,0)([75]70,64,2)([76]34,56,3)([77]55,61,4)([78]75,63,3)([79]8,19,0)([80]7,53,1)([81]22,74,6)([82]14,34,0)([83]78,63,0)([84]24,4,1)([85]57,81,5)([86]37,81,5)(75)
optimized area: 125.55
time: 532779 ms
seed: 1634155289
NOT FOUND
time: 530571 ms
seed: 1634202609
{7,1,80,1,2,1,8}([7]4,4,2)([8]2,3,4)([9]6,2,3)([10]3,0,2)([11]5,9,7)([12]6,2,5)([13]11,4,4)([14]13,3,7)([15]0,1,4)([16]10,5,4)([17]5,1,4)([18]11,17,5)([19]11,2,4)([20]0,16,3)([21]12,15,7)([22]13,15,7)([23]14,21,7)([24]16,8,5)([25]4,21,4)([26]1,7,0)([27]4,21,4)([28]23,17,3)([29]12,17,2)([30]4,29,6)([31]11,13,2)([32]28,16,2)([33]22,21,6)([34]20,22,2)([35]21,18,3)([36]32,8,2)([37]6,14,6)([38]31,23,5)([39]19,24,5)([40]15,28,6)([41]39,35,4)([42]1,30,4)([43]25,17,0)([44]2,16,3)([45]34,31,7)([46]13,27,5)([47]42,35,6)([48]30,30,1)([49]43,45,2)([50]37,41,2)([51]38,24,2)([52]40,50,4)([53]16,23,1)([54]46,46,6)([55]10,25,7)([56]53,5,6)([57]25,26,0)([58]41,54,4)([59]4,12,1)([60]58,53,6)([61]56,59,0)([62]1,34,4)([63]25,14,4)([64]27,63,2)([65]47,57,6)([66]2,14,3)([67]60,52,3)([68]18,27,1)([69]39,11,0)([70]35,6,6)([71]41,54,1)([72]30,31,3)([73]3,32,0)([74]51,37,2)([75]24,29,3)([76]4,63,2)([77]46,31,1)([78]59,66,7)([79]33,2,6)([80]50,4,6)([81]49,67,3)([82]43,50,1)([83]48,19,4)([84]32,24,3)([85]74,64,7)([86]81,85,2)(86)
evaluations: 14055704
first invidual area: 146.19
{7,1,80,1,2,1,8}([7]2,6,6)([8]3,2,4)([9]0,3,5)([10]0,5,3)([11]7,5,4)([12]6,2,5)([13]11,4,4)([14]13,3,7)([15]0,1,4)([16]9,5,7)([17]5,1,4)([18]2,14,2)([19]14,10,0)([20]11,3,4)([21]15,12,7)([22]17,9,6)([23]15,13,7)([24]8,16,5)([25]14,21,7)([26]4,16,5)([27]4,21,4)([28]25,17,3)([29]27,14,5)([30]15,28,6)([31]13,11,2)([32]17,31,5)([33]9,24,5)([34]10,23,5)([35]32,27,3)([36]20,24,5)([37]19,6,6)([38]31,25,5)([39]14,5,6)([40]16,7,1)([41]36,35,4)([42]41,29,7)([43]13,7,0)([44]20,10,2)([45]3,19,3)([46]34,31,4)([47]21,40,6)([48]46,27,2)([49]6,39,1)([50]37,42,2)([51]38,37,2)([52]22,11,1)([53]40,11,5)([54]36,2,4)([55]50,12,1)([56]52,41,1)([57]30,50,3)([58]25,11,3)([59]25,41,2)([60]39,25,7)([61]50,48,6)([62]42,40,6)([63]37,37,1)([64]14,32,4)([65]62,57,3)([66]37,43,3)([67]26,38,6)([68]50,20,7)([69]63,0,6)([70]22,23,7)([71]65,42,2)([72]48,65,3)([73]36,46,3)([74]51,24,5)([75]38,46,4)([76]34,27,7)([77]66,65,7)([78]67,24,5)([79]44,18,1)([80]66,43,0)([81]62,38,3)([82]29,27,5)([83]59,38,1)([84]72,6,6)([85]74,82,7)([86]72,85,2)(86)
optimized area: 130.24
time: 672113 ms
seed: 1634251573
NOT FOUND
time: 532140 ms
seed: 1634299672
NOT FOUND
time: 538030 ms
seed: 1634340194
{7,1,80,1,2,1,8}([7]0,4,4)([8]4,3,2)([9]1,5,5)([10]0,6,2)([11]10,9,6)([12]2,4,4)([13]0,3,6)([14]7,9,1)([15]1,14,3)([16]6,12,2)([17]15,5,4)([18]7,13,6)([19]2,8,3)([20]11,18,3)([21]13,16,7)([22]1,12,2)([23]19,6,3)([24]3,2,0)([25]14,3,7)([26]2,2,1)([27]25,15,4)([28]18,5,2)([29]9,5,4)([30]9,6,5)([31]0,16,2)([32]26,22,4)([33]5,23,5)([34]1,22,4)([35]20,24,3)([36]6,29,5)([37]16,7,1)([38]9,32,5)([39]38,21,2)([40]34,32,3)([41]18,31,7)([42]34,12,3)([43]42,10,4)([44]34,32,7)([45]9,34,7)([46]36,3,5)([47]30,43,3)([48]2,12,2)([49]25,45,4)([50]49,9,2)([51]27,48,5)([52]15,46,0)([53]36,28,1)([54]27,46,7)([55]54,16,4)([56]28,39,7)([57]38,47,3)([58]46,45,6)([59]24,45,6)([60]39,33,5)([61]59,17,2)([62]20,61,4)([63]41,55,5)([64]1,13,7)([65]19,19,6)([66]33,60,5)([67]10,61,4)([68]66,47,1)([69]51,50,1)([70]47,62,2)([71]61,0,1)([72]19,15,5)([73]66,58,4)([74]70,73,2)([75]60,69,2)([76]24,43,2)([77]75,76,3)([78]76,1,3)([79]74,63,7)([80]51,56,4)([81]5,17,6)([82]4,63,1)([83]31,42,7)([84]64,6,3)([85]2,65,0)([86]6,46,0)(79)
evaluations: 13414954
first invidual area: 146.16
{7,1,80,1,2,1,8}([7]4,0,4)([8]0,3,2)([9]5,1,5)([10]6,0,2)([11]10,9,6)([12]2,4,4)([13]3,0,6)([14]7,3,1)([15]1,14,3)([16]12,6,2)([17]5,15,4)([18]13,7,6)([19]8,2,3)([20]4,19,1)([21]13,16,7)([22]1,12,2)([23]3,7,7)([24]5,9,5)([25]6,24,5)([26]21,1,1)([27]26,0,5)([28]19,15,0)([29]25,23,0)([30]9,6,5)([31]12,5,2)([32]2,22,7)([33]18,15,0)([34]22,1,4)([35]34,9,7)([36]16,23,4)([37]33,27,4)([38]32,9,5)([39]38,21,5)([40]0,27,0)([41]40,16,5)([42]36,20,6)([43]34,26,6)([44]11,18,6)([45]3,35,6)([46]29,3,5)([47]1,10,3)([48]28,6,3)([49]34,37,0)([50]35,26,1)([51]40,17,3)([52]43,20,2)([53]46,35,6)([54]15,46,7)([55]54,36,7)([56]24,47,6)([57]17,14,4)([58]48,5,5)([59]47,39,0)([60]47,36,4)([61]45,17,5)([62]44,61,4)([63]37,55,5)([64]46,4,7)([65]16,46,7)([66]58,39,5)([67]9,5,4)([68]58,10,2)([69]30,43,3)([70]62,69,5)([71]65,19,1)([72]40,4,2)([73]66,53,7)([74]70,73,3)([75]3,63,0)([76]19,11,6)([77]15,5,2)([78]61,32,0)([79]74,63,4)([80]45,40,0)([81]54,69,4)([82]55,68,2)([83]9,72,2)([84]41,45,0)([85]15,41,1)([86]54,41,6)(79)
optimized area: 134.90
time: 641727 ms
seed: 1634389119
{7,1,80,1,2,1,8}([7]4,0,1)([8]3,6,5)([9]5,7,6)([10]0,9,3)([11]8,5,6)([12]5,8,2)([13]11,7,4)([14]2,0,7)([15]6,1,4)([16]7,3,4)([17]11,6,7)([18]3,1,6)([19]5,11,0)([20]5,1,5)([21]10,16,4)([22]15,9,0)([23]16,10,5)([24]14,2,4)([25]6,14,2)([26]1,12,4)([27]2,26,6)([28]17,20,4)([29]21,15,5)([30]8,15,4)([31]16,25,4)([32]11,23,4)([33]7,2,5)([34]2,0,0)([35]4,26,6)([36]3,28,6)([37]1,20,1)([38]18,25,3)([39]10,21,3)([40]11,25,6)([41]19,32,4)([42]9,21,5)([43]14,35,7)([44]27,43,3)([45]17,24,4)([46]7,37,5)([47]44,17,4)([48]43,5,1)([49]27,33,7)([50]1,16,2)([51]41,40,7)([52]49,40,4)([53]27,26,0)([54]47,46,3)([55]36,9,6)([56]3,22,3)([57]38,14,7)([58]51,50,6)([59]29,32,5)([60]57,55,6)([61]15,35,1)([62]15,22,0)([63]2,39,4)([64]34,7,7)([65]53,62,7)([66]22,33,0)([67]52,47,6)([68]49,18,3)([69]40,27,5)([70]58,60,4)([71]59,51,4)([72]12,57,6)([73]31,18,2)([74]3,68,4)([75]64,59,5)([76]70,62,0)([77]57,71,0)([78]75,76,2)([79]42,54,1)([80]74,5,3)([81]67,64,0)([82]78,67,4)([83]34,75,2)([84]40,59,3)([85]1,19,2)([86]8,35,6)(82)
evaluations: 44548536
first invidual area: 141.03
{7,1,80,1,2,1,8}([7]4,3,1)([8]3,6,5)([9]7,5,6)([10]9,0,3)([11]5,8,6)([12]4,4,3)([13]11,5,0)([14]2,0,7)([15]6,1,4)([16]3,12,7)([17]6,13,7)([18]3,1,6)([19]5,8,2)([20]15,5,5)([21]10,16,4)([22]1,3,2)([23]16,10,5)([24]21,20,0)([25]14,6,2)([26]1,19,4)([27]2,26,6)([28]17,20,5)([29]13,15,3)([30]26,4,3)([31]2,8,5)([32]11,23,4)([33]7,2,2)([34]24,15,5)([35]32,32,2)([36]3,28,6)([37]25,18,3)([38]8,33,4)([39]19,13,4)([40]13,25,6)([41]5,35,4)([42]20,26,2)([43]14,30,4)([44]27,43,3)([45]5,18,4)([46]25,4,4)([47]44,17,4)([48]24,41,7)([49]27,33,3)([50]1,16,2)([51]41,40,7)([52]40,49,4)([53]32,3,7)([54]44,41,0)([55]36,9,6)([56]26,2,0)([57]37,14,7)([58]51,50,6)([59]34,32,5)([60]57,55,6)([61]45,29,0)([62]58,54,2)([63]29,7,4)([64]2,12,4)([65]38,22,6)([66]63,61,7)([67]52,47,3)([68]1,44,1)([69]33,55,6)([70]58,60,4)([71]24,44,5)([72]68,55,1)([73]5,42,3)([74]44,40,1)([75]64,59,5)([76]65,3,2)([77]14,4,5)([78]75,70,5)([79]49,67,6)([80]32,27,5)([81]49,2,4)([82]78,67,4)([83]82,52,5)([84]57,49,3)([85]82,73,1)([86]43,7,2)(82)
optimized area: 135.86
time: 541544 ms
seed: 1634438131
{7,1,80,1,2,1,8}([7]1,5,5)([8]0,2,2)([9]3,2,7)([10]3,5,6)([11]4,5,7)([12]4,0,4)([13]6,2,3)([14]11,3,7)([15]1,8,6)([16]1,5,4)([17]11,13,6)([18]4,9,6)([19]14,13,7)([20]7,5,5)([21]16,12,3)([22]15,2,2)([23]17,12,6)([24]23,15,7)([25]22,4,7)([26]7,6,7)([27]26,25,6)([28]16,24,5)([29]25,15,5)([30]27,2,4)([31]10,2,6)([32]21,30,5)([33]5,5,1)([34]18,19,3)([35]30,14,6)([36]21,20,7)([37]5,7,6)([38]2,35,3)([39]18,35,4)([40]8,3,0)([41]14,32,7)([42]36,31,6)([43]25,20,5)([44]34,21,2)([45]17,2,6)([46]6,42,7)([47]33,40,2)([48]41,47,6)([49]44,14,7)([50]46,48,6)([51]39,49,2)([52]29,27,4)([53]42,17,1)([54]2,36,7)([55]33,19,2)([56]52,34,5)([57]9,6,2)([58]28,50,4)([59]28,54,7)([60]51,26,7)([61]48,53,4)([62]20,40,4)([63]56,60,3)([64]13,63,2)([65]58,63,2)([66]63,3,0)([67]24,62,3)([68]53,22,0)([69]42,16,1)([70]39,52,7)([71]18,2,5)([72]32,4,3)([73]23,50,0)([74]55,59,5)([75]39,7,4)([76]15,43,2)([77]27,51,3)([78]5,77,4)([79]47,13,0)([80]37,46,1)([81]49,0,1)([82]32,5,6)([83]20,57,3)([84]29,12,3)([85]52,73,0)([86]83,28,2)(65)
evaluations: 19059093
first invidual area: 146.18
{7,1,80,1,2,1,8}([7]1,5,5)([8]0,2,2)([9]2,3,7)([10]5,0,0)([11]5,4,7)([12]0,4,4)([13]6,2,3)([14]3,11,7)([15]8,1,6)([16]10,1,4)([17]13,11,6)([18]4,9,6)([19]13,14,7)([20]7,10,5)([21]12,16,3)([22]15,2,5)([23]17,12,3)([24]23,15,4)([25]22,4,4)([26]7,6,7)([27]25,26,3)([28]16,24,5)([29]25,15,5)([30]2,27,7)([31]5,3,6)([32]21,30,5)([33]2,31,6)([34]18,19,3)([35]21,30,3)([36]20,21,2)([37]36,7,3)([38]5,28,6)([39]18,35,7)([40]3,8,2)([41]14,32,7)([42]36,33,6)([43]28,41,0)([44]8,15,4)([45]38,31,7)([46]42,6,7)([47]10,7,6)([48]41,40,6)([49]36,14,7)([50]46,48,3)([51]0,7,7)([52]39,49,5)([53]29,0,7)([54]46,32,2)([55]45,11,2)([56]34,29,5)([57]5,24,0)([58]28,50,7)([59]53,2,2)([60]26,52,4)([61]57,24,4)([62]60,56,3)([63]12,58,7)([64]6,2,6)([65]58,62,2)([66]18,59,0)([67]43,47,1)([68]65,8,0)([69]2,29,5)([70]10,20,1)([71]23,64,1)([72]18,8,1)([73]3,69,1)([74]14,38,6)([75]50,0,7)([76]19,14,5)([77]69,26,3)([78]0,32,0)([79]73,23,4)([80]11,3,7)([81]22,9,5)([82]44,81,0)([83]57,81,7)([84]53,16,0)([85]65,61,4)([86]83,46,6)(65)
optimized area: 134.46
time: 625284 ms
seed: 1634498401
NOT FOUND
time: 530901 ms
seed: 1634597600
NOT FOUND
time: 519882 ms
seed: 1634646339
NOT FOUND
time: 518290 ms
seed: 1634694921
{7,1,80,1,2,1,8}([7]5,3,7)([8]1,0,4)([9]6,2,4)([10]2,4,4)([11]1,8,6)([12]1,5,4)([13]6,10,4)([14]2,1,6)([15]7,13,6)([16]8,14,7)([17]3,4,5)([18]10,3,6)([19]12,6,6)([20]17,12,2)([21]3,9,5)([22]16,20,2)([23]2,8,2)([24]4,20,1)([25]4,4,4)([26]23,21,7)([27]7,2,2)([28]13,17,7)([29]13,9,0)([30]6,2,2)([31]20,0,3)([32]1,11,3)([33]22,3,6)([34]28,7,3)([35]34,11,2)([36]2,31,7)([37]10,36,2)([38]15,22,3)([39]29,14,0)([40]35,26,4)([41]25,10,5)([42]38,29,2)([43]28,16,6)([44]14,27,4)([45]44,14,6)([46]40,33,6)([47]15,24,3)([48]7,39,6)([49]7,38,5)([50]35,22,1)([51]31,32,3)([52]22,39,6)([53]40,44,6)([54]24,20,7)([55]53,42,3)([56]15,21,4)([57]52,27,1)([58]38,6,0)([59]10,13,0)([60]47,7,4)([61]33,45,7)([62]37,46,3)([63]31,40,3)([64]42,58,2)([65]27,6,1)([66]65,62,5)([67]60,31,6)([68]56,6,4)([69]6,55,6)([70]35,58,7)([71]60,56,4)([72]62,3,1)([73]37,36,3)([74]60,70,5)([75]72,69,3)([76]43,69,1)([77]14,36,7)([78]43,62,4)([79]76,16,2)([80]73,56,4)([81]26,4,5)([82]64,23,5)([83]74,75,7)([84]9,54,1)([85]10,10,7)([86]23,80,0)(83)
evaluations: 11684841
first invidual area: 127.90
{7,1,80,1,2,1,8}([7]5,3,7)([8]0,1,4)([9]1,5,4)([10]2,4,4)([11]4,3,2)([12]2,9,0)([13]6,10,4)([14]1,12,6)([15]13,7,6)([16]0,8,6)([17]4,3,5)([18]8,14,7)([19]16,16,0)([20]17,9,2)([21]4,14,1)([22]18,20,2)([23]13,17,7)([24]3,23,5)([25]8,2,5)([26]15,7,6)([27]0,1,7)([28]2,7,2)([29]17,19,5)([30]24,25,4)([31]0,20,6)([32]19,31,2)([33]7,23,3)([34]14,8,6)([35]33,19,2)([36]35,2,0)([37]30,16,5)([38]20,26,3)([39]27,32,3)([40]30,35,4)([41]31,39,3)([42]21,33,4)([43]22,3,6)([44]15,22,3)([45]23,5,3)([46]40,43,6)([47]28,14,3)([48]35,16,2)([49]11,35,0)([50]36,44,7)([51]25,19,2)([52]27,10,5)([53]40,47,6)([54]4,37,0)([55]31,2,4)([56]6,53,3)([57]8,11,3)([58]37,31,4)([59]58,18,6)([60]26,21,7)([61]42,34,3)([62]23,22,2)([63]60,47,2)([64]4,1,5)([65]55,10,2)([66]18,12,7)([67]37,17,2)([68]29,37,6)([69]62,56,6)([70]33,69,0)([71]35,33,0)([72]65,46,6)([73]13,29,6)([74]50,60,5)([75]72,69,6)([76]67,0,2)([77]58,29,5)([78]48,10,3)([79]47,71,0)([80]65,38,2)([81]62,80,1)([82]60,32,3)([83]74,75,4)([84]3,68,5)([85]40,35,7)([86]74,13,4)(83)
optimized area: 118.99
time: 913795 ms
seed: 1634772429
NOT FOUND
time: 983748 ms
seed: 1634837669
NOT FOUND
time: 983086 ms
seed: 1635092331
{7,1,80,1,2,1,8}([7]3,2,5)([8]2,5,3)([9]8,4,7)([10]1,2,1)([11]1,9,4)([12]7,5,7)([13]2,12,5)([14]6,1,2)([15]4,4,1)([16]4,13,7)([17]5,10,3)([18]3,7,4)([19]1,0,4)([20]0,10,6)([21]17,11,5)([22]16,19,2)([23]18,14,7)([24]0,2,7)([25]23,21,4)([26]6,20,4)([27]14,12,1)([28]13,0,3)([29]4,27,5)([30]24,26,7)([31]8,6,2)([32]1,22,3)([33]3,29,6)([34]0,3,3)([35]23,11,2)([36]13,20,4)([37]9,3,6)([38]22,17,1)([39]37,37,0)([40]12,8,2)([41]26,25,2)([42]29,30,7)([43]22,18,2)([44]41,17,4)([45]28,26,2)([46]45,31,5)([47]43,0,0)([48]16,34,6)([49]34,6,6)([50]35,32,5)([51]48,44,6)([52]22,42,7)([53]23,19,1)([54]32,9,3)([55]46,37,2)([56]51,11,0)([57]25,34,5)([58]16,3,3)([59]46,19,4)([60]44,25,4)([61]50,47,7)([62]31,10,7)([63]59,22,1)([64]8,33,0)([65]49,33,2)([66]52,58,7)([67]46,2,7)([68]65,14,7)([69]61,56,6)([70]1,10,6)([71]66,39,6)([72]40,34,0)([73]9,31,3)([74]71,67,5)([75]0,27,1)([76]58,69,5)([77]53,58,7)([78]69,74,7)([79]50,41,7)([80]37,66,0)([81]65,34,6)([82]80,52,1)([83]61,38,1)([84]70,74,0)([85]40,46,3)([86]71,59,6)(78)
evaluations: 11802568
first invidual area: 144.77
{7,1,80,1,2,1,8}([7]2,4,1)([8]2,5,3)([9]8,4,4)([10]1,1,1)([11]10,9,4)([12]3,5,4)([13]2,12,5)([14]6,1,5)([15]10,0,7)([16]13,4,7)([17]5,10,3)([18]7,3,5)([19]5,13,2)([20]10,0,6)([21]11,17,5)([22]16,15,2)([23]14,18,4)([24]20,14,1)([25]11,9,2)([26]6,20,4)([27]3,16,3)([28]4,14,5)([29]4,14,2)([30]4,3,6)([31]0,13,3)([32]1,22,3)([33]18,22,5)([34]23,21,4)([35]32,23,2)([36]26,31,2)([37]0,7,7)([38]11,12,2)([39]28,22,7)([40]8,6,2)([41]26,34,5)([42]37,27,7)([43]40,11,5)([44]41,17,7)([45]33,27,1)([46]40,36,5)([47]1,35,0)([48]27,0,6)([49]48,34,3)([50]35,11,5)([51]48,44,6)([52]5,8,2)([53]15,3,5)([54]51,41,2)([55]44,12,2)([56]12,40,6)([57]46,2,4)([58]43,56,3)([59]3,42,1)([60]36,4,1)([61]50,33,4)([62]51,61,3)([63]36,11,1)([64]18,46,3)([65]39,26,7)([66]63,13,5)([67]42,65,7)([68]60,18,0)([69]32,28,3)([70]61,58,1)([71]30,57,6)([72]4,27,4)([73]47,2,0)([74]67,71,5)([75]61,59,1)([76]62,24,1)([77]44,59,4)([78]62,74,4)([79]44,35,7)([80]9,11,3)([81]66,50,4)([82]21,35,1)([83]80,82,3)([84]35,62,7)([85]39,59,3)([86]13,53,6)(78)
optimized area: 136.33
time: 1165354 ms
seed: 1635124487
{7,1,80,1,2,1,8}([7]0,1,4)([8]2,6,1)([9]8,6,4)([10]5,7,7)([11]1,8,3)([12]10,4,6)([13]12,2,4)([14]4,7,4)([15]13,5,4)([16]10,9,3)([17]1,16,4)([18]17,7,3)([19]6,3,3)([20]12,14,6)([21]5,18,7)([22]15,2,1)([23]3,21,4)([24]17,23,5)([25]24,2,5)([26]23,22,0)([27]25,22,2)([28]10,19,6)([29]0,27,7)([30]19,11,6)([31]25,4,5)([32]29,3,2)([33]26,20,7)([34]8,33,5)([35]10,30,2)([36]1,10,5)([37]6,35,6)([38]8,18,0)([39]2,16,3)([40]32,37,4)([41]4,36,7)([42]31,32,7)([43]34,9,3)([44]43,20,7)([45]43,42,5)([46]17,40,6)([47]34,36,7)([48]46,7,3)([49]43,30,6)([50]26,25,3)([51]40,44,3)([52]48,8,5)([53]13,34,2)([54]29,34,7)([55]52,41,2)([56]51,45,2)([57]34,0,4)([58]24,12,2)([59]58,51,6)([60]36,15,5)([61]35,31,1)([62]42,30,5)([63]60,61,7)([64]56,55,4)([65]18,2,6)([66]65,6,1)([67]52,21,4)([68]5,52,4)([69]22,60,0)([70]51,8,7)([71]67,20,5)([72]65,22,1)([73]21,35,2)([74]7,48,2)([75]7,35,4)([76]32,45,7)([77]75,66,5)([78]69,0,5)([79]71,68,6)([80]77,50,0)([81]59,37,4)([82]23,31,3)([83]68,65,6)([84]57,57,6)([85]84,53,2)([86]5,59,7)(64)
evaluations: 28981117
first invidual area: 130.71
{7,1,80,1,2,1,8}([7]1,0,4)([8]4,6,2)([9]6,4,5)([10]5,7,7)([11]10,8,6)([12]4,10,6)([13]5,12,4)([14]3,1,3)([15]11,14,6)([16]7,4,4)([17]11,1,7)([18]13,17,6)([19]3,5,4)([20]12,16,6)([21]10,1,5)([22]17,2,0)([23]18,19,4)([24]19,17,5)([25]24,2,5)([26]2,13,7)([27]25,26,5)([28]20,14,2)([29]0,27,4)([30]10,23,2)([31]25,4,5)([32]29,3,2)([33]23,20,7)([34]6,33,5)([35]15,29,2)([36]34,25,1)([37]6,35,6)([38]35,5,1)([39]34,17,3)([40]32,37,4)([41]4,21,7)([42]31,32,7)([43]34,2,3)([44]43,20,7)([45]43,42,5)([46]40,16,6)([47]10,36,0)([48]46,7,3)([49]2,1,1)([50]49,48,5)([51]40,44,3)([52]34,4,1)([53]10,22,6)([54]41,50,5)([55]9,38,5)([56]51,45,5)([57]56,6,7)([58]39,29,7)([59]13,19,7)([60]39,29,2)([61]3,27,1)([62]53,0,4)([63]12,55,4)([64]56,54,4)([65]11,20,4)([66]57,0,7)([67]36,22,0)([68]62,20,6)([69]48,24,7)([70]35,34,1)([71]48,30,5)([72]20,28,4)([73]20,49,2)([74]32,50,7)([75]41,0,0)([76]18,40,5)([77]26,32,7)([78]17,8,2)([79]41,31,5)([80]27,40,0)([81]19,11,6)([82]25,0,2)([83]7,15,7)([84]24,12,4)([85]5,5,0)([86]53,66,7)(64)
optimized area: 123.21
time: 635718 ms
seed: 1635173391
NOT FOUND
time: 562649 ms
seed: 1635290727
NOT FOUND
time: 980534 ms
seed: 1635448284
{7,1,80,1,2,1,8}([7]0,1,3)([8]5,5,6)([9]8,7,4)([10]3,2,7)([11]9,1,4)([12]10,11,3)([13]3,11,5)([14]11,6,3)([15]14,4,6)([16]4,0,4)([17]1,16,7)([18]5,2,5)([19]16,2,3)([20]19,0,6)([21]0,3,3)([22]19,9,6)([23]13,5,6)([24]18,19,0)([25]19,9,4)([26]22,3,1)([27]15,25,4)([28]16,23,5)([29]12,15,2)([30]12,5,6)([31]12,6,2)([32]28,11,4)([33]9,1,4)([34]6,24,4)([35]21,2,4)([36]20,32,1)([37]12,2,5)([38]9,4,7)([39]4,3,0)([40]19,25,6)([41]19,2,1)([42]31,32,2)([43]34,26,5)([44]27,10,6)([45]26,34,4)([46]45,23,2)([47]36,44,4)([48]38,18,6)([49]5,16,4)([50]47,46,6)([51]36,17,4)([52]31,9,1)([53]20,18,6)([54]29,35,6)([55]51,29,6)([56]48,42,7)([57]44,21,3)([58]35,38,4)([59]51,26,2)([60]46,0,7)([61]52,55,3)([62]39,41,3)([63]46,10,3)([64]56,58,3)([65]55,43,6)([66]65,50,6)([67]42,37,3)([68]42,60,5)([69]65,44,6)([70]37,57,7)([71]22,29,4)([72]3,1,0)([73]71,25,4)([74]13,4,2)([75]54,40,1)([76]62,37,4)([77]53,43,7)([78]20,33,2)([79]63,53,3)([80]66,64,4)([81]5,53,0)([82]50,73,7)([83]75,56,7)([84]57,6,7)([85]3,10,1)([86]35,41,5)(80)
evaluations: 16432155
first invidual area: 139.15
{7,1,80,1,2,1,8}([7]0,5,0)([8]0,1,3)([9]5,8,7)([10]3,2,7)([11]9,1,4)([12]10,11,3)([13]12,3,5)([14]4,6,3)([15]14,11,6)([16]7,4,4)([17]15,12,0)([18]2,5,5)([19]16,2,3)([20]18,6,4)([21]3,0,6)([22]16,1,4)([23]5,13,6)([24]17,2,4)([25]15,9,7)([26]4,19,6)([27]25,19,7)([28]16,23,5)([29]13,9,6)([30]22,26,3)([31]6,12,2)([32]10,17,2)([33]20,13,5)([34]23,23,0)([35]10,27,6)([36]12,23,1)([37]2,21,6)([38]37,4,4)([39]9,36,0)([40]28,11,5)([41]1,27,2)([42]40,31,5)([43]14,18,5)([44]0,6,5)([45]16,0,4)([46]44,23,5)([47]27,19,3)([48]20,47,5)([49]26,35,4)([50]49,46,2)([51]8,17,3)([52]40,40,7)([53]7,10,6)([54]32,30,6)([55]21,18,6)([56]55,42,4)([57]41,3,5)([58]38,9,7)([59]44,50,7)([60]26,59,7)([61]36,10,7)([62]27,53,6)([63]15,35,7)([64]16,26,6)([65]54,48,6)([66]65,50,3)([67]17,0,1)([68]18,30,3)([69]26,64,1)([70]6,37,3)([71]56,58,3)([72]52,53,6)([73]42,54,7)([74]2,43,3)([75]27,73,5)([76]13,27,4)([77]55,37,2)([78]12,29,6)([79]24,32,3)([80]66,71,7)([81]77,63,6)([82]77,8,4)([83]6,53,6)([84]70,20,3)([85]1,61,2)([86]5,37,4)(80)
optimized area: 122.73
time: 1173067 ms
seed: 1635555357
NOT FOUND
time: 1004092 ms
seed: 1635604980
{7,1,80,1,2,1,8}([7]0,4,5)([8]3,1,5)([9]2,4,7)([10]5,4,5)([11]4,0,3)([12]11,3,0)([13]9,6,6)([14]8,6,6)([15]6,10,2)([16]12,15,6)([17]5,3,7)([18]11,8,7)([19]3,2,4)([20]13,15,3)([21]11,19,7)([22]12,19,1)([23]2,17,2)([24]1,9,2)([25]20,4,5)([26]8,21,4)([27]4,19,5)([28]24,12,4)([29]7,9,4)([30]15,28,4)([31]16,13,2)([32]14,29,7)([33]17,28,4)([34]32,26,3)([35]6,27,3)([36]34,25,3)([37]14,7,6)([38]16,17,7)([39]10,8,3)([40]35,33,4)([41]0,21,0)([42]34,35,2)([43]5,1,7)([44]22,17,5)([45]2,6,0)([46]30,43,5)([47]29,12,2)([48]8,34,3)([49]43,48,4)([50]33,34,7)([51]32,46,4)([52]47,24,4)([53]44,1,5)([54]38,46,3)([55]36,54,4)([56]38,19,5)([57]51,48,7)([58]42,53,5)([59]19,36,2)([60]11,15,4)([61]37,8,1)([62]37,44,2)([63]39,21,2)([64]15,58,6)([65]49,59,4)([66]25,37,3)([67]64,55,3)([68]2,53,5)([69]18,51,7)([70]3,44,2)([71]5,16,4)([72]47,25,5)([73]50,51,6)([74]9,2,4)([75]21,3,0)([76]29,4,2)([77]32,63,5)([78]73,67,6)([79]51,11,0)([80]38,37,4)([81]13,1,1)([82]68,60,5)([83]62,78,7)([84]50,0,0)([85]11,63,1)([86]67,76,4)(83)
evaluations: 10188291
first invidual area: 135.39
{7,1,80,1,2,1,8}([7]0,4,5)([8]3,1,5)([9]4,2,7)([10]5,4,5)([11]0,4,3)([12]2,3,4)([13]6,2,6)([14]8,6,6)([15]6,10,2)([16]8,12,4)([17]5,3,7)([18]16,15,4)([19]7,14,7)([20]15,15,2)([21]10,1,4)([22]5,1,7)([23]11,16,7)([24]20,13,3)([25]1,9,5)([26]17,20,0)([27]6,11,6)([28]25,11,7)([29]28,10,6)([30]15,28,4)([31]4,12,5)([32]19,9,4)([33]28,17,4)([34]32,23,3)([35]29,30,5)([36]3,29,6)([37]21,9,6)([38]34,23,0)([39]31,6,3)([40]18,20,2)([41]26,27,7)([42]39,38,2)([43]10,38,0)([44]12,13,3)([45]13,18,3)([46]30,22,5)([47]41,27,5)([48]34,47,1)([49]34,33,7)([50]18,10,0)([51]4,24,5)([52]38,51,3)([53]47,1,5)([54]46,41,3)([55]52,54,5)([56]3,36,5)([57]50,10,6)([58]53,42,5)([59]51,51,1)([60]11,31,1)([61]21,23,3)([62]46,32,4)([63]15,11,4)([64]26,55,3)([65]59,13,0)([66]15,58,6)([67]66,55,3)([68]49,41,6)([69]26,29,2)([70]24,43,0)([71]14,10,1)([72]48,21,3)([73]49,62,6)([74]48,23,2)([75]58,23,6)([76]65,62,2)([77]34,22,4)([78]67,73,6)([79]7,14,3)([80]15,38,2)([81]51,79,7)([82]59,50,7)([83]79,78,4)([84]79,53,4)([85]10,64,1)([86]30,63,2)(83)
optimized area: 128.36
time: 1323986 ms
seed: 1635652762
NOT FOUND
time: 1062230 ms
seed: 1635700574
NOT FOUND
time: 1078637 ms
seed: 1635747814
{7,1,80,1,2,1,8}([7]0,5,4)([8]0,1,4)([9]3,6,5)([10]2,5,2)([11]10,4,7)([12]10,5,5)([13]2,11,7)([14]8,6,4)([15]0,13,2)([16]0,11,2)([17]16,3,7)([18]6,7,1)([19]6,4,4)([20]13,19,3)([21]13,12,7)([22]17,13,1)([23]9,11,7)([24]8,21,1)([25]13,15,4)([26]24,6,3)([27]19,3,5)([28]6,14,4)([29]20,16,3)([30]5,23,4)([31]17,12,7)([32]19,6,2)([33]4,29,7)([34]12,25,7)([35]10,30,0)([36]24,7,2)([37]24,33,4)([38]11,22,0)([39]32,37,6)([40]11,3,4)([41]15,6,6)([42]36,0,0)([43]5,23,5)([44]38,7,3)([45]37,41,4)([46]0,29,0)([47]43,23,1)([48]45,30,3)([49]11,39,2)([50]13,35,0)([51]20,44,4)([52]13,51,6)([53]22,27,2)([54]52,31,5)([55]53,23,0)([56]42,52,3)([57]6,21,1)([58]25,21,4)([59]6,46,7)([60]54,37,5)([61]59,50,4)([62]48,60,2)([63]0,50,5)([64]62,61,1)([65]40,44,2)([66]39,56,6)([67]41,57,2)([68]7,20,2)([69]63,54,4)([70]51,32,5)([71]26,61,7)([72]41,58,5)([73]10,66,3)([74]2,25,1)([75]58,43,6)([76]73,65,2)([77]36,7,7)([78]62,70,5)([79]36,62,2)([80]20,15,3)([81]26,6,3)([82]76,78,7)([83]49,24,1)([84]46,81,7)([85]51,60,2)([86]17,65,0)(82)
evaluations: 18577585
first invidual area: 125.09
{7,1,80,1,2,1,8}([7]0,5,4)([8]0,1,7)([9]3,6,5)([10]5,2,2)([11]4,10,7)([12]7,8,2)([13]2,11,7)([14]0,11,2)([15]1,3,5)([16]2,5,0)([17]13,0,2)([18]11,9,7)([19]6,4,4)([20]19,13,3)([21]10,0,6)([22]2,10,0)([23]14,20,3)([24]4,23,7)([25]4,7,4)([26]14,11,5)([27]17,6,6)([28]5,18,7)([29]3,11,4)([30]10,29,3)([31]25,27,0)([32]27,15,2)([33]14,17,1)([34]1,19,6)([35]21,3,4)([36]29,34,4)([37]8,24,4)([38]11,23,0)([39]12,16,7)([40]4,37,5)([41]39,1,1)([42]40,35,2)([43]3,2,1)([44]7,11,3)([45]31,28,3)([46]19,44,4)([47]0,41,2)([48]5,24,6)([49]13,3,4)([50]37,27,7)([51]42,35,2)([52]13,46,6)([53]50,28,5)([54]40,1,2)([55]12,52,3)([56]19,37,6)([57]35,52,5)([58]45,7,1)([59]34,55,1)([60]57,37,5)([61]60,27,0)([62]53,60,2)([63]55,60,6)([64]59,2,1)([65]44,29,2)([66]56,55,6)([67]56,16,7)([68]50,40,6)([69]4,56,4)([70]6,63,1)([71]66,10,5)([72]63,13,0)([73]10,66,3)([74]40,22,5)([75]48,58,3)([76]65,73,5)([77]45,43,1)([78]62,71,5)([79]34,62,0)([80]11,71,2)([81]40,33,1)([82]76,78,4)([83]16,25,2)([84]51,83,1)([85]46,43,1)([86]12,33,7)(82)
optimized area: 116.19
time: 1280175 ms
seed: 1635794731
{7,1,80,1,2,1,8}([7]2,5,2)([8]0,5,0)([9]8,1,6)([10]1,7,7)([11]0,4,5)([12]4,10,0)([13]12,6,6)([14]11,10,7)([15]14,4,1)([16]5,10,7)([17]16,2,3)([18]4,13,6)([19]17,3,5)([20]12,6,6)([21]20,5,3)([22]2,19,7)([23]7,4,5)([24]20,1,4)([25]8,19,6)([26]17,8,2)([27]24,9,3)([28]18,1,4)([29]0,19,7)([30]6,14,4)([31]11,22,4)([32]15,23,4)([33]18,5,6)([34]3,0,3)([35]32,3,4)([36]26,31,3)([37]3,7,2)([38]35,22,7)([39]14,27,4)([40]30,33,5)([41]29,12,7)([42]11,38,3)([43]42,42,3)([44]39,41,7)([45]30,42,7)([46]23,13,7)([47]26,12,1)([48]36,7,5)([49]43,24,1)([50]31,21,2)([51]25,26,3)([52]42,28,7)([53]26,24,0)([54]38,46,0)([55]33,42,2)([56]44,2,5)([57]36,44,2)([58]2,50,4)([59]39,49,4)([60]56,56,3)([61]20,30,1)([62]40,58,4)([63]27,28,5)([64]60,45,5)([65]35,46,7)([66]57,62,2)([67]64,0,2)([68]64,49,6)([69]65,51,3)([70]49,64,6)([71]66,69,7)([72]19,17,2)([73]44,48,0)([74]64,14,1)([75]56,58,6)([76]75,67,4)([77]72,25,6)([78]68,32,2)([79]68,43,5)([80]74,33,3)([81]22,24,7)([82]47,17,7)([83]21,38,2)([84]49,50,4)([85]45,55,3)([86]78,71,3)(86)
evaluations: 31408724
first invidual area: 156.96
{7,1,80,1,2,1,8}([7]2,5,2)([8]5,2,6)([9]4,4,2)([10]7,1,7)([11]4,0,5)([12]0,0,2)([13]6,4,6)([14]10,11,7)([15]13,4,6)([16]10,5,7)([17]16,2,3)([18]3,13,2)([19]17,3,5)([20]1,8,5)([21]14,6,7)([22]15,6,0)([23]4,7,2)([24]13,1,4)([25]12,17,2)([26]1,0,6)([27]24,26,6)([28]2,19,7)([29]0,4,6)([30]14,6,4)([31]11,28,5)([32]14,23,4)([33]15,5,6)([34]19,32,1)([35]14,3,7)([36]31,25,3)([37]2,12,2)([38]20,30,2)([39]34,27,7)([40]30,33,5)([41]10,39,7)([42]39,6,0)([43]2,25,6)([44]29,41,4)([45]13,5,3)([46]1,4,4)([47]41,35,6)([48]25,9,7)([49]15,31,1)([50]45,31,5)([51]34,25,3)([52]38,42,0)([53]40,23,5)([54]0,35,1)([55]52,26,5)([56]46,17,5)([57]44,36,2)([58]2,50,7)([59]5,22,5)([60]13,3,6)([61]44,2,5)([62]40,58,4)([63]15,29,4)([64]61,52,2)([65]35,13,4)([66]57,62,5)([67]14,25,7)([68]43,14,6)([69]65,51,6)([70]29,23,2)([71]66,69,7)([72]71,57,0)([73]51,9,3)([74]30,52,3)([75]23,7,6)([76]48,27,6)([77]19,56,3)([78]64,32,2)([79]40,7,3)([80]36,4,2)([81]74,26,4)([82]57,25,5)([83]31,64,5)([84]28,13,6)([85]71,15,1)([86]78,71,3)(86)
optimized area: 133.51
time: 1190449 ms
seed: 1635837945
{7,1,80,1,2,1,8}([7]4,0,2)([8]1,5,4)([9]7,1,4)([10]3,5,5)([11]3,0,7)([12]2,8,1)([13]12,6,6)([14]2,0,7)([15]6,8,1)([16]11,12,3)([17]4,16,7)([18]15,9,6)([19]9,17,4)([20]16,14,4)([21]3,19,5)([22]13,8,3)([23]21,22,5)([24]22,2,3)([25]2,11,3)([26]12,5,4)([27]16,8,4)([28]26,2,5)([29]19,26,2)([30]25,29,3)([31]23,18,4)([32]17,28,3)([33]25,32,6)([34]10,31,5)([35]6,4,3)([36]14,8,5)([37]6,1,1)([38]7,34,3)([39]3,18,2)([40]0,28,3)([41]31,3,2)([42]27,21,1)([43]27,18,0)([44]15,43,4)([45]3,5,1)([46]29,38,2)([47]11,32,7)([48]46,41,5)([49]6,41,7)([50]45,47,5)([51]41,42,0)([52]1,43,0)([53]35,41,7)([54]1,20,4)([55]40,9,2)([56]52,26,1)([57]23,16,2)([58]53,36,2)([59]20,17,3)([60]10,30,4)([61]34,50,5)([62]55,39,6)([63]17,18,5)([64]45,35,6)([65]28,48,3)([66]57,47,3)([67]28,6,7)([68]54,29,0)([69]58,62,6)([70]22,16,6)([71]46,69,7)([72]20,62,4)([73]18,33,0)([74]38,50,2)([75]24,12,7)([76]34,61,1)([77]49,66,3)([78]74,22,4)([79]59,23,7)([80]77,71,2)([81]9,37,6)([82]27,19,7)([83]81,53,5)([84]69,55,4)([85]4,19,1)([86]24,24,5)(80)
evaluations: 23533447
first invidual area: 119.44
{7,1,80,1,2,1,8}([7]0,4,2)([8]5,1,4)([9]7,1,4)([10]6,9,1)([11]3,0,7)([12]2,5,1)([13]6,12,6)([14]2,10,1)([15]5,6,4)([16]12,11,3)([17]16,4,7)([18]9,10,6)([19]9,17,4)([20]2,16,1)([21]3,19,5)([22]13,8,3)([23]21,22,5)([24]6,4,3)([25]3,2,5)([26]15,2,0)([27]5,12,4)([28]5,27,5)([29]19,27,2)([30]3,18,2)([31]18,23,4)([32]28,17,3)([33]12,25,6)([34]25,31,5)([35]10,15,0)([36]2,32,4)([37]27,10,5)([38]34,7,3)([39]35,27,0)([40]0,28,3)([41]31,3,2)([42]0,12,4)([43]16,23,2)([44]42,8,5)([45]37,43,5)([46]9,40,2)([47]5,23,1)([48]3,32,3)([49]15,43,2)([50]29,38,5)([51]27,13,6)([52]32,11,7)([53]24,41,7)([54]26,44,5)([55]52,23,0)([56]2,47,7)([57]52,23,6)([58]44,53,5)([59]0,14,7)([60]57,56,0)([61]28,31,5)([62]46,30,3)([63]61,29,1)([64]37,43,2)([65]35,41,4)([66]43,52,3)([67]53,37,2)([68]66,65,3)([69]58,62,5)([70]26,2,3)([71]50,69,7)([72]10,17,0)([73]41,28,3)([74]20,71,2)([75]57,44,7)([76]17,9,7)([77]22,22,3)([78]28,7,5)([79]68,71,2)([80]70,21,3)([81]10,64,7)([82]37,11,0)([83]11,50,3)([84]52,29,4)([85]5,74,5)([86]56,29,0)(79)
optimized area: 118.03
time: 1215070 ms
seed: 1635879976
NOT FOUND
time: 1054314 ms
