seed: 1633872350
NOT FOUND
time: 530052 ms
seed: 1634010065
NOT FOUND
time: 536076 ms
seed: 1634058853
{7,1,80,1,2,1,8}([7]5,0,4)([8]6,5,4)([9]4,1,4)([10]6,3,3)([11]6,8,3)([12]3,9,4)([13]11,2,4)([14]12,0,2)([15]13,11,2)([16]4,14,4)([17]4,9,2)([18]15,4,6)([19]0,8,7)([20]18,3,7)([21]2,7,2)([22]17,15,2)([23]18,1,5)([24]20,22,4)([25]6,0,2)([26]17,5,5)([27]24,25,6)([28]16,24,0)([29]8,24,3)([30]15,26,1)([31]20,0,5)([32]16,9,0)([33]28,1,7)([34]1,21,5)([35]7,19,7)([36]34,16,6)([37]34,26,7)([38]16,34,7)([39]29,31,6)([40]7,38,5)([41]36,32,4)([42]12,10,7)([43]29,40,6)([44]38,37,5)([45]36,43,6)([46]19,20,5)([47]27,10,2)([48]42,15,6)([49]47,8,7)([50]2,39,6)([51]6,41,2)([52]9,48,6)([53]52,46,5)([54]45,53,7)([55]23,40,1)([56]32,41,7)([57]17,48,6)([58]55,21,7)([59]38,13,1)([60]12,29,2)([61]50,18,3)([62]57,43,5)([63]18,49,7)([64]21,37,0)([65]8,25,2)([66]54,63,5)([67]62,59,1)([68]61,66,4)([69]11,49,1)([70]48,30,7)([71]25,4,4)([72]21,56,0)([73]28,50,5)([74]68,3,0)([75]27,32,4)([76]68,51,7)([77]70,49,0)([78]37,72,5)([79]37,44,3)([80]73,12,3)([81]12,37,1)([82]51,32,6)([83]26,14,5)([84]7,53,7)([85]61,17,3)([86]77,28,4)(76)
evaluations: 28860324
first invidual area: 140.09
{7,1,80,1,2,1,8}([7]5,0,4)([8]6,5,4)([9]1,4,4)([10]6,3,3)([11]8,6,3)([12]9,3,4)([13]2,5,1)([14]12,0,5)([15]11,13,2)([16]14,4,7)([17]11,8,1)([18]15,4,6)([19]15,4,2)([20]3,18,7)([21]0,6,2)([22]14,17,7)([23]19,9,5)([24]20,23,7)([25]9,7,3)([26]3,0,4)([27]8,18,7)([28]2,11,5)([29]24,8,3)([30]28,12,6)([31]26,20,5)([32]15,11,5)([33]2,7,2)([34]1,33,5)([35]21,24,6)([36]26,34,6)([37]25,27,1)([38]34,7,2)([39]29,31,6)([40]16,38,5)([41]36,16,3)([42]21,13,0)([43]40,29,6)([44]1,34,2)([45]26,22,6)([46]43,36,3)([47]37,39,1)([48]1,14,1)([49]33,20,2)([50]39,2,6)([51]6,41,5)([52]9,30,6)([53]52,31,5)([54]46,53,4)([55]5,35,4)([56]32,18,6)([57]51,41,1)([58]10,35,5)([59]6,35,0)([60]29,44,0)([61]50,18,6)([62]6,10,6)([63]58,27,4)([64]58,26,1)([65]54,63,5)([66]49,57,7)([67]47,5,6)([68]61,65,4)([69]12,14,3)([70]6,31,4)([71]42,21,4)([72]51,49,0)([73]11,10,0)([74]72,68,7)([75]48,5,0)([76]24,21,5)([77]41,21,0)([78]20,8,4)([79]5,17,3)([80]20,33,3)([81]70,31,5)([82]57,13,2)([83]12,51,7)([84]14,17,1)([85]13,73,1)([86]40,52,7)(74)
optimized area: 125.53
time: 605758 ms
seed: 1634173096
{7,1,80,1,2,1,8}([7]3,5,7)([8]1,0,2)([9]2,1,2)([10]4,8,6)([11]5,6,6)([12]7,2,6)([13]2,5,1)([14]12,1,3)([15]12,6,4)([16]1,11,5)([17]15,16,5)([18]7,14,7)([19]13,18,4)([20]9,18,7)([21]17,7,4)([22]4,18,1)([23]16,21,7)([24]10,17,6)([25]19,24,1)([26]20,21,1)([27]5,24,3)([28]0,5,6)([29]26,28,4)([30]21,25,3)([31]22,15,4)([32]29,30,2)([33]27,4,4)([34]25,17,6)([35]17,13,6)([36]27,27,7)([37]27,13,7)([38]32,33,6)([39]10,33,0)([40]3,23,6)([41]32,40,6)([42]41,1,4)([43]40,21,4)([44]7,21,3)([45]39,42,6)([46]1,43,5)([47]45,37,5)([48]11,24,6)([49]38,35,7)([50]38,14,2)([51]34,0,2)([52]24,33,2)([53]45,16,0)([54]40,49,3)([55]45,10,4)([56]50,31,2)([57]19,1,7)([58]31,46,3)([59]0,58,6)([60]19,40,3)([61]51,54,7)([62]55,16,3)([63]10,48,7)([64]57,37,5)([65]51,39,7)([66]14,34,7)([67]59,61,6)([68]38,2,5)([69]51,20,2)([70]14,40,6)([71]17,21,4)([72]16,24,4)([73]34,31,2)([74]47,67,2)([75]66,37,2)([76]54,12,3)([77]70,12,5)([78]74,76,2)([79]34,34,0)([80]60,12,0)([81]30,16,1)([82]67,47,0)([83]4,6,3)([84]56,17,5)([85]10,24,6)([86]1,61,2)(78)
evaluations: 13730385
first invidual area: 141.93
{7,1,80,1,2,1,8}([7]5,3,7)([8]6,2,5)([9]0,1,2)([10]4,9,6)([11]6,5,6)([12]2,7,6)([13]1,2,5)([14]1,12,3)([15]6,12,4)([16]11,1,5)([17]15,16,5)([18]7,14,7)([19]8,18,7)([20]13,18,4)([21]7,17,4)([22]15,7,4)([23]4,15,7)([24]10,17,6)([25]11,20,5)([26]5,0,3)([27]5,24,3)([28]9,2,6)([29]20,26,4)([30]10,28,6)([31]4,27,4)([32]25,29,2)([33]32,31,3)([34]26,2,2)([35]2,27,4)([36]16,3,7)([37]17,19,6)([38]34,5,3)([39]2,37,6)([40]36,21,6)([41]40,32,6)([42]40,21,3)([43]1,28,6)([44]41,1,4)([45]44,10,6)([46]25,44,7)([47]31,10,5)([48]12,25,1)([49]33,8,7)([50]35,45,5)([51]37,0,5)([52]49,40,6)([53]1,42,5)([54]37,35,0)([55]51,52,2)([56]41,45,1)([57]34,20,3)([58]23,0,3)([59]30,42,1)([60]58,54,2)([61]56,3,0)([62]25,57,6)([63]2,12,1)([64]41,15,7)([65]45,23,3)([66]58,53,6)([67]66,55,6)([68]11,51,3)([69]13,51,4)([70]0,59,4)([71]5,48,2)([72]50,67,2)([73]44,32,4)([74]26,14,3)([75]6,48,1)([76]62,15,4)([77]40,2,0)([78]60,42,2)([79]32,6,3)([80]22,40,3)([81]30,77,6)([82]60,18,7)([83]68,40,2)([84]62,21,5)([85]68,72,2)([86]54,55,1)(85)
optimized area: 129.75
time: 720870 ms
seed: 1634220410
NOT FOUND
time: 534105 ms
seed: 1634317454
{7,1,80,1,2,1,8}([7]4,3,4)([8]1,0,4)([9]4,2,7)([10]7,5,4)([11]10,6,2)([12]11,2,4)([13]0,12,7)([14]1,12,3)([15]14,6,4)([16]9,13,4)([17]0,11,2)([18]13,7,2)([19]8,15,1)([20]1,17,2)([21]0,18,3)([22]21,20,4)([23]15,11,2)([24]15,22,6)([25]13,11,3)([26]11,15,4)([27]16,15,7)([28]8,2,4)([29]3,27,1)([30]21,5,4)([31]30,27,6)([32]31,7,2)([33]23,28,0)([34]25,11,7)([35]24,32,3)([36]35,9,4)([37]11,15,2)([38]25,13,6)([39]23,32,2)([40]6,31,7)([41]20,17,6)([42]10,13,6)([43]28,42,6)([44]12,4,0)([45]10,35,3)([46]5,14,6)([47]18,29,0)([48]6,25,4)([49]24,29,2)([50]27,13,5)([51]49,31,2)([52]48,51,4)([53]9,34,7)([54]16,46,4)([55]36,30,4)([56]54,48,6)([57]29,37,0)([58]56,52,1)([59]12,28,4)([60]44,9,5)([61]43,55,3)([62]8,45,3)([63]29,62,6)([64]36,27,2)([65]61,22,2)([66]28,34,0)([67]63,24,2)([68]61,21,7)([69]17,36,4)([70]13,30,5)([71]30,28,7)([72]69,63,6)([73]18,37,2)([74]67,15,2)([75]35,66,7)([76]6,34,2)([77]61,58,6)([78]7,54,7)([79]65,75,0)([80]55,65,1)([81]77,72,4)([82]59,1,1)([83]59,1,6)([84]10,44,3)([85]83,73,1)([86]62,81,7)(86)
evaluations: 41781127
first invidual area: 141.05
{7,1,80,1,2,1,8}([7]3,4,4)([8]0,1,4)([9]4,2,7)([10]5,7,4)([11]6,10,2)([12]11,2,4)([13]0,12,7)([14]1,12,3)([15]14,6,4)([16]9,13,4)([17]11,0,2)([18]7,13,2)([19]16,14,7)([20]17,1,5)([21]18,0,3)([22]15,16,7)([23]20,21,2)([24]15,23,6)([25]13,11,6)([26]17,22,3)([27]11,25,1)([28]8,2,4)([29]13,27,7)([30]21,5,4)([31]30,22,6)([32]19,27,1)([33]3,2,0)([34]31,7,2)([35]24,34,3)([36]35,9,4)([37]20,13,5)([38]27,1,3)([39]32,0,1)([40]25,14,6)([41]17,36,4)([42]11,33,6)([43]28,42,6)([44]10,35,3)([45]34,32,7)([46]5,14,6)([47]19,40,7)([48]6,25,7)([49]28,0,0)([50]33,12,2)([51]50,43,2)([52]20,47,0)([53]39,19,7)([54]16,46,4)([55]30,36,4)([56]54,48,3)([57]32,26,2)([58]16,7,6)([59]48,12,6)([60]45,13,6)([61]43,55,3)([62]8,44,3)([63]42,62,6)([64]21,15,2)([65]44,51,3)([66]51,44,1)([67]10,0,1)([68]61,56,6)([69]11,16,3)([70]45,19,1)([71]64,64,4)([72]41,63,3)([73]16,9,1)([74]2,8,2)([75]8,20,5)([76]73,40,4)([77]4,56,6)([78]46,33,6)([79]73,42,7)([80]42,30,3)([81]68,72,7)([82]4,4,2)([83]82,71,7)([84]23,39,7)([85]44,34,4)([86]62,81,7)(86)
optimized area: 135.43
time: 569162 ms
seed: 1634357929
NOT FOUND
time: 533329 ms
seed: 1634406886
{7,1,80,1,2,1,8}([7]2,6,7)([8]1,2,4)([9]8,0,7)([10]5,4,4)([11]1,10,3)([12]3,11,4)([13]3,9,0)([14]2,0,4)([15]12,5,5)([16]9,6,5)([17]15,8,6)([18]9,1,4)([19]9,4,7)([20]12,3,1)([21]5,9,6)([22]3,21,5)([23]9,2,0)([24]21,5,0)([25]10,16,4)([26]11,12,5)([27]22,7,7)([28]10,6,7)([29]18,3,2)([30]7,14,5)([31]0,29,2)([32]20,25,7)([33]4,17,1)([34]28,24,4)([35]33,32,3)([36]32,14,3)([37]25,35,2)([38]28,36,5)([39]19,6,2)([40]38,39,3)([41]14,6,3)([42]1,25,1)([43]30,2,5)([44]26,30,4)([45]11,13,4)([46]6,45,1)([47]17,31,3)([48]27,38,5)([49]9,8,7)([50]47,7,7)([51]44,40,2)([52]17,13,6)([53]50,25,2)([54]42,22,2)([55]28,25,7)([56]28,20,7)([57]13,3,1)([58]53,36,1)([59]48,43,4)([60]25,28,5)([61]33,48,4)([62]38,60,4)([63]61,53,6)([64]27,53,4)([65]35,6,4)([66]43,11,4)([67]38,52,4)([68]66,12,3)([69]18,17,4)([70]9,58,4)([71]67,51,2)([72]8,54,3)([73]36,19,3)([74]13,22,7)([75]45,58,3)([76]12,47,4)([77]60,37,1)([78]13,4,1)([79]69,10,6)([80]8,11,3)([81]68,63,7)([82]81,71,3)([83]18,47,4)([84]50,8,7)([85]57,24,2)([86]0,32,4)(82)
evaluations: 34745263
first invidual area: 139.62
{7,1,80,1,2,1,8}([7]6,2,7)([8]1,2,4)([9]8,0,7)([10]4,5,4)([11]10,1,3)([12]3,11,4)([13]0,2,2)([14]0,2,4)([15]5,12,5)([16]9,6,5)([17]8,15,6)([18]9,15,0)([19]9,4,2)([20]3,17,3)([21]18,5,6)([22]21,3,5)([23]8,11,4)([24]13,20,2)([25]16,10,4)([26]12,11,5)([27]8,19,7)([28]10,6,7)([29]1,11,2)([30]14,7,5)([31]7,9,1)([32]12,25,4)([33]30,23,4)([34]19,26,1)([35]1,16,0)([36]14,32,3)([37]8,25,5)([38]28,36,5)([39]7,22,7)([40]0,2,5)([41]19,38,3)([42]3,36,2)([43]30,1,2)([44]30,26,4)([45]22,22,3)([46]30,2,5)([47]17,24,3)([48]39,38,5)([49]30,14,5)([50]47,7,7)([51]44,41,2)([52]50,25,2)([53]21,48,2)([54]49,42,0)([55]4,37,2)([56]32,14,7)([57]49,14,3)([58]34,40,7)([59]47,56,3)([60]49,31,3)([61]4,48,7)([62]55,57,5)([63]61,52,6)([64]61,12,5)([65]54,12,2)([66]3,46,4)([67]20,38,7)([68]66,12,3)([69]32,40,3)([70]15,27,3)([71]67,51,2)([72]27,31,5)([73]60,6,7)([74]13,0,7)([75]45,32,4)([76]69,42,5)([77]14,36,6)([78]18,77,3)([79]63,44,3)([80]74,21,4)([81]68,63,7)([82]81,71,3)([83]38,82,0)([84]29,18,3)([85]3,5,1)([86]25,60,5)(82)
optimized area: 127.44
time: 575597 ms
seed: 1634455915
{7,1,80,1,2,1,8}([7]5,3,7)([8]7,2,7)([9]5,0,0)([10]1,6,6)([11]0,1,5)([12]1,3,4)([13]4,2,3)([14]11,6,7)([15]5,0,3)([16]4,12,2)([17]15,11,5)([18]17,16,7)([19]7,7,5)([20]18,1,7)([21]9,10,3)([22]16,19,3)([23]20,0,4)([24]14,6,2)([25]3,17,6)([26]18,13,7)([27]8,4,2)([28]9,14,2)([29]2,3,4)([30]23,25,7)([31]30,30,2)([32]3,14,4)([33]30,13,6)([34]17,32,5)([35]19,18,2)([36]21,35,6)([37]2,36,4)([38]28,26,6)([39]16,9,1)([40]27,33,7)([41]31,10,4)([42]22,37,4)([43]28,19,3)([44]29,26,2)([45]14,20,2)([46]15,24,2)([47]19,38,5)([48]34,6,2)([49]44,7,7)([50]8,46,7)([51]1,4,6)([52]2,33,3)([53]3,24,0)([54]22,8,6)([55]13,19,6)([56]24,30,3)([57]37,29,5)([58]3,29,6)([59]1,46,5)([60]24,2,1)([61]35,20,0)([62]52,60,6)([63]47,62,4)([64]42,40,2)([65]40,42,7)([66]57,41,6)([67]66,48,2)([68]65,52,7)([69]58,47,6)([70]34,64,2)([71]54,32,6)([72]13,40,1)([73]31,20,5)([74]70,50,4)([75]20,33,1)([76]60,17,1)([77]14,5,2)([78]59,4,6)([79]68,74,6)([80]50,6,7)([81]74,67,4)([82]38,24,6)([83]81,20,6)([84]15,55,5)([85]54,21,1)([86]81,63,7)(86)
evaluations: 9167565
first invidual area: 157.90
{7,1,80,1,2,1,8}([7]5,3,7)([8]7,2,7)([9]1,3,4)([10]6,1,6)([11]1,0,5)([12]0,1,4)([13]2,4,3)([14]6,11,7)([15]5,0,3)([16]4,9,2)([17]15,11,5)([18]17,16,7)([19]7,1,1)([20]12,18,4)([21]5,10,3)([22]8,4,2)([23]6,4,3)([24]11,14,2)([25]5,14,2)([26]13,18,7)([27]14,23,5)([28]3,17,3)([29]25,26,6)([30]28,20,7)([31]18,3,2)([32]14,3,4)([33]31,28,3)([34]30,13,6)([35]19,16,3)([36]21,31,3)([37]36,2,7)([38]32,17,2)([39]35,37,4)([40]17,24,5)([41]6,19,2)([42]24,11,1)([43]37,22,0)([44]2,34,6)([45]42,16,3)([46]5,28,6)([47]19,29,5)([48]26,2,1)([49]38,35,2)([50]4,40,2)([51]12,19,0)([52]39,13,0)([53]32,17,5)([54]27,36,4)([55]5,18,2)([56]22,34,6)([57]43,41,5)([58]3,1,1)([59]58,58,0)([60]31,43,1)([61]2,9,5)([62]44,42,6)([63]47,62,4)([64]56,53,2)([65]1,18,6)([66]57,30,6)([67]23,59,7)([68]3,45,0)([69]8,40,7)([70]39,64,5)([71]9,29,2)([72]60,66,5)([73]19,69,0)([74]70,69,4)([75]46,6,1)([76]4,51,5)([77]44,9,4)([78]38,62,0)([79]18,39,4)([80]63,15,6)([81]74,72,5)([82]60,59,1)([83]0,51,5)([84]11,8,2)([85]38,58,4)([86]81,63,4)(86)
optimized area: 142.87
time: 713586 ms
seed: 1634516099
{7,1,80,1,2,1,8}([7]2,4,6)([8]0,3,7)([9]2,6,7)([10]1,6,7)([11]5,6,3)([12]11,10,6)([13]7,10,6)([14]6,1,2)([15]4,8,1)([16]7,11,2)([17]5,4,2)([18]16,0,7)([19]7,18,4)([20]16,9,4)([21]18,10,7)([22]8,19,6)([23]20,0,0)([24]21,22,6)([25]16,17,4)([26]15,2,4)([27]23,4,6)([28]20,25,4)([29]3,5,7)([30]14,23,6)([31]20,13,5)([32]25,31,4)([33]8,17,1)([34]12,32,4)([35]29,24,3)([36]26,0,2)([37]2,32,1)([38]34,22,2)([39]34,20,7)([40]26,14,1)([41]29,8,7)([42]35,41,6)([43]30,29,7)([44]35,9,7)([45]6,5,4)([46]38,20,0)([47]44,27,4)([48]47,42,3)([49]13,7,1)([50]18,18,4)([51]39,22,4)([52]7,13,1)([53]4,28,0)([54]29,43,2)([55]51,43,3)([56]55,36,6)([57]44,56,4)([58]33,0,7)([59]38,46,2)([60]48,34,2)([61]19,19,6)([62]57,60,6)([63]26,7,5)([64]48,45,3)([65]44,56,2)([66]62,33,0)([67]34,41,3)([68]41,51,1)([69]42,57,5)([70]43,54,2)([71]68,31,0)([72]15,4,3)([73]24,41,6)([74]63,31,6)([75]72,25,6)([76]66,49,5)([77]38,14,1)([78]48,3,0)([79]66,14,7)([80]33,66,1)([81]69,5,0)([82]39,51,6)([83]7,59,4)([84]67,15,7)([85]79,58,1)([86]16,33,2)(79)
evaluations: 34402680
first invidual area: 141.53
{7,1,80,1,2,1,8}([7]4,2,6)([8]0,3,7)([9]2,6,7)([10]6,1,7)([11]5,6,3)([12]4,9,2)([13]7,10,6)([14]10,6,2)([15]11,10,6)([16]11,7,2)([17]5,4,2)([18]0,16,7)([19]7,18,4)([20]16,9,4)([21]10,18,7)([22]8,19,6)([23]20,4,3)([24]21,22,6)([25]8,5,3)([26]4,2,7)([27]13,20,5)([28]10,19,7)([29]5,3,7)([30]17,15,6)([31]8,1,1)([32]27,30,4)([33]16,13,3)([34]16,32,6)([35]24,29,3)([36]0,26,2)([37]19,17,2)([38]20,14,3)([39]35,28,6)([40]29,38,4)([41]15,36,3)([42]14,38,5)([43]14,32,5)([44]35,9,7)([45]31,35,6)([46]28,34,7)([47]44,23,7)([48]47,45,3)([49]36,6,7)([50]20,34,6)([51]36,39,0)([52]27,30,0)([53]22,50,4)([54]18,12,4)([55]53,40,3)([56]55,36,3)([57]44,56,7)([58]48,51,1)([59]45,47,4)([60]48,34,2)([61]1,50,0)([62]57,60,6)([63]10,56,2)([64]30,44,0)([65]54,51,4)([66]12,1,5)([67]0,31,5)([68]60,21,4)([69]66,30,1)([70]7,41,2)([71]32,2,0)([72]38,58,0)([73]19,70,5)([74]24,19,0)([75]33,60,7)([76]31,66,7)([77]57,39,7)([78]20,59,3)([79]62,14,7)([80]49,50,6)([81]60,61,1)([82]72,57,0)([83]2,19,2)([84]5,39,3)([85]15,29,1)([86]53,2,4)(79)
optimized area: 129.79
time: 587409 ms
seed: 1634615311
{7,1,80,1,2,1,8}([7]1,0,4)([8]3,0,6)([9]7,3,6)([10]3,4,4)([11]5,0,3)([12]2,9,5)([13]5,2,4)([14]8,10,4)([15]14,3,6)([16]10,15,6)([17]5,9,5)([18]9,10,0)([19]1,4,2)([20]13,12,0)([21]6,8,4)([22]10,3,5)([23]22,13,5)([24]21,7,7)([25]14,17,5)([26]9,6,3)([27]11,23,5)([28]5,24,6)([29]5,17,7)([30]27,25,6)([31]5,4,4)([32]9,19,6)([33]1,18,6)([34]24,27,3)([35]31,18,6)([36]28,10,0)([37]35,16,5)([38]12,36,4)([39]27,35,2)([40]5,26,3)([41]39,13,7)([42]34,41,7)([43]1,19,0)([44]36,41,0)([45]4,38,4)([46]12,39,7)([47]16,38,5)([48]10,29,2)([49]8,20,2)([50]48,26,4)([51]42,32,3)([52]15,2,7)([53]7,10,6)([54]21,51,2)([55]31,29,3)([56]8,44,5)([57]14,14,6)([58]27,47,4)([59]9,45,4)([60]53,34,6)([61]46,19,5)([62]52,42,2)([63]6,51,0)([64]58,49,4)([65]7,27,7)([66]50,61,4)([67]4,46,3)([68]62,66,2)([69]6,61,0)([70]19,54,6)([71]46,35,3)([72]65,30,1)([73]55,54,6)([74]54,58,7)([75]6,51,0)([76]44,65,6)([77]69,2,5)([78]74,1,3)([79]24,20,5)([80]73,22,6)([81]68,74,7)([82]24,31,1)([83]55,57,4)([84]8,75,2)([85]59,77,4)([86]28,23,7)(81)
evaluations: 19655396
first invidual area: 137.29
{7,1,80,1,2,1,8}([7]1,0,4)([8]3,0,6)([9]7,3,6)([10]4,3,4)([11]8,10,4)([12]3,0,0)([13]2,5,4)([14]7,5,6)([15]11,3,6)([16]8,12,7)([17]3,11,5)([18]0,5,3)([19]4,1,2)([20]2,9,5)([21]6,8,4)([22]17,13,5)([23]2,8,3)([24]21,7,7)([25]4,5,4)([26]5,11,5)([27]18,22,5)([28]5,24,3)([29]17,23,2)([30]20,3,4)([31]13,0,0)([32]10,15,6)([33]15,2,7)([34]27,24,3)([35]15,22,3)([36]20,28,7)([37]5,2,6)([38]9,25,6)([39]27,38,5)([40]19,38,5)([41]39,34,5)([42]31,41,7)([43]17,5,3)([44]30,36,3)([45]6,9,6)([46]25,25,4)([47]9,19,6)([48]19,7,6)([49]38,35,2)([50]26,45,7)([51]42,47,3)([52]18,17,1)([53]29,31,5)([54]53,48,6)([55]37,23,4)([56]46,39,7)([57]32,36,5)([58]27,57,4)([59]44,24,4)([60]50,40,7)([61]56,32,2)([62]33,42,2)([63]36,51,7)([64]53,42,4)([65]18,1,4)([66]34,32,6)([67]61,16,1)([68]62,60,5)([69]39,59,0)([70]69,8,0)([71]10,31,5)([72]37,58,1)([73]51,21,5)([74]73,58,4)([75]68,74,4)([76]29,18,5)([77]63,6,3)([78]12,9,2)([79]28,63,4)([80]40,16,1)([81]49,55,1)([82]37,50,1)([83]38,9,1)([84]20,60,7)([85]41,61,4)([86]61,84,4)(75)
optimized area: 121.34
time: 634390 ms
seed: 1635142301
{7,1,80,1,2,1,8}([7]4,1,7)([8]3,6,4)([9]6,0,4)([10]6,9,4)([11]3,6,3)([12]1,0,7)([13]5,9,4)([14]13,8,6)([15]9,12,3)([16]15,2,2)([17]15,6,4)([18]4,8,7)([19]13,4,4)([20]14,17,3)([21]20,2,7)([22]8,5,4)([23]20,10,0)([24]22,9,7)([25]9,7,5)([26]19,25,5)([27]1,20,5)([28]16,14,1)([29]26,24,2)([30]17,23,4)([31]12,24,6)([32]4,10,6)([33]14,18,5)([34]11,26,0)([35]29,34,5)([36]19,12,4)([37]9,3,2)([38]25,37,2)([39]34,33,3)([40]10,35,2)([41]32,21,4)([42]11,15,2)([43]36,42,3)([44]21,4,2)([45]16,35,6)([46]44,45,7)([47]38,32,3)([48]21,31,5)([49]46,11,5)([50]43,31,4)([51]46,10,7)([52]11,39,7)([53]4,51,2)([54]33,22,4)([55]41,38,2)([56]45,9,1)([57]34,50,0)([58]41,11,2)([59]47,48,4)([60]55,25,2)([61]25,3,4)([62]51,21,2)([63]34,56,0)([64]16,17,1)([65]50,59,3)([66]62,65,4)([67]37,42,4)([68]48,30,0)([69]36,42,4)([70]46,60,7)([71]46,26,3)([72]70,1,1)([73]66,72,2)([74]55,22,6)([75]69,60,5)([76]40,66,6)([77]11,19,6)([78]36,61,0)([79]65,76,1)([80]4,50,3)([81]17,40,6)([82]64,30,4)([83]16,13,4)([84]75,15,4)([85]52,75,3)([86]74,73,7)(86)
evaluations: 39992093
first invidual area: 151.82
{7,1,80,1,2,1,8}([7]1,4,7)([8]6,3,4)([9]0,6,4)([10]9,9,2)([11]3,8,3)([12]0,1,7)([13]9,5,4)([14]8,13,6)([15]9,12,3)([16]15,2,2)([17]15,6,4)([18]3,10,2)([19]13,4,4)([20]14,17,3)([21]20,2,7)([22]8,5,4)([23]12,3,0)([24]22,10,7)([25]9,7,5)([26]19,25,5)([27]11,18,0)([28]11,14,1)([29]26,11,2)([30]9,1,1)([31]12,24,6)([32]4,0,6)([33]7,32,0)([34]11,22,7)([35]29,24,5)([36]5,15,4)([37]23,8,4)([38]25,18,2)([39]2,38,0)([40]2,23,4)([41]19,19,5)([42]15,27,2)([43]36,42,3)([44]21,4,5)([45]16,35,3)([46]44,45,7)([47]38,32,3)([48]31,21,5)([49]48,47,4)([50]43,31,4)([51]46,0,7)([52]45,18,5)([53]18,47,7)([54]32,21,4)([55]54,38,2)([56]24,25,1)([57]18,52,2)([58]2,42,1)([59]21,23,2)([60]33,57,5)([61]53,37,2)([62]51,21,5)([63]31,2,3)([64]9,62,0)([65]50,49,3)([66]62,65,7)([67]4,33,7)([68]52,65,5)([69]13,10,0)([70]46,55,3)([71]44,38,6)([72]63,42,4)([73]66,70,5)([74]55,22,3)([75]22,67,2)([76]24,36,3)([77]54,58,2)([78]42,38,5)([79]61,31,7)([80]36,65,6)([81]30,34,6)([82]59,7,4)([83]71,75,3)([84]19,54,2)([85]67,55,0)([86]74,73,7)(86)
optimized area: 139.63
time: 568730 ms
seed: 1635191451
NOT FOUND
time: 525785 ms
seed: 1635344494
NOT FOUND
time: 987022 ms
seed: 1635622457
NOT FOUND
time: 1066220 ms
seed: 1635670142
{7,1,80,1,2,1,8}([7]6,2,4)([8]6,1,6)([9]1,7,7)([10]0,2,0)([11]7,4,7)([12]1,10,5)([13]2,9,4)([14]5,8,1)([15]11,11,2)([16]11,5,5)([17]9,5,6)([18]14,14,0)([19]13,4,4)([20]16,8,2)([21]20,10,5)([22]21,3,2)([23]22,1,3)([24]17,8,3)([25]21,20,0)([26]8,0,2)([27]11,24,5)([28]18,26,1)([29]19,10,6)([30]16,23,4)([31]13,0,3)([32]20,15,5)([33]26,6,3)([34]9,31,5)([35]23,20,0)([36]29,24,7)([37]33,18,1)([38]36,19,4)([39]7,24,7)([40]16,19,5)([41]33,22,4)([42]19,7,6)([43]12,36,5)([44]23,19,3)([45]4,21,0)([46]34,41,7)([47]33,22,7)([48]26,14,6)([49]21,34,4)([50]46,48,3)([51]16,44,4)([52]50,34,4)([53]1,47,7)([54]41,0,0)([55]8,32,2)([56]30,45,7)([57]6,38,1)([58]28,39,2)([59]42,1,6)([60]2,14,2)([61]38,50,0)([62]52,22,5)([63]10,62,7)([64]43,46,5)([65]63,51,3)([66]47,7,6)([67]19,28,6)([68]54,60,5)([69]64,65,2)([70]56,42,6)([71]62,50,7)([72]69,32,5)([73]5,47,1)([74]10,62,7)([75]31,1,0)([76]47,18,7)([77]48,14,1)([78]58,35,2)([79]0,65,4)([80]57,15,7)([81]29,72,1)([82]61,66,3)([83]28,72,7)([84]70,61,2)([85]83,84,3)([86]34,49,4)(85)
evaluations: 20602130
first invidual area: 134.44
{7,1,80,1,2,1,8}([7]2,6,4)([8]6,1,6)([9]7,1,7)([10]7,4,7)([11]5,8,0)([12]0,5,0)([13]2,9,4)([14]0,3,4)([15]8,0,2)([16]10,11,5)([17]7,13,7)([18]5,9,6)([19]4,13,4)([20]14,5,7)([21]16,15,5)([22]3,21,2)([23]13,0,3)([24]22,1,6)([25]8,13,3)([26]20,7,5)([27]0,3,0)([28]27,19,3)([29]27,1,5)([30]24,16,4)([31]9,23,2)([32]18,8,6)([33]15,7,0)([34]23,9,5)([35]34,21,0)([36]28,32,7)([37]2,30,3)([38]2,23,6)([39]10,15,3)([40]15,6,3)([41]34,40,7)([42]6,31,5)([43]6,5,1)([44]15,38,4)([45]29,36,5)([46]22,41,4)([47]38,46,5)([48]43,23,0)([49]12,46,3)([50]11,46,6)([51]46,3,5)([52]50,35,7)([53]16,37,5)([54]19,9,1)([55]33,32,6)([56]46,34,7)([57]53,44,0)([58]3,43,2)([59]43,15,6)([60]7,19,6)([61]20,32,6)([62]52,3,5)([63]12,62,7)([64]46,45,5)([65]63,57,3)([66]19,36,4)([67]64,55,2)([68]62,63,0)([69]64,65,5)([70]16,3,6)([71]63,56,2)([72]42,34,3)([73]27,65,5)([74]0,26,2)([75]24,46,5)([76]64,28,5)([77]75,6,6)([78]4,30,4)([79]78,60,6)([80]57,10,6)([81]49,18,6)([82]42,67,2)([83]11,69,7)([84]79,66,2)([85]83,84,3)([86]1,69,0)(85)
optimized area: 119.93
time: 1260285 ms
seed: 1635718015
NOT FOUND
time: 1066994 ms
seed: 1635765208
{7,1,80,1,2,1,8}([7]3,5,7)([8]4,2,2)([9]7,2,4)([10]3,4,7)([11]4,1,5)([12]3,9,3)([13]7,11,7)([14]6,10,5)([15]3,11,2)([16]15,0,7)([17]14,13,6)([18]16,7,6)([19]14,2,5)([20]11,5,3)([21]0,20,4)([22]3,16,3)([23]7,19,5)([24]17,9,4)([25]8,10,7)([26]23,2,7)([27]22,2,5)([28]21,10,0)([29]14,0,3)([30]26,4,4)([31]1,27,4)([32]18,17,3)([33]32,8,4)([34]12,6,4)([35]16,4,2)([36]27,6,3)([37]21,34,3)([38]25,23,3)([39]32,8,7)([40]39,34,7)([41]27,0,7)([42]41,1,2)([43]4,23,0)([44]36,23,0)([45]22,39,2)([46]35,24,6)([47]0,46,0)([48]24,4,3)([49]4,32,4)([50]0,8,1)([51]35,21,7)([52]49,29,7)([53]40,38,5)([54]44,40,0)([55]22,15,3)([56]1,13,7)([57]45,51,3)([58]42,54,5)([59]57,24,2)([60]9,42,6)([61]53,3,4)([62]57,37,4)([63]22,58,7)([64]58,53,2)([65]31,30,4)([66]62,65,3)([67]61,21,5)([68]7,63,3)([69]50,45,2)([70]66,64,5)([71]59,2,3)([72]11,65,2)([73]66,60,0)([74]48,63,3)([75]20,17,1)([76]40,18,7)([77]45,71,7)([78]74,12,5)([79]17,32,1)([80]64,57,0)([81]28,11,2)([82]56,80,4)([83]29,5,5)([84]37,48,4)([85]78,70,4)([86]23,54,2)(85)
evaluations: 12951726
first invidual area: 155.09
{7,1,80,1,2,1,8}([7]5,3,7)([8]2,4,2)([9]2,7,4)([10]3,4,7)([11]1,4,5)([12]3,9,3)([13]11,7,7)([14]6,10,5)([15]11,3,5)([16]15,0,4)([17]11,2,1)([18]16,7,6)([19]14,2,5)([20]19,13,7)([21]17,0,6)([22]16,3,3)([23]13,20,5)([24]18,14,7)([25]10,8,7)([26]23,2,7)([27]2,22,5)([28]9,1,1)([29]20,14,6)([30]26,27,4)([31]12,3,5)([32]18,29,3)([33]30,6,7)([34]6,12,4)([35]20,17,3)([36]11,13,3)([37]34,21,3)([38]23,25,3)([39]8,32,7)([40]34,38,0)([41]0,27,7)([42]16,29,3)([43]4,1,4)([44]14,15,2)([45]43,0,2)([46]45,32,6)([47]17,37,6)([48]6,27,3)([49]27,32,0)([50]38,1,7)([51]11,48,2)([52]34,39,7)([53]52,38,5)([54]37,1,0)([55]48,1,2)([56]39,29,4)([57]39,44,3)([58]55,41,5)([59]16,45,7)([60]56,39,5)([61]57,21,7)([62]57,54,5)([63]30,58,7)([64]53,58,2)([65]43,63,4)([66]53,40,1)([67]62,65,3)([68]45,26,6)([69]44,51,7)([70]67,64,5)([71]59,8,3)([72]32,62,7)([73]47,21,7)([74]35,63,3)([75]46,21,4)([76]62,72,5)([77]9,76,6)([78]74,12,5)([79]31,55,1)([80]50,75,6)([81]49,52,0)([82]43,14,4)([83]29,73,0)([84]45,37,2)([85]78,70,4)([86]71,66,2)(85)
optimized area: 141.48
time: 1355019 ms
seed: 1635812101
NOT FOUND
time: 1057363 ms
seed: 1635855331
NOT FOUND
time: 1065950 ms
seed: 1635897315
{7,1,80,1,2,1,8}([7]3,1,4)([8]2,5,3)([9]3,6,7)([10]8,1,1)([11]4,9,1)([12]2,10,7)([13]12,6,4)([14]5,9,4)([15]4,14,1)([16]14,3,3)([17]7,5,5)([18]15,12,0)([19]7,14,6)([20]0,8,1)([21]18,14,4)([22]1,11,4)([23]11,21,4)([24]1,11,5)([25]22,23,0)([26]19,11,4)([27]23,8,7)([28]24,2,2)([29]18,26,1)([30]9,24,5)([31]20,12,7)([32]22,23,3)([33]28,31,6)([34]22,2,3)([35]27,1,4)([36]27,12,1)([37]28,21,3)([38]17,37,3)([39]30,17,4)([40]7,36,6)([41]24,35,6)([42]38,31,6)([43]0,36,1)([44]36,42,0)([45]31,0,7)([46]3,7,0)([47]34,43,5)([48]14,43,3)([49]41,13,3)([50]49,26,2)([51]45,7,0)([52]33,45,4)([53]47,49,5)([54]0,42,1)([55]47,10,4)([56]10,16,5)([57]30,50,3)([58]57,0,4)([59]0,47,1)([60]3,26,4)([61]35,9,6)([62]39,40,6)([63]19,39,4)([64]49,18,3)([65]36,60,0)([66]62,58,2)([67]66,42,7)([68]23,17,4)([69]53,63,3)([70]13,2,5)([71]40,63,3)([72]64,56,7)([73]61,53,6)([74]26,72,3)([75]32,1,6)([76]52,34,1)([77]4,37,1)([78]31,12,3)([79]67,73,7)([80]68,13,4)([81]63,5,0)([82]45,50,5)([83]79,74,4)([84]2,3,5)([85]7,47,2)([86]29,28,1)(83)
evaluations: 18430437
first invidual area: 148.50
{7,1,80,1,2,1,8}([7]1,3,4)([8]2,5,3)([9]6,3,7)([10]8,5,1)([11]7,1,7)([12]10,2,3)([13]12,6,7)([14]9,5,4)([15]7,5,5)([16]4,2,1)([17]15,15,2)([18]13,16,2)([19]1,18,4)([20]0,12,7)([21]2,19,3)([22]7,10,4)([23]3,7,0)([24]1,16,5)([25]0,24,1)([26]20,17,4)([27]14,8,7)([28]25,21,5)([29]13,23,7)([30]0,18,6)([31]13,23,3)([32]10,24,5)([33]9,24,5)([34]3,13,5)([35]27,1,4)([36]27,27,1)([37]30,17,3)([38]6,31,1)([39]33,17,4)([40]16,35,0)([41]24,36,6)([42]7,14,3)([43]35,9,6)([44]41,13,3)([45]33,13,5)([46]42,40,7)([47]46,14,4)([48]4,3,3)([49]17,18,3)([50]43,33,0)([51]36,7,6)([52]1,27,4)([53]2,9,5)([54]36,46,3)([55]37,20,3)([56]10,45,5)([57]38,28,4)([58]49,0,4)([59]55,50,4)([60]13,40,3)([61]32,26,7)([62]39,51,6)([63]15,17,4)([64]58,37,4)([65]47,55,6)([66]62,58,5)([67]66,65,4)([68]44,28,5)([69]16,20,3)([70]21,17,2)([71]29,41,1)([72]60,56,7)([73]50,68,3)([74]46,72,3)([75]7,30,7)([76]43,31,7)([77]20,18,7)([78]68,1,0)([79]67,73,4)([80]3,5,2)([81]37,30,6)([82]74,22,3)([83]79,74,4)([84]66,8,6)([85]71,9,1)([86]10,16,7)(83)
optimized area: 137.72
time: 1264922 ms
seed: 1635933626
{7,1,80,1,2,1,8}([7]4,5,4)([8]0,1,7)([9]5,2,4)([10]3,6,7)([11]1,4,3)([12]1,8,6)([13]1,7,2)([14]6,8,6)([15]4,14,4)([16]12,3,4)([17]9,14,7)([18]14,10,3)([19]9,4,5)([20]15,17,1)([21]8,2,4)([22]17,19,7)([23]11,0,1)([24]5,13,6)([25]22,13,4)([26]20,21,0)([27]18,22,3)([28]15,10,4)([29]0,27,4)([30]9,0,6)([31]5,26,5)([32]31,18,4)([33]19,28,5)([34]2,13,7)([35]3,2,2)([36]9,16,4)([37]24,35,3)([38]23,24,1)([39]9,33,5)([40]21,39,3)([41]15,8,6)([42]30,11,4)([43]4,12,0)([44]37,32,5)([45]23,38,0)([46]40,25,2)([47]11,17,1)([48]46,29,7)([49]27,44,7)([50]22,40,0)([51]48,49,5)([52]24,7,1)([53]41,16,6)([54]42,53,5)([55]26,11,2)([56]11,35,2)([57]37,8,3)([58]51,54,5)([59]9,58,4)([60]0,46,5)([61]53,12,7)([62]34,29,6)([63]22,6,3)([64]48,50,4)([65]42,36,0)([66]13,41,2)([67]13,37,0)([68]19,35,4)([69]61,48,2)([70]34,61,1)([71]67,10,1)([72]38,62,3)([73]24,2,6)([74]44,15,3)([75]5,43,4)([76]7,11,4)([77]18,35,7)([78]27,73,5)([79]65,72,2)([80]8,53,4)([81]61,60,4)([82]47,14,0)([83]25,53,2)([84]39,81,0)([85]82,10,5)([86]55,56,2)(59)
evaluations: 11705294
first invidual area: 128.85
{7,1,80,1,2,1,8}([7]1,4,6)([8]0,1,7)([9]5,2,4)([10]5,0,6)([11]8,2,4)([12]3,6,7)([13]5,4,4)([14]8,6,6)([15]14,9,7)([16]3,4,0)([17]9,0,6)([18]14,12,3)([19]9,4,5)([20]19,3,5)([21]2,6,1)([22]19,15,7)([23]2,16,2)([24]10,23,3)([25]17,7,7)([26]8,22,6)([27]22,18,3)([28]0,27,4)([29]27,3,5)([30]5,25,5)([31]5,28,4)([32]26,4,3)([33]22,3,0)([34]30,9,1)([35]18,30,4)([36]1,13,5)([37]1,8,6)([38]36,22,7)([39]9,20,5)([40]34,3,4)([41]39,33,0)([42]30,12,3)([43]11,39,3)([44]24,35,5)([45]3,37,4)([46]43,38,5)([47]11,38,4)([48]28,46,4)([49]27,44,7)([50]7,1,2)([51]48,49,5)([52]48,32,7)([53]26,45,6)([54]53,25,5)([55]7,23,7)([56]54,16,4)([57]22,13,3)([58]54,51,5)([59]9,58,4)([60]34,6,6)([61]60,54,6)([62]25,43,6)([63]3,16,5)([64]7,41,5)([65]27,56,7)([66]51,24,1)([67]65,30,7)([68]18,20,4)([69]16,56,1)([70]22,50,5)([71]19,41,7)([72]3,31,1)([73]23,59,7)([74]13,54,1)([75]6,42,1)([76]59,61,1)([77]72,23,4)([78]53,5,1)([79]26,6,3)([80]22,41,7)([81]33,12,3)([82]70,65,0)([83]23,78,2)([84]72,13,3)([85]44,60,3)([86]15,41,0)(59)
optimized area: 117.13
time: 1289255 ms
seed: 1635969681
{7,1,80,1,2,1,8}([7]6,2,4)([8]6,1,2)([9]1,7,4)([10]4,1,5)([11]8,2,6)([12]3,6,5)([13]6,10,3)([14]4,7,2)([15]1,9,5)([16]13,4,2)([17]15,5,4)([18]5,11,0)([19]15,9,5)([20]11,18,5)([21]11,5,4)([22]0,0,1)([23]3,21,6)([24]7,5,3)([25]17,3,2)([26]22,11,5)([27]5,17,2)([28]8,4,0)([29]17,22,6)([30]19,5,3)([31]29,26,6)([32]31,3,7)([33]20,13,4)([34]13,32,6)([35]24,16,2)([36]33,12,6)([37]26,30,2)([38]28,1,7)([39]2,0,7)([40]13,26,4)([41]15,36,4)([42]41,2,6)([43]37,23,2)([44]8,29,2)([45]23,11,0)([46]9,11,2)([47]36,42,3)([48]13,35,4)([49]22,33,4)([50]25,49,5)([51]50,48,4)([52]18,39,4)([53]43,19,4)([54]41,51,7)([55]6,41,2)([56]35,22,5)([57]13,27,2)([58]43,27,7)([59]11,32,3)([60]56,52,4)([61]50,15,3)([62]8,23,7)([63]0,55,2)([64]32,44,4)([65]30,32,4)([66]32,60,5)([67]47,26,6)([68]27,8,0)([69]53,35,7)([70]43,63,4)([71]20,41,4)([72]67,14,4)([73]66,54,5)([74]47,69,1)([75]74,29,4)([76]18,27,1)([77]45,13,0)([78]1,58,6)([79]60,17,2)([80]18,28,7)([81]44,73,6)([82]68,29,0)([83]78,46,1)([84]26,51,3)([85]49,25,0)([86]81,70,6)(86)
evaluations: 29556592
first invidual area: 134.91
{7,1,80,1,2,1,8}([7]6,2,4)([8]1,7,2)([9]8,5,2)([10]1,4,5)([11]2,8,6)([12]7,8,1)([13]6,10,3)([14]11,5,5)([15]1,12,5)([16]13,4,2)([17]15,5,4)([18]3,6,5)([19]14,13,4)([20]5,11,4)([21]16,0,6)([22]0,13,1)([23]20,4,0)([24]5,7,3)([25]3,17,2)([26]11,22,5)([27]6,20,6)([28]17,24,5)([29]24,14,6)([30]25,7,3)([31]28,1,3)([32]3,26,4)([33]31,26,2)([34]3,23,6)([35]16,24,2)([36]19,18,6)([37]0,27,0)([38]5,37,4)([39]23,5,6)([40]25,13,4)([41]15,36,4)([42]19,37,7)([43]34,33,5)([44]27,24,5)([45]0,15,5)([46]32,20,2)([47]9,20,5)([48]41,35,7)([49]32,30,4)([50]42,25,5)([51]50,48,4)([52]2,38,7)([53]1,5,3)([54]13,51,4)([55]6,37,2)([56]35,22,5)([57]9,41,3)([58]44,51,4)([59]10,44,3)([60]56,52,4)([61]44,18,4)([62]32,20,2)([63]41,55,5)([64]27,21,1)([65]40,33,6)([66]32,60,5)([67]52,32,6)([68]65,24,7)([69]64,1,5)([70]43,63,4)([71]10,55,4)([72]42,49,5)([73]66,54,5)([74]3,71,0)([75]56,52,3)([76]29,22,3)([77]11,4,3)([78]9,55,2)([79]70,1,6)([80]72,20,3)([81]78,73,6)([82]16,13,6)([83]80,26,0)([84]19,46,3)([85]0,10,2)([86]81,70,6)(86)
optimized area: 128.34
time: 1183933 ms
seed: 1636005567
{7,1,80,1,2,1,8}([7]0,6,2)([8]0,7,0)([9]6,1,5)([10]2,1,4)([11]4,3,2)([12]2,0,2)([13]3,4,1)([14]9,11,7)([15]7,6,4)([16]14,6,7)([17]16,2,2)([18]0,6,4)([19]11,0,3)([20]1,3,2)([21]16,10,6)([22]5,20,4)([23]11,22,1)([24]14,4,3)([25]15,17,3)([26]18,4,7)([27]21,12,3)([28]18,3,2)([29]26,14,5)([30]5,13,3)([31]19,12,3)([32]19,5,7)([33]5,18,3)([34]27,32,3)([35]2,1,1)([36]28,34,7)([37]21,22,3)([38]8,34,6)([39]26,2,7)([40]9,24,7)([41]25,40,3)([42]1,3,2)([43]23,9,5)([44]37,20,7)([45]8,39,6)([46]10,41,7)([47]18,9,6)([48]28,30,6)([49]29,33,2)([50]48,19,3)([51]49,21,3)([52]28,49,7)([53]37,25,4)([54]46,52,5)([55]29,36,5)([56]46,3,3)([57]25,29,5)([58]48,21,0)([59]52,30,3)([60]27,52,7)([61]23,54,3)([62]45,53,3)([63]55,43,2)([64]40,33,2)([65]62,48,6)([66]6,32,0)([67]60,3,3)([68]67,4,3)([69]55,68,5)([70]55,59,0)([71]56,69,2)([72]29,14,2)([73]45,12,7)([74]33,51,5)([75]71,65,3)([76]16,0,4)([77]62,3,1)([78]31,76,3)([79]59,75,7)([80]51,61,2)([81]40,42,6)([82]9,36,4)([83]48,51,7)([84]12,80,4)([85]68,38,7)([86]52,31,2)(79)
evaluations: 18442400
first invidual area: 147.10
{7,1,80,1,2,1,8}([7]0,6,4)([8]1,3,5)([9]1,6,5)([10]1,2,4)([11]3,4,2)([12]2,0,2)([13]6,5,4)([14]11,9,7)([15]0,11,6)([16]14,6,7)([17]2,15,7)([18]2,16,2)([19]17,12,2)([20]10,3,0)([21]16,10,6)([22]4,21,0)([23]5,7,3)([24]15,6,2)([25]24,18,3)([26]7,4,7)([27]21,12,3)([28]3,7,5)([29]26,14,5)([30]28,29,3)([31]5,8,7)([32]15,5,4)([33]3,9,1)([34]27,32,3)([35]11,25,3)([36]28,34,4)([37]31,21,6)([38]33,15,2)([39]34,8,4)([40]16,16,7)([41]25,4,3)([42]26,2,7)([43]20,15,6)([44]40,26,6)([45]0,42,6)([46]41,10,7)([47]8,28,6)([48]23,33,6)([49]3,4,3)([50]9,10,2)([51]2,38,3)([52]3,48,3)([53]37,25,7)([54]22,0,1)([55]29,36,5)([56]46,3,3)([57]13,49,3)([58]22,16,5)([59]5,30,6)([60]34,45,2)([61]49,4,2)([62]45,53,3)([63]56,16,5)([64]17,30,3)([65]62,48,6)([66]10,6,3)([67]16,38,1)([68]7,40,7)([69]55,57,5)([70]21,19,7)([71]56,69,2)([72]15,41,4)([73]71,72,0)([74]5,10,5)([75]71,65,3)([76]51,9,7)([77]11,64,7)([78]75,59,4)([79]30,69,4)([80]18,35,1)([81]53,61,4)([82]53,28,0)([83]49,70,3)([84]11,71,5)([85]14,73,4)([86]28,18,5)(78)
optimized area: 127.41
time: 1207012 ms
seed: 1636040215
{7,1,80,1,2,1,8}([7]2,5,6)([8]6,2,4)([9]5,1,0)([10]9,0,6)([11]10,1,4)([12]3,2,7)([13]4,1,3)([14]3,4,1)([15]1,14,6)([16]7,12,4)([17]4,0,6)([18]8,6,1)([19]0,16,3)([20]5,19,2)([21]0,3,3)([22]15,6,3)([23]4,6,7)([24]0,12,5)([25]9,16,5)([26]19,14,7)([27]11,23,7)([28]21,5,1)([29]1,12,7)([30]5,24,7)([31]22,17,4)([32]27,21,3)([33]23,19,7)([34]18,30,7)([35]1,31,4)([36]5,13,4)([37]23,31,6)([38]21,22,2)([39]15,10,7)([40]27,19,2)([41]34,29,2)([42]25,6,0)([43]24,4,5)([44]43,2,4)([45]17,8,0)([46]44,1,5)([47]12,7,3)([48]43,1,2)([49]37,39,3)([50]32,25,7)([51]35,38,2)([52]16,47,2)([53]16,5,1)([54]39,31,7)([55]1,18,7)([56]7,43,2)([57]41,16,5)([58]30,3,2)([59]45,4,7)([60]45,23,5)([61]57,43,4)([62]47,61,2)([63]44,49,4)([64]13,40,6)([65]30,51,4)([66]34,37,1)([67]48,33,3)([68]4,18,7)([69]63,62,2)([70]50,68,6)([71]64,65,6)([72]21,29,6)([73]11,70,2)([74]48,23,5)([75]37,28,5)([76]23,25,0)([77]71,69,4)([78]53,74,0)([79]77,70,6)([80]18,45,2)([81]16,26,6)([82]27,8,3)([83]9,58,5)([84]49,11,7)([85]71,53,7)([86]23,45,4)(79)
evaluations: 13295862
first invidual area: 150.87
{7,1,80,1,2,1,8}([7]4,6,6)([8]0,4,6)([9]0,2,0)([10]7,4,0)([11]2,3,0)([12]3,2,7)([13]9,1,7)([14]4,1,3)([15]5,2,6)([16]9,5,6)([17]3,11,1)([18]6,11,7)([19]1,17,6)([20]0,13,4)([21]3,9,3)([22]6,19,3)([23]1,8,7)([24]12,9,5)([25]1,16,4)([26]12,1,7)([27]25,7,7)([28]24,13,0)([29]0,5,4)([30]5,28,7)([31]21,30,0)([32]10,20,7)([33]15,31,0)([34]5,12,5)([35]31,27,3)([36]26,2,6)([37]18,30,7)([38]22,21,2)([39]22,3,2)([40]38,10,6)([41]37,26,5)([42]17,33,6)([43]40,21,1)([44]41,2,4)([45]12,39,1)([46]23,38,5)([47]15,12,3)([48]46,1,0)([49]40,25,6)([50]34,35,7)([51]41,50,0)([52]4,24,5)([53]26,18,5)([54]32,43,4)([55]27,38,2)([56]15,24,2)([57]18,4,7)([58]10,15,5)([59]22,45,4)([60]50,25,6)([61]41,52,4)([62]47,61,2)([63]44,49,4)([64]55,14,6)([65]30,46,7)([66]1,52,5)([67]22,57,7)([68]15,27,6)([69]63,62,5)([70]41,0,6)([71]64,65,6)([72]54,45,2)([73]57,50,6)([74]66,14,3)([75]71,21,0)([76]18,9,0)([77]75,69,7)([78]57,2,5)([79]77,73,6)([80]20,13,5)([81]6,19,6)([82]43,68,6)([83]81,69,5)([84]66,79,6)([85]16,23,0)([86]73,69,7)(79)
optimized area: 127.43
time: 1282667 ms
seed: 1636074164
NOT FOUND
time: 1078730 ms
seed: 1636107197
{7,1,80,1,2,1,8}([7]5,1,7)([8]1,2,4)([9]0,7,4)([10]7,6,4)([11]9,3,7)([12]10,5,5)([13]12,10,7)([14]3,4,2)([15]3,11,2)([16]0,2,6)([17]16,9,3)([18]16,12,4)([19]4,13,3)([20]8,19,3)([21]20,17,2)([22]15,8,7)([23]18,15,2)([24]6,11,2)([25]16,14,6)([26]1,24,7)([27]6,20,7)([28]2,4,0)([29]23,5,5)([30]21,26,3)([31]30,28,5)([32]5,31,5)([33]14,31,7)([34]31,4,6)([35]21,4,1)([36]30,29,5)([37]11,33,3)([38]5,15,4)([39]12,34,4)([40]29,36,1)([41]13,11,3)([42]34,41,4)([43]21,24,2)([44]23,2,4)([45]6,40,0)([46]5,37,3)([47]13,23,5)([48]14,37,6)([49]17,2,2)([50]44,19,4)([51]36,22,2)([52]7,1,6)([53]30,36,0)([54]30,11,5)([55]53,1,3)([56]43,3,2)([57]36,11,4)([58]51,25,4)([59]50,58,6)([60]31,34,3)([61]14,20,2)([62]61,22,3)([63]55,28,7)([64]43,22,3)([65]45,46,5)([66]35,39,1)([67]2,32,7)([68]65,59,7)([69]59,27,4)([70]35,26,5)([71]10,42,5)([72]64,71,7)([73]64,9,6)([74]65,13,3)([75]74,31,7)([76]59,47,5)([77]43,27,4)([78]30,26,3)([79]39,7,2)([80]5,61,1)([81]10,69,5)([82]30,68,2)([83]46,49,3)([84]72,81,5)([85]84,82,4)([86]5,47,7)(85)
evaluations: 38109840
first invidual area: 150.87
{7,1,80,1,2,1,8}([7]5,1,7)([8]1,2,4)([9]0,7,4)([10]7,6,4)([11]3,9,7)([12]5,10,5)([13]10,12,2)([14]3,4,2)([15]11,3,2)([16]0,2,6)([17]16,9,3)([18]12,16,4)([19]13,4,3)([20]19,8,3)([21]17,20,2)([22]8,15,7)([23]18,15,2)([24]6,11,2)([25]16,14,3)([26]1,24,7)([27]6,20,2)([28]15,24,4)([29]5,23,5)([30]21,26,3)([31]2,21,1)([32]15,30,7)([33]14,2,4)([34]31,4,3)([35]25,15,5)([36]35,27,6)([37]0,30,5)([38]30,12,7)([39]11,33,3)([40]25,38,2)([41]13,11,3)([42]11,4,7)([43]29,30,5)([44]23,31,4)([45]1,23,7)([46]32,39,7)([47]37,2,7)([48]0,43,3)([49]43,13,1)([50]44,19,2)([51]22,43,5)([52]34,21,4)([53]5,39,3)([54]15,3,6)([55]32,12,2)([56]15,27,2)([57]21,2,4)([58]51,25,4)([59]50,58,6)([60]3,21,6)([61]28,34,6)([62]28,33,5)([63]34,41,2)([64]56,22,3)([65]53,6,5)([66]3,9,6)([67]40,22,7)([68]59,65,7)([69]59,27,3)([70]19,16,3)([71]10,63,5)([72]64,71,7)([73]40,69,0)([74]58,71,4)([75]48,4,1)([76]3,67,6)([77]58,35,2)([78]68,30,5)([79]57,56,5)([80]51,33,2)([81]10,69,5)([82]15,81,2)([83]54,72,6)([84]72,81,5)([85]84,78,7)([86]60,27,5)(85)
optimized area: 137.71
time: 1173686 ms
seed: 1636139911
{7,1,80,1,2,1,8}([7]2,4,4)([8]0,7,6)([9]6,5,1)([10]5,5,0)([11]1,5,2)([12]3,7,5)([13]4,8,3)([14]2,9,2)([15]8,6,3)([16]1,12,6)([17]11,0,3)([18]5,3,7)([19]1,15,7)([20]6,10,2)([21]2,3,1)([22]2,19,4)([23]7,14,2)([24]10,17,5)([25]18,22,5)([26]9,1,5)([27]16,25,4)([28]16,21,5)([29]24,5,0)([30]26,25,4)([31]1,28,0)([32]11,14,6)([33]18,20,6)([34]3,29,2)([35]16,8,3)([36]33,15,4)([37]6,7,7)([38]37,32,5)([39]35,30,4)([40]25,0,5)([41]38,3,7)([42]16,6,1)([43]23,40,7)([44]30,43,3)([45]19,2,3)([46]33,14,3)([47]35,7,3)([48]26,0,2)([49]26,31,1)([50]15,41,6)([51]15,11,3)([52]38,48,3)([53]3,43,0)([54]22,10,7)([55]49,22,1)([56]43,53,6)([57]33,25,0)([58]45,36,5)([59]29,14,7)([60]58,17,3)([61]60,23,7)([62]8,21,1)([63]24,11,3)([64]3,24,6)([65]56,41,3)([66]39,51,6)([67]54,65,3)([68]60,20,3)([69]52,65,6)([70]67,68,5)([71]28,69,2)([72]66,62,3)([73]36,57,3)([74]61,12,0)([75]3,29,5)([76]3,67,6)([77]74,52,6)([78]39,57,3)([79]36,60,4)([80]16,66,0)([81]61,39,3)([82]70,81,4)([83]2,57,6)([84]81,16,2)([85]49,8,3)([86]71,82,4)(86)
evaluations: 17673389
first invidual area: 134.90
{7,1,80,1,2,1,8}([7]4,2,4)([8]0,7,6)([9]6,4,1)([10]0,5,5)([11]1,5,2)([12]3,7,5)([13]2,11,0)([14]9,2,2)([15]6,8,3)([16]1,12,6)([17]1,2,7)([18]3,5,7)([19]7,6,7)([20]5,6,2)([21]7,4,3)([22]15,17,4)([23]7,14,2)([24]15,12,5)([25]22,18,5)([26]10,23,7)([27]1,9,5)([28]23,0,2)([29]16,8,6)([30]25,27,7)([31]29,30,4)([32]14,11,6)([33]18,20,6)([34]10,2,7)([35]33,28,6)([36]15,33,4)([37]13,33,7)([38]19,32,5)([39]15,38,4)([40]11,0,3)([41]3,38,2)([42]34,24,2)([43]38,17,2)([44]19,0,0)([45]22,2,3)([46]6,37,2)([47]4,31,5)([48]40,45,2)([49]22,5,7)([50]44,10,0)([51]26,19,4)([52]38,48,3)([53]31,46,0)([54]11,45,4)([55]16,17,0)([56]26,3,6)([57]47,22,2)([58]45,36,5)([59]32,13,4)([60]58,48,3)([61]41,24,1)([62]29,4,6)([63]35,38,6)([64]39,47,1)([65]56,41,3)([66]19,47,3)([67]49,65,3)([68]60,20,3)([69]52,65,6)([70]67,68,5)([71]47,69,5)([72]5,42,1)([73]27,45,1)([74]5,46,2)([75]46,62,3)([76]13,5,7)([77]60,23,7)([78]2,57,2)([79]64,56,4)([80]13,22,0)([81]77,31,6)([82]70,81,7)([83]52,49,1)([84]42,54,3)([85]49,51,3)([86]71,82,7)(86)
optimized area: 130.68
time: 1288794 ms
seed: 1636172329
{7,1,80,1,2,1,8}([7]1,6,6)([8]7,2,4)([9]5,6,4)([10]3,1,7)([11]4,8,0)([12]8,10,3)([13]2,5,7)([14]0,7,7)([15]13,10,3)([16]1,0,2)([17]16,8,7)([18]5,9,2)([19]3,16,4)([20]16,12,2)([21]3,4,7)([22]8,0,2)([23]17,18,2)([24]12,19,3)([25]6,5,0)([26]11,7,5)([27]12,26,3)([28]13,0,5)([29]27,13,7)([30]4,10,5)([31]18,28,6)([32]4,8,7)([33]31,19,4)([34]30,8,3)([35]32,5,6)([36]10,13,5)([37]9,26,2)([38]14,5,0)([39]11,35,3)([40]9,31,6)([41]34,33,2)([42]23,38,3)([43]9,22,1)([44]36,3,4)([45]27,7,4)([46]11,43,6)([47]44,23,6)([48]14,39,4)([49]48,12,7)([50]18,40,3)([51]2,45,6)([52]49,33,2)([53]50,47,4)([54]39,29,4)([55]54,52,3)([56]3,18,7)([57]44,23,5)([58]56,15,1)([59]37,42,5)([60]11,27,6)([61]41,53,3)([62]50,54,4)([63]50,13,5)([64]61,55,5)([65]64,59,7)([66]7,41,3)([67]59,7,5)([68]11,18,1)([69]24,25,6)([70]34,41,4)([71]69,33,3)([72]40,71,1)([73]36,23,7)([74]22,35,3)([75]32,46,0)([76]57,62,3)([77]54,44,2)([78]77,46,3)([79]70,28,2)([80]48,49,4)([81]37,80,6)([82]2,40,5)([83]14,23,3)([84]40,7,7)([85]77,69,6)([86]8,54,5)(65)
evaluations: 24209048
first invidual area: 130.72
{7,1,80,1,2,1,8}([7]1,6,6)([8]7,2,4)([9]6,5,4)([10]3,1,7)([11]0,1,5)([12]8,10,3)([13]5,2,7)([14]7,0,7)([15]10,4,5)([16]8,13,1)([17]13,0,5)([18]9,5,2)([19]13,10,5)([20]11,3,7)([21]15,8,3)([22]13,14,3)([23]22,18,2)([24]16,15,3)([25]22,2,3)([26]4,7,5)([27]12,26,6)([28]7,20,2)([29]27,13,4)([30]16,5,6)([31]23,17,6)([32]19,3,4)([33]20,31,4)([34]21,3,6)([35]26,10,2)([36]12,11,6)([37]9,26,2)([38]33,0,0)([39]4,30,3)([40]31,37,6)([41]14,12,4)([42]23,14,3)([43]13,18,6)([44]40,23,6)([45]18,32,6)([46]4,16,5)([47]21,38,2)([48]1,41,6)([49]41,29,7)([50]4,21,4)([51]45,3,0)([52]49,38,2)([53]45,44,7)([54]39,29,4)([55]54,52,3)([56]0,42,3)([57]38,19,0)([58]1,3,3)([59]8,54,6)([60]0,15,7)([61]47,53,3)([62]4,47,6)([63]14,39,1)([64]61,55,5)([65]20,47,1)([66]19,19,1)([67]20,45,4)([68]37,13,3)([69]3,47,2)([70]37,42,5)([71]58,41,6)([72]8,70,1)([73]45,49,4)([74]17,30,7)([75]72,33,3)([76]7,69,5)([77]76,5,0)([78]64,70,7)([79]48,72,7)([80]35,51,5)([81]40,44,5)([82]20,2,5)([83]58,25,0)([84]58,24,2)([85]71,3,1)([86]26,73,2)(78)
optimized area: 124.61
time: 1211238 ms
seed: 1636202973
{7,1,80,1,2,1,8}([7]0,6,6)([8]5,4,4)([9]4,1,3)([10]5,2,4)([11]8,6,6)([12]0,8,3)([13]4,12,1)([14]12,12,4)([15]0,1,7)([16]3,4,4)([17]3,1,4)([18]14,11,6)([19]1,0,3)([20]18,3,5)([21]15,4,2)([22]5,1,6)([23]1,7,7)([24]23,10,4)([25]16,24,6)([26]12,6,7)([27]21,10,4)([28]2,22,6)([29]17,28,6)([30]24,7,7)([31]3,10,4)([32]8,25,5)([33]31,20,2)([34]23,27,5)([35]13,19,2)([36]26,35,2)([37]31,36,5)([38]23,23,3)([39]29,0,4)([40]39,37,2)([41]12,38,5)([42]9,33,2)([43]31,21,1)([44]10,26,2)([45]34,40,4)([46]26,26,1)([47]34,10,7)([48]24,37,4)([49]16,26,3)([50]25,26,3)([51]3,35,6)([52]20,34,3)([53]7,39,2)([54]24,30,2)([55]45,6,4)([56]55,43,1)([57]45,50,2)([58]26,16,5)([59]15,49,7)([60]24,50,5)([61]39,44,5)([62]21,16,2)([63]39,20,5)([64]61,44,7)([65]29,6,6)([66]61,60,7)([67]24,26,7)([68]48,64,5)([69]64,41,1)([70]57,42,3)([71]28,17,1)([72]24,3,4)([73]32,26,1)([74]8,51,3)([75]18,9,4)([76]21,16,0)([77]32,9,6)([78]55,51,0)([79]38,19,5)([80]0,9,6)([81]50,46,0)([82]4,47,3)([83]70,68,5)([84]80,63,7)([85]17,24,2)([86]58,75,1)(83)
evaluations: 19697756
first invidual area: 129.77
{7,1,80,1,2,1,8}([7]3,5,0)([8]5,4,4)([9]0,6,6)([10]5,2,4)([11]10,1,0)([12]0,1,6)([13]10,11,2)([14]8,2,7)([15]6,8,3)([16]3,5,6)([17]12,4,5)([18]17,11,7)([19]4,9,1)([20]15,3,5)([21]4,1,3)([22]21,6,5)([23]9,1,7)([24]10,23,4)([25]0,8,6)([26]6,25,4)([27]23,18,5)([28]3,1,4)([29]15,13,7)([30]16,2,6)([31]11,7,4)([32]26,31,2)([33]21,20,2)([34]28,30,3)([35]19,32,2)([36]6,35,5)([37]2,14,2)([38]19,3,7)([39]34,0,7)([40]39,36,5)([41]38,24,6)([42]31,33,2)([43]10,23,6)([44]31,1,4)([45]27,40,7)([46]43,37,7)([47]24,35,7)([48]39,27,1)([49]7,7,4)([50]41,26,3)([51]48,26,2)([52]19,30,7)([53]45,50,2)([54]1,28,1)([55]34,47,6)([56]10,26,4)([57]38,44,7)([58]26,28,4)([59]41,40,6)([60]39,31,6)([61]6,54,4)([62]0,48,0)([63]43,38,2)([64]47,10,2)([65]36,16,6)([66]64,51,5)([67]45,64,7)([68]65,54,0)([69]23,53,7)([70]53,42,3)([71]56,68,6)([72]62,40,2)([73]36,71,2)([74]66,70,5)([75]16,32,5)([76]8,53,0)([77]25,36,3)([78]36,56,6)([79]2,66,1)([80]73,17,3)([81]42,21,1)([82]19,27,3)([83]65,39,6)([84]12,9,2)([85]68,45,4)([86]29,74,1)(74)
optimized area: 114.29
time: 1167344 ms
seed: 1636232958
NOT FOUND
time: 1051283 ms
