seed: 1633850250
{7,1,80,1,2,1,8}([7]2,1,3)([8]3,1,7)([9]5,4,2)([10]6,0,7)([11]3,2,7)([12]2,1,5)([13]7,10,7)([14]13,6,0)([15]11,0,2)([16]4,10,6)([17]14,16,7)([18]3,6,2)([19]2,0,2)([20]7,5,7)([21]9,13,4)([22]20,4,7)([23]13,6,7)([24]6,8,4)([25]21,18,0)([26]17,11,3)([27]21,10,5)([28]26,3,5)([29]13,28,7)([30]17,13,6)([31]5,18,7)([32]31,6,4)([33]29,6,2)([34]5,14,7)([35]27,15,4)([36]19,8,7)([37]29,35,5)([38]4,15,1)([39]19,35,2)([40]22,6,4)([41]21,23,2)([42]20,40,6)([43]37,16,6)([44]28,16,5)([45]36,12,2)([46]12,32,4)([47]43,18,5)([48]41,28,1)([49]4,33,3)([50]27,13,2)([51]49,45,6)([52]44,43,4)([53]37,0,3)([54]37,16,1)([55]51,30,1)([56]31,55,6)([57]46,11,2)([58]44,34,7)([59]36,29,1)([60]35,55,5)([61]55,41,2)([62]42,60,2)([63]24,45,7)([64]29,11,6)([65]57,52,3)([66]62,36,5)([67]52,52,3)([68]33,58,4)([69]49,30,0)([70]53,9,4)([71]65,3,6)([72]23,63,6)([73]72,56,7)([74]39,5,1)([75]70,26,6)([76]37,2,5)([77]73,65,7)([78]60,39,4)([79]64,8,7)([80]9,71,1)([81]62,37,2)([82]77,20,4)([83]66,77,2)([84]38,9,5)([85]30,6,7)([86]74,64,1)(83)
evaluations: 45993782
first invidual area: 157.44
{7,1,80,1,2,1,8}([7]2,1,3)([8]1,3,7)([9]5,4,5)([10]6,0,7)([11]3,2,7)([12]2,1,5)([13]7,10,7)([14]11,8,0)([15]14,0,2)([16]4,10,6)([17]16,13,7)([18]3,6,2)([19]2,0,5)([20]5,0,2)([21]13,8,7)([22]2,17,3)([23]13,6,7)([24]9,10,7)([25]10,16,5)([26]9,13,7)([27]26,10,5)([28]22,3,5)([29]13,28,7)([30]27,9,7)([31]5,18,7)([32]31,6,7)([33]29,6,2)([34]16,0,0)([35]27,15,4)([36]19,8,4)([37]29,35,5)([38]4,25,0)([39]0,4,4)([40]38,6,7)([41]7,26,5)([42]20,40,6)([43]37,16,3)([44]28,34,5)([45]36,12,2)([46]12,32,7)([47]36,18,3)([48]25,25,3)([49]38,33,3)([50]9,29,6)([51]49,45,6)([52]44,43,2)([53]16,34,6)([54]28,50,3)([55]51,51,1)([56]31,55,6)([57]46,11,2)([58]17,29,4)([59]26,14,4)([60]35,55,5)([61]42,16,7)([62]42,60,2)([63]21,45,7)([64]37,41,1)([65]57,52,6)([66]62,36,5)([67]16,34,2)([68]14,57,6)([69]31,13,7)([70]14,53,3)([71]19,51,5)([72]23,63,6)([73]72,56,4)([74]48,31,3)([75]46,43,0)([76]54,61,5)([77]73,65,7)([78]24,16,7)([79]70,30,3)([80]40,77,5)([81]9,39,2)([82]70,34,6)([83]66,77,2)([84]21,66,0)([85]48,43,6)([86]9,16,4)(83)
optimized area: 147.11
time: 536696 ms
seed: 1633937012
NOT FOUND
time: 532900 ms
seed: 1633964808
{7,1,80,1,2,1,8}([7]3,2,7)([8]2,3,6)([9]4,8,7)([10]7,6,7)([11]3,1,6)([12]1,9,3)([13]5,1,5)([14]11,10,6)([15]14,5,4)([16]2,1,2)([17]16,8,4)([18]16,14,3)([19]5,9,7)([20]7,5,6)([21]16,20,0)([22]20,8,3)([23]2,22,5)([24]4,19,5)([25]19,6,2)([26]10,24,3)([27]6,12,4)([28]12,11,6)([29]26,8,7)([30]1,15,3)([31]7,16,3)([32]20,7,7)([33]29,15,7)([34]18,0,4)([35]2,1,4)([36]9,3,5)([37]31,13,6)([38]4,23,6)([39]38,37,4)([40]31,32,3)([41]25,10,5)([42]27,13,7)([43]29,9,1)([44]1,25,5)([45]10,35,2)([46]18,21,4)([47]39,36,7)([48]17,35,6)([49]26,28,5)([50]7,8,1)([51]42,49,2)([52]46,10,3)([53]10,48,6)([54]23,17,2)([55]33,44,5)([56]48,21,3)([57]10,18,6)([58]46,4,4)([59]23,45,6)([60]34,41,5)([61]47,54,4)([62]55,60,5)([63]38,41,6)([64]33,28,2)([65]13,34,2)([66]65,37,4)([67]65,42,4)([68]10,24,0)([69]48,62,6)([70]51,59,7)([71]48,44,6)([72]1,50,3)([73]0,47,4)([74]33,4,1)([75]25,60,2)([76]70,73,2)([77]76,69,3)([78]28,22,5)([79]36,8,1)([80]12,29,7)([81]8,54,6)([82]81,24,7)([83]13,78,6)([84]40,81,3)([85]41,81,6)([86]12,65,0)(77)
evaluations: 25037107
first invidual area: 142.88
{7,1,80,1,2,1,8}([7]3,6,4)([8]2,3,6)([9]4,8,7)([10]2,7,4)([11]1,3,6)([12]9,1,3)([13]1,5,5)([14]11,10,6)([15]14,8,4)([16]1,2,2)([17]8,2,3)([18]14,16,3)([19]9,5,7)([20]5,3,6)([21]17,13,6)([22]7,12,6)([23]2,20,5)([24]19,4,5)([25]6,19,2)([26]10,24,3)([27]13,12,5)([28]5,15,4)([29]17,18,0)([30]28,20,1)([31]29,5,7)([32]27,3,2)([33]28,26,4)([34]1,29,6)([35]4,23,6)([36]9,3,5)([37]16,9,0)([38]22,29,1)([39]21,35,6)([40]8,14,4)([41]27,1,3)([42]27,6,7)([43]36,23,4)([44]1,25,5)([45]0,18,4)([46]8,2,3)([47]0,39,7)([48]44,33,5)([49]26,22,5)([50]25,10,5)([51]26,17,4)([52]16,26,6)([53]31,13,1)([54]16,6,6)([55]30,18,6)([56]50,54,5)([57]10,47,1)([58]22,20,6)([59]49,42,5)([60]45,50,5)([61]38,53,3)([62]60,48,5)([63]58,2,5)([64]23,54,3)([65]41,53,1)([66]47,36,7)([67]18,45,6)([68]52,47,2)([69]34,62,6)([70]59,64,7)([71]39,27,2)([72]46,21,2)([73]36,59,6)([74]44,68,1)([75]49,36,7)([76]70,66,2)([77]76,69,3)([78]9,18,1)([79]67,18,7)([80]13,7,1)([81]3,48,7)([82]18,54,6)([83]37,77,3)([84]67,46,0)([85]39,56,4)([86]66,11,1)(77)
optimized area: 125.52
time: 619788 ms
seed: 1633987703
{7,1,80,1,2,1,8}([7]3,1,4)([8]5,2,4)([9]1,4,3)([10]5,9,6)([11]10,8,7)([12]0,10,3)([13]7,11,7)([14]9,8,4)([15]6,2,7)([16]3,14,4)([17]15,13,3)([18]16,0,4)([19]1,5,7)([20]1,11,7)([21]4,18,6)([22]4,17,2)([23]3,15,3)([24]6,9,2)([25]6,12,1)([26]23,9,4)([27]18,11,6)([28]21,7,4)([29]5,26,4)([30]29,13,5)([31]4,9,4)([32]26,28,3)([33]16,32,6)([34]17,31,6)([35]7,24,7)([36]25,27,0)([37]16,21,4)([38]24,30,3)([39]38,3,4)([40]27,34,7)([41]35,32,5)([42]9,26,5)([43]18,42,6)([44]0,8,0)([45]28,17,5)([46]41,43,7)([47]5,46,6)([48]17,4,4)([49]30,34,5)([50]44,35,3)([51]39,1,4)([52]10,10,4)([53]0,46,3)([54]50,5,2)([55]6,44,6)([56]20,48,6)([57]12,41,0)([58]14,56,2)([59]53,32,7)([60]40,19,4)([61]48,25,1)([62]9,47,5)([63]36,21,1)([64]48,54,6)([65]45,43,0)([66]32,50,3)([67]11,0,6)([68]60,38,5)([69]17,16,0)([70]46,5,1)([71]68,59,7)([72]62,26,6)([73]10,69,4)([74]68,54,3)([75]39,29,1)([76]23,47,7)([77]28,22,4)([78]61,27,4)([79]1,9,1)([80]78,58,1)([81]35,59,7)([82]71,74,5)([83]71,13,1)([84]35,15,0)([85]30,2,4)([86]82,25,4)(86)
evaluations: 11916726
first invidual area: 139.65
{7,1,80,1,2,1,8}([7]1,3,4)([8]5,2,4)([9]1,4,3)([10]5,9,6)([11]8,10,7)([12]9,0,7)([13]11,7,7)([14]9,7,1)([15]6,2,7)([16]15,3,6)([17]8,12,4)([18]17,3,7)([19]4,14,6)([20]18,4,3)([21]9,0,5)([22]5,5,2)([23]9,17,0)([24]9,6,2)([25]13,15,3)([26]16,14,4)([27]18,11,3)([28]7,20,7)([29]26,22,4)([30]13,29,5)([31]7,24,7)([32]26,28,3)([33]19,25,3)([34]20,19,7)([35]31,32,5)([36]18,5,4)([37]25,14,1)([38]24,30,3)([39]9,19,4)([40]22,33,4)([41]28,3,1)([42]1,36,0)([43]26,16,0)([44]15,27,6)([45]38,8,6)([46]44,35,7)([47]5,41,2)([48]3,36,3)([49]38,46,5)([50]19,13,2)([51]27,1,4)([52]27,44,7)([53]0,46,6)([54]13,37,0)([55]37,20,1)([56]18,10,0)([57]5,36,3)([58]7,54,2)([59]32,53,4)([60]51,42,6)([61]59,1,6)([62]1,25,7)([63]51,40,4)([64]40,34,4)([65]3,34,4)([66]19,3,2)([67]32,48,7)([68]63,38,5)([69]32,34,5)([70]59,68,7)([71]21,1,4)([72]62,44,1)([73]24,62,7)([74]59,47,3)([75]15,59,2)([76]74,70,5)([77]62,72,3)([78]31,69,6)([79]41,43,3)([80]56,24,4)([81]43,49,3)([82]29,62,4)([83]2,15,0)([84]60,69,5)([85]32,63,0)([86]76,6,7)(86)
optimized area: 134.49
time: 687601 ms
seed: 1634036651
NOT FOUND
time: 530420 ms
seed: 1634150750
NOT FOUND
time: 524709 ms
seed: 1634198056
NOT FOUND
time: 524151 ms
seed: 1634247067
NOT FOUND
time: 530182 ms
seed: 1634295213
{7,1,80,1,2,1,8}([7]3,6,4)([8]6,3,7)([9]0,6,2)([10]5,1,2)([11]3,1,7)([12]4,2,5)([13]2,0,2)([14]1,0,7)([15]8,12,5)([16]10,1,7)([17]4,3,5)([18]5,12,7)([19]14,12,4)([20]15,14,4)([21]19,15,4)([22]1,5,7)([23]22,13,2)([24]5,15,6)([25]11,5,6)([26]7,10,7)([27]9,17,5)([28]21,3,3)([29]26,17,0)([30]28,27,4)([31]28,12,3)([32]2,18,4)([33]30,30,7)([34]17,31,4)([35]23,32,6)([36]9,19,4)([37]4,19,5)([38]30,27,2)([39]38,13,1)([40]22,30,4)([41]25,32,3)([42]24,34,3)([43]4,10,0)([44]24,41,2)([45]13,28,2)([46]25,13,2)([47]42,2,4)([48]43,47,5)([49]41,47,7)([50]36,49,2)([51]36,13,2)([52]34,11,2)([53]40,37,6)([54]26,51,6)([55]48,30,2)([56]47,9,1)([57]14,36,6)([58]45,55,6)([59]57,19,3)([60]22,15,0)([61]39,6,7)([62]25,15,0)([63]26,43,2)([64]41,53,7)([65]54,63,4)([66]65,10,5)([67]55,14,3)([68]65,58,7)([69]63,11,7)([70]5,66,3)([71]52,18,5)([72]1,28,2)([73]54,33,4)([74]47,57,7)([75]73,57,3)([76]69,50,2)([77]4,35,2)([78]50,76,5)([79]25,66,7)([80]68,78,4)([81]23,55,1)([82]14,23,2)([83]59,70,5)([84]64,61,2)([85]43,78,6)([86]80,84,3)(86)
evaluations: 36809800
first invidual area: 166.81
{7,1,80,1,2,1,8}([7]3,6,7)([8]4,7,0)([9]6,0,2)([10]0,1,4)([11]3,1,7)([12]8,2,5)([13]0,2,2)([14]5,1,5)([15]12,7,5)([16]1,1,6)([17]8,3,5)([18]17,12,5)([19]10,12,7)([20]7,8,0)([21]19,15,4)([22]5,12,4)([23]22,9,4)([24]20,22,2)([25]5,11,6)([26]14,20,7)([27]9,18,1)([28]21,3,3)([29]3,28,0)([30]9,28,7)([31]19,0,4)([32]2,22,7)([33]4,19,5)([34]31,9,4)([35]33,13,7)([36]9,19,4)([37]24,4,4)([38]30,27,2)([39]38,4,5)([40]23,38,6)([41]25,32,3)([42]24,18,3)([43]32,19,1)([44]26,13,7)([45]13,27,2)([46]31,23,5)([47]2,42,4)([48]8,47,5)([49]41,47,7)([50]36,49,2)([51]36,13,2)([52]38,6,4)([53]33,40,3)([54]26,51,6)([55]48,30,2)([56]0,39,6)([57]5,49,1)([58]45,55,3)([59]57,20,2)([60]27,39,7)([61]31,12,3)([62]1,27,0)([63]26,8,2)([64]41,53,4)([65]54,63,3)([66]37,60,1)([67]21,5,0)([68]65,58,4)([69]63,11,7)([70]28,17,6)([71]44,46,7)([72]66,37,6)([73]36,14,4)([74]0,3,6)([75]0,9,1)([76]33,71,0)([77]21,2,1)([78]50,69,5)([79]24,32,6)([80]68,78,4)([81]56,44,6)([82]65,51,4)([83]58,27,2)([84]64,52,2)([85]77,55,4)([86]80,84,3)(86)
optimized area: 147.58
time: 576559 ms
seed: 1634335703
{7,1,80,1,2,1,8}([7]1,3,6)([8]7,6,4)([9]7,4,4)([10]0,9,6)([11]1,3,7)([12]4,2,7)([13]10,12,7)([14]11,9,4)([15]12,5,7)([16]5,7,6)([17]14,0,2)([18]3,15,7)([19]18,8,5)([20]15,2,2)([21]18,16,7)([22]4,9,3)([23]19,1,2)([24]21,20,6)([25]13,3,3)([26]5,11,5)([27]25,7,7)([28]6,26,7)([29]19,28,2)([30]9,24,7)([31]17,30,6)([32]12,15,4)([33]25,6,4)([34]13,22,2)([35]9,21,2)([36]0,20,6)([37]36,29,2)([38]37,11,7)([39]28,35,6)([40]39,5,6)([41]33,7,0)([42]16,17,5)([43]18,0,2)([44]1,39,6)([45]32,29,4)([46]37,43,3)([47]22,37,1)([48]41,31,4)([49]2,23,6)([50]44,42,4)([51]40,23,4)([52]30,39,3)([53]34,33,3)([54]50,51,6)([55]48,51,6)([56]44,27,5)([57]46,54,7)([58]25,17,3)([59]47,25,5)([60]27,33,6)([61]12,1,0)([62]33,31,3)([63]46,53,0)([64]48,42,4)([65]9,37,2)([66]27,46,5)([67]28,58,1)([68]21,29,7)([69]22,9,1)([70]57,55,3)([71]69,38,2)([72]52,23,1)([73]44,33,0)([74]70,62,4)([75]15,41,3)([76]30,10,1)([77]40,65,4)([78]60,51,5)([79]73,6,6)([80]68,13,0)([81]70,11,3)([82]38,76,5)([83]59,25,0)([84]58,0,7)([85]29,73,4)([86]69,26,4)(74)
evaluations: 39337633
first invidual area: 136.82
{7,1,80,1,2,1,8}([7]1,3,6)([8]6,7,4)([9]4,7,4)([10]0,9,3)([11]3,1,7)([12]4,2,7)([13]7,10,2)([14]11,9,4)([15]5,12,7)([16]7,5,3)([17]14,0,2)([18]15,3,7)([19]18,8,5)([20]15,2,2)([21]16,18,4)([22]12,10,4)([23]1,19,5)([24]21,20,6)([25]22,3,6)([26]5,11,5)([27]20,25,2)([28]6,26,7)([29]19,28,2)([30]9,24,7)([31]17,30,6)([32]9,2,3)([33]25,6,7)([34]11,12,3)([35]9,21,2)([36]20,0,6)([37]29,36,2)([38]33,35,3)([39]28,35,6)([40]39,5,3)([41]40,3,2)([42]24,17,5)([43]18,0,2)([44]1,39,3)([45]34,12,2)([46]19,35,6)([47]19,21,7)([48]33,31,4)([49]38,30,2)([50]44,42,2)([51]40,23,4)([52]18,44,2)([53]35,36,5)([54]50,51,3)([55]48,51,6)([56]37,43,3)([57]56,54,4)([58]0,52,3)([59]56,40,0)([60]13,32,0)([61]41,42,2)([62]31,48,6)([63]14,32,3)([64]36,46,7)([65]25,31,1)([66]11,39,7)([67]40,54,1)([68]10,25,0)([69]56,26,7)([70]57,55,3)([71]4,29,7)([72]28,10,5)([73]15,46,1)([74]70,62,7)([75]51,16,2)([76]30,58,2)([77]44,24,4)([78]3,22,5)([79]65,65,2)([80]68,60,1)([81]23,43,7)([82]1,11,4)([83]57,43,6)([84]28,53,0)([85]29,14,4)([86]12,56,0)(74)
optimized area: 134.00
time: 570263 ms
seed: 1634384560
NOT FOUND
time: 527867 ms
seed: 1634433634
NOT FOUND
time: 529584 ms
seed: 1634493968
{7,1,80,1,2,1,8}([7]2,0,1)([8]7,6,4)([9]4,5,4)([10]6,5,7)([11]9,3,7)([12]9,3,6)([13]1,11,4)([14]6,12,6)([15]11,8,3)([16]1,15,4)([17]11,14,2)([18]4,10,6)([19]8,4,4)([20]18,19,4)([21]0,17,7)([22]2,21,4)([23]22,6,2)([24]20,1,7)([25]24,22,6)([26]18,16,2)([27]3,0,4)([28]25,27,6)([29]24,27,3)([30]13,10,6)([31]12,22,4)([32]13,15,2)([33]21,29,3)([34]3,28,2)([35]21,26,7)([36]15,23,2)([37]25,9,4)([38]18,35,7)([39]33,10,4)([40]31,39,6)([41]38,40,6)([42]36,26,2)([43]4,2,2)([44]9,2,6)([45]16,1,3)([46]40,17,3)([47]7,45,4)([48]32,5,4)([49]29,5,3)([50]36,8,7)([51]43,2,7)([52]37,44,7)([53]28,7,5)([54]23,10,5)([55]31,52,4)([56]31,32,2)([57]48,38,5)([58]52,5,1)([59]26,42,6)([60]16,4,2)([61]15,40,3)([62]37,17,2)([63]34,27,5)([64]63,54,5)([65]14,44,0)([66]26,28,1)([67]65,10,2)([68]46,62,3)([69]53,53,1)([70]35,59,6)([71]41,20,3)([72]39,22,0)([73]55,71,5)([74]20,31,5)([75]33,60,1)([76]35,4,0)([77]73,50,3)([78]77,57,2)([79]42,68,3)([80]75,25,4)([81]78,65,1)([82]79,81,7)([83]33,46,7)([84]51,26,7)([85]59,6,3)([86]36,46,1)(82)
evaluations: 43164234
first invidual area: 163.54
{7,1,80,1,2,1,8}([7]0,0,4)([8]6,2,7)([9]4,5,4)([10]5,6,7)([11]9,3,7)([12]3,9,6)([13]1,11,4)([14]6,12,6)([15]11,8,3)([16]1,15,4)([17]14,11,2)([18]4,10,6)([19]18,4,3)([20]8,19,4)([21]0,17,7)([22]2,21,4)([23]22,6,2)([24]1,20,7)([25]22,24,3)([26]18,16,2)([27]3,0,5)([28]13,15,3)([29]25,27,3)([30]29,10,4)([31]12,22,4)([32]13,15,2)([33]31,0,0)([34]26,4,5)([35]21,26,7)([36]15,23,2)([37]25,9,7)([38]18,35,7)([39]31,34,3)([40]33,30,6)([41]40,38,6)([42]36,26,2)([43]0,16,2)([44]9,2,6)([45]39,34,3)([46]17,40,3)([47]37,45,6)([48]32,5,4)([49]36,6,2)([50]36,8,7)([51]16,22,6)([52]37,44,7)([53]21,36,4)([54]51,2,2)([55]33,52,4)([56]15,3,7)([57]48,38,5)([58]11,19,1)([59]33,52,0)([60]54,42,5)([61]38,31,7)([62]9,14,0)([63]30,16,2)([64]8,29,0)([65]48,54,7)([66]41,20,3)([67]37,4,2)([68]65,7,1)([69]0,24,1)([70]66,69,4)([71]6,17,5)([72]69,67,2)([73]55,66,5)([74]33,24,1)([75]20,66,4)([76]32,34,6)([77]73,50,3)([78]77,57,5)([79]42,46,6)([80]78,14,2)([81]61,32,0)([82]79,78,4)([83]69,37,1)([84]38,77,0)([85]63,42,6)([86]16,23,0)(82)
optimized area: 148.08
time: 557794 ms
seed: 1634593109
NOT FOUND
time: 526737 ms
seed: 1634641938
{7,1,80,1,2,1,8}([7]5,3,7)([8]1,6,5)([9]6,0,0)([10]1,9,3)([11]9,3,6)([12]7,3,4)([13]1,2,7)([14]2,10,2)([15]14,3,4)([16]7,6,3)([17]4,8,4)([18]15,1,6)([19]12,7,2)([20]0,17,1)([21]20,17,4)([22]19,21,3)([23]22,6,7)([24]6,2,3)([25]20,1,0)([26]15,23,5)([27]1,13,4)([28]17,24,7)([29]23,7,2)([30]0,16,3)([31]21,7,6)([32]30,24,2)([33]7,18,3)([34]32,33,4)([35]25,3,2)([36]31,23,0)([37]3,1,4)([38]11,16,2)([39]38,8,3)([40]31,36,0)([41]39,29,4)([42]9,4,0)([43]27,36,2)([44]26,0,7)([45]30,42,1)([46]15,22,0)([47]17,37,7)([48]35,1,3)([49]43,37,4)([50]44,28,5)([51]40,21,7)([52]49,50,2)([53]17,21,3)([54]47,48,2)([55]54,34,3)([56]39,2,2)([57]4,49,0)([58]55,52,5)([59]31,2,1)([60]18,13,4)([61]32,1,5)([62]22,61,7)([63]53,58,7)([64]56,4,5)([65]15,64,2)([66]23,10,7)([67]19,6,6)([68]63,34,7)([69]58,36,1)([70]43,13,4)([71]65,29,4)([72]36,56,1)([73]0,14,0)([74]38,52,3)([75]71,29,2)([76]27,42,3)([77]55,36,7)([78]30,56,6)([79]75,68,3)([80]43,3,0)([81]67,32,0)([82]28,80,6)([83]78,54,0)([84]69,3,4)([85]4,34,7)([86]83,7,3)(79)
evaluations: 40170100
first invidual area: 151.32
{7,1,80,1,2,1,8}([7]3,5,7)([8]1,6,5)([9]3,5,6)([10]1,6,3)([11]1,5,6)([12]2,9,1)([13]1,11,3)([14]2,10,5)([15]14,3,7)([16]7,0,3)([17]4,8,4)([18]1,15,6)([19]16,6,3)([20]0,18,1)([21]17,20,4)([22]9,21,3)([23]22,6,7)([24]2,6,3)([25]2,16,4)([26]15,23,5)([27]26,18,6)([28]17,24,7)([29]23,7,2)([30]28,18,6)([31]0,26,7)([32]19,24,5)([33]7,18,3)([34]33,32,7)([35]16,22,6)([36]21,7,6)([37]1,3,7)([38]21,35,1)([39]18,15,6)([40]38,0,4)([41]17,4,5)([42]4,11,5)([43]12,36,5)([44]39,22,0)([45]37,43,0)([46]5,21,1)([47]37,17,4)([48]1,20,3)([49]43,37,4)([50]31,28,5)([51]38,50,4)([52]49,50,2)([53]21,17,6)([54]47,48,2)([55]34,54,3)([56]52,10,3)([57]37,45,7)([58]55,52,5)([59]37,51,1)([60]46,51,7)([61]10,1,6)([62]25,44,6)([63]53,58,7)([64]0,51,6)([65]15,42,5)([66]37,43,2)([67]63,36,7)([68]63,34,7)([69]68,46,7)([70]29,3,5)([71]42,69,0)([72]39,22,4)([73]61,6,4)([74]32,29,2)([75]65,29,5)([76]61,52,1)([77]70,11,0)([78]11,35,5)([79]75,68,5)([80]59,17,2)([81]25,73,3)([82]79,65,2)([83]20,69,3)([84]27,51,6)([85]42,73,0)([86]41,25,0)(79)
optimized area: 121.78
time: 554023 ms
seed: 1634681224
NOT FOUND
time: 822316 ms
seed: 1634712862
NOT FOUND
time: 523708 ms
seed: 1634758972
{7,1,80,1,2,1,8}([7]5,1,4)([8]1,2,3)([9]0,7,0)([10]5,2,5)([11]6,10,2)([12]2,11,3)([13]5,0,5)([14]12,2,0)([15]6,7,5)([16]7,13,7)([17]4,13,4)([18]4,14,6)([19]4,16,7)([20]0,6,0)([21]4,5,1)([22]5,3,4)([23]20,10,4)([24]15,3,5)([25]24,11,1)([26]14,10,2)([27]16,22,5)([28]18,27,3)([29]28,15,2)([30]8,29,4)([31]12,9,5)([32]28,31,1)([33]26,2,4)([34]24,30,2)([35]1,20,7)([36]32,35,4)([37]33,36,3)([38]37,18,3)([39]29,28,1)([40]25,7,7)([41]5,21,2)([42]29,30,7)([43]31,11,7)([44]33,6,7)([45]38,13,2)([46]44,22,7)([47]19,39,5)([48]12,25,5)([49]19,41,2)([50]19,45,6)([51]50,5,0)([52]17,35,7)([53]49,43,4)([54]51,34,7)([55]5,24,7)([56]5,33,5)([57]21,31,7)([58]39,51,7)([59]22,2,3)([60]3,17,4)([61]36,34,2)([62]4,44,5)([63]3,39,1)([64]46,23,2)([65]53,47,4)([66]44,24,5)([67]65,60,6)([68]63,60,5)([69]62,33,4)([70]64,54,6)([71]67,35,7)([72]19,56,4)([73]6,11,1)([74]48,65,0)([75]58,39,5)([76]40,13,1)([77]14,64,0)([78]16,48,7)([79]28,26,2)([80]42,49,4)([81]10,4,2)([82]0,6,5)([83]67,70,3)([84]76,55,0)([85]32,65,1)([86]83,14,5)(83)
evaluations: 32231523
first invidual area: 139.14
{7,1,80,1,2,1,8}([7]5,1,4)([8]5,0,0)([9]6,6,0)([10]5,2,5)([11]10,6,5)([12]6,2,3)([13]8,0,5)([14]6,7,7)([15]9,7,5)([16]13,7,7)([17]13,3,7)([18]12,4,6)([19]16,4,7)([20]1,2,3)([21]3,15,5)([22]8,3,4)([23]8,19,4)([24]2,13,6)([25]0,12,5)([26]2,10,5)([27]22,16,5)([28]18,27,3)([29]28,15,2)([30]20,29,4)([31]1,0,7)([32]4,11,2)([33]12,26,2)([34]30,21,5)([35]33,26,0)([36]31,27,2)([37]36,35,3)([38]37,18,3)([39]6,27,3)([40]17,5,5)([41]39,17,2)([42]40,23,2)([43]25,11,4)([44]35,6,4)([45]38,13,2)([46]44,22,4)([47]19,29,5)([48]1,32,7)([49]19,40,5)([50]19,45,3)([51]1,49,7)([52]20,45,0)([53]49,43,7)([54]34,50,7)([55]10,0,4)([56]10,52,1)([57]45,31,5)([58]28,24,4)([59]15,5,6)([60]4,17,7)([61]27,51,5)([62]39,15,6)([63]46,6,2)([64]46,55,2)([65]53,47,4)([66]11,59,7)([67]65,60,6)([68]55,60,2)([69]35,3,7)([70]64,54,6)([71]25,12,5)([72]3,28,3)([73]62,71,2)([74]19,48,6)([75]6,28,2)([76]42,14,5)([77]9,10,5)([78]47,40,1)([79]10,41,6)([80]38,21,6)([81]36,67,0)([82]9,2,7)([83]67,70,3)([84]6,65,3)([85]18,14,2)([86]79,18,0)(83)
optimized area: 127.89
time: 1066805 ms
seed: 1634824026
{7,1,80,1,2,1,8}([7]3,0,7)([8]1,4,4)([9]5,4,4)([10]8,9,3)([11]9,6,2)([12]0,1,7)([13]9,2,7)([14]4,13,3)([15]3,5,4)([16]10,0,2)([17]4,13,4)([18]12,14,4)([19]2,0,2)([20]11,18,6)([21]3,11,6)([22]17,16,6)([23]2,2,0)([24]11,22,3)([25]0,21,7)([26]7,5,7)([27]20,3,3)([28]16,7,3)([29]1,21,3)([30]25,29,2)([31]20,8,6)([32]20,16,6)([33]6,24,0)([34]6,11,1)([35]2,3,7)([36]35,12,5)([37]28,9,5)([38]3,24,2)([39]9,10,3)([40]18,38,5)([41]0,30,5)([42]30,2,2)([43]14,17,1)([44]8,34,2)([45]42,33,4)([46]1,36,2)([47]16,29,7)([48]3,17,5)([49]41,45,2)([50]40,19,6)([51]10,20,2)([52]50,43,7)([53]31,24,4)([54]0,44,7)([55]47,46,6)([56]49,37,7)([57]17,24,0)([58]3,3,0)([59]10,28,1)([60]56,53,5)([61]8,29,4)([62]23,61,7)([63]47,49,6)([64]27,9,1)([65]45,26,0)([66]65,55,6)([67]55,57,0)([68]52,66,7)([69]16,21,1)([70]53,66,7)([71]68,60,5)([72]39,8,4)([73]16,15,0)([74]28,41,3)([75]21,55,6)([76]55,33,4)([77]56,52,1)([78]22,60,5)([79]66,4,7)([80]60,71,2)([81]13,51,1)([82]1,54,3)([83]57,27,1)([84]67,28,7)([85]15,38,0)([86]12,21,2)(80)
evaluations: 33277641
first invidual area: 132.11
{7,1,80,1,2,1,8}([7]2,0,2)([8]1,4,4)([9]5,4,4)([10]9,9,1)([11]9,6,2)([12]9,8,3)([13]5,2,7)([14]13,4,3)([15]1,0,4)([16]0,12,2)([17]10,10,1)([18]14,15,7)([19]16,13,6)([20]11,18,6)([21]3,11,6)([22]13,2,7)([23]21,7,7)([24]11,19,3)([25]3,24,4)([26]0,0,2)([27]19,8,5)([28]16,25,3)([29]21,1,3)([30]2,29,0)([31]8,20,3)([32]29,23,2)([33]13,13,0)([34]6,23,4)([35]24,18,2)([36]28,0,5)([37]28,9,5)([38]13,26,5)([39]21,26,5)([40]3,35,5)([41]16,38,5)([42]30,32,5)([43]3,38,7)([44]35,21,1)([45]42,6,7)([46]1,36,2)([47]16,29,7)([48]8,31,5)([49]39,45,5)([50]7,40,3)([51]34,50,1)([52]43,6,0)([53]24,31,7)([54]6,53,3)([55]47,46,6)([56]34,40,6)([57]42,3,4)([58]37,49,4)([59]47,52,2)([60]55,45,6)([61]37,49,3)([62]50,14,7)([63]43,46,0)([64]40,16,6)([65]61,49,1)([66]6,63,6)([67]5,60,0)([68]11,22,4)([69]41,13,6)([70]25,40,7)([71]49,60,6)([72]11,65,6)([73]66,56,4)([74]53,58,5)([75]42,23,3)([76]61,4,2)([77]50,15,5)([78]62,60,4)([79]62,29,6)([80]74,78,2)([81]5,26,4)([82]2,78,7)([83]73,69,6)([84]29,42,1)([85]80,27,0)([86]29,84,6)(80)
optimized area: 118.52
time: 1055729 ms
seed: 1634948823
{7,1,80,1,2,1,8}([7]6,5,7)([8]3,0,4)([9]8,7,5)([10]1,3,2)([11]2,4,0)([12]3,7,2)([13]4,12,7)([14]12,11,5)([15]1,9,2)([16]6,13,7)([17]5,11,3)([18]3,1,6)([19]5,1,1)([20]6,2,7)([21]0,16,6)([22]7,21,7)([23]8,3,0)([24]20,13,7)([25]19,8,7)([26]23,10,7)([27]14,26,4)([28]23,15,7)([29]12,17,2)([30]9,19,7)([31]1,9,6)([32]17,31,3)([33]25,16,7)([34]0,32,2)([35]20,33,5)([36]30,22,5)([37]34,24,5)([38]29,27,1)([39]23,23,7)([40]14,35,6)([41]18,34,3)([42]36,37,4)([43]6,28,3)([44]7,19,2)([45]43,35,4)([46]0,24,3)([47]41,33,2)([48]46,47,7)([49]19,18,6)([50]27,48,3)([51]8,0,2)([52]48,40,6)([53]18,2,1)([54]21,40,4)([55]45,50,3)([56]41,3,7)([57]24,24,0)([58]44,12,2)([59]40,53,1)([60]28,42,6)([61]44,21,3)([62]60,55,4)([63]55,26,1)([64]49,31,7)([65]33,43,7)([66]65,41,6)([67]13,12,7)([68]7,6,5)([69]27,68,3)([70]42,28,5)([71]11,38,0)([72]5,12,3)([73]20,30,5)([74]44,15,2)([75]38,53,1)([76]33,26,4)([77]68,40,5)([78]49,66,1)([79]13,39,4)([80]49,31,4)([81]66,8,5)([82]72,54,5)([83]76,4,6)([84]67,41,5)([85]44,42,1)([86]13,8,4)(62)
evaluations: 12994674
first invidual area: 127.92
{7,1,80,1,2,1,8}([7]6,5,7)([8]3,0,4)([9]7,8,5)([10]5,9,4)([11]3,1,5)([12]7,3,2)([13]4,12,7)([14]2,12,5)([15]10,1,6)([16]6,13,7)([17]14,8,4)([18]0,16,6)([19]18,7,7)([20]9,1,5)([21]5,15,3)([22]20,4,3)([23]19,10,5)([24]2,16,7)([25]6,10,0)([26]8,8,0)([27]2,6,7)([28]15,1,3)([29]0,24,3)([30]20,26,4)([31]16,21,7)([32]16,21,3)([33]8,31,4)([34]0,32,2)([35]22,33,7)([36]30,18,1)([37]25,30,3)([38]1,3,6)([39]27,33,5)([40]38,34,3)([41]40,27,5)([42]12,38,1)([43]20,21,1)([44]37,24,5)([45]6,37,0)([46]42,37,4)([47]40,33,5)([48]29,47,4)([49]17,11,4)([50]48,49,3)([51]34,24,5)([52]23,51,4)([53]37,39,4)([54]47,17,4)([55]33,16,3)([56]46,5,7)([57]53,50,3)([58]16,18,0)([59]52,30,3)([60]47,21,2)([61]18,21,2)([62]46,44,1)([63]11,33,5)([64]5,26,0)([65]16,48,3)([66]53,11,7)([67]25,60,4)([68]20,33,1)([69]46,37,6)([70]67,17,0)([71]64,32,5)([72]71,48,5)([73]10,48,3)([74]57,59,7)([75]55,66,6)([76]11,11,5)([77]59,65,7)([78]47,61,0)([79]50,62,5)([80]19,61,4)([81]8,61,6)([82]31,60,7)([83]5,41,2)([84]25,28,7)([85]59,77,2)([86]37,57,6)(74)
optimized area: 125.11
time: 1138065 ms
seed: 1635079006
{7,1,80,1,2,1,8}([7]5,6,7)([8]3,1,7)([9]4,0,2)([10]3,7,7)([11]0,4,4)([12]5,3,2)([13]3,9,4)([14]0,10,5)([15]1,2,3)([16]5,2,3)([17]15,9,4)([18]6,0,5)([19]12,8,4)([20]6,2,4)([21]20,4,4)([22]5,19,6)([23]18,6,4)([24]20,0,0)([25]21,14,4)([26]7,17,4)([27]18,2,4)([28]2,10,7)([29]13,11,5)([30]23,16,5)([31]28,25,2)([32]17,30,4)([33]19,6,5)([34]32,30,4)([35]31,23,3)([36]21,12,3)([37]32,11,4)([38]12,10,1)([39]24,18,4)([40]5,23,5)([41]30,28,3)([42]2,4,3)([43]16,26,4)([44]42,27,2)([45]37,6,1)([46]41,7,5)([47]6,22,0)([48]26,44,4)([49]5,18,1)([50]46,38,0)([51]46,31,7)([52]19,31,6)([53]52,37,5)([54]8,26,5)([55]26,0,0)([56]22,48,2)([57]12,48,7)([58]14,36,1)([59]28,48,5)([60]57,53,7)([61]17,14,3)([62]22,20,4)([63]28,29,3)([64]46,21,0)([65]14,33,2)([66]30,63,6)([67]51,60,3)([68]28,4,5)([69]65,61,5)([70]69,54,7)([71]70,63,5)([72]5,8,7)([73]60,25,4)([74]67,71,5)([75]31,27,2)([76]40,23,2)([77]32,51,1)([78]51,40,5)([79]69,29,6)([80]57,64,7)([81]74,40,2)([82]30,64,1)([83]12,82,7)([84]20,4,7)([85]3,48,7)([86]24,71,6)(74)
evaluations: 15591844
first invidual area: 149.48
{7,1,80,1,2,1,8}([7]6,5,7)([8]1,3,7)([9]4,0,5)([10]7,3,7)([11]4,0,4)([12]5,3,2)([13]11,10,5)([14]2,4,3)([15]10,0,5)([16]6,2,7)([17]1,2,6)([18]0,6,5)([19]12,8,4)([20]11,3,5)([21]6,18,5)([22]17,9,4)([23]17,19,6)([24]13,14,5)([25]24,6,4)([26]22,7,4)([27]2,18,4)([28]10,2,7)([29]14,19,0)([30]23,21,5)([31]28,25,2)([32]28,30,3)([33]20,16,0)([34]8,26,5)([35]17,6,4)([36]22,30,7)([37]36,11,7)([38]19,31,6)([39]21,28,0)([40]10,29,3)([41]35,27,6)([42]38,32,6)([43]34,23,3)([44]14,27,5)([45]26,42,0)([46]19,6,5)([47]14,35,0)([48]12,44,7)([49]21,23,7)([50]7,32,5)([51]50,31,7)([52]51,43,0)([53]37,38,5)([54]22,49,4)([55]31,52,1)([56]31,15,5)([57]26,53,7)([58]25,17,5)([59]2,41,5)([60]57,48,7)([61]17,49,1)([62]34,59,0)([63]28,33,3)([64]51,60,3)([65]15,46,5)([66]44,28,5)([67]15,65,3)([68]59,8,1)([69]50,39,7)([70]65,62,7)([71]63,70,5)([72]42,59,0)([73]28,14,6)([74]64,71,5)([75]24,70,2)([76]43,64,0)([77]43,28,4)([78]32,3,3)([79]19,42,5)([80]9,79,1)([81]63,55,6)([82]69,26,5)([83]14,26,3)([84]38,29,6)([85]11,43,7)([86]37,16,4)(74)
optimized area: 130.71
time: 1202149 ms
seed: 1635119995
{7,1,80,1,2,1,8}([7]5,1,7)([8]2,0,6)([9]6,3,6)([10]6,4,2)([11]7,4,5)([12]0,7,2)([13]5,0,7)([14]4,13,7)([15]7,14,2)([16]1,5,5)([17]2,7,2)([18]15,10,4)([19]9,16,6)([20]19,14,6)([21]12,4,2)([22]20,3,6)([23]15,8,6)([24]2,21,4)([25]24,13,3)([26]4,23,2)([27]11,4,4)([28]5,13,5)([29]18,4,4)([30]5,24,4)([31]30,3,3)([32]3,1,6)([33]6,30,4)([34]26,22,7)([35]0,29,4)([36]35,27,2)([37]23,21,1)([38]16,9,5)([39]35,15,7)([40]6,4,7)([41]23,31,0)([42]13,12,0)([43]12,6,7)([44]33,6,7)([45]1,28,3)([46]43,19,4)([47]4,26,6)([48]18,40,4)([49]45,3,2)([50]9,22,6)([51]33,39,6)([52]51,10,7)([53]36,49,2)([54]23,7,5)([55]46,54,6)([56]35,43,7)([57]35,50,1)([58]33,53,5)([59]51,41,0)([60]32,58,4)([61]20,3,7)([62]39,58,4)([63]6,1,1)([64]46,57,1)([65]17,44,5)([66]34,55,7)([67]5,37,4)([68]8,47,1)([69]17,47,7)([70]68,38,0)([71]40,27,3)([72]35,56,4)([73]43,64,3)([74]15,48,5)([75]57,31,5)([76]68,56,5)([77]42,76,5)([78]76,9,1)([79]75,49,3)([80]46,60,2)([81]5,49,7)([82]66,52,6)([83]66,46,0)([84]79,80,7)([85]39,31,5)([86]84,82,6)(86)
evaluations: 7962783
first invidual area: 150.86
{7,1,80,1,2,1,8}([7]1,5,7)([8]3,6,6)([9]4,4,0)([10]4,6,2)([11]0,4,7)([12]7,0,2)([13]2,0,6)([14]5,11,7)([15]7,14,2)([16]7,5,5)([17]12,6,7)([18]17,5,4)([19]8,16,6)([20]14,19,6)([21]12,11,5)([22]3,20,3)([23]13,15,6)([24]2,21,7)([25]0,5,5)([26]4,23,5)([27]21,9,5)([28]20,12,7)([29]11,10,4)([30]24,5,4)([31]25,19,3)([32]18,23,2)([33]30,6,4)([34]26,22,4)([35]15,29,7)([36]19,28,7)([37]16,10,3)([38]15,20,7)([39]14,38,7)([40]3,1,6)([41]39,18,1)([42]28,21,0)([43]3,11,6)([44]35,27,2)([45]14,0,1)([46]3,30,3)([47]11,45,7)([48]32,18,6)([49]31,3,2)([50]35,10,1)([51]33,29,6)([52]51,10,7)([53]49,33,2)([54]12,35,6)([55]30,47,7)([56]3,6,6)([57]23,22,3)([58]44,53,2)([59]15,32,4)([60]49,58,0)([61]7,38,1)([62]38,11,0)([63]17,19,4)([64]39,9,1)([65]39,10,2)([66]34,37,7)([67]58,40,6)([68]18,12,0)([69]15,66,0)([70]46,50,5)([71]14,7,6)([72]5,32,1)([73]11,64,7)([74]5,31,5)([75]45,42,6)([76]63,67,5)([77]33,49,4)([78]61,41,0)([79]49,70,6)([80]73,21,1)([81]32,61,5)([82]66,52,6)([83]0,71,1)([84]79,76,7)([85]1,42,7)([86]84,82,6)(86)
optimized area: 131.63
time: 703319 ms
seed: 1635168877
NOT FOUND
time: 529330 ms
seed: 1635277086
NOT FOUND
time: 999706 ms
seed: 1635434412
{7,1,80,1,2,1,8}([7]6,4,1)([8]7,2,3)([9]3,1,5)([10]5,7,4)([11]1,4,3)([12]1,8,4)([13]5,2,4)([14]0,2,5)([15]4,13,7)([16]8,11,7)([17]13,9,5)([18]16,0,4)([19]1,6,5)([20]15,15,1)([21]18,17,5)([22]1,8,2)([23]14,16,0)([24]11,7,3)([25]11,9,4)([26]9,4,3)([27]20,9,4)([28]11,21,2)([29]10,25,3)([30]1,13,6)([31]21,0,2)([32]22,3,4)([33]5,19,5)([34]24,31,4)([35]34,32,2)([36]29,20,2)([37]18,27,7)([38]25,37,6)([39]37,33,3)([40]3,29,2)([41]39,32,3)([42]40,39,5)([43]29,7,5)([44]6,23,7)([45]19,6,2)([46]43,41,4)([47]10,26,3)([48]36,32,6)([49]32,22,4)([50]3,21,4)([51]17,41,4)([52]7,35,3)([53]35,47,4)([54]49,41,6)([55]50,36,2)([56]55,53,7)([57]4,56,4)([58]40,37,4)([59]40,48,2)([60]11,18,2)([61]14,30,7)([62]36,24,6)([63]57,24,0)([64]53,61,4)([65]51,25,3)([66]64,47,3)([67]15,66,1)([68]59,64,3)([69]30,24,4)([70]21,42,2)([71]19,67,2)([72]41,56,5)([73]46,68,5)([74]10,57,4)([75]26,71,3)([76]9,19,6)([77]67,20,6)([78]62,34,3)([79]57,57,2)([80]78,44,6)([81]27,56,5)([82]72,31,0)([83]18,22,0)([84]43,80,4)([85]67,16,6)([86]73,72,2)(86)
evaluations: 29117226
first invidual area: 139.13
{7,1,80,1,2,1,8}([7]6,5,1)([8]7,2,6)([9]1,3,5)([10]6,5,7)([11]1,4,3)([12]11,8,4)([13]2,5,4)([14]9,2,0)([15]4,13,4)([16]10,4,3)([17]14,13,5)([18]0,12,4)([19]8,15,6)([20]9,11,5)([21]17,18,5)([22]12,1,5)([23]15,9,4)([24]11,7,3)([25]1,6,5)([26]20,5,4)([27]14,21,5)([28]15,9,6)([29]20,10,3)([30]22,17,7)([31]21,0,5)([32]22,3,7)([33]5,25,5)([34]24,31,7)([35]34,32,5)([36]29,15,2)([37]18,23,7)([38]1,13,6)([39]37,33,3)([40]3,0,3)([41]39,32,3)([42]35,13,7)([43]29,7,5)([44]41,21,1)([45]0,2,5)([46]43,41,4)([47]14,16,6)([48]9,46,3)([49]24,7,6)([50]3,21,4)([51]36,27,2)([52]43,34,2)([53]35,47,4)([54]51,10,7)([55]50,36,5)([56]55,53,4)([57]39,25,3)([58]53,45,5)([59]30,34,6)([60]54,9,2)([61]45,38,7)([62]53,50,0)([63]42,55,0)([64]53,61,4)([65]26,47,6)([66]61,30,0)([67]25,61,6)([68]28,64,3)([69]31,17,6)([70]18,9,3)([71]24,22,7)([72]41,56,5)([73]46,68,5)([74]33,24,5)([75]13,23,1)([76]64,20,4)([77]31,25,7)([78]59,24,2)([79]27,55,7)([80]36,2,0)([81]40,26,6)([82]65,35,4)([83]73,72,2)([84]4,5,5)([85]3,5,2)([86]35,73,1)(83)
optimized area: 128.35
time: 1126839 ms
seed: 1635541716
NOT FOUND
time: 988617 ms
seed: 1635600640
{7,1,80,1,2,1,8}([7]2,2,0)([8]1,3,4)([9]0,2,2)([10]8,9,3)([11]6,4,5)([12]6,5,4)([13]11,2,2)([14]4,0,5)([15]0,10,2)([16]12,8,2)([17]12,3,4)([18]7,11,6)([19]5,0,5)([20]10,5,7)([21]16,15,2)([22]2,17,5)([23]19,17,2)([24]0,0,3)([25]18,14,4)([26]10,23,7)([27]16,15,7)([28]11,17,2)([29]6,3,2)([30]21,3,3)([31]4,11,1)([32]10,17,7)([33]22,24,6)([34]13,14,6)([35]23,20,7)([36]25,17,6)([37]13,26,7)([38]32,2,1)([39]38,4,7)([40]37,33,4)([41]27,14,4)([42]33,31,4)([43]31,33,3)([44]39,20,3)([45]44,19,5)([46]14,8,6)([47]8,30,7)([48]27,10,4)([49]27,26,3)([50]18,45,7)([51]32,36,7)([52]50,15,6)([53]47,44,3)([54]8,52,2)([55]21,34,3)([56]12,4,3)([57]4,49,5)([58]43,5,2)([59]37,58,7)([60]53,30,2)([61]59,60,6)([62]9,55,3)([63]40,24,4)([64]51,54,4)([65]6,26,5)([66]60,59,5)([67]12,18,4)([68]16,25,6)([69]64,61,7)([70]63,48,3)([71]11,0,4)([72]12,25,5)([73]35,57,4)([74]8,65,5)([75]46,6,7)([76]30,74,6)([77]27,0,0)([78]24,76,6)([79]39,58,3)([80]62,54,3)([81]3,44,0)([82]52,34,7)([83]40,46,3)([84]74,80,3)([85]84,69,2)([86]32,44,7)(85)
evaluations: 24434905
first invidual area: 144.74
{7,1,80,1,2,1,8}([7]1,3,4)([8]5,5,0)([9]0,2,2)([10]7,9,3)([11]6,4,5)([12]5,6,4)([13]0,12,2)([14]4,0,5)([15]2,11,6)([16]2,11,5)([17]3,12,4)([18]7,13,2)([19]0,5,5)([20]10,7,1)([21]4,20,0)([22]9,15,7)([23]19,17,2)([24]2,23,2)([25]16,18,2)([26]7,17,7)([27]17,21,7)([28]14,25,0)([29]15,14,7)([30]8,27,7)([31]23,2,7)([32]23,20,4)([33]6,23,5)([34]21,17,1)([35]20,14,1)([36]33,3,2)([37]16,32,7)([38]27,10,4)([39]2,23,2)([40]17,29,6)([41]3,18,3)([42]35,21,2)([43]34,24,3)([44]30,38,3)([45]44,17,1)([46]37,6,6)([47]29,44,4)([48]3,28,2)([49]40,20,4)([50]14,28,6)([51]32,2,3)([52]47,0,6)([53]7,44,3)([54]38,3,1)([55]9,52,3)([56]33,14,5)([57]53,16,2)([58]43,8,5)([59]37,58,7)([60]53,41,2)([61]60,59,3)([62]13,55,3)([63]13,43,4)([64]52,10,5)([65]25,3,7)([66]31,8,6)([67]26,6,7)([68]64,61,7)([69]68,49,4)([70]65,53,1)([71]13,13,0)([72]52,1,5)([73]12,1,1)([74]70,43,7)([75]70,71,6)([76]51,38,5)([77]39,57,3)([78]20,44,4)([79]58,50,5)([80]20,62,3)([81]73,80,6)([82]15,15,7)([83]55,5,6)([84]56,80,3)([85]84,69,2)([86]60,0,3)(85)
optimized area: 130.22
time: 1196547 ms
seed: 1635648382
NOT FOUND
time: 1066470 ms
seed: 1635696049
NOT FOUND
time: 1056793 ms
seed: 1635743452
NOT FOUND
time: 1056651 ms
seed: 1635790337
{7,1,80,1,2,1,8}([7]2,6,6)([8]1,0,5)([9]6,0,4)([10]9,0,0)([11]1,2,7)([12]8,9,7)([13]7,3,6)([14]9,2,5)([15]12,13,4)([16]4,0,7)([17]13,15,3)([18]5,11,4)([19]5,14,5)([20]8,3,4)([21]12,16,5)([22]19,6,5)([23]20,16,4)([24]3,4,5)([25]5,20,4)([26]20,1,4)([27]26,22,2)([28]3,27,5)([29]14,13,7)([30]21,21,6)([31]22,23,4)([32]22,26,4)([33]30,13,4)([34]28,11,5)([35]19,34,2)([36]22,14,4)([37]32,35,3)([38]35,6,0)([39]4,0,4)([40]3,38,6)([41]30,36,2)([42]33,18,4)([43]12,40,7)([44]40,16,2)([45]30,6,3)([46]0,44,3)([47]26,9,5)([48]6,33,2)([49]34,19,3)([50]13,8,7)([51]36,18,7)([52]42,23,6)([53]45,22,7)([54]50,0,2)([55]46,29,2)([56]31,18,4)([57]0,56,7)([58]41,21,4)([59]56,27,6)([60]45,37,4)([61]55,47,2)([62]52,47,0)([63]60,52,6)([64]6,15,7)([65]50,23,5)([66]26,25,3)([67]24,63,1)([68]22,48,2)([69]32,47,4)([70]24,29,0)([71]9,38,3)([72]57,55,5)([73]62,46,5)([74]32,29,2)([75]54,57,5)([76]70,49,0)([77]34,5,5)([78]59,64,2)([79]72,63,4)([80]75,66,6)([81]37,79,5)([82]72,0,1)([83]41,80,7)([84]79,83,5)([85]14,10,4)([86]12,6,5)(84)
evaluations: 32549895
first invidual area: 156.97
{7,1,80,1,2,1,8}([7]4,5,6)([8]1,0,5)([9]6,0,4)([10]2,6,6)([11]2,1,7)([12]2,9,5)([13]10,3,6)([14]3,4,0)([15]0,12,4)([16]4,0,7)([17]8,9,7)([18]16,12,2)([19]5,12,5)([20]8,3,4)([21]16,17,2)([22]19,6,5)([23]20,16,4)([24]20,22,7)([25]6,11,2)([26]13,21,7)([27]16,10,3)([28]14,22,5)([29]12,13,7)([30]5,11,4)([31]22,23,4)([32]12,21,4)([33]24,1,7)([34]28,11,5)([35]19,34,2)([36]18,22,4)([37]33,35,3)([38]36,17,2)([39]30,15,0)([40]0,18,3)([41]36,21,2)([42]26,39,7)([43]20,41,0)([44]35,35,6)([45]6,21,3)([46]29,40,2)([47]37,18,7)([48]6,19,1)([49]3,17,6)([50]23,17,2)([51]7,1,4)([52]42,23,6)([53]15,20,1)([54]11,47,1)([55]53,35,5)([56]31,39,7)([57]0,56,4)([58]8,9,4)([59]10,2,2)([60]45,37,4)([61]8,24,1)([62]30,61,5)([63]60,52,6)([64]4,58,5)([65]18,24,7)([66]59,29,2)([67]7,3,0)([68]4,0,2)([69]42,29,5)([70]35,52,7)([71]9,22,5)([72]57,46,5)([73]31,15,7)([74]52,34,4)([75]66,38,2)([76]56,62,6)([77]46,65,7)([78]40,77,1)([79]72,63,4)([80]34,53,1)([81]38,8,6)([82]76,41,6)([83]54,1,0)([84]79,82,5)([85]17,27,5)([86]8,67,2)(84)
optimized area: 135.41
time: 1184503 ms
