seed: 1633879529
{7,1,80,1,2,1,8}([7]1,0,7)([8]1,5,7)([9]4,7,7)([10]8,1,3)([11]6,0,3)([12]8,5,4)([13]3,4,7)([14]1,13,3)([15]13,10,4)([16]10,12,2)([17]3,6,3)([18]2,8,4)([19]0,9,5)([20]9,14,0)([21]15,16,6)([22]8,19,7)([23]17,12,6)([24]20,14,3)([25]4,15,0)([26]2,23,4)([27]11,24,2)([28]22,2,3)([29]24,6,3)([30]29,8,2)([31]21,29,3)([32]21,27,4)([33]7,30,5)([34]6,26,3)([35]32,28,2)([36]34,28,4)([37]34,2,0)([38]22,33,3)([39]13,27,6)([40]26,30,5)([41]39,5,5)([42]20,40,4)([43]37,21,7)([44]4,41,4)([45]9,6,5)([46]43,11,4)([47]26,39,2)([48]47,42,4)([49]37,9,4)([50]18,44,7)([51]3,48,2)([52]29,35,5)([53]27,26,1)([54]15,52,3)([55]33,45,5)([56]55,26,2)([57]39,38,7)([58]54,4,2)([59]38,26,7)([60]39,24,0)([61]32,24,5)([62]13,51,4)([63]1,56,1)([64]56,18,7)([65]53,31,3)([66]56,51,3)([67]61,50,5)([68]66,58,3)([69]38,19,1)([70]68,41,3)([71]21,68,4)([72]67,36,5)([73]10,63,2)([74]14,4,4)([75]71,72,4)([76]59,53,2)([77]46,45,4)([78]68,49,5)([79]7,22,2)([80]9,64,3)([81]74,1,6)([82]64,75,6)([83]48,39,1)([84]77,26,4)([85]50,45,0)([86]34,80,3)(75)
evaluations: 28777289
first invidual area: 149.91
{7,1,80,1,2,1,8}([7]1,0,7)([8]5,1,7)([9]7,4,7)([10]8,1,6)([11]6,0,3)([12]1,9,1)([13]3,4,7)([14]1,13,3)([15]10,13,6)([16]9,9,0)([17]12,6,3)([18]8,2,4)([19]13,12,2)([20]0,16,5)([21]19,15,6)([22]20,8,7)([23]6,16,5)([24]16,14,3)([25]3,17,3)([26]25,2,7)([27]11,24,2)([28]2,22,3)([29]24,6,3)([30]29,8,2)([31]2,30,5)([32]21,27,4)([33]7,30,5)([34]6,26,6)([35]32,28,2)([36]31,16,4)([37]1,32,4)([38]20,0,2)([39]27,13,6)([40]13,34,7)([41]39,5,5)([42]3,4,1)([43]18,41,4)([44]32,33,7)([45]31,2,5)([46]34,28,7)([47]26,39,5)([48]47,36,7)([49]22,18,2)([50]8,11,2)([51]3,48,2)([52]29,35,5)([53]48,36,7)([54]15,52,3)([55]33,23,5)([56]2,51,4)([57]39,11,3)([58]54,4,2)([59]29,11,3)([60]26,55,2)([61]32,41,5)([62]43,4,7)([63]12,53,2)([64]25,16,4)([65]41,13,0)([66]60,51,3)([67]61,62,5)([68]66,58,3)([69]68,28,6)([70]28,9,0)([71]21,68,4)([72]67,46,5)([73]64,68,5)([74]46,9,1)([75]71,72,4)([76]72,39,2)([77]0,73,0)([78]18,44,2)([79]60,50,6)([80]44,8,7)([81]44,3,6)([82]30,23,0)([83]45,64,3)([84]24,6,1)([85]2,75,6)([86]26,72,6)(75)
optimized area: 143.80
time: 631659 ms
seed: 1634017277
{7,1,80,1,2,1,8}([7]3,5,2)([8]7,3,7)([9]6,0,2)([10]1,7,7)([11]3,3,3)([12]6,2,7)([13]11,5,3)([14]13,0,4)([15]12,2,3)([16]4,0,1)([17]8,4,7)([18]1,4,5)([19]18,3,4)([20]4,12,2)([21]19,15,4)([22]9,19,6)([23]21,7,5)([24]17,23,5)([25]14,1,7)([26]24,25,2)([27]0,13,4)([28]7,25,6)([29]20,22,7)([30]16,16,2)([31]24,7,0)([32]10,20,7)([33]18,15,2)([34]14,23,7)([35]29,7,0)([36]35,8,5)([37]35,5,2)([38]33,31,3)([39]38,0,2)([40]28,24,7)([41]30,20,6)([42]27,6,6)([43]8,40,6)([44]12,40,6)([45]37,27,3)([46]7,14,7)([47]32,42,6)([48]27,36,7)([49]37,2,4)([50]49,43,6)([51]44,47,5)([52]4,9,1)([53]42,14,6)([54]43,0,0)([55]12,34,4)([56]21,51,7)([57]18,23,4)([58]38,50,4)([59]0,9,0)([60]4,18,7)([61]10,9,5)([62]6,13,0)([63]51,8,4)([64]56,25,6)([65]61,64,2)([66]31,54,5)([67]47,58,6)([68]33,19,5)([69]67,47,7)([70]63,26,2)([71]26,69,6)([72]56,44,4)([73]65,67,3)([74]61,73,0)([75]38,66,0)([76]19,53,1)([77]57,33,6)([78]33,1,3)([79]60,45,7)([80]41,74,3)([81]2,60,1)([82]18,78,4)([83]33,51,1)([84]70,10,2)([85]70,73,3)([86]32,59,4)(85)
evaluations: 33661258
first invidual area: 135.87
{7,1,80,1,2,1,8}([7]5,3,2)([8]3,7,7)([9]0,6,2)([10]7,1,7)([11]8,9,5)([12]6,2,7)([13]5,3,6)([14]13,0,7)([15]2,12,3)([16]4,8,7)([17]10,10,0)([18]1,4,5)([19]18,3,4)([20]4,12,2)([21]15,19,4)([22]9,19,3)([23]7,21,5)([24]16,23,5)([25]14,1,7)([26]6,14,6)([27]18,25,3)([28]25,24,4)([29]20,22,4)([30]18,23,2)([31]9,15,6)([32]10,20,7)([33]19,31,0)([34]12,11,0)([35]18,15,2)([36]11,18,1)([37]29,5,5)([38]35,24,3)([39]8,20,4)([40]35,26,6)([41]6,17,4)([42]24,7,7)([43]8,28,6)([44]37,38,7)([45]12,28,6)([46]44,12,3)([47]26,32,6)([48]15,27,0)([49]2,44,7)([50]47,43,3)([51]45,47,5)([52]35,43,4)([53]34,31,4)([54]42,24,5)([55]49,19,3)([56]51,21,7)([57]27,32,4)([58]53,54,7)([59]49,54,5)([60]9,52,4)([61]46,4,6)([62]18,27,2)([63]51,43,7)([64]56,25,6)([65]11,64,2)([66]8,56,7)([67]49,50,6)([68]12,10,1)([69]8,45,5)([70]63,24,2)([71]51,52,2)([72]12,9,0)([73]65,67,3)([74]52,55,4)([75]24,47,0)([76]40,6,7)([77]12,27,4)([78]28,18,7)([79]37,73,3)([80]18,73,4)([81]66,45,2)([82]44,34,5)([83]60,76,2)([84]31,1,7)([85]70,73,3)([86]26,52,4)(85)
optimized area: 126.03
time: 594019 ms
seed: 1634066060
{7,1,80,1,2,1,8}([7]4,0,3)([8]2,4,2)([9]1,8,5)([10]9,5,5)([11]2,10,0)([12]0,1,4)([13]6,10,4)([14]6,1,4)([15]11,0,6)([16]12,5,3)([17]12,14,2)([18]7,10,7)([19]1,15,2)([20]3,16,7)([21]4,11,3)([22]6,21,2)([23]2,6,0)([24]13,12,4)([25]8,24,4)([26]15,8,6)([27]25,19,7)([28]6,19,6)([29]19,22,4)([30]27,18,3)([31]27,24,6)([32]21,3,4)([33]26,5,7)([34]17,10,6)([35]16,5,0)([36]24,13,2)([37]32,34,7)([38]30,29,6)([39]30,28,7)([40]29,36,6)([41]7,27,2)([42]32,22,2)([43]32,38,4)([44]7,4,7)([45]10,36,5)([46]11,37,7)([47]41,0,7)([48]12,33,2)([49]18,42,1)([50]32,17,6)([51]44,36,7)([52]9,2,4)([53]48,43,3)([54]52,50,2)([55]31,54,7)([56]53,40,0)([57]33,21,0)([58]37,26,5)([59]47,39,5)([60]4,46,4)([61]60,54,7)([62]35,17,0)([63]43,22,1)([64]1,40,5)([65]53,27,1)([66]64,9,4)([67]4,1,7)([68]59,64,5)([69]28,4,0)([70]68,37,6)([71]38,16,4)([72]18,23,5)([73]10,49,5)([74]54,56,6)([75]74,70,6)([76]54,28,1)([77]58,1,1)([78]1,8,1)([79]31,17,7)([80]38,73,1)([81]16,72,4)([82]5,55,1)([83]52,39,4)([84]40,31,2)([85]3,68,2)([86]30,57,0)(75)
evaluations: 10935600
first invidual area: 131.18
{7,1,80,1,2,1,8}([7]0,4,3)([8]2,4,2)([9]1,8,5)([10]9,5,5)([11]7,7,0)([12]1,0,4)([13]0,6,7)([14]0,9,2)([15]2,0,6)([16]11,10,7)([17]12,13,2)([18]17,10,6)([19]12,15,2)([20]8,19,6)([21]4,2,3)([22]10,20,7)([23]21,6,5)([24]19,5,0)([25]22,6,7)([26]5,18,5)([27]25,12,4)([28]23,4,0)([29]28,19,7)([30]27,16,3)([31]6,24,3)([32]21,3,4)([33]5,20,7)([34]27,7,5)([35]32,17,6)([36]18,32,7)([37]7,28,2)([38]29,30,6)([39]30,31,4)([40]28,15,0)([41]8,2,3)([42]36,19,6)([43]33,12,2)([44]16,24,0)([45]34,0,4)([46]2,39,3)([47]34,29,6)([48]9,2,5)([49]28,47,6)([50]19,28,1)([51]28,18,7)([52]32,38,4)([53]44,26,1)([54]48,35,2)([55]2,34,6)([56]54,43,3)([57]45,31,0)([58]32,17,2)([59]15,27,0)([60]50,50,3)([61]1,47,5)([62]57,8,0)([63]57,13,4)([64]31,42,7)([65]63,59,2)([66]20,44,1)([67]62,39,5)([68]67,61,5)([69]57,59,3)([70]68,36,6)([71]16,12,0)([72]13,30,2)([73]22,12,2)([74]52,56,6)([75]74,70,6)([76]70,53,6)([77]29,26,3)([78]66,51,2)([79]20,25,7)([80]30,75,7)([81]29,40,3)([82]64,52,6)([83]38,28,7)([84]5,73,2)([85]27,38,7)([86]19,56,5)(75)
optimized area: 120.39
time: 679952 ms
seed: 1634180294
NOT FOUND
time: 529441 ms
seed: 1634227600
NOT FOUND
time: 531298 ms
seed: 1634324650
NOT FOUND
time: 531668 ms
seed: 1634365155
{7,1,80,1,2,1,8}([7]2,3,2)([8]0,1,3)([9]8,5,7)([10]8,7,6)([11]3,4,7)([12]5,9,5)([13]4,7,0)([14]0,3,6)([15]2,12,4)([16]2,1,7)([17]15,0,3)([18]17,1,2)([19]16,14,3)([20]10,5,4)([21]11,16,2)([22]3,10,6)([23]15,5,6)([24]11,9,6)([25]7,0,7)([26]20,23,6)([27]21,26,7)([28]14,25,4)([29]13,20,7)([30]15,7,4)([31]27,24,7)([32]6,28,4)([33]23,4,4)([34]11,19,3)([35]18,32,6)([36]26,20,0)([37]6,9,2)([38]24,15,7)([39]24,35,2)([40]37,17,7)([41]34,40,5)([42]11,7,3)([43]39,41,7)([44]23,33,7)([45]3,9,1)([46]31,6,0)([47]19,4,3)([48]47,38,2)([49]0,48,5)([50]30,31,2)([51]32,49,2)([52]50,40,7)([53]50,43,3)([54]1,16,6)([55]45,14,5)([56]46,42,1)([57]21,23,6)([58]53,26,0)([59]16,31,6)([60]20,16,5)([61]39,14,0)([62]52,42,6)([63]5,43,2)([64]41,7,6)([65]31,27,3)([66]58,51,3)([67]16,33,6)([68]22,7,0)([69]5,54,3)([70]50,24,5)([71]22,8,3)([72]20,50,5)([73]18,61,5)([74]44,40,4)([75]74,52,0)([76]58,38,4)([77]59,57,5)([78]48,33,0)([79]68,69,7)([80]16,35,3)([81]14,56,3)([82]58,37,0)([83]10,39,6)([84]22,26,3)([85]66,27,4)([86]17,44,3)(85)
evaluations: 11756405
first invidual area: 125.10
{7,1,80,1,2,1,8}([7]3,2,2)([8]0,1,3)([9]5,8,7)([10]7,0,4)([11]3,4,7)([12]7,8,6)([13]8,9,5)([14]0,3,6)([15]13,2,4)([16]1,2,7)([17]15,0,3)([18]1,17,2)([19]16,12,0)([20]16,11,5)([21]10,15,1)([22]6,9,5)([23]12,15,6)([24]9,11,6)([25]14,10,3)([26]9,23,6)([27]26,20,4)([28]19,4,3)([29]18,22,4)([30]11,19,3)([31]27,24,7)([32]6,25,7)([33]24,15,7)([34]14,30,3)([35]18,32,6)([36]31,0,6)([37]15,7,4)([38]17,22,4)([39]35,24,5)([40]26,6,2)([41]34,38,5)([42]12,20,7)([43]39,41,4)([44]3,37,1)([45]0,13,6)([46]33,6,4)([47]33,28,2)([48]31,37,2)([49]0,47,5)([50]46,42,1)([51]32,49,2)([52]45,29,2)([53]51,43,3)([54]3,22,6)([55]9,28,2)([56]5,25,6)([57]9,15,3)([58]39,43,3)([59]48,53,6)([60]44,46,4)([61]26,23,1)([62]52,46,7)([63]41,33,1)([64]5,5,7)([65]54,48,5)([66]62,28,4)([67]9,5,6)([68]40,28,1)([69]27,59,7)([70]29,21,5)([71]19,70,4)([72]56,14,7)([73]35,55,5)([74]21,16,2)([75]23,58,0)([76]35,4,7)([77]45,75,1)([78]32,47,1)([79]59,73,6)([80]56,37,7)([81]27,69,3)([82]55,28,6)([83]43,75,3)([84]17,43,3)([85]29,29,2)([86]73,82,3)(69)
optimized area: 116.65
time: 644900 ms
seed: 1634414147
NOT FOUND
time: 531206 ms
seed: 1634523373
{7,1,80,1,2,1,8}([7]6,1,4)([8]7,4,6)([9]2,5,6)([10]0,2,4)([11]1,3,3)([12]2,5,4)([13]6,0,7)([14]8,9,7)([15]2,9,6)([16]5,8,4)([17]16,10,2)([18]13,17,5)([19]12,4,4)([20]2,6,6)([21]15,3,7)([22]4,21,4)([23]11,4,6)([24]15,1,4)([25]23,19,7)([26]12,0,2)([27]26,22,2)([28]11,5,3)([29]10,24,7)([30]28,27,7)([31]24,26,1)([32]8,1,6)([33]15,25,4)([34]3,23,6)([35]21,30,4)([36]14,13,5)([37]31,28,0)([38]29,25,0)([39]37,14,5)([40]0,31,1)([41]14,3,2)([42]24,7,1)([43]39,34,3)([44]20,35,4)([45]4,1,3)([46]8,30,5)([47]38,29,0)([48]38,38,4)([49]24,47,5)([50]12,21,3)([51]40,32,0)([52]26,1,4)([53]13,42,7)([54]18,43,4)([55]52,51,6)([56]28,40,1)([57]36,30,6)([58]49,57,4)([59]58,44,2)([60]31,55,5)([61]55,39,7)([62]42,58,0)([63]22,54,7)([64]48,62,5)([65]30,52,3)([66]63,61,6)([67]50,17,1)([68]12,15,6)([69]24,8,6)([70]18,38,5)([71]2,69,3)([72]30,11,5)([73]5,59,2)([74]29,69,1)([75]61,38,5)([76]70,47,1)([77]0,15,0)([78]49,55,7)([79]10,53,1)([80]60,23,6)([81]11,6,5)([82]28,35,0)([83]22,3,5)([84]1,19,0)([85]65,70,6)([86]59,66,3)(86)
evaluations: 42836025
first invidual area: 134.48
{7,1,80,1,2,1,8}([7]1,6,4)([8]4,7,6)([9]5,2,6)([10]2,0,4)([11]3,1,3)([12]5,10,7)([13]0,6,7)([14]9,8,7)([15]2,9,6)([16]5,8,4)([17]13,16,2)([18]1,14,7)([19]13,15,0)([20]2,6,3)([21]15,3,7)([22]4,21,4)([23]17,10,5)([24]1,15,4)([25]4,6,1)([26]22,0,2)([27]26,12,2)([28]11,5,6)([29]24,10,5)([30]28,27,3)([31]3,12,6)([32]14,13,5)([33]30,0,4)([34]3,25,6)([35]21,30,4)([36]24,23,7)([37]0,2,6)([38]24,30,1)([39]38,14,5)([40]7,19,0)([41]29,1,3)([42]18,13,1)([43]34,39,3)([44]2,27,0)([45]1,10,1)([46]35,20,7)([47]10,37,4)([48]17,24,7)([49]12,34,2)([50]45,6,4)([51]41,49,1)([52]12,1,4)([53]0,17,1)([54]43,23,4)([55]52,53,3)([56]6,53,0)([57]32,30,6)([58]29,57,4)([59]58,46,2)([60]43,57,6)([61]55,39,4)([62]46,44,6)([63]22,54,7)([64]10,10,7)([65]50,63,5)([66]63,61,6)([67]65,55,5)([68]31,23,7)([69]52,39,7)([70]42,3,5)([71]19,30,2)([72]12,67,5)([73]14,17,4)([74]28,11,0)([75]13,16,5)([76]72,39,5)([77]53,44,7)([78]63,38,0)([79]45,41,7)([80]22,79,7)([81]74,77,0)([82]56,64,1)([83]25,42,5)([84]23,40,1)([85]50,6,4)([86]59,66,3)(86)
optimized area: 126.50
time: 538003 ms
seed: 1634622446
{7,1,80,1,2,1,8}([7]2,5,7)([8]4,2,6)([9]1,4,1)([10]5,3,7)([11]0,3,5)([12]3,6,7)([13]10,9,3)([14]11,9,2)([15]13,0,7)([16]15,5,1)([17]2,15,3)([18]10,8,7)([19]4,3,4)([20]10,12,2)([21]1,15,2)([22]6,17,5)([23]15,13,1)([24]7,23,5)([25]24,3,0)([26]12,7,5)([27]17,25,5)([28]27,26,7)([29]27,11,4)([30]16,20,2)([31]25,12,7)([32]30,4,3)([33]28,13,5)([34]22,5,3)([35]28,26,5)([36]35,14,7)([37]25,4,2)([38]34,12,7)([39]0,23,1)([40]18,32,7)([41]32,22,7)([42]28,34,2)([43]0,22,6)([44]36,2,4)([45]5,20,2)([46]21,26,5)([47]19,14,6)([48]32,44,7)([49]46,43,6)([50]49,38,4)([51]34,10,7)([52]1,48,0)([53]45,40,4)([54]43,25,0)([55]48,34,0)([56]38,49,0)([57]27,44,0)([58]50,18,3)([59]38,55,5)([60]9,28,5)([61]22,48,5)([62]14,42,6)([63]57,38,6)([64]25,46,0)([65]33,11,3)([66]38,34,4)([67]47,60,4)([68]44,22,0)([69]27,33,1)([70]25,40,5)([71]67,61,2)([72]19,60,2)([73]72,58,3)([74]24,4,4)([75]3,11,2)([76]42,20,0)([77]19,53,0)([78]52,11,7)([79]53,44,0)([80]58,6,7)([81]44,40,5)([82]79,24,5)([83]71,73,4)([84]45,17,6)([85]56,61,1)([86]79,64,2)(83)
evaluations: 35082215
first invidual area: 124.13
{7,1,80,1,2,1,8}([7]0,3,5)([8]2,4,6)([9]1,4,1)([10]5,3,7)([11]5,3,3)([12]6,3,7)([13]10,9,6)([14]7,9,2)([15]0,13,4)([16]15,2,3)([17]6,10,3)([18]10,8,7)([19]3,4,4)([20]2,5,7)([21]12,10,2)([22]6,16,5)([23]15,10,1)([24]23,5,5)([25]19,17,0)([26]12,20,5)([27]16,24,5)([28]27,26,7)([29]23,21,2)([30]22,5,3)([31]4,25,5)([32]4,29,6)([33]30,12,7)([34]14,24,0)([35]27,28,2)([36]35,34,6)([37]15,1,2)([38]33,10,6)([39]12,0,7)([40]8,7,4)([41]9,0,6)([42]40,32,0)([43]26,22,0)([44]36,2,7)([45]26,6,5)([46]37,43,5)([47]19,14,3)([48]32,44,4)([49]46,38,3)([50]49,33,7)([51]14,34,3)([52]4,27,4)([53]50,18,3)([54]4,29,2)([55]26,44,5)([56]34,20,5)([57]52,34,6)([58]23,4,1)([59]49,10,5)([60]9,28,5)([61]22,48,5)([62]7,48,7)([63]16,38,3)([64]13,34,6)([65]23,23,3)([66]36,40,5)([67]47,60,7)([68]3,9,1)([69]29,44,6)([70]46,67,5)([71]67,61,5)([72]25,60,2)([73]72,53,6)([74]67,58,0)([75]57,21,1)([76]32,28,1)([77]33,10,1)([78]75,41,6)([79]41,53,2)([80]0,8,1)([81]30,59,2)([82]78,11,3)([83]71,73,4)([84]45,76,3)([85]9,22,5)([86]7,34,3)(83)
optimized area: 120.38
time: 582375 ms
seed: 1635149468
NOT FOUND
time: 532092 ms
seed: 1635198672
{7,1,80,1,2,1,8}([7]1,5,4)([8]7,0,2)([9]6,3,6)([10]8,4,3)([11]10,7,7)([12]7,0,3)([13]12,2,7)([14]9,5,6)([15]2,11,5)([16]14,2,6)([17]15,14,2)([18]14,6,3)([19]13,3,5)([20]16,3,4)([21]10,6,6)([22]2,9,0)([23]1,16,5)([24]7,0,7)([25]21,17,6)([26]25,15,2)([27]23,19,5)([28]23,23,4)([29]4,20,4)([30]29,11,5)([31]6,6,6)([32]23,25,7)([33]30,20,6)([34]0,32,0)([35]24,33,7)([36]18,12,7)([37]14,29,3)([38]1,11,4)([39]37,31,7)([40]25,19,7)([41]9,12,2)([42]32,30,6)([43]38,35,5)([44]39,27,6)([45]36,29,2)([46]2,23,0)([47]40,43,2)([48]44,27,3)([49]35,37,4)([50]7,39,3)([51]45,47,6)([52]19,14,7)([53]52,29,7)([54]49,1,3)([55]31,9,3)([56]54,51,5)([57]1,42,7)([58]13,31,2)([59]49,26,4)([60]48,56,2)([61]59,47,3)([62]34,31,5)([63]61,57,2)([64]63,10,5)([65]25,23,2)([66]1,12,1)([67]36,48,6)([68]52,28,1)([69]17,9,6)([70]15,63,3)([71]52,35,3)([72]13,31,1)([73]59,24,1)([74]23,14,5)([75]31,17,3)([76]25,57,7)([77]69,9,2)([78]60,64,4)([79]49,66,1)([80]36,65,5)([81]40,54,0)([82]44,27,7)([83]66,79,6)([84]64,18,6)([85]38,51,1)([86]67,42,4)(78)
evaluations: 34529984
first invidual area: 146.16
{7,1,80,1,2,1,8}([7]5,1,4)([8]7,0,2)([9]6,3,6)([10]8,4,3)([11]10,1,7)([12]7,0,3)([13]2,12,7)([14]9,5,6)([15]2,11,5)([16]14,2,6)([17]14,15,2)([18]6,14,6)([19]13,3,5)([20]16,3,4)([21]10,6,6)([22]2,16,6)([23]16,1,5)([24]17,9,0)([25]21,17,3)([26]8,13,1)([27]23,19,5)([28]19,11,1)([29]4,20,4)([30]29,7,5)([31]12,26,5)([32]12,13,3)([33]30,3,6)([34]5,4,2)([35]31,33,7)([36]11,19,2)([37]14,29,3)([38]6,37,7)([39]1,6,5)([40]25,19,4)([41]38,16,6)([42]13,30,3)([43]34,35,5)([44]18,12,4)([45]44,29,2)([46]43,11,0)([47]43,40,2)([48]27,38,3)([49]35,37,4)([50]48,15,3)([51]45,47,6)([52]5,7,4)([53]26,40,3)([54]30,24,1)([55]1,49,3)([56]55,51,5)([57]1,42,5)([58]30,57,5)([59]49,16,4)([60]48,56,5)([61]47,59,3)([62]1,42,2)([63]61,57,2)([64]63,10,5)([65]14,61,7)([66]10,47,0)([67]64,60,7)([68]23,49,2)([69]66,45,2)([70]59,50,5)([71]15,4,0)([72]70,51,5)([73]23,6,1)([74]19,49,3)([75]43,24,7)([76]57,73,0)([77]67,16,5)([78]74,75,4)([79]28,58,3)([80]53,17,6)([81]8,54,0)([82]57,6,7)([83]75,57,7)([84]66,21,1)([85]11,3,3)([86]22,37,1)(67)
optimized area: 127.39
time: 614135 ms
seed: 1635366225
{7,1,80,1,2,1,8}([7]3,5,2)([8]7,4,2)([9]0,1,2)([10]0,3,4)([11]7,0,3)([12]2,1,7)([13]0,9,4)([14]3,11,7)([15]5,1,7)([16]11,15,3)([17]6,8,4)([18]12,16,7)([19]15,13,7)([20]12,9,7)([21]9,6,5)([22]2,19,5)([23]14,21,2)([24]2,6,6)([25]20,20,1)([26]23,4,6)([27]10,25,6)([28]4,10,4)([29]10,8,4)([30]27,17,7)([31]3,5,1)([32]3,10,0)([33]26,12,4)([34]10,24,7)([35]11,28,4)([36]28,19,4)([37]12,36,6)([38]25,29,2)([39]18,20,3)([40]3,37,2)([41]39,35,2)([42]38,41,7)([43]39,27,2)([44]35,33,3)([45]35,34,3)([46]22,33,2)([47]0,44,6)([48]41,9,1)([49]45,11,5)([50]32,40,0)([51]43,4,5)([52]49,36,7)([53]6,31,3)([54]37,33,6)([55]35,17,2)([56]36,45,3)([57]47,54,6)([58]53,48,5)([59]52,46,7)([60]41,59,6)([61]8,2,6)([62]33,16,2)([63]7,38,2)([64]5,22,4)([65]1,48,0)([66]53,26,2)([67]6,54,3)([68]12,18,7)([69]21,9,2)([70]30,57,2)([71]24,70,4)([72]34,38,5)([73]49,40,4)([74]72,23,7)([75]48,61,6)([76]49,49,4)([77]50,60,6)([78]77,27,3)([79]41,50,1)([80]50,8,1)([81]62,68,3)([82]43,70,7)([83]61,14,3)([84]7,69,4)([85]62,39,0)([86]70,60,3)(86)
evaluations: 12623736
first invidual area: 135.88
{7,1,80,1,2,1,8}([7]3,5,2)([8]3,0,4)([9]0,1,2)([10]0,3,4)([11]0,7,3)([12]1,2,7)([13]9,8,4)([14]6,4,0)([15]5,3,6)([16]6,2,3)([17]0,1,6)([18]3,11,7)([19]17,5,7)([20]4,16,7)([21]9,16,5)([22]4,2,0)([23]12,9,4)([24]4,7,5)([25]18,21,2)([26]25,4,6)([27]10,23,6)([28]10,4,4)([29]24,6,4)([30]20,18,5)([31]19,17,7)([32]27,29,4)([33]12,26,4)([34]21,30,2)([35]28,11,4)([36]19,28,4)([37]36,12,6)([38]2,19,5)([39]34,27,3)([40]31,0,7)([41]39,35,2)([42]7,5,6)([43]41,33,3)([44]29,33,3)([45]35,20,3)([46]33,38,5)([47]43,23,6)([48]46,8,0)([49]17,25,5)([50]45,11,5)([51]36,50,4)([52]35,51,3)([53]37,33,6)([54]10,37,7)([55]51,48,7)([56]36,27,5)([57]53,47,6)([58]2,9,3)([59]56,15,0)([60]41,55,3)([61]12,48,1)([62]59,21,5)([63]33,59,1)([64]45,18,4)([65]43,10,5)([66]60,60,1)([67]11,33,0)([68]49,53,2)([69]14,39,7)([70]32,57,5)([71]65,53,5)([72]49,15,0)([73]21,30,1)([74]50,62,4)([75]42,68,7)([76]32,33,4)([77]57,20,1)([78]17,64,2)([79]10,28,2)([80]74,29,3)([81]39,66,6)([82]7,60,2)([83]44,63,5)([84]54,11,6)([85]30,20,6)([86]70,60,5)(86)
optimized area: 122.74
time: 1202334 ms
seed: 1635629444
{7,1,80,1,2,1,8}([7]1,3,2)([8]5,6,3)([9]5,3,4)([10]7,2,3)([11]1,5,4)([12]9,4,4)([13]11,6,2)([14]13,4,1)([15]3,12,5)([16]3,2,5)([17]6,15,7)([18]0,16,7)([19]17,10,2)([20]19,13,6)([21]4,18,6)([22]10,21,4)([23]17,18,2)([24]12,20,5)([25]4,22,5)([26]25,0,6)([27]10,12,7)([28]27,25,4)([29]1,14,0)([30]22,11,7)([31]8,3,6)([32]30,24,7)([33]15,23,7)([34]16,24,2)([35]14,21,7)([36]34,17,2)([37]25,36,7)([38]16,23,6)([39]14,30,4)([40]28,9,0)([41]13,11,6)([42]5,14,5)([43]29,31,7)([44]26,33,6)([45]21,41,7)([46]34,35,2)([47]43,28,4)([48]21,38,7)([49]10,28,5)([50]19,33,6)([51]28,32,2)([52]8,7,6)([53]33,0,5)([54]39,28,4)([55]46,44,6)([56]42,8,7)([57]18,50,4)([58]37,29,5)([59]55,42,0)([60]44,18,7)([61]14,32,2)([62]35,27,2)([63]51,55,6)([64]10,42,0)([65]57,48,2)([66]50,6,4)([67]23,30,2)([68]58,65,1)([69]38,21,3)([70]37,53,3)([71]63,68,6)([72]47,44,4)([73]45,7,1)([74]25,12,1)([75]18,10,5)([76]26,21,7)([77]16,44,3)([78]28,7,3)([79]21,17,3)([80]72,65,2)([81]24,52,6)([82]80,71,6)([83]82,69,7)([84]67,37,1)([85]0,36,5)([86]42,77,1)(82)
evaluations: 26844151
first invidual area: 150.39
{7,1,80,1,2,1,8}([7]3,3,3)([8]1,3,2)([9]5,4,4)([10]2,8,3)([11]5,1,4)([12]9,7,4)([13]6,11,2)([14]13,7,1)([15]3,12,5)([16]3,2,5)([17]15,6,7)([18]0,16,7)([19]17,10,2)([20]13,19,6)([21]4,18,6)([22]10,21,4)([23]17,18,5)([24]12,20,5)([25]10,4,5)([26]9,22,2)([27]10,12,7)([28]27,25,4)([29]28,13,5)([30]22,11,4)([31]24,6,6)([32]30,20,2)([33]15,23,4)([34]24,16,2)([35]14,21,6)([36]34,17,5)([37]0,25,6)([38]17,16,3)([39]5,7,5)([40]30,4,5)([41]36,25,4)([42]31,35,0)([43]1,42,3)([44]37,33,6)([45]35,38,2)([46]31,1,5)([47]43,28,7)([48]21,38,4)([49]30,24,4)([50]47,19,3)([51]28,49,2)([52]11,40,6)([53]42,44,6)([54]39,17,0)([55]45,44,6)([56]51,16,4)([57]18,50,7)([58]30,21,5)([59]1,41,2)([60]22,8,2)([61]11,60,6)([62]0,36,7)([63]51,55,6)([64]60,26,3)([65]57,48,2)([66]23,53,7)([67]15,39,7)([68]8,62,7)([69]61,36,3)([70]10,57,1)([71]59,63,6)([72]47,44,4)([73]68,41,4)([74]46,9,0)([75]63,43,3)([76]65,29,0)([77]14,64,3)([78]4,15,4)([79]37,9,1)([80]72,65,2)([81]14,22,7)([82]80,71,6)([83]50,70,3)([84]58,8,1)([85]80,64,5)([86]12,76,5)(82)
optimized area: 141.48
time: 1325472 ms
seed: 1635677123
NOT FOUND
time: 1087772 ms
seed: 1635725006
NOT FOUND
time: 1064513 ms
seed: 1635772232
NOT FOUND
time: 1054106 ms
seed: 1635819257
{7,1,80,1,2,1,8}([7]3,5,4)([8]5,3,6)([9]0,4,4)([10]2,0,1)([11]0,9,2)([12]4,10,6)([13]6,10,0)([14]9,3,7)([15]12,14,4)([16]3,10,4)([17]5,6,5)([18]16,7,5)([19]5,18,2)([20]16,6,5)([21]18,15,6)([22]10,2,3)([23]4,10,2)([24]10,16,3)([25]8,6,4)([26]21,25,3)([27]9,7,3)([28]1,23,3)([29]0,18,7)([30]4,1,5)([31]24,26,7)([32]17,18,2)([33]32,30,3)([34]29,19,4)([35]4,29,6)([36]17,34,6)([37]26,33,6)([38]12,1,7)([39]34,20,5)([40]31,35,3)([41]34,27,5)([42]40,37,2)([43]7,40,4)([44]2,1,2)([45]1,4,4)([46]26,36,0)([47]44,8,6)([48]26,3,5)([49]28,48,7)([50]41,49,7)([51]39,15,5)([52]45,9,0)([53]11,12,4)([54]27,6,1)([55]44,49,1)([56]16,16,3)([57]7,53,7)([58]46,50,7)([59]47,3,6)([60]17,11,2)([61]34,15,7)([62]55,36,5)([63]20,56,0)([64]1,28,5)([65]62,61,7)([66]10,25,5)([67]43,28,7)([68]51,37,6)([69]45,40,4)([70]34,40,2)([71]68,50,2)([72]71,69,6)([73]50,23,7)([74]50,72,5)([75]67,63,7)([76]33,65,4)([77]24,6,3)([78]43,18,3)([79]2,39,6)([80]74,76,7)([81]40,3,4)([82]49,33,2)([83]71,61,7)([84]45,32,0)([85]39,23,4)([86]37,45,4)(80)
evaluations: 32357082
first invidual area: 145.69
{7,1,80,1,2,1,8}([7]3,5,4)([8]7,3,3)([9]0,4,4)([10]2,1,1)([11]8,6,7)([12]10,4,6)([13]3,12,4)([14]4,10,2)([15]9,13,7)([16]3,2,7)([17]5,6,5)([18]16,7,5)([19]18,5,5)([20]1,10,0)([21]18,15,6)([22]10,16,3)([23]21,4,0)([24]6,16,5)([25]9,7,3)([26]11,21,3)([27]24,10,7)([28]14,1,6)([29]0,18,7)([30]4,1,5)([31]26,22,7)([32]17,18,2)([33]32,30,3)([34]29,19,7)([35]4,29,6)([36]17,34,6)([37]4,34,0)([38]33,36,5)([39]34,24,5)([40]31,35,3)([41]34,25,5)([42]34,15,7)([43]33,29,6)([44]2,20,5)([45]37,40,4)([46]36,19,0)([47]31,31,2)([48]26,3,5)([49]48,41,7)([50]44,31,6)([51]39,15,5)([52]17,40,3)([53]29,17,5)([54]15,50,6)([55]45,19,6)([56]51,45,4)([57]24,51,6)([58]19,26,3)([59]0,21,3)([60]59,21,7)([61]43,52,0)([62]44,46,5)([63]5,16,6)([64]10,51,1)([65]62,42,4)([66]0,50,0)([67]28,49,4)([68]51,61,6)([69]45,20,4)([70]2,32,1)([71]8,67,1)([72]68,69,6)([73]48,57,5)([74]67,72,5)([75]24,69,6)([76]33,65,7)([77]32,14,4)([78]10,40,2)([79]57,53,0)([80]74,76,7)([81]7,73,6)([82]36,40,5)([83]64,20,0)([84]58,20,6)([85]8,35,2)([86]37,39,7)(80)
optimized area: 141.01
time: 1216672 ms
seed: 1635862330
{7,1,80,1,2,1,8}([7]1,4,5)([8]5,4,4)([9]8,7,4)([10]5,6,7)([11]2,9,3)([12]3,9,5)([13]9,2,7)([14]7,0,7)([15]3,14,3)([16]13,4,6)([17]1,13,7)([18]6,7,4)([19]17,5,4)([20]16,19,6)([21]15,16,7)([22]10,0,2)([23]19,22,5)([24]18,23,2)([25]16,15,3)([26]18,20,5)([27]18,12,2)([28]21,17,5)([29]28,21,4)([30]11,7,5)([31]8,7,1)([32]29,27,6)([33]31,30,0)([34]32,12,4)([35]17,9,7)([36]3,30,6)([37]28,23,3)([38]20,10,2)([39]35,25,3)([40]38,38,2)([41]31,10,5)([42]3,37,4)([43]3,31,7)([44]40,3,2)([45]29,13,6)([46]38,0,3)([47]44,32,2)([48]5,27,2)([49]22,34,6)([50]30,36,3)([51]33,34,5)([52]14,1,3)([53]26,37,0)([54]34,15,7)([55]46,11,6)([56]39,30,4)([57]30,39,3)([58]52,24,5)([59]49,14,7)([60]36,11,1)([61]24,39,3)([62]9,26,3)([63]6,61,5)([64]8,14,1)([65]59,58,7)([66]55,60,7)([67]54,44,6)([68]0,48,6)([69]49,5,6)([70]51,20,2)([71]67,65,6)([72]55,70,6)([73]72,68,3)([74]11,29,1)([75]71,56,7)([76]40,28,0)([77]42,72,2)([78]20,44,1)([79]13,63,3)([80]75,77,4)([81]80,34,4)([82]71,33,1)([83]12,44,2)([84]48,8,2)([85]81,40,2)([86]68,1,0)(80)
evaluations: 34432331
first invidual area: 155.08
{7,1,80,1,2,1,8}([7]1,4,5)([8]4,5,4)([9]7,8,4)([10]5,6,7)([11]9,2,3)([12]3,9,5)([13]2,9,7)([14]0,7,7)([15]14,3,3)([16]4,13,6)([17]1,13,7)([18]7,6,4)([19]17,5,4)([20]16,19,6)([21]15,16,7)([22]10,0,2)([23]19,22,5)([24]23,18,2)([25]15,16,3)([26]16,0,2)([27]24,12,2)([28]23,17,5)([29]28,21,5)([30]7,11,5)([31]2,23,3)([32]27,29,3)([33]0,11,7)([34]12,32,7)([35]9,28,4)([36]8,5,1)([37]1,18,2)([38]10,20,2)([39]35,25,6)([40]3,22,6)([41]3,0,1)([42]29,1,3)([43]4,15,2)([44]38,7,2)([45]22,33,0)([46]38,0,3)([47]30,39,7)([48]22,34,6)([49]22,14,4)([50]22,41,1)([51]36,32,5)([52]1,0,3)([53]48,28,1)([54]34,15,7)([55]46,11,6)([56]4,45,6)([57]30,51,1)([58]52,24,5)([59]48,14,3)([60]39,43,5)([61]2,3,5)([62]3,25,2)([63]26,18,7)([64]6,2,2)([65]59,58,4)([66]52,25,6)([67]54,44,6)([68]24,60,4)([69]14,47,3)([70]51,20,2)([71]67,65,6)([72]55,70,6)([73]7,59,1)([74]7,50,0)([75]71,47,4)([76]38,51,6)([77]41,72,5)([78]27,22,6)([79]19,13,5)([80]75,77,4)([81]56,46,2)([82]56,54,6)([83]76,40,3)([84]51,41,3)([85]64,77,7)([86]13,73,4)(80)
optimized area: 143.81
time: 1268854 ms
seed: 1635904369
{7,1,80,1,2,1,8}([7]5,6,5)([8]3,4,4)([9]8,7,2)([10]6,1,5)([11]0,1,7)([12]1,9,7)([13]12,0,6)([14]12,4,5)([15]14,5,7)([16]6,9,1)([17]16,11,3)([18]15,2,3)([19]14,11,0)([20]14,8,4)([21]7,11,5)([22]10,11,5)([23]15,11,7)([24]8,0,4)([25]12,16,6)([26]9,21,2)([27]9,9,6)([28]4,23,3)([29]22,28,4)([30]8,29,2)([31]30,21,4)([32]15,4,1)([33]11,0,6)([34]6,21,6)([35]25,2,7)([36]32,28,2)([37]12,35,6)([38]12,4,5)([39]12,24,5)([40]25,17,6)([41]18,31,3)([42]24,4,7)([43]26,37,6)([44]18,26,3)([45]40,20,4)([46]18,22,2)([47]10,15,2)([48]16,46,2)([49]45,44,7)([50]45,2,4)([51]45,10,5)([52]47,50,7)([53]21,43,4)([54]34,17,6)([55]29,35,7)([56]34,5,7)([57]31,1,3)([58]37,0,2)([59]43,42,3)([60]31,20,4)([61]43,17,4)([62]55,52,2)([63]4,27,4)([64]63,59,3)([65]56,64,3)([66]2,20,1)([67]60,62,5)([68]3,57,3)([69]22,30,3)([70]53,17,3)([71]46,28,4)([72]65,66,7)([73]13,38,7)([74]3,40,6)([75]13,50,5)([76]49,67,7)([77]13,12,0)([78]19,23,3)([79]38,32,5)([80]77,9,3)([81]76,72,4)([82]71,9,2)([83]54,27,5)([84]17,7,7)([85]21,73,2)([86]26,41,4)(81)
evaluations: 9083882
first invidual area: 159.32
{7,1,80,1,2,1,8}([7]6,5,5)([8]3,4,4)([9]8,7,2)([10]1,6,5)([11]0,1,7)([12]9,1,7)([13]2,3,5)([14]12,4,5)([15]14,5,7)([16]6,12,1)([17]10,15,5)([18]3,6,6)([19]15,11,7)([20]8,14,4)([21]7,11,5)([22]4,19,3)([23]14,21,2)([24]15,7,0)([25]12,16,6)([26]21,9,2)([27]11,10,5)([28]6,21,6)([29]27,22,4)([30]8,29,5)([31]30,21,4)([32]2,15,3)([33]12,28,3)([34]16,11,3)([35]25,2,7)([36]34,25,6)([37]2,17,4)([38]34,27,2)([39]3,0,7)([40]13,10,4)([41]35,29,7)([42]29,35,6)([43]26,42,6)([44]32,26,6)([45]20,36,4)([46]38,10,5)([47]20,34,4)([48]26,30,1)([49]45,44,4)([50]20,42,0)([51]24,38,6)([52]37,45,4)([53]49,48,7)([54]39,43,3)([55]30,39,5)([56]24,28,6)([57]40,18,5)([58]4,9,7)([59]41,7,0)([60]30,45,1)([61]8,55,2)([62]59,52,2)([63]31,50,7)([64]58,56,3)([65]54,64,3)([66]54,58,5)([67]27,0,7)([68]36,43,7)([69]63,62,5)([70]43,63,2)([71]69,2,7)([72]68,9,6)([73]68,70,7)([74]50,1,1)([75]24,6,2)([76]65,49,4)([77]2,51,4)([78]71,76,4)([79]75,38,1)([80]28,32,1)([81]3,74,5)([82]0,13,5)([83]80,15,3)([84]68,22,6)([85]78,32,1)([86]49,83,3)(78)
optimized area: 147.60
time: 1451268 ms
seed: 1635940570
NOT FOUND
time: 1073445 ms
seed: 1635976757
NOT FOUND
time: 1058943 ms
seed: 1636012668
NOT FOUND
time: 1052834 ms
seed: 1636047339
{7,1,80,1,2,1,8}([7]0,5,5)([8]2,0,4)([9]4,2,5)([10]8,1,7)([11]2,7,3)([12]9,5,2)([13]3,6,7)([14]6,8,2)([15]9,9,4)([16]2,1,5)([17]0,13,4)([18]3,4,4)([19]14,10,4)([20]0,8,7)([21]12,14,1)([22]4,6,4)([23]8,12,6)([24]6,18,3)([25]22,3,1)([26]25,14,3)([27]18,23,0)([28]10,6,6)([29]10,24,3)([30]17,26,2)([31]11,30,5)([32]23,30,4)([33]17,28,7)([34]22,14,7)([35]33,8,7)([36]7,10,7)([37]14,10,5)([38]3,12,4)([39]28,12,5)([40]36,2,0)([41]17,24,0)([42]12,16,0)([43]37,35,4)([44]38,33,3)([45]39,31,7)([46]16,2,7)([47]30,43,2)([48]16,34,2)([49]34,28,5)([50]17,37,1)([51]45,4,0)([52]16,11,2)([53]35,30,2)([54]32,28,2)([55]45,54,6)([56]50,47,7)([57]11,27,4)([58]21,49,5)([59]48,7,6)([60]19,10,0)([61]59,37,2)([62]48,19,6)([63]33,24,6)([64]54,9,3)([65]8,9,2)([66]5,60,4)([67]47,54,7)([68]1,64,3)([69]66,62,3)([70]15,44,0)([71]6,5,2)([72]40,56,3)([73]67,24,6)([74]69,44,2)([75]63,63,5)([76]3,17,2)([77]16,68,5)([78]74,55,3)([79]75,32,6)([80]45,67,2)([81]42,66,7)([82]72,23,3)([83]82,57,2)([84]83,78,7)([85]49,84,3)([86]75,61,1)(84)
evaluations: 14303724
first invidual area: 147.59
{7,1,80,1,2,1,8}([7]0,5,5)([8]2,0,4)([9]2,4,7)([10]8,1,7)([11]7,2,3)([12]9,4,5)([13]3,6,7)([14]6,8,2)([15]5,12,2)([16]10,14,4)([17]0,13,4)([18]3,4,4)([19]13,18,7)([20]16,5,4)([21]6,5,4)([22]2,6,5)([23]19,14,7)([24]11,22,4)([25]16,15,6)([26]23,14,3)([27]26,17,2)([28]10,6,6)([29]17,17,1)([30]10,6,6)([31]29,17,3)([32]1,3,0)([33]28,29,4)([34]30,30,4)([35]28,15,5)([36]25,35,2)([37]21,16,7)([38]13,28,3)([39]22,23,2)([40]15,3,4)([41]11,27,5)([42]20,20,0)([43]11,18,4)([44]35,43,3)([45]25,8,7)([46]2,27,2)([47]0,39,6)([48]47,23,4)([49]8,15,6)([50]39,5,6)([51]7,44,2)([52]18,36,4)([53]10,7,7)([54]33,8,2)([55]10,0,3)([56]35,41,2)([57]9,29,6)([58]30,40,4)([59]15,14,2)([60]8,34,6)([61]4,58,0)([62]57,53,3)([63]47,18,1)([64]0,47,5)([65]62,49,3)([66]17,34,0)([67]40,33,3)([68]56,54,6)([69]42,50,3)([70]44,16,1)([71]34,65,7)([72]58,62,6)([73]64,5,6)([74]67,69,2)([75]28,53,7)([76]59,29,5)([77]51,52,4)([78]74,68,6)([79]55,4,0)([80]22,67,5)([81]55,80,1)([82]42,65,7)([83]43,65,5)([84]83,78,7)([85]15,10,4)([86]70,43,2)(84)
optimized area: 127.43
time: 1256147 ms
seed: 1636081189
NOT FOUND
time: 1066106 ms
seed: 1636114249
{7,1,80,1,2,1,8}([7]2,5,6)([8]0,2,4)([9]1,8,4)([10]9,5,3)([11]7,2,3)([12]9,8,2)([13]3,7,6)([14]0,10,7)([15]8,5,7)([16]13,8,7)([17]2,4,7)([18]3,13,7)([19]15,12,7)([20]15,14,6)([21]9,17,5)([22]2,13,3)([23]4,21,3)([24]19,16,3)([25]1,6,6)([26]24,3,4)([27]22,4,5)([28]26,18,6)([29]10,16,4)([30]28,20,4)([31]17,28,6)([32]23,13,7)([33]15,1,6)([34]6,14,7)([35]4,33,7)([36]35,10,5)([37]4,4,5)([38]23,35,2)([39]17,28,6)([40]14,27,6)([41]24,19,7)([42]40,25,6)([43]32,39,4)([44]34,30,6)([45]41,36,5)([46]9,16,0)([47]12,11,6)([48]12,13,2)([49]1,23,4)([50]21,27,0)([51]42,45,3)([52]0,32,2)([53]23,44,2)([54]51,39,4)([55]6,19,5)([56]38,47,6)([57]7,6,7)([58]42,39,3)([59]28,57,3)([60]6,43,2)([61]31,15,3)([62]56,18,3)([63]53,60,7)([64]62,54,7)([65]63,9,3)([66]52,25,0)([67]6,0,6)([68]0,10,4)([69]18,6,5)([70]5,63,2)([71]24,17,5)([72]0,23,4)([73]0,31,3)([74]35,45,4)([75]63,64,2)([76]75,44,4)([77]75,4,7)([78]45,24,2)([79]57,55,0)([80]45,31,1)([81]75,44,4)([82]16,12,0)([83]64,73,0)([84]35,78,2)([85]36,36,1)([86]55,31,7)(76)
evaluations: 34843228
first invidual area: 152.75
{7,1,80,1,2,1,8}([7]5,2,6)([8]0,2,4)([9]1,8,4)([10]9,5,3)([11]7,2,3)([12]8,9,2)([13]3,7,6)([14]0,10,7)([15]8,5,7)([16]8,13,7)([17]2,4,7)([18]3,13,6)([19]15,12,7)([20]15,14,3)([21]9,17,5)([22]16,15,4)([23]2,21,3)([24]16,19,3)([25]1,6,6)([26]13,24,7)([27]7,0,4)([28]26,18,6)([29]20,13,6)([30]28,20,7)([31]11,12,6)([32]23,13,4)([33]15,1,3)([34]6,14,7)([35]33,4,4)([36]35,10,5)([37]17,26,6)([38]23,35,2)([39]17,28,6)([40]14,29,6)([41]24,19,7)([42]40,25,6)([43]39,32,7)([44]30,34,6)([45]41,36,5)([46]20,16,0)([47]34,7,4)([48]27,26,2)([49]23,44,5)([50]26,34,3)([51]42,45,3)([52]6,43,5)([53]6,0,7)([54]51,39,7)([55]22,48,0)([56]38,31,6)([57]21,51,6)([58]37,45,2)([59]47,30,6)([60]57,0,7)([61]4,46,4)([62]56,18,3)([63]49,52,7)([64]62,59,4)([65]55,36,6)([66]47,65,3)([67]18,1,6)([68]16,47,5)([69]49,20,2)([70]7,12,6)([71]54,62,4)([72]59,28,6)([73]8,25,3)([74]65,1,5)([75]63,71,5)([76]75,44,7)([77]66,30,3)([78]67,46,1)([79]65,57,4)([80]50,43,2)([81]36,8,5)([82]53,59,4)([83]80,46,1)([84]80,63,5)([85]11,39,4)([86]24,61,5)(76)
optimized area: 147.12
time: 1254170 ms
seed: 1636146985
NOT FOUND
time: 1060122 ms
seed: 1636179428
{7,1,80,1,2,1,8}([7]6,2,6)([8]0,1,4)([9]5,2,7)([10]9,4,6)([11]8,2,4)([12]7,1,4)([13]10,3,4)([14]5,8,7)([15]3,2,2)([16]14,13,5)([17]6,4,7)([18]6,16,7)([19]15,18,6)([20]4,17,0)([21]4,17,6)([22]3,11,4)([23]14,19,4)([24]7,12,5)([25]11,24,7)([26]17,23,5)([27]26,15,4)([28]0,21,1)([29]13,8,7)([30]4,16,4)([31]16,4,0)([32]1,9,5)([33]5,32,5)([34]27,12,6)([35]9,14,7)([36]35,11,5)([37]29,9,4)([38]12,13,6)([39]38,22,3)([40]35,34,7)([41]39,27,2)([42]40,30,4)([43]13,16,4)([44]33,2,7)([45]28,44,0)([46]45,41,2)([47]14,41,2)([48]21,19,5)([49]4,3,4)([50]49,33,7)([51]46,19,7)([52]37,5,6)([53]39,42,2)([54]4,38,2)([55]52,52,4)([56]39,54,2)([57]54,50,6)([58]57,48,5)([59]31,19,2)([60]51,21,5)([61]12,56,3)([62]51,61,0)([63]52,5,5)([64]52,41,2)([65]44,56,2)([66]30,2,3)([67]53,12,7)([68]50,40,3)([69]13,35,4)([70]8,18,4)([71]58,54,5)([72]25,64,0)([73]11,43,4)([74]10,62,1)([75]54,6,7)([76]58,67,3)([77]38,44,4)([78]50,72,4)([79]23,72,4)([80]19,55,5)([81]75,51,1)([82]10,55,0)([83]24,82,7)([84]76,41,6)([85]51,64,3)([86]76,85,5)(86)
evaluations: 7787378
first invidual area: 152.76
{7,1,80,1,2,1,8}([7]6,2,3)([8]0,1,4)([9]5,2,7)([10]9,4,6)([11]8,2,4)([12]1,7,7)([13]3,10,4)([14]8,5,7)([15]2,3,2)([16]14,13,5)([17]4,3,4)([18]6,16,7)([19]15,18,6)([20]3,11,4)([21]4,6,7)([22]19,14,4)([23]13,12,6)([24]12,22,6)([25]21,14,6)([26]22,21,5)([27]8,0,6)([28]26,22,0)([29]12,11,6)([30]6,26,4)([31]0,1,1)([32]16,2,5)([33]10,23,6)([34]26,15,4)([35]25,19,2)([36]33,5,6)([37]22,0,2)([38]24,17,0)([39]20,23,3)([40]32,12,2)([41]39,34,2)([42]17,34,3)([43]1,27,7)([44]1,36,6)([45]31,41,5)([46]6,20,3)([47]32,5,5)([48]40,29,3)([49]47,17,7)([50]35,38,7)([51]34,50,5)([52]29,18,5)([53]48,39,2)([54]19,45,4)([55]8,41,2)([56]8,6,4)([57]31,53,3)([58]18,10,3)([59]19,8,3)([60]35,12,2)([61]55,49,3)([62]16,24,5)([63]3,17,7)([64]10,16,3)([65]14,22,2)([66]7,50,6)([67]24,37,4)([68]53,12,7)([69]39,0,7)([70]28,67,0)([71]11,52,0)([72]55,46,7)([73]51,30,5)([74]36,28,2)([75]1,4,5)([76]68,61,3)([77]7,48,3)([78]57,76,5)([79]23,68,4)([80]52,16,5)([81]7,56,0)([82]69,45,7)([83]41,52,4)([84]52,11,5)([85]54,74,3)([86]76,85,5)(86)
optimized area: 125.09
time: 1360322 ms
seed: 1636210016
{7,1,80,1,2,1,8}([7]0,6,7)([8]7,5,5)([9]4,3,4)([10]7,3,6)([11]6,8,3)([12]3,5,3)([13]12,10,4)([14]6,13,2)([15]1,14,6)([16]3,6,6)([17]1,9,6)([18]17,8,4)([19]12,11,1)([20]11,4,1)([21]5,1,4)([22]9,2,0)([23]21,9,5)([24]7,22,7)([25]9,11,7)([26]19,4,2)([27]12,25,4)([28]13,11,7)([29]26,5,3)([30]2,24,4)([31]19,8,4)([32]2,4,4)([33]5,23,7)([34]28,3,6)([35]30,23,7)([36]1,30,5)([37]36,31,2)([38]34,25,3)([39]3,7,7)([40]38,16,4)([41]32,22,4)([42]35,32,2)([43]29,42,4)([44]36,35,2)([45]31,2,3)([46]32,34,1)([47]37,41,2)([48]21,26,7)([49]18,0,7)([50]2,15,7)([51]45,1,4)([52]45,43,3)([53]20,15,1)([54]28,19,6)([55]27,49,2)([56]53,54,4)([57]44,50,6)([58]43,57,3)([59]23,40,7)([60]46,22,2)([61]51,40,6)([62]35,8,5)([63]61,28,7)([64]49,39,5)([65]10,59,2)([66]17,37,5)([67]1,11,4)([68]51,4,6)([69]13,64,6)([70]61,21,1)([71]64,55,5)([72]55,58,6)([73]50,6,1)([74]53,30,2)([75]11,29,4)([76]63,75,0)([77]72,47,4)([78]47,38,2)([79]42,10,6)([80]16,6,4)([81]52,38,0)([82]51,70,1)([83]36,52,6)([84]31,34,4)([85]77,61,3)([86]79,79,1)(85)
evaluations: 7685127
first invidual area: 152.29
{7,1,80,1,2,1,8}([7]6,0,7)([8]5,7,5)([9]3,4,4)([10]9,7,3)([11]8,6,3)([12]5,3,3)([13]10,12,7)([14]2,5,0)([15]4,2,4)([16]15,11,2)([17]7,3,4)([18]9,15,4)([19]3,6,6)([20]4,0,5)([21]18,16,0)([22]5,1,4)([23]22,11,0)([24]22,9,5)([25]9,11,7)([26]12,16,2)([27]25,12,5)([28]20,4,2)([29]11,13,2)([30]15,17,7)([31]12,8,2)([32]23,2,2)([33]3,29,6)([34]31,14,6)([35]24,30,7)([36]1,30,5)([37]31,21,2)([38]33,25,6)([39]35,36,2)([40]38,19,4)([41]5,28,3)([42]35,15,5)([43]41,42,7)([44]32,6,2)([45]13,6,2)([46]1,34,4)([47]37,36,5)([48]45,1,6)([49]20,12,7)([50]49,24,7)([51]49,19,0)([52]13,7,5)([53]48,14,7)([54]28,40,2)([55]27,51,5)([56]51,39,5)([57]39,53,6)([58]44,47,2)([59]20,21,0)([60]7,51,1)([61]40,46,2)([62]40,42,2)([63]46,45,7)([64]34,36,7)([65]43,57,6)([66]16,57,7)([67]11,39,3)([68]43,49,7)([69]28,63,5)([70]9,16,7)([71]59,22,0)([72]65,55,5)([73]13,26,6)([74]48,55,0)([75]35,20,7)([76]65,24,5)([77]72,47,4)([78]29,62,5)([79]60,49,0)([80]77,31,7)([81]75,19,4)([82]18,24,3)([83]68,35,6)([84]18,67,4)([85]61,77,3)([86]28,48,1)(85)
optimized area: 136.33
time: 1288728 ms
seed: 1636239955
NOT FOUND
time: 1084705 ms
seed: 1636259132
NOT FOUND
time: 1060038 ms
seed: 1636275690
NOT FOUND
time: 1068104 ms
seed: 1636292176
NOT FOUND
time: 1065672 ms
