seed: 1633851261
NOT FOUND
time: 526350 ms
seed: 1633938118
{7,1,80,1,2,1,8}([7]1,2,3)([8]1,6,7)([9]6,4,4)([10]7,9,3)([11]1,8,6)([12]10,5,5)([13]3,5,4)([14]0,9,4)([15]8,9,2)([16]9,13,2)([17]16,6,6)([18]2,12,4)([19]16,6,2)([20]8,7,4)([21]20,14,3)([22]3,11,3)([23]19,18,4)([24]21,5,3)([25]23,14,2)([26]20,25,2)([27]26,13,7)([28]15,21,5)([29]27,1,6)([30]28,2,4)([31]29,20,2)([32]3,30,7)([33]5,4,4)([34]3,10,1)([35]20,17,4)([36]0,30,3)([37]0,31,1)([38]27,23,7)([39]30,38,2)([40]31,8,3)([41]4,18,6)([42]7,38,5)([43]36,41,5)([44]33,39,3)([45]13,37,5)([46]43,40,4)([47]28,18,4)([48]35,15,1)([49]22,14,7)([50]32,27,1)([51]13,37,0)([52]49,23,3)([53]4,47,2)([54]40,52,4)([55]53,20,1)([56]24,9,4)([57]1,38,5)([58]20,11,3)([59]46,45,7)([60]14,40,7)([61]24,57,5)([62]59,44,5)([63]59,50,5)([64]57,7,3)([65]0,11,7)([66]59,60,7)([67]49,61,3)([68]59,51,2)([69]11,33,1)([70]66,7,0)([71]38,35,6)([72]19,24,4)([73]0,13,4)([74]39,17,5)([75]54,59,2)([76]7,56,0)([77]28,5,3)([78]61,13,2)([79]40,58,4)([80]17,75,0)([81]75,78,6)([82]23,80,4)([83]4,71,1)([84]54,12,3)([85]13,12,6)([86]74,81,7)(86)
evaluations: 30034577
first invidual area: 136.32
{7,1,80,1,2,1,8}([7]1,2,3)([8]1,6,7)([9]6,4,4)([10]9,7,3)([11]8,1,6)([12]10,5,5)([13]3,5,4)([14]0,9,4)([15]8,9,2)([16]4,13,2)([17]6,16,6)([18]2,12,4)([19]6,9,5)([20]7,8,4)([21]14,20,3)([22]11,3,6)([23]18,19,4)([24]23,2,4)([25]14,18,2)([26]25,20,5)([27]26,13,4)([28]15,21,5)([29]27,1,6)([30]28,2,4)([31]18,20,2)([32]7,29,2)([33]21,5,3)([34]0,31,1)([35]22,28,7)([36]30,8,3)([37]20,16,0)([38]27,23,4)([39]30,38,2)([40]8,32,3)([41]4,18,6)([42]34,41,0)([43]41,36,5)([44]11,36,7)([45]13,42,5)([46]45,40,7)([47]35,13,5)([48]18,34,3)([49]22,14,4)([50]12,30,3)([51]6,30,7)([52]49,18,3)([53]46,43,4)([54]40,52,4)([55]27,41,7)([56]53,43,0)([57]38,1,5)([58]37,25,5)([59]39,1,5)([60]21,39,5)([61]33,57,5)([62]37,15,2)([63]47,18,5)([64]5,59,1)([65]18,34,7)([66]14,39,7)([67]52,38,3)([68]66,54,4)([69]56,60,0)([70]68,41,6)([71]20,61,5)([72]4,54,7)([73]37,0,7)([74]39,17,5)([75]54,53,2)([76]31,17,6)([77]64,76,0)([78]61,13,2)([79]51,69,7)([80]8,58,5)([81]75,78,6)([82]70,80,4)([83]78,68,6)([84]45,1,5)([85]46,13,6)([86]74,81,7)(86)
optimized area: 135.38
time: 614233 ms
seed: 1633965807
{7,1,80,1,2,1,8}([7]4,2,3)([8]3,2,7)([9]2,5,7)([10]9,4,2)([11]2,10,2)([12]8,4,6)([13]1,7,4)([14]6,1,3)([15]3,3,0)([16]4,13,7)([17]13,9,4)([18]9,12,3)([19]15,9,2)([20]15,18,2)([21]18,6,4)([22]0,19,7)([23]20,8,1)([24]14,2,4)([25]22,5,7)([26]25,16,4)([27]10,15,6)([28]26,24,4)([29]10,12,1)([30]2,2,4)([31]20,17,5)([32]26,31,7)([33]21,32,5)([34]33,8,4)([35]28,32,3)([36]8,25,3)([37]36,35,3)([38]1,10,2)([39]26,36,5)([40]4,14,5)([41]24,20,4)([42]27,32,1)([43]6,27,7)([44]9,26,3)([45]42,35,7)([46]0,15,7)([47]19,24,3)([48]43,27,6)([49]16,11,1)([50]8,47,4)([51]34,44,2)([52]4,20,7)([53]22,33,3)([54]51,14,6)([55]10,39,4)([56]49,24,6)([57]12,54,4)([58]44,53,7)([59]19,8,0)([60]37,53,7)([61]50,52,4)([62]6,48,3)([63]7,16,7)([64]17,23,2)([65]62,9,7)([66]39,38,0)([67]39,38,3)([68]64,58,6)([69]60,55,3)([70]58,43,2)([71]39,19,3)([72]50,22,1)([73]34,65,2)([74]45,69,4)([75]72,24,7)([76]70,74,3)([77]13,11,1)([78]76,77,4)([79]56,50,3)([80]69,66,0)([81]60,25,5)([82]53,33,2)([83]76,67,2)([84]46,4,2)([85]73,79,1)([86]24,20,6)(78)
evaluations: 43499227
first invidual area: 134.96
{7,1,80,1,2,1,8}([7]2,4,3)([8]3,2,7)([9]5,2,7)([10]4,9,2)([11]3,9,5)([12]4,8,6)([13]1,7,4)([14]4,6,0)([15]12,6,1)([16]4,13,7)([17]1,6,3)([18]9,12,3)([19]0,9,4)([20]18,3,2)([21]18,6,4)([22]0,11,4)([23]9,13,4)([24]17,2,4)([25]22,5,7)([26]25,16,4)([27]10,3,6)([28]26,24,4)([29]15,13,2)([30]8,25,3)([31]20,23,5)([32]26,31,7)([33]21,32,5)([34]25,4,6)([35]28,32,3)([36]20,12,0)([37]25,35,3)([38]26,9,3)([39]26,30,5)([40]16,33,4)([41]27,1,6)([42]17,5,4)([43]6,27,7)([44]14,22,3)([45]27,35,4)([46]30,26,5)([47]37,36,4)([48]41,2,0)([49]13,39,4)([50]39,27,7)([51]13,13,2)([52]51,43,7)([53]22,33,6)([54]51,45,0)([55]10,39,4)([56]33,33,6)([57]4,45,3)([58]38,53,4)([59]9,48,4)([60]58,37,2)([61]51,7,1)([62]9,37,4)([63]20,17,3)([64]7,29,3)([65]0,31,6)([66]60,17,2)([67]5,56,6)([68]10,66,6)([69]60,55,6)([70]58,43,2)([71]46,48,5)([72]25,20,2)([73]70,58,1)([74]45,69,7)([75]55,33,2)([76]70,74,6)([77]18,11,1)([78]76,51,4)([79]60,44,2)([80]3,77,5)([81]37,53,0)([82]75,18,1)([83]28,68,2)([84]70,4,5)([85]67,55,5)([86]65,26,2)(78)
optimized area: 129.34
time: 549627 ms
seed: 1633988774
NOT FOUND
time: 521654 ms
seed: 1634037686
NOT FOUND
time: 535808 ms
seed: 1634151805
NOT FOUND
time: 535227 ms
seed: 1634199102
NOT FOUND
time: 514598 ms
seed: 1634248094
NOT FOUND
time: 542449 ms
seed: 1634296203
{7,1,80,1,2,1,8}([7]0,6,0)([8]7,2,7)([9]4,8,4)([10]5,8,5)([11]5,7,3)([12]7,4,5)([13]6,10,5)([14]1,12,7)([15]1,11,0)([16]10,9,5)([17]13,0,4)([18]3,11,4)([19]7,12,4)([20]11,2,3)([21]3,12,4)([22]0,1,7)([23]5,6,4)([24]21,16,6)([25]10,5,4)([26]17,22,2)([27]12,23,7)([28]18,27,2)([29]0,23,5)([30]2,18,7)([31]17,29,3)([32]1,20,6)([33]24,12,2)([34]27,6,4)([35]27,1,2)([36]26,21,4)([37]21,35,4)([38]33,24,5)([39]6,15,4)([40]36,20,7)([41]8,25,0)([42]6,14,5)([43]18,41,3)([44]13,2,4)([45]23,7,2)([46]13,19,5)([47]7,36,0)([48]33,23,2)([49]48,39,6)([50]28,14,3)([51]37,39,7)([52]40,31,5)([53]37,31,5)([54]42,44,5)([55]34,50,3)([56]50,41,0)([57]53,1,3)([58]30,53,3)([59]14,50,3)([60]10,57,5)([61]58,4,4)([62]54,52,2)([63]61,58,1)([64]59,9,7)([65]62,63,3)([66]12,30,7)([67]54,16,7)([68]21,9,3)([69]25,24,4)([70]4,3,1)([71]59,69,6)([72]31,7,6)([73]35,39,6)([74]55,71,7)([75]65,49,7)([76]64,37,3)([77]55,55,4)([78]26,76,0)([79]75,71,3)([80]36,61,4)([81]44,21,4)([82]21,66,2)([83]54,55,4)([84]39,68,1)([85]81,76,5)([86]8,52,7)(79)
evaluations: 25465433
first invidual area: 147.12
{7,1,80,1,2,1,8}([7]0,5,3)([8]2,0,7)([9]6,1,4)([10]5,8,5)([11]4,8,4)([12]4,0,5)([13]6,10,5)([14]12,1,7)([15]9,7,1)([16]10,11,5)([17]0,13,4)([18]7,3,4)([19]6,14,5)([20]9,10,3)([21]12,3,4)([22]8,17,7)([23]14,5,4)([24]21,16,6)([25]17,15,5)([26]1,0,1)([27]23,15,7)([28]0,5,5)([29]2,0,6)([30]19,8,5)([31]6,28,3)([32]21,16,5)([33]27,24,2)([34]23,15,5)([35]27,1,5)([36]29,21,7)([37]21,35,7)([38]2,18,7)([39]25,36,4)([40]2,15,1)([41]18,27,2)([42]40,33,6)([43]12,33,2)([44]12,3,2)([45]44,7,2)([46]15,19,0)([47]41,14,3)([48]22,19,5)([49]43,9,6)([50]30,36,0)([51]38,46,0)([52]39,31,5)([53]52,48,2)([54]31,37,5)([55]2,38,1)([56]0,17,2)([57]18,22,6)([58]51,54,3)([59]36,9,5)([60]58,24,7)([61]58,4,7)([62]4,40,3)([63]43,27,2)([64]5,10,5)([65]53,61,6)([66]14,22,7)([67]29,21,1)([68]59,15,3)([69]64,24,4)([70]44,10,3)([71]30,15,6)([72]30,28,5)([73]35,24,7)([74]38,64,3)([75]65,49,4)([76]69,47,6)([77]75,45,0)([78]10,74,2)([79]16,76,4)([80]43,0,7)([81]32,15,5)([82]8,64,5)([83]77,76,3)([84]9,21,4)([85]49,2,5)([86]39,52,3)(83)
optimized area: 136.33
time: 604703 ms
seed: 1634336725
NOT FOUND
time: 532849 ms
seed: 1634385660
NOT FOUND
time: 528558 ms
seed: 1634434655
{7,1,80,1,2,1,8}([7]5,3,7)([8]4,2,3)([9]2,0,7)([10]7,6,2)([11]5,4,4)([12]3,0,4)([13]0,10,7)([14]8,13,7)([15]5,2,4)([16]9,14,7)([17]8,0,2)([18]12,7,2)([19]13,11,6)([20]14,12,2)([21]0,1,4)([22]6,21,7)([23]20,15,3)([24]18,22,6)([25]7,14,7)([26]16,12,3)([27]24,5,7)([28]6,25,7)([29]11,5,5)([30]9,17,7)([31]21,14,7)([32]11,15,0)([33]0,10,0)([34]10,24,7)([35]28,27,3)([36]10,6,6)([37]24,23,5)([38]31,1,3)([39]37,26,5)([40]39,14,1)([41]7,9,1)([42]9,19,3)([43]37,32,4)([44]35,40,7)([45]1,28,7)([46]25,26,4)([47]43,44,2)([48]10,44,3)([49]7,17,2)([50]23,15,3)([51]0,2,2)([52]11,51,4)([53]3,21,7)([54]6,24,1)([55]1,24,5)([56]6,47,1)([57]29,39,5)([58]39,42,3)([59]56,4,4)([60]42,51,3)([61]47,31,7)([62]49,3,3)([63]50,30,2)([64]15,45,2)([65]12,54,6)([66]15,43,4)([67]58,46,3)([68]38,65,1)([69]6,48,5)([70]52,57,2)([71]1,63,5)([72]9,35,3)([73]45,70,5)([74]33,1,6)([75]70,67,6)([76]26,0,6)([77]42,23,6)([78]41,45,5)([79]67,61,5)([80]27,39,1)([81]53,15,4)([82]73,79,5)([83]76,80,3)([84]19,33,1)([85]66,28,4)([86]65,51,4)(82)
evaluations: 15392628
first invidual area: 143.39
{7,1,80,1,2,1,8}([7]3,5,7)([8]4,2,6)([9]0,8,4)([10]7,6,5)([11]4,5,4)([12]3,0,4)([13]0,11,0)([14]10,9,4)([15]12,7,5)([16]2,5,4)([17]12,11,2)([18]5,11,5)([19]14,7,4)([20]5,6,1)([21]1,0,4)([22]21,6,4)([23]16,19,7)([24]22,15,2)([25]16,17,3)([26]3,11,6)([27]5,24,7)([28]19,6,4)([29]27,28,3)([30]25,2,3)([31]9,2,5)([32]23,25,0)([33]30,8,3)([34]12,23,3)([35]4,31,5)([36]21,32,7)([37]24,25,5)([38]21,14,7)([39]37,34,5)([40]30,12,5)([41]18,39,5)([42]18,41,1)([43]11,37,4)([44]39,29,4)([45]33,22,6)([46]14,11,4)([47]19,35,3)([48]22,1,5)([49]28,1,7)([50]35,39,4)([51]13,35,3)([52]48,45,0)([53]11,31,7)([54]53,41,2)([55]15,4,7)([56]43,44,5)([57]33,53,4)([58]44,50,6)([59]17,50,2)([60]54,28,0)([61]56,38,4)([62]37,24,2)([63]10,38,7)([64]38,34,7)([65]24,31,3)([66]9,6,2)([67]47,25,3)([68]37,23,3)([69]44,58,4)([70]7,63,6)([71]19,48,1)([72]22,60,5)([73]49,54,5)([74]24,9,2)([75]38,43,7)([76]48,66,5)([77]9,5,1)([78]21,14,7)([79]67,61,5)([80]79,73,5)([81]64,40,6)([82]72,47,2)([83]20,53,4)([84]79,21,4)([85]62,82,2)([86]28,10,3)(80)
optimized area: 127.92
time: 651139 ms
seed: 1634494968
NOT FOUND
time: 529539 ms
seed: 1634594106
NOT FOUND
time: 533036 ms
seed: 1634642906
{7,1,80,1,2,1,8}([7]5,2,6)([8]4,3,0)([9]3,4,3)([10]8,2,3)([11]9,6,2)([12]3,2,4)([13]11,10,4)([14]7,5,6)([15]1,7,1)([16]3,13,0)([17]4,0,7)([18]4,6,3)([19]4,0,0)([20]17,6,3)([21]12,17,5)([22]3,7,4)([23]1,20,2)([24]23,19,6)([25]22,5,3)([26]12,9,4)([27]9,14,5)([28]21,26,3)([29]13,25,2)([30]26,18,5)([31]9,8,0)([32]17,18,4)([33]13,1,4)([34]5,10,5)([35]12,8,3)([36]19,11,2)([37]7,19,1)([38]11,30,6)([39]24,33,3)([40]5,24,1)([41]15,37,6)([42]37,18,7)([43]34,31,6)([44]36,1,2)([45]29,7,7)([46]5,30,5)([47]24,2,1)([48]45,21,4)([49]22,0,2)([50]38,38,0)([51]36,19,4)([52]20,5,7)([53]38,3,3)([54]32,22,4)([55]43,48,2)([56]10,29,5)([57]9,21,6)([58]48,44,6)([59]21,40,6)([60]0,1,3)([61]53,52,4)([62]54,16,0)([63]14,32,2)([64]31,35,6)([65]44,4,2)([66]35,50,7)([67]7,27,7)([68]28,61,2)([69]55,10,3)([70]41,56,1)([71]20,36,1)([72]4,46,4)([73]15,46,2)([74]30,19,1)([75]46,68,2)([76]39,75,5)([77]51,59,4)([78]58,54,5)([79]65,37,5)([80]25,63,5)([81]76,33,4)([82]61,44,1)([83]66,71,1)([84]18,24,7)([85]72,51,7)([86]81,78,5)(86)
evaluations: 20153471
first invidual area: 116.65
{7,1,80,1,2,1,8}([7]5,2,6)([8]2,4,6)([9]4,3,3)([10]9,6,5)([11]3,0,0)([12]3,2,4)([13]8,10,4)([14]6,6,2)([15]2,12,6)([16]13,15,0)([17]4,0,7)([18]6,4,3)([19]12,17,5)([20]6,17,3)([21]19,0,1)([22]16,20,0)([23]22,20,2)([24]23,4,6)([25]7,3,4)([26]17,18,7)([27]12,24,6)([28]12,4,4)([29]25,5,3)([30]28,18,5)([31]30,12,3)([32]24,16,2)([33]13,1,4)([34]7,13,0)([35]27,33,2)([36]32,33,2)([37]17,7,5)([38]35,10,1)([39]29,16,5)([40]30,1,6)([41]20,0,2)([42]20,37,6)([43]18,13,0)([44]25,26,7)([45]39,19,4)([46]30,5,5)([47]34,31,6)([48]45,34,4)([49]35,48,6)([50]43,17,3)([51]5,20,7)([52]37,24,6)([53]11,40,3)([54]2,33,2)([55]24,44,0)([56]10,50,4)([57]34,5,3)([58]12,44,5)([59]5,14,3)([60]40,14,0)([61]53,51,4)([62]45,34,5)([63]53,9,0)([64]10,35,5)([65]56,35,2)([66]62,46,2)([67]40,62,2)([68]48,57,1)([69]33,24,3)([70]48,24,5)([71]39,53,5)([72]69,7,0)([73]70,28,5)([74]8,38,0)([75]61,66,2)([76]69,75,5)([77]64,53,6)([78]44,49,5)([79]38,9,2)([80]26,49,1)([81]76,33,4)([82]75,21,4)([83]0,14,0)([84]25,16,3)([85]37,27,3)([86]81,78,5)(86)
optimized area: 115.24
time: 604069 ms
seed: 1634684320
NOT FOUND
time: 640520 ms
seed: 1634713878
NOT FOUND
time: 532330 ms
seed: 1634761986
{7,1,80,1,2,1,8}([7]2,6,7)([8]4,6,5)([9]4,7,5)([10]7,3,4)([11]0,8,5)([12]0,10,1)([13]10,4,5)([14]10,2,2)([15]1,2,7)([16]9,5,4)([17]15,16,5)([18]1,0,3)([19]10,16,0)([20]15,3,4)([21]5,2,5)([22]21,17,7)([23]17,4,5)([24]3,4,7)([25]0,19,2)([26]11,24,4)([27]14,5,7)([28]26,16,4)([29]18,2,5)([30]19,11,3)([31]29,22,7)([32]23,27,6)([33]18,21,7)([34]19,29,4)([35]32,34,4)([36]14,5,2)([37]31,6,5)([38]0,13,1)([39]28,7,7)([40]25,4,7)([41]9,15,7)([42]40,17,4)([43]19,5,7)([44]33,41,2)([45]28,44,4)([46]7,37,4)([47]26,25,2)([48]35,28,6)([49]15,26,7)([50]19,46,4)([51]43,18,0)([52]37,5,7)([53]51,37,6)([54]52,47,2)([55]53,45,2)([56]28,41,5)([57]12,20,7)([58]41,48,7)([59]21,17,0)([60]39,41,1)([61]26,10,1)([62]26,6,4)([63]11,38,7)([64]19,51,0)([65]57,16,2)([66]55,58,4)([67]2,43,7)([68]16,1,2)([69]63,1,3)([70]39,46,6)([71]37,24,4)([72]13,69,6)([73]53,53,6)([74]19,26,1)([75]70,35,0)([76]46,50,1)([77]59,1,3)([78]50,0,1)([79]24,6,7)([80]22,33,3)([81]70,40,2)([82]66,81,3)([83]45,50,5)([84]73,0,1)([85]64,26,7)([86]1,19,5)(82)
evaluations: 40670501
first invidual area: 139.19
{7,1,80,1,2,1,8}([7]2,6,7)([8]4,6,5)([9]4,7,5)([10]7,3,4)([11]9,7,6)([12]10,5,6)([13]8,0,5)([14]10,2,5)([15]2,1,7)([16]9,5,4)([17]16,15,5)([18]1,0,3)([19]16,13,7)([20]19,1,1)([21]14,7,5)([22]14,5,4)([23]17,4,5)([24]9,23,1)([25]22,0,5)([26]19,4,7)([27]15,17,0)([28]3,26,7)([29]2,18,5)([30]29,21,4)([31]30,17,4)([32]23,22,3)([33]21,18,2)([34]10,32,7)([35]29,34,4)([36]19,7,1)([37]31,6,5)([38]11,26,2)([39]28,7,7)([40]27,35,0)([41]28,19,0)([42]16,15,3)([43]25,4,4)([44]33,15,5)([45]41,44,2)([46]21,37,7)([47]2,15,2)([48]35,41,3)([49]8,15,7)([50]9,27,4)([51]1,27,2)([52]29,51,6)([53]12,37,6)([54]24,1,7)([55]45,53,5)([56]43,33,0)([57]33,1,2)([58]50,48,7)([59]8,20,3)([60]10,42,0)([61]51,26,1)([62]33,40,5)([63]43,9,0)([64]41,37,7)([65]26,1,6)([66]55,58,7)([67]57,66,3)([68]25,32,0)([69]20,25,4)([70]39,46,6)([71]66,32,2)([72]71,18,2)([73]37,12,4)([74]4,26,3)([75]61,60,7)([76]59,34,2)([77]44,37,7)([78]71,11,5)([79]46,20,6)([80]18,18,6)([81]70,63,2)([82]66,81,3)([83]37,45,3)([84]79,66,3)([85]48,41,2)([86]29,12,4)(82)
optimized area: 130.26
time: 1031568 ms
seed: 1634827171
{7,1,80,1,2,1,8}([7]6,4,4)([8]0,5,4)([9]6,8,4)([10]2,4,3)([11]4,8,4)([12]1,2,2)([13]12,7,6)([14]13,8,5)([15]4,12,6)([16]3,5,4)([17]4,8,5)([18]5,15,3)([19]1,18,7)([20]11,2,4)([21]16,14,5)([22]7,3,3)([23]14,10,1)([24]11,4,3)([25]18,20,7)([26]23,0,7)([27]5,2,4)([28]24,22,4)([29]19,28,3)([30]25,23,4)([31]8,20,1)([32]10,25,4)([33]12,2,0)([34]18,0,1)([35]7,20,3)([36]10,4,0)([37]29,3,2)([38]16,21,4)([39]25,21,5)([40]35,25,6)([41]27,40,6)([42]6,37,5)([43]31,9,4)([44]11,10,1)([45]36,42,4)([46]22,3,6)([47]34,41,7)([48]28,38,2)([49]11,25,7)([50]31,47,5)([51]10,21,1)([52]46,48,5)([53]7,21,5)([54]13,39,5)([55]44,29,2)([56]54,3,3)([57]55,39,6)([58]11,10,4)([59]13,35,3)([60]21,2,1)([61]39,52,5)([62]1,33,1)([63]2,20,4)([64]1,52,4)([65]53,22,4)([66]38,46,7)([67]40,24,5)([68]38,1,5)([69]40,14,4)([70]49,65,5)([71]8,59,7)([72]63,70,7)([73]21,32,3)([74]41,72,3)([75]53,26,1)([76]60,35,4)([77]64,74,2)([78]12,21,4)([79]20,10,5)([80]0,28,1)([81]71,43,5)([82]15,49,1)([83]59,10,0)([84]57,45,3)([85]77,84,4)([86]55,14,2)(85)
evaluations: 21207860
first invidual area: 138.68
{7,1,80,1,2,1,8}([7]4,6,4)([8]0,5,4)([9]5,3,4)([10]8,7,0)([11]8,4,4)([12]2,1,2)([13]12,7,6)([14]6,7,7)([15]10,13,5)([16]12,4,6)([17]16,15,0)([18]5,17,3)([19]8,9,6)([20]3,16,0)([21]9,15,5)([22]20,7,3)([23]2,18,7)([24]4,10,3)([25]11,23,4)([26]18,1,7)([27]25,21,5)([28]24,22,4)([29]26,28,3)([30]3,6,2)([31]30,29,5)([32]30,14,0)([33]23,0,1)([34]9,12,0)([35]4,13,4)([36]24,20,2)([37]15,35,3)([38]27,5,5)([39]20,0,3)([40]21,19,6)([41]21,9,5)([42]25,30,6)([43]37,27,2)([44]4,2,3)([45]44,31,4)([46]20,4,0)([47]2,5,4)([48]41,24,2)([49]7,21,5)([50]20,4,5)([51]38,35,7)([52]36,37,4)([53]0,41,7)([54]43,37,3)([55]23,29,2)([56]28,48,5)([57]55,27,6)([58]1,56,4)([59]4,37,2)([60]17,36,2)([61]57,45,6)([62]0,57,5)([63]16,1,5)([64]42,47,3)([65]49,22,5)([66]42,4,5)([67]26,56,1)([68]43,61,2)([69]54,22,1)([70]33,65,5)([71]28,68,6)([72]11,70,4)([73]23,64,1)([74]64,72,5)([75]31,12,3)([76]31,50,0)([77]58,74,5)([78]77,25,2)([79]4,14,2)([80]43,2,5)([81]73,78,4)([82]68,0,0)([83]73,78,0)([84]61,29,2)([85]77,61,4)([86]21,85,6)(85)
optimized area: 118.04
time: 1127838 ms
seed: 1634951880
NOT FOUND
time: 1006476 ms
seed: 1635081977
NOT FOUND
time: 975636 ms
seed: 1635121000
NOT FOUND
time: 522703 ms
seed: 1635169930
{7,1,80,1,2,1,8}([7]6,3,4)([8]1,0,6)([9]0,7,7)([10]8,7,7)([11]0,4,6)([12]7,6,5)([13]3,2,2)([14]5,7,4)([15]9,4,4)([16]12,2,7)([17]10,7,1)([18]12,12,5)([19]13,11,7)([20]14,16,3)([21]14,17,7)([22]15,5,4)([23]21,12,4)([24]4,19,2)([25]6,1,4)([26]2,5,7)([27]24,16,3)([28]26,23,6)([29]27,1,2)([30]7,7,2)([31]20,21,5)([32]22,30,3)([33]28,4,5)([34]26,32,5)([35]9,34,3)([36]16,29,1)([37]21,29,5)([38]25,25,1)([39]11,38,4)([40]33,26,3)([41]4,14,0)([42]22,17,6)([43]34,15,5)([44]27,38,7)([45]15,42,3)([46]18,32,7)([47]12,43,4)([48]1,16,7)([49]42,44,2)([50]3,19,7)([51]20,29,5)([52]19,46,7)([53]34,39,4)([54]29,43,7)([55]12,46,6)([56]9,10,4)([57]54,51,5)([58]17,26,2)([59]50,42,2)([60]57,49,4)([61]60,59,4)([62]41,42,3)([63]42,43,2)([64]57,33,4)([65]33,44,5)([66]0,12,4)([67]9,1,0)([68]60,24,6)([69]2,63,2)([70]61,65,2)([71]63,70,7)([72]47,39,4)([73]35,60,0)([74]46,54,0)([75]21,16,5)([76]30,39,1)([77]6,55,5)([78]32,53,3)([79]22,75,5)([80]26,64,6)([81]42,70,5)([82]30,30,6)([83]81,53,3)([84]21,70,6)([85]72,77,4)([86]81,12,2)(71)
evaluations: 18660223
first invidual area: 133.07
{7,1,80,1,2,1,8}([7]3,6,4)([8]4,0,7)([9]7,6,5)([10]0,1,3)([11]2,2,3)([12]0,9,4)([13]7,6,0)([14]3,5,4)([15]8,7,4)([16]9,11,7)([17]7,5,7)([18]16,16,0)([19]3,18,2)([20]4,16,6)([21]4,0,6)([22]15,5,4)([23]8,16,5)([24]14,16,3)([25]19,10,0)([26]5,2,7)([27]20,25,0)([28]2,19,0)([29]4,1,5)([30]10,7,7)([31]30,30,3)([32]15,22,5)([33]21,19,3)([34]1,6,4)([35]5,15,4)([36]24,1,5)([37]33,32,7)([38]3,33,4)([39]2,28,4)([40]13,33,6)([41]23,26,5)([42]22,31,6)([43]41,15,5)([44]20,34,7)([45]4,41,2)([46]12,33,7)([47]26,16,2)([48]14,45,5)([49]43,29,4)([50]29,8,3)([51]45,35,5)([52]42,44,5)([53]16,52,5)([54]36,49,5)([55]14,38,5)([56]42,43,5)([57]47,51,3)([58]0,51,2)([59]38,42,5)([60]52,54,5)([61]60,59,4)([62]54,60,4)([63]30,22,7)([64]35,39,0)([65]48,44,5)([66]59,34,0)([67]27,62,4)([68]26,41,1)([69]38,37,1)([70]61,65,5)([71]39,34,7)([72]53,6,6)([73]33,22,3)([74]70,56,7)([75]12,52,3)([76]65,48,5)([77]39,52,1)([78]57,73,4)([79]77,76,7)([80]44,57,2)([81]2,17,6)([82]45,14,0)([83]80,45,6)([84]32,2,2)([85]19,42,3)([86]30,74,3)(74)
optimized area: 110.56
time: 624687 ms
seed: 1635280163
{7,1,80,1,2,1,8}([7]5,4,4)([8]1,2,7)([9]2,6,4)([10]4,8,7)([11]0,10,4)([12]11,9,3)([13]10,0,4)([14]5,10,4)([15]9,4,2)([16]15,3,4)([17]16,5,6)([18]12,15,2)([19]0,11,7)([20]16,5,2)([21]17,0,4)([22]12,14,2)([23]8,21,4)([24]7,1,3)([25]0,14,6)([26]21,6,7)([27]8,17,5)([28]7,21,6)([29]6,3,2)([30]22,17,6)([31]24,27,4)([32]22,19,0)([33]31,28,2)([34]29,2,6)([35]20,26,3)([36]6,16,3)([37]12,2,3)([38]21,36,3)([39]12,21,6)([40]3,28,6)([41]10,34,7)([42]10,18,4)([43]38,29,4)([44]18,38,4)([45]7,28,7)([46]20,22,6)([47]23,38,1)([48]14,23,6)([49]12,47,1)([50]5,4,2)([51]50,15,1)([52]42,33,6)([53]37,7,6)([54]51,31,4)([55]22,41,5)([56]37,4,5)([57]30,27,4)([58]28,32,6)([59]57,55,2)([60]43,48,6)([61]30,11,2)([62]54,60,5)([63]35,59,5)([64]42,26,1)([65]46,38,0)([66]4,34,7)([67]60,11,6)([68]38,54,5)([69]63,62,2)([70]2,55,1)([71]15,15,6)([72]8,13,5)([73]28,39,4)([74]42,54,5)([75]21,3,4)([76]30,20,3)([77]63,5,2)([78]3,75,2)([79]21,27,7)([80]58,76,5)([81]69,77,3)([82]52,69,4)([83]67,60,3)([84]74,11,4)([85]31,71,7)([86]4,83,1)(82)
evaluations: 6582028
first invidual area: 137.75
{7,1,80,1,2,1,8}([7]0,4,0)([8]1,2,7)([9]2,6,4)([10]4,8,7)([11]2,5,7)([12]9,0,3)([13]10,11,7)([14]2,13,4)([15]4,9,2)([16]3,15,4)([17]5,16,6)([18]6,16,3)([19]12,14,2)([20]1,13,3)([21]17,7,4)([22]16,5,2)([23]6,21,7)([24]21,18,6)([25]15,10,4)([26]6,15,5)([27]17,8,5)([28]17,19,3)([29]6,3,2)([30]27,5,5)([31]27,20,4)([32]21,19,6)([33]32,31,2)([34]28,23,1)([35]5,23,5)([36]4,5,5)([37]9,19,5)([38]23,30,7)([39]23,22,3)([40]25,23,0)([41]14,1,6)([42]9,18,1)([43]24,29,6)([44]32,16,0)([45]7,14,1)([46]34,7,3)([47]17,23,1)([48]2,0,3)([49]13,28,1)([50]4,47,3)([51]8,21,4)([52]29,11,3)([53]2,28,2)([54]36,31,4)([55]52,14,5)([56]14,51,6)([57]28,55,2)([58]5,52,5)([59]39,57,2)([60]43,56,6)([61]58,44,3)([62]35,17,4)([63]27,59,5)([64]28,45,3)([65]60,54,5)([66]59,25,0)([67]54,17,1)([68]0,23,1)([69]63,65,5)([70]19,34,6)([71]31,4,0)([72]39,19,7)([73]2,44,2)([74]58,73,5)([75]23,61,7)([76]12,0,7)([77]33,40,3)([78]76,59,5)([79]17,16,1)([80]33,19,1)([81]75,4,0)([82]20,19,1)([83]69,77,4)([84]18,61,1)([85]58,74,0)([86]14,2,7)(83)
optimized area: 123.68
time: 1246236 ms
seed: 1635437597
NOT FOUND
time: 986418 ms
seed: 1635544839
{7,1,80,1,2,1,8}([7]0,1,6)([8]5,2,0)([9]8,2,2)([10]6,3,3)([11]10,9,4)([12]9,4,6)([13]0,8,4)([14]9,0,0)([15]7,2,6)([16]13,2,0)([17]1,1,6)([18]4,15,7)([19]18,16,3)([20]19,12,7)([21]18,3,7)([22]1,5,4)([23]9,2,0)([24]4,17,7)([25]17,8,0)([26]23,8,0)([27]0,11,4)([28]6,25,7)([29]16,10,4)([30]27,20,0)([31]24,5,1)([32]8,18,4)([33]8,2,7)([34]27,30,4)([35]0,26,3)([36]6,10,2)([37]15,20,2)([38]10,13,4)([39]21,7,7)([40]16,38,3)([41]1,3,3)([42]39,4,2)([43]33,37,3)([44]43,32,5)([45]8,18,1)([46]24,22,0)([47]2,33,4)([48]16,2,6)([49]6,41,4)([50]22,13,5)([51]40,39,7)([52]30,44,5)([53]45,17,0)([54]46,14,6)([55]17,18,5)([56]18,6,5)([57]9,48,4)([58]54,37,3)([59]44,51,5)([60]3,58,1)([61]57,36,7)([62]45,51,3)([63]5,45,0)([64]31,15,6)([65]49,53,7)([66]38,0,1)([67]7,53,6)([68]58,15,1)([69]60,24,2)([70]65,10,6)([71]23,22,0)([72]32,6,7)([73]47,12,3)([74]50,58,7)([75]52,74,5)([76]75,65,3)([77]16,72,2)([78]61,42,5)([79]28,76,7)([80]78,79,2)([81]40,60,6)([82]21,11,4)([83]66,22,1)([84]83,53,5)([85]60,10,1)([86]59,80,4)(86)
evaluations: 44322763
first invidual area: 153.23
{7,1,80,1,2,1,8}([7]0,1,6)([8]6,2,0)([9]2,5,2)([10]6,3,3)([11]4,4,3)([12]5,5,3)([13]0,12,4)([14]0,9,3)([15]2,7,6)([16]10,13,3)([17]8,13,1)([18]4,15,7)([19]13,2,6)([20]2,18,4)([21]18,3,4)([22]9,0,5)([23]4,1,4)([24]12,5,2)([25]13,23,5)([26]19,4,5)([27]23,3,4)([28]6,1,7)([29]6,15,1)([30]28,7,3)([31]3,3,6)([32]12,18,4)([33]23,3,4)([34]7,28,7)([35]10,23,6)([36]13,15,2)([37]1,36,2)([38]14,10,4)([39]21,7,4)([40]32,22,5)([41]1,3,6)([42]39,4,2)([43]20,36,3)([44]43,32,5)([45]40,40,5)([46]39,16,7)([47]33,16,0)([48]3,5,7)([49]39,39,6)([50]30,13,5)([51]32,17,5)([52]38,44,5)([53]28,41,6)([54]23,9,6)([55]11,52,4)([56]5,6,5)([57]9,19,3)([58]54,37,6)([59]44,46,5)([60]16,33,7)([61]32,34,3)([62]51,41,5)([63]6,41,7)([64]53,61,7)([65]63,12,4)([66]26,40,2)([67]35,65,4)([68]55,33,2)([69]42,32,7)([70]50,25,0)([71]6,57,7)([72]44,54,2)([73]15,20,1)([74]70,58,4)([75]52,74,5)([76]75,65,3)([77]8,15,2)([78]71,42,5)([79]28,76,4)([80]78,79,5)([81]78,38,6)([82]34,44,5)([83]29,35,2)([84]36,55,4)([85]51,60,1)([86]59,80,7)(86)
optimized area: 127.91
time: 997948 ms
seed: 1635601642
{7,1,80,1,2,1,8}([7]2,3,3)([8]1,7,7)([9]2,7,0)([10]5,3,4)([11]4,4,2)([12]11,8,3)([13]1,6,7)([14]3,0,7)([15]10,8,7)([16]3,9,2)([17]12,10,4)([18]13,8,1)([19]0,6,1)([20]14,5,5)([21]20,7,6)([22]0,1,2)([23]4,21,7)([24]11,14,3)([25]10,7,3)([26]2,14,2)([27]16,4,7)([28]15,20,7)([29]6,17,6)([30]6,26,7)([31]29,24,4)([32]27,13,1)([33]2,25,0)([34]32,6,3)([35]30,19,0)([36]26,19,0)([37]22,28,5)([38]9,13,3)([39]26,37,4)([40]27,1,4)([41]35,18,5)([42]4,27,2)([43]28,18,5)([44]14,14,3)([45]43,32,3)([46]24,32,4)([47]13,33,1)([48]39,42,6)([49]47,48,4)([50]0,36,6)([51]20,46,5)([52]10,49,6)([53]45,40,5)([54]28,26,1)([55]12,17,7)([56]12,52,4)([57]31,49,3)([58]39,57,4)([59]53,56,3)([60]23,53,2)([61]53,5,2)([62]17,4,0)([63]46,57,4)([64]40,16,2)([65]42,11,4)([66]34,37,3)([67]36,18,4)([68]48,65,4)([69]59,28,1)([70]65,20,0)([71]22,14,6)([72]64,33,4)([73]61,51,6)([74]56,17,0)([75]50,34,0)([76]60,58,4)([77]60,76,7)([78]8,76,4)([79]73,56,6)([80]58,46,0)([81]76,79,3)([82]72,40,5)([83]78,54,6)([84]79,25,1)([85]68,45,3)([86]53,58,3)(81)
evaluations: 45215491
first invidual area: 135.40
{7,1,80,1,2,1,8}([7]2,3,3)([8]1,7,7)([9]3,2,5)([10]5,3,4)([11]4,4,2)([12]11,8,3)([13]10,3,7)([14]3,0,7)([15]10,8,7)([16]2,4,3)([17]10,12,4)([18]14,11,0)([19]16,14,7)([20]18,10,5)([21]20,7,6)([22]0,1,2)([23]19,14,0)([24]14,4,3)([25]5,6,5)([26]2,18,5)([27]11,9,4)([28]1,0,0)([29]6,17,6)([30]0,22,6)([31]29,24,4)([32]14,15,3)([33]12,19,4)([34]28,6,4)([35]4,21,7)([36]34,9,6)([37]32,22,5)([38]35,34,7)([39]26,37,7)([40]27,28,4)([41]13,39,1)([42]8,35,7)([43]15,6,5)([44]10,1,5)([45]43,1,3)([46]43,18,5)([47]6,7,4)([48]39,36,6)([49]34,48,4)([50]0,30,7)([51]31,27,4)([52]10,49,6)([53]45,40,5)([54]20,6,2)([55]9,46,6)([56]12,52,4)([57]31,49,6)([58]39,57,7)([59]32,14,5)([60]35,53,5)([61]5,53,2)([62]20,28,6)([63]55,1,7)([64]52,48,4)([65]1,63,5)([66]10,0,4)([67]57,40,5)([68]64,36,4)([69]21,66,3)([70]25,45,7)([71]45,58,2)([72]32,14,3)([73]61,51,6)([74]29,48,1)([75]10,24,2)([76]60,58,7)([77]35,49,3)([78]71,8,6)([79]73,56,6)([80]42,64,3)([81]68,5,5)([82]34,51,0)([83]6,37,7)([84]34,63,5)([85]11,16,5)([86]76,79,3)(86)
optimized area: 125.57
time: 1082282 ms
seed: 1635649332
NOT FOUND
time: 1059510 ms
seed: 1635697093
NOT FOUND
time: 1056390 ms
seed: 1635744385
NOT FOUND
time: 1083487 ms
seed: 1635791438
NOT FOUND
time: 1073021 ms
