seed: 1633870531
{7,1,80,1,2,1,8}([7]6,4,6)([8]1,0,0)([9]7,1,4)([10]0,4,4)([11]1,2,4)([12]5,11,7)([13]6,12,2)([14]13,5,7)([15]8,10,2)([16]13,2,6)([17]15,13,2)([18]12,3,1)([19]18,5,3)([20]4,3,7)([21]6,10,7)([22]3,6,7)([23]11,16,5)([24]3,10,4)([25]19,23,2)([26]5,17,6)([27]23,26,5)([28]26,0,6)([29]25,9,7)([30]15,25,0)([31]26,3,4)([32]0,29,5)([33]25,14,3)([34]32,26,7)([35]22,33,5)([36]20,35,5)([37]12,34,7)([38]29,6,4)([39]0,23,6)([40]15,25,1)([41]26,6,2)([42]16,7,6)([43]29,21,1)([44]1,35,6)([45]20,42,2)([46]45,44,6)([47]23,20,4)([48]31,40,2)([49]43,21,5)([50]28,45,3)([51]8,34,2)([52]2,23,3)([53]16,34,0)([54]15,14,1)([55]18,25,0)([56]34,5,4)([57]21,16,3)([58]3,3,6)([59]50,37,6)([60]23,55,2)([61]9,14,2)([62]49,44,2)([63]49,15,2)([64]36,59,4)([65]44,3,2)([66]32,63,5)([67]28,64,4)([68]13,63,7)([69]43,27,6)([70]28,40,5)([71]64,62,4)([72]13,65,2)([73]10,69,1)([74]14,70,3)([75]29,42,6)([76]46,74,6)([77]3,40,3)([78]53,14,1)([79]52,36,5)([80]3,74,2)([81]36,42,4)([82]4,66,3)([83]56,82,3)([84]50,26,7)([85]71,76,7)([86]84,20,5)(85)
evaluations: 13514155
first invidual area: 125.54
{7,1,80,1,2,1,8}([7]4,6,6)([8]7,1,4)([9]3,6,7)([10]9,9,6)([11]2,1,4)([12]5,11,7)([13]6,12,2)([14]13,5,6)([15]8,3,2)([16]2,13,6)([17]15,13,2)([18]11,13,4)([19]5,11,3)([20]3,4,7)([21]15,12,1)([22]17,11,3)([23]22,16,5)([24]20,0,4)([25]23,19,2)([26]14,25,3)([27]1,22,1)([28]14,0,6)([29]25,8,7)([30]28,17,4)([31]19,23,4)([32]0,29,5)([33]7,16,6)([34]22,32,4)([35]26,9,5)([36]17,4,0)([37]20,35,5)([38]28,21,5)([39]5,15,4)([40]29,2,1)([41]17,29,1)([42]12,4,2)([43]29,14,4)([44]1,35,6)([45]20,33,2)([46]34,28,3)([47]10,39,5)([48]0,23,1)([49]30,36,0)([50]46,45,6)([51]2,30,1)([52]45,44,6)([53]40,24,5)([54]6,29,1)([55]28,43,3)([56]16,39,0)([57]30,29,6)([58]56,31,3)([59]7,16,3)([60]23,45,7)([61]55,23,0)([62]44,53,5)([63]4,6,0)([64]11,1,4)([65]50,37,7)([66]26,45,3)([67]47,62,6)([68]48,18,2)([69]45,0,7)([70]16,39,3)([71]62,65,4)([72]6,39,5)([73]59,41,0)([74]52,38,3)([75]19,21,4)([76]13,74,6)([77]61,14,5)([78]4,55,2)([79]2,77,5)([80]66,13,5)([81]8,35,5)([82]7,71,1)([83]76,15,3)([84]59,43,2)([85]71,76,7)([86]68,18,3)(85)
optimized area: 111.94
time: 670908 ms
seed: 1634008162
{7,1,80,1,2,1,8}([7]4,3,4)([8]4,6,6)([9]0,4,3)([10]7,8,3)([11]1,8,3)([12]11,4,3)([13]9,5,5)([14]11,10,7)([15]2,0,5)([16]8,6,1)([17]3,4,5)([18]5,17,4)([19]5,2,5)([20]7,15,2)([21]18,1,2)([22]14,0,7)([23]8,15,4)([24]21,8,4)([25]15,24,6)([26]7,0,4)([27]11,6,7)([28]12,26,2)([29]4,24,2)([30]16,20,7)([31]13,1,4)([32]4,26,1)([33]27,26,3)([34]7,27,3)([35]19,16,2)([36]2,31,4)([37]34,21,6)([38]22,2,6)([39]28,35,6)([40]6,38,3)([41]40,33,2)([42]28,2,5)([43]42,24,1)([44]11,42,4)([45]10,13,2)([46]29,20,6)([47]17,4,4)([48]36,18,6)([49]37,17,3)([50]30,26,3)([51]48,37,4)([52]33,12,7)([53]31,25,1)([54]45,33,2)([55]30,9,4)([56]44,41,7)([57]41,2,6)([58]39,46,4)([59]25,54,7)([60]13,12,4)([61]58,19,0)([62]6,26,7)([63]28,53,4)([64]56,36,6)([65]62,41,4)([66]64,57,7)([67]16,10,1)([68]4,34,3)([69]55,63,2)([70]66,51,6)([71]52,47,0)([72]43,58,5)([73]25,1,0)([74]52,56,7)([75]1,59,0)([76]61,70,4)([77]73,72,0)([78]74,38,4)([79]65,39,1)([80]1,27,4)([81]66,12,6)([82]17,67,0)([83]76,25,3)([84]11,14,5)([85]81,51,1)([86]33,52,2)(83)
evaluations: 23234808
first invidual area: 137.26
{7,1,80,1,2,1,8}([7]3,4,4)([8]6,4,6)([9]4,0,3)([10]5,9,5)([11]8,1,3)([12]7,0,4)([13]0,11,0)([14]2,10,4)([15]2,13,5)([16]11,9,3)([17]3,4,5)([18]17,5,4)([19]2,5,5)([20]7,15,2)([21]18,1,2)([22]15,17,0)([23]21,8,4)([24]8,1,1)([25]23,15,6)([26]11,12,4)([27]6,11,7)([28]16,12,2)([29]24,19,2)([30]21,27,3)([31]27,27,3)([32]14,1,4)([33]29,28,6)([34]19,4,0)([35]18,12,2)([36]28,2,5)([37]30,20,6)([38]2,26,6)([39]38,6,3)([40]31,12,3)([41]39,40,2)([42]21,4,2)([43]41,36,7)([44]13,43,0)([45]37,14,7)([46]42,20,3)([47]11,43,4)([48]32,18,6)([49]16,41,3)([50]33,46,7)([51]28,17,0)([52]48,37,4)([53]47,32,6)([54]52,19,2)([55]44,30,6)([56]7,51,7)([57]41,2,3)([58]36,32,2)([59]34,15,5)([60]41,20,0)([61]42,11,2)([62]31,6,7)([63]56,28,3)([64]37,28,6)([65]7,14,6)([66]53,57,4)([67]23,52,0)([68]60,44,0)([69]58,60,0)([70]66,52,3)([71]61,62,0)([72]9,49,4)([73]71,20,7)([74]9,50,5)([75]63,63,7)([76]50,70,7)([77]52,28,1)([78]38,39,3)([79]8,4,7)([80]39,0,0)([81]38,52,6)([82]9,78,2)([83]76,25,3)([84]75,2,6)([85]7,76,0)([86]74,58,3)(83)
optimized area: 130.23
time: 619664 ms
seed: 1634056981
{7,1,80,1,2,1,8}([7]2,6,4)([8]4,1,4)([9]2,6,5)([10]4,0,3)([11]4,8,2)([12]3,3,6)([13]6,4,3)([14]7,1,7)([15]8,5,7)([16]8,12,3)([17]11,14,6)([18]15,17,6)([19]7,3,4)([20]10,2,7)([21]9,14,7)([22]12,21,5)([23]2,16,7)([24]7,4,7)([25]20,17,5)([26]11,18,3)([27]26,3,4)([28]15,20,7)([29]20,0,5)([30]25,26,7)([31]30,23,4)([32]9,11,1)([33]6,27,4)([34]0,4,5)([35]27,33,5)([36]25,19,7)([37]33,4,2)([38]28,20,2)([39]2,34,4)([40]36,5,6)([41]34,33,4)([42]31,41,4)([43]41,28,7)([44]34,22,3)([45]43,30,7)([46]32,44,3)([47]22,38,7)([48]18,46,3)([49]0,41,0)([50]46,4,6)([51]23,13,2)([52]46,28,4)([53]52,47,3)([54]18,50,7)([55]22,7,1)([56]18,33,5)([57]18,50,2)([58]46,56,2)([59]43,57,5)([60]10,43,1)([61]16,18,2)([62]16,41,2)([63]58,42,5)([64]40,44,2)([65]34,38,5)([66]27,34,1)([67]7,23,0)([68]37,26,1)([69]51,21,7)([70]31,29,6)([71]43,52,7)([72]63,53,3)([73]40,23,3)([74]26,4,5)([75]64,70,3)([76]69,60,2)([77]73,27,6)([78]52,58,7)([79]25,3,3)([80]75,77,6)([81]29,12,0)([82]72,80,4)([83]30,45,5)([84]46,35,0)([85]10,79,5)([86]5,64,6)(82)
evaluations: 32547206
first invidual area: 150.40
{7,1,80,1,2,1,8}([7]2,6,4)([8]1,4,4)([9]4,0,6)([10]0,4,5)([11]8,4,2)([12]3,3,1)([13]6,1,7)([14]1,7,7)([15]5,8,7)([16]12,8,6)([17]11,14,6)([18]15,17,6)([19]7,3,7)([20]2,9,4)([21]15,20,4)([22]1,9,4)([23]2,16,4)([24]15,22,0)([25]17,20,5)([26]11,18,3)([27]3,26,4)([28]11,10,4)([29]25,26,4)([30]25,23,0)([31]23,29,7)([32]21,25,0)([33]6,27,4)([34]0,28,7)([35]27,3,0)([36]25,19,4)([37]0,26,5)([38]34,36,1)([39]37,35,0)([40]19,28,4)([41]10,33,7)([42]13,12,5)([43]16,8,4)([44]2,16,1)([45]44,20,7)([46]31,41,2)([47]28,42,1)([48]42,15,7)([49]7,13,2)([50]26,37,4)([51]5,36,6)([52]49,32,3)([53]52,48,3)([54]21,52,4)([55]5,0,3)([56]16,14,0)([57]41,35,6)([58]49,40,7)([59]8,30,1)([60]14,21,3)([61]6,3,5)([62]19,17,5)([63]61,41,5)([64]63,31,7)([65]17,47,5)([66]51,39,2)([67]20,0,5)([68]14,50,7)([69]50,61,3)([70]31,67,6)([71]4,70,5)([72]64,53,3)([73]49,32,2)([74]67,13,3)([75]66,70,3)([76]15,41,7)([77]23,27,6)([78]47,64,2)([79]46,38,3)([80]75,77,6)([81]49,0,6)([82]72,80,4)([83]23,8,4)([84]71,76,4)([85]26,60,0)([86]72,59,3)(82)
optimized area: 136.35
time: 603555 ms
seed: 1634171241
{7,1,80,1,2,1,8}([7]4,3,7)([8]3,6,4)([9]7,8,7)([10]7,9,2)([11]10,0,4)([12]6,9,3)([13]12,10,4)([14]12,3,7)([15]7,11,4)([16]10,11,3)([17]0,13,2)([18]1,1,5)([19]5,17,4)([20]18,16,3)([21]2,14,7)([22]1,15,6)([23]19,4,7)([24]0,15,6)([25]19,22,6)([26]18,17,3)([27]6,3,5)([28]21,9,4)([29]19,27,4)([30]25,25,3)([31]1,13,6)([32]28,20,5)([33]30,21,6)([34]2,30,2)([35]23,27,3)([36]32,23,6)([37]33,15,5)([38]1,34,7)([39]11,6,5)([40]17,19,3)([41]35,34,5)([42]22,26,3)([43]11,29,7)([44]22,13,5)([45]34,33,0)([46]42,32,2)([47]43,39,6)([48]42,45,5)([49]43,38,4)([50]9,44,2)([51]32,18,0)([52]39,49,2)([53]36,37,4)([54]38,29,3)([55]46,52,5)([56]27,45,7)([57]16,55,7)([58]54,1,2)([59]46,21,7)([60]16,45,1)([61]30,57,7)([62]15,7,5)([63]47,49,5)([64]13,25,4)([65]54,53,6)([66]41,27,4)([67]12,2,5)([68]64,61,5)([69]51,19,3)([70]45,67,2)([71]28,22,7)([72]68,35,4)([73]61,41,4)([74]35,9,6)([75]6,66,7)([76]11,72,4)([77]18,56,5)([78]32,62,2)([79]68,39,4)([80]5,62,7)([81]0,16,1)([82]54,45,0)([83]22,12,1)([84]39,1,7)([85]39,17,3)([86]65,73,4)(86)
evaluations: 27680089
first invidual area: 146.67
{7,1,80,1,2,1,8}([7]3,4,7)([8]4,6,4)([9]2,3,7)([10]7,8,5)([11]0,10,7)([12]6,4,3)([13]12,11,2)([14]0,13,3)([15]11,7,4)([16]12,10,3)([17]0,13,5)([18]1,3,1)([19]17,5,7)([20]1,15,6)([21]9,12,7)([22]14,16,6)([23]3,6,5)([24]13,6,5)([25]20,19,6)([26]18,14,3)([27]19,15,4)([28]8,21,4)([29]19,23,4)([30]4,23,7)([31]28,9,5)([32]28,26,5)([33]25,21,6)([34]25,2,2)([35]27,1,7)([36]30,32,6)([37]33,15,5)([38]18,34,4)([39]18,13,3)([40]8,30,6)([41]31,34,5)([42]33,33,7)([43]11,29,7)([44]33,18,5)([45]25,14,4)([46]39,32,2)([47]22,31,3)([48]12,25,6)([49]24,33,3)([50]28,23,5)([51]43,38,4)([52]24,51,2)([53]52,46,5)([54]38,29,3)([55]42,54,7)([56]16,49,2)([57]6,24,6)([58]36,37,4)([59]40,43,6)([60]32,18,0)([61]53,45,7)([62]4,31,1)([63]51,4,6)([64]15,14,7)([65]54,58,3)([66]62,27,2)([67]61,37,3)([68]39,10,0)([69]12,25,7)([70]2,54,2)([71]39,10,2)([72]43,64,0)([73]61,41,7)([74]21,28,4)([75]1,65,6)([76]36,70,4)([77]73,65,7)([78]13,27,7)([79]49,66,7)([80]55,32,7)([81]8,70,2)([82]49,77,5)([83]27,39,6)([84]20,31,5)([85]43,35,3)([86]50,11,6)(77)
optimized area: 135.41
time: 666533 ms
seed: 1634218490
NOT FOUND
time: 525541 ms
seed: 1634315588
NOT FOUND
time: 527096 ms
seed: 1634356077
{7,1,80,1,2,1,8}([7]2,6,7)([8]2,4,0)([9]7,1,2)([10]5,6,6)([11]9,10,4)([12]11,4,7)([13]4,3,4)([14]7,13,7)([15]12,7,5)([16]0,15,4)([17]3,7,7)([18]13,11,2)([19]5,13,5)([20]8,15,7)([21]20,16,2)([22]6,17,6)([23]15,11,7)([24]8,19,3)([25]13,22,7)([26]13,24,0)([27]8,0,7)([28]19,9,7)([29]11,20,2)([30]1,28,6)([31]23,30,3)([32]1,1,2)([33]30,3,7)([34]27,1,6)([35]17,11,7)([36]13,33,2)([37]4,8,3)([38]33,7,2)([39]18,25,1)([40]25,28,4)([41]27,24,3)([42]5,6,4)([43]12,11,0)([44]21,24,7)([45]42,19,5)([46]31,14,6)([47]1,19,1)([48]46,40,3)([49]40,36,7)([50]45,36,3)([51]11,19,2)([52]36,51,2)([53]3,50,4)([54]0,53,3)([55]46,31,5)([56]18,46,4)([57]42,10,0)([58]25,0,2)([59]53,31,6)([60]45,28,1)([61]20,53,6)([62]54,33,5)([63]38,9,4)([64]12,22,3)([65]11,1,5)([66]51,60,1)([67]48,15,3)([68]40,23,5)([69]57,46,0)([70]29,20,2)([71]4,64,2)([72]62,56,4)([73]0,48,6)([74]44,59,6)([75]55,12,5)([76]20,0,4)([77]52,74,7)([78]23,5,2)([79]56,7,5)([80]11,0,7)([81]72,73,2)([82]23,63,2)([83]81,77,7)([84]37,80,4)([85]5,78,6)([86]43,58,0)(83)
evaluations: 10876658
first invidual area: 145.74
{7,1,80,1,2,1,8}([7]6,2,7)([8]3,4,4)([9]1,7,2)([10]5,6,3)([11]10,9,7)([12]4,11,7)([13]6,5,4)([14]11,8,5)([15]12,7,5)([16]0,2,4)([17]11,15,7)([18]2,15,7)([19]5,8,5)([20]3,2,4)([21]16,18,5)([22]20,6,6)([23]22,1,6)([24]19,2,6)([25]22,8,3)([26]24,1,5)([27]25,4,3)([28]18,23,1)([29]28,23,2)([30]6,15,3)([31]17,23,3)([32]21,25,2)([33]1,3,4)([34]28,18,4)([35]25,16,2)([36]33,8,2)([37]24,22,4)([38]24,21,7)([39]13,19,5)([40]22,3,7)([41]34,25,4)([42]36,19,2)([43]20,27,7)([44]15,42,0)([45]41,9,0)([46]31,35,6)([47]33,26,4)([48]13,42,2)([49]45,11,3)([50]39,36,3)([51]19,24,6)([52]19,25,5)([53]3,50,4)([54]47,30,2)([55]14,46,4)([56]15,40,1)([57]37,51,3)([58]52,9,4)([59]27,21,6)([60]39,57,7)([61]35,9,4)([62]46,0,3)([63]42,11,5)([64]57,4,0)([65]9,20,2)([66]53,33,5)([67]53,31,6)([68]18,65,3)([69]6,33,6)([70]3,11,7)([71]45,16,3)([72]66,14,7)([73]62,58,6)([74]38,67,3)([75]57,1,6)([76]16,58,7)([77]63,74,7)([78]23,76,5)([79]73,47,7)([80]17,47,0)([81]73,72,5)([82]47,20,4)([83]77,81,4)([84]28,8,4)([85]46,66,2)([86]50,43,4)(83)
optimized area: 129.31
time: 691684 ms
seed: 1634404987
NOT FOUND
time: 523654 ms
seed: 1634454039
{7,1,80,1,2,1,8}([7]0,4,7)([8]3,7,6)([9]4,8,5)([10]1,4,4)([11]5,2,4)([12]5,11,2)([13]2,0,3)([14]12,13,7)([15]6,8,3)([16]3,11,5)([17]6,5,2)([18]15,7,3)([19]14,7,7)([20]6,19,4)([21]10,9,2)([22]1,18,1)([23]17,7,4)([24]16,21,7)([25]24,19,5)([26]5,25,4)([27]26,1,2)([28]9,11,5)([29]3,4,6)([30]3,28,2)([31]28,18,4)([32]30,22,3)([33]4,6,7)([34]2,0,5)([35]32,32,2)([36]25,7,5)([37]4,23,1)([38]18,33,6)([39]30,23,2)([40]15,19,3)([41]6,35,5)([42]27,41,7)([43]15,27,3)([44]10,31,4)([45]43,4,7)([46]39,44,6)([47]37,16,1)([48]36,41,5)([49]11,24,0)([50]29,42,5)([51]46,5,4)([52]34,16,5)([53]23,12,4)([54]1,1,6)([55]24,50,4)([56]18,43,5)([57]30,48,5)([58]39,20,5)([59]8,5,6)([60]55,42,4)([61]17,1,0)([62]37,34,7)([63]52,3,2)([64]50,56,4)([65]31,55,6)([66]9,44,7)([67]51,60,6)([68]16,66,5)([69]64,20,2)([70]36,8,5)([71]69,33,7)([72]71,67,4)([73]8,17,6)([74]56,69,4)([75]19,42,7)([76]61,70,4)([77]74,73,1)([78]72,12,3)([79]39,0,2)([80]19,76,4)([81]80,21,6)([82]11,26,6)([83]33,43,2)([84]44,1,0)([85]15,71,6)([86]1,14,4)(72)
evaluations: 24529820
first invidual area: 141.04
{7,1,80,1,2,1,8}([7]4,0,7)([8]3,7,6)([9]4,8,5)([10]4,1,4)([11]2,5,4)([12]11,5,5)([13]0,2,6)([14]7,12,4)([15]6,8,3)([16]11,3,5)([17]7,0,6)([18]15,7,3)([19]13,14,4)([20]6,19,4)([21]4,6,4)([22]1,12,1)([23]16,9,5)([24]23,10,4)([25]24,19,5)([26]25,5,4)([27]1,26,5)([28]9,11,5)([29]25,5,5)([30]3,16,2)([31]18,28,4)([32]22,30,3)([33]29,7,7)([34]22,19,0)([35]8,26,4)([36]32,6,5)([37]33,3,7)([38]0,3,0)([39]30,33,2)([40]9,27,6)([41]5,38,2)([42]27,36,4)([43]21,29,5)([44]31,10,4)([45]24,31,6)([46]14,29,1)([47]39,44,3)([48]3,4,6)([49]47,5,4)([50]48,42,5)([51]12,33,5)([52]47,5,7)([53]12,9,2)([54]42,15,3)([55]24,50,7)([56]18,54,2)([57]37,35,2)([58]49,28,7)([59]5,15,1)([60]42,55,7)([61]20,51,1)([62]35,19,4)([63]2,20,7)([64]20,56,2)([65]64,50,5)([66]27,46,0)([67]52,60,3)([68]57,50,5)([69]32,10,5)([70]12,22,0)([71]65,21,4)([72]54,55,1)([73]27,32,3)([74]35,2,5)([75]65,48,2)([76]67,37,4)([77]32,20,4)([78]5,0,3)([79]18,66,6)([80]77,65,0)([81]71,67,4)([82]24,54,6)([83]0,71,7)([84]38,33,3)([85]39,60,6)([86]8,28,5)(81)
optimized area: 136.81
time: 642236 ms
seed: 1634514281
NOT FOUND
time: 520473 ms
seed: 1634613540
NOT FOUND
time: 530690 ms
seed: 1635140472
{7,1,80,1,2,1,8}([7]0,5,4)([8]1,7,6)([9]3,6,4)([10]4,2,7)([11]1,3,2)([12]2,6,0)([13]4,0,6)([14]8,9,5)([15]2,9,4)([16]5,2,2)([17]10,11,3)([18]13,2,4)([19]3,13,7)([20]3,8,7)([21]1,9,3)([22]15,19,3)([23]21,13,6)([24]15,19,5)([25]19,17,7)([26]18,14,3)([27]12,23,5)([28]5,25,1)([29]1,25,1)([30]13,5,4)([31]10,4,6)([32]27,16,0)([33]31,16,5)([34]25,8,3)([35]6,31,7)([36]30,23,3)([37]4,1,3)([38]22,26,2)([39]38,3,1)([40]36,34,4)([41]16,24,2)([42]12,20,3)([43]33,16,3)([44]41,36,6)([45]10,24,7)([46]36,35,2)([47]22,4,6)([48]42,47,4)([49]44,0,3)([50]22,37,7)([51]46,1,4)([52]4,50,1)([53]40,51,5)([54]44,42,5)([55]49,48,7)([56]1,52,1)([57]25,44,7)([58]38,50,6)([59]13,46,2)([60]43,37,3)([61]9,15,2)([62]3,19,1)([63]42,36,1)([64]11,30,0)([65]14,18,6)([66]6,0,3)([67]2,62,2)([68]66,37,4)([69]45,68,3)([70]55,58,3)([71]57,10,2)([72]29,69,4)([73]59,6,5)([74]22,42,1)([75]51,24,6)([76]70,53,2)([77]64,37,4)([78]6,1,2)([79]29,56,3)([80]34,35,7)([81]66,34,0)([82]5,67,5)([83]36,9,1)([84]55,10,6)([85]75,38,1)([86]84,52,2)(76)
evaluations: 19885659
first invidual area: 129.78
{7,1,80,1,2,1,8}([7]0,5,4)([8]7,1,6)([9]3,6,4)([10]3,8,7)([11]2,4,7)([12]2,9,4)([13]4,0,6)([14]1,3,2)([15]5,1,3)([16]11,5,0)([17]8,7,2)([18]14,11,6)([19]13,3,7)([20]18,6,0)([21]13,5,7)([22]12,19,3)([23]18,19,4)([24]15,0,5)([25]7,6,4)([26]8,19,5)([27]10,2,3)([28]3,12,5)([29]28,9,5)([30]9,15,3)([31]24,0,4)([32]21,29,6)([33]8,23,3)([34]4,11,6)([35]6,34,7)([36]21,30,5)([37]4,1,3)([38]37,32,6)([39]24,15,4)([40]9,4,7)([41]34,28,2)([42]35,0,1)([43]27,22,7)([44]36,41,6)([45]44,43,1)([46]36,35,5)([47]38,12,1)([48]33,36,4)([49]44,0,3)([50]22,37,7)([51]46,1,7)([52]12,33,4)([53]51,48,5)([54]24,20,3)([55]49,43,7)([56]27,31,3)([57]25,14,0)([58]38,50,6)([59]47,45,2)([60]57,49,1)([61]42,9,7)([62]40,18,6)([63]20,8,3)([64]60,7,1)([65]30,51,2)([66]39,28,4)([67]18,61,1)([68]58,29,6)([69]15,1,4)([70]58,55,3)([71]44,28,3)([72]3,43,1)([73]17,16,6)([74]33,43,7)([75]45,0,6)([76]36,10,3)([77]70,53,2)([78]40,8,6)([79]27,34,5)([80]7,69,4)([81]68,56,2)([82]10,10,3)([83]55,29,2)([84]4,49,5)([85]29,82,2)([86]31,60,4)(77)
optimized area: 119.47
time: 605154 ms
seed: 1635189602
NOT FOUND
time: 525695 ms
seed: 1635338916
{7,1,80,1,2,1,8}([7]2,5,4)([8]6,5,2)([9]0,1,3)([10]9,8,4)([11]7,10,3)([12]4,1,3)([13]0,2,4)([14]7,4,7)([15]3,14,4)([16]6,12,3)([17]6,5,3)([18]14,2,2)([19]6,2,7)([20]13,9,5)([21]0,20,0)([22]15,11,5)([23]1,4,5)([24]16,22,4)([25]12,13,5)([26]7,10,6)([27]26,14,4)([28]27,1,5)([29]5,9,3)([30]6,7,1)([31]7,22,7)([32]17,9,3)([33]31,16,2)([34]7,17,6)([35]5,24,4)([36]21,23,4)([37]15,23,4)([38]18,28,7)([39]35,21,2)([40]6,37,5)([41]39,33,3)([42]35,8,3)([43]23,29,4)([44]34,2,6)([45]10,19,5)([46]4,30,5)([47]20,6,2)([48]25,44,6)([49]41,8,0)([50]4,9,7)([51]29,34,2)([52]48,40,5)([53]35,19,0)([54]48,11,2)([55]20,38,2)([56]40,44,2)([57]2,33,2)([58]29,15,1)([59]2,36,3)([60]55,19,5)([61]9,29,0)([62]49,28,5)([63]48,11,6)([64]22,53,5)([65]59,4,5)([66]62,51,4)([67]0,31,6)([68]52,30,1)([69]42,36,3)([70]68,50,4)([71]40,43,4)([72]18,46,2)([73]46,44,1)([74]42,60,7)([75]3,60,7)([76]54,66,3)([77]72,41,2)([78]71,74,3)([79]0,67,1)([80]54,72,0)([81]24,61,7)([82]11,77,6)([83]11,7,2)([84]78,76,5)([85]5,11,5)([86]56,62,4)(84)
evaluations: 43126306
first invidual area: 141.01
{7,1,80,1,2,1,8}([7]5,2,4)([8]5,6,5)([9]0,1,3)([10]9,8,2)([11]7,10,3)([12]1,4,3)([13]2,0,4)([14]7,4,7)([15]3,14,4)([16]6,12,3)([17]9,0,4)([18]14,6,5)([19]6,5,3)([20]13,9,5)([21]15,7,4)([22]11,15,5)([23]1,4,5)([24]22,16,4)([25]12,13,5)([26]19,22,6)([27]14,11,7)([28]27,1,5)([29]5,10,3)([30]13,19,6)([31]12,2,6)([32]31,0,5)([33]21,16,2)([34]7,19,6)([35]5,24,4)([36]32,35,4)([37]15,23,4)([38]28,6,1)([39]35,0,2)([40]6,37,5)([41]39,33,3)([42]10,2,5)([43]23,29,5)([44]34,2,6)([45]18,28,4)([46]32,43,4)([47]26,29,5)([48]29,28,7)([49]33,6,3)([50]44,16,0)([51]26,50,3)([52]6,37,3)([53]8,5,4)([54]47,16,5)([55]20,45,2)([56]25,50,6)([57]41,7,7)([58]43,55,6)([59]52,18,3)([60]55,19,5)([61]55,32,6)([62]28,41,5)([63]9,57,0)([64]57,12,6)([65]44,42,1)([66]34,9,5)([67]26,52,5)([68]30,38,5)([69]9,44,2)([70]20,25,4)([71]40,43,4)([72]62,66,7)([73]65,70,6)([74]35,60,7)([75]70,56,5)([76]56,72,3)([77]61,64,0)([78]71,74,3)([79]40,12,6)([80]59,48,6)([81]44,5,2)([82]28,73,6)([83]38,58,6)([84]78,76,5)([85]35,21,2)([86]41,71,1)(84)
optimized area: 122.72
time: 1010790 ms
seed: 1635620649
NOT FOUND
time: 1058586 ms
seed: 1635668280
{7,1,80,1,2,1,8}([7]1,4,7)([8]0,6,6)([9]8,2,4)([10]0,1,0)([11]5,3,4)([12]7,2,3)([13]10,9,5)([14]11,9,7)([15]4,3,5)([16]9,8,7)([17]12,8,2)([18]6,17,1)([19]3,16,4)([20]13,12,5)([21]0,7,6)([22]4,11,4)([23]20,18,4)([24]8,16,7)([25]7,19,2)([26]25,22,4)([27]21,14,5)([28]18,12,3)([29]17,3,4)([30]23,4,4)([31]27,30,7)([32]0,5,3)([33]30,3,7)([34]20,7,2)([35]24,20,2)([36]22,10,0)([37]12,0,5)([38]32,14,6)([39]20,15,7)([40]20,26,6)([41]38,39,3)([42]1,28,4)([43]38,13,4)([44]42,29,6)([45]44,22,2)([46]28,33,7)([47]45,33,4)([48]21,38,4)([49]31,11,5)([50]29,36,0)([51]5,7,6)([52]41,49,7)([53]3,16,7)([54]49,34,5)([55]51,33,6)([56]44,46,3)([57]26,48,0)([58]57,32,1)([59]44,48,5)([60]27,12,3)([61]24,16,6)([62]27,45,2)([63]52,17,3)([64]55,58,2)([65]64,63,6)([66]55,29,2)([67]60,53,7)([68]18,7,2)([69]58,44,0)([70]43,62,4)([71]66,70,6)([72]42,8,0)([73]64,65,7)([74]7,24,0)([75]15,23,4)([76]17,35,6)([77]44,42,5)([78]66,4,2)([79]17,9,6)([80]26,72,4)([81]32,47,5)([82]7,1,5)([83]71,65,3)([84]23,1,7)([85]55,47,6)([86]29,33,2)(83)
evaluations: 29103094
first invidual area: 143.37
{7,1,80,1,2,1,8}([7]4,1,7)([8]4,6,4)([9]2,6,4)([10]4,3,5)([11]5,3,4)([12]2,7,3)([13]2,0,5)([14]9,11,4)([15]5,6,5)([16]6,0,6)([17]3,10,1)([18]7,13,0)([19]9,6,5)([20]12,13,5)([21]18,0,6)([22]11,4,4)([23]10,1,6)([24]16,21,2)([25]7,19,5)([26]25,22,4)([27]14,21,5)([28]13,4,1)([29]16,3,4)([30]8,20,7)([31]15,13,5)([32]27,20,0)([33]30,3,7)([34]0,14,3)([35]20,29,5)([36]30,32,7)([37]31,26,6)([38]34,5,6)([39]20,10,7)([40]7,5,6)([41]1,10,1)([42]41,19,2)([43]38,28,3)([44]42,29,6)([45]44,32,2)([46]34,27,4)([47]29,43,1)([48]39,38,3)([49]36,11,5)([50]31,34,6)([51]22,45,5)([52]48,49,7)([53]12,16,2)([54]20,9,0)([55]40,33,6)([56]25,18,7)([57]23,16,3)([58]23,25,4)([59]14,44,6)([60]46,34,2)([61]48,7,3)([62]9,47,3)([63]53,52,3)([64]55,26,2)([65]64,63,6)([66]40,0,4)([67]59,9,5)([68]55,29,5)([69]1,8,7)([70]43,51,7)([71]68,70,2)([72]16,55,2)([73]10,21,0)([74]36,69,1)([75]4,43,5)([76]4,62,4)([77]7,54,1)([78]16,0,3)([79]44,56,6)([80]60,57,1)([81]4,67,2)([82]38,31,7)([83]71,65,3)([84]43,3,5)([85]19,78,6)([86]20,29,5)(83)
optimized area: 127.41
time: 1184106 ms
seed: 1635716193
NOT FOUND
time: 1062101 ms
seed: 1635763401
{7,1,80,1,2,1,8}([7]0,4,7)([8]1,7,2)([9]2,0,4)([10]6,1,7)([11]5,1,5)([12]2,1,4)([13]6,3,7)([14]3,8,7)([15]6,2,6)([16]4,2,6)([17]16,11,4)([18]13,17,2)([19]3,15,7)([20]4,12,2)([21]1,18,6)([22]5,18,2)([23]18,7,7)([24]10,4,3)([25]18,24,1)([26]20,2,7)([27]17,15,1)([28]22,12,3)([29]6,17,5)([30]29,22,4)([31]6,23,4)([32]19,11,0)([33]29,11,0)([34]32,14,3)([35]9,34,5)([36]20,6,4)([37]0,31,4)([38]15,34,5)([39]1,34,4)([40]22,34,3)([41]39,25,2)([42]39,14,4)([43]31,4,1)([44]0,41,6)([45]22,3,4)([46]28,10,6)([47]38,14,5)([48]20,43,3)([49]36,17,1)([50]8,42,0)([51]44,31,5)([52]28,44,5)([53]14,40,4)([54]48,18,3)([55]33,44,2)([56]53,5,7)([57]24,23,6)([58]35,24,4)([59]58,30,5)([60]6,18,4)([61]10,46,5)([62]48,50,0)([63]59,48,5)([64]63,10,4)([65]33,12,7)([66]0,63,7)([67]42,46,2)([68]18,46,3)([69]66,55,3)([70]9,21,7)([71]70,56,5)([72]32,40,2)([73]31,25,0)([74]69,71,5)([75]57,40,3)([76]44,14,4)([77]43,16,5)([78]51,8,2)([79]15,45,2)([80]3,60,3)([81]21,0,5)([82]71,45,5)([83]82,53,6)([84]32,3,6)([85]12,68,1)([86]57,78,1)(74)
evaluations: 10578233
first invidual area: 130.72
{7,1,80,1,2,1,8}([7]0,4,7)([8]3,6,7)([9]0,2,4)([10]1,5,5)([11]7,1,5)([12]1,1,0)([13]4,2,6)([14]3,11,4)([15]2,6,6)([16]8,2,1)([17]13,10,4)([18]17,8,2)([19]9,5,5)([20]15,3,7)([21]18,1,3)([22]5,18,2)([23]22,20,6)([24]18,10,2)([25]4,17,0)([26]23,14,3)([27]14,4,3)([28]22,23,3)([29]6,17,5)([30]18,7,7)([31]6,30,7)([32]26,5,4)([33]21,9,4)([34]20,14,3)([35]9,34,5)([36]30,30,2)([37]17,8,2)([38]29,4,2)([39]34,15,4)([40]9,10,7)([41]2,1,4)([42]41,4,2)([43]27,35,2)([44]43,0,6)([45]27,18,4)([46]35,9,5)([47]8,3,5)([48]39,19,4)([49]33,33,1)([50]48,14,4)([51]29,44,2)([52]29,35,3)([53]45,35,3)([54]25,19,3)([55]6,41,0)([56]54,55,5)([57]19,25,4)([58]35,54,4)([59]58,52,5)([60]42,31,3)([61]24,29,3)([62]58,58,7)([63]60,59,5)([64]30,4,7)([65]33,60,2)([66]15,39,5)([67]0,63,7)([68]14,25,5)([69]51,67,3)([70]42,36,4)([71]32,33,5)([72]68,50,3)([73]10,64,7)([74]69,71,5)([75]23,61,5)([76]70,3,2)([77]36,39,4)([78]26,76,6)([79]29,8,7)([80]9,49,1)([81]73,65,1)([82]42,36,2)([83]49,15,1)([84]42,30,0)([85]82,69,3)([86]50,14,3)(74)
optimized area: 117.58
time: 1265979 ms
seed: 1635810338
{7,1,80,1,2,1,8}([7]0,2,7)([8]7,5,5)([9]0,4,4)([10]5,3,3)([11]8,1,5)([12]9,6,5)([13]11,7,4)([14]8,12,3)([15]12,2,6)([16]10,11,7)([17]15,12,3)([18]3,6,3)([19]13,10,7)([20]2,8,5)([21]3,17,5)([22]18,9,6)([23]19,16,3)([24]7,6,6)([25]5,24,4)([26]13,15,3)([27]26,25,6)([28]8,16,1)([29]24,23,7)([30]26,19,0)([31]4,8,7)([32]16,2,5)([33]4,21,7)([34]14,2,0)([35]32,30,4)([36]30,4,3)([37]21,20,3)([38]21,19,5)([39]31,1,4)([40]23,38,1)([41]27,0,3)([42]38,27,6)([43]36,42,1)([44]4,18,1)([45]37,12,0)([46]9,32,1)([47]27,31,5)([48]3,12,7)([49]10,16,1)([50]33,29,3)([51]25,32,4)([52]18,33,5)([53]39,6,7)([54]53,52,2)([55]10,38,0)([56]6,53,5)([57]19,6,1)([58]43,51,7)([59]58,42,3)([60]14,5,1)([61]42,47,6)([62]40,29,2)([63]54,1,2)([64]54,18,5)([65]57,12,6)([66]22,50,3)([67]7,33,2)([68]49,34,3)([69]68,1,2)([70]40,68,6)([71]27,39,4)([72]63,20,5)([73]63,59,6)([74]72,66,4)([75]1,39,2)([76]59,1,1)([77]73,36,2)([78]50,53,3)([79]39,33,2)([80]77,74,3)([81]7,41,3)([82]68,13,2)([83]17,12,4)([84]55,35,1)([85]55,33,3)([86]31,71,2)(80)
evaluations: 26080629
first invidual area: 128.35
{7,1,80,1,2,1,8}([7]0,2,7)([8]7,5,5)([9]0,4,4)([10]5,3,6)([11]1,8,5)([12]6,9,5)([13]12,3,1)([14]7,11,4)([15]3,11,0)([16]10,11,4)([17]16,2,5)([18]15,6,3)([19]13,2,5)([20]7,11,0)([21]19,15,5)([22]5,17,7)([23]9,7,1)([24]6,20,6)([25]19,20,0)([26]6,14,0)([27]21,20,1)([28]16,7,6)([29]28,24,4)([30]16,15,5)([31]28,26,7)([32]4,8,4)([33]27,4,4)([34]27,28,6)([35]14,13,3)([36]24,35,2)([37]33,25,0)([38]35,34,5)([39]16,34,0)([40]9,18,6)([41]3,5,4)([42]38,1,6)([43]3,37,6)([44]42,13,0)([45]37,18,5)([46]32,37,6)([47]42,18,4)([48]1,24,2)([49]8,2,5)([50]10,13,4)([51]39,43,7)([52]22,24,4)([53]32,6,7)([54]53,45,2)([55]40,43,0)([56]31,5,1)([57]21,46,7)([58]29,37,3)([59]52,42,3)([60]41,14,2)([61]58,40,3)([62]20,2,4)([63]54,1,2)([64]57,14,3)([65]63,59,6)([66]23,28,0)([67]6,61,2)([68]37,47,1)([69]4,35,3)([70]57,61,0)([71]52,39,5)([72]63,49,5)([73]55,57,2)([74]14,39,7)([75]72,61,4)([76]72,8,5)([77]69,65,2)([78]7,6,5)([79]36,36,3)([80]33,46,4)([81]20,75,3)([82]37,15,0)([83]0,79,3)([84]22,17,3)([85]61,61,5)([86]77,75,3)(86)
optimized area: 112.87
time: 1208790 ms
seed: 1635853498
{7,1,80,1,2,1,8}([7]1,2,7)([8]3,4,3)([9]3,7,7)([10]9,6,3)([11]6,1,4)([12]0,8,4)([13]3,4,7)([14]6,13,5)([15]14,2,7)([16]13,10,6)([17]15,11,4)([18]6,0,4)([19]5,17,2)([20]9,18,3)([21]3,16,4)([22]3,6,4)([23]22,8,1)([24]22,13,5)([25]17,13,5)([26]0,11,2)([27]5,11,4)([28]20,17,4)([29]4,1,2)([30]12,15,6)([31]21,11,2)([32]2,18,0)([33]5,25,5)([34]0,10,5)([35]27,9,6)([36]6,33,4)([37]22,24,4)([38]9,4,7)([39]35,20,7)([40]31,33,4)([41]18,1,6)([42]40,28,2)([43]3,27,3)([44]2,5,6)([45]42,44,6)([46]37,35,2)([47]31,32,6)([48]37,35,0)([49]27,24,3)([50]30,36,5)([51]22,38,5)([52]38,30,3)([53]45,46,3)([54]18,28,0)([55]22,22,3)([56]49,48,3)([57]1,6,0)([58]34,45,2)([59]34,43,5)([60]46,12,5)([61]38,18,2)([62]20,11,1)([63]50,3,6)([64]52,63,4)([65]64,53,6)([66]39,41,5)([67]58,24,2)([68]24,24,4)([69]26,54,0)([70]52,29,6)([71]46,55,1)([72]67,50,4)([73]65,72,4)([74]19,2,7)([75]47,18,6)([76]52,7,1)([77]25,18,3)([78]48,15,7)([79]45,16,6)([80]72,34,5)([81]79,69,6)([82]2,32,0)([83]55,10,5)([84]51,11,0)([85]57,77,1)([86]18,23,6)(73)
evaluations: 8284167
first invidual area: 140.11
{7,1,80,1,2,1,8}([7]1,2,7)([8]3,4,6)([9]3,7,7)([10]6,9,3)([11]1,6,4)([12]0,8,7)([13]3,4,7)([14]13,6,5)([15]2,14,7)([16]8,10,6)([17]16,12,4)([18]2,5,6)([19]15,3,7)([20]11,15,4)([21]16,3,4)([22]3,6,4)([23]5,16,0)([24]20,14,5)([25]7,2,0)([26]1,25,2)([27]11,23,7)([28]13,22,5)([29]17,9,6)([30]15,12,6)([31]11,21,5)([32]13,20,5)([33]23,32,5)([34]1,1,7)([35]30,13,0)([36]32,34,0)([37]24,4,4)([38]29,20,4)([39]13,13,6)([40]33,31,4)([41]22,10,5)([42]40,38,6)([43]7,13,7)([44]0,10,5)([45]18,42,6)([46]41,27,2)([47]13,32,0)([48]6,33,4)([49]44,23,2)([50]48,30,5)([51]43,30,3)([52]21,21,3)([53]45,46,3)([54]5,52,3)([55]47,39,0)([56]12,19,7)([57]2,4,5)([58]44,45,2)([59]37,50,0)([60]4,27,4)([61]28,58,5)([62]31,24,2)([63]50,22,3)([64]63,51,2)([65]53,64,3)([66]12,57,2)([67]31,61,5)([68]54,61,4)([69]12,42,7)([70]50,28,4)([71]26,5,5)([72]61,50,4)([73]65,72,4)([74]44,4,0)([75]71,41,5)([76]53,68,3)([77]39,57,6)([78]52,53,1)([79]48,72,1)([80]54,7,6)([81]69,4,3)([82]15,76,5)([83]31,72,2)([84]36,27,1)([85]57,7,6)([86]78,64,4)(73)
optimized area: 131.66
time: 1354786 ms
seed: 1635895512
{7,1,80,1,2,1,8}([7]2,0,2)([8]7,6,5)([9]0,2,3)([10]5,1,7)([11]2,5,6)([12]0,5,3)([13]3,12,1)([14]12,9,6)([15]13,6,6)([16]6,2,4)([17]2,11,2)([18]1,12,4)([19]3,1,6)([20]16,18,1)([21]2,10,3)([22]6,3,7)([23]4,13,2)([24]13,18,4)([25]20,24,5)([26]15,21,7)([27]7,26,3)([28]25,9,4)([29]17,4,1)([30]7,18,4)([31]29,27,0)([32]4,7,4)([33]0,5,5)([34]16,16,3)([35]28,27,3)([36]15,13,4)([37]7,19,2)([38]2,23,5)([39]36,20,7)([40]38,0,1)([41]33,36,7)([42]30,24,5)([43]25,14,6)([44]37,35,7)([45]16,4,3)([46]14,41,2)([47]26,16,0)([48]43,15,6)([49]1,45,2)([50]44,3,7)([51]10,4,4)([52]49,41,2)([53]27,11,4)([54]45,52,1)([55]13,45,2)([56]22,32,4)([57]4,56,6)([58]57,47,4)([59]40,18,6)([60]50,56,6)([61]0,12,2)([62]58,45,1)([63]60,12,7)([64]43,53,6)([65]23,64,6)([66]43,34,0)([67]43,8,2)([68]52,64,3)([69]4,20,3)([70]32,1,4)([71]63,38,2)([72]21,11,7)([73]54,61,0)([74]28,45,2)([75]68,71,6)([76]10,45,5)([77]73,51,4)([78]28,8,6)([79]63,76,6)([80]3,62,4)([81]45,40,7)([82]5,37,7)([83]58,75,4)([84]77,48,5)([85]8,78,2)([86]28,39,6)(83)
evaluations: 37724817
first invidual area: 139.62
{7,1,80,1,2,1,8}([7]0,2,2)([8]3,6,5)([9]2,0,3)([10]5,1,7)([11]5,2,3)([12]0,5,3)([13]3,1,1)([14]8,10,7)([15]6,5,0)([16]15,2,4)([17]13,6,7)([18]1,12,7)([19]17,3,5)([20]5,12,1)([21]10,2,6)([22]13,18,7)([23]17,22,1)([24]16,2,1)([25]24,22,5)([26]19,21,7)([27]7,26,3)([28]9,25,4)([29]22,6,1)([30]7,4,4)([31]28,7,1)([32]4,13,6)([33]0,5,5)([34]33,8,7)([35]28,27,6)([36]30,25,6)([37]13,2,2)([38]4,37,5)([39]16,4,3)([40]37,29,2)([41]26,10,1)([42]40,35,3)([43]9,29,6)([44]29,2,0)([45]28,9,6)([46]35,27,4)([47]25,4,1)([48]19,27,5)([49]1,39,2)([50]42,13,4)([51]31,4,1)([52]49,34,2)([53]27,11,7)([54]46,22,6)([55]4,42,0)([56]17,30,7)([57]4,56,3)([58]57,26,4)([59]58,36,3)([60]50,56,3)([61]55,31,7)([62]12,27,5)([63]60,12,4)([64]47,53,6)([65]26,57,4)([66]53,54,7)([67]66,50,5)([68]61,23,4)([69]51,24,1)([70]52,64,3)([71]63,38,2)([72]38,22,3)([73]29,13,4)([74]24,53,0)([75]70,71,6)([76]58,33,0)([77]24,9,4)([78]34,53,1)([79]61,34,3)([80]76,43,2)([81]4,18,2)([82]80,77,7)([83]76,75,7)([84]70,54,1)([85]47,42,0)([86]70,26,1)(83)
optimized area: 129.76
time: 1103568 ms
seed: 1635931737
{7,1,80,1,2,1,8}([7]5,2,5)([8]6,3,5)([9]8,5,7)([10]9,0,2)([11]1,2,6)([12]11,9,7)([13]1,4,2)([14]7,9,4)([15]5,3,5)([16]12,10,6)([17]7,3,7)([18]6,9,1)([19]2,14,7)([20]16,19,6)([21]17,1,2)([22]12,0,3)([23]0,4,4)([24]5,21,7)([25]1,10,3)([26]4,6,7)([27]7,6,4)([28]26,24,4)([29]2,26,4)([30]3,20,7)([31]0,7,6)([32]21,23,4)([33]25,18,1)([34]4,26,3)([35]27,29,3)([36]21,22,7)([37]31,28,3)([38]16,13,4)([39]19,9,4)([40]17,23,6)([41]12,25,2)([42]4,14,4)([43]9,21,2)([44]38,37,5)([45]43,34,6)([46]4,27,7)([47]10,32,7)([48]31,29,6)([49]3,23,7)([50]17,18,2)([51]37,35,6)([52]17,44,3)([53]36,14,3)([54]25,5,1)([55]20,8,4)([56]46,16,7)([57]25,29,1)([58]27,54,4)([59]52,23,4)([60]48,49,6)([61]45,41,7)([62]10,18,1)([63]0,0,7)([64]59,51,3)([65]15,26,6)([66]38,43,0)([67]41,47,2)([68]4,67,6)([69]50,27,2)([70]43,57,4)([71]61,64,5)([72]21,47,0)([73]24,7,4)([74]8,72,5)([75]38,52,6)([76]68,30,7)([77]20,71,2)([78]71,60,6)([79]51,18,6)([80]14,61,7)([81]48,71,0)([82]37,58,4)([83]71,72,3)([84]32,21,4)([85]39,55,5)([86]78,76,4)(86)
evaluations: 36166442
first invidual area: 152.76
{7,1,80,1,2,1,8}([7]5,2,5)([8]3,6,5)([9]8,5,7)([10]9,0,2)([11]2,1,6)([12]9,11,7)([13]4,1,5)([14]7,9,4)([15]3,0,0)([16]12,10,6)([17]3,7,7)([18]7,6,4)([19]14,2,7)([20]16,19,6)([21]1,17,2)([22]19,21,2)([23]0,4,7)([24]2,1,0)([25]1,10,3)([26]4,6,7)([27]21,5,4)([28]26,27,7)([29]2,26,4)([30]29,6,0)([31]8,21,5)([32]0,21,4)([33]20,29,6)([34]4,26,3)([35]18,29,3)([36]30,12,1)([37]24,28,3)([38]16,13,7)([39]22,8,0)([40]16,3,3)([41]12,25,2)([42]1,7,3)([43]11,37,0)([44]37,38,5)([45]34,39,3)([46]25,44,1)([47]1,32,5)([48]34,43,0)([49]20,3,4)([50]7,20,1)([51]28,35,6)([52]17,44,3)([53]2,43,5)([54]22,52,7)([55]15,23,5)([56]31,12,2)([57]52,23,7)([58]11,22,7)([59]39,46,2)([60]57,47,0)([61]45,41,4)([62]12,48,5)([63]35,8,0)([64]57,51,3)([65]41,22,6)([66]46,64,3)([67]41,47,2)([68]4,67,6)([69]23,37,0)([70]62,4,0)([71]61,64,2)([72]64,70,7)([73]55,36,3)([74]27,48,2)([75]41,43,5)([76]68,49,7)([77]23,37,7)([78]71,73,5)([79]40,14,4)([80]56,46,7)([81]8,17,1)([82]35,69,2)([83]80,40,1)([84]48,61,2)([85]30,54,2)([86]78,76,4)(86)
optimized area: 143.37
time: 1145946 ms
seed: 1635967858
{7,1,80,1,2,1,8}([7]2,0,5)([8]4,5,7)([9]4,2,4)([10]2,6,4)([11]8,1,3)([12]0,3,2)([13]3,2,3)([14]9,3,4)([15]14,3,6)([16]0,9,4)([17]8,7,5)([18]6,15,6)([19]14,17,6)([20]11,10,3)([21]4,6,3)([22]5,15,7)([23]16,18,2)([24]7,19,3)([25]10,11,7)([26]22,23,7)([27]23,6,7)([28]17,16,2)([29]23,26,6)([30]4,18,4)([31]30,1,2)([32]14,27,5)([33]0,25,5)([34]23,19,1)([35]17,12,6)([36]3,25,6)([37]19,27,2)([38]20,24,5)([39]19,29,4)([40]39,20,4)([41]16,21,3)([42]7,29,4)([43]36,19,3)([44]13,3,4)([45]23,11,3)([46]11,3,7)([47]38,7,0)([48]43,47,0)([49]5,48,7)([50]12,26,3)([51]27,48,6)([52]33,17,5)([53]19,47,2)([54]28,1,6)([55]51,54,4)([56]30,50,6)([57]25,0,5)([58]48,28,1)([59]30,51,1)([60]14,52,6)([61]18,34,7)([62]59,5,5)([63]52,29,0)([64]51,56,4)([65]27,59,4)([66]34,6,5)([67]41,55,4)([68]49,26,5)([69]24,31,3)([70]29,36,1)([71]35,21,7)([72]9,66,2)([73]36,43,1)([74]72,20,2)([75]61,10,0)([76]66,16,5)([77]40,69,2)([78]58,5,3)([79]35,65,3)([80]5,42,6)([81]44,64,6)([82]37,27,0)([83]54,44,6)([84]81,67,5)([85]43,53,3)([86]84,77,4)(86)
evaluations: 10705840
first invidual area: 139.16
{7,1,80,1,2,1,8}([7]2,0,5)([8]4,5,7)([9]2,4,4)([10]3,0,2)([11]2,6,4)([12]3,7,0)([13]7,8,5)([14]3,9,4)([15]9,14,6)([16]0,9,4)([17]1,11,3)([18]15,6,6)([19]14,13,6)([20]12,8,0)([21]16,18,5)([22]5,15,4)([23]2,2,1)([24]6,16,6)([25]22,15,2)([26]22,21,7)([27]4,11,1)([28]26,22,6)([29]28,19,7)([30]18,4,4)([31]30,1,2)([32]17,8,3)([33]24,27,5)([34]18,30,5)([35]23,0,6)([36]12,31,6)([37]4,36,5)([38]31,7,3)([39]15,5,4)([40]29,32,7)([41]40,38,5)([42]22,36,5)([43]30,10,3)([44]19,36,3)([45]9,20,7)([46]42,7,0)([47]12,21,1)([48]2,16,7)([49]32,9,6)([50]12,3,5)([51]24,44,3)([52]43,26,3)([53]28,16,2)([54]53,1,3)([55]54,52,4)([56]47,42,7)([57]51,52,4)([58]28,56,5)([59]1,33,5)([60]50,6,5)([61]59,47,4)([62]5,53,3)([63]37,53,3)([64]5,52,5)([65]7,14,1)([66]57,50,1)([67]63,4,3)([68]15,22,1)([69]53,38,2)([70]7,60,5)([71]61,11,2)([72]54,12,2)([73]34,34,5)([74]33,55,4)([75]5,64,0)([76]49,5,6)([77]52,19,7)([78]12,68,4)([79]39,71,3)([80]43,77,6)([81]20,23,6)([82]57,81,6)([83]1,0,1)([84]82,74,5)([85]70,82,7)([86]84,41,7)(86)
optimized area: 124.14
time: 1316083 ms
seed: 1636003825
{7,1,80,1,2,1,8}([7]0,4,7)([8]3,1,4)([9]1,0,3)([10]5,7,5)([11]0,1,4)([12]11,6,6)([13]7,1,3)([14]2,0,4)([15]10,9,4)([16]15,8,2)([17]3,7,4)([18]2,8,4)([19]16,0,7)([20]15,17,5)([21]14,6,5)([22]3,6,4)([23]14,20,7)([24]1,7,7)([25]12,10,7)([26]22,23,5)([27]15,5,4)([28]1,25,5)([29]14,28,7)([30]23,11,6)([31]0,24,2)([32]5,9,1)([33]10,4,6)([34]31,31,5)([35]16,21,4)([36]10,24,6)([37]21,5,5)([38]32,23,4)([39]24,27,5)([40]34,32,5)([41]33,29,4)([42]20,32,1)([43]36,26,2)([44]24,18,1)([45]22,17,5)([46]25,39,6)([47]2,45,5)([48]14,38,5)([49]7,37,7)([50]40,47,2)([51]18,48,5)([52]41,12,6)([53]20,46,7)([54]2,53,6)([55]36,12,0)([56]22,12,3)([57]50,17,4)([58]35,54,2)([59]58,22,7)([60]35,28,4)([61]46,15,2)([62]36,44,7)([63]45,59,1)([64]53,16,4)([65]51,49,4)([66]26,29,5)([67]47,27,2)([68]45,60,5)([69]50,1,1)([70]20,37,0)([71]14,44,3)([72]68,65,6)([73]3,30,7)([74]20,13,5)([75]0,63,3)([76]58,72,3)([77]26,50,5)([78]76,77,7)([79]39,51,4)([80]41,25,5)([81]78,75,4)([82]76,27,5)([83]19,60,7)([84]59,3,1)([85]5,65,6)([86]71,29,1)(81)
evaluations: 19802741
first invidual area: 150.39
{7,1,80,1,2,1,8}([7]0,4,7)([8]3,1,4)([9]7,7,0)([10]9,5,5)([11]0,1,4)([12]11,6,3)([13]1,0,6)([14]0,2,4)([15]10,13,7)([16]14,8,5)([17]3,7,4)([18]14,4,2)([19]9,1,7)([20]15,17,5)([21]6,14,5)([22]3,6,4)([23]14,20,7)([24]8,2,4)([25]12,10,4)([26]23,22,5)([27]1,12,0)([28]10,11,3)([29]8,15,5)([30]22,6,7)([31]0,19,2)([32]1,14,1)([33]18,24,7)([34]21,5,5)([35]29,21,7)([36]18,14,5)([37]24,2,1)([38]5,23,7)([39]27,25,5)([40]32,38,5)([41]2,14,5)([42]31,5,3)([43]14,38,5)([44]30,13,0)([45]22,17,5)([46]25,40,3)([47]2,45,5)([48]45,12,1)([49]34,9,4)([50]35,39,4)([51]24,43,5)([52]20,18,4)([53]46,20,5)([54]2,53,6)([55]32,44,5)([56]53,25,0)([57]11,41,4)([58]35,54,2)([59]51,49,7)([60]16,20,0)([61]44,46,1)([62]50,28,7)([63]6,54,7)([64]15,61,5)([65]46,28,1)([66]21,30,4)([67]13,28,2)([68]45,50,5)([69]13,57,0)([70]63,54,0)([71]2,32,4)([72]68,59,6)([73]21,48,1)([74]42,47,2)([75]48,0,3)([76]58,72,3)([77]26,74,5)([78]76,77,7)([79]48,32,2)([80]5,46,5)([81]78,75,4)([82]26,81,1)([83]65,43,7)([84]51,73,2)([85]58,44,0)([86]34,12,3)(81)
optimized area: 141.01
time: 1272623 ms
seed: 1636038347
{7,1,80,1,2,1,8}([7]5,0,7)([8]4,1,4)([9]1,3,2)([10]4,6,7)([11]4,0,3)([12]11,6,4)([13]3,6,0)([14]5,1,6)([15]10,8,7)([16]4,13,4)([17]13,7,7)([18]7,2,4)([19]8,9,1)([20]2,17,2)([21]14,4,7)([22]10,9,2)([23]4,21,1)([24]2,0,6)([25]6,20,4)([26]16,14,2)([27]18,22,3)([28]19,14,5)([29]25,5,3)([30]29,6,2)([31]25,13,3)([32]5,8,5)([33]21,25,7)([34]22,29,4)([35]17,21,7)([36]5,27,7)([37]26,32,7)([38]37,29,4)([39]12,38,5)([40]10,37,3)([41]35,0,1)([42]33,34,6)([43]39,36,4)([44]22,25,4)([45]39,26,4)([46]39,22,3)([47]44,31,4)([48]40,22,1)([49]32,2,7)([50]36,45,5)([51]17,14,7)([52]40,14,7)([53]49,34,3)([54]24,11,0)([55]48,18,1)([56]5,39,5)([57]51,32,4)([58]49,16,7)([59]26,49,6)([60]2,42,6)([61]1,28,2)([62]15,30,6)([63]2,44,7)([64]39,49,5)([65]41,60,2)([66]50,65,4)([67]58,57,5)([68]40,22,3)([69]12,46,0)([70]0,26,3)([71]16,40,7)([72]32,34,6)([73]17,20,4)([74]36,55,2)([75]2,27,2)([76]70,64,7)([77]37,27,6)([78]40,58,3)([79]50,16,1)([80]67,30,3)([81]24,68,3)([82]39,71,2)([83]44,46,2)([84]70,19,5)([85]70,54,2)([86]80,66,2)(86)
evaluations: 26400690
first invidual area: 140.13
{7,1,80,1,2,1,8}([7]0,5,7)([8]1,4,4)([9]4,2,3)([10]6,4,7)([11]7,10,6)([12]7,1,7)([13]10,3,2)([14]5,1,6)([15]9,10,4)([16]3,4,4)([17]3,7,7)([18]2,7,4)([19]7,0,4)([20]2,17,5)([21]1,13,4)([22]13,1,2)([23]20,6,7)([24]20,23,4)([25]17,15,2)([26]16,14,2)([27]17,14,4)([28]23,27,3)([29]23,5,3)([30]27,11,5)([31]20,14,5)([32]5,8,5)([33]21,7,1)([34]29,26,3)([35]7,13,6)([36]29,22,4)([37]31,20,3)([38]15,34,2)([39]38,32,5)([40]18,22,3)([41]5,40,7)([42]4,25,3)([43]19,16,4)([44]34,16,0)([45]39,26,4)([46]29,6,2)([47]16,8,7)([48]39,13,7)([49]10,6,1)([50]25,36,6)([51]31,40,6)([52]49,34,1)([53]48,13,7)([54]47,46,2)([55]35,40,1)([56]45,41,5)([57]27,32,7)([58]49,29,2)([59]9,27,7)([60]2,50,6)([61]44,42,6)([62]44,32,2)([63]14,4,7)([64]63,18,4)([65]59,60,5)([66]9,56,6)([67]64,57,5)([68]2,24,4)([69]55,42,0)([70]46,54,0)([71]56,62,0)([72]42,26,3)([73]2,72,7)([74]65,56,7)([75]1,49,7)([76]28,75,5)([77]25,10,6)([78]62,15,5)([79]62,73,6)([80]67,70,3)([81]33,41,2)([82]32,12,1)([83]4,82,6)([84]22,12,1)([85]27,58,0)([86]74,80,2)(86)
optimized area: 126.05
time: 1170642 ms
seed: 1636072305
{7,1,80,1,2,1,8}([7]5,4,7)([8]6,5,2)([9]1,2,3)([10]3,9,6)([11]2,0,5)([12]0,5,4)([13]10,12,3)([14]0,12,2)([15]4,14,7)([16]2,10,3)([17]13,16,5)([18]9,15,7)([19]8,16,3)([20]14,18,5)([21]15,6,7)([22]15,16,7)([23]14,9,7)([24]20,3,6)([25]3,15,7)([26]25,0,5)([27]6,23,7)([28]21,24,6)([29]27,22,6)([30]11,22,2)([31]19,12,6)([32]24,21,0)([33]31,9,5)([34]29,20,7)([35]28,17,4)([36]17,7,7)([37]29,1,4)([38]23,6,2)([39]32,35,4)([40]33,3,4)([41]40,14,3)([42]31,7,6)([43]2,31,1)([44]24,20,1)([45]9,9,0)([46]3,42,3)([47]46,26,2)([48]37,47,5)([49]21,7,7)([50]41,48,7)([51]34,17,4)([52]41,6,7)([53]39,9,1)([54]52,32,6)([55]14,53,6)([56]26,28,3)([57]42,50,6)([58]26,10,4)([59]50,32,3)([60]28,20,2)([61]54,60,3)([62]29,23,5)([63]1,11,1)([64]14,62,5)([65]35,50,3)([66]57,2,5)([67]45,52,3)([68]18,18,7)([69]21,66,5)([70]12,61,4)([71]44,7,5)([72]32,45,5)([73]26,40,2)([74]61,11,2)([75]20,14,4)([76]60,57,3)([77]67,8,2)([78]21,54,5)([79]41,72,0)([80]58,66,3)([81]4,45,2)([82]69,38,1)([83]18,60,2)([84]36,59,6)([85]57,25,0)([86]74,65,4)(86)
evaluations: 21026998
first invidual area: 128.37
{7,1,80,1,2,1,8}([7]5,4,7)([8]6,0,2)([9]2,1,3)([10]9,3,6)([11]2,0,5)([12]5,0,4)([13]9,11,5)([14]0,12,2)([15]4,14,7)([16]2,10,3)([17]12,10,3)([18]15,9,7)([19]10,6,2)([20]18,14,5)([21]20,3,6)([22]16,15,7)([23]8,2,3)([24]6,15,4)([25]3,15,2)([26]0,25,5)([27]6,13,6)([28]11,1,3)([29]22,27,6)([30]17,16,6)([31]23,17,6)([32]16,17,5)([33]1,31,5)([34]29,10,1)([35]7,31,6)([36]19,1,0)([37]29,1,4)([38]20,24,2)([39]1,22,5)([40]3,33,4)([41]40,14,3)([42]6,0,1)([43]8,4,2)([44]9,11,2)([45]3,35,3)([46]38,15,0)([47]26,45,2)([48]37,47,5)([49]17,17,3)([50]31,26,2)([51]30,3,4)([52]41,6,7)([53]48,41,7)([54]21,52,6)([55]22,2,1)([56]4,29,3)([57]7,46,7)([58]17,55,7)([59]10,41,1)([60]25,59,6)([61]54,46,3)([62]50,3,5)([63]18,43,0)([64]46,32,4)([65]1,61,2)([66]61,11,5)([67]30,60,1)([68]36,17,1)([69]7,4,3)([70]31,10,2)([71]30,51,0)([72]52,68,2)([73]48,41,4)([74]24,51,1)([75]32,12,3)([76]65,68,3)([77]63,46,7)([78]8,61,0)([79]63,31,4)([80]8,72,1)([81]6,22,1)([82]30,75,0)([83]76,19,4)([84]60,4,4)([85]64,53,3)([86]66,85,7)(86)
optimized area: 118.04
time: 1243323 ms
seed: 1636105393
NOT FOUND
time: 1065159 ms
seed: 1636138135
NOT FOUND
time: 1054297 ms
seed: 1636170558
{7,1,80,1,2,1,8}([7]5,2,3)([8]0,1,6)([9]1,3,6)([10]4,6,4)([11]8,7,6)([12]4,2,2)([13]4,8,4)([14]1,8,6)([15]9,0,4)([16]15,8,7)([17]8,6,7)([18]8,2,5)([19]3,6,7)([20]2,0,5)([21]13,12,2)([22]10,19,3)([23]19,20,6)([24]7,17,5)([25]15,24,4)([26]12,9,3)([27]20,5,4)([28]18,21,1)([29]10,28,7)([30]19,22,7)([31]30,2,7)([32]21,1,4)([33]24,7,0)([34]14,14,0)([35]33,29,5)([36]27,1,7)([37]22,33,0)([38]32,19,7)([39]36,3,5)([40]35,3,2)([41]20,30,5)([42]8,34,4)([43]20,19,0)([44]21,26,3)([45]16,6,3)([46]31,13,3)([47]38,46,0)([48]39,32,6)([49]25,0,2)([50]14,21,2)([51]42,41,7)([52]46,40,6)([53]0,5,6)([54]2,8,7)([55]52,49,7)([56]51,26,1)([57]48,55,2)([58]57,45,7)([59]36,23,3)([60]22,26,3)([61]57,45,6)([62]55,59,3)([63]24,8,2)([64]59,14,1)([65]5,0,3)([66]1,30,4)([67]62,11,7)([68]36,51,3)([69]60,38,4)([70]29,58,5)([71]31,14,1)([72]14,3,6)([73]10,33,0)([74]70,41,4)([75]18,66,7)([76]38,22,5)([77]74,67,7)([78]61,74,5)([79]23,7,3)([80]45,4,6)([81]3,76,2)([82]68,37,3)([83]77,82,7)([84]82,45,0)([85]80,50,4)([86]58,37,4)(83)
evaluations: 37803267
first invidual area: 159.78
{7,1,80,1,2,1,8}([7]5,2,3)([8]0,1,6)([9]3,1,6)([10]4,6,4)([11]8,7,3)([12]8,4,4)([13]9,5,2)([14]2,6,0)([15]10,8,6)([16]9,7,7)([17]0,15,2)([18]6,9,3)([19]6,3,7)([20]0,14,5)([21]14,8,5)([22]19,10,3)([23]6,3,1)([24]11,23,5)([25]8,0,6)([26]4,14,5)([27]20,5,4)([28]7,24,2)([29]10,21,4)([30]19,22,7)([31]30,14,7)([32]27,26,7)([33]19,8,6)([34]23,21,2)([35]11,29,1)([36]27,1,7)([37]31,19,0)([38]27,29,5)([39]36,3,5)([40]38,3,2)([41]30,20,5)([42]24,9,7)([43]25,18,3)([44]38,1,7)([45]20,19,6)([46]37,12,3)([47]5,29,7)([48]39,32,6)([49]42,0,5)([50]43,48,0)([51]5,22,3)([52]46,40,3)([53]34,4,4)([54]35,14,3)([55]52,49,7)([56]53,3,4)([57]48,55,5)([58]49,4,2)([59]36,45,3)([60]43,57,4)([61]7,56,7)([62]55,59,6)([63]31,40,1)([64]58,3,4)([65]40,3,0)([66]65,38,1)([67]62,11,7)([68]36,51,6)([69]7,42,4)([70]29,60,5)([71]2,56,0)([72]3,30,0)([73]38,51,0)([74]70,41,4)([75]54,37,0)([76]19,37,2)([77]74,67,4)([78]75,50,3)([79]21,58,3)([80]15,63,6)([81]24,15,6)([82]20,53,1)([83]77,68,7)([84]59,11,0)([85]53,15,1)([86]10,19,5)(83)
optimized area: 134.92
time: 1136692 ms
seed: 1636201157
NOT FOUND
time: 1080221 ms
seed: 1636231195
{7,1,80,1,2,1,8}([7]6,1,4)([8]4,6,6)([9]6,4,4)([10]8,4,3)([11]2,6,3)([12]3,10,7)([13]5,11,4)([14]10,0,5)([15]7,13,2)([16]12,13,6)([17]10,6,3)([18]16,4,4)([19]18,1,7)([20]11,13,6)([21]2,6,0)([22]21,15,3)([23]12,20,7)([24]13,4,2)([25]24,9,3)([26]21,0,6)([27]22,26,4)([28]27,11,1)([29]27,12,4)([30]26,13,0)([31]8,3,7)([32]22,27,2)([33]10,6,2)([34]1,24,4)([35]16,23,5)([36]6,34,2)([37]32,19,6)([38]0,32,2)([39]36,23,6)([40]19,14,4)([41]5,37,7)([42]21,39,5)([43]41,31,4)([44]43,34,0)([45]38,39,3)([46]6,35,4)([47]8,44,5)([48]17,42,3)([49]19,14,7)([50]38,24,4)([51]19,18,0)([52]20,12,6)([53]9,45,6)([54]47,29,3)([55]53,30,5)([56]50,25,5)([57]44,54,0)([58]43,6,1)([59]6,29,0)([60]27,42,3)([61]11,29,0)([62]49,55,2)([63]56,12,4)([64]54,45,4)([65]56,53,4)([66]43,62,6)([67]15,40,0)([68]33,31,0)([69]31,42,0)([70]58,43,5)([71]30,13,0)([72]36,56,4)([73]66,50,4)([74]1,68,5)([75]35,6,2)([76]66,65,5)([77]64,39,1)([78]36,1,4)([79]46,26,1)([80]69,62,3)([81]45,34,4)([82]63,56,2)([83]69,67,4)([84]76,77,7)([85]66,0,3)([86]4,6,7)(84)
evaluations: 26365431
first invidual area: 141.97
{7,1,80,1,2,1,8}([7]4,1,0)([8]6,7,6)([9]7,6,4)([10]8,4,3)([11]6,2,3)([12]3,10,7)([13]11,5,4)([14]7,1,4)([15]13,12,3)([16]9,14,4)([17]8,11,0)([18]11,13,3)([19]15,14,4)([20]4,17,4)([21]16,13,2)([22]0,2,3)([23]12,18,4)([24]7,13,2)([25]23,8,5)([26]21,2,6)([27]22,26,4)([28]9,24,3)([29]24,16,7)([30]6,29,2)([31]5,15,6)([32]22,27,2)([33]10,0,5)([34]12,7,7)([35]10,26,2)([36]34,19,2)([37]32,19,3)([38]0,32,2)([39]30,23,6)([40]9,6,5)([41]5,37,4)([42]10,33,4)([43]41,34,7)([44]27,41,7)([45]38,39,3)([46]14,36,5)([47]8,43,5)([48]11,24,2)([49]2,19,7)([50]48,36,4)([51]10,24,2)([52]24,38,4)([53]9,45,3)([54]44,47,3)([55]19,52,4)([56]52,28,5)([57]25,1,1)([58]33,19,7)([59]26,13,5)([60]33,50,0)([61]38,53,2)([62]58,59,2)([63]47,22,2)([64]26,24,2)([65]56,53,7)([66]43,62,6)([67]50,65,6)([68]3,1,7)([69]27,13,0)([70]57,61,7)([71]54,45,4)([72]49,24,6)([73]20,3,3)([74]4,45,5)([75]60,25,1)([76]66,65,5)([77]38,31,6)([78]8,49,7)([79]64,72,3)([80]58,19,5)([81]1,40,7)([82]55,37,1)([83]66,78,7)([84]76,71,4)([85]72,61,6)([86]59,47,7)(84)
optimized area: 140.57
time: 1281590 ms
