seed: 1633849371
{7,1,80,1,2,1,8}([7]3,3,5)([8]2,5,5)([9]6,2,4)([10]3,4,4)([11]4,1,4)([12]3,7,4)([13]10,2,7)([14]1,11,3)([15]11,9,6)([16]0,8,7)([17]1,4,5)([18]7,4,5)([19]5,15,7)([20]0,17,4)([21]13,3,6)([22]3,18,3)([23]19,6,5)([24]5,21,6)([25]23,7,5)([26]24,2,6)([27]6,15,2)([28]26,2,7)([29]20,4,7)([30]16,27,1)([31]9,16,6)([32]20,13,7)([33]26,19,2)([34]31,27,6)([35]32,21,0)([36]33,10,6)([37]9,10,4)([38]0,15,5)([39]8,23,2)([40]4,11,1)([41]36,14,5)([42]12,35,6)([43]37,2,4)([44]28,28,4)([45]41,21,4)([46]25,16,4)([47]39,35,6)([48]45,4,0)([49]39,48,6)([50]1,28,5)([51]46,50,7)([52]30,1,3)([53]43,51,3)([54]42,30,3)([55]47,51,3)([56]49,17,6)([57]41,38,7)([58]37,3,0)([59]18,31,1)([60]0,28,4)([61]11,28,2)([62]15,58,3)([63]37,29,5)([64]49,37,5)([65]16,50,2)([66]55,65,2)([67]11,59,7)([68]43,67,7)([69]57,53,5)([70]23,47,3)([71]18,44,7)([72]14,71,3)([73]63,60,7)([74]73,69,3)([75]56,66,3)([76]50,68,2)([77]74,75,4)([78]64,77,2)([79]57,55,2)([80]14,28,3)([81]50,37,4)([82]67,23,1)([83]23,71,1)([84]49,66,2)([85]1,71,4)([86]22,9,2)(78)
evaluations: 32345677
first invidual area: 151.80
{7,1,80,1,2,1,8}([7]3,1,1)([8]2,5,5)([9]2,6,4)([10]7,4,7)([11]4,1,4)([12]11,1,3)([13]2,10,7)([14]4,3,5)([15]9,11,6)([16]8,0,7)([17]1,4,5)([18]13,9,7)([19]13,15,7)([20]0,17,4)([21]13,3,6)([22]15,5,7)([23]22,6,5)([24]21,5,6)([25]16,0,1)([26]2,24,6)([27]4,11,4)([28]26,2,6)([29]20,4,7)([30]22,11,3)([31]26,22,2)([32]20,13,7)([33]2,5,6)([34]2,30,5)([35]23,7,5)([36]6,5,7)([37]9,10,4)([38]15,0,5)([39]8,23,2)([40]10,31,6)([41]12,40,5)([42]19,39,3)([43]38,25,2)([44]29,14,4)([45]21,41,4)([46]35,16,7)([47]39,32,6)([48]35,46,4)([49]45,39,6)([50]12,28,5)([51]46,50,5)([52]37,44,6)([53]18,51,3)([54]31,4,0)([55]47,51,3)([56]6,34,1)([57]41,38,7)([58]17,49,6)([59]2,40,2)([60]28,0,4)([61]6,26,5)([62]52,40,4)([63]37,29,5)([64]49,37,5)([65]16,50,2)([66]55,65,2)([67]53,57,0)([68]35,56,3)([69]57,53,5)([70]38,5,1)([71]43,62,1)([72]60,7,7)([73]63,60,7)([74]73,69,3)([75]58,66,6)([76]7,56,0)([77]74,75,7)([78]63,49,3)([79]23,78,3)([80]64,77,2)([81]59,3,2)([82]39,78,3)([83]76,54,1)([84]37,7,6)([85]73,34,7)([86]51,39,1)(80)
optimized area: 146.16
time: 636429 ms
seed: 1633936235
NOT FOUND
time: 527500 ms
seed: 1633963963
{7,1,80,1,2,1,8}([7]5,4,7)([8]0,3,7)([9]5,3,2)([10]0,1,1)([11]7,6,3)([12]4,11,0)([13]3,4,3)([14]8,1,0)([15]10,3,1)([16]6,0,1)([17]6,1,5)([18]11,14,7)([19]11,14,3)([20]0,8,4)([21]7,10,2)([22]2,7,4)([23]8,7,4)([24]23,4,6)([25]12,0,3)([26]25,9,1)([27]10,18,4)([28]26,1,3)([29]21,11,0)([30]19,21,6)([31]15,6,4)([32]24,18,5)([33]18,25,5)([34]13,32,7)([35]31,12,5)([36]28,9,4)([37]20,18,5)([38]36,11,1)([39]21,38,3)([40]16,31,3)([41]22,30,3)([42]33,8,3)([43]23,15,0)([44]43,31,2)([45]22,28,4)([46]21,24,2)([47]2,32,6)([48]32,37,2)([49]48,39,2)([50]20,24,7)([51]23,44,3)([52]22,31,0)([53]35,17,6)([54]44,2,4)([55]45,35,3)([56]36,33,1)([57]53,41,7)([58]0,57,7)([59]6,37,6)([60]16,45,5)([61]55,8,2)([62]58,49,5)([63]60,54,5)([64]61,17,2)([65]62,64,7)([66]27,56,3)([67]14,43,1)([68]1,47,2)([69]4,30,3)([70]32,3,0)([71]38,2,3)([72]39,55,1)([73]36,48,0)([74]11,16,1)([75]63,13,6)([76]17,7,4)([77]75,65,4)([78]1,77,7)([79]48,71,4)([80]18,49,4)([81]77,2,6)([82]0,31,3)([83]22,53,3)([84]16,65,7)([85]83,71,6)([86]52,75,6)(77)
evaluations: 16219290
first invidual area: 130.21
{7,1,80,1,2,1,8}([7]5,4,7)([8]3,0,7)([9]2,7,4)([10]5,8,5)([11]7,6,3)([12]6,1,5)([13]3,2,1)([14]11,8,6)([15]9,14,3)([16]14,14,5)([17]5,7,3)([18]8,11,7)([19]0,12,1)([20]10,18,0)([21]10,17,2)([22]19,20,0)([23]18,13,5)([24]14,23,2)([25]15,1,4)([26]10,3,1)([27]17,19,2)([28]1,19,1)([29]1,10,4)([30]6,15,1)([31]6,22,7)([32]21,18,5)([33]32,8,5)([34]32,23,2)([35]31,4,5)([36]33,15,6)([37]13,33,6)([38]6,10,1)([39]29,27,3)([40]36,8,6)([41]31,32,5)([42]19,17,4)([43]39,34,2)([44]9,14,6)([45]35,29,3)([46]32,2,2)([47]45,15,7)([48]19,47,7)([49]6,9,2)([50]3,4,3)([51]32,27,5)([52]27,17,7)([53]39,30,5)([54]2,41,7)([55]25,35,3)([56]1,25,6)([57]50,15,3)([58]41,45,3)([59]45,32,3)([60]0,5,4)([61]55,8,2)([62]48,43,5)([63]53,54,5)([64]61,12,5)([65]62,64,4)([66]22,32,5)([67]28,4,4)([68]19,20,2)([69]41,0,5)([70]44,12,2)([71]29,26,7)([72]39,8,0)([73]38,0,4)([74]8,21,1)([75]63,50,3)([76]39,24,3)([77]75,65,7)([78]33,9,7)([79]43,67,0)([80]3,39,7)([81]10,17,1)([82]28,7,0)([83]36,30,7)([84]61,71,6)([85]30,46,7)([86]9,36,2)(77)
optimized area: 111.94
time: 626217 ms
seed: 1633986905
NOT FOUND
time: 523477 ms
seed: 1634035833
{7,1,80,1,2,1,8}([7]5,2,7)([8]4,1,4)([9]7,8,5)([10]0,5,2)([11]1,10,4)([12]6,11,2)([13]9,6,3)([14]5,10,1)([15]0,7,6)([16]10,5,5)([17]2,13,3)([18]4,15,3)([19]3,12,4)([20]6,19,6)([21]0,3,7)([22]19,21,6)([23]21,6,1)([24]22,2,0)([25]14,7,5)([26]23,11,5)([27]20,18,7)([28]21,11,1)([29]25,19,6)([30]29,4,4)([31]1,16,6)([32]9,17,4)([33]17,27,5)([34]30,12,7)([35]13,18,6)([36]26,8,4)([37]34,33,2)([38]16,34,3)([39]7,37,5)([40]24,32,4)([41]26,8,2)([42]33,8,0)([43]6,2,4)([44]25,15,0)([45]31,3,3)([46]45,4,6)([47]35,14,2)([48]33,21,0)([49]42,40,2)([50]13,37,7)([51]30,11,3)([52]51,50,2)([53]12,45,4)([54]40,50,4)([55]16,36,5)([56]16,2,6)([57]34,43,2)([58]48,57,3)([59]41,58,4)([60]43,51,7)([61]56,49,1)([62]55,5,4)([63]16,32,6)([64]60,42,2)([65]51,21,7)([66]1,50,5)([67]37,53,0)([68]47,19,1)([69]64,54,3)([70]36,64,2)([71]56,69,3)([72]14,65,3)([73]51,43,2)([74]40,59,6)([75]38,26,7)([76]27,57,7)([77]9,53,2)([78]0,64,4)([79]71,62,6)([80]74,79,3)([81]51,18,5)([82]54,64,4)([83]17,26,6)([84]74,30,0)([85]76,27,6)([86]12,1,4)(80)
evaluations: 15651728
first invidual area: 142.89
{7,1,80,1,2,1,8}([7]5,2,7)([8]1,4,4)([9]7,8,5)([10]0,5,2)([11]10,1,4)([12]6,11,2)([13]9,6,3)([14]7,0,6)([15]10,6,1)([16]2,2,0)([17]13,5,3)([18]15,7,6)([19]8,16,6)([20]6,3,6)([21]3,0,7)([22]21,1,1)([23]14,4,3)([24]4,19,6)([25]12,0,7)([26]11,22,5)([27]23,20,7)([28]25,21,6)([29]26,8,5)([30]8,22,5)([31]28,26,5)([32]9,28,4)([33]17,27,5)([34]12,24,4)([35]2,14,0)([36]34,33,5)([37]8,26,4)([38]4,25,3)([39]8,24,0)([40]15,34,3)([41]23,31,2)([42]4,2,6)([43]2,6,4)([44]16,13,7)([45]0,29,7)([46]32,36,4)([47]35,41,7)([48]17,44,3)([49]17,32,4)([50]13,19,2)([51]29,40,7)([52]28,3,7)([53]0,22,1)([54]13,46,2)([55]15,37,5)([56]45,51,3)([57]24,43,2)([58]33,57,6)([59]58,29,4)([60]43,33,2)([61]11,50,4)([62]5,55,4)([63]4,9,2)([64]60,31,2)([65]6,56,0)([66]3,6,4)([67]41,55,4)([68]58,28,5)([69]64,54,3)([70]29,16,0)([71]18,69,3)([72]21,16,2)([73]29,59,3)([74]49,59,6)([75]60,11,3)([76]33,64,1)([77]59,41,6)([78]46,5,6)([79]71,62,6)([80]74,79,3)([81]11,49,0)([82]4,25,3)([83]65,36,4)([84]72,0,1)([85]74,5,3)([86]29,84,1)(80)
optimized area: 130.69
time: 660052 ms
seed: 1634149949
NOT FOUND
time: 527297 ms
seed: 1634197253
{7,1,80,1,2,1,8}([7]2,1,4)([8]1,7,6)([9]0,5,0)([10]6,6,1)([11]2,5,4)([12]6,4,4)([13]0,8,7)([14]7,13,3)([15]10,7,2)([16]4,14,3)([17]1,3,6)([18]15,12,6)([19]5,1,2)([20]17,13,5)([21]17,6,6)([22]11,6,5)([23]15,8,3)([24]3,12,0)([25]14,10,7)([26]11,13,4)([27]15,20,3)([28]4,22,7)([29]3,2,2)([30]23,5,3)([31]6,9,0)([32]26,28,7)([33]27,28,1)([34]25,11,3)([35]34,1,7)([36]25,32,4)([37]16,19,4)([38]3,35,7)([39]6,28,3)([40]1,11,5)([41]36,33,5)([42]39,37,5)([43]39,15,3)([44]36,30,2)([45]5,31,7)([46]7,3,3)([47]23,11,5)([48]5,42,7)([49]21,40,0)([50]3,10,1)([51]10,31,0)([52]28,44,5)([53]13,41,0)([54]18,38,3)([55]1,52,4)([56]5,50,4)([57]24,55,5)([58]55,24,5)([59]6,16,6)([60]27,9,2)([61]29,48,6)([62]21,35,4)([63]54,9,6)([64]58,63,1)([65]29,62,0)([66]58,59,7)([67]66,63,4)([68]17,39,4)([69]36,12,0)([70]40,32,3)([71]61,41,4)([72]63,69,0)([73]67,71,7)([74]3,13,0)([75]35,51,7)([76]56,64,1)([77]67,70,2)([78]73,77,3)([79]69,27,3)([80]44,5,3)([81]14,50,0)([82]65,52,5)([83]52,45,7)([84]53,82,3)([85]14,25,6)([86]23,25,2)(78)
evaluations: 32313247
first invidual area: 149.45
{7,1,80,1,2,1,8}([7]2,1,4)([8]2,7,6)([9]4,6,3)([10]6,1,1)([11]5,2,4)([12]4,10,7)([13]8,0,7)([14]7,13,3)([15]7,10,2)([16]4,14,3)([17]1,3,6)([18]6,9,7)([19]1,5,5)([20]17,13,5)([21]6,3,7)([22]11,13,7)([23]15,5,3)([24]11,6,5)([25]14,10,7)([26]15,12,6)([27]20,15,6)([28]24,4,7)([29]2,3,2)([30]8,23,3)([31]25,16,3)([32]22,25,7)([33]11,25,3)([34]30,10,2)([35]33,1,7)([36]28,32,7)([37]16,19,7)([38]3,35,7)([39]28,35,6)([40]17,25,0)([41]36,27,5)([42]9,37,5)([43]3,24,0)([44]37,0,5)([45]22,34,7)([46]6,6,2)([47]30,36,2)([48]38,26,3)([49]5,42,7)([50]48,12,6)([51]18,3,5)([52]28,47,5)([53]44,6,2)([54]50,15,4)([55]1,52,4)([56]35,5,6)([57]3,7,0)([58]57,39,0)([59]23,48,4)([60]55,58,5)([61]29,49,6)([62]10,0,0)([63]48,0,6)([64]18,19,5)([65]14,24,3)([66]60,63,4)([67]31,66,4)([68]4,5,0)([69]30,13,2)([70]29,40,0)([71]61,41,4)([72]57,52,5)([73]67,71,4)([74]60,42,0)([75]45,8,1)([76]73,13,6)([77]67,30,5)([78]73,77,5)([79]43,61,5)([80]74,17,5)([81]2,7,0)([82]0,25,1)([83]12,68,7)([84]62,40,2)([85]52,53,0)([86]2,38,7)(78)
optimized area: 142.43
time: 611888 ms
seed: 1634246220
{7,1,80,1,2,1,8}([7]1,4,5)([8]5,0,2)([9]7,6,4)([10]0,0,0)([11]4,3,3)([12]11,2,5)([13]7,6,4)([14]5,4,4)([15]4,3,2)([16]10,14,7)([17]12,16,5)([18]10,17,4)([19]7,2,5)([20]9,4,5)([21]5,2,5)([22]6,21,4)([23]3,6,3)([24]20,18,5)([25]1,7,7)([26]15,19,6)([27]7,0,7)([28]5,22,3)([29]23,28,0)([30]16,9,5)([31]20,10,0)([32]3,1,4)([33]25,13,2)([34]25,9,7)([35]24,0,3)([36]29,18,2)([37]27,33,2)([38]35,3,4)([39]0,2,5)([40]16,19,6)([41]13,32,6)([42]35,41,7)([43]26,42,4)([44]37,37,1)([45]1,29,2)([46]14,25,5)([47]24,28,3)([48]47,47,6)([49]41,0,3)([50]21,1,7)([51]47,47,7)([52]36,10,4)([53]40,52,4)([54]53,20,2)([55]51,17,0)([56]47,50,4)([57]14,42,4)([58]11,47,1)([59]17,0,6)([60]44,53,4)([61]56,11,2)([62]38,41,6)([63]62,60,3)([64]28,2,7)([65]45,63,6)([66]46,22,2)([67]31,43,3)([68]63,28,7)([69]9,3,4)([70]54,58,5)([71]30,27,3)([72]34,4,1)([73]45,30,3)([74]69,61,5)([75]43,19,4)([76]43,66,6)([77]56,32,0)([78]34,7,2)([79]68,52,2)([80]2,72,0)([81]18,6,7)([82]74,76,5)([83]3,54,7)([84]63,82,2)([85]45,33,1)([86]85,24,3)(84)
evaluations: 13993479
first invidual area: 146.64
{7,1,80,1,2,1,8}([7]4,1,5)([8]1,3,4)([9]4,3,3)([10]9,6,5)([11]6,3,3)([12]2,9,5)([13]6,7,4)([14]4,5,4)([15]5,2,5)([16]14,0,7)([17]16,12,5)([18]0,9,6)([19]2,7,5)([20]0,17,4)([21]13,4,5)([22]20,11,5)([23]4,6,6)([24]12,22,6)([25]20,21,5)([26]4,8,2)([27]16,24,4)([28]1,23,5)([29]12,21,1)([30]5,22,6)([31]7,2,6)([32]31,12,4)([33]0,28,5)([34]22,22,2)([35]25,0,3)([36]2,21,7)([37]26,19,3)([38]32,31,6)([39]38,3,6)([40]16,19,6)([41]13,8,6)([42]35,41,4)([43]37,42,4)([44]6,15,4)([45]36,21,5)([46]14,1,5)([47]14,17,5)([48]21,24,6)([49]6,31,7)([50]40,34,7)([51]19,6,6)([52]41,17,0)([53]35,20,0)([54]7,48,6)([55]30,13,6)([56]15,51,2)([57]35,3,4)([58]26,36,1)([59]56,0,4)([60]33,50,4)([61]20,53,0)([62]57,41,6)([63]23,30,7)([64]11,3,5)([65]49,57,0)([66]46,44,2)([67]8,29,3)([68]60,62,3)([69]18,61,0)([70]42,52,3)([71]5,5,4)([72]17,60,5)([73]34,65,2)([74]69,46,4)([75]6,36,3)([76]43,66,6)([77]72,27,4)([78]17,23,3)([79]55,9,2)([80]71,78,5)([81]42,79,5)([82]81,76,5)([83]5,18,5)([84]68,82,2)([85]42,57,5)([86]82,48,5)(84)
optimized area: 113.34
time: 636418 ms
seed: 1634294377
{7,1,80,1,2,1,8}([7]1,3,3)([8]3,0,4)([9]0,4,3)([10]9,7,5)([11]2,6,0)([12]3,0,0)([13]6,8,3)([14]3,2,4)([15]14,13,2)([16]1,9,2)([17]15,3,3)([18]6,3,5)([19]13,0,3)([20]6,16,4)([21]14,20,3)([22]10,1,6)([23]21,4,7)([24]17,18,7)([25]23,24,4)([26]7,23,7)([27]25,20,2)([28]11,5,7)([29]11,25,4)([30]8,28,4)([31]19,22,7)([32]29,31,4)([33]26,30,7)([34]9,3,4)([35]21,33,2)([36]7,16,7)([37]5,7,3)([38]16,9,3)([39]7,20,7)([40]23,39,6)([41]29,37,3)([42]10,21,6)([43]11,40,5)([44]15,31,5)([45]35,10,5)([46]28,34,3)([47]46,30,7)([48]13,19,1)([49]12,27,5)([50]18,25,2)([51]46,43,1)([52]43,49,2)([53]23,29,1)([54]52,45,7)([55]6,23,5)([56]31,37,5)([57]39,22,3)([58]35,41,5)([59]54,51,6)([60]29,58,6)([61]35,33,4)([62]61,8,3)([63]54,55,4)([64]31,59,4)([65]54,50,3)([66]36,46,4)([67]58,38,7)([68]43,49,3)([69]66,43,5)([70]15,3,3)([71]67,32,7)([72]60,64,3)([73]51,71,4)([74]6,11,0)([75]73,5,5)([76]70,69,7)([77]60,63,7)([78]12,25,1)([79]78,24,6)([80]37,71,2)([81]35,40,0)([82]36,52,7)([83]46,36,4)([84]20,72,3)([85]49,66,6)([86]55,76,5)(72)
evaluations: 17684745
first invidual area: 132.12
{7,1,80,1,2,1,8}([7]1,3,6)([8]3,4,7)([9]0,4,3)([10]0,8,4)([11]6,3,5)([12]3,9,5)([13]6,0,3)([14]2,3,4)([15]14,13,5)([16]1,9,5)([17]15,3,3)([18]1,12,3)([19]6,18,1)([20]6,16,7)([21]14,20,3)([22]14,7,1)([23]2,8,2)([24]11,17,5)([25]8,24,7)([26]7,20,7)([27]6,23,6)([28]2,5,7)([29]25,2,4)([30]28,7,7)([31]30,10,7)([32]25,20,2)([33]29,29,7)([34]9,12,2)([35]21,31,2)([36]3,34,4)([37]27,35,2)([38]31,21,3)([39]31,14,3)([40]7,9,5)([41]30,19,7)([42]4,28,6)([43]26,23,5)([44]34,28,6)([45]16,35,5)([46]3,13,3)([47]8,5,5)([48]18,46,5)([49]3,32,5)([50]29,14,7)([51]49,36,0)([52]45,49,5)([53]22,30,2)([54]52,43,4)([55]42,22,2)([56]13,13,6)([57]54,44,6)([58]40,35,5)([59]36,35,2)([60]57,48,4)([61]21,39,0)([62]61,25,0)([63]39,4,4)([64]40,21,0)([65]22,45,4)([66]43,25,6)([67]15,36,6)([68]3,9,4)([69]62,29,2)([70]56,50,1)([71]26,32,3)([72]24,52,3)([73]36,35,4)([74]42,32,4)([75]0,42,3)([76]32,64,4)([77]69,14,1)([78]49,32,7)([79]58,29,6)([80]79,60,3)([81]42,24,0)([82]32,0,7)([83]53,35,4)([84]16,7,1)([85]28,65,2)([86]83,21,5)(80)
optimized area: 113.82
time: 620104 ms
seed: 1634334825
{7,1,80,1,2,1,8}([7]2,5,2)([8]6,3,6)([9]1,0,7)([10]6,7,4)([11]1,3,4)([12]4,8,4)([13]3,9,3)([14]10,12,5)([15]13,6,5)([16]4,2,7)([17]16,12,3)([18]5,2,6)([19]17,10,4)([20]0,15,7)([21]18,15,6)([22]11,8,1)([23]0,2,7)([24]0,8,7)([25]10,11,3)([26]19,9,2)([27]17,19,5)([28]15,26,7)([29]6,5,5)([30]9,24,7)([31]29,11,7)([32]23,26,4)([33]12,30,4)([34]19,8,5)([35]20,18,0)([36]3,2,1)([37]9,35,2)([38]31,32,3)([39]18,25,7)([40]39,28,2)([41]14,38,5)([42]30,40,4)([43]39,33,4)([44]14,13,4)([45]21,43,3)([46]21,39,2)([47]45,41,6)([48]41,15,4)([49]37,34,3)([50]39,21,3)([51]31,50,3)([52]27,44,1)([53]51,35,0)([54]37,44,0)([55]45,53,2)([56]55,54,3)([57]32,40,2)([58]0,40,0)([59]21,41,5)([60]57,24,6)([61]58,0,5)([62]47,59,0)([63]16,60,6)([64]24,12,7)([65]43,64,0)([66]9,59,2)([67]62,21,2)([68]28,58,7)([69]35,61,1)([70]47,14,4)([71]29,67,6)([72]56,42,5)([73]35,57,0)([74]38,19,3)([75]4,42,6)([76]40,23,5)([77]31,29,7)([78]45,26,0)([79]61,22,2)([80]38,53,5)([81]6,20,1)([82]70,66,5)([83]56,70,4)([84]48,25,0)([85]82,47,4)([86]72,85,4)(86)
evaluations: 18711050
first invidual area: 149.01
{7,1,80,1,2,1,8}([7]5,2,5)([8]6,3,6)([9]0,1,7)([10]7,6,7)([11]3,1,4)([12]4,8,4)([13]9,3,3)([14]12,10,5)([15]6,13,5)([16]2,4,7)([17]16,12,6)([18]5,2,6)([19]10,17,7)([20]6,5,5)([21]18,15,6)([22]4,1,4)([23]0,2,4)([24]9,18,1)([25]21,14,7)([26]9,19,2)([27]11,10,6)([28]20,27,3)([29]4,7,2)([30]1,8,7)([31]20,11,4)([32]23,26,4)([33]27,30,5)([34]1,0,2)([35]22,7,0)([36]12,17,4)([37]2,28,0)([38]31,32,5)([39]18,27,4)([40]14,39,1)([41]38,14,5)([42]15,26,7)([43]35,39,7)([44]15,31,5)([45]21,43,3)([46]42,39,5)([47]36,42,1)([48]31,40,7)([49]15,34,2)([50]0,31,1)([51]36,15,5)([52]41,12,5)([53]39,44,3)([54]40,14,2)([55]45,53,2)([56]55,49,3)([57]37,19,3)([58]47,31,4)([59]45,56,1)([60]41,0,5)([61]39,3,5)([62]21,41,5)([63]46,30,7)([64]4,55,3)([65]24,38,6)([66]9,62,2)([67]44,25,6)([68]18,21,0)([69]3,13,5)([70]36,19,1)([71]4,33,5)([72]56,63,5)([73]11,64,0)([74]2,23,1)([75]31,4,3)([76]68,7,0)([77]41,12,0)([78]33,12,4)([79]45,41,6)([80]54,41,4)([81]23,60,1)([82]66,14,2)([83]68,0,0)([84]73,55,4)([85]82,79,6)([86]72,85,4)(86)
optimized area: 133.52
time: 675102 ms
seed: 1634383755
{7,1,80,1,2,1,8}([7]4,1,2)([8]1,3,2)([9]6,0,2)([10]5,6,6)([11]4,10,5)([12]2,5,4)([13]3,0,5)([14]11,6,5)([15]7,11,7)([16]4,2,0)([17]11,3,7)([18]15,0,6)([19]0,17,3)([20]4,12,4)([21]14,4,4)([22]16,18,6)([23]20,14,3)([24]3,20,3)([25]14,22,7)([26]7,13,7)([27]19,20,5)([28]8,1,7)([29]6,11,7)([30]26,20,3)([31]0,15,2)([32]8,10,4)([33]27,30,4)([34]13,16,7)([35]25,17,3)([36]18,28,4)([37]33,5,5)([38]24,36,6)([39]13,19,3)([40]0,10,4)([41]23,8,7)([42]8,0,7)([43]40,37,5)([44]37,20,1)([45]2,30,7)([46]34,41,6)([47]5,44,0)([48]36,30,4)([49]14,37,7)([50]48,10,3)([51]46,1,7)([52]44,41,4)([53]47,13,1)([54]33,35,6)([55]51,14,5)([56]29,11,2)([57]35,52,3)([58]31,34,5)([59]58,47,3)([60]57,48,5)([61]49,51,3)([62]26,15,5)([63]35,51,2)([64]41,43,3)([65]39,19,3)([66]29,40,4)([67]0,62,7)([68]3,64,0)([69]19,31,5)([70]3,48,4)([71]0,45,0)([72]61,58,7)([73]72,9,6)([74]50,4,0)([75]31,72,6)([76]74,4,4)([77]72,60,2)([78]33,50,3)([79]49,21,7)([80]67,30,0)([81]44,60,6)([82]36,5,2)([83]81,67,4)([84]5,83,0)([85]32,12,7)([86]51,45,2)(77)
evaluations: 14975751
first invidual area: 122.29
{7,1,80,1,2,1,8}([7]4,1,2)([8]1,3,5)([9]5,6,6)([10]5,4,4)([11]9,10,5)([12]6,5,1)([13]3,0,5)([14]3,0,3)([15]7,11,7)([16]8,1,5)([17]3,11,7)([18]15,0,6)([19]18,4,6)([20]2,10,4)([21]12,20,6)([22]13,3,0)([23]12,19,7)([24]16,14,7)([25]6,9,4)([26]18,2,0)([27]11,24,0)([28]13,7,7)([29]11,18,0)([30]20,28,3)([31]12,0,3)([32]20,14,5)([33]30,32,5)([34]4,18,2)([35]5,3,0)([36]13,4,7)([37]33,5,5)([38]23,17,3)([39]3,38,5)([40]26,16,4)([41]8,21,7)([42]6,37,4)([43]37,41,7)([44]40,7,0)([45]30,40,4)([46]41,36,3)([47]26,9,7)([48]13,15,2)([49]46,8,1)([50]39,4,0)([51]6,40,4)([52]42,38,0)([53]15,50,5)([54]1,46,4)([55]15,2,7)([56]48,0,5)([57]43,38,3)([58]25,19,3)([59]21,58,2)([60]56,36,6)([61]52,54,3)([62]45,57,5)([63]0,58,7)([64]50,49,2)([65]17,23,5)([66]13,8,5)([67]64,40,3)([68]50,24,1)([69]26,1,0)([70]44,14,5)([71]65,20,6)([72]61,56,2)([73]27,9,3)([74]0,29,2)([75]56,44,1)([76]19,41,6)([77]52,9,1)([78]35,28,6)([79]74,3,1)([80]22,12,6)([81]5,48,7)([82]58,36,4)([83]72,62,2)([84]48,21,7)([85]31,4,0)([86]85,50,0)(83)
optimized area: 111.96
time: 626061 ms
seed: 1634432811
NOT FOUND
time: 532042 ms
seed: 1634493113
{7,1,80,1,2,1,8}([7]4,3,7)([8]4,1,2)([9]6,7,3)([10]0,7,6)([11]2,9,2)([12]10,6,7)([13]1,0,7)([14]13,12,2)([15]4,0,6)([16]5,11,7)([17]4,1,4)([18]17,14,3)([19]15,4,6)([20]10,15,6)([21]3,2,0)([22]16,12,4)([23]19,9,6)([24]5,0,5)([25]6,11,3)([26]16,18,7)([27]7,25,5)([28]26,25,2)([29]28,21,7)([30]15,29,1)([31]20,0,7)([32]12,22,5)([33]6,8,3)([34]26,16,7)([35]2,28,6)([36]6,35,4)([37]22,20,6)([38]20,29,7)([39]17,2,0)([40]17,3,0)([41]26,37,7)([42]16,2,0)([43]7,41,7)([44]8,43,2)([45]29,7,2)([46]23,43,5)([47]21,42,5)([48]36,19,7)([49]1,19,6)([50]43,45,0)([51]45,24,4)([52]50,5,6)([53]43,51,6)([54]25,11,5)([55]22,31,2)([56]1,32,6)([57]16,16,0)([58]26,29,6)([59]8,24,1)([60]12,53,4)([61]47,48,4)([62]32,27,2)([63]44,38,3)([64]53,12,2)([65]4,26,5)([66]11,59,3)([67]1,47,0)([68]17,55,2)([69]14,68,0)([70]60,61,6)([71]49,44,0)([72]70,31,0)([73]68,26,0)([74]64,25,6)([75]36,68,3)([76]57,3,2)([77]29,55,1)([78]32,25,1)([79]75,70,5)([80]26,9,7)([81]79,63,4)([82]32,63,2)([83]40,20,1)([84]4,72,0)([85]2,52,7)([86]50,1,6)(81)
evaluations: 20337537
first invidual area: 139.17
{7,1,80,1,2,1,8}([7]4,3,7)([8]4,0,7)([9]7,6,3)([10]7,0,6)([11]2,9,2)([12]6,10,7)([13]4,0,6)([14]6,11,3)([15]5,0,5)([16]5,11,7)([17]1,4,4)([18]12,8,2)([19]15,1,5)([20]10,13,6)([21]20,1,1)([22]12,16,4)([23]15,17,0)([24]18,17,3)([25]1,4,2)([26]24,16,7)([27]22,21,5)([28]26,14,2)([29]16,3,5)([30]4,19,4)([31]28,3,4)([32]11,6,5)([33]13,4,3)([34]20,22,3)([35]2,28,6)([36]35,6,4)([37]11,14,5)([38]20,31,4)([39]32,32,5)([40]28,38,4)([41]34,26,4)([42]7,6,2)([43]7,41,7)([44]8,43,1)([45]15,16,5)([46]38,44,1)([47]24,7,4)([48]36,33,7)([49]26,38,5)([50]38,13,7)([51]49,23,7)([52]35,5,1)([53]43,51,6)([54]29,48,7)([55]22,40,2)([56]49,49,1)([57]4,10,3)([58]7,43,5)([59]43,25,2)([60]12,53,4)([61]39,20,7)([62]43,46,3)([63]6,45,4)([64]58,50,5)([65]7,63,5)([66]9,38,3)([67]43,37,6)([68]13,40,5)([69]56,42,0)([70]54,60,6)([71]49,47,5)([72]67,53,4)([73]51,13,0)([74]34,40,2)([75]17,22,2)([76]38,59,6)([77]61,32,0)([78]75,36,3)([79]70,78,5)([80]36,34,0)([81]79,76,7)([82]53,10,6)([83]5,13,1)([84]63,71,6)([85]83,59,5)([86]62,57,1)(81)
optimized area: 131.67
time: 665568 ms
seed: 1634592245
NOT FOUND
time: 537877 ms
seed: 1634641105
NOT FOUND
time: 526578 ms
seed: 1634678720
{7,1,80,1,2,1,8}([7]0,3,6)([8]7,6,7)([9]2,2,0)([10]0,9,6)([11]4,9,7)([12]8,11,7)([13]4,11,6)([14]13,1,4)([15]3,0,4)([16]8,0,6)([17]16,14,4)([18]11,8,3)([19]15,13,5)([20]5,6,4)([21]3,17,3)([22]20,20,2)([23]18,0,2)([24]20,8,7)([25]13,24,4)([26]20,8,5)([27]23,19,6)([28]17,10,4)([29]11,25,7)([30]19,12,4)([31]15,28,5)([32]29,27,3)([33]2,6,3)([34]33,28,3)([35]22,4,3)([36]31,14,3)([37]9,11,5)([38]30,3,7)([39]36,29,2)([40]35,1,2)([41]34,32,2)([42]26,37,6)([43]24,26,5)([44]10,39,7)([45]41,40,3)([46]35,18,6)([47]45,21,4)([48]15,16,5)([49]2,34,5)([50]9,21,5)([51]38,30,1)([52]35,44,0)([53]30,33,5)([54]0,3,2)([55]3,30,4)([56]14,54,0)([57]4,31,6)([58]35,34,5)([59]38,18,1)([60]59,44,6)([61]60,3,2)([62]60,44,4)([63]5,30,1)([64]3,2,1)([65]26,61,0)([66]46,17,2)([67]36,9,5)([68]16,62,5)([69]60,11,1)([70]42,32,1)([71]61,47,3)([72]40,51,2)([73]20,47,4)([74]22,45,4)([75]26,66,4)([76]4,6,7)([77]54,13,7)([78]19,42,6)([79]64,43,5)([80]54,64,1)([81]28,80,5)([82]71,66,3)([83]46,17,5)([84]56,39,5)([85]15,61,7)([86]50,48,6)(82)
evaluations: 14344703
first invidual area: 129.31
{7,1,80,1,2,1,8}([7]0,3,3)([8]7,6,4)([9]3,0,5)([10]2,0,6)([11]2,4,7)([12]8,11,4)([13]4,11,6)([14]13,1,4)([15]2,6,3)([16]0,8,6)([17]14,16,4)([18]7,13,2)([19]9,18,5)([20]6,5,4)([21]3,6,6)([22]13,12,4)([23]19,12,4)([24]3,0,0)([25]10,20,0)([26]6,3,4)([27]21,19,6)([28]17,10,4)([29]22,20,4)([30]25,16,2)([31]17,8,3)([32]28,18,1)([33]17,3,3)([34]15,28,3)([35]4,20,3)([36]14,32,3)([37]29,7,3)([38]5,28,7)([39]12,35,6)([40]27,29,3)([41]10,23,7)([42]34,40,2)([43]35,1,2)([44]36,29,5)([45]42,43,3)([46]16,0,1)([47]45,33,4)([48]37,33,3)([49]10,44,4)([50]47,25,0)([51]39,43,0)([52]48,21,7)([53]16,29,7)([54]6,48,5)([55]39,17,2)([56]54,35,4)([57]49,47,0)([58]36,30,6)([59]39,15,7)([60]5,16,0)([61]49,49,7)([62]23,57,6)([63]31,50,0)([64]27,48,2)([65]13,15,7)([66]24,52,5)([67]27,4,1)([68]62,3,2)([69]40,64,5)([70]61,64,3)([71]68,50,3)([72]69,27,6)([73]23,39,1)([74]16,57,5)([75]64,61,7)([76]40,29,1)([77]43,54,2)([78]56,24,4)([79]32,34,0)([80]47,5,4)([81]53,2,5)([82]44,14,5)([83]71,70,0)([84]83,55,3)([85]21,47,0)([86]42,52,1)(84)
optimized area: 114.77
time: 716915 ms
seed: 1634712039
NOT FOUND
time: 525187 ms
seed: 1634756368
{7,1,80,1,2,1,8}([7]5,6,3)([8]0,7,2)([9]4,8,7)([10]8,1,5)([11]3,6,6)([12]10,4,6)([13]10,3,3)([14]8,12,5)([15]11,6,0)([16]0,1,7)([17]7,12,4)([18]16,3,6)([19]13,5,2)([20]9,16,3)([21]19,9,7)([22]2,20,5)([23]7,15,3)([24]22,21,4)([25]0,9,1)([26]25,11,7)([27]1,23,3)([28]6,26,4)([29]3,2,2)([30]18,24,4)([31]10,27,0)([32]28,0,7)([33]20,14,2)([34]2,6,4)([35]0,15,3)([36]30,21,7)([37]24,7,3)([38]28,29,7)([39]26,13,7)([40]18,20,3)([41]11,31,0)([42]23,28,5)([43]34,32,1)([44]18,43,0)([45]43,2,5)([46]9,15,1)([47]35,40,4)([48]22,27,4)([49]41,48,5)([50]0,30,7)([51]13,49,5)([52]30,30,1)([53]30,38,5)([54]39,0,2)([55]21,33,7)([56]4,21,6)([57]12,9,4)([58]20,42,4)([59]53,47,6)([60]23,42,7)([61]0,57,2)([62]55,48,5)([63]18,5,2)([64]30,33,2)([65]28,34,6)([66]22,57,0)([67]59,7,2)([68]6,62,6)([69]15,13,1)([70]10,39,2)([71]5,69,1)([72]68,67,3)([73]70,64,6)([74]30,62,4)([75]33,49,5)([76]16,39,2)([77]58,21,6)([78]25,55,0)([79]31,74,6)([80]61,36,5)([81]25,51,3)([82]73,5,2)([83]72,73,7)([84]49,16,1)([85]80,27,5)([86]67,4,5)(83)
evaluations: 13611227
first invidual area: 120.86
{7,1,80,1,2,1,8}([7]5,6,3)([8]7,0,2)([9]8,4,7)([10]1,8,5)([11]3,6,3)([12]4,10,3)([13]3,12,3)([14]5,13,5)([15]9,4,7)([16]0,1,7)([17]16,3,6)([18]16,14,4)([19]14,3,5)([20]16,9,3)([21]14,9,4)([22]20,2,5)([23]2,21,0)([24]22,17,4)([25]20,17,6)([26]11,0,7)([27]19,26,3)([28]3,23,5)([29]12,20,2)([30]21,24,4)([31]6,26,7)([32]2,30,6)([33]7,17,1)([34]5,6,3)([35]2,13,5)([36]32,23,7)([37]21,22,0)([38]32,22,6)([39]20,37,2)([40]14,37,5)([41]28,31,7)([42]26,10,2)([43]10,24,2)([44]13,42,4)([45]34,42,4)([46]20,20,6)([47]8,39,3)([48]30,41,5)([49]25,8,7)([50]27,2,5)([51]48,14,4)([52]14,31,0)([53]0,51,5)([54]51,8,6)([55]27,22,4)([56]47,55,5)([57]21,30,7)([58]22,19,0)([59]48,49,6)([60]13,42,6)([61]27,13,7)([62]45,58,1)([63]51,30,6)([64]41,25,5)([65]54,49,2)([66]11,60,6)([67]29,30,2)([68]6,56,6)([69]39,35,5)([70]34,14,0)([71]54,5,2)([72]68,59,3)([73]42,67,6)([74]6,49,4)([75]6,14,5)([76]59,25,7)([77]31,63,5)([78]67,7,7)([79]19,32,2)([80]63,52,6)([81]76,48,5)([82]73,2,7)([83]72,73,7)([84]35,48,7)([85]55,54,1)([86]16,4,6)(83)
optimized area: 106.80
time: 1175607 ms
seed: 1634821525
NOT FOUND
time: 986909 ms
seed: 1634946372
{7,1,80,1,2,1,8}([7]4,3,6)([8]0,4,4)([9]0,6,3)([10]6,3,6)([11]8,1,3)([12]3,1,4)([13]12,11,5)([14]3,0,4)([15]8,5,7)([16]2,15,7)([17]15,6,7)([18]16,16,3)([19]1,14,0)([20]19,5,6)([21]7,8,6)([22]14,10,7)([23]22,12,6)([24]1,18,5)([25]22,1,3)([26]14,16,2)([27]22,17,3)([28]13,24,1)([29]9,4,2)([30]0,27,4)([31]13,6,7)([32]31,21,2)([33]16,26,5)([34]4,14,2)([35]11,16,7)([36]29,1,7)([37]31,16,4)([38]7,2,1)([39]16,30,3)([40]29,35,3)([41]22,34,4)([42]27,1,7)([43]7,42,2)([44]41,32,3)([45]12,34,6)([46]16,43,7)([47]1,42,3)([48]26,45,3)([49]27,43,7)([50]26,18,4)([51]33,28,2)([52]12,13,5)([53]2,12,7)([54]49,51,3)([55]7,15,7)([56]0,37,3)([57]13,53,2)([58]15,4,4)([59]13,20,4)([60]37,32,6)([61]42,34,5)([62]60,39,2)([63]24,38,6)([64]1,29,5)([65]50,46,3)([66]64,65,2)([67]21,34,2)([68]9,37,2)([69]2,25,0)([70]54,48,4)([71]47,54,6)([72]57,39,3)([73]41,10,2)([74]48,36,3)([75]27,60,1)([76]0,33,5)([77]6,61,3)([78]26,69,5)([79]72,60,4)([80]61,4,0)([81]70,52,3)([82]63,35,6)([83]54,79,6)([84]83,66,4)([85]24,78,3)([86]15,46,4)(84)
evaluations: 44375984
first invidual area: 131.20
{7,1,80,1,2,1,8}([7]3,4,6)([8]0,4,4)([9]1,2,3)([10]1,8,3)([11]3,10,0)([12]11,1,4)([13]12,10,5)([14]3,0,4)([15]8,5,7)([16]2,15,7)([17]0,5,1)([18]7,3,0)([19]11,11,2)([20]6,11,6)([21]18,9,1)([22]13,12,1)([23]15,10,0)([24]0,6,3)([25]20,14,7)([26]23,6,7)([27]25,26,3)([28]26,14,5)([29]8,18,6)([30]15,21,4)([31]13,6,7)([32]15,8,0)([33]29,16,2)([34]4,32,2)([35]14,14,0)([36]24,35,1)([37]31,16,4)([38]1,9,1)([39]16,17,3)([40]3,36,5)([41]26,28,1)([42]12,27,7)([43]7,42,2)([44]41,25,3)([45]42,2,7)([46]14,43,6)([47]16,43,7)([48]25,6,1)([49]43,27,6)([50]4,20,1)([51]40,22,2)([52]24,4,2)([53]34,42,5)([54]49,51,3)([55]46,13,2)([56]19,6,5)([57]22,19,5)([58]44,10,4)([59]38,57,0)([60]37,33,3)([61]49,46,2)([62]36,36,1)([63]51,52,7)([64]1,52,5)([65]47,46,3)([66]64,65,5)([67]27,2,1)([68]0,20,5)([69]59,7,5)([70]60,14,6)([71]57,47,2)([72]45,39,3)([73]50,2,4)([74]61,28,5)([75]63,51,7)([76]9,55,5)([77]28,35,0)([78]41,46,3)([79]72,60,7)([80]27,23,2)([81]69,70,3)([82]64,59,1)([83]54,79,3)([84]83,66,4)([85]16,17,0)([86]77,76,2)(84)
optimized area: 119.46
time: 977609 ms
seed: 1635076450
{7,1,80,1,2,1,8}([7]1,0,7)([8]5,3,3)([9]7,3,6)([10]5,9,0)([11]1,8,4)([12]9,2,4)([13]3,6,6)([14]10,4,7)([15]12,5,7)([16]14,9,4)([17]15,6,2)([18]4,7,2)([19]11,1,1)([20]17,0,4)([21]4,19,3)([22]18,13,6)([23]20,19,5)([24]21,2,4)([25]14,24,7)([26]18,15,6)([27]3,13,3)([28]16,6,0)([29]21,13,4)([30]26,29,3)([31]5,30,2)([32]5,0,5)([33]6,32,4)([34]13,27,1)([35]16,23,3)([36]24,30,7)([37]4,16,0)([38]36,28,4)([39]31,27,5)([40]9,27,7)([41]20,25,7)([42]33,24,4)([43]42,25,2)([44]20,22,7)([45]6,39,7)([46]24,5,2)([47]32,15,4)([48]14,22,4)([49]6,42,3)([50]48,37,4)([51]28,14,5)([52]7,40,7)([53]27,0,0)([54]37,43,7)([55]36,15,2)([56]12,3,4)([57]56,16,2)([58]45,43,3)([59]55,48,4)([60]15,45,6)([61]33,40,2)([62]38,61,1)([63]14,60,2)([64]3,41,7)([65]58,9,1)([66]40,20,7)([67]15,64,5)([68]60,49,6)([69]3,6,3)([70]60,44,5)([71]13,4,2)([72]31,60,5)([73]65,62,6)([74]56,53,5)([75]45,4,5)([76]74,7,7)([77]50,1,0)([78]29,29,2)([79]67,68,7)([80]79,44,6)([81]78,22,5)([82]24,33,0)([83]16,20,1)([84]46,29,0)([85]50,7,3)([86]73,80,6)(86)
evaluations: 29443735
first invidual area: 143.38
{7,1,80,1,2,1,8}([7]0,1,7)([8]4,5,7)([9]7,3,6)([10]3,5,6)([11]2,4,2)([12]2,9,7)([13]3,6,6)([14]7,4,2)([15]12,5,4)([16]6,15,5)([17]5,0,5)([18]2,9,3)([19]1,10,4)([20]0,16,7)([21]4,19,3)([22]14,13,6)([23]21,13,4)([24]21,2,4)([25]24,8,7)([26]4,15,6)([27]18,1,0)([28]3,13,3)([29]15,19,7)([30]23,26,3)([31]28,30,2)([32]7,8,1)([33]24,5,3)([34]24,19,0)([35]9,12,2)([36]30,25,4)([37]17,12,0)([38]36,9,7)([39]31,5,5)([40]18,28,1)([41]22,25,7)([42]24,37,4)([43]42,14,2)([44]2,5,5)([45]39,6,7)([46]4,20,7)([47]43,45,6)([48]25,45,5)([49]6,42,3)([50]8,43,3)([51]37,35,6)([52]38,47,6)([53]28,43,7)([54]16,14,4)([55]22,20,7)([56]23,3,0)([57]5,49,2)([58]12,5,6)([59]31,10,1)([60]12,20,3)([61]14,6,7)([62]7,59,2)([63]26,62,0)([64]3,41,4)([65]62,39,3)([66]58,49,6)([67]15,64,5)([68]30,57,6)([69]16,7,1)([70]56,62,0)([71]35,7,5)([72]2,22,4)([73]1,31,7)([74]24,47,5)([75]47,15,2)([76]72,19,3)([77]72,34,6)([78]51,21,1)([79]67,66,7)([80]79,55,6)([81]8,42,0)([82]20,49,6)([83]3,72,4)([84]23,24,7)([85]75,12,5)([86]80,52,6)(86)
optimized area: 129.33
time: 1100555 ms
seed: 1635119145
NOT FOUND
time: 535640 ms
seed: 1635168064
{7,1,80,1,2,1,8}([7]5,2,4)([8]2,6,3)([9]3,1,3)([10]4,8,4)([11]3,8,2)([12]1,10,7)([13]0,6,4)([14]6,6,4)([15]13,12,7)([16]10,7,2)([17]15,11,3)([18]14,6,4)([19]17,7,5)([20]13,12,6)([21]4,11,7)([22]21,7,2)([23]6,19,2)([24]12,2,2)([25]2,9,7)([26]7,7,5)([27]5,13,6)([28]16,8,2)([29]17,27,4)([30]3,4,2)([31]21,29,2)([32]25,31,2)([33]3,18,3)([34]31,23,2)([35]34,22,4)([36]16,8,3)([37]23,25,6)([38]23,30,7)([39]0,32,0)([40]7,32,7)([41]21,35,4)([42]4,0,2)([43]40,42,7)([44]15,40,7)([45]42,37,1)([46]1,3,7)([47]44,43,0)([48]10,46,0)([49]34,40,0)([50]22,48,7)([51]3,14,7)([52]42,9,4)([53]32,47,5)([54]49,19,5)([55]49,51,2)([56]3,50,4)([57]46,18,0)([58]16,16,1)([59]4,37,5)([60]39,57,7)([61]37,18,4)([62]1,24,3)([63]61,44,5)([64]17,13,1)([65]3,25,2)([66]60,38,5)([67]60,10,1)([68]57,41,6)([69]15,12,0)([70]22,15,3)([71]44,36,5)([72]63,55,6)([73]35,38,2)([74]0,63,3)([75]44,59,6)([76]56,63,6)([77]66,51,7)([78]15,29,3)([79]27,53,5)([80]36,57,5)([81]68,72,6)([82]81,77,7)([83]14,42,2)([84]0,21,6)([85]18,33,5)([86]7,78,1)(82)
evaluations: 39078591
first invidual area: 141.54
{7,1,80,1,2,1,8}([7]2,5,4)([8]6,2,3)([9]1,3,6)([10]4,1,4)([11]8,3,5)([12]11,5,4)([13]8,0,4)([14]10,6,4)([15]14,13,4)([16]6,11,7)([17]15,3,3)([18]3,4,5)([19]17,7,5)([20]13,7,1)([21]4,11,4)([22]4,15,4)([23]19,6,2)([24]1,3,1)([25]2,9,4)([26]20,12,4)([27]5,13,6)([28]23,25,6)([29]17,27,4)([30]0,10,0)([31]29,21,2)([32]25,31,5)([33]15,20,3)([34]31,23,2)([35]34,7,7)([36]2,2,5)([37]18,23,4)([38]28,31,2)([39]34,11,2)([40]7,32,4)([41]17,2,6)([42]21,35,2)([43]29,27,4)([44]15,40,7)([45]37,33,1)([46]1,3,7)([47]0,14,7)([48]44,9,7)([49]46,42,6)([50]34,18,1)([51]4,27,0)([52]41,30,3)([53]3,6,6)([54]52,27,7)([55]44,41,0)([56]54,39,0)([57]38,8,6)([58]8,2,5)([59]9,22,4)([60]30,46,7)([61]28,6,4)([62]54,48,7)([63]61,55,5)([64]37,15,2)([65]63,39,6)([66]60,37,5)([67]66,43,6)([68]32,14,5)([69]16,1,3)([70]50,35,0)([71]20,7,1)([72]9,56,7)([73]50,51,4)([74]37,44,0)([75]1,70,0)([76]31,60,0)([77]66,3,4)([78]56,74,6)([79]6,59,5)([80]20,58,3)([81]49,65,6)([82]81,77,7)([83]16,69,5)([84]81,18,3)([85]57,82,7)([86]50,14,5)(82)
optimized area: 121.37
time: 556581 ms
seed: 1635274534
{7,1,80,1,2,1,8}([7]4,0,5)([8]1,6,7)([9]8,5,7)([10]2,6,4)([11]7,10,4)([12]3,4,4)([13]3,8,1)([14]1,7,4)([15]0,8,3)([16]6,14,1)([17]14,0,7)([18]5,2,7)([19]15,12,0)([20]18,16,2)([21]11,2,7)([22]15,1,5)([23]11,13,4)([24]9,17,5)([25]10,22,1)([26]18,12,4)([27]24,26,5)([28]20,24,7)([29]3,14,5)([30]23,28,7)([31]27,2,2)([32]26,28,6)([33]25,22,5)([34]12,24,3)([35]25,12,7)([36]14,11,5)([37]31,0,3)([38]29,17,7)([39]7,30,5)([40]32,22,2)([41]25,16,4)([42]37,34,2)([43]6,5,3)([44]19,23,7)([45]0,8,6)([46]25,29,2)([47]34,14,2)([48]32,44,6)([49]42,2,0)([50]39,42,4)([51]25,20,2)([52]44,32,3)([53]40,31,6)([54]7,29,2)([55]0,18,2)([56]40,11,2)([57]21,28,7)([58]29,9,6)([59]38,47,6)([60]32,34,7)([61]34,43,0)([62]52,38,6)([63]1,58,7)([64]7,55,2)([65]9,50,0)([66]36,5,4)([67]13,53,3)([68]31,33,7)([69]62,2,1)([70]39,69,5)([71]69,68,5)([72]61,20,5)([73]50,26,7)([74]30,60,5)([75]70,67,3)([76]51,7,2)([77]20,31,1)([78]73,76,4)([79]12,26,6)([80]30,51,1)([81]34,78,5)([82]78,68,6)([83]9,40,3)([84]82,57,1)([85]40,70,3)([86]85,84,2)(86)
evaluations: 25667996
first invidual area: 141.48
{7,1,80,1,2,1,8}([7]4,0,5)([8]6,5,7)([9]6,5,1)([10]6,2,4)([11]1,8,7)([12]9,10,6)([13]9,1,6)([14]7,1,4)([15]0,2,3)([16]4,8,7)([17]0,14,7)([18]3,14,5)([19]10,5,7)([20]19,9,5)([21]3,10,4)([22]1,15,5)([23]7,21,7)([24]11,17,5)([25]7,8,2)([26]21,16,7)([27]14,18,4)([28]20,24,4)([29]24,5,3)([30]26,29,5)([31]30,2,2)([32]9,11,3)([33]17,18,7)([34]5,2,3)([35]28,21,7)([36]23,15,2)([37]25,33,3)([38]18,37,2)([39]7,35,5)([40]15,38,0)([41]22,39,0)([42]14,4,3)([43]18,40,3)([44]32,38,2)([45]37,5,5)([46]10,38,1)([47]18,26,2)([48]0,31,6)([49]46,41,5)([50]39,30,4)([51]46,28,2)([52]36,33,3)([53]48,26,0)([54]49,15,2)([55]50,53,7)([56]3,16,4)([57]26,28,6)([58]54,43,3)([59]41,50,0)([60]53,0,2)([61]23,53,3)([62]57,52,3)([63]62,28,7)([64]54,26,4)([65]53,17,6)([66]55,51,3)([67]1,54,1)([68]31,49,7)([69]30,47,4)([70]39,62,5)([71]48,39,7)([72]68,22,7)([73]54,69,6)([74]9,39,7)([75]46,71,6)([76]0,42,4)([77]34,69,0)([78]2,58,4)([79]3,60,6)([80]22,57,2)([81]1,77,2)([82]66,68,3)([83]32,76,3)([84]34,53,4)([85]80,70,3)([86]85,82,2)(86)
optimized area: 127.43
time: 1171736 ms
seed: 1635431937
{7,1,80,1,2,1,8}([7]0,3,2)([8]5,3,2)([9]5,3,5)([10]6,1,5)([11]2,5,7)([12]10,3,4)([13]9,4,4)([14]1,3,2)([15]13,11,4)([16]9,6,4)([17]0,16,4)([18]12,15,5)([19]6,6,4)([20]17,16,2)([21]1,16,4)([22]20,18,7)([23]17,2,7)([24]0,9,2)([25]13,4,7)([26]24,15,4)([27]3,13,0)([28]2,16,5)([29]13,23,5)([30]2,26,2)([31]1,30,7)([32]21,29,7)([33]12,25,7)([34]11,33,2)([35]29,18,5)([36]17,30,4)([37]18,29,7)([38]20,36,7)([39]21,17,3)([40]29,31,7)([41]34,31,3)([42]35,7,3)([43]10,41,3)([44]14,36,5)([45]8,16,6)([46]4,27,4)([47]38,0,4)([48]13,9,1)([49]18,13,0)([50]13,32,4)([51]26,42,3)([52]46,26,5)([53]16,32,4)([54]52,41,2)([55]22,42,4)([56]55,44,5)([57]16,11,2)([58]26,47,7)([59]44,55,5)([60]24,19,4)([61]3,28,3)([62]53,45,4)([63]6,40,7)([64]60,21,0)([65]63,15,1)([66]32,9,7)([67]58,65,3)([68]61,32,3)([69]32,64,7)([70]22,11,6)([71]61,67,4)([72]6,34,2)([73]71,54,5)([74]54,39,2)([75]3,40,5)([76]41,50,0)([77]69,19,0)([78]59,69,6)([79]3,22,0)([80]43,54,0)([81]73,73,2)([82]68,31,3)([83]81,56,4)([84]20,79,0)([85]61,34,4)([86]47,62,5)(83)
evaluations: 28967719
first invidual area: 149.02
{7,1,80,1,2,1,8}([7]3,0,2)([8]2,7,2)([9]3,5,5)([10]1,6,5)([11]5,2,7)([12]3,10,4)([13]9,4,4)([14]13,2,5)([15]13,11,4)([16]6,9,4)([17]0,16,4)([18]12,15,5)([19]14,11,7)([20]16,17,2)([21]5,18,7)([22]2,12,5)([23]2,17,7)([24]0,9,5)([25]17,9,7)([26]24,15,7)([27]0,21,1)([28]3,1,2)([29]13,23,5)([30]26,2,2)([31]1,30,7)([32]6,22,3)([33]9,12,4)([34]11,33,2)([35]29,18,5)([36]17,30,4)([37]7,35,6)([38]0,36,4)([39]5,5,0)([40]6,29,7)([41]34,31,3)([42]40,19,3)([43]16,20,6)([44]36,28,5)([45]40,31,7)([46]3,4,4)([47]18,20,7)([48]5,34,3)([49]26,38,7)([50]18,6,2)([51]20,6,7)([52]46,26,5)([53]48,39,3)([54]52,41,2)([55]47,37,7)([56]55,44,5)([57]21,36,4)([58]32,17,1)([59]49,20,4)([60]35,28,0)([61]3,54,7)([62]40,38,3)([63]31,4,2)([64]61,38,4)([65]43,18,5)([66]41,49,7)([67]59,45,5)([68]11,46,4)([69]67,16,0)([70]68,10,1)([71]32,67,4)([72]27,56,7)([73]71,54,5)([74]36,27,5)([75]9,65,7)([76]53,45,4)([77]15,55,7)([78]55,0,7)([79]51,1,0)([80]46,53,0)([81]58,34,7)([82]69,36,3)([83]73,56,4)([84]72,66,2)([85]56,61,5)([86]8,64,1)(83)
optimized area: 141.99
time: 1149907 ms
seed: 1635539212
{7,1,80,1,2,1,8}([7]6,1,2)([8]5,4,7)([9]6,3,2)([10]6,0,7)([11]4,2,2)([12]3,1,4)([13]6,4,7)([14]8,1,1)([15]10,14,1)([16]12,10,7)([17]0,2,4)([18]2,7,7)([19]18,4,4)([20]1,11,6)([21]6,11,6)([22]5,19,3)([23]18,19,6)([24]10,7,3)([25]1,9,6)([26]17,8,6)([27]22,12,1)([28]16,27,2)([29]21,28,4)([30]27,13,3)([31]24,29,7)([32]1,14,5)([33]5,8,0)([34]24,11,4)([35]12,29,3)([36]34,21,0)([37]20,27,4)([38]0,31,2)([39]37,21,6)([40]25,26,3)([41]9,13,5)([42]23,18,3)([43]11,23,0)([44]3,35,4)([45]0,35,2)([46]7,45,3)([47]39,5,3)([48]30,34,2)([49]40,5,7)([50]46,49,5)([51]2,29,2)([52]7,20,3)([53]50,38,1)([54]36,4,5)([55]17,40,2)([56]37,12,6)([57]32,22,6)([58]51,44,4)([59]8,58,6)([60]15,1,0)([61]50,37,3)([62]20,33,1)([63]52,36,2)([64]56,61,4)([65]53,12,3)([66]64,48,6)([67]53,63,6)([68]49,2,7)([69]44,66,4)([70]63,24,6)([71]59,46,6)([72]3,21,0)([73]34,30,6)([74]72,17,6)([75]18,31,2)([76]54,26,0)([77]38,3,4)([78]0,9,0)([79]75,69,3)([80]79,71,7)([81]10,56,6)([82]0,54,6)([83]74,32,6)([84]11,11,0)([85]58,14,3)([86]75,34,3)(80)
evaluations: 44698803
first invidual area: 143.85
{7,1,80,1,2,1,8}([7]1,6,2)([8]5,4,7)([9]2,0,4)([10]6,0,7)([11]4,2,2)([12]3,1,4)([13]4,6,7)([14]6,13,4)([15]12,10,7)([16]0,13,0)([17]7,4,2)([18]2,7,7)([19]4,18,4)([20]1,11,6)([21]6,11,3)([22]5,19,6)([23]9,5,5)([24]10,7,3)([25]1,24,6)([26]9,8,6)([27]22,17,0)([28]27,15,5)([29]21,28,4)([30]10,14,1)([31]23,3,6)([32]26,25,6)([33]15,30,1)([34]24,11,4)([35]12,29,3)([36]34,21,6)([37]20,22,4)([38]7,1,0)([39]20,16,4)([40]13,20,3)([41]21,38,7)([42]7,18,3)([43]38,1,0)([44]3,35,4)([45]16,35,2)([46]38,45,3)([47]32,41,2)([48]40,34,2)([49]32,5,4)([50]46,49,5)([51]9,29,2)([52]30,17,4)([53]24,29,7)([54]43,0,1)([55]31,0,3)([56]37,12,6)([57]51,50,5)([58]51,44,4)([59]8,58,6)([60]43,32,7)([61]50,37,3)([62]28,58,6)([63]19,13,1)([64]56,61,4)([65]1,37,2)([66]64,48,3)([67]61,39,6)([68]4,48,7)([69]44,66,7)([70]47,35,0)([71]59,46,3)([72]47,34,7)([73]9,21,6)([74]54,72,0)([75]18,53,2)([76]74,11,2)([77]40,72,4)([78]15,33,2)([79]75,69,6)([80]79,71,7)([81]62,66,6)([82]45,7,0)([83]44,2,3)([84]13,69,0)([85]35,24,6)([86]34,38,3)(80)
optimized area: 139.64
time: 1013390 ms
seed: 1635599811
NOT FOUND
time: 1081448 ms
seed: 1635647563
{7,1,80,1,2,1,8}([7]2,6,3)([8]0,1,7)([9]1,4,4)([10]4,8,2)([11]5,3,7)([12]11,1,2)([13]1,6,3)([14]3,8,3)([15]12,6,4)([16]5,2,7)([17]14,1,7)([18]0,6,7)([19]5,6,7)([20]12,3,3)([21]0,13,6)([22]9,16,5)([23]4,16,1)([24]17,22,7)([25]20,0,2)([26]5,16,0)([27]18,24,6)([28]20,9,7)([29]6,21,7)([30]20,13,7)([31]14,21,5)([32]16,23,2)([33]31,28,6)([34]22,7,4)([35]21,17,7)([36]32,1,4)([37]5,12,6)([38]4,34,7)([39]6,38,1)([40]25,38,3)([41]3,2,2)([42]40,8,4)([43]7,25,4)([44]39,8,5)([45]37,18,4)([46]16,19,5)([47]14,43,5)([48]37,10,6)([49]32,27,7)([50]3,11,7)([51]33,24,4)([52]38,47,2)([53]42,2,5)([54]45,52,2)([55]49,42,6)([56]7,10,7)([57]48,23,7)([58]46,52,3)([59]15,58,3)([60]41,37,3)([61]5,8,0)([62]59,51,5)([63]47,13,5)([64]8,18,1)([65]11,1,4)([66]58,47,1)([67]62,54,6)([68]18,9,1)([69]51,56,5)([70]9,53,2)([71]5,55,4)([72]51,2,4)([73]1,47,7)([74]55,4,3)([75]24,55,3)([76]45,49,2)([77]18,28,5)([78]36,7,5)([79]78,24,0)([80]55,67,6)([81]0,32,1)([82]19,72,6)([83]15,11,5)([84]43,45,2)([85]20,31,6)([86]77,23,5)(80)
evaluations: 9923876
first invidual area: 134.94
{7,1,80,1,2,1,8}([7]5,3,0)([8]1,0,7)([9]4,1,4)([10]3,9,7)([11]8,3,3)([12]3,5,1)([13]6,0,7)([14]4,4,1)([15]5,6,4)([16]7,2,7)([17]2,6,3)([18]1,12,2)([19]13,13,7)([20]15,10,3)([21]9,8,2)([22]16,9,5)([23]1,11,4)([24]23,22,4)([25]0,20,2)([26]17,15,6)([27]3,16,5)([28]7,9,1)([29]0,6,6)([30]14,16,5)([31]10,6,3)([32]17,22,7)([33]25,0,1)([34]24,13,3)([35]29,10,5)([36]8,23,5)([37]31,28,5)([38]4,32,4)([39]31,36,3)([40]25,38,3)([41]8,40,4)([42]24,39,7)([43]9,27,5)([44]12,16,1)([45]38,5,0)([46]18,7,3)([47]31,33,5)([48]8,35,2)([49]30,34,7)([50]2,45,3)([51]46,13,7)([52]47,38,2)([53]15,27,3)([54]51,52,2)([55]41,49,6)([56]15,18,5)([57]17,53,0)([58]53,38,3)([59]55,26,5)([60]24,9,2)([61]24,59,1)([62]38,0,7)([63]31,35,4)([64]46,34,3)([65]42,58,5)([66]44,58,1)([67]65,54,6)([68]28,41,4)([69]37,40,4)([70]69,21,1)([71]41,42,0)([72]19,29,7)([73]48,5,4)([74]53,47,5)([75]29,15,7)([76]34,70,3)([77]16,32,3)([78]67,55,6)([79]33,13,6)([80]30,59,0)([81]23,27,6)([82]59,39,5)([83]33,75,7)([84]9,77,2)([85]38,82,5)([86]39,31,3)(78)
optimized area: 120.86
time: 1232580 ms
seed: 1635695271
NOT FOUND
time: 1067665 ms
seed: 1635742608
{7,1,80,1,2,1,8}([7]6,2,3)([8]0,2,4)([9]8,5,5)([10]4,9,7)([11]9,6,4)([12]5,9,4)([13]1,4,6)([14]7,13,6)([15]10,0,6)([16]1,14,4)([17]13,4,7)([18]10,15,3)([19]16,5,4)([20]11,13,4)([21]12,3,7)([22]2,8,5)([23]7,19,6)([24]21,22,7)([25]20,4,4)([26]19,3,6)([27]26,16,5)([28]21,17,7)([29]17,25,5)([30]20,2,7)([31]16,3,1)([32]29,0,2)([33]4,22,4)([34]8,18,5)([35]30,3,4)([36]34,28,4)([37]20,27,7)([38]31,9,6)([39]25,31,5)([40]29,18,0)([41]32,2,2)([42]15,27,3)([43]1,14,6)([44]25,6,5)([45]26,15,4)([46]17,28,5)([47]31,25,4)([48]9,7,2)([49]19,11,6)([50]19,48,4)([51]35,37,6)([52]38,36,7)([53]30,16,2)([54]35,51,7)([55]43,52,6)([56]52,45,2)([57]41,54,7)([58]23,47,1)([59]55,13,6)([60]58,55,6)([61]28,60,6)([62]48,16,3)([63]57,25,2)([64]59,35,3)([65]64,49,3)([66]65,57,6)([67]37,49,6)([68]66,1,4)([69]8,52,7)([70]61,51,4)([71]24,47,6)([72]27,14,1)([73]67,71,3)([74]15,32,3)([75]17,64,4)([76]73,70,6)([77]37,13,7)([78]69,39,1)([79]39,2,1)([80]56,20,5)([81]76,56,3)([82]64,25,0)([83]34,39,7)([84]68,81,7)([85]0,73,0)([86]4,4,1)(84)
evaluations: 22320034
first invidual area: 185.55
{7,1,80,1,2,1,8}([7]6,2,3)([8]2,0,4)([9]8,5,5)([10]9,4,7)([11]9,6,4)([12]5,9,5)([13]1,4,6)([14]13,7,6)([15]10,0,3)([16]14,1,4)([17]13,4,6)([18]10,2,3)([19]16,5,4)([20]11,13,4)([21]12,3,7)([22]8,2,5)([23]21,22,5)([24]21,22,7)([25]20,4,4)([26]19,3,6)([27]26,16,5)([28]17,21,7)([29]16,11,5)([30]18,16,0)([31]6,29,4)([32]29,0,2)([33]2,20,7)([34]8,30,5)([35]33,3,4)([36]34,28,4)([37]20,27,7)([38]19,9,6)([39]2,10,2)([40]4,17,3)([41]32,2,5)([42]41,25,0)([43]22,11,5)([44]29,34,1)([45]26,15,7)([46]14,24,2)([47]25,16,7)([48]47,24,6)([49]19,11,6)([50]15,28,0)([51]37,35,6)([52]38,36,6)([53]18,33,4)([54]0,11,5)([55]39,52,6)([56]52,45,2)([57]42,37,4)([58]14,32,2)([59]55,13,6)([60]5,45,4)([61]28,58,3)([62]2,32,2)([63]14,27,5)([64]59,35,3)([65]64,49,3)([66]65,57,6)([67]37,49,6)([68]66,1,4)([69]26,2,1)([70]61,51,7)([71]44,11,0)([72]44,23,7)([73]67,48,3)([74]18,50,2)([75]61,33,1)([76]73,70,6)([77]0,32,0)([78]43,12,2)([79]14,21,1)([80]5,13,6)([81]76,56,6)([82]75,50,2)([83]0,44,2)([84]68,81,4)([85]14,3,0)([86]62,37,2)(84)
optimized area: 167.73
time: 1423547 ms
seed: 1635789543
{7,1,80,1,2,1,8}([7]3,4,5)([8]1,4,4)([9]6,2,4)([10]8,3,4)([11]6,1,5)([12]11,10,3)([13]5,9,2)([14]6,3,3)([15]11,0,5)([16]14,11,4)([17]10,4,6)([18]4,16,7)([19]5,1,7)([20]5,4,6)([21]9,18,6)([22]12,15,5)([23]11,20,2)([24]19,10,2)([25]14,21,7)([26]7,0,2)([27]16,9,2)([28]1,4,3)([29]9,22,6)([30]25,23,7)([31]17,14,7)([32]17,26,4)([33]14,11,4)([34]26,13,7)([35]22,7,6)([36]32,18,6)([37]22,33,4)([38]23,29,3)([39]20,32,1)([40]13,37,7)([41]24,30,6)([42]2,36,4)([43]5,42,7)([44]30,8,2)([45]34,2,1)([46]28,41,7)([47]23,13,1)([48]19,9,0)([49]38,8,3)([50]43,6,0)([51]35,19,2)([52]39,5,3)([53]16,39,6)([54]37,51,3)([55]52,6,7)([56]50,49,2)([57]18,16,4)([58]34,55,3)([59]33,20,2)([60]54,53,6)([61]25,7,7)([62]56,58,2)([63]61,7,6)([64]41,49,2)([65]33,10,7)([66]46,54,2)([67]64,18,6)([68]41,25,1)([69]16,34,7)([70]27,21,4)([71]62,66,3)([72]11,17,6)([73]53,49,2)([74]48,43,0)([75]22,31,1)([76]8,12,7)([77]39,51,6)([78]63,59,7)([79]45,54,4)([80]27,66,2)([81]37,43,7)([82]49,45,1)([83]16,8,0)([84]11,38,3)([85]1,30,6)([86]70,54,3)(71)
evaluations: 25712197
first invidual area: 140.08
{7,1,80,1,2,1,8}([7]4,3,5)([8]1,4,4)([9]6,2,4)([10]8,3,4)([11]6,1,5)([12]7,6,1)([13]12,10,3)([14]6,3,3)([15]11,0,5)([16]14,11,5)([17]13,11,3)([18]16,4,7)([19]5,1,7)([20]4,5,6)([21]9,18,3)([22]17,15,5)([23]20,11,5)([24]19,10,2)([25]23,21,4)([26]7,0,2)([27]9,5,5)([28]4,8,6)([29]22,9,6)([30]27,26,4)([31]26,13,7)([32]25,14,4)([33]13,16,0)([34]7,22,5)([35]18,5,3)([36]31,18,6)([37]22,16,4)([38]29,28,3)([39]17,23,3)([40]39,17,2)([41]37,33,7)([42]36,5,4)([43]2,42,7)([44]32,24,3)([45]43,40,1)([46]28,44,7)([47]39,31,4)([48]40,2,3)([49]38,8,3)([50]21,47,2)([51]12,19,2)([52]8,22,7)([53]42,21,4)([54]51,37,3)([55]6,20,4)([56]43,49,2)([57]49,21,5)([58]30,55,3)([59]29,44,2)([60]38,35,1)([61]4,55,2)([62]44,28,3)([63]15,45,3)([64]58,56,2)([65]34,62,0)([66]46,54,2)([67]21,34,4)([68]25,18,7)([69]10,3,5)([70]39,52,3)([71]62,6,2)([72]18,25,4)([73]66,51,5)([74]68,66,3)([75]53,63,0)([76]7,42,5)([77]66,64,3)([78]29,42,1)([79]13,62,7)([80]17,1,2)([81]26,29,4)([82]36,15,7)([83]75,29,3)([84]29,2,2)([85]50,9,2)([86]43,17,7)(77)
optimized area: 126.95
time: 1159641 ms
