seed: 1633868042
NOT FOUND
time: 520828 ms
seed: 1634005616
{7,1,80,1,2,1,8}([7]5,4,4)([8]5,4,2)([9]0,4,6)([10]2,3,7)([11]6,10,3)([12]6,9,7)([13]3,7,6)([14]3,12,7)([15]1,8,3)([16]1,0,3)([17]16,6,5)([18]2,14,2)([19]4,13,6)([20]5,0,7)([21]1,0,7)([22]15,14,7)([23]1,10,2)([24]21,19,5)([25]2,18,7)([26]23,21,2)([27]7,25,7)([28]13,18,4)([29]24,9,3)([30]5,24,7)([31]2,11,2)([32]9,18,6)([33]32,17,6)([34]30,13,4)([35]23,8,1)([36]5,19,0)([37]32,29,4)([38]25,26,5)([39]17,19,4)([40]27,20,3)([41]29,10,3)([42]29,24,2)([43]16,32,4)([44]35,2,5)([45]21,8,7)([46]43,31,3)([47]22,38,7)([48]30,38,3)([49]48,40,2)([50]40,27,4)([51]22,1,3)([52]20,22,2)([53]6,32,2)([54]19,26,5)([55]26,6,5)([56]11,52,5)([57]11,18,3)([58]28,24,7)([59]10,24,3)([60]42,30,4)([61]50,30,0)([62]11,6,7)([63]21,18,6)([64]6,35,6)([65]29,25,0)([66]58,16,4)([67]30,53,2)([68]53,30,4)([69]56,66,5)([70]69,65,4)([71]29,56,1)([72]1,16,0)([73]49,22,6)([74]72,14,1)([75]48,46,3)([76]8,65,2)([77]73,39,0)([78]73,33,4)([79]43,56,4)([80]70,78,7)([81]7,68,6)([82]68,5,3)([83]15,2,0)([84]68,25,4)([85]79,58,6)([86]16,41,0)(80)
evaluations: 33000376
first invidual area: 126.51
{7,1,80,1,2,1,8}([7]4,5,4)([8]4,5,2)([9]4,0,6)([10]3,2,7)([11]6,10,3)([12]9,6,7)([13]3,7,6)([14]12,3,7)([15]1,8,3)([16]1,0,3)([17]16,6,5)([18]2,14,2)([19]4,13,6)([20]5,0,7)([21]13,10,6)([22]15,14,7)([23]14,15,4)([24]15,19,5)([25]15,2,5)([26]9,13,3)([27]25,7,7)([28]18,26,4)([29]24,28,7)([30]17,11,2)([31]25,13,7)([32]30,14,6)([33]11,20,2)([34]6,8,3)([35]28,34,1)([36]18,9,6)([37]9,19,7)([38]24,35,7)([39]33,22,5)([40]20,27,3)([41]29,39,2)([42]30,0,5)([43]26,24,6)([44]28,42,3)([45]24,36,0)([46]22,14,1)([47]40,37,0)([48]29,34,1)([49]40,44,2)([50]16,29,4)([51]5,18,5)([52]1,12,5)([53]20,7,6)([54]0,19,2)([55]17,8,3)([56]1,31,2)([57]17,36,3)([58]45,29,0)([59]38,56,0)([60]20,56,3)([61]46,30,0)([62]33,40,5)([63]8,20,0)([64]16,32,5)([65]42,42,3)([66]4,52,7)([67]42,28,1)([68]15,11,0)([69]39,50,5)([70]69,43,4)([71]66,18,1)([72]4,31,5)([73]49,22,3)([74]9,71,2)([75]69,0,5)([76]72,18,7)([77]66,15,4)([78]73,70,4)([79]47,49,5)([80]57,78,4)([81]40,58,7)([82]16,74,7)([83]51,76,0)([84]18,24,4)([85]75,11,3)([86]41,18,5)(80)
optimized area: 114.31
time: 561701 ms
seed: 1634054422
{7,1,80,1,2,1,8}([7]4,5,6)([8]3,0,5)([9]4,7,6)([10]3,2,3)([11]2,1,4)([12]0,2,5)([13]1,10,1)([14]7,10,2)([15]7,2,4)([16]3,7,6)([17]8,12,7)([18]15,0,6)([19]10,5,7)([20]18,19,3)([21]6,9,7)([22]8,15,5)([23]14,17,7)([24]21,5,2)([25]23,16,7)([26]6,20,3)([27]21,26,2)([28]13,9,2)([29]20,4,1)([30]26,19,6)([31]1,25,2)([32]31,6,4)([33]23,23,3)([34]31,11,7)([35]28,5,4)([36]22,27,2)([37]32,23,3)([38]34,8,0)([39]26,2,4)([40]14,35,4)([41]36,35,4)([42]38,22,2)([43]29,39,4)([44]11,41,7)([45]25,22,0)([46]16,29,2)([47]41,44,3)([48]42,19,1)([49]2,44,2)([50]26,10,1)([51]26,16,2)([52]0,37,1)([53]51,2,3)([54]25,22,6)([55]25,27,3)([56]6,40,0)([57]37,16,7)([58]15,1,3)([59]23,24,4)([60]24,29,6)([61]18,41,7)([62]24,21,3)([63]61,59,6)([64]49,62,5)([65]63,46,5)([66]54,56,0)([67]42,66,3)([68]62,30,1)([69]13,38,1)([70]53,36,7)([71]42,57,3)([72]71,63,5)([73]67,0,3)([74]72,73,2)([75]74,64,2)([76]69,11,4)([77]61,35,3)([78]51,64,1)([79]7,5,4)([80]59,24,7)([81]22,32,4)([82]10,20,3)([83]6,29,5)([84]76,49,2)([85]75,37,4)([86]71,11,5)(85)
evaluations: 33306744
first invidual area: 141.95
{7,1,80,1,2,1,8}([7]4,5,6)([8]2,0,5)([9]7,4,6)([10]2,3,3)([11]7,10,5)([12]3,0,5)([13]1,2,4)([14]12,11,7)([15]2,7,4)([16]3,7,6)([17]10,13,0)([18]0,15,6)([19]11,0,7)([20]8,5,3)([21]9,6,7)([22]15,14,5)([23]8,14,4)([24]5,21,5)([25]23,16,6)([26]12,11,7)([27]21,22,2)([28]19,7,0)([29]1,4,3)([30]29,5,5)([31]1,25,5)([32]31,6,7)([33]0,24,7)([34]15,13,6)([35]2,18,6)([36]20,27,5)([37]32,23,3)([38]0,25,7)([39]20,20,6)([40]25,18,7)([41]30,36,4)([42]29,29,3)([43]36,1,5)([44]13,41,7)([45]6,43,6)([46]2,2,1)([47]28,3,6)([48]24,23,7)([49]2,44,2)([50]12,23,6)([51]37,49,0)([52]40,3,7)([53]19,0,2)([54]48,32,1)([55]49,8,6)([56]35,24,6)([57]24,12,4)([58]24,53,5)([59]13,45,7)([60]25,37,4)([61]18,41,7)([62]6,3,5)([63]61,48,6)([64]21,49,5)([65]61,63,6)([66]29,12,5)([67]34,40,3)([68]3,31,0)([69]39,19,2)([70]26,38,0)([71]34,60,3)([72]71,63,5)([73]67,0,3)([74]64,73,2)([75]72,74,5)([76]30,16,3)([77]73,3,0)([78]7,25,1)([79]75,22,4)([80]77,13,6)([81]67,70,4)([82]2,59,5)([83]55,74,2)([84]1,53,1)([85]75,51,7)([86]50,74,5)(85)
optimized area: 121.32
time: 598298 ms
seed: 1634168736
{7,1,80,1,2,1,8}([7]6,0,4)([8]0,5,4)([9]1,3,6)([10]7,9,2)([11]9,3,4)([12]3,6,4)([13]2,1,4)([14]7,4,7)([15]3,4,6)([16]12,4,5)([17]14,5,3)([18]0,13,5)([19]16,17,2)([20]1,14,6)([21]20,7,2)([22]11,8,5)([23]21,21,0)([24]18,10,2)([25]15,11,0)([26]11,19,6)([27]6,3,1)([28]13,10,6)([29]8,22,7)([30]20,12,6)([31]14,12,5)([32]17,7,7)([33]6,16,3)([34]16,15,7)([35]24,29,3)([36]35,5,2)([37]8,6,5)([38]0,32,2)([39]2,31,6)([40]39,38,3)([41]23,22,3)([42]37,1,5)([43]40,27,3)([44]18,15,5)([45]1,22,7)([46]40,42,5)([47]29,5,6)([48]22,31,7)([49]6,27,2)([50]9,28,1)([51]6,2,7)([52]34,51,6)([53]30,46,7)([54]52,41,2)([55]28,23,6)([56]0,27,5)([57]36,54,6)([58]31,45,5)([59]26,55,7)([60]1,16,2)([61]57,59,4)([62]53,61,7)([63]58,30,0)([64]44,35,7)([65]11,17,3)([66]18,5,5)([67]7,52,5)([68]22,15,4)([69]28,56,1)([70]17,65,3)([71]1,9,2)([72]31,28,7)([73]41,24,3)([74]36,55,7)([75]40,22,6)([76]5,58,6)([77]59,30,4)([78]36,34,5)([79]25,72,7)([80]24,37,0)([81]6,76,5)([82]81,62,2)([83]66,64,3)([84]29,40,0)([85]23,78,4)([86]53,34,6)(82)
evaluations: 42638635
first invidual area: 141.00
{7,1,80,1,2,1,8}([7]6,0,4)([8]5,0,4)([9]1,3,6)([10]9,7,2)([11]9,3,3)([12]3,6,4)([13]2,1,4)([14]7,4,7)([15]3,4,3)([16]4,12,5)([17]5,14,3)([18]2,0,5)([19]17,16,2)([20]1,14,6)([21]20,7,2)([22]8,11,5)([23]8,6,5)([24]10,18,2)([25]1,15,7)([26]11,19,6)([27]2,15,3)([28]24,13,6)([29]8,22,2)([30]20,12,3)([31]14,30,5)([32]17,7,7)([33]32,13,5)([34]16,15,5)([35]24,29,3)([36]5,35,2)([37]35,27,3)([38]0,32,2)([39]2,31,6)([40]39,38,3)([41]21,22,3)([42]23,1,5)([43]21,2,2)([44]16,5,4)([45]1,41,7)([46]9,24,1)([47]40,34,4)([48]45,47,3)([49]12,3,1)([50]42,40,5)([51]2,6,7)([52]34,51,6)([53]26,50,4)([54]52,41,2)([55]28,21,3)([56]11,49,2)([57]36,54,6)([58]31,45,5)([59]30,55,4)([60]9,12,1)([61]57,59,7)([62]53,61,4)([63]50,51,5)([64]14,27,1)([65]57,47,1)([66]18,33,6)([67]45,46,2)([68]67,0,4)([69]43,48,4)([70]36,56,1)([71]19,12,0)([72]5,25,3)([73]20,63,2)([74]29,69,3)([75]7,2,5)([76]5,58,6)([77]21,2,4)([78]72,62,2)([79]56,46,2)([80]34,79,3)([81]6,76,5)([82]81,62,2)([83]75,26,0)([84]10,32,0)([85]54,27,6)([86]16,2,6)(82)
optimized area: 133.48
time: 554569 ms
seed: 1634215945
{7,1,80,1,2,1,8}([7]6,0,5)([8]4,0,6)([9]3,8,4)([10]1,7,4)([11]2,3,4)([12]4,0,2)([13]6,2,5)([14]13,13,5)([15]6,3,2)([16]15,1,7)([17]0,9,5)([18]10,9,1)([19]3,11,7)([20]3,15,4)([21]13,16,6)([22]21,12,6)([23]22,4,5)([24]11,4,7)([25]20,7,6)([26]5,18,7)([27]8,26,4)([28]1,23,5)([29]25,8,4)([30]28,17,2)([31]6,20,1)([32]28,17,4)([33]13,30,7)([34]6,2,4)([35]14,7,2)([36]27,17,2)([37]33,22,4)([38]34,10,3)([39]2,9,5)([40]34,25,6)([41]26,37,5)([42]21,38,2)([43]25,32,3)([44]41,40,7)([45]16,35,3)([46]2,34,7)([47]43,32,5)([48]44,29,4)([49]24,45,6)([50]43,49,4)([51]36,39,2)([52]18,11,0)([53]51,37,3)([54]48,42,6)([55]41,33,5)([56]37,37,0)([57]32,5,6)([58]34,53,5)([59]4,6,7)([60]1,43,6)([61]7,0,7)([62]50,14,1)([63]23,2,3)([64]2,57,6)([65]40,40,5)([66]42,41,6)([67]46,10,0)([68]4,28,7)([69]24,56,7)([70]62,58,2)([71]54,70,4)([72]69,42,6)([73]62,42,5)([74]20,9,0)([75]2,3,6)([76]39,12,1)([77]38,69,3)([78]36,21,5)([79]65,3,1)([80]38,14,3)([81]43,55,1)([82]73,12,6)([83]2,35,3)([84]54,65,0)([85]81,39,5)([86]71,77,2)(86)
evaluations: 33167662
first invidual area: 153.19
{7,1,80,1,2,1,8}([7]6,0,5)([8]4,0,6)([9]3,8,4)([10]7,1,4)([11]9,4,0)([12]2,9,5)([13]2,6,5)([14]12,8,4)([15]3,6,2)([16]15,1,7)([17]9,0,5)([18]4,2,7)([19]4,0,2)([20]8,13,1)([21]16,13,6)([22]21,19,6)([23]4,22,5)([24]3,18,4)([25]7,10,1)([26]10,5,4)([27]26,3,1)([28]23,1,5)([29]8,25,6)([30]28,17,5)([31]28,22,1)([32]17,28,4)([33]22,30,4)([34]6,2,4)([35]33,31,1)([36]26,29,2)([37]33,13,4)([38]34,10,3)([39]26,8,4)([40]15,34,6)([41]37,26,5)([42]21,41,2)([43]25,32,3)([44]40,29,7)([45]16,35,3)([46]35,1,7)([47]31,38,2)([48]44,41,7)([49]24,45,3)([50]43,49,4)([51]39,12,2)([52]29,41,7)([53]51,37,3)([54]24,37,7)([55]12,19,3)([56]49,39,6)([57]56,30,6)([58]34,53,5)([59]26,50,4)([60]2,43,6)([61]26,14,7)([62]10,27,1)([63]39,7,2)([64]33,42,1)([65]42,48,3)([66]58,11,4)([67]19,31,3)([68]27,10,7)([69]5,0,7)([70]50,58,5)([71]65,70,4)([72]0,35,7)([73]43,55,4)([74]0,24,3)([75]10,16,2)([76]47,11,1)([77]38,54,3)([78]73,40,3)([79]68,19,7)([80]5,75,7)([81]41,26,1)([82]30,75,7)([83]68,25,6)([84]61,52,5)([85]2,31,2)([86]71,77,2)(86)
optimized area: 136.32
time: 591752 ms
seed: 1634313069
{7,1,80,1,2,1,8}([7]2,6,5)([8]7,4,4)([9]6,2,4)([10]0,1,5)([11]2,4,5)([12]3,11,5)([13]5,12,2)([14]2,9,5)([15]4,9,4)([16]0,15,4)([17]0,1,6)([18]8,9,7)([19]3,9,2)([20]17,14,6)([21]14,13,3)([22]19,12,7)([23]22,21,5)([24]20,13,2)([25]16,18,6)([26]13,9,0)([27]4,6,7)([28]11,19,7)([29]3,21,5)([30]27,11,1)([31]4,29,4)([32]12,16,7)([33]32,1,6)([34]16,9,5)([35]26,17,4)([36]31,16,5)([37]10,27,7)([38]23,14,2)([39]32,32,4)([40]31,6,0)([41]36,8,5)([42]21,33,5)([43]15,31,5)([44]11,34,5)([45]43,27,7)([46]16,16,7)([47]41,35,5)([48]42,23,4)([49]9,27,2)([50]18,41,2)([51]45,43,4)([52]50,28,3)([53]52,10,5)([54]39,42,6)([55]21,52,0)([56]31,32,5)([57]53,5,7)([58]11,31,1)([59]20,8,5)([60]15,21,3)([61]57,48,3)([62]61,24,3)([63]10,0,7)([64]13,7,2)([65]60,21,6)([66]64,14,6)([67]34,37,5)([68]61,38,0)([69]39,62,7)([70]25,68,7)([71]29,55,7)([72]45,67,2)([73]13,70,7)([74]62,18,2)([75]15,18,1)([76]46,59,5)([77]22,11,2)([78]0,37,0)([79]72,62,6)([80]67,36,0)([81]46,50,0)([82]31,70,0)([83]47,79,7)([84]52,55,2)([85]66,51,2)([86]77,62,4)(83)
evaluations: 31370121
first invidual area: 133.51
{7,1,80,1,2,1,8}([7]6,2,5)([8]7,4,4)([9]2,6,4)([10]1,0,5)([11]4,2,5)([12]3,11,5)([13]9,12,0)([14]9,2,5)([15]9,4,4)([16]0,15,4)([17]0,1,6)([18]13,8,7)([19]18,11,5)([20]16,14,6)([21]14,5,3)([22]13,3,5)([23]3,21,5)([24]12,5,5)([25]17,14,6)([26]17,24,7)([27]2,15,4)([28]11,22,4)([29]12,6,5)([30]4,8,3)([31]23,4,4)([32]12,16,7)([33]32,1,6)([34]15,31,5)([35]0,4,5)([36]31,16,5)([37]22,32,5)([38]4,21,5)([39]9,12,3)([40]21,33,5)([41]36,8,5)([42]25,26,2)([43]40,2,3)([44]40,32,5)([45]34,27,4)([46]28,16,1)([47]33,34,1)([48]40,39,4)([49]41,28,0)([50]18,41,2)([51]46,36,2)([52]28,50,3)([53]52,10,5)([54]22,8,1)([55]39,2,7)([56]31,26,7)([57]53,5,7)([58]50,45,3)([59]42,48,3)([60]27,10,4)([61]37,35,0)([62]57,59,3)([63]23,24,3)([64]10,39,5)([65]54,55,5)([66]44,58,2)([67]35,60,5)([68]48,65,3)([69]51,63,3)([70]65,46,0)([71]6,2,2)([72]45,67,2)([73]36,49,0)([74]54,43,3)([75]72,8,0)([76]56,62,6)([77]49,26,5)([78]37,16,5)([79]75,62,6)([80]78,9,6)([81]62,18,6)([82]37,21,7)([83]77,79,7)([84]61,39,5)([85]52,25,7)([86]46,7,4)(83)
optimized area: 128.35
time: 593270 ms
seed: 1634353532
NOT FOUND
time: 525415 ms
seed: 1634402475
NOT FOUND
time: 527125 ms
seed: 1634451504
{7,1,80,1,2,1,8}([7]4,6,4)([8]5,0,7)([9]3,1,6)([10]8,3,5)([11]8,10,3)([12]4,5,0)([13]0,9,7)([14]1,2,3)([15]7,10,2)([16]9,9,0)([17]12,0,3)([18]17,13,5)([19]10,1,7)([20]19,5,2)([21]5,13,6)([22]2,14,1)([23]8,1,4)([24]6,18,7)([25]17,19,1)([26]21,19,4)([27]8,14,5)([28]12,6,5)([29]6,22,4)([30]1,29,2)([31]14,24,5)([32]29,5,2)([33]28,18,4)([34]3,14,5)([35]2,15,2)([36]4,26,4)([37]29,24,7)([38]37,37,3)([39]20,28,7)([40]3,30,5)([41]5,1,2)([42]38,12,2)([43]42,26,2)([44]15,39,3)([45]7,5,5)([46]33,40,4)([47]32,44,7)([48]22,33,3)([49]9,27,5)([50]45,49,7)([51]50,37,5)([52]11,2,2)([53]32,7,7)([54]4,10,3)([55]34,54,3)([56]7,35,2)([57]18,22,6)([58]26,26,1)([59]23,10,7)([60]51,47,2)([61]47,46,6)([62]21,38,0)([63]50,61,2)([64]63,2,6)([65]60,55,2)([66]43,23,6)([67]66,11,5)([68]33,21,2)([69]67,65,7)([70]33,20,1)([71]47,0,3)([72]8,20,7)([73]69,23,2)([74]9,58,6)([75]32,53,2)([76]67,28,1)([77]2,37,6)([78]64,19,4)([79]69,63,6)([80]69,51,5)([81]4,12,4)([82]7,46,4)([83]19,29,3)([84]77,25,0)([85]40,32,0)([86]60,25,3)(79)
evaluations: 40407178
first invidual area: 137.25
{7,1,80,1,2,1,8}([7]6,4,4)([8]5,0,7)([9]3,1,6)([10]8,3,5)([11]9,4,3)([12]4,3,0)([13]9,0,7)([14]2,1,3)([15]5,3,3)([16]3,5,7)([17]10,7,2)([18]13,11,5)([19]10,1,7)([20]19,5,5)([21]9,13,6)([22]6,10,2)([23]8,1,4)([24]6,18,4)([25]12,16,1)([26]5,13,6)([27]26,19,3)([28]6,12,5)([29]6,2,7)([30]3,29,2)([31]5,6,0)([32]29,31,5)([33]28,18,4)([34]8,14,5)([35]9,22,4)([36]10,11,3)([37]29,24,4)([38]3,15,3)([39]20,28,4)([40]1,30,5)([41]22,13,1)([42]37,11,2)([43]27,42,2)([44]17,39,3)([45]7,5,5)([46]9,34,5)([47]32,44,4)([48]40,6,2)([49]40,45,7)([50]45,46,7)([51]50,37,5)([52]28,40,4)([53]6,47,1)([54]1,4,5)([55]2,49,5)([56]40,33,4)([57]36,34,3)([58]21,9,2)([59]57,53,2)([60]51,47,2)([61]47,56,6)([62]54,15,1)([63]50,61,2)([64]52,53,7)([65]60,57,5)([66]43,23,6)([67]11,37,4)([68]10,11,6)([69]66,65,7)([70]62,18,4)([71]24,28,5)([72]0,64,4)([73]6,20,1)([74]15,18,3)([75]24,55,6)([76]35,34,1)([77]0,28,2)([78]16,32,7)([79]69,63,6)([80]27,31,3)([81]21,11,1)([82]32,64,0)([83]38,72,7)([84]51,74,5)([85]78,66,7)([86]17,40,5)(79)
optimized area: 126.01
time: 555534 ms
seed: 1634511734
NOT FOUND
time: 526240 ms
seed: 1634610980
NOT FOUND
time: 526281 ms
seed: 1635137909
NOT FOUND
time: 522292 ms
seed: 1635187044
{7,1,80,1,2,1,8}([7]2,3,2)([8]6,2,6)([9]7,0,4)([10]6,4,6)([11]5,6,6)([12]6,2,7)([13]9,1,6)([14]8,3,3)([15]13,14,3)([16]1,4,5)([17]9,4,4)([18]1,10,4)([19]16,9,1)([20]0,15,4)([21]17,14,3)([22]8,4,3)([23]3,22,4)([24]4,5,3)([25]12,20,5)([26]0,23,7)([27]25,5,2)([28]18,0,4)([29]12,7,6)([30]11,23,4)([31]18,30,2)([32]23,29,3)([33]27,4,6)([34]17,11,6)([35]32,27,2)([36]10,34,0)([37]16,5,0)([38]29,31,4)([39]34,1,2)([40]38,30,5)([41]12,34,3)([42]33,16,0)([43]41,12,7)([44]22,17,0)([45]39,28,3)([46]35,12,4)([47]19,35,3)([48]8,23,0)([49]39,45,4)([50]33,26,4)([51]25,24,3)([52]30,5,7)([53]0,15,7)([54]52,1,7)([55]13,49,3)([56]45,29,7)([57]40,4,6)([58]51,26,6)([59]52,50,3)([60]24,24,7)([61]59,56,5)([62]58,18,3)([63]53,44,7)([64]48,26,5)([65]46,57,3)([66]17,26,3)([67]22,46,3)([68]1,35,6)([69]45,40,5)([70]1,26,3)([71]24,4,1)([72]64,24,2)([73]71,50,5)([74]64,68,7)([75]45,10,0)([76]61,65,4)([77]9,27,2)([78]0,3,7)([79]39,33,1)([80]67,6,5)([81]57,80,2)([82]42,70,3)([83]77,54,1)([84]42,61,7)([85]53,58,7)([86]32,34,7)(76)
evaluations: 32458507
first invidual area: 122.76
{7,1,80,1,2,1,8}([7]2,3,2)([8]6,2,6)([9]0,7,7)([10]4,6,6)([11]6,5,6)([12]6,2,7)([13]8,3,3)([14]1,0,6)([15]9,12,6)([16]8,4,3)([17]13,14,3)([18]0,1,4)([19]7,10,4)([20]2,1,7)([21]18,10,7)([22]9,4,7)([23]16,3,4)([24]17,0,4)([25]24,12,5)([26]0,23,7)([27]25,5,2)([28]11,19,5)([29]12,7,6)([30]23,11,4)([31]13,19,0)([32]29,23,3)([33]27,4,6)([34]11,22,6)([35]26,33,4)([36]1,16,4)([37]17,0,3)([38]27,32,5)([39]34,1,5)([40]20,30,5)([41]40,4,6)([42]28,26,2)([43]32,22,3)([44]13,17,1)([45]39,21,5)([46]38,12,7)([47]5,46,7)([48]29,1,7)([49]1,45,0)([50]46,24,1)([51]9,22,0)([52]39,43,2)([53]16,8,2)([54]18,0,2)([55]30,5,7)([56]45,29,7)([57]36,19,3)([58]2,24,4)([59]55,35,3)([60]17,4,1)([61]59,56,5)([62]41,10,7)([63]22,35,0)([64]33,17,7)([65]46,41,3)([66]21,51,3)([67]17,10,3)([68]22,66,3)([69]23,31,3)([70]18,28,3)([71]49,66,4)([72]32,14,0)([73]39,34,0)([74]48,0,5)([75]1,35,1)([76]47,9,7)([77]74,72,0)([78]74,43,0)([79]0,31,4)([80]9,13,4)([81]65,61,4)([82]55,48,5)([83]44,17,5)([84]64,60,0)([85]82,23,2)([86]38,70,6)(81)
optimized area: 119.01
time: 562738 ms
seed: 1635331210
NOT FOUND
time: 1022021 ms
seed: 1635618122
NOT FOUND
time: 1054177 ms
seed: 1635665821
NOT FOUND
time: 1068218 ms
seed: 1635713650
NOT FOUND
time: 1071643 ms
seed: 1635760855
NOT FOUND
time: 1057000 ms
seed: 1635807822
{7,1,80,1,2,1,8}([7]1,4,6)([8]0,1,5)([9]4,6,5)([10]9,3,7)([11]1,0,3)([12]7,9,7)([13]2,5,4)([14]11,6,4)([15]12,12,6)([16]0,13,5)([17]16,10,6)([18]2,17,6)([19]5,2,6)([20]4,0,5)([21]19,12,5)([22]10,14,5)([23]18,14,4)([24]20,9,3)([25]5,24,3)([26]21,23,4)([27]9,4,5)([28]4,21,6)([29]8,6,5)([30]13,4,0)([31]3,27,7)([32]8,13,4)([33]25,3,2)([34]12,22,5)([35]4,33,2)([36]23,30,6)([37]31,22,3)([38]5,8,4)([39]6,35,3)([40]0,21,3)([41]39,39,1)([42]34,24,4)([43]17,28,6)([44]10,29,4)([45]38,17,2)([46]2,40,7)([47]32,46,4)([48]9,36,2)([49]7,11,7)([50]15,2,6)([51]34,34,5)([52]20,43,4)([53]48,49,6)([54]41,9,5)([55]33,11,2)([56]53,31,3)([57]44,39,0)([58]29,0,7)([59]51,47,3)([60]29,46,4)([61]42,29,2)([62]6,21,6)([63]18,39,7)([64]56,32,7)([65]27,7,5)([66]41,64,7)([67]45,45,1)([68]66,37,0)([69]64,56,0)([70]67,68,7)([71]56,16,7)([72]28,25,2)([73]52,59,7)([74]66,73,3)([75]14,54,2)([76]31,15,0)([77]59,29,0)([78]35,74,3)([79]58,46,7)([80]78,26,4)([81]23,21,6)([82]35,17,5)([83]73,62,1)([84]38,32,5)([85]72,57,2)([86]16,77,3)(80)
evaluations: 6783130
first invidual area: 140.07
{7,1,80,1,2,1,8}([7]0,1,5)([8]1,0,3)([9]4,6,5)([10]3,9,7)([11]4,1,3)([12]9,11,5)([13]5,2,4)([14]8,6,4)([15]4,0,5)([16]0,13,5)([17]16,10,6)([18]0,2,5)([19]2,5,6)([20]13,9,0)([21]12,19,5)([22]14,10,5)([23]6,3,2)([24]12,19,7)([25]12,22,2)([26]18,11,0)([27]22,4,2)([28]21,27,6)([29]2,28,3)([30]7,14,0)([31]8,11,4)([32]7,20,4)([33]3,4,0)([34]17,2,3)([35]3,3,3)([36]26,4,2)([37]16,2,6)([38]3,18,1)([39]14,34,4)([40]32,29,4)([41]25,38,7)([42]26,31,1)([43]40,31,2)([44]21,39,4)([45]42,32,3)([46]25,1,3)([47]13,22,1)([48]35,15,5)([49]28,17,6)([50]44,46,0)([51]44,20,6)([52]49,15,4)([53]51,31,6)([54]13,12,2)([55]48,26,0)([56]32,6,4)([57]3,27,3)([58]22,51,4)([59]25,40,3)([60]21,17,7)([61]53,57,3)([62]36,33,2)([63]56,61,4)([64]32,41,3)([65]52,59,4)([66]21,1,6)([67]44,31,2)([68]31,17,2)([69]63,51,6)([70]36,8,5)([71]8,12,5)([72]1,8,0)([73]46,15,0)([74]63,65,5)([75]62,16,5)([76]49,67,7)([77]63,59,5)([78]62,74,3)([79]72,62,1)([80]78,44,7)([81]25,1,2)([82]51,15,2)([83]4,52,7)([84]80,83,7)([85]18,75,5)([86]19,75,3)(80)
optimized area: 119.92
time: 1302508 ms
seed: 1635851046
{7,1,80,1,2,1,8}([7]2,6,4)([8]1,7,7)([9]1,3,6)([10]1,0,7)([11]4,6,6)([12]11,5,3)([13]5,10,4)([14]3,1,3)([15]3,4,4)([16]6,4,2)([17]8,3,3)([18]7,12,1)([19]11,0,4)([20]0,7,2)([21]9,18,5)([22]16,17,7)([23]22,20,7)([24]12,18,5)([25]2,4,2)([26]12,7,5)([27]21,12,6)([28]0,13,7)([29]24,13,7)([30]16,8,7)([31]12,8,2)([32]10,20,5)([33]4,9,4)([34]27,25,2)([35]1,26,0)([36]34,3,1)([37]9,0,6)([38]28,15,5)([39]16,13,4)([40]18,12,1)([41]33,28,2)([42]30,40,0)([43]29,38,6)([44]24,30,6)([45]43,19,4)([46]15,22,5)([47]23,26,5)([48]41,33,2)([49]46,22,2)([50]24,16,0)([51]42,45,3)([52]41,26,3)([53]31,30,2)([54]18,34,5)([55]29,36,5)([56]6,46,4)([57]44,15,5)([58]52,23,2)([59]20,35,0)([60]56,33,2)([61]43,12,1)([62]2,44,1)([63]44,55,6)([64]32,16,4)([65]60,63,6)([66]10,50,4)([67]32,59,0)([68]1,14,1)([69]22,20,3)([70]34,44,4)([71]51,58,2)([72]55,51,6)([73]52,24,4)([74]48,65,7)([75]65,57,7)([76]60,10,6)([77]37,75,5)([78]38,50,2)([79]35,1,2)([80]43,59,7)([81]31,79,6)([82]18,67,3)([83]20,9,2)([84]20,32,2)([85]27,42,0)([86]75,71,6)(86)
evaluations: 17229219
first invidual area: 133.04
{7,1,80,1,2,1,8}([7]2,6,4)([8]7,1,7)([9]1,3,6)([10]5,0,4)([11]6,4,6)([12]11,5,3)([13]1,10,7)([14]7,12,5)([15]4,3,4)([16]4,6,2)([17]3,8,3)([18]9,4,4)([19]11,11,3)([20]8,15,5)([21]19,0,4)([22]0,7,5)([23]10,20,6)([24]14,12,5)([25]15,0,0)([26]16,17,7)([27]10,23,0)([28]13,0,7)([29]21,8,2)([30]8,16,7)([31]17,22,3)([32]10,19,1)([33]26,11,0)([34]23,16,5)([35]29,6,2)([36]13,24,7)([37]28,23,5)([38]32,21,0)([39]34,36,5)([40]22,26,4)([41]3,34,7)([42]24,40,0)([43]40,0,4)([44]42,30,6)([45]30,26,2)([46]21,37,7)([47]31,5,5)([48]28,18,2)([49]26,15,5)([50]22,21,3)([51]30,46,3)([52]43,16,6)([53]14,48,3)([54]45,13,7)([55]48,12,5)([56]49,6,4)([57]25,44,5)([58]40,51,2)([59]34,17,0)([60]18,56,2)([61]43,51,2)([62]7,30,6)([63]44,39,6)([64]43,63,7)([65]26,47,3)([66]5,52,7)([67]63,60,6)([68]32,11,4)([69]52,66,4)([70]56,10,4)([71]58,53,2)([72]67,69,0)([73]14,49,4)([74]69,15,6)([75]72,57,2)([76]8,72,7)([77]10,9,6)([78]12,53,5)([79]70,54,3)([80]63,4,1)([81]24,6,1)([82]9,57,5)([83]51,77,3)([84]31,18,0)([85]5,82,7)([86]75,71,6)(86)
optimized area: 122.27
time: 1254786 ms
seed: 1635893075
{7,1,80,1,2,1,8}([7]2,6,5)([8]7,5,4)([9]8,4,2)([10]3,4,3)([11]9,0,7)([12]0,10,5)([13]12,6,7)([14]12,3,5)([15]8,1,4)([16]11,3,3)([17]13,3,5)([18]17,6,7)([19]18,4,7)([20]13,5,4)([21]19,4,1)([22]15,3,6)([23]2,22,6)([24]12,18,6)([25]14,23,6)([26]21,25,3)([27]24,6,6)([28]0,6,3)([29]1,16,7)([30]1,26,6)([31]6,21,0)([32]25,25,7)([33]29,4,1)([34]16,0,3)([35]4,23,6)([36]25,29,3)([37]29,30,7)([38]37,31,7)([39]9,20,3)([40]5,35,6)([41]36,18,6)([42]0,12,2)([43]12,26,7)([44]36,42,6)([45]39,44,3)([46]27,0,0)([47]12,12,3)([48]42,35,4)([49]38,35,4)([50]16,31,4)([51]28,20,2)([52]45,49,3)([53]47,28,1)([54]37,11,4)([55]3,21,3)([56]34,27,5)([57]39,37,2)([58]56,2,6)([59]51,4,2)([60]8,3,2)([61]58,9,0)([62]29,34,3)([63]52,6,0)([64]44,5,3)([65]41,9,5)([66]57,61,4)([67]9,65,3)([68]46,7,0)([69]1,35,5)([70]38,10,2)([71]66,6,7)([72]7,58,4)([73]12,47,2)([74]69,59,0)([75]24,69,2)([76]21,62,1)([77]14,24,4)([78]21,17,4)([79]34,11,6)([80]19,3,7)([81]25,57,6)([82]17,43,4)([83]50,13,3)([84]72,65,3)([85]71,63,7)([86]39,44,7)(85)
evaluations: 8370227
first invidual area: 123.21
{7,1,80,1,2,1,8}([7]2,6,5)([8]7,5,4)([9]8,4,2)([10]4,3,3)([11]9,0,7)([12]0,10,5)([13]5,12,7)([14]3,12,6)([15]0,6,4)([16]11,3,3)([17]4,6,7)([18]3,15,5)([19]6,4,0)([20]16,7,6)([21]17,18,4)([22]2,3,5)([23]22,12,3)([24]12,12,6)([25]0,22,6)([26]18,16,2)([27]1,25,3)([28]15,3,6)([29]16,1,7)([30]28,2,6)([31]14,2,6)([32]27,21,6)([33]19,13,4)([34]10,27,2)([35]14,15,5)([36]20,25,3)([37]29,32,7)([38]3,21,2)([39]9,33,3)([40]37,19,4)([41]24,38,3)([42]30,4,3)([43]12,4,2)([44]36,29,6)([45]43,4,4)([46]9,28,5)([47]39,19,4)([48]31,46,5)([49]40,42,4)([50]10,11,1)([51]10,3,2)([52]38,29,6)([53]26,33,3)([54]52,15,5)([55]47,45,6)([56]44,39,3)([57]50,20,2)([58]19,48,5)([59]46,37,5)([60]3,52,4)([61]37,57,6)([62]4,58,7)([63]41,24,3)([64]56,49,3)([65]59,43,0)([66]64,58,4)([67]37,39,5)([68]25,8,7)([69]27,31,1)([70]2,30,4)([71]48,67,7)([72]35,41,7)([73]66,45,4)([74]66,71,4)([75]67,27,5)([76]38,3,5)([77]49,21,5)([78]46,70,0)([79]40,5,1)([80]61,29,5)([81]75,78,0)([82]9,45,0)([83]41,66,0)([84]26,47,4)([85]74,25,3)([86]77,0,2)(74)
optimized area: 120.40
time: 1282714 ms
seed: 1635929237
NOT FOUND
time: 1065420 ms
seed: 1635965439
NOT FOUND
time: 1075637 ms
seed: 1636001296
NOT FOUND
time: 1056597 ms
seed: 1636035916
{7,1,80,1,2,1,8}([7]3,5,6)([8]6,7,6)([9]2,5,4)([10]3,6,7)([11]10,0,2)([12]0,8,3)([13]9,2,0)([14]7,11,3)([15]8,5,6)([16]10,8,4)([17]16,1,6)([18]5,3,1)([19]4,6,3)([20]14,6,2)([21]17,8,7)([22]11,18,5)([23]22,4,7)([24]15,23,4)([25]13,21,7)([26]22,13,3)([27]25,4,3)([28]1,15,4)([29]10,11,4)([30]20,27,6)([31]30,29,3)([32]11,2,0)([33]0,27,2)([34]2,14,6)([35]27,6,2)([36]0,12,5)([37]12,13,7)([38]33,23,5)([39]31,8,3)([40]20,36,2)([41]18,31,1)([42]10,23,0)([43]33,17,1)([44]34,35,4)([45]38,28,5)([46]39,37,6)([47]14,17,5)([48]36,40,2)([49]1,43,0)([50]44,23,5)([51]49,6,1)([52]34,41,5)([53]2,22,0)([54]19,27,0)([55]12,50,2)([56]50,45,2)([57]14,38,6)([58]8,49,3)([59]24,35,1)([60]28,16,5)([61]57,10,0)([62]30,0,7)([63]4,27,6)([64]62,56,4)([65]39,49,2)([66]57,39,6)([67]33,32,5)([68]50,46,4)([69]23,39,5)([70]16,51,1)([71]9,23,1)([72]1,43,7)([73]32,43,0)([74]63,65,6)([75]59,48,1)([76]26,63,5)([77]46,74,7)([78]77,44,5)([79]78,64,2)([80]77,0,5)([81]63,62,1)([82]44,1,2)([83]5,44,2)([84]24,25,3)([85]46,34,6)([86]22,33,0)(79)
evaluations: 17237037
first invidual area: 120.86
{7,1,80,1,2,1,8}([7]5,3,6)([8]7,6,6)([9]6,8,0)([10]9,3,7)([11]10,0,2)([12]2,8,4)([13]10,8,4)([14]11,7,3)([15]8,5,6)([16]13,1,6)([17]9,14,2)([18]2,14,6)([19]10,7,6)([20]12,5,7)([21]4,18,3)([22]16,20,7)([23]11,22,0)([24]15,11,5)([25]3,24,2)([26]21,7,1)([27]22,4,3)([28]0,20,4)([29]18,1,0)([30]17,27,6)([31]28,25,6)([32]4,24,7)([33]19,6,3)([34]7,20,2)([35]27,6,5)([36]15,1,4)([37]27,0,2)([38]32,37,5)([39]38,36,5)([40]25,23,0)([41]35,20,2)([42]8,25,3)([43]1,37,6)([44]29,35,7)([45]0,29,6)([46]29,34,4)([47]33,21,0)([48]37,20,4)([49]45,13,3)([50]44,32,5)([51]46,50,4)([52]50,39,5)([53]6,42,0)([54]42,1,2)([55]23,53,5)([56]14,41,4)([57]37,20,4)([58]43,46,7)([59]12,47,7)([60]24,51,0)([61]20,57,3)([62]30,52,7)([63]21,19,1)([64]62,0,7)([65]62,2,2)([66]25,42,7)([67]11,23,2)([68]46,46,1)([69]44,65,0)([70]42,33,3)([71]65,14,5)([72]48,48,5)([73]60,15,6)([74]30,54,3)([75]18,63,0)([76]41,44,4)([77]31,74,3)([78]77,69,5)([79]78,64,2)([80]55,2,2)([81]67,17,0)([82]14,50,6)([83]46,36,3)([84]7,36,1)([85]70,11,0)([86]1,47,0)(79)
optimized area: 106.80
time: 1298751 ms
seed: 1636069814
NOT FOUND
time: 1084040 ms
seed: 1636102941
{7,1,80,1,2,1,8}([7]6,2,6)([8]5,0,4)([9]0,7,6)([10]3,4,4)([11]10,0,1)([12]8,11,3)([13]0,0,5)([14]8,7,5)([15]7,1,6)([16]2,6,4)([17]1,2,1)([18]6,12,4)([19]2,0,3)([20]8,16,5)([21]7,17,1)([22]8,15,4)([23]12,13,7)([24]15,12,2)([25]4,1,2)([26]4,20,2)([27]25,23,6)([28]22,16,6)([29]3,8,1)([30]23,22,3)([31]25,24,3)([32]6,12,2)([33]18,31,5)([34]11,27,2)([35]15,14,5)([36]2,9,4)([37]26,23,3)([38]31,16,4)([39]34,26,4)([40]38,3,4)([41]33,14,4)([42]31,33,7)([43]1,33,6)([44]17,26,6)([45]44,11,7)([46]39,16,2)([47]8,19,4)([48]40,3,4)([49]15,37,5)([50]40,2,2)([51]23,7,1)([52]48,27,2)([53]49,45,4)([54]47,53,6)([55]4,20,4)([56]0,42,2)([57]20,56,7)([58]32,34,5)([59]18,50,4)([60]42,48,6)([61]4,11,6)([62]0,40,3)([63]54,59,5)([64]57,63,7)([65]56,42,5)([66]16,5,1)([67]54,64,4)([68]35,64,7)([69]27,51,5)([70]63,8,4)([71]39,60,5)([72]30,68,5)([73]19,3,1)([74]57,29,5)([75]44,61,0)([76]5,7,2)([77]38,57,7)([78]67,0,0)([79]74,10,1)([80]54,27,7)([81]75,13,1)([82]53,21,3)([83]12,11,7)([84]38,23,1)([85]72,71,4)([86]62,5,7)(85)
evaluations: 6532540
first invidual area: 148.52
{7,1,80,1,2,1,8}([7]2,5,2)([8]5,0,4)([9]2,6,6)([10]3,4,7)([11]1,4,0)([12]10,8,3)([13]4,12,0)([14]11,5,6)([15]9,11,6)([16]6,2,4)([17]0,2,3)([18]6,12,4)([19]3,5,0)([20]16,8,5)([21]1,4,2)([22]13,20,5)([23]0,12,5)([24]12,15,2)([25]8,17,4)([26]15,25,7)([27]23,21,6)([28]17,18,5)([29]21,14,6)([30]16,6,7)([31]24,21,3)([32]20,18,7)([33]15,3,0)([34]10,27,5)([35]3,17,1)([36]4,14,1)([37]22,34,4)([38]31,16,4)([39]38,1,0)([40]38,13,3)([41]40,2,5)([42]28,31,2)([43]32,29,4)([44]0,42,5)([45]20,44,4)([46]10,29,7)([47]13,15,5)([48]18,41,7)([49]26,23,3)([50]41,18,2)([51]38,50,0)([52]31,32,7)([53]48,46,5)([54]25,53,6)([55]39,33,0)([56]17,17,3)([57]18,5,6)([58]31,40,5)([59]32,48,5)([60]39,42,6)([61]58,19,6)([62]45,33,4)([63]54,47,5)([64]28,13,2)([65]22,2,6)([66]43,32,5)([67]17,31,1)([68]62,63,7)([69]8,58,0)([70]17,53,3)([71]29,13,0)([72]68,49,5)([73]22,8,4)([74]55,49,5)([75]56,49,3)([76]66,71,5)([77]71,58,2)([78]34,35,3)([79]7,39,4)([80]74,59,5)([81]8,21,2)([82]58,19,5)([83]37,60,5)([84]45,82,1)([85]83,72,4)([86]8,63,4)(85)
optimized area: 123.20
time: 1358015 ms
seed: 1636135648
NOT FOUND
time: 1070248 ms
seed: 1636168029
{7,1,80,1,2,1,8}([7]1,6,1)([8]6,2,4)([9]5,8,2)([10]1,5,2)([11]4,6,4)([12]9,3,4)([13]0,7,4)([14]9,8,2)([15]13,3,4)([16]11,5,4)([17]7,16,6)([18]0,4,5)([19]3,6,3)([20]15,1,3)([21]8,4,6)([22]14,21,7)([23]7,15,0)([24]17,18,2)([25]22,22,2)([26]9,19,6)([27]19,1,1)([28]24,23,6)([29]28,21,7)([30]19,16,7)([31]15,17,7)([32]2,10,7)([33]24,26,4)([34]33,30,3)([35]18,12,6)([36]0,23,7)([37]20,8,7)([38]37,31,4)([39]38,12,0)([40]3,21,1)([41]16,40,7)([42]11,9,7)([43]32,31,6)([44]43,12,2)([45]0,12,4)([46]29,42,2)([47]38,6,7)([48]17,7,2)([49]39,5,4)([50]25,33,5)([51]34,3,4)([52]11,36,7)([53]42,5,1)([54]20,41,1)([55]11,38,1)([56]46,44,3)([57]2,29,4)([58]22,22,4)([59]56,52,7)([60]41,50,3)([61]36,6,4)([62]30,10,4)([63]41,51,1)([64]37,35,4)([65]60,43,6)([66]23,30,7)([67]65,11,3)([68]24,56,3)([69]36,10,1)([70]64,51,3)([71]34,48,7)([72]47,60,3)([73]24,39,2)([74]10,56,5)([75]5,43,3)([76]40,72,3)([77]59,65,3)([78]39,52,0)([79]70,77,2)([80]19,73,5)([81]42,48,0)([82]79,58,0)([83]48,69,7)([84]82,69,7)([85]38,75,5)([86]14,55,1)(82)
evaluations: 23286552
first invidual area: 149.48
{7,1,80,1,2,1,8}([7]1,5,1)([8]6,2,4)([9]8,5,2)([10]1,5,5)([11]6,4,4)([12]3,9,4)([13]0,1,4)([14]2,10,4)([15]3,13,7)([16]11,5,4)([17]16,7,6)([18]4,0,5)([19]8,17,6)([20]11,3,0)([21]20,10,3)([22]11,17,6)([23]8,2,6)([24]17,18,2)([25]6,3,3)([26]25,9,6)([27]24,26,6)([28]24,7,3)([29]13,17,7)([30]16,25,4)([31]17,15,6)([32]22,17,0)([33]28,31,5)([34]27,30,5)([35]27,15,6)([36]28,23,4)([37]33,8,7)([38]20,35,6)([39]7,26,2)([40]9,20,7)([41]11,40,1)([42]30,7,7)([43]31,14,6)([44]12,43,2)([45]15,22,0)([46]36,40,2)([47]29,13,2)([48]18,5,2)([49]28,12,5)([50]49,20,4)([51]34,3,4)([52]20,13,7)([53]17,29,7)([54]18,2,3)([55]35,10,5)([56]44,46,6)([57]19,1,0)([58]37,54,2)([59]33,56,3)([60]16,55,3)([61]52,0,3)([62]5,33,1)([63]39,36,2)([64]56,52,4)([65]43,60,6)([66]49,65,1)([67]6,31,3)([68]14,43,7)([69]38,42,1)([70]58,51,3)([71]12,50,5)([72]6,31,3)([73]58,60,0)([74]43,61,4)([75]31,1,2)([76]31,4,6)([77]64,65,3)([78]12,62,4)([79]70,77,2)([80]4,24,1)([81]45,64,4)([82]81,28,4)([83]17,7,3)([84]39,79,2)([85]60,15,6)([86]19,35,3)(79)
optimized area: 125.55
time: 1195460 ms
seed: 1636198628
NOT FOUND
time: 1076655 ms
seed: 1636228658
{7,1,80,1,2,1,8}([7]3,4,5)([8]2,6,4)([9]6,6,4)([10]8,1,4)([11]6,4,4)([12]5,0,7)([13]2,4,3)([14]1,4,4)([15]1,5,4)([16]10,4,3)([17]4,0,2)([18]2,16,2)([19]0,15,2)([20]3,12,2)([21]0,1,7)([22]3,14,3)([23]10,19,4)([24]23,10,2)([25]2,21,7)([26]14,25,6)([27]10,7,1)([28]24,22,4)([29]20,23,7)([30]5,7,7)([31]11,0,5)([32]26,30,2)([33]28,32,7)([34]32,33,0)([35]33,29,2)([36]35,8,7)([37]15,12,7)([38]3,12,3)([39]28,16,3)([40]36,1,0)([41]6,34,4)([42]18,41,7)([43]28,38,5)([44]43,32,5)([45]13,36,2)([46]43,7,4)([47]18,5,4)([48]11,22,6)([49]40,35,5)([50]5,39,5)([51]47,46,2)([52]33,0,6)([53]37,40,4)([54]37,8,7)([55]45,34,7)([56]25,17,5)([57]24,56,3)([58]57,5,2)([59]4,2,1)([60]7,3,0)([61]51,11,1)([62]61,44,3)([63]2,54,5)([64]16,54,5)([65]51,21,2)([66]26,0,2)([67]16,66,0)([68]33,47,7)([69]38,56,1)([70]51,55,7)([71]0,69,0)([72]70,58,3)([73]25,15,6)([74]53,48,7)([75]19,43,4)([76]32,40,4)([77]73,5,6)([78]16,66,2)([79]74,72,4)([80]32,6,0)([81]34,62,5)([82]73,77,2)([83]46,19,0)([84]8,11,7)([85]24,84,4)([86]14,15,6)(79)
evaluations: 27360337
first invidual area: 150.91
{7,1,80,1,2,1,8}([7]4,3,5)([8]6,2,4)([9]0,1,0)([10]8,1,4)([11]4,2,3)([12]5,9,7)([13]5,7,7)([14]4,1,4)([15]1,12,4)([16]3,4,2)([17]4,10,3)([18]17,2,2)([19]15,9,5)([20]3,12,5)([21]9,1,7)([22]14,3,3)([23]10,19,7)([24]10,23,5)([25]21,2,7)([26]25,14,6)([27]12,3,3)([28]24,22,7)([29]20,23,4)([30]22,28,2)([31]19,23,4)([32]13,26,2)([33]32,30,7)([34]1,32,6)([35]33,29,5)([36]35,8,4)([37]20,1,6)([38]12,2,6)([39]24,32,3)([40]21,22,3)([41]21,36,7)([42]11,36,5)([43]28,27,5)([44]42,35,7)([45]1,6,4)([46]2,31,6)([47]7,43,4)([48]45,22,6)([49]18,5,3)([50]49,47,5)([51]16,10,3)([52]14,25,2)([53]9,20,6)([54]1,40,6)([55]42,50,4)([56]25,30,5)([57]29,56,3)([58]57,5,2)([59]40,55,4)([60]53,5,7)([61]22,47,5)([62]23,11,4)([63]44,36,3)([64]34,22,5)([65]12,25,1)([66]41,48,4)([67]58,58,0)([68]40,51,1)([69]61,19,7)([70]32,55,3)([71]65,3,6)([72]70,67,6)([73]70,72,6)([74]65,50,3)([75]27,26,0)([76]58,55,4)([77]46,45,0)([78]25,47,4)([79]66,72,4)([80]76,61,2)([81]41,74,2)([82]58,71,7)([83]69,76,0)([84]9,67,2)([85]1,51,6)([86]51,29,1)(79)
optimized area: 138.70
time: 1209817 ms
