seed: 1634030375
{7,1,80,1,2,1,8}([7]6,5,7)([8]1,2,5)([9]2,7,7)([10]0,1,6)([11]0,8,2)([12]4,6,1)([13]7,0,4)([14]13,10,7)([15]14,6,6)([16]7,3,5)([17]16,4,5)([18]10,16,7)([19]8,3,7)([20]5,2,3)([21]0,12,6)([22]9,19,5)([23]3,1,2)([24]1,9,5)([25]5,9,4)([26]24,7,6)([27]4,18,6)([28]12,26,7)([29]27,6,3)([30]15,15,1)([31]21,2,2)([32]3,25,3)([33]10,18,0)([34]18,24,7)([35]18,15,7)([36]20,11,4)([37]32,7,3)([38]4,20,7)([39]10,31,4)([40]36,0,5)([41]36,31,0)([42]22,13,7)([43]42,28,7)([44]39,35,3)([45]17,6,5)([46]5,17,3)([47]36,29,7)([48]1,6,0)([49]3,28,2)([50]28,38,0)([51]31,33,5)([52]23,31,7)([53]45,40,2)([54]25,11,1)([55]39,49,6)([56]51,52,6)([57]1,34,7)([58]24,23,2)([59]57,37,2)([60]18,28,2)([61]43,59,6)([62]14,51,3)([63]30,49,5)([64]10,35,6)([65]64,17,6)([66]47,61,3)([67]29,27,6)([68]5,20,0)([69]22,52,5)([70]59,24,1)([71]11,41,7)([72]7,47,1)([73]65,56,4)([74]35,69,2)([75]39,46,7)([76]10,1,1)([77]73,36,0)([78]5,9,1)([79]70,25,0)([80]66,52,5)([81]68,22,7)([82]74,55,2)([83]80,82,7)([84]39,60,5)([85]59,66,2)([86]54,31,5)(83)
evaluations: 43370638
first invidual area: 141.50
{7,1,80,1,2,1,8}([7]5,6,7)([8]2,1,5)([9]7,2,7)([10]1,0,6)([11]8,0,5)([12]4,4,1)([13]7,0,4)([14]13,10,7)([15]14,6,3)([16]7,3,5)([17]16,16,0)([18]10,17,7)([19]3,8,7)([20]5,2,3)([21]0,12,6)([22]9,19,5)([23]3,1,2)([24]5,3,7)([25]9,1,5)([26]18,25,3)([27]4,18,6)([28]12,26,4)([29]27,6,3)([30]2,5,2)([31]21,2,2)([32]14,30,3)([33]28,2,0)([34]11,33,4)([35]18,15,4)([36]20,11,4)([37]32,11,6)([38]12,25,7)([39]10,31,4)([40]1,33,0)([41]3,32,3)([42]22,13,4)([43]42,28,4)([44]18,26,7)([45]2,26,5)([46]20,44,2)([47]36,29,4)([48]21,24,3)([49]3,33,2)([50]31,5,4)([51]38,10,7)([52]23,31,7)([53]3,13,2)([54]29,12,1)([55]39,49,6)([56]22,52,5)([57]1,44,7)([58]1,56,3)([59]41,57,2)([60]14,44,4)([61]43,59,6)([62]12,1,1)([63]47,13,2)([64]29,2,0)([65]2,39,5)([66]47,61,3)([67]12,12,6)([68]66,23,4)([69]66,16,1)([70]30,40,4)([71]52,27,3)([72]19,22,3)([73]72,20,4)([74]35,56,2)([75]41,53,3)([76]54,5,5)([77]64,35,5)([78]52,64,4)([79]43,24,5)([80]66,52,2)([81]10,73,6)([82]74,55,5)([83]80,82,7)([84]72,68,6)([85]30,74,1)([86]52,83,3)(83)
optimized area: 138.68
time: 550445 ms
seed: 1634240814
NOT FOUND
time: 528088 ms
seed: 1634378278
NOT FOUND
time: 529838 ms
seed: 1634427318
NOT FOUND
time: 530754 ms
seed: 1634635662
{7,1,80,1,2,1,8}([7]4,1,6)([8]1,6,7)([9]8,2,7)([10]8,5,5)([11]0,1,7)([12]5,9,4)([13]11,3,7)([14]1,6,2)([15]8,12,4)([16]6,9,5)([17]3,12,7)([18]6,3,7)([19]2,4,2)([20]0,17,6)([21]17,3,5)([22]13,19,7)([23]22,20,3)([24]13,12,2)([25]16,8,4)([26]16,9,7)([27]14,21,3)([28]10,4,4)([29]23,18,3)([30]11,7,2)([31]11,1,7)([32]26,27,6)([33]0,26,4)([34]7,23,7)([35]28,24,6)([36]17,32,4)([37]19,29,4)([38]29,33,2)([39]15,11,5)([40]3,34,3)([41]38,40,2)([42]18,30,2)([43]40,36,5)([44]43,35,7)([45]36,25,4)([46]21,41,5)([47]39,29,6)([48]6,47,2)([49]16,46,1)([50]45,46,2)([51]30,37,6)([52]50,44,3)([53]40,18,6)([54]32,23,5)([55]48,41,7)([56]38,45,5)([57]26,1,1)([58]51,10,7)([59]42,52,3)([60]16,14,5)([61]23,8,3)([62]25,50,0)([63]16,34,7)([64]10,44,2)([65]37,21,7)([66]62,59,4)([67]55,65,6)([68]66,55,7)([69]58,59,4)([70]1,37,0)([71]21,28,7)([72]59,11,0)([73]30,72,2)([74]20,31,6)([75]33,68,0)([76]3,71,2)([77]41,27,3)([78]27,39,2)([79]25,16,5)([80]46,72,3)([81]73,55,1)([82]64,31,6)([83]51,62,2)([84]61,68,0)([85]76,69,1)([86]62,21,1)(69)
evaluations: 7354566
first invidual area: 142.92
{7,1,80,1,2,1,8}([7]1,4,6)([8]1,6,7)([9]2,8,7)([10]8,5,5)([11]0,1,7)([12]5,9,4)([13]11,3,7)([14]1,8,2)([15]12,13,2)([16]6,9,5)([17]3,12,7)([18]3,6,7)([19]4,2,2)([20]17,0,6)([21]19,13,7)([22]1,19,0)([23]18,21,3)([24]12,3,1)([25]16,8,7)([26]9,16,2)([27]26,14,3)([28]10,4,4)([29]23,20,3)([30]7,11,2)([31]30,18,2)([32]24,27,3)([33]26,0,3)([34]21,7,7)([35]34,2,0)([36]17,32,2)([37]19,29,4)([38]24,33,2)([39]28,15,3)([40]3,34,3)([41]23,38,2)([42]36,40,5)([43]24,38,5)([44]42,39,4)([45]25,36,7)([46]40,41,5)([47]35,23,3)([48]45,16,2)([49]44,15,4)([50]45,46,2)([51]30,37,6)([52]8,46,7)([53]50,44,3)([54]53,31,6)([55]38,9,5)([56]19,52,7)([57]25,30,0)([58]51,10,7)([59]18,26,5)([60]19,44,5)([61]12,25,3)([62]16,36,4)([63]47,30,6)([64]4,47,2)([65]28,52,0)([66]35,31,2)([67]57,24,1)([68]57,21,1)([69]47,2,0)([70]65,58,5)([71]37,49,6)([72]47,40,2)([73]67,50,5)([74]27,52,3)([75]20,15,1)([76]13,58,6)([77]62,56,4)([78]11,37,0)([79]62,48,6)([80]36,51,7)([81]20,2,3)([82]62,5,0)([83]58,54,7)([84]24,6,1)([85]26,15,2)([86]5,13,1)(83)
optimized area: 135.40
time: 687114 ms
seed: 1635162632
{7,1,80,1,2,1,8}([7]3,1,0)([8]2,3,6)([9]5,1,7)([10]8,0,6)([11]1,3,2)([12]8,4,6)([13]0,6,7)([14]10,5,4)([15]2,14,6)([16]12,11,3)([17]9,5,2)([18]16,10,4)([19]13,15,4)([20]9,4,0)([21]8,6,7)([22]1,13,4)([23]21,4,4)([24]5,22,5)([25]20,21,4)([26]19,22,2)([27]19,17,1)([28]26,18,3)([29]27,19,3)([30]17,7,7)([31]30,18,2)([32]13,24,6)([33]23,17,6)([34]2,4,7)([35]33,11,2)([36]31,34,3)([37]28,25,7)([38]23,20,1)([39]22,38,7)([40]14,3,3)([41]19,30,6)([42]13,14,0)([43]33,36,5)([44]17,41,5)([45]36,43,3)([46]39,9,2)([47]25,36,6)([48]47,23,0)([49]26,33,6)([50]45,35,1)([51]3,22,3)([52]14,48,7)([53]40,43,3)([54]18,30,7)([55]4,2,3)([56]3,20,2)([57]6,37,6)([58]21,24,7)([59]46,50,3)([60]12,15,5)([61]53,48,7)([62]17,24,7)([63]28,8,2)([64]26,10,2)([65]10,45,5)([66]21,50,6)([67]60,20,3)([68]28,46,3)([69]61,0,2)([70]3,62,3)([71]2,11,4)([72]29,22,7)([73]59,63,6)([74]22,61,3)([75]61,49,0)([76]53,13,1)([77]18,9,0)([78]27,28,5)([79]4,69,1)([80]30,43,6)([81]20,62,2)([82]68,35,6)([83]74,10,6)([84]23,52,2)([85]7,56,3)([86]61,82,3)(86)
evaluations: 24187688
first invidual area: 111.04
{7,1,80,1,2,1,8}([7]6,1,7)([8]3,2,6)([9]1,5,7)([10]8,0,6)([11]3,1,2)([12]4,8,6)([13]11,12,6)([14]10,5,4)([15]14,2,3)([16]1,15,4)([17]0,1,4)([18]10,13,7)([19]13,6,1)([20]3,14,3)([21]6,8,7)([22]17,6,7)([23]21,4,4)([24]21,9,4)([25]8,23,2)([26]22,16,2)([27]4,2,7)([28]5,9,2)([29]3,28,7)([30]28,16,0)([31]29,18,2)([32]5,29,7)([33]23,30,6)([34]23,22,4)([35]26,28,0)([36]31,27,3)([37]33,11,2)([38]36,9,7)([39]22,2,5)([40]31,24,7)([41]8,0,5)([42]36,15,0)([43]33,36,5)([44]22,22,4)([45]42,37,2)([46]7,12,6)([47]27,10,1)([48]43,47,0)([49]21,43,4)([50]43,3,0)([51]24,36,3)([52]35,18,6)([53]48,20,3)([54]46,38,5)([55]7,53,7)([56]29,30,2)([57]27,35,3)([58]18,30,7)([59]52,56,1)([60]11,36,1)([61]51,53,5)([62]47,12,4)([63]17,29,7)([64]9,34,5)([65]20,21,6)([66]29,49,2)([67]51,35,1)([68]52,64,5)([69]39,56,1)([70]63,42,6)([71]5,68,4)([72]49,48,3)([73]17,11,4)([74]54,35,2)([75]25,57,2)([76]18,17,3)([77]49,41,1)([78]11,32,1)([79]75,26,6)([80]12,38,4)([81]16,60,4)([82]68,37,6)([83]47,26,6)([84]14,15,6)([85]8,80,3)([86]61,82,3)(86)
optimized area: 105.88
time: 581195 ms
seed: 1635211824
NOT FOUND
time: 525065 ms
seed: 1635642265
NOT FOUND
time: 1057876 ms
seed: 1635690006
NOT FOUND
time: 1075368 ms
seed: 1635737851
NOT FOUND
time: 1055609 ms
seed: 1635785135
NOT FOUND
time: 1066073 ms
seed: 1635831989
{7,1,80,1,2,1,8}([7]0,4,3)([8]7,6,7)([9]2,5,5)([10]2,5,3)([11]9,1,2)([12]1,0,5)([13]0,10,7)([14]8,5,7)([15]2,3,6)([16]10,14,2)([17]3,15,7)([18]13,11,6)([19]1,8,7)([20]17,16,2)([21]12,3,4)([22]13,9,3)([23]5,12,1)([24]18,20,7)([25]21,6,2)([26]11,10,1)([27]23,24,6)([28]18,16,7)([29]12,10,2)([30]15,19,4)([31]25,20,4)([32]4,0,7)([33]18,14,2)([34]18,28,2)([35]32,21,4)([36]28,30,5)([37]36,21,2)([38]25,33,7)([39]30,16,7)([40]29,28,1)([41]2,35,5)([42]9,5,4)([43]33,37,0)([44]19,21,6)([45]31,13,5)([46]5,38,7)([47]39,2,6)([48]20,40,6)([49]32,37,6)([50]28,38,0)([51]21,24,7)([52]27,28,3)([53]10,41,4)([54]19,47,6)([55]13,26,5)([56]19,33,7)([57]44,54,4)([58]21,7,6)([59]42,22,1)([60]32,41,1)([61]49,46,5)([62]13,60,6)([63]22,7,0)([64]51,2,0)([65]49,27,5)([66]1,32,1)([67]50,3,7)([68]46,37,0)([69]30,63,6)([70]61,54,4)([71]53,3,6)([72]71,45,6)([73]19,27,7)([74]63,2,4)([75]12,15,0)([76]39,9,3)([77]20,46,4)([78]62,45,3)([79]25,47,5)([80]56,13,4)([81]72,70,4)([82]47,52,6)([83]79,54,6)([84]62,82,5)([85]26,37,0)([86]81,84,7)(86)
evaluations: 8347639
first invidual area: 149.46
{7,1,80,1,2,1,8}([7]0,4,3)([8]7,6,7)([9]2,5,5)([10]2,5,3)([11]9,1,2)([12]0,1,5)([13]10,0,7)([14]5,8,7)([15]2,3,6)([16]10,14,2)([17]3,3,1)([18]11,13,6)([19]8,1,7)([20]16,16,0)([21]12,3,4)([22]17,16,5)([23]21,7,3)([24]8,7,0)([25]21,6,2)([26]10,2,0)([27]0,26,0)([28]16,18,7)([29]18,5,2)([30]15,19,4)([31]25,22,7)([32]0,4,7)([33]13,31,5)([34]2,10,2)([35]12,32,4)([36]28,30,5)([37]21,36,2)([38]14,18,5)([39]38,5,7)([40]11,36,6)([41]2,35,5)([42]39,25,3)([43]14,6,4)([44]39,0,2)([45]20,30,7)([46]29,28,3)([47]2,45,6)([48]37,32,6)([49]43,41,7)([50]27,41,5)([51]49,3,1)([52]32,6,1)([53]37,48,6)([54]47,19,6)([55]26,37,4)([56]8,14,2)([57]28,38,2)([58]1,54,1)([59]22,38,4)([60]20,45,0)([61]19,12,4)([62]47,35,6)([63]48,42,5)([64]56,4,2)([65]54,63,4)([66]8,25,4)([67]23,12,3)([68]12,3,4)([69]3,50,6)([70]48,37,4)([71]59,8,2)([72]33,69,3)([73]40,52,4)([74]66,70,5)([75]72,21,7)([76]14,64,4)([77]48,40,1)([78]65,72,4)([79]66,15,3)([80]31,2,2)([81]54,23,6)([82]46,13,6)([83]21,82,0)([84]62,82,5)([85]78,1,0)([86]85,84,4)(86)
optimized area: 132.57
time: 1383845 ms
seed: 1635875115
NOT FOUND
time: 1086946 ms
seed: 1635917127
NOT FOUND
time: 1068646 ms
seed: 1635953401
NOT FOUND
time: 1116649 ms
seed: 1635989600
NOT FOUND
time: 1070929 ms
seed: 1636025433
NOT FOUND
time: 1085627 ms
seed: 1636060152
{7,1,80,1,2,1,8}([7]5,6,4)([8]4,2,6)([9]2,4,7)([10]1,7,4)([11]2,4,5)([12]8,1,7)([13]12,0,3)([14]5,3,4)([15]9,7,4)([16]14,7,0)([17]13,15,5)([18]5,17,4)([19]0,8,4)([20]10,2,2)([21]14,10,6)([22]10,9,6)([23]20,10,7)([24]7,22,6)([25]20,9,7)([26]25,18,4)([27]0,1,7)([28]15,19,5)([29]21,21,7)([30]13,25,3)([31]28,20,7)([32]21,5,4)([33]31,3,4)([34]10,27,3)([35]23,28,5)([36]9,32,7)([37]25,5,1)([38]13,4,3)([39]38,9,2)([40]18,5,1)([41]30,3,4)([42]20,40,4)([43]9,3,2)([44]23,38,5)([45]0,32,5)([46]43,32,5)([47]24,46,7)([48]20,20,2)([49]41,31,6)([50]45,47,5)([51]50,36,4)([52]34,12,7)([53]44,34,4)([54]30,20,6)([55]53,42,3)([56]41,44,0)([57]51,42,6)([58]53,57,4)([59]40,11,3)([60]17,14,4)([61]2,20,3)([62]38,17,0)([63]16,24,6)([64]58,49,3)([65]45,42,4)([66]23,16,4)([67]59,5,0)([68]31,61,3)([69]8,34,1)([70]35,2,0)([71]22,64,7)([72]42,58,5)([73]9,11,7)([74]52,9,0)([75]43,13,2)([76]24,22,5)([77]2,73,5)([78]60,50,0)([79]12,74,7)([80]52,64,5)([81]31,6,5)([82]70,25,5)([83]48,58,0)([84]67,70,1)([85]77,46,7)([86]23,59,2)(71)
evaluations: 33378338
first invidual area: 141.53
{7,1,80,1,2,1,8}([7]6,5,4)([8]4,7,3)([9]2,4,7)([10]1,7,4)([11]1,2,4)([12]9,8,0)([13]11,0,3)([14]1,0,7)([15]12,7,4)([16]10,14,6)([17]9,13,5)([18]6,17,7)([19]0,8,7)([20]10,2,2)([21]5,3,4)([22]10,9,6)([23]10,20,7)([24]10,3,5)([25]10,21,6)([26]5,9,2)([27]23,26,7)([28]15,19,5)([29]9,15,4)([30]17,12,5)([31]28,20,7)([32]25,5,4)([33]31,25,5)([34]22,29,2)([35]22,15,3)([36]9,32,7)([37]13,4,3)([38]32,5,1)([39]23,26,2)([40]22,1,1)([41]30,3,4)([42]4,11,7)([43]6,12,7)([44]23,37,5)([45]0,32,5)([46]24,9,5)([47]35,46,4)([48]15,33,2)([49]41,31,6)([50]45,47,5)([51]36,50,4)([52]18,20,4)([53]44,16,7)([54]16,29,6)([55]40,54,0)([56]46,49,0)([57]51,52,6)([58]13,37,0)([59]25,4,4)([60]4,38,6)([61]59,21,4)([62]57,53,4)([63]45,51,4)([64]62,49,6)([65]39,8,5)([66]50,52,0)([67]2,15,3)([68]60,7,7)([69]16,12,6)([70]14,27,0)([71]42,30,1)([72]66,46,5)([73]0,45,0)([74]22,41,6)([75]44,49,2)([76]73,66,5)([77]8,34,1)([78]54,65,4)([79]73,65,3)([80]64,22,4)([81]29,70,1)([82]34,3,5)([83]17,82,0)([84]33,6,2)([85]32,42,0)([86]73,9,5)(80)
optimized area: 134.50
time: 1135484 ms
seed: 1636094075
{7,1,80,1,2,1,8}([7]6,1,4)([8]4,2,4)([9]0,5,7)([10]2,5,7)([11]3,7,3)([12]1,10,0)([13]8,3,4)([14]2,8,2)([15]11,1,6)([16]15,12,6)([17]10,15,3)([18]7,4,7)([19]11,17,4)([20]0,6,5)([21]1,2,4)([22]9,8,6)([23]22,12,2)([24]17,0,5)([25]7,20,5)([26]25,13,7)([27]18,0,2)([28]13,17,4)([29]23,14,7)([30]26,23,6)([31]23,16,3)([32]3,26,5)([33]21,9,6)([34]28,4,7)([35]0,10,6)([36]26,21,4)([37]3,3,0)([38]18,29,5)([39]17,28,6)([40]18,22,2)([41]1,1,1)([42]39,0,0)([43]19,27,7)([44]41,25,0)([45]41,4,2)([46]45,35,4)([47]12,29,3)([48]43,33,3)([49]17,39,3)([50]37,19,6)([51]5,13,4)([52]34,9,6)([53]38,32,0)([54]7,41,2)([55]25,21,3)([56]52,30,6)([57]14,38,6)([58]48,30,2)([59]58,52,7)([60]56,54,5)([61]38,46,2)([62]36,31,6)([63]2,51,3)([64]61,59,7)([65]36,63,6)([66]32,65,2)([67]25,1,0)([68]16,22,1)([69]32,43,2)([70]45,2,4)([71]33,48,6)([72]41,42,6)([73]21,64,0)([74]26,69,4)([75]25,10,1)([76]66,64,3)([77]68,21,0)([78]21,50,1)([79]10,72,4)([80]56,17,5)([81]55,2,3)([82]19,3,3)([83]43,54,0)([84]68,51,2)([85]47,76,5)([86]73,29,7)(76)
evaluations: 36910702
first invidual area: 137.76
{7,1,80,1,2,1,8}([7]6,1,4)([8]4,2,4)([9]0,5,7)([10]2,5,7)([11]3,7,3)([12]6,11,6)([13]3,8,4)([14]10,0,3)([15]11,1,0)([16]9,4,5)([17]12,10,3)([18]7,4,7)([19]11,17,7)([20]6,0,5)([21]11,1,1)([22]8,9,6)([23]22,1,2)([24]2,1,4)([25]7,20,5)([26]25,13,7)([27]18,0,5)([28]17,13,4)([29]18,13,3)([30]24,18,5)([31]6,3,7)([32]14,11,1)([33]24,9,6)([34]4,28,7)([35]6,24,1)([36]4,15,2)([37]33,4,3)([38]18,37,5)([39]25,37,6)([40]12,27,7)([41]11,24,7)([42]32,40,6)([43]19,27,7)([44]4,35,5)([45]37,0,1)([46]44,14,4)([47]41,30,4)([48]43,33,3)([49]1,17,3)([50]23,26,6)([51]49,7,2)([52]34,9,6)([53]28,14,5)([54]37,38,7)([55]28,30,2)([56]17,18,6)([57]1,26,4)([58]48,50,5)([59]58,52,4)([60]12,28,1)([61]38,46,5)([62]30,57,1)([63]2,53,3)([64]40,1,0)([65]57,63,6)([66]30,65,2)([67]61,13,3)([68]61,18,0)([69]32,5,0)([70]62,48,6)([71]23,68,2)([72]67,59,5)([73]59,68,4)([74]50,8,7)([75]56,12,3)([76]16,68,1)([77]76,19,0)([78]66,73,3)([79]67,24,6)([80]51,32,5)([81]19,75,1)([82]77,73,0)([83]68,66,6)([84]29,12,2)([85]68,51,5)([86]24,7,2)(78)
optimized area: 128.37
time: 1132161 ms
seed: 1636127236
NOT FOUND
time: 1068194 ms
seed: 1636159754
NOT FOUND
time: 1070661 ms
seed: 1636192214
NOT FOUND
time: 1075060 ms
seed: 1636222952
NOT FOUND
time: 1101391 ms
seed: 1636252875
NOT FOUND
time: 1064941 ms
seed: 1636271994
{7,1,80,1,2,1,8}([7]5,4,3)([8]6,1,4)([9]3,1,3)([10]3,4,5)([11]1,2,5)([12]6,10,7)([13]7,0,2)([14]2,3,7)([15]4,14,7)([16]2,8,2)([17]13,15,6)([18]12,13,6)([19]3,13,3)([20]16,13,6)([21]17,16,3)([22]19,20,7)([23]1,3,7)([24]18,5,4)([25]4,21,7)([26]12,5,7)([27]9,5,2)([28]9,20,4)([29]12,24,6)([30]29,4,7)([31]20,23,4)([32]14,31,2)([33]0,17,7)([34]15,28,3)([35]11,27,4)([36]3,4,7)([37]9,33,3)([38]35,21,3)([39]16,3,5)([40]39,26,7)([41]15,6,6)([42]17,15,6)([43]40,38,5)([44]30,22,6)([45]43,31,4)([46]0,44,7)([47]37,45,4)([48]21,32,0)([49]42,32,2)([50]7,39,3)([51]5,50,6)([52]16,46,7)([53]23,5,5)([54]28,4,4)([55]34,24,7)([56]10,49,5)([57]47,49,4)([58]20,39,3)([59]39,20,1)([60]48,6,7)([61]41,58,4)([62]56,50,6)([63]0,14,1)([64]25,2,0)([65]35,10,4)([66]16,3,7)([67]36,18,6)([68]51,38,6)([69]62,44,2)([70]3,29,5)([71]28,40,2)([72]21,31,0)([73]47,8,1)([74]53,58,5)([75]27,56,0)([76]31,74,0)([77]14,73,0)([78]8,55,3)([79]4,48,3)([80]78,52,5)([81]57,80,5)([82]29,52,0)([83]43,3,7)([84]64,81,4)([85]3,82,7)([86]2,85,2)(84)
evaluations: 17108091
first invidual area: 158.86
{7,1,80,1,2,1,8}([7]3,2,4)([8]1,6,4)([9]3,1,3)([10]3,4,5)([11]4,5,3)([12]6,10,7)([13]11,0,2)([14]12,4,6)([15]4,7,4)([16]2,8,2)([17]15,13,6)([18]12,13,6)([19]0,3,3)([20]13,16,3)([21]16,17,3)([22]19,20,4)([23]1,3,5)([24]5,18,4)([25]12,19,3)([26]12,5,4)([27]17,3,6)([28]15,18,6)([29]12,24,6)([30]29,4,7)([31]20,23,4)([32]9,5,5)([33]1,2,5)([34]10,16,4)([35]33,32,7)([36]27,9,7)([37]17,25,6)([38]35,21,3)([39]16,3,5)([40]37,26,7)([41]38,28,5)([42]14,28,0)([43]38,40,5)([44]30,22,3)([45]43,31,7)([46]44,0,7)([47]39,45,7)([48]4,3,7)([49]42,28,2)([50]23,24,4)([51]22,26,1)([52]20,10,2)([53]17,14,0)([54]6,15,6)([55]32,35,4)([56]19,19,4)([57]47,49,3)([58]22,48,2)([59]4,21,7)([60]47,16,6)([61]41,24,7)([62]6,18,6)([63]16,46,4)([64]45,10,2)([65]25,59,7)([66]35,29,6)([67]42,63,7)([68]36,9,7)([69]63,51,1)([70]21,41,5)([71]20,54,1)([72]24,33,4)([73]6,57,3)([74]61,8,3)([75]73,65,0)([76]44,73,1)([77]73,46,4)([78]39,18,2)([79]5,2,6)([80]74,63,5)([81]80,57,5)([82]21,33,5)([83]82,38,1)([84]59,81,4)([85]4,30,1)([86]66,10,4)(84)
optimized area: 145.71
time: 1265934 ms
seed: 1636288560
NOT FOUND
time: 1060616 ms
seed: 1636304990
NOT FOUND
time: 1069509 ms
seed: 1636321349
{7,1,80,1,2,1,8}([7]2,4,4)([8]4,3,4)([9]6,5,0)([10]2,8,2)([11]4,0,4)([12]1,5,2)([13]11,11,2)([14]9,11,7)([15]9,1,4)([16]7,14,6)([17]3,6,4)([18]12,6,1)([19]13,8,2)([20]17,18,5)([21]16,5,7)([22]8,4,6)([23]3,4,4)([24]13,23,3)([25]3,21,7)([26]13,7,1)([27]10,20,3)([28]6,23,3)([29]1,21,2)([30]2,3,3)([31]20,0,4)([32]25,2,1)([33]6,26,3)([34]0,16,2)([35]9,26,0)([36]0,19,3)([37]15,26,6)([38]20,8,5)([39]29,2,7)([40]34,19,6)([41]15,27,5)([42]32,38,4)([43]42,27,4)([44]30,13,0)([45]32,24,7)([46]40,44,7)([47]45,44,2)([48]26,18,4)([49]41,42,5)([50]17,15,1)([51]14,7,2)([52]3,6,0)([53]39,40,4)([54]23,7,6)([55]24,45,6)([56]43,55,0)([57]46,7,5)([58]39,0,0)([59]30,27,6)([60]37,47,3)([61]49,53,6)([62]61,33,0)([63]58,40,1)([64]32,33,5)([65]2,9,0)([66]56,32,4)([67]20,17,6)([68]33,57,2)([69]21,11,5)([70]60,51,5)([71]3,44,7)([72]41,27,4)([73]18,1,4)([74]68,17,1)([75]0,16,4)([76]7,21,1)([77]25,30,3)([78]49,61,7)([79]48,46,5)([80]79,40,7)([81]66,18,6)([82]61,70,4)([83]36,76,5)([84]29,7,7)([85]16,39,0)([86]82,80,7)(86)
evaluations: 19746324
first invidual area: 134.94
{7,1,80,1,2,1,8}([7]2,4,4)([8]4,3,4)([9]8,5,0)([10]8,2,2)([11]0,4,4)([12]5,1,5)([13]1,6,4)([14]6,11,7)([15]9,6,3)([16]7,14,6)([17]16,0,2)([18]6,3,4)([19]0,12,7)([20]18,12,5)([21]16,5,7)([22]10,20,3)([23]14,7,2)([24]11,9,2)([25]3,21,4)([26]16,13,2)([27]22,14,6)([28]19,8,7)([29]1,15,1)([30]21,1,5)([31]13,22,5)([32]27,26,6)([33]17,8,6)([34]5,29,7)([35]2,3,3)([36]24,10,6)([37]33,29,5)([38]8,20,5)([39]9,28,3)([40]24,17,6)([41]27,23,1)([42]38,25,4)([43]25,15,7)([44]31,29,5)([45]35,43,2)([46]23,15,1)([47]9,35,2)([48]36,40,3)([49]31,42,5)([50]40,2,4)([51]3,43,6)([52]14,11,0)([53]50,30,4)([54]4,3,6)([55]15,0,7)([56]17,2,6)([57]1,6,2)([58]17,7,0)([59]51,27,0)([60]45,57,3)([61]49,53,6)([62]34,3,1)([63]62,48,2)([64]62,10,1)([65]48,39,4)([66]13,60,1)([67]28,47,6)([68]25,27,5)([69]53,63,3)([70]60,23,5)([71]54,53,3)([72]35,40,7)([73]5,32,1)([74]53,2,1)([75]12,11,7)([76]14,40,1)([77]59,25,6)([78]44,40,4)([79]72,75,5)([80]79,40,4)([81]0,35,2)([82]61,70,7)([83]82,80,7)([84]26,16,6)([85]34,4,3)([86]8,64,7)(83)
optimized area: 125.11
time: 1205458 ms
seed: 1636337576
NOT FOUND
time: 1077017 ms
seed: 1636344232
NOT FOUND
time: 1067892 ms
seed: 1636350499
NOT FOUND
time: 1059937 ms
