seed: 1633877840
{7,1,80,1,2,1,8}([7]2,4,2)([8]6,3,1)([9]1,0,2)([10]5,1,5)([11]8,1,2)([12]5,3,7)([13]4,0,5)([14]8,6,4)([15]11,12,4)([16]6,10,4)([17]5,16,5)([18]2,5,4)([19]12,15,0)([20]2,16,6)([21]7,18,5)([22]6,15,3)([23]5,13,6)([24]19,0,4)([25]4,11,7)([26]1,16,3)([27]12,21,1)([28]10,7,7)([29]3,9,7)([30]12,15,1)([31]12,29,2)([32]22,0,7)([33]10,26,7)([34]0,8,3)([35]15,13,5)([36]16,31,2)([37]35,7,4)([38]37,4,7)([39]38,1,2)([40]4,23,2)([41]33,37,5)([42]23,9,3)([43]4,18,7)([44]5,26,2)([45]39,37,3)([46]32,31,3)([47]11,27,3)([48]45,38,2)([49]38,26,1)([50]46,37,5)([51]42,21,5)([52]0,51,6)([53]29,20,5)([54]48,42,0)([55]2,49,0)([56]25,30,7)([57]25,20,6)([58]47,45,3)([59]18,50,5)([60]49,44,7)([61]43,20,0)([62]56,45,6)([63]57,53,5)([64]59,41,3)([65]63,36,3)([66]46,42,6)([67]66,62,7)([68]65,60,2)([69]58,42,0)([70]45,58,2)([71]64,67,4)([72]49,49,6)([73]71,68,3)([74]34,58,4)([75]5,47,2)([76]31,55,3)([77]21,43,0)([78]36,45,4)([79]56,31,7)([80]3,61,4)([81]53,73,2)([82]49,78,4)([83]71,24,1)([84]0,3,4)([85]48,22,5)([86]80,60,4)(81)
evaluations: 24897535
first invidual area: 136.30
{7,1,80,1,2,1,8}([7]2,4,5)([8]6,0,1)([9]0,1,2)([10]1,5,5)([11]8,1,2)([12]3,5,7)([13]0,4,5)([14]13,5,6)([15]12,11,4)([16]10,6,4)([17]15,11,1)([18]11,4,7)([19]15,6,3)([20]2,16,6)([21]15,4,2)([22]20,7,3)([23]7,11,0)([24]1,4,3)([25]0,19,7)([26]16,1,3)([27]16,13,0)([28]26,3,5)([29]3,9,7)([30]18,5,4)([31]29,12,2)([32]14,9,3)([33]10,26,2)([34]25,31,3)([35]15,13,5)([36]16,31,2)([37]35,7,7)([38]37,4,4)([39]25,15,6)([40]23,1,2)([41]33,7,5)([42]39,36,7)([43]22,42,5)([44]5,26,5)([45]21,37,3)([46]27,40,6)([47]12,38,7)([48]38,44,4)([49]45,30,0)([50]21,19,7)([51]16,17,4)([52]37,5,7)([53]29,20,5)([54]48,26,7)([55]29,2,3)([56]34,32,3)([57]29,56,3)([58]25,6,0)([59]39,55,5)([60]36,18,3)([61]8,12,2)([62]40,49,3)([63]22,46,7)([64]59,41,6)([65]20,60,3)([66]27,22,0)([67]56,62,7)([68]65,48,2)([69]6,55,7)([70]14,16,5)([71]67,64,7)([72]23,69,1)([73]71,68,3)([74]50,73,0)([75]49,0,1)([76]66,71,2)([77]5,30,4)([78]72,2,5)([79]42,58,4)([80]21,24,6)([81]41,67,7)([82]66,23,3)([83]52,49,7)([84]25,42,6)([85]81,76,6)([86]53,73,2)(86)
optimized area: 124.11
time: 606728 ms
seed: 1634015578
NOT FOUND
time: 530438 ms
seed: 1634064398
NOT FOUND
time: 523017 ms
seed: 1634178573
NOT FOUND
time: 523133 ms
seed: 1634225866
NOT FOUND
time: 532265 ms
seed: 1634322920
{7,1,80,1,2,1,8}([7]5,0,7)([8]4,0,2)([9]6,6,5)([10]0,7,5)([11]3,5,3)([12]10,8,7)([13]4,6,4)([14]7,10,5)([15]2,12,3)([16]11,1,5)([17]16,13,5)([18]3,15,6)([19]16,12,2)([20]2,9,1)([21]20,6,4)([22]7,21,6)([23]21,10,5)([24]12,20,3)([25]0,3,2)([26]8,17,4)([27]13,14,5)([28]3,14,5)([29]1,28,3)([30]6,23,6)([31]3,22,4)([32]9,11,4)([33]27,6,4)([34]29,2,4)([35]34,22,3)([36]0,17,0)([37]4,19,6)([38]34,26,6)([39]30,18,6)([40]37,1,0)([41]36,30,5)([42]33,22,3)([43]38,28,7)([44]43,35,6)([45]44,19,6)([46]23,40,5)([47]23,37,3)([48]6,31,3)([49]45,39,7)([50]38,5,1)([51]14,19,1)([52]6,47,2)([53]13,48,6)([54]42,1,2)([55]25,53,3)([56]47,32,0)([57]23,16,3)([58]1,48,0)([59]54,49,6)([60]2,9,3)([61]55,59,7)([62]36,36,7)([63]1,53,6)([64]20,30,3)([65]3,40,5)([66]2,55,3)([67]56,66,4)([68]34,59,1)([69]22,7,5)([70]62,22,7)([71]44,37,7)([72]37,36,2)([73]21,38,0)([74]69,51,5)([75]73,67,6)([76]44,59,3)([77]70,63,7)([78]42,60,1)([79]60,31,6)([80]25,41,7)([81]20,36,0)([82]58,1,1)([83]58,39,3)([84]77,70,7)([85]36,23,3)([86]37,40,4)(61)
evaluations: 18582063
first invidual area: 112.88
{7,1,80,1,2,1,8}([7]0,5,7)([8]4,0,2)([9]2,3,3)([10]5,7,5)([11]5,3,3)([12]10,8,7)([13]6,4,4)([14]7,10,5)([15]13,14,5)([16]11,1,5)([17]0,12,0)([18]5,1,2)([19]3,14,5)([20]15,6,4)([21]2,6,7)([22]7,21,6)([23]3,17,2)([24]13,16,5)([25]16,18,6)([26]10,21,5)([27]8,18,6)([28]26,2,6)([29]1,19,6)([30]16,12,2)([31]3,22,4)([32]30,9,6)([33]28,32,6)([34]29,2,7)([35]34,22,3)([36]33,31,4)([37]24,8,7)([38]16,6,2)([39]31,3,7)([40]20,22,3)([41]36,17,3)([42]4,31,3)([43]19,37,7)([44]43,35,6)([45]44,20,0)([46]18,39,1)([47]7,32,3)([48]18,38,3)([49]35,20,7)([50]45,30,3)([51]50,33,4)([52]28,19,7)([53]18,13,1)([54]13,42,6)([55]23,54,3)([56]1,40,2)([57]23,42,1)([58]11,12,0)([59]56,51,3)([60]1,9,2)([61]57,32,1)([62]36,56,4)([63]19,21,6)([64]49,6,3)([65]1,47,0)([66]35,12,1)([67]29,3,7)([68]50,31,6)([69]7,4,4)([70]58,57,3)([71]55,59,4)([72]35,55,3)([73]25,20,5)([74]39,13,0)([75]38,62,2)([76]69,14,4)([77]27,26,4)([78]69,43,2)([79]16,63,4)([80]20,15,4)([81]39,71,6)([82]36,31,0)([83]38,13,6)([84]75,61,4)([85]54,2,6)([86]6,50,6)(71)
optimized area: 109.14
time: 599247 ms
seed: 1634363442
NOT FOUND
time: 521369 ms
seed: 1634412391
NOT FOUND
time: 529263 ms
seed: 1634521676
{7,1,80,1,2,1,8}([7]6,3,6)([8]3,0,2)([9]0,2,4)([10]3,4,7)([11]4,6,2)([12]1,9,3)([13]8,11,4)([14]7,12,7)([15]9,5,3)([16]14,15,5)([17]11,13,0)([18]16,10,4)([19]13,4,4)([20]15,1,2)([21]13,4,4)([22]8,5,4)([23]6,1,6)([24]18,13,2)([25]3,23,7)([26]19,25,7)([27]0,9,6)([28]3,24,3)([29]28,2,7)([30]14,1,5)([31]17,18,1)([32]24,0,3)([33]11,29,0)([34]9,5,2)([35]22,10,4)([36]16,10,5)([37]0,30,1)([38]22,6,4)([39]1,13,6)([40]38,29,5)([41]20,19,4)([42]19,29,7)([43]22,36,5)([44]26,32,1)([45]41,44,7)([46]34,15,4)([47]34,11,4)([48]44,39,4)([49]24,45,7)([50]16,40,5)([51]9,37,1)([52]47,40,5)([53]8,15,6)([54]14,14,7)([55]36,46,3)([56]30,5,4)([57]18,52,5)([58]22,12,6)([59]45,2,3)([60]26,55,2)([61]25,36,7)([62]45,38,5)([63]33,33,4)([64]59,57,2)([65]4,35,4)([66]15,45,6)([67]53,52,0)([68]38,32,6)([69]55,64,2)([70]48,40,3)([71]37,17,5)([72]49,56,3)([73]5,7,7)([74]60,64,3)([75]34,12,4)([76]74,70,2)([77]61,44,5)([78]70,61,1)([79]44,6,5)([80]79,40,0)([81]54,73,3)([82]39,39,4)([83]18,57,0)([84]58,20,1)([85]25,71,4)([86]3,21,2)(76)
evaluations: 21753553
first invidual area: 127.91
{7,1,80,1,2,1,8}([7]3,4,7)([8]3,0,2)([9]2,0,4)([10]1,9,3)([11]6,4,2)([12]3,6,3)([13]8,11,4)([14]12,10,4)([15]9,5,3)([16]14,15,5)([17]5,9,5)([18]16,7,4)([19]4,13,4)([20]1,15,5)([21]18,8,4)([22]8,5,4)([23]6,1,3)([24]4,11,5)([25]3,23,4)([26]19,25,7)([27]11,3,3)([28]25,20,4)([29]17,16,4)([30]13,4,5)([31]5,29,6)([32]11,17,7)([33]18,10,6)([34]27,2,7)([35]13,15,6)([36]22,6,4)([37]20,27,2)([38]28,9,7)([39]1,13,3)([40]34,36,5)([41]11,21,2)([42]28,2,3)([43]24,32,0)([44]39,37,7)([45]11,2,0)([46]35,10,3)([47]16,1,3)([48]12,32,3)([49]1,21,6)([50]9,23,3)([51]47,27,5)([52]32,40,5)([53]3,36,4)([54]22,18,3)([55]36,29,1)([56]49,4,3)([57]48,50,2)([58]42,39,5)([59]42,43,7)([60]46,21,0)([61]47,43,4)([62]39,26,4)([63]18,52,5)([64]36,1,6)([65]26,54,5)([66]29,55,0)([67]56,2,5)([68]43,11,6)([69]12,21,7)([70]62,40,3)([71]42,63,5)([72]64,46,6)([73]59,68,4)([74]43,8,0)([75]71,65,5)([76]75,70,2)([77]25,49,1)([78]31,7,2)([79]57,14,3)([80]74,32,2)([81]8,40,3)([82]63,16,4)([83]38,28,2)([84]80,38,6)([85]18,21,3)([86]25,60,5)(76)
optimized area: 110.57
time: 580547 ms
seed: 1634620755
{7,1,80,1,2,1,8}([7]4,1,4)([8]6,7,7)([9]2,7,2)([10]0,8,7)([11]5,10,3)([12]1,9,4)([13]11,9,7)([14]4,2,4)([15]2,11,2)([16]14,13,5)([17]3,3,1)([18]14,10,2)([19]0,15,7)([20]11,16,3)([21]16,5,2)([22]8,13,3)([23]1,7,4)([24]5,23,7)([25]19,24,3)([26]20,3,7)([27]13,17,7)([28]25,21,3)([29]7,28,2)([30]28,10,7)([31]30,4,5)([32]12,27,3)([33]19,24,5)([34]7,17,4)([35]16,30,4)([36]34,28,4)([37]32,18,6)([38]26,19,3)([39]30,26,2)([40]22,16,4)([41]5,20,6)([42]1,37,4)([43]0,4,3)([44]38,6,1)([45]18,44,2)([46]22,24,5)([47]42,33,4)([48]46,14,7)([49]30,40,5)([50]47,45,3)([51]48,34,5)([52]7,37,5)([53]34,10,4)([54]49,51,7)([55]50,54,5)([56]14,19,4)([57]39,8,7)([58]20,27,7)([59]10,42,4)([60]54,12,1)([61]48,2,3)([62]39,18,2)([63]60,9,0)([64]43,24,1)([65]1,58,1)([66]59,52,4)([67]8,66,4)([68]10,29,6)([69]55,34,6)([70]1,25,5)([71]56,53,7)([72]57,18,1)([73]69,25,5)([74]25,51,5)([75]11,71,3)([76]65,7,5)([77]7,49,3)([78]55,72,7)([79]23,74,3)([80]18,78,3)([81]23,25,3)([82]60,0,1)([83]82,31,5)([84]12,59,3)([85]81,64,2)([86]24,70,5)(78)
evaluations: 35508680
first invidual area: 144.32
{7,1,80,1,2,1,8}([7]4,1,4)([8]6,7,7)([9]7,2,2)([10]0,8,7)([11]10,5,3)([12]9,1,4)([13]9,11,7)([14]4,2,4)([15]11,2,5)([16]13,14,5)([17]9,4,6)([18]14,10,2)([19]0,15,4)([20]16,9,3)([21]4,20,5)([22]8,13,3)([23]3,20,7)([24]4,5,7)([25]17,24,3)([26]19,25,6)([27]3,13,4)([28]22,16,5)([29]20,4,5)([30]26,10,4)([31]19,17,0)([32]12,27,3)([33]19,24,5)([34]7,3,7)([35]14,19,0)([36]34,34,3)([37]3,19,6)([38]34,15,0)([39]30,23,5)([40]29,0,1)([41]18,32,6)([42]1,41,7)([43]5,34,2)([44]14,21,6)([45]18,37,2)([46]24,22,5)([47]42,33,7)([48]46,35,7)([49]30,28,5)([50]47,45,3)([51]48,34,5)([52]31,6,5)([53]15,30,1)([54]49,51,7)([55]50,54,5)([56]38,7,3)([57]39,8,4)([58]35,16,2)([59]52,24,1)([60]46,9,7)([61]58,9,5)([62]45,18,3)([63]37,48,0)([64]55,57,4)([65]46,61,6)([66]27,4,5)([67]25,5,5)([68]57,12,2)([69]53,30,2)([70]45,4,0)([71]34,19,5)([72]3,53,2)([73]12,30,4)([74]43,32,5)([75]28,1,3)([76]18,28,4)([77]69,66,1)([78]17,57,5)([79]39,42,1)([80]60,48,4)([81]9,12,2)([82]68,42,1)([83]57,7,1)([84]43,7,5)([85]61,48,1)([86]39,33,0)(64)
optimized area: 131.67
time: 583998 ms
seed: 1635147780
NOT FOUND
time: 531942 ms
seed: 1635196958
{7,1,80,1,2,1,8}([7]1,2,6)([8]4,6,4)([9]0,4,4)([10]5,0,0)([11]3,0,2)([12]3,6,3)([13]12,5,0)([14]1,9,3)([15]1,13,7)([16]14,7,7)([17]7,10,6)([18]17,6,7)([19]18,15,4)([20]8,16,2)([21]18,2,4)([22]20,9,6)([23]1,20,3)([24]4,23,5)([25]0,21,3)([26]22,21,2)([27]12,16,4)([28]26,12,2)([29]19,9,7)([30]11,4,4)([31]3,30,0)([32]16,11,6)([33]28,15,7)([34]1,29,7)([35]25,13,5)([36]9,32,5)([37]33,24,4)([38]37,31,7)([39]4,18,5)([40]36,20,7)([41]7,40,4)([42]7,35,0)([43]1,13,1)([44]2,10,4)([45]25,2,7)([46]41,37,6)([47]28,3,5)([48]25,12,0)([49]8,37,7)([50]13,12,5)([51]46,47,7)([52]49,46,0)([53]37,26,0)([54]51,39,4)([55]40,2,2)([56]9,34,7)([57]44,16,7)([58]4,11,4)([59]5,44,6)([60]34,25,2)([61]19,55,6)([62]60,61,3)([63]54,1,0)([64]40,48,7)([65]61,28,6)([66]38,62,2)([67]25,64,0)([68]11,61,4)([69]51,14,3)([70]38,3,7)([71]57,63,6)([72]71,47,5)([73]64,8,2)([74]66,71,6)([75]70,28,1)([76]43,35,1)([77]56,26,4)([78]17,18,2)([79]20,28,7)([80]34,57,2)([81]1,20,5)([82]76,16,2)([83]46,75,2)([84]29,69,5)([85]48,9,5)([86]68,60,7)(74)
evaluations: 13779175
first invidual area: 138.70
{7,1,80,1,2,1,8}([7]2,1,6)([8]4,6,4)([9]4,0,4)([10]3,2,6)([11]1,9,3)([12]3,6,3)([13]9,3,4)([14]5,7,3)([15]1,12,4)([16]11,7,7)([17]9,14,1)([18]6,14,4)([19]9,7,1)([20]8,16,2)([21]2,18,4)([22]12,18,4)([23]20,1,3)([24]4,18,5)([25]4,23,5)([26]12,21,2)([27]3,0,2)([28]17,26,2)([29]27,16,6)([30]29,9,2)([31]28,1,5)([32]1,22,7)([33]6,4,1)([34]25,28,4)([35]3,12,0)([36]30,20,6)([37]34,15,4)([38]25,0,7)([39]31,22,0)([40]28,34,7)([41]7,36,7)([42]33,33,0)([43]39,34,5)([44]22,17,4)([45]0,26,3)([46]8,1,6)([47]41,37,3)([48]35,37,7)([49]45,8,3)([50]13,17,5)([51]31,47,7)([52]2,16,4)([53]25,42,4)([54]51,24,7)([55]2,41,2)([56]15,43,5)([57]52,5,7)([58]21,51,6)([59]32,38,4)([60]44,45,2)([61]32,55,6)([62]60,61,3)([63]42,34,5)([64]52,20,7)([65]27,53,6)([66]62,48,5)([67]5,43,5)([68]29,22,4)([69]2,19,2)([70]63,3,7)([71]57,54,3)([72]45,25,2)([73]68,22,2)([74]66,71,2)([75]70,18,3)([76]19,41,2)([77]66,53,5)([78]62,21,7)([79]49,67,0)([80]68,10,3)([81]50,59,0)([82]7,28,5)([83]66,37,3)([84]12,67,3)([85]46,42,1)([86]56,17,1)(74)
optimized area: 135.41
time: 652307 ms
seed: 1635361058
{7,1,80,1,2,1,8}([7]4,3,6)([8]2,6,6)([9]0,6,7)([10]0,8,3)([11]4,8,2)([12]5,2,4)([13]8,3,7)([14]10,1,6)([15]0,0,3)([16]15,2,7)([17]5,11,3)([18]7,6,7)([19]12,13,4)([20]13,11,4)([21]19,18,7)([22]4,2,5)([23]4,18,3)([24]10,1,5)([25]24,20,4)([26]14,18,7)([27]24,2,5)([28]1,24,7)([29]19,11,6)([30]28,12,5)([31]21,29,2)([32]23,6,4)([33]9,4,7)([34]17,21,5)([35]22,32,3)([36]12,23,3)([37]36,10,0)([38]32,20,6)([39]26,31,5)([40]24,27,7)([41]9,39,2)([42]39,19,5)([43]3,21,2)([44]20,35,5)([45]22,27,5)([46]25,22,5)([47]26,1,4)([48]44,3,4)([49]29,16,6)([50]45,37,4)([51]47,43,7)([52]45,30,5)([53]14,16,5)([54]42,13,3)([55]23,31,4)([56]34,7,6)([57]27,41,4)([58]34,41,5)([59]49,9,2)([60]56,46,3)([61]60,30,2)([62]51,48,3)([63]8,54,5)([64]61,52,7)([65]64,57,3)([66]57,58,4)([67]50,63,4)([68]15,14,7)([69]68,20,5)([70]24,32,6)([71]58,62,2)([72]29,48,7)([73]63,45,2)([74]67,71,5)([75]60,6,6)([76]38,71,2)([77]76,13,0)([78]45,71,6)([79]1,11,2)([80]16,13,1)([81]69,59,6)([82]53,47,0)([83]6,10,0)([84]37,72,6)([85]74,64,4)([86]50,50,0)(85)
evaluations: 23424764
first invidual area: 155.06
{7,1,80,1,2,1,8}([7]3,4,6)([8]6,2,6)([9]0,6,7)([10]0,8,3)([11]4,8,2)([12]5,2,4)([13]3,8,7)([14]10,9,0)([15]11,5,3)([16]6,15,3)([17]1,14,6)([18]7,6,7)([19]13,12,4)([20]13,11,4)([21]19,18,7)([22]2,4,5)([23]12,18,3)([24]14,1,5)([25]1,24,2)([26]17,18,7)([27]24,2,5)([28]23,18,0)([29]9,6,1)([30]12,25,5)([31]19,17,1)([32]3,21,5)([33]4,23,6)([34]21,15,5)([35]1,26,7)([36]31,5,2)([37]9,19,0)([38]35,37,2)([39]31,26,5)([40]0,6,5)([41]9,39,2)([42]32,10,0)([43]22,1,0)([44]20,40,5)([45]43,27,5)([46]7,14,7)([47]42,12,6)([48]44,3,4)([49]5,8,2)([50]45,33,7)([51]35,42,7)([52]45,30,5)([53]16,10,0)([54]20,24,4)([55]46,26,1)([56]34,7,6)([57]22,54,5)([58]34,41,5)([59]12,19,5)([60]56,57,3)([61]60,30,5)([62]51,48,3)([63]8,59,5)([64]52,61,7)([65]3,46,0)([66]63,12,4)([67]50,63,7)([68]38,42,1)([69]59,10,2)([70]14,2,1)([71]58,62,5)([72]5,11,4)([73]13,51,7)([74]67,71,3)([75]63,48,6)([76]51,10,5)([77]75,46,4)([78]60,44,5)([79]75,4,6)([80]12,73,1)([81]53,13,4)([82]69,11,3)([83]17,27,5)([84]29,47,7)([85]74,64,7)([86]34,73,0)(85)
optimized area: 140.99
time: 1173961 ms
seed: 1635627773
{7,1,80,1,2,1,8}([7]0,2,7)([8]5,6,7)([9]4,2,5)([10]9,6,7)([11]3,2,6)([12]5,9,1)([13]12,4,2)([14]2,3,5)([15]7,6,7)([16]14,5,3)([17]3,13,3)([18]17,0,4)([19]10,1,7)([20]17,6,4)([21]10,4,7)([22]16,0,2)([23]6,13,3)([24]3,23,2)([25]22,10,6)([26]20,25,5)([27]26,1,6)([28]24,19,4)([29]8,21,3)([30]18,9,3)([31]15,1,2)([32]18,29,3)([33]25,12,2)([34]17,0,2)([35]12,7,7)([36]17,4,3)([37]11,33,3)([38]32,28,5)([39]34,26,4)([40]39,37,7)([41]31,28,4)([42]2,26,3)([43]21,40,3)([44]38,42,2)([45]10,42,2)([46]18,4,2)([47]12,13,5)([48]47,17,0)([49]13,18,7)([50]49,35,3)([51]3,32,2)([52]11,8,5)([53]38,28,7)([54]1,6,6)([55]50,41,6)([56]44,46,3)([57]55,40,3)([58]57,56,0)([59]57,56,2)([60]17,57,4)([61]38,19,5)([62]22,21,6)([63]27,26,6)([64]57,27,4)([65]57,30,0)([66]7,11,2)([67]61,29,1)([68]18,1,4)([69]34,18,0)([70]55,50,0)([71]23,9,3)([72]45,48,1)([73]55,69,6)([74]38,32,1)([75]69,17,5)([76]62,32,2)([77]5,50,7)([78]73,67,3)([79]35,9,5)([80]27,59,7)([81]34,56,0)([82]49,34,3)([83]67,34,0)([84]33,17,1)([85]23,53,3)([86]69,30,5)(80)
evaluations: 26609761
first invidual area: 133.05
{7,1,80,1,2,1,8}([7]2,0,4)([8]5,6,7)([9]4,2,5)([10]6,9,7)([11]3,0,6)([12]5,11,1)([13]12,4,2)([14]2,3,5)([15]3,2,6)([16]5,14,3)([17]3,13,3)([18]0,17,4)([19]10,1,7)([20]17,9,7)([21]10,4,7)([22]0,16,2)([23]6,13,3)([24]3,23,5)([25]10,22,6)([26]20,25,5)([27]1,26,6)([28]24,19,7)([29]8,21,3)([30]10,0,1)([31]1,8,2)([32]18,29,3)([33]25,12,2)([34]17,0,5)([35]12,7,4)([36]5,13,3)([37]15,33,6)([38]28,32,5)([39]34,26,7)([40]39,37,4)([41]39,9,3)([42]9,32,6)([43]26,35,3)([44]43,38,2)([45]3,33,7)([46]15,22,7)([47]6,37,2)([48]11,31,3)([49]40,2,2)([50]48,35,3)([51]4,18,2)([52]2,21,4)([53]4,31,7)([54]18,19,6)([55]50,28,6)([56]51,44,3)([57]55,40,3)([58]1,41,5)([59]57,56,5)([60]56,15,1)([61]7,38,3)([62]8,15,5)([63]11,9,3)([64]7,14,2)([65]13,37,6)([66]6,35,7)([67]35,9,4)([68]23,57,3)([69]65,42,5)([70]21,22,0)([71]11,19,7)([72]38,4,1)([73]32,67,6)([74]12,7,0)([75]16,3,7)([76]50,31,7)([77]46,33,7)([78]46,56,6)([79]27,59,4)([80]69,1,1)([81]19,35,0)([82]39,78,2)([83]71,77,0)([84]30,3,3)([85]26,3,6)([86]56,8,5)(79)
optimized area: 122.25
time: 1177744 ms
seed: 1635675498
{7,1,80,1,2,1,8}([7]2,5,0)([8]5,1,2)([9]3,1,6)([10]4,3,6)([11]6,9,4)([12]0,1,7)([13]6,10,6)([14]2,8,7)([15]3,13,4)([16]14,4,2)([17]7,3,6)([18]17,12,4)([19]7,16,3)([20]6,18,5)([21]6,18,6)([22]4,5,1)([23]15,3,6)([24]14,15,6)([25]0,16,7)([26]10,23,4)([27]25,15,7)([28]25,25,0)([29]25,11,5)([30]10,26,0)([31]21,11,6)([32]31,6,3)([33]24,32,6)([34]5,33,6)([35]4,3,1)([36]1,4,5)([37]21,36,2)([38]3,22,5)([39]36,34,5)([40]0,20,5)([41]23,27,0)([42]1,27,2)([43]13,29,4)([44]23,37,4)([45]39,17,3)([46]40,5,4)([47]20,4,4)([48]22,47,0)([49]1,15,3)([50]34,27,2)([51]30,19,6)([52]50,44,3)([53]22,19,2)([54]38,15,6)([55]45,8,3)([56]18,32,7)([57]45,43,4)([58]24,32,5)([59]39,10,4)([60]40,57,6)([61]26,20,4)([62]46,29,3)([63]60,51,4)([64]63,52,7)([65]0,45,2)([66]53,51,0)([67]50,2,6)([68]20,62,4)([69]33,26,5)([70]7,67,7)([71]20,43,3)([72]16,52,2)([73]15,42,2)([74]33,73,7)([75]11,37,5)([76]74,47,3)([77]63,12,0)([78]41,52,0)([79]66,74,2)([80]79,15,1)([81]44,64,5)([82]79,64,7)([83]44,14,2)([84]82,62,5)([85]65,48,4)([86]60,62,2)(84)
evaluations: 21102624
first invidual area: 141.47
{7,1,80,1,2,1,8}([7]3,2,6)([8]5,1,2)([9]3,8,6)([10]3,4,6)([11]6,9,4)([12]0,1,7)([13]6,10,6)([14]8,2,7)([15]13,3,4)([16]4,14,2)([17]15,14,6)([18]15,3,1)([19]16,2,3)([20]7,12,4)([21]20,6,6)([22]13,15,6)([23]6,20,5)([24]10,21,6)([25]16,0,7)([26]25,15,7)([27]21,3,3)([28]11,25,7)([29]11,25,5)([30]13,5,7)([31]17,24,6)([32]13,29,7)([33]14,8,3)([34]5,31,6)([35]20,17,6)([36]1,4,5)([37]17,32,7)([38]30,35,5)([39]36,34,5)([40]32,18,5)([41]21,21,6)([42]36,21,5)([43]30,8,6)([44]42,22,7)([45]20,33,4)([46]32,39,7)([47]23,0,5)([48]6,38,0)([49]33,39,6)([50]34,26,2)([51]19,20,6)([52]50,44,6)([53]36,22,4)([54]29,30,3)([55]35,1,2)([56]20,41,3)([57]4,7,5)([58]15,11,4)([59]10,19,6)([60]47,46,3)([61]24,36,1)([62]44,54,1)([63]60,59,7)([64]63,52,4)([65]52,25,2)([66]51,8,0)([67]31,34,2)([68]15,11,7)([69]53,63,3)([70]37,68,3)([71]35,37,0)([72]26,43,1)([73]51,12,1)([74]4,55,6)([75]11,27,5)([76]72,8,0)([77]66,20,2)([78]8,48,0)([79]16,40,6)([80]56,21,0)([81]2,74,5)([82]81,64,4)([83]67,69,7)([84]82,54,5)([85]18,51,7)([86]77,46,2)(84)
optimized area: 129.76
time: 1273544 ms
seed: 1635723335
NOT FOUND
time: 1067750 ms
seed: 1635770487
{7,1,80,1,2,1,8}([7]0,5,3)([8]1,4,3)([9]7,5,3)([10]4,3,4)([11]10,3,7)([12]2,1,6)([13]4,7,6)([14]4,5,2)([15]14,2,3)([16]14,0,5)([17]10,16,5)([18]17,15,4)([19]13,18,4)([20]2,3,6)([21]18,6,6)([22]2,1,4)([23]21,21,2)([24]19,22,3)([25]1,4,5)([26]21,6,4)([27]16,0,7)([28]27,12,4)([29]1,24,5)([30]8,21,7)([31]21,27,7)([32]31,1,6)([33]26,20,7)([34]17,33,4)([35]17,16,2)([36]7,30,6)([37]3,12,0)([38]5,25,4)([39]30,27,5)([40]37,16,4)([41]6,2,7)([42]37,34,7)([43]20,38,3)([44]17,4,2)([45]2,25,3)([46]16,31,2)([47]14,31,3)([48]24,42,2)([49]29,33,4)([50]49,3,4)([51]6,10,3)([52]51,34,0)([53]32,48,6)([54]39,43,6)([55]32,7,0)([56]28,32,7)([57]6,36,5)([58]7,39,3)([59]19,57,3)([60]16,3,3)([61]5,57,6)([62]51,56,2)([63]35,53,3)([64]11,38,2)([65]44,36,4)([66]57,50,4)([67]63,60,7)([68]43,25,3)([69]53,41,7)([70]62,38,4)([71]54,59,7)([72]71,63,7)([73]41,42,1)([74]28,54,3)([75]28,48,6)([76]69,23,0)([77]59,63,3)([78]61,73,2)([79]55,13,5)([80]62,49,6)([81]21,26,0)([82]45,26,5)([83]17,7,4)([84]80,72,6)([85]63,79,4)([86]79,3,3)(84)
evaluations: 19221777
first invidual area: 142.43
{7,1,80,1,2,1,8}([7]0,5,3)([8]2,2,3)([9]4,7,3)([10]3,4,4)([11]1,3,2)([12]8,3,6)([13]11,5,6)([14]4,5,2)([15]14,8,3)([16]0,14,5)([17]10,16,5)([18]17,15,4)([19]18,9,7)([20]18,4,0)([21]6,18,6)([22]2,1,4)([23]1,17,6)([24]19,22,3)([25]7,0,3)([26]6,21,6)([27]0,16,2)([28]13,23,3)([29]7,23,6)([30]21,1,7)([31]30,27,4)([32]31,1,6)([33]26,12,4)([34]6,31,1)([35]16,33,7)([36]30,27,5)([37]24,1,5)([38]37,28,0)([39]8,8,5)([40]36,13,3)([41]24,16,3)([42]3,35,7)([43]24,36,6)([44]1,37,1)([45]16,17,2)([46]12,27,7)([47]37,33,4)([48]24,42,2)([49]46,0,0)([50]23,47,4)([51]10,6,3)([52]45,4,5)([53]32,48,6)([54]12,40,3)([55]34,38,0)([56]46,32,4)([57]6,29,5)([58]32,22,3)([59]25,46,7)([60]41,52,6)([61]15,10,4)([62]51,56,2)([63]45,53,3)([64]50,29,4)([65]30,60,5)([66]6,61,5)([67]57,19,3)([68]47,62,6)([69]28,9,3)([70]12,58,6)([71]54,67,5)([72]71,63,7)([73]45,26,4)([74]10,14,2)([75]6,52,0)([76]34,33,2)([77]65,74,1)([78]55,19,5)([79]43,78,3)([80]23,45,3)([81]16,47,4)([82]26,70,0)([83]13,50,3)([84]68,72,6)([85]12,4,3)([86]17,32,5)(84)
optimized area: 130.69
time: 1323657 ms
seed: 1635817500
{7,1,80,1,2,1,8}([7]3,4,4)([8]0,4,3)([9]7,8,5)([10]9,6,3)([11]6,3,7)([12]3,6,2)([13]6,5,4)([14]1,10,7)([15]13,14,3)([16]15,5,7)([17]9,3,1)([18]0,1,6)([19]6,16,4)([20]13,17,2)([21]6,2,3)([22]15,7,6)([23]4,0,5)([24]21,22,7)([25]9,7,4)([26]20,3,2)([27]19,8,2)([28]9,25,0)([29]2,26,3)([30]9,15,7)([31]19,26,1)([32]23,12,7)([33]29,0,7)([34]31,25,3)([35]8,19,7)([36]16,29,4)([37]9,29,2)([38]0,24,3)([39]10,32,2)([40]9,15,0)([41]11,1,5)([42]32,14,2)([43]38,9,4)([44]14,18,0)([45]35,42,2)([46]17,39,1)([47]38,27,7)([48]24,30,1)([49]38,2,2)([50]38,14,5)([51]50,11,4)([52]12,50,6)([53]34,37,5)([54]39,37,6)([55]8,17,1)([56]42,2,1)([57]42,48,2)([58]24,44,7)([59]58,27,7)([60]56,53,2)([61]20,14,1)([62]33,15,4)([63]49,51,6)([64]63,57,6)([65]5,33,2)([66]37,54,4)([67]47,46,3)([68]61,18,1)([69]36,31,0)([70]66,59,6)([71]64,60,4)([72]61,71,2)([73]20,56,0)([74]36,51,6)([75]59,39,7)([76]59,4,5)([77]47,73,4)([78]77,65,5)([79]5,35,4)([80]78,72,7)([81]39,23,5)([82]39,68,5)([83]78,35,4)([84]46,37,5)([85]74,80,3)([86]80,56,6)(85)
evaluations: 11408709
first invidual area: 145.21
{7,1,80,1,2,1,8}([7]3,4,4)([8]4,0,3)([9]7,8,5)([10]9,6,3)([11]3,6,7)([12]0,4,5)([13]5,6,4)([14]10,1,7)([15]13,14,3)([16]5,15,7)([17]9,14,1)([18]14,10,0)([19]16,6,4)([20]17,13,5)([21]6,2,3)([22]0,17,7)([23]22,13,2)([24]3,23,1)([25]19,8,5)([26]25,21,2)([27]7,15,3)([28]6,3,5)([29]0,12,2)([30]10,27,3)([31]7,19,5)([32]28,12,4)([33]18,15,1)([34]27,26,0)([35]8,34,5)([36]21,27,5)([37]11,19,6)([38]0,36,3)([39]32,14,5)([40]18,38,5)([41]11,0,7)([42]13,21,5)([43]29,2,3)([44]39,35,5)([45]5,10,7)([46]9,2,2)([47]38,25,4)([48]47,5,2)([49]31,0,1)([50]33,42,3)([51]40,11,4)([52]42,18,6)([53]46,31,5)([54]46,35,3)([55]49,33,7)([56]12,31,3)([57]43,16,4)([58]35,18,1)([59]38,2,2)([60]39,36,6)([61]18,37,2)([62]42,48,3)([63]59,51,6)([64]63,60,3)([65]45,14,2)([66]10,48,2)([67]2,0,7)([68]8,50,6)([69]39,53,5)([70]31,37,0)([71]64,69,4)([72]20,71,5)([73]61,45,0)([74]57,51,6)([75]41,57,1)([76]8,64,6)([77]32,73,0)([78]67,66,5)([79]3,21,1)([80]36,44,5)([81]2,80,0)([82]72,78,4)([83]52,44,7)([84]46,52,2)([85]74,82,3)([86]23,24,1)(85)
optimized area: 126.46
time: 1381359 ms
seed: 1635860604
{7,1,80,1,2,1,8}([7]2,1,3)([8]7,5,4)([9]0,7,7)([10]4,6,1)([11]3,0,2)([12]3,0,3)([13]5,12,3)([14]10,8,3)([15]11,12,5)([16]4,3,4)([17]14,13,7)([18]17,1,4)([19]13,6,7)([20]4,2,5)([21]17,19,6)([22]0,12,4)([23]22,16,7)([24]1,22,6)([25]20,18,2)([26]5,12,2)([27]6,26,4)([28]12,24,5)([29]24,21,6)([30]5,1,4)([31]25,11,7)([32]23,15,6)([33]10,29,4)([34]33,20,7)([35]7,27,2)([36]33,31,4)([37]11,34,0)([38]34,35,7)([39]34,31,6)([40]33,30,2)([41]12,3,0)([42]31,41,2)([43]39,6,2)([44]26,29,0)([45]27,28,7)([46]28,36,2)([47]2,21,6)([48]16,41,5)([49]14,45,3)([50]49,26,7)([51]36,49,4)([52]23,6,5)([53]3,44,2)([54]45,1,0)([55]38,2,5)([56]53,2,5)([57]13,22,7)([58]47,44,6)([59]47,45,5)([60]3,24,2)([61]48,40,3)([62]5,44,7)([63]50,59,4)([64]61,55,2)([65]51,62,4)([66]64,39,6)([67]55,4,2)([68]62,24,5)([69]66,63,5)([70]32,14,2)([71]21,47,6)([72]1,6,1)([73]8,16,0)([74]10,23,2)([75]66,58,5)([76]1,2,2)([77]34,69,7)([78]52,77,7)([79]19,54,5)([80]73,60,5)([81]26,21,7)([82]38,51,7)([83]80,4,0)([84]18,10,7)([85]16,20,0)([86]75,17,2)(78)
evaluations: 13357619
first invidual area: 141.03
{7,1,80,1,2,1,8}([7]1,2,6)([8]7,5,4)([9]3,7,0)([10]4,2,1)([11]0,3,2)([12]3,0,3)([13]10,6,3)([14]6,8,6)([15]3,2,1)([16]5,12,3)([17]16,13,2)([18]16,1,5)([19]9,0,6)([20]2,10,3)([21]11,4,7)([22]21,0,4)([23]15,11,6)([24]23,1,6)([25]14,17,6)([26]12,5,2)([27]26,6,4)([28]21,18,2)([29]24,25,6)([30]26,29,4)([31]11,28,6)([32]24,3,1)([33]19,24,4)([34]29,20,4)([35]17,25,2)([36]30,0,2)([37]22,12,5)([38]27,34,7)([39]12,33,3)([40]28,7,3)([41]2,38,5)([42]40,34,2)([43]6,17,1)([44]19,13,4)([45]32,34,2)([46]31,42,1)([47]11,37,2)([48]10,45,3)([49]2,35,2)([50]4,17,1)([51]26,48,5)([52]21,6,5)([53]38,2,3)([54]34,12,0)([55]54,36,4)([56]34,31,6)([57]51,53,7)([58]54,11,6)([59]55,33,3)([60]3,4,0)([61]7,48,4)([62]37,36,3)([63]12,5,5)([64]62,41,2)([65]27,49,0)([66]64,56,6)([67]64,22,3)([68]38,14,5)([69]66,57,5)([70]36,51,3)([71]14,51,7)([72]31,10,5)([73]23,1,5)([74]65,68,4)([75]15,1,5)([76]57,35,5)([77]54,69,7)([78]49,41,7)([79]0,75,4)([80]26,20,4)([81]11,28,1)([82]18,11,4)([83]81,77,7)([84]52,30,2)([85]27,44,0)([86]77,52,7)(86)
optimized area: 116.14
time: 1330117 ms
seed: 1635902653
NOT FOUND
time: 1051355 ms
seed: 1635938903
NOT FOUND
time: 1051960 ms
seed: 1635975093
NOT FOUND
time: 1054692 ms
seed: 1636010975
NOT FOUND
time: 1076879 ms
seed: 1636045718
NOT FOUND
time: 1081482 ms
seed: 1636079561
NOT FOUND
time: 1073089 ms
seed: 1636112557
NOT FOUND
time: 1060267 ms
seed: 1636145283
NOT FOUND
time: 1063459 ms
seed: 1636177717
NOT FOUND
time: 1058354 ms
seed: 1636208320
NOT FOUND
time: 1062525 ms
seed: 1636238286
NOT FOUND
time: 1078965 ms
seed: 1636257487
NOT FOUND
time: 1065401 ms
