seed: 1634031877
NOT FOUND
time: 532246 ms
seed: 1634242290
{7,1,80,1,2,1,8}([7]1,2,4)([8]7,3,5)([9]3,4,6)([10]6,5,1)([11]1,6,5)([12]11,7,2)([13]5,12,4)([14]0,4,4)([15]4,2,3)([16]0,9,4)([17]7,10,3)([18]5,10,6)([19]13,11,4)([20]13,8,5)([21]9,17,4)([22]20,18,3)([23]12,20,7)([24]10,15,7)([25]10,21,7)([26]14,9,6)([27]15,16,5)([28]14,22,2)([29]3,14,4)([30]17,28,5)([31]27,13,5)([32]29,5,4)([33]17,12,0)([34]13,11,0)([35]25,19,4)([36]2,18,4)([37]24,31,2)([38]14,4,0)([39]30,13,7)([40]7,6,5)([41]37,23,7)([42]41,36,6)([43]15,31,1)([44]35,42,4)([45]29,37,1)([46]12,11,3)([47]4,28,1)([48]42,29,4)([49]47,20,1)([50]48,8,5)([51]28,32,2)([52]38,51,1)([53]52,35,3)([54]53,51,4)([55]50,17,4)([56]27,55,3)([57]54,44,7)([58]19,32,6)([59]20,57,4)([60]52,20,7)([61]39,15,0)([62]58,20,2)([63]5,40,6)([64]52,62,4)([65]4,10,7)([66]44,56,7)([67]57,66,5)([68]64,43,2)([69]62,47,2)([70]2,62,7)([71]58,37,7)([72]51,56,5)([73]3,46,4)([74]20,65,0)([75]61,67,7)([76]16,55,5)([77]74,36,3)([78]28,25,2)([79]71,64,0)([80]73,79,1)([81]75,32,0)([82]43,9,4)([83]63,65,0)([84]56,5,3)([85]58,46,4)([86]1,35,0)(75)
evaluations: 9311336
first invidual area: 149.02
{7,1,80,1,2,1,8}([7]1,2,4)([8]3,7,5)([9]3,4,6)([10]6,0,1)([11]1,6,5)([12]11,7,2)([13]12,5,4)([14]0,4,4)([15]4,2,3)([16]2,11,1)([17]7,10,3)([18]10,5,6)([19]9,13,4)([20]13,8,5)([21]4,3,5)([22]18,20,3)([23]16,6,5)([24]9,0,4)([25]23,19,4)([26]18,1,5)([27]15,24,5)([28]22,14,2)([29]13,14,5)([30]17,28,5)([31]20,12,7)([32]13,30,7)([33]4,10,2)([34]7,5,5)([35]25,10,4)([36]18,16,6)([37]29,33,5)([38]14,24,2)([39]3,5,7)([40]13,11,4)([41]37,31,4)([42]41,36,6)([43]14,15,1)([44]35,42,4)([45]24,23,5)([46]33,5,4)([47]18,28,3)([48]42,21,7)([49]45,0,1)([50]8,48,5)([51]39,28,5)([52]35,43,3)([53]35,25,3)([54]51,52,4)([55]17,50,4)([56]27,55,3)([57]16,14,5)([58]46,42,2)([59]56,54,4)([60]45,30,4)([61]45,49,5)([62]41,39,5)([63]54,21,3)([64]35,3,2)([65]36,17,3)([66]44,54,4)([67]59,66,5)([68]15,52,4)([69]48,16,0)([70]11,32,6)([71]47,21,3)([72]62,51,0)([73]57,6,6)([74]57,10,2)([75]0,34,3)([76]75,66,4)([77]57,70,6)([78]32,67,7)([79]53,41,0)([80]4,60,0)([81]8,23,4)([82]50,70,4)([83]12,28,6)([84]79,75,6)([85]82,22,4)([86]26,43,4)(78)
optimized area: 139.14
time: 739981 ms
seed: 1634379795
NOT FOUND
time: 527180 ms
seed: 1634428822
NOT FOUND
time: 535753 ms
seed: 1634637170
NOT FOUND
time: 531770 ms
seed: 1635164105
{7,1,80,1,2,1,8}([7]1,6,7)([8]5,7,4)([9]7,3,4)([10]8,4,4)([11]4,2,4)([12]9,7,3)([13]6,4,2)([14]3,10,2)([15]9,5,5)([16]13,1,6)([17]8,0,4)([18]1,14,5)([19]10,9,2)([20]11,17,3)([21]19,0,3)([22]6,17,6)([23]7,12,6)([24]14,0,3)([25]21,3,7)([26]5,21,4)([27]20,4,7)([28]5,14,1)([29]24,22,4)([30]11,8,7)([31]25,15,3)([32]4,28,0)([33]20,30,5)([34]18,23,7)([35]30,31,4)([36]1,3,2)([37]16,2,6)([38]16,35,4)([39]11,22,4)([40]29,34,5)([41]40,10,7)([42]36,33,4)([43]25,38,3)([44]40,7,1)([45]22,28,5)([46]16,24,4)([47]40,25,4)([48]46,1,6)([49]37,4,3)([50]34,24,0)([51]43,10,3)([52]6,35,0)([53]14,17,0)([54]7,30,6)([55]38,42,6)([56]38,45,3)([57]47,35,2)([58]51,6,5)([59]22,25,7)([60]4,51,6)([61]58,15,7)([62]42,24,6)([63]49,26,3)([64]60,40,7)([65]47,55,4)([66]63,64,5)([67]44,41,0)([68]57,22,4)([69]66,6,3)([70]28,23,4)([71]30,52,5)([72]65,63,4)([73]56,72,2)([74]68,37,2)([75]52,24,2)([76]68,69,3)([77]2,60,7)([78]72,31,5)([79]52,71,4)([80]70,46,4)([81]71,35,0)([82]73,76,4)([83]10,7,2)([84]23,71,2)([85]34,63,1)([86]5,72,4)(82)
evaluations: 31867994
first invidual area: 162.58
{7,1,80,1,2,1,8}([7]1,6,7)([8]5,7,4)([9]7,3,4)([10]8,4,4)([11]4,2,4)([12]3,0,6)([13]6,4,2)([14]1,3,2)([15]5,9,5)([16]1,13,6)([17]0,8,4)([18]14,10,5)([19]9,10,2)([20]11,17,3)([21]0,19,3)([22]6,17,6)([23]9,3,3)([24]1,16,5)([25]3,21,7)([26]5,21,4)([27]23,22,0)([28]18,11,0)([29]12,22,7)([30]11,8,7)([31]25,15,6)([32]6,31,7)([33]20,30,5)([34]18,27,5)([35]30,31,7)([36]14,35,5)([37]16,11,6)([38]16,35,4)([39]18,7,0)([40]29,34,5)([41]13,30,0)([42]4,30,0)([43]38,4,3)([44]14,33,4)([45]22,15,5)([46]28,14,2)([47]25,40,4)([48]33,4,3)([49]37,4,3)([50]2,16,7)([51]14,40,4)([52]27,47,5)([53]16,8,1)([54]6,6,5)([55]38,44,3)([56]6,40,4)([57]47,35,5)([58]11,45,3)([59]50,28,3)([60]25,43,3)([61]12,34,2)([62]26,4,2)([63]49,26,3)([64]60,40,4)([65]47,55,7)([66]63,64,5)([67]6,66,3)([68]57,21,4)([69]61,34,6)([70]17,22,7)([71]44,26,5)([72]65,63,4)([73]58,72,5)([74]59,1,4)([75]34,42,2)([76]68,67,3)([77]9,68,7)([78]49,51,7)([79]33,38,3)([80]13,39,5)([81]28,0,2)([82]73,76,7)([83]26,28,5)([84]44,20,5)([85]79,77,6)([86]15,12,5)(82)
optimized area: 150.40
time: 629203 ms
seed: 1635213316
NOT FOUND
time: 533126 ms
seed: 1635643717
NOT FOUND
time: 1073303 ms
seed: 1635691437
{7,1,80,1,2,1,8}([7]4,1,3)([8]6,1,2)([9]0,2,6)([10]9,1,3)([11]10,0,4)([12]5,11,3)([13]4,8,3)([14]4,3,3)([15]5,2,1)([16]0,7,2)([17]13,0,6)([18]11,6,5)([19]15,13,7)([20]3,13,7)([21]8,9,7)([22]16,12,7)([23]15,16,7)([24]21,23,2)([25]10,14,4)([26]19,21,4)([27]14,6,5)([28]1,18,0)([29]6,17,3)([30]26,24,3)([31]1,29,4)([32]27,26,1)([33]31,10,1)([34]25,15,5)([35]34,26,3)([36]20,26,7)([37]0,20,7)([38]5,0,4)([39]21,16,7)([40]37,35,7)([41]19,37,0)([42]12,2,0)([43]1,42,5)([44]33,24,7)([45]29,22,4)([46]35,40,3)([47]32,39,3)([48]4,30,4)([49]46,4,6)([50]48,19,0)([51]48,25,7)([52]31,22,6)([53]41,15,4)([54]18,51,7)([55]40,45,5)([56]47,48,2)([57]25,24,7)([58]55,2,2)([59]7,8,5)([60]23,58,6)([61]16,0,1)([62]49,50,5)([63]62,54,7)([64]29,50,0)([65]38,5,1)([66]41,22,1)([67]11,36,2)([68]18,53,7)([69]20,37,3)([70]31,49,7)([71]58,56,6)([72]13,20,4)([73]67,70,5)([74]41,46,3)([75]57,50,6)([76]35,23,3)([77]42,64,3)([78]54,69,5)([79]71,73,5)([80]79,48,7)([81]26,17,7)([82]12,64,3)([83]18,39,1)([84]36,24,5)([85]1,37,2)([86]79,57,7)(86)
evaluations: 15627821
first invidual area: 143.37
{7,1,80,1,2,1,8}([7]1,1,0)([8]7,6,2)([9]0,2,6)([10]9,7,3)([11]10,0,4)([12]5,11,3)([13]4,8,3)([14]4,3,3)([15]1,4,3)([16]15,0,2)([17]3,8,0)([18]16,5,4)([19]5,13,7)([20]13,3,7)([21]9,8,7)([22]8,2,5)([23]16,6,7)([24]18,21,2)([25]14,24,4)([26]21,19,7)([27]0,13,6)([28]16,12,4)([29]6,27,3)([30]26,24,6)([31]7,29,4)([32]15,14,4)([33]29,28,7)([34]5,26,6)([35]34,20,7)([36]16,21,7)([37]13,34,3)([38]0,35,4)([39]38,14,6)([40]30,28,5)([41]39,4,1)([42]6,3,2)([43]32,21,5)([44]10,14,4)([45]41,8,2)([46]28,4,7)([47]42,36,3)([48]4,30,7)([49]17,8,6)([50]18,16,7)([51]31,39,6)([52]35,28,7)([53]49,21,4)([54]27,45,2)([55]38,33,5)([56]47,48,2)([57]35,43,4)([58]55,2,2)([59]53,22,5)([60]25,10,4)([61]33,10,6)([62]35,1,7)([63]47,4,2)([64]14,62,0)([65]20,26,7)([66]13,15,0)([67]12,51,2)([68]34,58,2)([69]39,46,6)([70]15,25,7)([71]58,56,6)([72]52,45,7)([73]67,65,5)([74]13,4,7)([75]9,54,5)([76]14,7,4)([77]56,73,0)([78]44,28,5)([79]71,73,5)([80]12,4,1)([81]60,73,2)([82]48,25,3)([83]48,22,2)([84]35,50,1)([85]19,81,5)([86]79,60,4)(86)
optimized area: 134.48
time: 1268259 ms
seed: 1635739375
{7,1,80,1,2,1,8}([7]0,6,2)([8]3,4,6)([9]3,5,7)([10]6,1,2)([11]7,2,7)([12]8,0,7)([13]5,8,4)([14]4,6,3)([15]6,11,7)([16]7,4,5)([17]16,15,4)([18]15,3,4)([19]15,4,5)([20]16,18,2)([21]17,11,6)([22]13,9,6)([23]20,13,7)([24]12,14,2)([25]24,1,4)([26]1,5,7)([27]26,24,6)([28]11,22,4)([29]28,14,7)([30]10,27,4)([31]30,29,4)([32]9,7,7)([33]31,23,3)([34]19,13,7)([35]21,9,1)([36]17,14,3)([37]21,0,7)([38]33,19,4)([39]33,18,2)([40]30,31,1)([41]0,10,4)([42]32,40,7)([43]32,5,7)([44]29,36,2)([45]31,24,5)([46]37,44,3)([47]8,46,1)([48]8,45,1)([49]24,33,5)([50]30,4,2)([51]9,44,6)([52]39,42,3)([53]40,49,5)([54]49,16,5)([55]30,45,1)([56]46,38,5)([57]12,45,4)([58]24,34,4)([59]37,56,4)([60]11,16,2)([61]40,57,3)([62]29,60,5)([63]25,61,4)([64]63,62,5)([65]59,64,2)([66]13,57,0)([67]43,49,0)([68]9,57,1)([69]60,2,7)([70]38,22,2)([71]67,65,1)([72]38,50,0)([73]26,2,4)([74]6,73,0)([75]8,47,0)([76]40,27,2)([77]37,37,6)([78]69,77,7)([79]61,53,4)([80]23,47,2)([81]23,70,4)([82]75,78,5)([83]35,25,6)([84]65,34,4)([85]3,80,2)([86]36,59,6)(84)
evaluations: 20894143
first invidual area: 148.55
{7,1,80,1,2,1,8}([7]6,0,2)([8]4,3,6)([9]3,5,6)([10]6,1,5)([11]2,7,7)([12]0,8,7)([13]5,8,4)([14]4,6,3)([15]11,6,7)([16]7,4,5)([17]16,6,2)([18]3,15,4)([19]4,15,5)([20]16,18,5)([21]17,11,3)([22]9,13,3)([23]20,13,7)([24]14,12,2)([25]24,11,3)([26]5,1,7)([27]24,26,6)([28]11,14,7)([29]22,28,7)([30]29,10,7)([31]1,24,4)([32]27,30,7)([33]23,32,5)([34]29,20,0)([35]33,19,4)([36]5,11,5)([37]21,0,4)([38]20,30,1)([39]8,4,7)([40]35,0,0)([41]40,39,6)([42]23,8,3)([43]12,24,3)([44]29,25,2)([45]25,3,4)([46]37,44,3)([47]32,44,7)([48]5,12,6)([49]27,12,5)([50]22,17,0)([51]24,18,1)([52]11,34,6)([53]42,28,7)([54]6,42,6)([55]49,46,0)([56]46,40,5)([57]0,1,2)([58]19,13,4)([59]37,56,4)([60]58,23,6)([61]53,30,1)([62]44,16,5)([63]31,55,4)([64]63,62,5)([65]9,28,7)([66]61,0,5)([67]59,64,5)([68]35,49,4)([69]25,62,3)([70]66,47,2)([71]61,32,7)([72]59,46,7)([73]22,62,4)([74]26,18,7)([75]72,31,1)([76]48,13,2)([77]6,25,0)([78]72,33,4)([79]32,45,7)([80]36,71,1)([81]43,70,3)([82]77,58,1)([83]76,38,7)([84]67,58,4)([85]77,34,7)([86]5,23,5)(84)
optimized area: 131.20
time: 1264358 ms
seed: 1635786576
NOT FOUND
time: 1055683 ms
seed: 1635833520
{7,1,80,1,2,1,8}([7]2,1,5)([8]4,3,3)([9]2,4,2)([10]1,6,5)([11]2,4,0)([12]6,3,6)([13]5,10,3)([14]5,4,6)([15]11,3,1)([16]14,2,1)([17]13,0,4)([18]5,7,7)([19]12,7,7)([20]17,8,2)([21]8,1,2)([22]12,13,6)([23]13,9,5)([24]14,11,3)([25]21,6,7)([26]15,1,5)([27]19,23,4)([28]0,27,2)([29]4,14,7)([30]12,23,6)([31]17,16,4)([32]28,4,5)([33]22,28,6)([34]27,14,7)([35]15,1,0)([36]9,30,7)([37]21,9,4)([38]33,20,4)([39]3,32,5)([40]31,39,7)([41]7,20,7)([42]25,40,5)([43]37,31,5)([44]31,4,0)([45]41,14,6)([46]41,30,2)([47]15,30,7)([48]29,36,7)([49]46,42,4)([50]47,39,7)([51]2,31,6)([52]21,47,3)([53]19,42,6)([54]36,3,4)([55]10,49,2)([56]51,7,7)([57]50,20,2)([58]5,18,6)([59]53,18,3)([60]50,55,3)([61]30,29,7)([62]9,53,6)([63]59,60,2)([64]10,38,4)([65]48,12,0)([66]43,64,2)([67]36,38,0)([68]23,2,2)([69]53,36,3)([70]46,37,2)([71]48,17,3)([72]37,70,4)([73]68,57,2)([74]51,53,2)([75]36,74,1)([76]62,42,7)([77]60,35,4)([78]33,21,2)([79]5,71,0)([80]73,3,3)([81]23,15,2)([82]41,51,4)([83]66,63,7)([84]4,68,0)([85]34,48,3)([86]12,55,5)(83)
evaluations: 28246226
first invidual area: 128.36
{7,1,80,1,2,1,8}([7]1,2,5)([8]1,6,7)([9]2,4,2)([10]1,6,5)([11]3,4,3)([12]6,3,6)([13]5,10,3)([14]0,10,1)([15]13,6,0)([16]7,5,7)([17]0,15,4)([18]2,5,1)([19]12,7,7)([20]12,9,6)([21]11,1,2)([22]13,20,1)([23]13,9,5)([24]16,4,0)([25]4,5,6)([26]11,17,5)([27]19,23,4)([28]0,27,2)([29]18,15,6)([30]23,12,6)([31]17,25,7)([32]28,4,5)([33]28,22,6)([34]10,26,4)([35]13,17,2)([36]21,6,7)([37]23,21,7)([38]2,22,3)([39]3,32,5)([40]31,39,7)([41]30,36,0)([42]36,40,5)([43]37,31,5)([44]0,26,0)([45]11,2,5)([46]43,30,5)([47]30,18,3)([48]34,33,7)([49]46,42,2)([50]47,39,4)([51]7,28,5)([52]4,1,6)([53]19,42,6)([54]48,46,7)([55]10,49,2)([56]40,8,2)([57]49,56,6)([58]53,48,6)([59]16,53,3)([60]50,55,3)([61]50,59,7)([62]48,43,5)([63]59,60,5)([64]3,51,0)([65]55,12,5)([66]54,0,7)([67]2,19,4)([68]52,33,5)([69]33,55,0)([70]63,64,0)([71]42,22,2)([72]44,52,7)([73]13,26,4)([74]67,73,3)([75]64,69,1)([76]3,61,6)([77]58,4,3)([78]20,74,5)([79]18,42,4)([80]70,62,7)([81]8,10,5)([82]30,55,0)([83]38,2,2)([84]61,67,7)([85]14,56,0)([86]29,83,5)(80)
optimized area: 114.75
time: 1197279 ms
seed: 1635876590
NOT FOUND
time: 1049730 ms
seed: 1635918625
{7,1,80,1,2,1,8}([7]6,4,4)([8]0,6,5)([9]2,6,7)([10]3,4,3)([11]10,7,3)([12]8,8,0)([13]11,9,4)([14]3,10,0)([15]10,8,3)([16]13,7,5)([17]0,9,7)([18]0,9,6)([19]18,16,3)([20]5,7,2)([21]4,18,7)([22]21,13,3)([23]1,22,5)([24]19,10,7)([25]13,23,6)([26]9,1,3)([27]24,5,4)([28]4,22,3)([29]2,2,6)([30]21,28,1)([31]22,0,7)([32]9,21,3)([33]1,24,2)([34]8,1,7)([35]20,0,7)([36]4,31,4)([37]26,14,4)([38]10,31,4)([39]24,31,4)([40]6,33,7)([41]27,25,6)([42]21,36,0)([43]39,34,5)([44]21,40,6)([45]17,34,6)([46]41,43,7)([47]37,38,7)([48]23,0,2)([49]45,14,4)([50]12,1,2)([51]26,29,5)([52]48,2,1)([53]40,32,2)([54]20,52,3)([55]47,53,2)([56]49,21,5)([57]44,13,3)([58]35,49,5)([59]0,6,2)([60]7,17,2)([61]54,9,2)([62]14,0,1)([63]42,58,3)([64]4,35,6)([65]40,34,7)([66]36,37,2)([67]43,30,0)([68]13,58,2)([69]50,15,3)([70]28,15,6)([71]5,21,2)([72]26,42,4)([73]23,25,3)([74]0,16,5)([75]39,48,3)([76]63,46,2)([77]42,18,6)([78]0,33,5)([79]4,53,2)([80]11,39,6)([81]7,80,3)([82]70,41,4)([83]45,60,2)([84]76,55,3)([85]63,80,7)([86]58,77,0)(84)
evaluations: 12076304
first invidual area: 128.86
{7,1,80,1,2,1,8}([7]6,4,4)([8]7,5,5)([9]6,2,7)([10]3,4,3)([11]6,10,6)([12]0,7,5)([13]9,11,7)([14]9,7,0)([15]14,12,6)([16]3,2,1)([17]0,0,0)([18]9,17,6)([19]9,6,6)([20]6,14,0)([21]18,4,7)([22]6,17,5)([23]21,1,5)([24]10,15,4)([25]23,13,6)([26]16,4,5)([27]21,13,6)([28]25,17,7)([29]4,11,6)([30]1,22,7)([31]0,27,4)([32]31,24,4)([33]21,27,3)([34]31,19,4)([35]14,17,3)([36]23,28,2)([37]24,1,5)([38]17,8,4)([39]24,5,4)([40]6,37,4)([41]39,25,6)([42]27,34,2)([43]30,32,5)([44]40,18,3)([45]13,27,3)([46]43,41,7)([47]34,26,7)([48]44,20,0)([49]44,16,4)([50]46,21,7)([51]20,30,7)([52]34,18,7)([53]24,25,1)([54]7,48,5)([55]47,0,1)([56]40,33,2)([57]32,36,0)([58]38,49,5)([59]46,33,0)([60]23,14,0)([61]9,26,7)([62]31,13,7)([63]58,21,3)([64]47,56,2)([65]5,14,4)([66]12,29,6)([67]61,63,7)([68]63,12,3)([69]42,7,2)([70]34,5,1)([71]33,35,1)([72]54,47,7)([73]11,24,1)([74]65,25,7)([75]34,23,7)([76]5,1,2)([77]13,28,2)([78]42,32,4)([79]67,4,6)([80]63,46,2)([81]79,77,1)([82]23,73,1)([83]61,24,0)([84]80,64,3)([85]77,4,4)([86]59,85,1)(84)
optimized area: 121.81
time: 1274382 ms
seed: 1635954951
{7,1,80,1,2,1,8}([7]6,0,4)([8]7,4,6)([9]2,0,3)([10]2,3,7)([11]1,10,6)([12]8,6,2)([13]4,11,4)([14]5,13,4)([15]6,1,7)([16]5,12,4)([17]16,3,7)([18]15,6,5)([19]12,0,4)([20]18,3,2)([21]8,14,4)([22]6,13,6)([23]2,21,0)([24]18,9,5)([25]17,4,3)([26]2,3,3)([27]9,18,7)([28]19,25,5)([29]5,0,4)([30]17,29,2)([31]24,20,0)([32]3,23,5)([33]21,11,4)([34]22,28,7)([35]14,31,4)([36]25,5,5)([37]23,14,2)([38]26,34,5)([39]27,4,5)([40]30,13,3)([41]36,23,7)([42]39,15,6)([43]35,37,6)([44]29,14,1)([45]29,43,2)([46]44,32,5)([47]1,7,2)([48]27,16,4)([49]3,9,3)([50]10,38,7)([51]48,40,2)([52]4,18,4)([53]41,7,7)([54]36,22,3)([55]43,47,0)([56]21,1,5)([57]12,7,1)([58]8,43,7)([59]44,14,2)([60]36,20,5)([61]53,42,5)([62]61,8,0)([63]57,47,3)([64]62,50,2)([65]9,47,5)([66]13,49,1)([67]47,16,3)([68]54,55,5)([69]65,57,5)([70]20,58,3)([71]16,14,0)([72]2,27,0)([73]51,62,5)([74]71,47,3)([75]21,68,0)([76]63,57,3)([77]25,59,7)([78]54,59,7)([79]68,64,5)([80]73,2,0)([81]17,77,0)([82]45,50,1)([83]12,14,1)([84]40,82,3)([85]61,56,6)([86]73,79,5)(86)
evaluations: 21596106
first invidual area: 130.71
{7,1,80,1,2,1,8}([7]0,6,4)([8]7,4,6)([9]2,0,3)([10]2,3,7)([11]10,1,6)([12]8,6,2)([13]11,4,4)([14]12,0,4)([15]13,6,6)([16]5,12,4)([17]3,16,7)([18]1,6,5)([19]17,4,3)([20]13,5,3)([21]16,0,3)([22]1,19,7)([23]9,18,5)([24]20,2,2)([25]21,13,3)([26]5,6,3)([27]10,12,3)([28]14,19,5)([29]17,21,2)([30]20,17,2)([31]2,7,4)([32]3,24,3)([33]14,6,0)([34]15,28,7)([35]20,23,4)([36]18,9,4)([37]29,13,3)([38]12,34,2)([39]35,4,5)([40]34,32,5)([41]23,1,5)([42]1,6,6)([43]35,24,6)([44]2,35,5)([45]5,19,5)([46]18,0,3)([47]37,12,7)([48]36,16,7)([49]19,40,0)([50]39,42,6)([51]23,49,3)([52]42,43,6)([53]5,31,7)([54]47,22,0)([55]46,47,1)([56]37,48,2)([57]10,40,7)([58]0,0,3)([59]16,24,0)([60]28,27,2)([61]53,50,5)([62]22,18,7)([63]26,40,5)([64]61,57,2)([65]37,16,1)([66]22,25,1)([67]55,11,7)([68]45,43,5)([69]31,12,7)([70]65,39,2)([71]2,54,3)([72]39,71,0)([73]56,61,5)([74]19,18,5)([75]58,47,7)([76]51,71,5)([77]27,14,7)([78]43,64,4)([79]64,68,5)([80]48,76,1)([81]62,46,7)([82]6,70,6)([83]21,51,7)([84]72,50,5)([85]64,13,2)([86]73,79,5)(86)
optimized area: 121.32
time: 1243795 ms
seed: 1635991004
NOT FOUND
time: 1061993 ms
seed: 1636026965
{7,1,80,1,2,1,8}([7]1,3,6)([8]5,4,0)([9]7,6,6)([10]3,2,6)([11]8,3,7)([12]0,8,7)([13]12,6,5)([14]9,4,4)([15]2,9,7)([16]5,11,4)([17]3,11,5)([18]12,1,7)([19]16,13,6)([20]4,0,2)([21]18,13,2)([22]10,14,5)([23]9,5,4)([24]15,18,3)([25]0,22,2)([26]21,16,2)([27]16,5,4)([28]17,6,4)([29]15,12,7)([30]26,27,4)([31]18,0,6)([32]1,24,5)([33]11,32,2)([34]20,1,7)([35]30,22,5)([36]2,28,5)([37]35,14,2)([38]37,25,6)([39]1,25,5)([40]14,2,2)([41]9,18,6)([42]7,15,4)([43]25,34,4)([44]8,1,1)([45]37,19,3)([46]38,40,4)([47]18,45,4)([48]6,18,2)([49]14,37,2)([50]46,37,2)([51]23,46,7)([52]33,47,6)([53]36,34,5)([54]38,46,2)([55]41,42,3)([56]10,45,0)([57]55,53,2)([58]27,27,0)([59]43,48,4)([60]51,59,2)([61]56,57,3)([62]35,45,7)([63]1,1,1)([64]32,11,3)([65]28,50,1)([66]40,9,3)([67]33,57,6)([68]61,52,2)([69]20,35,0)([70]58,67,3)([71]57,8,6)([72]1,42,6)([73]61,67,5)([74]60,67,6)([75]58,51,6)([76]55,11,4)([77]46,43,4)([78]30,32,4)([79]52,74,4)([80]78,64,5)([81]15,0,0)([82]31,68,1)([83]30,65,6)([84]43,79,3)([85]4,47,4)([86]78,52,5)(79)
evaluations: 27109626
first invidual area: 148.99
{7,1,80,1,2,1,8}([7]0,6,0)([8]3,1,6)([9]8,6,6)([10]3,2,6)([11]5,3,7)([12]0,5,7)([13]12,6,5)([14]9,4,4)([15]9,2,7)([16]3,0,1)([17]7,9,1)([18]12,1,7)([19]13,16,6)([20]7,4,5)([21]2,16,2)([22]10,14,5)([23]9,5,7)([24]14,6,4)([25]22,7,5)([26]18,11,2)([27]13,21,2)([28]26,6,6)([29]27,18,5)([30]11,29,7)([31]12,15,3)([32]1,31,5)([33]32,11,2)([34]20,1,4)([35]30,22,5)([36]2,28,5)([37]35,14,2)([38]7,37,3)([39]34,1,6)([40]2,14,5)([41]1,25,6)([42]25,18,5)([43]25,34,7)([44]43,0,5)([45]37,19,3)([46]38,23,4)([47]18,45,4)([48]6,18,5)([49]34,36,5)([50]48,43,7)([51]40,46,4)([52]33,47,3)([53]19,31,5)([54]20,0,1)([55]27,15,3)([56]32,36,5)([57]55,49,2)([58]50,45,5)([59]7,3,3)([60]0,51,6)([61]26,15,5)([62]54,16,0)([63]54,12,6)([64]53,49,0)([65]33,57,6)([66]44,61,5)([67]66,28,6)([68]37,42,5)([69]50,51,2)([70]65,13,0)([71]21,30,4)([72]0,49,2)([73]13,48,5)([74]69,70,6)([75]20,43,7)([76]10,3,7)([77]34,59,3)([78]60,22,3)([79]64,73,6)([80]52,74,7)([81]1,9,6)([82]72,15,3)([83]13,64,0)([84]71,76,0)([85]7,40,0)([86]45,7,6)(80)
optimized area: 132.09
time: 1224527 ms
seed: 1636061679
NOT FOUND
time: 1070006 ms
seed: 1636095601
{7,1,80,1,2,1,8}([7]4,0,4)([8]2,5,4)([9]6,5,7)([10]3,0,4)([11]7,1,4)([12]8,10,1)([13]6,8,6)([14]0,5,5)([15]1,14,2)([16]12,14,7)([17]16,6,5)([18]14,8,1)([19]9,14,4)([20]13,14,3)([21]10,19,2)([22]13,10,7)([23]2,3,5)([24]11,17,4)([25]24,23,2)([26]4,17,3)([27]3,24,5)([28]7,2,6)([29]14,19,6)([30]27,2,7)([31]6,0,1)([32]30,17,5)([33]11,28,0)([34]25,6,4)([35]24,21,3)([36]35,15,5)([37]36,34,3)([38]31,34,7)([39]36,11,2)([40]8,24,7)([41]32,29,7)([42]39,31,4)([43]22,28,3)([44]12,4,2)([45]1,35,4)([46]43,25,6)([47]21,21,2)([48]27,11,3)([49]11,23,5)([50]33,35,5)([51]49,16,2)([52]12,30,4)([53]45,44,3)([54]22,2,5)([55]46,53,7)([56]41,15,6)([57]43,0,3)([58]17,57,3)([59]6,10,5)([60]36,52,0)([61]37,40,2)([62]35,3,1)([63]55,28,4)([64]20,34,7)([65]30,2,6)([66]63,56,2)([67]65,46,6)([68]16,63,2)([69]66,61,7)([70]65,37,0)([71]59,45,6)([72]2,48,6)([73]44,32,5)([74]46,0,1)([75]42,50,4)([76]67,53,3)([77]44,28,1)([78]58,24,3)([79]31,64,7)([80]8,25,4)([81]0,25,0)([82]40,41,1)([83]76,69,5)([84]82,58,7)([85]26,7,2)([86]14,45,0)(83)
evaluations: 28474087
first invidual area: 136.34
{7,1,80,1,2,1,8}([7]0,4,4)([8]5,2,4)([9]5,6,4)([10]0,3,4)([11]7,1,4)([12]2,3,5)([13]8,11,1)([14]0,5,5)([15]1,14,2)([16]14,8,4)([17]6,16,5)([18]4,13,2)([19]15,9,0)([20]8,6,6)([21]9,14,2)([22]20,10,7)([23]2,13,0)([24]11,17,4)([25]24,12,2)([26]21,10,2)([27]24,3,5)([28]7,23,6)([29]14,6,3)([30]2,27,7)([31]30,27,0)([32]30,17,5)([33]26,5,0)([34]6,25,4)([35]24,33,3)([36]35,19,5)([37]34,36,3)([38]33,18,3)([39]8,32,0)([40]39,24,7)([41]32,29,4)([42]25,13,5)([43]28,22,3)([44]0,37,4)([45]24,2,3)([46]25,43,6)([47]46,3,0)([48]8,46,1)([49]35,1,4)([50]2,30,6)([51]5,1,6)([52]49,19,4)([53]49,18,3)([54]42,8,2)([55]53,47,7)([56]53,21,4)([57]37,2,1)([58]55,28,4)([59]25,2,0)([60]19,49,7)([61]29,8,0)([62]41,15,6)([63]6,24,1)([64]37,40,5)([65]40,12,5)([66]58,62,5)([67]50,46,6)([68]15,41,5)([69]60,68,7)([70]54,27,5)([71]20,20,3)([72]36,22,2)([73]57,49,0)([74]26,26,1)([75]19,54,4)([76]67,53,3)([77]15,16,0)([78]50,61,0)([79]66,64,7)([80]66,58,0)([81]70,2,6)([82]7,71,2)([83]76,79,5)([84]6,70,1)([85]63,41,7)([86]9,9,2)(83)
optimized area: 133.05
time: 1229671 ms
seed: 1636128702
NOT FOUND
time: 1064271 ms
seed: 1636161266
NOT FOUND
time: 1090435 ms
seed: 1636193725
{7,1,80,1,2,1,8}([7]1,3,6)([8]3,6,7)([9]3,5,5)([10]6,1,2)([11]10,5,6)([12]0,4,5)([13]1,2,5)([14]5,10,7)([15]1,9,7)([16]12,13,4)([17]10,4,6)([18]5,8,3)([19]18,4,2)([20]19,3,6)([21]4,13,5)([22]0,9,4)([23]22,21,2)([24]14,2,4)([25]1,20,6)([26]11,12,7)([27]24,1,1)([28]3,17,3)([29]8,23,3)([30]6,28,2)([31]28,10,4)([32]29,25,4)([33]4,15,5)([34]22,26,3)([35]16,6,5)([36]19,18,3)([37]2,25,0)([38]30,13,3)([39]35,32,5)([40]7,11,2)([41]2,35,6)([42]16,32,3)([43]29,20,2)([44]33,35,7)([45]12,44,6)([46]24,40,6)([47]1,43,7)([48]28,22,2)([49]28,37,1)([50]27,14,7)([51]50,42,5)([52]47,4,2)([53]32,30,0)([54]48,14,6)([55]46,42,5)([56]48,6,7)([57]26,38,7)([58]41,12,1)([59]22,17,4)([60]48,55,3)([61]51,5,1)([62]10,30,3)([63]53,7,0)([64]34,31,1)([65]60,39,4)([66]19,17,4)([67]44,65,5)([68]19,38,1)([69]11,17,1)([70]69,28,3)([71]7,17,5)([72]67,57,4)([73]51,16,5)([74]70,37,0)([75]41,24,0)([76]72,41,4)([77]76,11,4)([78]9,35,6)([79]19,75,3)([80]28,14,1)([81]45,2,1)([82]54,61,0)([83]11,48,0)([84]14,50,4)([85]80,22,3)([86]39,82,7)(76)
evaluations: 33394257
first invidual area: 122.26
{7,1,80,1,2,1,8}([7]5,5,2)([8]3,6,7)([9]7,3,5)([10]6,1,2)([11]7,10,6)([12]0,4,5)([13]1,2,5)([14]10,2,7)([15]1,9,7)([16]12,13,4)([17]4,10,6)([18]5,8,3)([19]18,4,2)([20]3,19,6)([21]4,13,5)([22]0,9,4)([23]22,21,2)([24]7,14,7)([25]1,20,3)([26]11,12,4)([27]8,23,6)([28]3,17,3)([29]17,21,7)([30]15,7,6)([31]16,2,6)([32]25,27,4)([33]4,15,5)([34]7,8,7)([35]6,16,5)([36]25,3,4)([37]16,32,3)([38]16,1,2)([39]32,33,5)([40]30,8,5)([41]2,35,6)([42]36,28,0)([43]3,10,2)([44]30,40,4)([45]16,14,5)([46]40,24,2)([47]37,46,5)([48]28,22,2)([49]13,43,6)([50]16,31,1)([51]27,1,0)([52]14,16,0)([53]35,33,7)([54]14,3,2)([55]11,46,6)([56]27,21,4)([57]41,49,3)([58]41,43,6)([59]1,26,7)([60]6,38,5)([61]15,18,6)([62]24,58,6)([63]47,48,6)([64]63,39,7)([65]58,63,7)([66]47,52,5)([67]53,64,5)([68]20,29,3)([69]28,25,0)([70]49,44,2)([71]23,65,5)([72]67,57,7)([73]49,66,2)([74]29,5,0)([75]74,43,7)([76]25,59,3)([77]44,14,1)([78]1,3,1)([79]29,11,7)([80]5,24,4)([81]43,62,5)([82]11,1,7)([83]72,20,0)([84]11,4,0)([85]26,83,4)([86]7,11,0)(85)
optimized area: 119.44
time: 1153859 ms
seed: 1636224428
NOT FOUND
time: 1062984 ms
seed: 1636254323
NOT FOUND
time: 1069639 ms
seed: 1636273477
NOT FOUND
time: 1073403 ms
seed: 1636290068
{7,1,80,1,2,1,8}([7]2,0,6)([8]7,6,7)([9]6,4,7)([10]9,1,7)([11]4,0,2)([12]5,4,5)([13]0,12,5)([14]13,3,4)([15]8,8,3)([16]15,14,4)([17]10,7,5)([18]1,11,4)([19]16,1,3)([20]4,3,7)([21]18,15,5)([22]20,5,4)([23]17,18,7)([24]4,0,7)([25]17,2,7)([26]21,14,4)([27]13,22,3)([28]4,23,4)([29]25,22,4)([30]2,26,7)([31]24,23,3)([32]27,26,5)([33]30,14,3)([34]32,10,2)([35]28,15,7)([36]27,32,1)([37]15,12,0)([38]3,31,5)([39]29,7,3)([40]38,15,4)([41]9,19,3)([42]7,16,0)([43]42,11,0)([44]33,6,3)([45]29,23,4)([46]39,34,3)([47]21,22,0)([48]47,44,7)([49]36,14,4)([50]22,19,7)([51]26,45,2)([52]7,17,3)([53]35,39,3)([54]46,21,7)([55]22,40,3)([56]16,31,4)([57]4,26,5)([58]23,43,5)([59]36,48,4)([60]26,55,1)([61]44,38,0)([62]22,49,3)([63]58,39,6)([64]50,61,7)([65]31,33,6)([66]32,24,4)([67]51,17,4)([68]41,40,2)([69]54,50,2)([70]64,59,3)([71]7,46,5)([72]37,14,7)([73]27,7,5)([74]40,69,7)([75]70,67,6)([76]20,0,2)([77]61,14,3)([78]63,38,1)([79]43,44,6)([80]67,69,5)([81]50,30,7)([82]75,74,4)([83]62,29,0)([84]9,47,3)([85]26,43,0)([86]12,32,3)(82)
evaluations: 10409078
first invidual area: 157.94
{7,1,80,1,2,1,8}([7]2,0,6)([8]6,7,7)([9]6,4,7)([10]9,1,7)([11]5,4,7)([12]11,5,5)([13]0,12,5)([14]13,3,7)([15]0,4,7)([16]0,15,5)([17]7,10,5)([18]16,1,7)([19]17,7,7)([20]17,18,7)([21]8,18,5)([22]11,3,4)([23]14,8,7)([24]0,1,2)([25]1,0,2)([26]14,21,7)([27]17,19,2)([28]20,15,3)([29]2,22,4)([30]24,19,0)([31]12,28,3)([32]28,2,4)([33]22,26,5)([34]33,10,2)([35]1,23,0)([36]23,1,3)([37]3,28,5)([38]2,6,3)([39]29,34,3)([40]37,8,4)([41]16,34,4)([42]28,34,7)([43]40,38,3)([44]41,17,5)([45]18,29,4)([46]7,39,6)([47]35,26,6)([48]21,43,5)([49]5,27,6)([50]22,36,7)([51]11,25,1)([52]26,45,5)([53]42,28,0)([54]21,46,4)([55]12,14,4)([56]48,51,6)([57]52,30,1)([58]3,15,1)([59]30,14,1)([60]41,43,0)([61]50,38,7)([62]48,6,4)([63]61,56,3)([64]13,11,7)([65]22,44,6)([66]1,15,7)([67]17,52,7)([68]2,15,4)([69]54,50,5)([70]63,63,3)([71]32,41,7)([72]63,67,6)([73]7,7,7)([74]40,69,7)([75]18,60,5)([76]26,46,3)([77]72,49,4)([78]39,24,1)([79]35,3,5)([80]26,42,2)([81]36,76,6)([82]72,74,7)([83]72,4,7)([84]28,17,1)([85]13,0,5)([86]80,70,2)(82)
optimized area: 139.64
time: 1368608 ms
seed: 1636306445
NOT FOUND
time: 1061573 ms
seed: 1636322815
NOT FOUND
time: 1074036 ms
seed: 1636339074
{7,1,80,1,2,1,8}([7]1,5,2)([8]6,4,7)([9]8,6,5)([10]4,0,7)([11]5,4,4)([12]3,7,4)([13]10,4,5)([14]1,9,1)([15]6,12,5)([16]1,3,6)([17]8,0,5)([18]14,17,7)([19]2,2,6)([20]15,13,5)([21]15,18,4)([22]6,17,7)([23]16,17,2)([24]2,13,3)([25]9,18,1)([26]22,25,3)([27]0,21,3)([28]2,5,5)([29]2,23,3)([30]6,4,3)([31]7,24,2)([32]19,27,3)([33]25,16,3)([34]20,29,7)([35]3,34,7)([36]27,11,6)([37]10,24,7)([38]10,31,4)([39]21,38,6)([40]22,32,4)([41]1,36,7)([42]40,37,2)([43]41,25,6)([44]12,27,7)([45]5,17,1)([46]37,28,6)([47]1,38,5)([48]44,18,5)([49]3,42,5)([50]11,33,4)([51]6,2,3)([52]48,10,4)([53]45,3,0)([54]35,7,6)([55]32,51,7)([56]33,1,0)([57]19,33,7)([58]52,20,2)([59]40,20,5)([60]16,21,6)([61]34,39,3)([62]31,56,1)([63]38,28,7)([64]7,24,7)([65]26,30,7)([66]43,55,3)([67]29,3,1)([68]44,49,3)([69]61,48,2)([70]63,29,5)([71]32,55,1)([72]66,58,3)([73]68,50,7)([74]61,70,5)([75]66,73,5)([76]62,63,2)([77]2,15,4)([78]65,2,3)([79]69,75,7)([80]5,50,3)([81]57,1,5)([82]19,39,7)([83]4,20,7)([84]27,68,0)([85]79,7,0)([86]3,74,5)(85)
evaluations: 25340512
first invidual area: 141.95
{7,1,80,1,2,1,8}([7]5,1,2)([8]6,4,7)([9]8,4,2)([10]0,4,7)([11]5,4,4)([12]3,7,4)([13]10,4,5)([14]0,11,6)([15]6,12,5)([16]12,1,6)([17]0,8,5)([18]1,17,4)([19]2,1,1)([20]13,15,5)([21]18,20,7)([22]11,6,5)([23]13,9,1)([24]20,14,6)([25]19,20,5)([26]16,17,2)([27]21,0,3)([28]26,2,6)([29]6,2,3)([30]25,3,2)([31]5,8,4)([32]19,27,3)([33]16,9,3)([34]20,28,4)([35]7,13,5)([36]5,3,1)([37]10,32,2)([38]10,35,7)([39]21,38,6)([40]13,36,7)([41]14,1,6)([42]37,30,2)([43]9,41,6)([44]12,27,7)([45]28,36,5)([46]13,42,5)([47]34,34,1)([48]18,44,5)([49]42,22,5)([50]11,33,7)([51]16,25,3)([52]46,48,3)([53]26,48,1)([54]50,10,0)([55]32,29,2)([56]14,55,4)([57]18,55,7)([58]8,39,2)([59]0,46,3)([60]44,49,3)([61]34,39,3)([62]28,1,1)([63]51,11,6)([64]11,45,5)([65]52,31,4)([66]43,55,3)([67]3,4,4)([68]23,1,5)([69]61,48,5)([70]36,5,4)([71]33,48,0)([72]17,23,0)([73]60,50,4)([74]51,24,2)([75]66,73,5)([76]7,5,0)([77]76,6,5)([78]53,74,7)([79]69,75,4)([80]44,58,5)([81]59,57,4)([82]68,10,7)([83]55,67,6)([84]26,81,1)([85]41,49,1)([86]80,47,6)(79)
optimized area: 125.05
time: 1216603 ms
seed: 1636345718
NOT FOUND
time: 1056074 ms
seed: 1636352046
NOT FOUND
time: 1048572 ms
