seed: 1633867559
{7,1,80,1,2,1,8}([7]2,6,3)([8]4,2,7)([9]1,6,4)([10]3,0,4)([11]6,3,4)([12]5,8,7)([13]7,1,6)([14]6,9,2)([15]2,14,3)([16]0,0,0)([17]10,15,6)([18]2,9,5)([19]13,12,3)([20]10,19,2)([21]18,1,5)([22]14,15,1)([23]8,16,4)([24]5,15,5)([25]9,8,4)([26]2,23,4)([27]23,14,6)([28]20,27,3)([29]11,16,6)([30]6,28,7)([31]17,8,4)([32]12,4,7)([33]7,14,7)([34]1,7,2)([35]8,15,3)([36]29,31,2)([37]29,24,4)([38]4,17,3)([39]18,25,2)([40]35,15,1)([41]30,32,6)([42]39,35,5)([43]41,16,4)([44]36,30,6)([45]39,10,4)([46]0,37,6)([47]19,45,7)([48]45,44,5)([49]17,47,7)([50]49,40,6)([51]37,24,2)([52]18,8,6)([53]2,2,1)([54]43,52,6)([55]23,50,4)([56]4,42,2)([57]55,14,4)([58]39,44,4)([59]34,54,7)([60]19,51,7)([61]36,41,6)([62]29,23,1)([63]2,46,4)([64]7,18,1)([65]34,52,1)([66]30,28,4)([67]43,1,1)([68]50,55,0)([69]57,59,3)([70]51,0,5)([71]38,22,6)([72]30,48,2)([73]66,3,1)([74]51,70,6)([75]25,50,5)([76]74,39,5)([77]54,10,5)([78]56,40,3)([79]21,44,2)([80]23,76,1)([81]10,34,5)([82]78,28,3)([83]45,71,6)([84]5,78,3)([85]7,48,2)([86]69,48,5)(86)
evaluations: 33768105
first invidual area: 133.54
{7,1,80,1,2,1,8}([7]2,6,3)([8]2,4,7)([9]1,6,4)([10]3,0,4)([11]3,7,4)([12]5,8,7)([13]9,7,6)([14]9,6,2)([15]14,2,3)([16]10,15,0)([17]15,16,6)([18]9,2,5)([19]12,13,3)([20]17,19,4)([21]4,18,6)([22]0,3,0)([23]0,8,4)([24]4,12,7)([25]20,10,2)([26]1,7,5)([27]23,14,6)([28]25,27,6)([29]11,19,6)([30]28,6,4)([31]8,18,3)([32]16,1,0)([33]2,23,4)([34]26,25,7)([35]4,5,7)([36]29,4,2)([37]9,8,4)([38]7,6,2)([39]18,37,5)([40]34,33,1)([41]30,24,3)([42]39,31,7)([43]41,22,7)([44]36,30,6)([45]39,10,7)([46]20,1,7)([47]8,15,6)([48]0,9,5)([49]45,20,4)([50]49,47,3)([51]30,10,6)([52]24,48,1)([53]44,45,0)([54]43,21,3)([55]23,50,4)([56]41,14,5)([57]55,14,7)([58]29,48,4)([59]26,54,7)([60]30,0,0)([61]29,34,0)([62]2,21,0)([63]54,37,7)([64]53,45,5)([65]37,32,5)([66]50,3,3)([67]17,56,5)([68]62,61,7)([69]35,12,0)([70]18,43,2)([71]16,14,6)([72]12,42,7)([73]59,57,3)([74]66,9,2)([75]66,43,3)([76]51,30,6)([77]6,59,4)([78]2,17,6)([79]51,18,7)([80]65,18,5)([81]44,46,2)([82]52,43,5)([83]77,54,2)([84]49,7,1)([85]4,28,7)([86]73,64,5)(86)
optimized area: 126.51
time: 573512 ms
seed: 1634005135
NOT FOUND
time: 532471 ms
seed: 1634053999
{7,1,80,1,2,1,8}([7]4,6,7)([8]3,1,4)([9]2,5,4)([10]3,4,4)([11]1,0,5)([12]9,0,7)([13]6,7,4)([14]7,12,3)([15]14,1,4)([16]3,15,2)([17]11,5,6)([18]2,16,6)([19]10,2,7)([20]4,11,7)([21]7,3,7)([22]2,1,2)([23]20,9,3)([24]21,1,6)([25]6,8,2)([26]25,12,0)([27]0,15,2)([28]22,14,7)([29]23,17,0)([30]27,9,6)([31]18,20,2)([32]22,23,4)([33]4,24,7)([34]31,27,4)([35]6,5,6)([36]35,30,4)([37]14,35,3)([38]1,34,4)([39]35,25,0)([40]36,33,5)([41]28,40,3)([42]7,19,7)([43]8,24,6)([44]26,40,6)([45]28,23,2)([46]43,28,5)([47]35,7,1)([48]18,19,6)([49]27,0,1)([50]28,7,7)([51]46,9,7)([52]51,38,5)([53]19,19,3)([54]5,41,7)([55]31,52,1)([56]35,26,4)([57]54,4,0)([58]33,46,0)([59]56,12,7)([60]24,59,6)([61]29,14,4)([62]0,28,4)([63]62,60,5)([64]21,37,7)([65]31,6,2)([66]63,61,6)([67]44,52,7)([68]6,66,4)([69]53,66,2)([70]63,44,5)([71]12,18,2)([72]50,1,2)([73]46,42,2)([74]42,69,2)([75]28,13,0)([76]17,10,4)([77]55,63,0)([78]24,16,5)([79]25,21,0)([80]32,56,2)([81]67,50,4)([82]32,59,7)([83]31,42,6)([84]75,47,2)([85]61,33,0)([86]81,74,4)(86)
evaluations: 25673665
first invidual area: 161.69
{7,1,80,1,2,1,8}([7]6,4,7)([8]3,1,4)([9]2,5,4)([10]8,6,2)([11]0,1,5)([12]0,9,7)([13]4,11,7)([14]7,12,3)([15]1,14,4)([16]3,15,2)([17]2,3,4)([18]13,9,2)([19]6,17,7)([20]1,2,5)([21]3,7,7)([22]5,20,1)([23]13,9,6)([24]21,1,6)([25]10,5,2)([26]16,2,6)([27]0,15,2)([28]20,14,4)([29]8,28,1)([30]26,27,0)([31]30,13,5)([32]24,24,0)([33]4,32,7)([34]31,27,4)([35]6,5,6)([36]6,1,4)([37]9,27,6)([38]28,0,4)([39]35,37,4)([40]39,33,5)([41]8,12,5)([42]1,34,7)([43]11,12,2)([44]10,40,3)([45]42,43,1)([46]29,28,5)([47]34,11,1)([48]21,39,2)([49]1,4,1)([50]12,20,2)([51]9,46,7)([52]51,42,5)([53]5,47,4)([54]37,25,3)([55]9,4,3)([56]44,38,3)([57]53,7,4)([58]28,10,6)([59]24,28,0)([60]23,43,6)([61]9,20,6)([62]42,14,4)([63]19,60,5)([64]49,18,1)([65]8,27,1)([66]63,24,6)([67]44,52,4)([68]31,63,7)([69]66,38,5)([70]30,23,5)([71]55,63,1)([72]71,43,4)([73]21,36,3)([74]7,69,5)([75]70,64,2)([76]39,61,1)([77]38,56,5)([78]65,47,6)([79]56,78,0)([80]50,48,2)([81]67,74,4)([82]14,47,5)([83]43,80,2)([84]53,26,7)([85]65,1,6)([86]81,28,4)(86)
optimized area: 137.76
time: 607350 ms
seed: 1634168215
{7,1,80,1,2,1,8}([7]1,4,4)([8]0,6,2)([9]3,4,4)([10]6,5,4)([11]2,8,5)([12]4,0,4)([13]9,5,7)([14]12,2,7)([15]2,6,6)([16]7,3,6)([17]7,10,5)([18]5,12,7)([19]1,17,7)([20]15,10,7)([21]12,15,7)([22]12,17,7)([23]22,16,4)([24]12,20,4)([25]0,5,2)([26]9,2,3)([27]23,22,7)([28]26,0,6)([29]11,23,2)([30]4,1,3)([31]2,29,3)([32]17,11,1)([33]24,25,7)([34]15,33,7)([35]12,15,7)([36]10,28,6)([37]6,35,1)([38]3,28,4)([39]23,4,7)([40]37,37,0)([41]9,21,5)([42]13,31,4)([43]11,29,0)([44]34,38,7)([45]14,43,4)([46]14,40,7)([47]33,43,2)([48]30,44,5)([49]7,16,2)([50]20,48,3)([51]50,7,4)([52]38,26,5)([53]33,26,6)([54]51,41,4)([55]34,42,4)([56]40,22,6)([57]52,12,4)([58]56,47,3)([59]37,42,5)([60]42,58,2)([61]23,24,4)([62]54,45,6)([63]16,17,6)([64]60,58,5)([65]24,62,7)([66]55,57,6)([67]40,66,7)([68]16,61,4)([69]43,56,7)([70]5,8,7)([71]1,10,0)([72]38,21,2)([73]66,17,5)([74]25,47,4)([75]31,2,1)([76]15,39,1)([77]2,24,0)([78]62,51,7)([79]54,66,3)([80]44,37,5)([81]60,24,2)([82]11,15,0)([83]21,62,5)([84]79,64,2)([85]83,6,6)([86]45,85,2)(84)
evaluations: 18521116
first invidual area: 141.51
{7,1,80,1,2,1,8}([7]1,4,4)([8]2,6,6)([9]3,4,4)([10]5,6,4)([11]7,3,3)([12]0,4,4)([13]5,9,4)([14]7,10,5)([15]14,12,7)([16]9,0,3)([17]2,16,3)([18]1,4,3)([19]5,0,5)([20]2,1,0)([21]8,12,7)([22]6,17,1)([23]3,7,3)([24]19,21,4)([25]16,23,3)([26]0,14,1)([27]23,15,2)([28]15,26,4)([29]21,20,5)([30]10,25,6)([31]27,20,3)([32]1,28,0)([33]10,24,4)([34]33,8,3)([35]3,31,2)([36]10,8,7)([37]1,19,3)([38]17,3,7)([39]22,15,6)([40]31,38,5)([41]7,37,3)([42]13,31,7)([43]21,9,5)([44]24,38,7)([45]34,28,3)([46]36,35,4)([47]33,29,5)([48]44,18,5)([49]16,44,5)([50]36,48,3)([51]7,43,7)([52]3,47,4)([53]42,14,0)([54]51,50,7)([55]34,42,7)([56]40,12,4)([57]3,51,3)([58]39,47,7)([59]24,23,4)([60]13,11,3)([61]53,58,5)([62]55,45,1)([63]19,3,5)([64]18,30,3)([65]54,16,0)([66]55,56,6)([67]2,36,2)([68]42,57,5)([69]36,13,6)([70]5,20,1)([71]0,18,7)([72]31,60,5)([73]25,18,3)([74]35,25,1)([75]26,28,6)([76]40,21,0)([77]6,60,0)([78]36,64,7)([79]65,66,3)([80]66,11,7)([81]4,44,6)([82]44,30,3)([83]25,73,5)([84]79,61,2)([85]60,58,4)([86]51,35,7)(84)
optimized area: 131.20
time: 622124 ms
seed: 1634215475
NOT FOUND
time: 530435 ms
seed: 1634312551
NOT FOUND
time: 525430 ms
seed: 1634353060
{7,1,80,1,2,1,8}([7]6,0,4)([8]1,6,4)([9]3,2,7)([10]7,5,4)([11]9,4,4)([12]7,1,2)([13]8,11,7)([14]8,11,5)([15]9,0,2)([16]4,6,5)([17]12,16,7)([18]7,2,6)([19]13,10,3)([20]14,0,7)([21]15,1,6)([22]12,21,6)([23]18,9,6)([24]2,8,0)([25]18,15,0)([26]17,19,5)([27]23,1,6)([28]25,10,3)([29]9,27,3)([30]10,26,7)([31]20,10,5)([32]12,3,2)([33]2,25,7)([34]31,28,5)([35]8,26,5)([36]28,33,7)([37]4,32,6)([38]20,19,6)([39]27,30,4)([40]35,3,2)([41]2,31,5)([42]11,8,3)([43]30,22,6)([44]19,7,6)([45]32,36,1)([46]41,39,7)([47]6,6,4)([48]11,6,3)([49]43,37,4)([50]1,40,7)([51]49,46,7)([52]32,29,2)([53]2,10,0)([54]4,41,4)([55]2,9,6)([56]2,5,0)([57]53,53,4)([58]39,50,4)([59]34,27,2)([60]9,37,5)([61]4,10,2)([62]41,54,3)([63]12,9,1)([64]53,44,2)([65]59,4,5)([66]6,65,3)([67]12,9,4)([68]52,66,7)([69]52,4,0)([70]50,58,5)([71]16,10,0)([72]18,8,7)([73]12,28,2)([74]22,18,3)([75]64,16,5)([76]2,46,5)([77]27,63,7)([78]53,34,2)([79]51,70,5)([80]66,79,5)([81]56,59,5)([82]43,47,4)([83]74,25,5)([84]5,59,2)([85]14,51,2)([86]78,31,2)(80)
evaluations: 38283990
first invidual area: 126.02
{7,1,80,1,2,1,8}([7]0,6,4)([8]6,1,4)([9]3,2,7)([10]5,7,4)([11]4,9,4)([12]1,7,2)([13]11,8,7)([14]8,11,5)([15]9,0,2)([16]6,4,5)([17]12,16,7)([18]2,7,6)([19]13,10,3)([20]14,0,7)([21]15,1,6)([22]14,4,5)([23]18,9,6)([24]18,23,4)([25]1,15,4)([26]17,19,5)([27]23,1,6)([28]7,5,5)([29]23,6,2)([30]10,26,7)([31]20,10,5)([32]3,17,2)([33]21,12,6)([34]9,1,4)([35]29,14,6)([36]7,33,2)([37]4,32,6)([38]26,8,5)([39]27,30,4)([40]3,38,5)([41]2,31,5)([42]39,41,4)([43]30,33,3)([44]13,3,4)([45]32,4,1)([46]31,5,5)([47]7,41,6)([48]30,5,5)([49]42,37,4)([50]1,40,4)([51]49,43,7)([52]39,28,1)([53]25,32,4)([54]53,30,5)([55]7,37,0)([56]7,14,0)([57]21,54,3)([58]38,3,2)([59]48,27,2)([60]42,20,6)([61]13,2,1)([62]23,17,2)([63]22,11,2)([64]20,36,1)([65]59,16,5)([66]37,65,3)([67]59,28,7)([68]19,63,7)([69]53,49,1)([70]50,52,5)([71]66,36,2)([72]21,35,7)([73]20,42,5)([74]18,69,2)([75]49,65,6)([76]65,21,5)([77]10,26,4)([78]11,20,4)([79]51,70,5)([80]66,79,5)([81]47,19,3)([82]27,53,7)([83]5,55,0)([84]70,33,5)([85]36,49,5)([86]57,73,4)(80)
optimized area: 119.92
time: 567346 ms
seed: 1634402017
NOT FOUND
time: 526929 ms
seed: 1634451019
NOT FOUND
time: 535859 ms
seed: 1634511279
NOT FOUND
time: 530755 ms
seed: 1634610466
NOT FOUND
time: 528708 ms
seed: 1635137344
{7,1,80,1,2,1,8}([7]4,3,6)([8]2,7,7)([9]5,6,3)([10]8,6,4)([11]4,3,7)([12]4,11,6)([13]10,5,2)([14]0,1,5)([15]12,13,4)([16]2,7,3)([17]14,2,3)([18]9,3,6)([19]1,0,4)([20]7,0,7)([21]7,10,7)([22]15,20,2)([23]22,1,2)([24]20,21,6)([25]8,5,3)([26]5,19,6)([27]26,11,7)([28]8,20,5)([29]28,27,7)([30]2,12,3)([31]27,9,5)([32]31,13,7)([33]5,5,7)([34]29,23,4)([35]30,5,2)([36]5,12,3)([37]6,17,5)([38]8,14,4)([39]6,25,4)([40]25,23,7)([41]31,22,0)([42]40,39,0)([43]41,9,7)([44]32,22,0)([45]35,20,4)([46]8,22,6)([47]46,28,0)([48]0,38,3)([49]37,42,7)([50]22,49,6)([51]25,20,2)([52]27,21,3)([53]26,34,3)([54]36,44,2)([55]44,0,0)([56]27,31,6)([57]52,45,6)([58]34,45,6)([59]54,49,6)([60]18,45,1)([61]22,38,6)([62]9,48,6)([63]11,61,2)([64]59,58,3)([65]25,61,5)([66]63,18,7)([67]66,57,6)([68]3,44,1)([69]64,67,4)([70]19,66,5)([71]30,4,5)([72]7,3,2)([73]69,70,4)([74]25,23,7)([75]67,66,1)([76]9,7,3)([77]50,20,6)([78]74,17,0)([79]3,41,2)([80]74,53,4)([81]58,35,5)([82]51,56,5)([83]5,81,1)([84]8,19,6)([85]61,51,4)([86]59,53,4)(73)
evaluations: 37353338
first invidual area: 145.25
{7,1,80,1,2,1,8}([7]3,4,6)([8]7,2,7)([9]5,6,3)([10]8,6,4)([11]4,3,7)([12]7,4,6)([13]10,5,2)([14]1,0,5)([15]12,13,4)([16]10,9,1)([17]12,2,3)([18]6,10,3)([19]1,0,4)([20]7,0,7)([21]7,10,6)([22]20,15,2)([23]22,1,2)([24]5,12,3)([25]5,8,6)([26]19,5,6)([27]26,11,7)([28]20,8,5)([29]28,27,7)([30]0,15,1)([31]27,9,5)([32]13,31,7)([33]14,2,3)([34]23,29,4)([35]17,5,5)([36]33,6,5)([37]9,3,6)([38]8,14,4)([39]2,26,1)([40]25,23,7)([41]2,23,0)([42]19,21,1)([43]36,40,4)([44]0,22,2)([45]35,20,7)([46]33,13,0)([47]13,13,0)([48]31,32,3)([49]3,19,4)([50]4,11,1)([51]12,23,0)([52]27,21,3)([53]29,14,3)([54]24,32,2)([55]12,28,4)([56]12,41,1)([57]52,45,6)([58]34,45,6)([59]54,43,6)([60]3,25,7)([61]22,38,6)([62]46,33,0)([63]11,61,5)([64]59,58,6)([65]43,53,0)([66]63,37,4)([67]66,57,3)([68]8,45,2)([69]64,67,4)([70]19,66,5)([71]18,50,2)([72]58,40,4)([73]69,70,4)([74]35,53,4)([75]38,38,0)([76]26,46,0)([77]38,0,7)([78]73,38,2)([79]47,9,3)([80]47,27,4)([81]43,73,5)([82]38,0,0)([83]54,4,7)([84]46,39,4)([85]77,40,4)([86]12,40,3)(73)
optimized area: 141.96
time: 579696 ms
seed: 1635186533
NOT FOUND
time: 527897 ms
seed: 1635329571
{7,1,80,1,2,1,8}([7]1,1,5)([8]5,7,5)([9]4,2,7)([10]0,6,4)([11]6,9,3)([12]7,2,4)([13]8,4,6)([14]11,10,2)([15]2,13,6)([16]6,3,7)([17]0,1,3)([18]16,5,7)([19]15,18,6)([20]9,7,6)([21]3,11,7)([22]0,12,3)([23]9,3,7)([24]4,19,3)([25]24,22,5)([26]1,11,2)([27]12,7,0)([28]11,20,5)([29]11,2,1)([30]24,29,3)([31]21,30,4)([32]19,28,5)([33]26,2,2)([34]31,17,3)([35]32,21,7)([36]34,32,4)([37]26,0,6)([38]37,31,7)([39]35,26,2)([40]10,7,7)([41]37,31,4)([42]5,24,4)([43]12,13,7)([44]21,40,4)([45]30,33,2)([46]36,40,6)([47]20,23,6)([48]44,42,2)([49]31,8,7)([50]22,47,7)([51]25,5,5)([52]39,51,7)([53]52,46,3)([54]12,5,2)([55]48,49,6)([56]37,37,7)([57]44,20,5)([58]32,28,2)([59]6,17,3)([60]49,7,0)([61]25,2,5)([62]57,8,0)([63]42,29,0)([64]47,11,7)([65]47,53,4)([66]64,39,7)([67]17,48,7)([68]12,63,7)([69]19,28,7)([70]27,12,2)([71]64,14,3)([72]63,49,7)([73]67,53,3)([74]68,20,2)([75]41,2,0)([76]54,24,7)([77]75,67,2)([78]77,65,6)([79]61,32,0)([80]55,7,5)([81]29,72,4)([82]7,65,5)([83]54,66,2)([84]49,0,7)([85]84,10,0)([86]20,35,2)(78)
evaluations: 29817145
first invidual area: 136.81
{7,1,80,1,2,1,8}([7]1,4,1)([8]7,5,5)([9]4,2,7)([10]6,0,7)([11]6,9,3)([12]1,2,7)([13]4,8,6)([14]11,1,1)([15]13,2,6)([16]3,5,4)([17]14,12,3)([18]16,6,4)([19]18,15,6)([20]9,7,6)([21]14,3,4)([22]12,0,3)([23]9,3,7)([24]19,4,3)([25]24,22,5)([26]1,11,2)([27]0,1,3)([28]20,11,5)([29]20,7,3)([30]14,24,6)([31]21,30,7)([32]19,28,5)([33]21,32,7)([34]31,27,3)([35]19,26,2)([36]34,32,4)([37]26,0,3)([38]18,27,7)([39]33,26,5)([40]10,7,4)([41]2,4,4)([42]5,30,7)([43]21,40,4)([44]23,4,2)([45]35,32,0)([46]36,40,6)([47]23,20,3)([48]42,43,5)([49]16,21,3)([50]47,21,0)([51]25,5,5)([52]39,51,4)([53]52,46,6)([54]50,52,2)([55]49,51,1)([56]4,4,4)([57]11,12,0)([58]30,7,3)([59]39,55,7)([60]27,46,1)([61]38,16,6)([62]54,26,6)([63]26,23,2)([64]1,40,2)([65]47,53,4)([66]5,2,7)([67]34,48,4)([68]17,33,7)([69]22,53,4)([70]69,48,5)([71]5,29,5)([72]50,65,6)([73]37,15,2)([74]31,37,7)([75]8,23,2)([76]65,38,3)([77]67,74,2)([78]14,5,0)([79]76,47,5)([80]13,47,0)([81]46,34,0)([82]75,3,3)([83]32,51,0)([84]51,14,3)([85]77,65,6)([86]64,43,5)(85)
optimized area: 135.40
time: 1115037 ms
seed: 1635617708
NOT FOUND
time: 1066609 ms
seed: 1635665324
NOT FOUND
time: 1068888 ms
seed: 1635713221
NOT FOUND
time: 1065940 ms
seed: 1635760368
NOT FOUND
time: 1058144 ms
seed: 1635807372
NOT FOUND
time: 1053526 ms
seed: 1635850542
NOT FOUND
time: 1059227 ms
seed: 1635892585
NOT FOUND
time: 1077856 ms
seed: 1635928666
{7,1,80,1,2,1,8}([7]0,2,2)([8]2,5,1)([9]2,4,6)([10]3,4,7)([11]6,3,4)([12]7,4,2)([13]2,10,7)([14]13,5,4)([15]1,8,3)([16]14,9,5)([17]1,12,4)([18]16,14,7)([19]7,13,4)([20]3,16,5)([21]6,19,2)([22]20,17,4)([23]2,5,5)([24]0,16,7)([25]16,24,4)([26]15,22,2)([27]0,19,0)([28]25,21,4)([29]11,3,4)([30]26,19,4)([31]18,28,2)([32]17,6,7)([33]22,28,2)([34]5,2,1)([35]33,2,5)([36]33,16,5)([37]34,33,2)([38]0,26,6)([39]35,31,2)([40]25,31,2)([41]24,23,2)([42]13,39,4)([43]35,8,1)([44]17,23,7)([45]2,30,1)([46]26,44,3)([47]11,41,4)([48]14,46,2)([49]24,30,2)([50]44,14,0)([51]8,20,7)([52]39,0,0)([53]14,17,5)([54]46,34,4)([55]40,4,6)([56]48,47,6)([57]46,8,5)([58]1,30,3)([59]7,43,3)([60]37,30,6)([61]16,25,1)([62]12,55,3)([63]49,56,7)([64]10,0,6)([65]52,12,3)([66]54,33,6)([67]45,19,3)([68]24,43,0)([69]27,39,5)([70]42,29,6)([71]70,56,4)([72]44,60,5)([73]60,71,3)([74]27,44,1)([75]37,14,5)([76]47,22,6)([77]8,73,1)([78]46,8,4)([79]73,63,2)([80]29,74,6)([81]40,27,0)([82]17,71,5)([83]38,0,4)([84]40,10,2)([85]81,76,3)([86]21,67,3)(79)
evaluations: 17088697
first invidual area: 139.16
{7,1,80,1,2,1,8}([7]2,0,2)([8]5,2,1)([9]2,7,1)([10]1,9,3)([11]4,2,6)([12]2,3,7)([13]4,12,7)([14]5,13,4)([15]0,0,4)([16]11,14,5)([17]4,7,5)([18]3,16,5)([19]7,13,4)([20]18,1,4)([21]2,20,5)([22]17,20,7)([23]6,10,5)([24]22,10,0)([25]23,0,4)([26]24,10,5)([27]19,4,0)([28]16,0,2)([29]24,26,3)([30]19,26,7)([31]5,7,5)([32]15,4,0)([33]24,25,2)([34]2,31,1)([35]28,30,5)([36]24,4,7)([37]28,8,6)([38]16,14,2)([39]38,21,5)([40]6,39,1)([41]31,0,5)([42]40,10,2)([43]3,41,4)([44]36,19,3)([45]33,8,2)([46]27,32,5)([47]43,6,7)([48]44,14,2)([49]18,8,1)([50]13,48,1)([51]5,43,0)([52]33,18,6)([53]29,43,0)([54]43,47,2)([55]11,31,0)([56]48,47,6)([57]8,30,1)([58]39,13,7)([59]6,44,7)([60]45,30,6)([61]0,4,7)([62]42,16,6)([63]56,38,6)([64]58,6,3)([65]6,28,4)([66]57,26,3)([67]62,15,1)([68]15,43,4)([69]64,68,7)([70]55,43,2)([71]64,56,7)([72]5,16,1)([73]60,71,3)([74]10,32,0)([75]35,56,4)([76]15,10,2)([77]43,22,0)([78]33,53,0)([79]28,51,7)([80]73,75,2)([81]28,31,5)([82]18,17,5)([83]34,67,3)([84]1,0,2)([85]18,74,6)([86]49,60,4)(80)
optimized area: 119.92
time: 1285595 ms
seed: 1635964957
NOT FOUND
time: 1088069 ms
seed: 1636000872
NOT FOUND
time: 1066497 ms
seed: 1636035398
{7,1,80,1,2,1,8}([7]0,5,6)([8]7,1,7)([9]4,5,2)([10]6,5,4)([11]1,2,4)([12]11,5,7)([13]11,10,5)([14]9,2,6)([15]3,14,3)([16]4,0,6)([17]3,8,5)([18]6,8,6)([19]10,15,4)([20]8,0,2)([21]12,13,3)([22]13,16,4)([23]13,20,4)([24]12,0,4)([25]23,4,7)([26]18,25,3)([27]24,26,3)([28]27,16,1)([29]27,2,2)([30]25,22,4)([31]21,0,1)([32]14,9,5)([33]16,24,1)([34]21,19,5)([35]34,26,4)([36]29,31,2)([37]31,19,6)([38]16,8,0)([39]21,1,4)([40]29,30,7)([41]4,6,6)([42]14,0,7)([43]32,12,6)([44]11,21,1)([45]22,29,6)([46]7,35,4)([47]40,7,6)([48]18,47,4)([49]16,39,5)([50]22,7,0)([51]23,0,4)([52]11,39,6)([53]3,49,7)([54]22,3,1)([55]36,48,6)([56]55,28,7)([57]47,4,3)([58]27,53,5)([59]53,51,1)([60]30,39,0)([61]33,24,5)([62]0,30,0)([63]2,3,6)([64]12,17,2)([65]8,53,4)([66]9,18,0)([67]55,55,4)([68]43,25,3)([69]56,57,4)([70]56,65,3)([71]12,51,4)([72]17,35,6)([73]71,70,6)([74]66,43,1)([75]33,25,2)([76]45,46,6)([77]14,10,3)([78]33,59,2)([79]18,19,7)([80]76,73,4)([81]12,21,0)([82]70,22,1)([83]23,81,1)([84]61,29,5)([85]81,59,1)([86]44,52,2)(80)
evaluations: 18170597
first invidual area: 149.02
{7,1,80,1,2,1,8}([7]5,0,6)([8]7,1,7)([9]4,5,2)([10]5,6,4)([11]2,1,4)([12]9,2,6)([13]10,11,5)([14]13,5,7)([15]3,12,3)([16]0,11,4)([17]2,15,0)([18]6,8,6)([19]0,4,3)([20]8,0,5)([21]4,12,0)([22]13,19,7)([23]13,20,7)([24]5,16,7)([25]23,4,7)([26]25,18,3)([27]26,24,3)([28]15,10,4)([29]2,27,2)([30]22,25,7)([31]20,3,4)([32]13,5,3)([33]23,10,0)([34]28,32,5)([35]19,5,3)([36]13,1,5)([37]9,7,6)([38]7,34,7)([39]13,21,6)([40]15,5,6)([41]23,24,4)([42]29,30,4)([43]6,4,5)([44]42,7,6)([45]36,5,3)([46]33,12,2)([47]25,35,4)([48]18,44,4)([49]22,36,5)([50]40,48,6)([51]10,34,4)([52]31,32,5)([53]26,21,3)([54]42,5,2)([55]16,49,4)([56]3,49,7)([57]16,15,0)([58]50,27,4)([59]6,55,0)([60]29,22,3)([61]9,26,1)([62]41,17,0)([63]36,11,7)([64]14,6,4)([65]56,7,4)([66]63,5,0)([67]24,58,4)([68]12,19,2)([69]26,38,4)([70]41,58,3)([71]70,65,6)([72]12,61,2)([73]58,18,1)([74]35,5,4)([75]33,6,7)([76]60,69,5)([77]66,16,7)([78]26,24,5)([79]67,4,1)([80]76,71,7)([81]30,39,6)([82]14,5,6)([83]71,62,6)([84]64,5,7)([85]46,37,1)([86]66,42,4)(80)
optimized area: 137.77
time: 1314324 ms
seed: 1636069362
NOT FOUND
time: 1072626 ms
seed: 1636102468
{7,1,80,1,2,1,8}([7]6,4,2)([8]7,5,3)([9]4,8,2)([10]5,9,7)([11]3,9,7)([12]6,1,3)([13]0,7,4)([14]8,4,4)([15]2,14,4)([16]15,6,4)([17]16,1,6)([18]13,17,6)([19]2,2,0)([20]8,13,2)([21]12,3,5)([22]16,11,4)([23]21,10,7)([24]8,17,6)([25]16,8,5)([26]16,20,3)([27]20,16,2)([28]19,11,0)([29]25,23,5)([30]13,5,1)([31]19,12,4)([32]29,15,2)([33]26,19,7)([34]19,7,1)([35]18,3,4)([36]31,0,2)([37]26,35,7)([38]1,32,4)([39]28,0,5)([40]9,21,6)([41]22,17,3)([42]24,2,1)([43]37,38,4)([44]39,37,4)([45]31,41,3)([46]10,9,4)([47]6,34,5)([48]15,43,6)([49]23,27,3)([50]41,42,7)([51]43,45,2)([52]22,21,2)([53]44,49,3)([54]7,7,5)([55]22,33,1)([56]10,9,6)([57]4,41,6)([58]12,43,7)([59]23,3,5)([60]37,57,6)([61]53,51,4)([62]47,45,6)([63]27,45,0)([64]46,47,0)([65]34,45,5)([66]7,51,2)([67]20,38,7)([68]22,30,5)([69]45,39,6)([70]62,20,2)([71]51,65,2)([72]22,0,3)([73]50,61,3)([74]72,18,0)([75]35,44,1)([76]65,74,6)([77]60,4,4)([78]18,15,7)([79]54,35,2)([80]76,42,2)([81]80,51,7)([82]74,6,3)([83]81,61,2)([84]38,41,6)([85]31,9,2)([86]52,7,0)(83)
evaluations: 35640116
first invidual area: 133.99
{7,1,80,1,2,1,8}([7]6,4,2)([8]5,7,3)([9]8,4,2)([10]9,5,4)([11]2,4,0)([12]1,6,3)([13]7,0,4)([14]8,4,7)([15]14,11,7)([16]15,6,4)([17]1,16,6)([18]17,13,3)([19]3,9,7)([20]13,8,2)([21]12,3,5)([22]19,16,4)([23]10,21,4)([24]20,16,3)([25]16,8,5)([26]9,8,0)([27]20,16,2)([28]15,19,4)([29]25,23,5)([30]2,5,2)([31]11,12,4)([32]29,15,5)([33]17,0,0)([34]30,5,3)([35]18,3,7)([36]29,32,5)([37]24,35,7)([38]1,32,4)([39]5,9,2)([40]0,11,5)([41]33,22,3)([42]19,14,3)([43]38,37,7)([44]40,37,4)([45]31,41,3)([46]40,20,3)([47]7,1,2)([48]16,34,5)([49]42,7,7)([50]27,23,3)([51]43,45,5)([52]26,24,2)([53]44,50,3)([54]44,44,6)([55]37,34,1)([56]29,23,2)([57]49,39,2)([58]36,46,5)([59]57,40,7)([60]43,9,1)([61]54,52,4)([62]18,23,5)([63]58,2,4)([64]32,57,6)([65]62,59,2)([66]26,54,7)([67]8,18,3)([68]7,16,4)([69]60,67,6)([70]14,56,2)([71]55,67,7)([72]22,0,3)([73]41,65,0)([74]2,72,6)([75]19,46,5)([76]58,14,3)([77]7,40,6)([78]53,51,4)([79]53,60,4)([80]74,67,5)([81]80,51,4)([82]13,77,1)([83]81,78,6)([84]20,28,5)([85]12,65,3)([86]35,3,4)(83)
optimized area: 127.91
time: 1179793 ms
seed: 1636135140
NOT FOUND
time: 1073754 ms
seed: 1636167542
NOT FOUND
time: 1092037 ms
seed: 1636198199
NOT FOUND
time: 1059289 ms
seed: 1636228288
{7,1,80,1,2,1,8}([7]1,4,4)([8]5,4,7)([9]3,4,7)([10]0,8,7)([11]0,4,3)([12]6,5,0)([13]10,1,5)([14]12,0,5)([15]2,8,4)([16]5,12,3)([17]1,2,7)([18]17,12,5)([19]5,2,3)([20]1,0,7)([21]3,16,2)([22]13,6,3)([23]11,17,5)([24]18,19,4)([25]4,17,7)([26]9,13,2)([27]15,14,7)([28]10,1,1)([29]14,6,2)([30]22,29,2)([31]23,5,3)([32]23,6,6)([33]14,23,0)([34]2,11,0)([35]14,29,3)([36]25,30,2)([37]35,26,6)([38]16,0,3)([39]25,20,3)([40]7,14,7)([41]0,32,7)([42]38,6,3)([43]42,1,4)([44]43,13,1)([45]21,27,4)([46]39,43,7)([47]4,43,4)([48]37,31,7)([49]45,33,7)([50]9,48,7)([51]41,26,4)([52]5,47,1)([53]14,22,7)([54]53,46,3)([55]17,49,7)([56]0,25,7)([57]23,33,0)([58]24,12,5)([59]24,45,3)([60]43,49,0)([61]55,46,3)([62]59,57,2)([63]50,61,3)([64]62,54,5)([65]4,45,4)([66]7,0,6)([67]11,18,5)([68]62,9,6)([69]64,51,5)([70]21,55,5)([71]65,31,4)([72]9,65,2)([73]3,21,4)([74]63,69,4)([75]34,23,7)([76]16,26,5)([77]45,27,1)([78]69,39,7)([79]4,46,7)([80]65,73,5)([81]39,11,7)([82]48,79,5)([83]62,59,4)([84]59,37,4)([85]40,72,0)([86]65,35,4)(74)
evaluations: 19617317
first invidual area: 149.48
{7,1,80,1,2,1,8}([7]0,4,3)([8]4,5,7)([9]4,3,7)([10]2,0,0)([11]0,0,2)([12]0,8,7)([13]1,12,5)([14]0,6,5)([15]14,8,4)([16]5,6,3)([17]1,10,7)([18]4,16,0)([19]17,6,5)([20]5,2,3)([21]3,16,5)([22]11,1,7)([23]17,7,5)([24]16,17,1)([25]18,17,4)([26]9,13,2)([27]21,15,7)([28]27,17,7)([29]19,20,4)([30]0,0,0)([31]23,5,6)([32]6,26,0)([33]13,32,3)([34]32,23,6)([35]30,26,4)([36]7,27,0)([37]14,26,6)([38]18,12,4)([39]25,22,3)([40]8,18,7)([41]35,34,7)([42]32,26,3)([43]0,24,3)([44]14,14,2)([45]2,27,7)([46]39,43,4)([47]30,12,4)([48]37,31,7)([49]44,45,7)([50]9,48,4)([51]38,37,1)([52]4,4,1)([53]44,33,2)([54]36,34,4)([55]17,49,7)([56]14,25,4)([57]30,16,1)([58]53,46,3)([59]29,45,3)([60]56,0,7)([61]50,46,3)([62]58,59,2)([63]55,61,6)([64]62,23,5)([65]51,26,7)([66]36,46,7)([67]45,55,7)([68]29,60,6)([69]64,41,5)([70]41,12,6)([71]3,50,4)([72]24,40,6)([73]63,69,7)([74]70,9,7)([75]23,67,0)([76]67,19,2)([77]47,13,5)([78]33,37,4)([79]54,10,0)([80]58,47,0)([81]64,78,5)([82]45,64,3)([83]30,73,2)([84]45,28,7)([85]62,62,7)([86]56,58,1)(73)
optimized area: 136.35
time: 1223652 ms
