seed: 1634026854
{7,1,80,1,2,1,8}([7]0,1,5)([8]6,7,4)([9]3,4,2)([10]2,9,1)([11]0,4,5)([12]10,11,4)([13]5,10,7)([14]5,7,3)([15]6,1,5)([16]12,5,2)([17]13,14,7)([18]13,0,4)([19]4,13,5)([20]9,12,7)([21]3,4,4)([22]5,19,5)([23]3,15,3)([24]21,0,6)([25]13,8,7)([26]9,14,4)([27]4,3,6)([28]16,23,7)([29]22,4,7)([30]10,25,3)([31]1,5,1)([32]0,14,2)([33]9,29,7)([34]29,1,4)([35]11,14,7)([36]34,31,5)([37]36,18,3)([38]37,8,5)([39]3,5,0)([40]25,33,3)([41]12,30,7)([42]12,26,4)([43]18,27,2)([44]42,1,0)([45]25,7,7)([46]12,16,4)([47]16,34,1)([48]31,0,7)([49]45,45,3)([50]44,43,1)([51]49,43,7)([52]0,11,4)([53]44,17,6)([54]30,41,4)([55]44,43,6)([56]40,26,7)([57]34,28,7)([58]37,23,1)([59]24,36,3)([60]55,38,5)([61]57,60,4)([62]52,20,4)([63]54,51,2)([64]23,37,3)([65]27,62,2)([66]28,40,7)([67]63,30,7)([68]32,66,1)([69]50,12,4)([70]67,24,2)([71]16,37,1)([72]52,71,2)([73]2,38,2)([74]61,70,3)([75]66,72,5)([76]60,7,7)([77]5,43,3)([78]67,1,3)([79]39,74,2)([80]45,19,7)([81]28,60,5)([82]14,51,2)([83]0,47,2)([84]35,73,3)([85]74,75,5)([86]26,57,4)(85)
evaluations: 35121019
first invidual area: 156.49
{7,1,80,1,2,1,8}([7]0,1,5)([8]6,7,4)([9]3,4,2)([10]0,3,0)([11]4,0,5)([12]11,2,7)([13]2,5,4)([14]4,13,5)([15]4,3,4)([16]12,5,5)([17]11,10,5)([18]6,1,5)([19]6,8,3)([20]4,10,1)([21]12,9,4)([22]14,5,5)([23]3,18,6)([24]4,0,0)([25]8,13,7)([26]13,10,4)([27]15,4,6)([28]0,21,0)([29]22,24,7)([30]26,27,2)([31]10,15,6)([32]9,29,7)([33]27,7,1)([34]29,1,4)([35]23,23,3)([36]34,29,5)([37]36,26,3)([38]37,8,5)([39]6,25,5)([40]25,32,6)([41]16,13,3)([42]18,10,0)([43]30,29,5)([44]22,25,4)([45]39,29,5)([46]35,34,7)([47]16,17,2)([48]20,32,4)([49]17,41,5)([50]7,5,6)([51]2,7,0)([52]9,7,6)([53]50,21,7)([54]21,18,2)([55]30,53,6)([56]51,1,1)([57]46,16,7)([58]31,28,0)([59]5,7,5)([60]55,38,5)([61]57,60,4)([62]40,35,4)([63]9,32,0)([64]24,8,3)([65]59,12,1)([66]65,34,7)([67]43,25,5)([68]42,3,5)([69]50,14,4)([70]31,67,2)([71]58,6,7)([72]48,69,2)([73]52,55,4)([74]61,70,3)([75]62,47,5)([76]36,58,1)([77]0,6,6)([78]11,22,2)([79]57,65,2)([80]1,38,2)([81]71,13,3)([82]49,72,4)([83]69,26,1)([84]25,42,3)([85]74,75,5)([86]48,55,7)(85)
optimized area: 124.61
time: 569904 ms
seed: 1634075712
{7,1,80,1,2,1,8}([7]4,1,3)([8]2,0,7)([9]1,0,4)([10]1,8,4)([11]3,7,2)([12]2,1,6)([13]0,3,3)([14]9,13,5)([15]14,4,2)([16]4,15,7)([17]15,11,7)([18]3,14,4)([19]6,7,1)([20]1,10,3)([21]10,10,5)([22]0,10,2)([23]21,13,7)([24]20,6,4)([25]5,8,5)([26]12,6,6)([27]13,11,7)([28]2,16,7)([29]24,15,2)([30]5,29,6)([31]3,25,6)([32]7,26,7)([33]25,32,7)([34]11,18,3)([35]4,24,4)([36]17,30,4)([37]12,1,5)([38]30,28,4)([39]1,15,5)([40]28,36,6)([41]33,36,3)([42]39,14,6)([43]41,42,4)([44]23,31,4)([45]41,43,4)([46]35,6,7)([47]25,15,5)([48]44,35,6)([49]13,19,7)([50]5,21,5)([51]35,12,5)([52]38,26,2)([53]47,19,4)([54]36,17,7)([55]54,29,3)([56]52,24,5)([57]52,26,3)([58]6,16,4)([59]46,34,5)([60]21,14,4)([61]48,1,5)([62]40,48,6)([63]61,6,7)([64]61,56,6)([65]40,41,0)([66]41,64,7)([67]19,27,5)([68]62,2,1)([69]39,22,7)([70]53,65,2)([71]50,43,4)([72]67,68,5)([73]12,33,2)([74]37,31,7)([75]72,69,7)([76]52,7,0)([77]16,21,7)([78]66,75,3)([79]32,6,2)([80]11,59,2)([81]24,33,0)([82]13,44,4)([83]43,26,0)([84]68,43,1)([85]37,21,0)([86]35,74,4)(78)
evaluations: 31519647
first invidual area: 144.30
{7,1,80,1,2,1,8}([7]1,4,3)([8]2,0,7)([9]1,0,4)([10]1,8,4)([11]3,7,2)([12]2,1,6)([13]3,0,3)([14]9,13,5)([15]4,14,2)([16]4,3,5)([17]11,15,7)([18]13,12,1)([19]14,2,5)([20]1,15,5)([21]14,14,0)([22]0,10,5)([23]10,13,7)([24]6,19,5)([25]5,8,5)([26]6,12,6)([27]18,11,3)([28]7,23,2)([29]24,15,2)([30]5,29,3)([31]3,25,3)([32]7,26,4)([33]32,25,4)([34]22,10,2)([35]17,1,3)([36]17,30,7)([37]16,2,7)([38]36,37,3)([39]25,33,6)([40]23,31,4)([41]27,2,5)([42]10,6,5)([43]36,33,3)([44]28,28,7)([45]4,6,7)([46]14,42,3)([47]38,22,5)([48]40,45,6)([49]40,35,6)([50]0,49,3)([51]4,23,0)([52]49,28,1)([53]1,52,3)([54]17,50,2)([55]38,17,1)([56]32,11,3)([57]28,55,5)([58]55,48,3)([59]22,20,7)([60]13,52,1)([61]58,1,5)([62]39,51,2)([63]39,31,7)([64]47,61,3)([65]12,61,6)([66]64,43,4)([67]24,27,5)([68]21,9,7)([69]44,64,7)([70]8,44,7)([71]2,36,2)([72]67,58,5)([73]68,53,7)([74]20,14,3)([75]72,59,4)([76]30,66,6)([77]71,49,3)([78]66,75,3)([79]57,2,5)([80]14,76,5)([81]43,27,5)([82]71,31,4)([83]15,16,6)([84]7,46,2)([85]63,7,1)([86]61,60,3)(78)
optimized area: 126.47
time: 593740 ms
seed: 1634237232
NOT FOUND
time: 538666 ms
seed: 1634374762
{7,1,80,1,2,1,8}([7]1,6,2)([8]1,0,5)([9]3,4,4)([10]5,1,4)([11]2,4,5)([12]4,7,4)([13]11,8,4)([14]4,6,7)([15]10,12,4)([16]12,10,5)([17]2,15,3)([18]3,17,2)([19]4,15,4)([20]16,2,5)([21]4,2,2)([22]14,17,2)([23]0,19,4)([24]7,22,4)([25]22,23,6)([26]25,5,3)([27]20,5,4)([28]4,27,6)([29]13,27,2)([30]29,18,3)([31]12,30,6)([32]6,10,2)([33]2,6,5)([34]12,26,5)([35]32,3,6)([36]1,34,6)([37]28,23,6)([38]12,3,2)([39]24,33,3)([40]38,39,7)([41]27,6,3)([42]36,37,3)([43]18,39,5)([44]42,35,6)([45]37,26,3)([46]21,25,3)([47]30,38,0)([48]41,36,5)([49]10,41,7)([50]43,32,6)([51]14,35,2)([52]50,12,4)([53]48,44,4)([54]17,37,5)([55]53,30,5)([56]50,47,2)([57]42,14,7)([58]40,55,4)([59]8,52,6)([60]57,31,2)([61]58,60,3)([62]51,11,3)([63]16,48,5)([64]47,3,0)([65]16,51,6)([66]14,23,6)([67]51,58,4)([68]6,13,2)([69]59,48,1)([70]3,46,3)([71]0,24,3)([72]48,23,2)([73]46,12,3)([74]71,19,5)([75]50,11,4)([76]16,51,5)([77]27,36,1)([78]74,67,7)([79]69,25,1)([80]70,57,6)([81]80,78,7)([82]23,74,1)([83]81,21,7)([84]31,48,0)([85]46,22,2)([86]21,0,5)(83)
evaluations: 25737890
first invidual area: 152.72
{7,1,80,1,2,1,8}([7]6,1,2)([8]0,1,5)([9]2,4,5)([10]1,5,4)([11]10,6,2)([12]7,4,4)([13]8,9,4)([14]6,4,7)([15]10,12,4)([16]10,12,5)([17]15,2,3)([18]17,3,2)([19]10,7,4)([20]16,2,5)([21]9,8,1)([22]14,17,2)([23]0,19,4)([24]7,22,4)([25]22,23,6)([26]5,25,3)([27]20,5,4)([28]4,27,6)([29]27,13,2)([30]18,29,3)([31]25,21,3)([32]7,27,1)([33]2,6,5)([34]4,26,5)([35]3,11,6)([36]1,34,6)([37]28,23,6)([38]3,12,2)([39]24,33,6)([40]38,39,3)([41]3,33,2)([42]36,37,3)([43]7,39,1)([44]37,39,3)([45]14,35,5)([46]8,17,5)([47]14,9,3)([48]47,36,5)([49]35,42,3)([50]13,0,0)([51]9,39,3)([52]9,45,7)([53]48,49,2)([54]18,39,5)([55]53,30,5)([56]44,42,7)([57]42,14,7)([58]40,55,4)([59]31,26,2)([60]51,16,7)([61]47,60,5)([62]6,28,7)([63]8,22,5)([64]42,47,1)([65]63,4,2)([66]43,12,7)([67]8,60,0)([68]41,20,4)([69]4,10,5)([70]3,31,3)([71]0,24,3)([72]62,7,3)([73]56,57,7)([74]71,19,5)([75]66,0,5)([76]29,48,3)([77]74,71,2)([78]74,52,4)([79]60,18,3)([80]70,57,6)([81]80,78,4)([82]59,30,0)([83]81,58,4)([84]19,60,5)([85]40,11,1)([86]75,19,6)(83)
optimized area: 146.61
time: 656195 ms
seed: 1634423766
NOT FOUND
time: 527038 ms
seed: 1634632083
{7,1,80,1,2,1,8}([7]2,5,3)([8]6,1,6)([9]4,3,6)([10]9,0,7)([11]2,0,5)([12]6,4,4)([13]12,0,3)([14]11,4,7)([15]3,4,2)([16]12,4,0)([17]16,2,2)([18]1,10,7)([19]12,8,7)([20]17,1,3)([21]7,13,5)([22]7,8,7)([23]10,20,3)([24]21,15,2)([25]3,23,7)([26]17,5,4)([27]7,20,6)([28]14,5,3)([29]26,10,2)([30]0,16,4)([31]19,5,6)([32]25,5,2)([33]25,19,6)([34]27,33,6)([35]9,26,3)([36]32,1,4)([37]31,26,3)([38]7,37,0)([39]16,15,4)([40]13,34,7)([41]22,32,3)([42]30,38,3)([43]35,18,2)([44]41,2,3)([45]39,2,7)([46]45,43,5)([47]31,46,4)([48]27,46,3)([49]5,35,5)([50]44,40,5)([51]28,15,7)([52]18,20,1)([53]49,23,6)([54]29,51,6)([55]29,40,4)([56]54,47,6)([57]5,7,6)([58]57,45,5)([59]20,15,0)([60]24,20,7)([61]14,50,4)([62]30,32,5)([63]4,62,6)([64]24,61,4)([65]56,64,4)([66]17,11,1)([67]42,13,3)([68]22,29,2)([69]0,30,1)([70]33,17,3)([71]52,2,2)([72]63,71,5)([73]12,31,4)([74]12,30,3)([75]33,4,7)([76]72,65,4)([77]19,32,3)([78]43,57,7)([79]55,11,2)([80]41,10,0)([81]1,66,1)([82]20,43,1)([83]41,24,1)([84]49,23,2)([85]5,7,3)([86]15,63,1)(76)
evaluations: 39790527
first invidual area: 153.20
{7,1,80,1,2,1,8}([7]2,5,3)([8]1,6,6)([9]3,4,6)([10]9,0,7)([11]2,0,5)([12]6,4,4)([13]12,0,3)([14]11,4,7)([15]4,3,2)([16]12,15,7)([17]2,12,2)([18]10,1,7)([19]8,12,7)([20]17,1,3)([21]7,13,5)([22]8,7,7)([23]10,20,3)([24]21,15,5)([25]23,3,7)([26]17,5,4)([27]7,20,6)([28]14,5,6)([29]10,26,2)([30]25,2,3)([31]19,5,3)([32]25,5,2)([33]25,19,6)([34]27,33,3)([35]9,26,3)([36]19,26,1)([37]14,26,7)([38]36,25,7)([39]19,34,4)([40]13,34,4)([41]22,32,3)([42]2,38,3)([43]35,18,2)([44]41,2,3)([45]16,2,4)([46]45,43,5)([47]31,46,7)([48]39,28,4)([49]44,7,4)([50]44,40,5)([51]28,15,4)([52]24,8,1)([53]18,4,1)([54]29,51,6)([55]4,13,7)([56]54,47,3)([57]23,23,2)([58]26,21,6)([59]12,20,7)([60]11,41,7)([61]14,50,4)([62]37,32,5)([63]4,62,6)([64]24,61,7)([65]56,64,7)([66]20,36,6)([67]41,13,5)([68]29,29,3)([69]21,45,7)([70]1,16,1)([71]23,50,7)([72]63,53,5)([73]64,49,3)([74]65,6,5)([75]63,15,2)([76]72,65,4)([77]27,61,6)([78]44,57,4)([79]50,43,4)([80]24,77,1)([81]76,76,3)([82]69,55,4)([83]54,0,2)([84]8,30,1)([85]27,27,0)([86]41,83,4)(76)
optimized area: 150.39
time: 557371 ms
seed: 1635159137
NOT FOUND
time: 527365 ms
seed: 1635208213
{7,1,80,1,2,1,8}([7]5,4,6)([8]5,7,7)([9]6,7,4)([10]4,7,4)([11]6,7,5)([12]9,2,7)([13]12,6,3)([14]4,3,4)([15]11,0,7)([16]0,11,5)([17]10,2,3)([18]5,6,2)([19]3,16,6)([20]1,2,0)([21]20,5,7)([22]0,17,5)([23]4,8,4)([24]22,11,2)([25]24,14,4)([26]13,21,4)([27]25,16,2)([28]13,7,4)([29]19,12,7)([30]1,7,4)([31]19,20,5)([32]29,15,5)([33]4,14,2)([34]31,10,4)([35]10,26,7)([36]29,23,5)([37]4,19,6)([38]22,16,3)([39]25,12,4)([40]32,18,2)([41]24,34,7)([42]40,24,4)([43]22,29,1)([44]31,10,1)([45]2,44,7)([46]17,5,6)([47]34,20,5)([48]21,39,2)([49]25,35,2)([50]9,36,7)([51]30,48,3)([52]23,19,3)([53]45,23,1)([54]24,25,0)([55]53,37,7)([56]28,27,6)([57]47,42,7)([58]22,48,2)([59]33,33,1)([60]36,6,3)([61]20,12,3)([62]49,32,2)([63]50,57,6)([64]63,51,7)([65]64,48,1)([66]31,50,7)([67]32,14,1)([68]27,47,6)([69]67,61,5)([70]55,57,3)([71]70,64,2)([72]62,71,6)([73]28,63,1)([74]72,22,0)([75]20,68,4)([76]30,74,3)([77]1,22,2)([78]5,70,7)([79]56,34,5)([80]72,6,5)([81]43,35,3)([82]72,26,5)([83]55,9,5)([84]27,78,2)([85]29,51,6)([86]59,16,1)(72)
evaluations: 25410530
first invidual area: 151.82
{7,1,80,1,2,1,8}([7]5,4,6)([8]5,1,6)([9]7,6,4)([10]7,4,3)([11]6,7,5)([12]2,9,7)([13]11,0,5)([14]4,3,7)([15]11,0,7)([16]6,12,3)([17]14,0,0)([18]6,5,2)([19]3,13,6)([20]18,14,6)([21]10,2,3)([22]0,21,5)([23]5,10,2)([24]22,11,2)([25]14,24,7)([26]10,8,5)([27]1,23,4)([28]6,17,5)([29]19,12,7)([30]18,6,3)([31]28,23,5)([32]15,29,5)([33]10,19,7)([34]19,27,5)([35]1,23,6)([36]29,23,5)([37]12,25,4)([38]16,27,7)([39]2,35,5)([40]32,18,5)([41]21,2,7)([42]28,29,1)([43]40,24,4)([44]40,8,0)([45]7,1,4)([46]12,31,1)([47]33,45,5)([48]37,8,2)([49]32,38,2)([50]9,36,7)([51]45,48,6)([52]43,5,6)([53]2,34,5)([54]4,19,3)([55]53,54,7)([56]14,48,7)([57]43,47,4)([58]36,54,1)([59]2,14,3)([60]59,56,3)([61]14,15,4)([62]49,25,2)([63]50,57,3)([64]63,51,7)([65]48,46,6)([66]19,25,4)([67]46,26,0)([68]7,24,5)([69]10,34,7)([70]55,57,3)([71]70,64,2)([72]62,71,6)([73]71,3,3)([74]59,21,3)([75]5,74,4)([76]23,35,7)([77]3,57,1)([78]11,20,0)([79]53,25,1)([80]68,45,5)([81]5,17,2)([82]81,59,3)([83]61,2,4)([84]15,47,5)([85]40,3,7)([86]41,6,7)(72)
optimized area: 133.99
time: 634477 ms
seed: 1635395397
NOT FOUND
time: 996734 ms
seed: 1635638825
NOT FOUND
time: 1068838 ms
seed: 1635686561
NOT FOUND
time: 1079087 ms
seed: 1635734442
{7,1,80,1,2,1,8}([7]2,6,7)([8]1,2,5)([9]1,2,4)([10]4,7,4)([11]5,7,7)([12]0,6,2)([13]9,10,5)([14]5,0,2)([15]14,11,6)([16]9,11,4)([17]1,0,6)([18]2,13,2)([19]5,10,7)([20]13,0,6)([21]5,14,7)([22]3,12,4)([23]15,22,4)([24]8,14,3)([25]20,18,6)([26]8,8,5)([27]15,20,7)([28]7,1,4)([29]21,3,6)([30]27,16,4)([31]25,11,7)([32]22,21,5)([33]4,1,4)([34]30,17,3)([35]2,22,4)([36]3,31,2)([37]35,36,6)([38]31,26,2)([39]36,30,5)([40]32,37,6)([41]0,7,7)([42]7,31,3)([43]34,33,3)([44]28,39,4)([45]16,3,6)([46]16,3,7)([47]31,23,6)([48]47,4,3)([49]45,35,0)([50]7,19,7)([51]26,48,3)([52]6,43,7)([53]45,49,2)([54]52,49,5)([55]41,36,0)([56]38,55,7)([57]11,39,4)([58]39,16,2)([59]51,40,5)([60]51,36,1)([61]8,32,6)([62]3,46,1)([63]30,54,4)([64]45,10,0)([65]14,57,0)([66]54,59,2)([67]43,60,4)([68]50,24,7)([69]45,0,4)([70]57,26,7)([71]9,70,2)([72]28,15,3)([73]66,72,7)([74]51,44,5)([75]60,65,1)([76]50,48,5)([77]48,36,2)([78]52,35,5)([79]40,30,1)([80]73,76,4)([81]80,25,2)([82]18,25,7)([83]30,14,0)([84]66,1,1)([85]62,36,1)([86]65,49,6)(80)
evaluations: 36660911
first invidual area: 144.32
{7,1,80,1,2,1,8}([7]6,2,7)([8]2,4,0)([9]2,1,4)([10]4,7,4)([11]7,5,7)([12]4,1,4)([13]9,10,5)([14]5,0,2)([15]14,11,6)([16]9,11,4)([17]1,0,6)([18]8,13,2)([19]6,0,5)([20]13,0,6)([21]5,14,7)([22]19,3,7)([23]15,22,4)([24]2,15,1)([25]20,17,0)([26]18,20,6)([27]20,15,6)([28]16,24,6)([29]17,9,6)([30]3,16,6)([31]26,11,7)([32]22,21,5)([33]28,5,3)([34]12,17,3)([35]34,2,7)([36]31,19,2)([37]24,36,6)([38]12,10,4)([39]21,24,3)([40]37,32,6)([41]13,9,3)([42]29,19,7)([43]34,27,6)([44]39,10,6)([45]6,1,0)([46]35,13,0)([47]31,23,6)([48]47,4,3)([49]36,9,5)([50]11,10,7)([51]28,48,3)([52]45,43,4)([53]40,4,6)([54]52,30,5)([55]22,53,1)([56]18,0,0)([57]34,20,0)([58]50,54,0)([59]56,53,5)([60]31,43,3)([61]20,29,0)([62]51,40,5)([63]57,12,1)([64]32,6,6)([65]38,15,6)([66]54,62,5)([67]53,9,7)([68]43,27,0)([69]34,7,6)([70]63,20,3)([71]42,18,4)([72]47,4,7)([73]66,65,4)([74]72,34,4)([75]30,43,3)([76]58,48,5)([77]45,21,2)([78]15,6,7)([79]13,45,7)([80]76,73,7)([81]44,55,4)([82]40,19,2)([83]8,68,2)([84]43,82,2)([85]80,67,7)([86]8,24,7)(80)
optimized area: 126.96
time: 1142703 ms
seed: 1635781658
{7,1,80,1,2,1,8}([7]0,4,2)([8]3,6,4)([9]5,2,7)([10]1,4,4)([11]4,5,7)([12]2,11,6)([13]2,10,3)([14]10,7,4)([15]0,12,3)([16]9,15,5)([17]13,7,7)([18]9,14,3)([19]8,3,0)([20]1,17,3)([21]6,18,4)([22]0,3,2)([23]1,3,2)([24]16,5,0)([25]5,10,2)([26]16,21,5)([27]2,5,3)([28]10,11,1)([29]2,24,6)([30]17,18,5)([31]23,22,7)([32]6,10,3)([33]0,17,7)([34]3,29,3)([35]5,22,6)([36]34,32,6)([37]35,33,7)([38]19,37,6)([39]32,29,5)([40]30,2,1)([41]30,39,3)([42]35,4,5)([43]40,33,1)([44]31,42,4)([45]37,26,6)([46]45,2,3)([47]11,37,3)([48]47,44,6)([49]26,33,2)([50]12,36,4)([51]30,12,6)([52]30,19,2)([53]44,11,4)([54]9,30,0)([55]27,40,1)([56]4,16,2)([57]11,34,4)([58]44,6,2)([59]38,44,7)([60]46,20,2)([61]42,35,2)([62]33,39,1)([63]26,52,5)([64]57,38,7)([65]27,3,3)([66]58,60,5)([67]55,25,7)([68]49,45,2)([69]11,63,0)([70]33,68,4)([71]66,63,7)([72]41,27,3)([73]60,70,2)([74]50,71,4)([75]23,68,4)([76]25,70,0)([77]51,42,3)([78]45,0,2)([79]40,42,2)([80]48,74,6)([81]45,79,4)([82]17,77,4)([83]11,43,4)([84]24,49,3)([85]80,79,4)([86]36,47,0)(85)
evaluations: 17548545
first invidual area: 134.45
{7,1,80,1,2,1,8}([7]4,0,2)([8]6,3,4)([9]2,5,7)([10]4,1,4)([11]4,5,7)([12]11,2,6)([13]10,2,3)([14]7,10,4)([15]0,12,3)([16]9,15,5)([17]13,7,7)([18]15,15,3)([19]13,16,6)([20]16,0,2)([21]10,11,6)([22]3,0,2)([23]19,2,0)([24]9,14,3)([25]5,22,6)([26]8,3,3)([27]12,25,0)([28]18,16,4)([29]3,1,5)([30]17,24,5)([31]29,22,4)([32]9,10,5)([33]10,26,3)([34]24,3,7)([35]7,21,2)([36]33,23,6)([37]24,0,7)([38]23,26,2)([39]7,7,7)([40]10,8,0)([41]17,28,6)([42]25,4,5)([43]30,33,1)([44]31,42,4)([45]19,5,1)([46]16,34,5)([47]11,37,3)([48]11,0,6)([49]27,28,4)([50]12,36,4)([51]17,20,6)([52]30,46,2)([53]20,2,3)([54]47,44,6)([55]1,17,3)([56]35,12,4)([57]35,32,2)([58]44,6,2)([59]17,54,4)([60]37,49,5)([61]26,15,3)([62]5,42,2)([63]53,55,2)([64]50,38,4)([65]8,52,5)([66]63,56,6)([67]58,63,5)([68]32,51,0)([69]30,3,4)([70]54,13,0)([71]67,65,5)([72]64,10,5)([73]42,43,5)([74]50,71,7)([75]1,23,2)([76]9,14,4)([77]18,37,0)([78]17,46,0)([79]17,49,2)([80]26,44,6)([81]74,54,6)([82]8,12,2)([83]7,65,2)([84]66,54,6)([85]73,81,7)([86]30,58,4)(85)
optimized area: 126.00
time: 1252861 ms
seed: 1635828508
{7,1,80,1,2,1,8}([7]2,5,3)([8]7,4,7)([9]3,6,7)([10]2,0,5)([11]6,1,7)([12]11,10,5)([13]5,6,3)([14]8,9,6)([15]2,4,7)([16]0,12,4)([17]8,7,6)([18]5,4,7)([19]0,9,2)([20]16,8,7)([21]1,18,6)([22]12,3,5)([23]8,6,2)([24]4,11,7)([25]22,24,7)([26]4,10,3)([27]1,2,3)([28]20,13,2)([29]14,13,3)([30]24,21,5)([31]20,18,5)([32]0,28,3)([33]26,15,4)([34]30,15,3)([35]9,6,2)([36]22,23,4)([37]4,28,5)([38]19,37,7)([39]10,13,2)([40]3,39,3)([41]32,27,6)([42]8,21,2)([43]37,36,2)([44]35,43,7)([45]32,40,0)([46]41,44,7)([47]35,38,6)([48]12,8,2)([49]33,47,2)([50]34,25,5)([51]31,40,2)([52]27,35,0)([53]50,29,7)([54]15,5,2)([55]24,54,5)([56]14,35,6)([57]38,12,2)([58]49,46,3)([59]3,20,5)([60]48,56,4)([61]42,26,5)([62]32,30,0)([63]35,25,3)([64]4,16,1)([65]24,34,0)([66]1,33,1)([67]17,52,2)([68]50,54,3)([69]22,44,7)([70]68,23,3)([71]63,24,2)([72]15,53,5)([73]68,72,2)([74]47,51,5)([75]28,50,0)([76]73,74,5)([77]58,25,7)([78]14,22,0)([79]47,51,6)([80]76,69,6)([81]14,36,0)([82]80,58,7)([83]37,30,5)([84]27,68,3)([85]18,11,0)([86]79,11,6)(82)
evaluations: 27153422
first invidual area: 156.93
{7,1,80,1,2,1,8}([7]2,5,6)([8]4,7,4)([9]6,3,6)([10]0,2,5)([11]6,1,7)([12]11,10,5)([13]6,5,3)([14]4,5,6)([15]2,4,7)([16]0,8,4)([17]16,0,3)([18]4,1,7)([19]18,10,6)([20]12,16,7)([21]8,14,3)([22]3,12,5)([23]8,6,5)([24]22,11,4)([25]4,24,4)([26]15,22,3)([27]20,2,3)([28]10,10,1)([29]0,1,3)([30]0,9,5)([31]20,21,5)([32]31,10,6)([33]28,15,6)([34]20,13,2)([35]6,3,2)([36]22,23,7)([37]34,4,5)([38]30,37,4)([39]10,13,2)([40]13,22,7)([41]1,21,3)([42]3,18,7)([43]37,36,5)([44]35,43,4)([45]39,12,0)([46]3,39,3)([47]35,38,6)([48]27,29,6)([49]33,47,2)([50]41,25,5)([51]47,46,2)([52]17,1,3)([53]44,48,6)([54]15,5,2)([55]7,36,0)([56]0,14,7)([57]13,3,4)([58]49,53,3)([59]53,20,5)([60]13,50,2)([61]56,52,0)([62]12,17,2)([63]15,29,7)([64]57,7,0)([65]64,12,1)([66]63,59,6)([67]55,0,5)([68]50,54,3)([69]58,38,7)([70]43,67,6)([71]21,65,3)([72]15,60,5)([73]68,72,2)([74]31,51,5)([75]52,46,6)([76]73,74,5)([77]40,33,7)([78]22,44,7)([79]38,38,7)([80]76,78,3)([81]1,2,0)([82]80,58,4)([83]35,64,6)([84]34,7,3)([85]69,84,6)([86]26,13,3)(82)
optimized area: 136.28
time: 1268504 ms
seed: 1635871736
NOT FOUND
time: 1066714 ms
seed: 1635913748
NOT FOUND
time: 1054362 ms
seed: 1635949940
NOT FOUND
time: 1085786 ms
seed: 1635986168
{7,1,80,1,2,1,8}([7]1,4,7)([8]2,4,4)([9]0,7,5)([10]6,9,7)([11]2,4,7)([12]9,9,0)([13]1,5,4)([14]5,12,4)([15]3,14,4)([16]5,4,3)([17]8,13,3)([18]17,14,5)([19]11,1,7)([20]8,16,4)([21]3,10,1)([22]3,18,4)([23]21,7,2)([24]1,1,6)([25]6,18,0)([26]6,3,4)([27]15,22,2)([28]24,0,6)([29]16,10,3)([30]6,18,5)([31]30,5,7)([32]8,30,5)([33]7,0,6)([34]16,3,5)([35]28,29,7)([36]7,34,5)([37]36,14,7)([38]34,31,4)([39]33,26,4)([40]15,39,4)([41]19,38,6)([42]17,11,6)([43]0,3,0)([44]25,40,3)([45]3,37,2)([46]39,2,5)([47]42,18,6)([48]37,8,2)([49]44,27,3)([50]32,48,6)([51]41,14,0)([52]39,15,2)([53]22,41,3)([54]45,36,4)([55]53,46,5)([56]17,40,0)([57]35,40,2)([58]50,49,7)([59]31,46,4)([60]13,10,1)([61]60,10,1)([62]55,58,3)([63]4,23,4)([64]58,54,5)([65]61,58,4)([66]13,64,6)([67]62,25,5)([68]3,40,7)([69]0,66,6)([70]14,67,3)([71]49,33,3)([72]35,62,3)([73]35,62,4)([74]8,23,2)([75]5,10,4)([76]25,44,7)([77]60,1,3)([78]27,16,4)([79]8,46,0)([80]20,22,6)([81]11,80,5)([82]64,67,0)([83]80,29,1)([84]69,73,4)([85]11,56,6)([86]25,72,6)(84)
evaluations: 45913003
first invidual area: 150.41
{7,1,80,1,2,1,8}([7]4,1,7)([8]4,2,4)([9]7,0,5)([10]6,9,7)([11]3,6,2)([12]8,1,0)([13]1,5,4)([14]5,9,4)([15]3,14,4)([16]5,4,3)([17]12,13,3)([18]17,14,5)([19]13,13,2)([20]1,16,7)([21]1,10,1)([22]3,18,4)([23]12,7,2)([24]1,8,4)([25]1,16,0)([26]6,3,7)([27]15,22,2)([28]21,0,3)([29]16,10,6)([30]6,18,5)([31]30,5,7)([32]12,30,5)([33]0,7,6)([34]16,3,5)([35]21,5,6)([36]7,34,5)([37]36,14,7)([38]34,31,4)([39]33,26,7)([40]15,39,4)([41]24,38,6)([42]32,8,4)([43]5,42,4)([44]6,40,3)([45]3,37,5)([46]39,2,5)([47]29,28,7)([48]10,37,0)([49]44,27,6)([50]32,37,6)([51]23,42,0)([52]49,46,3)([53]22,41,3)([54]45,36,2)([55]53,46,5)([56]50,55,0)([57]31,27,2)([58]50,49,4)([59]35,52,3)([60]16,1,3)([61]53,16,0)([62]55,58,6)([63]62,24,6)([64]58,54,5)([65]0,11,6)([66]19,64,6)([67]56,61,5)([68]6,40,2)([69]0,66,6)([70]33,25,2)([71]8,42,5)([72]61,38,5)([73]47,62,7)([74]16,20,4)([75]11,2,7)([76]12,56,0)([77]21,39,3)([78]32,63,5)([79]60,19,4)([80]16,43,4)([81]9,4,4)([82]9,29,2)([83]22,9,4)([84]69,73,4)([85]67,26,5)([86]54,78,6)(84)
optimized area: 139.62
time: 1086404 ms
seed: 1636022022
{7,1,80,1,2,1,8}([7]6,4,4)([8]3,1,7)([9]3,1,7)([10]9,2,0)([11]0,5,1)([12]10,5,4)([13]5,4,3)([14]9,9,2)([15]12,10,5)([16]1,13,7)([17]15,2,7)([18]5,6,2)([19]0,17,7)([20]9,13,7)([21]17,12,2)([22]0,4,6)([23]14,1,2)([24]23,22,4)([25]8,8,2)([26]3,19,7)([27]22,17,7)([28]3,20,7)([29]0,18,6)([30]0,0,5)([31]4,12,7)([32]19,31,7)([33]32,8,3)([34]27,26,2)([35]33,17,2)([36]33,18,0)([37]35,23,6)([38]7,7,0)([39]21,33,6)([40]21,15,6)([41]3,39,7)([42]11,1,6)([43]42,16,3)([44]2,4,7)([45]39,19,4)([46]42,38,1)([47]16,6,4)([48]41,45,3)([49]37,45,1)([50]29,14,7)([51]44,20,4)([52]47,4,6)([53]24,51,5)([54]37,39,5)([55]47,21,4)([56]16,45,1)([57]50,34,3)([58]54,57,5)([59]34,18,5)([60]0,2,6)([61]0,44,3)([62]47,39,4)([63]58,43,2)([64]45,8,2)([65]11,55,6)([66]48,55,2)([67]63,53,2)([68]22,30,4)([69]66,66,3)([70]36,40,6)([71]44,24,5)([72]43,53,2)([73]16,60,4)([74]63,54,2)([75]16,56,7)([76]19,54,0)([77]38,62,1)([78]59,69,2)([79]49,74,4)([80]76,22,3)([81]60,39,5)([82]37,9,1)([83]14,5,3)([84]19,6,0)([85]67,78,3)([86]51,24,1)(85)
evaluations: 15426175
first invidual area: 146.66
{7,1,80,1,2,1,8}([7]4,5,3)([8]0,6,6)([9]3,1,7)([10]9,5,4)([11]0,10,7)([12]9,0,0)([13]0,5,5)([14]0,4,2)([15]10,12,5)([16]1,7,7)([17]15,2,7)([18]6,5,2)([19]3,0,7)([20]13,1,4)([21]17,10,2)([22]4,0,6)([23]4,2,7)([24]16,6,7)([25]22,17,7)([26]17,19,7)([27]11,23,7)([28]0,7,2)([29]0,18,3)([30]9,29,4)([31]21,17,4)([32]1,12,5)([33]27,9,3)([34]17,20,5)([35]26,25,2)([36]11,2,7)([37]1,15,5)([38]17,28,1)([39]33,21,3)([40]30,33,6)([41]22,32,7)([42]12,18,6)([43]28,16,3)([44]23,3,5)([45]39,3,4)([46]44,19,5)([47]15,30,5)([48]21,24,7)([49]16,1,3)([50]39,41,0)([51]9,4,7)([52]37,27,7)([53]21,14,7)([54]40,1,7)([55]26,45,3)([56]44,41,5)([57]30,35,3)([58]50,57,5)([59]35,18,5)([60]37,23,6)([61]55,24,0)([62]60,21,7)([63]58,43,2)([64]36,23,1)([65]7,18,6)([66]48,55,2)([67]63,56,2)([68]38,45,1)([69]66,59,2)([70]2,65,7)([71]38,15,1)([72]30,44,1)([73]35,47,5)([74]7,62,2)([75]59,37,1)([76]6,75,3)([77]67,69,3)([78]16,56,2)([79]76,67,5)([80]51,79,1)([81]14,9,1)([82]46,59,3)([83]21,60,0)([84]33,22,0)([85]9,43,5)([86]54,31,3)(77)
optimized area: 121.35
time: 1284103 ms
seed: 1636056798
NOT FOUND
time: 1074154 ms
seed: 1636090665
NOT FOUND
time: 1077283 ms
seed: 1636123727
NOT FOUND
time: 1064558 ms
seed: 1636156369
NOT FOUND
time: 1038477 ms
seed: 1636188750
{7,1,80,1,2,1,8}([7]5,1,4)([8]3,0,6)([9]2,1,3)([10]2,6,7)([11]2,7,4)([12]7,7,6)([13]12,5,1)([14]2,5,3)([15]2,14,6)([16]7,6,5)([17]16,0,4)([18]4,0,0)([19]5,17,7)([20]10,1,7)([21]4,20,2)([22]7,18,4)([23]18,20,6)([24]22,3,4)([25]5,8,5)([26]3,11,0)([27]17,21,2)([28]18,24,6)([29]27,25,3)([30]29,24,2)([31]18,25,5)([32]29,2,2)([33]26,27,4)([34]30,33,5)([35]23,24,3)([36]24,27,3)([37]29,2,2)([38]28,12,6)([39]36,5,5)([40]0,3,7)([41]16,9,1)([42]36,19,4)([43]8,28,3)([44]41,19,4)([45]3,21,0)([46]6,36,2)([47]19,31,2)([48]42,27,4)([49]35,16,1)([50]12,47,7)([51]18,15,2)([52]43,37,6)([53]22,44,3)([54]18,42,7)([55]38,48,5)([56]34,35,2)([57]54,11,3)([58]55,19,2)([59]31,14,4)([60]4,38,5)([61]21,43,6)([62]30,6,7)([63]16,18,0)([64]38,2,0)([65]7,37,6)([66]59,23,3)([67]4,49,6)([68]9,56,2)([69]27,7,4)([70]53,17,5)([71]55,52,5)([72]1,57,3)([73]39,56,0)([74]33,10,0)([75]56,72,5)([76]70,75,5)([77]46,76,7)([78]36,65,5)([79]71,75,0)([80]77,71,5)([81]28,69,5)([82]28,46,4)([83]66,2,7)([84]2,37,0)([85]56,51,1)([86]78,80,4)(86)
evaluations: 44827036
first invidual area: 137.25
{7,1,80,1,2,1,8}([7]5,1,4)([8]3,0,6)([9]7,4,4)([10]2,6,4)([11]7,2,4)([12]10,1,0)([13]8,1,5)([14]13,6,3)([15]4,6,0)([16]7,6,5)([17]0,16,4)([18]14,3,6)([19]5,17,7)([20]1,10,4)([21]15,20,2)([22]4,18,4)([23]15,20,6)([24]3,9,4)([25]21,23,7)([26]2,9,5)([27]17,21,2)([28]27,25,1)([29]5,15,0)([30]4,2,5)([31]1,10,1)([32]19,16,7)([33]3,27,4)([34]33,24,5)([35]23,24,3)([36]24,27,3)([37]14,11,2)([38]36,15,6)([39]32,6,6)([40]15,21,1)([41]31,4,3)([42]24,19,4)([43]8,38,3)([44]31,31,2)([45]1,32,3)([46]6,36,5)([47]26,1,2)([48]42,27,3)([49]43,7,0)([50]12,29,2)([51]42,38,1)([52]43,2,6)([53]9,32,3)([54]1,26,7)([55]11,48,5)([56]34,35,2)([57]51,37,3)([58]56,19,7)([59]15,37,3)([60]57,8,1)([61]12,11,2)([62]15,36,0)([63]6,13,6)([64]28,54,0)([65]7,37,6)([66]52,25,0)([67]61,51,7)([68]26,19,7)([69]52,51,0)([70]53,17,5)([71]55,66,5)([72]3,57,3)([73]32,18,2)([74]68,49,3)([75]56,72,5)([76]70,75,5)([77]46,76,4)([78]36,65,5)([79]5,32,4)([80]77,71,5)([81]12,44,1)([82]5,78,0)([83]28,78,1)([84]50,2,4)([85]33,40,1)([86]78,80,4)(86)
optimized area: 122.72
time: 1066204 ms
seed: 1636219491
NOT FOUND
time: 1078603 ms
seed: 1636249402
NOT FOUND
time: 1066184 ms
seed: 1636268544
NOT FOUND
time: 1062104 ms
seed: 1636285168
NOT FOUND
time: 1063156 ms
seed: 1636301600
NOT FOUND
time: 1059300 ms
seed: 1636317875
NOT FOUND
time: 1072885 ms
seed: 1636334131
{7,1,80,1,2,1,8}([7]2,4,7)([8]1,6,4)([9]3,8,4)([10]8,3,6)([11]0,6,5)([12]5,8,7)([13]3,6,4)([14]8,3,5)([15]8,4,3)([16]0,15,5)([17]5,15,7)([18]16,0,7)([19]9,9,0)([20]4,13,2)([21]17,20,4)([22]14,21,5)([23]6,9,7)([24]0,17,2)([25]24,2,4)([26]13,24,7)([27]6,10,2)([28]27,0,4)([29]21,8,3)([30]7,29,3)([31]28,30,6)([32]20,12,4)([33]31,7,6)([34]14,2,2)([35]11,29,1)([36]27,2,6)([37]25,28,1)([38]31,34,0)([39]30,6,2)([40]22,8,6)([41]11,18,7)([42]40,20,6)([43]37,35,5)([44]15,27,5)([45]30,6,6)([46]3,24,6)([47]13,43,5)([48]41,9,6)([49]29,10,6)([50]46,16,3)([51]43,50,2)([52]43,33,7)([53]26,52,7)([54]39,51,7)([55]25,47,0)([56]32,48,2)([57]33,22,5)([58]57,25,6)([59]40,38,6)([60]12,23,6)([61]54,52,3)([62]33,35,5)([63]45,61,4)([64]53,11,6)([65]36,42,7)([66]33,24,5)([67]56,63,6)([68]58,17,5)([69]31,9,3)([70]3,14,4)([71]67,65,7)([72]71,68,7)([73]46,6,1)([74]11,4,3)([75]13,21,2)([76]72,8,1)([77]55,65,0)([78]17,42,5)([79]34,34,4)([80]15,37,0)([81]17,9,7)([82]7,75,7)([83]71,71,2)([84]72,53,6)([85]76,31,6)([86]71,85,4)(76)
evaluations: 46182041
first invidual area: 153.19
{7,1,80,1,2,1,8}([7]4,2,7)([8]1,6,4)([9]8,3,4)([10]2,5,6)([11]6,0,5)([12]5,3,4)([13]6,3,4)([14]8,3,5)([15]8,4,3)([16]0,15,5)([17]5,15,7)([18]10,5,5)([19]9,8,1)([20]4,13,2)([21]17,20,4)([22]14,21,5)([23]17,0,5)([24]3,8,6)([25]2,23,7)([26]19,0,4)([27]6,24,2)([28]27,0,4)([29]21,7,3)([30]8,29,3)([31]28,30,6)([32]20,12,7)([33]31,7,6)([34]28,11,6)([35]11,19,1)([36]27,2,6)([37]25,33,1)([38]29,23,3)([39]30,6,5)([40]22,8,6)([41]12,19,6)([42]40,20,6)([43]37,35,5)([44]26,34,7)([45]30,1,3)([46]5,3,6)([47]21,28,2)([48]47,9,6)([49]20,1,1)([50]46,16,3)([51]43,50,5)([52]43,33,7)([53]50,49,2)([54]39,51,7)([55]4,40,3)([56]32,48,2)([57]33,22,5)([58]57,25,6)([59]20,6,4)([60]0,17,0)([61]54,52,3)([62]51,20,2)([63]45,61,7)([64]28,10,5)([65]36,42,4)([66]45,63,1)([67]56,63,3)([68]58,17,5)([69]62,8,4)([70]40,3,1)([71]67,65,4)([72]71,68,7)([73]12,58,0)([74]24,4,5)([75]71,40,3)([76]30,2,5)([77]30,76,3)([78]8,35,6)([79]9,73,2)([80]26,43,3)([81]0,71,4)([82]36,17,0)([83]22,37,2)([84]50,39,6)([85]55,3,0)([86]51,53,5)(72)
optimized area: 143.34
time: 1076553 ms
