seed: 1634020854
{7,1,80,1,2,1,8}([7]6,5,7)([8]3,4,3)([9]1,5,6)([10]0,2,6)([11]8,0,4)([12]7,6,0)([13]8,2,4)([14]10,1,7)([15]9,12,7)([16]2,15,5)([17]14,12,2)([18]13,1,6)([19]15,11,4)([20]9,16,0)([21]0,12,6)([22]18,14,1)([23]4,16,6)([24]22,9,1)([25]15,19,5)([26]18,25,3)([27]21,26,7)([28]3,0,4)([29]27,28,6)([30]3,14,4)([31]26,4,6)([32]5,4,7)([33]23,29,7)([34]10,30,2)([35]5,33,7)([36]14,31,2)([37]19,2,3)([38]35,37,3)([39]27,4,1)([40]9,14,1)([41]31,9,2)([42]32,17,5)([43]11,20,6)([44]38,2,3)([45]38,14,2)([46]3,38,6)([47]2,5,4)([48]46,25,5)([49]42,23,3)([50]33,5,7)([51]50,41,7)([52]5,27,0)([53]48,1,4)([54]51,20,7)([55]28,2,6)([56]42,17,2)([57]56,19,7)([58]31,16,6)([59]49,46,7)([60]11,32,6)([61]12,55,2)([62]45,40,0)([63]22,55,2)([64]48,13,7)([65]29,42,4)([66]59,54,3)([67]64,12,5)([68]67,62,6)([69]64,9,6)([70]32,41,7)([71]15,47,1)([72]61,33,4)([73]47,34,6)([74]73,56,7)([75]54,17,2)([76]33,41,5)([77]5,44,6)([78]70,49,7)([79]36,68,6)([80]76,3,2)([81]60,63,1)([82]66,79,2)([83]36,69,6)([84]73,71,1)([85]73,32,0)([86]72,74,5)(82)
evaluations: 6617459
first invidual area: 133.53
{7,1,80,1,2,1,8}([7]5,6,7)([8]3,4,3)([9]5,1,6)([10]4,5,7)([11]8,0,7)([12]0,2,3)([13]8,2,4)([14]12,1,4)([15]9,7,7)([16]3,7,3)([17]0,3,4)([18]15,2,5)([19]18,4,3)([20]9,6,7)([21]17,19,4)([22]15,11,5)([23]15,11,7)([24]21,12,4)([25]13,1,6)([26]22,25,3)([27]26,16,4)([28]17,27,3)([29]2,23,3)([30]26,4,6)([31]7,10,2)([32]30,29,3)([33]8,15,1)([34]28,19,7)([35]34,5,7)([36]18,13,6)([37]9,16,1)([38]35,29,3)([39]28,4,7)([40]33,39,5)([41]27,31,6)([42]38,14,2)([43]28,2,6)([44]31,42,5)([45]0,29,1)([46]3,38,6)([47]17,36,2)([48]28,12,1)([49]37,0,4)([50]44,9,6)([51]9,35,4)([52]49,5,4)([53]17,33,4)([54]46,51,3)([55]15,1,2)([56]47,24,3)([57]5,11,3)([58]22,4,3)([59]47,3,2)([60]7,13,7)([61]6,52,4)([62]13,46,4)([63]42,60,2)([64]46,13,3)([65]1,18,3)([66]54,50,3)([67]62,7,5)([68]42,67,6)([69]4,19,6)([70]3,48,6)([71]15,57,1)([72]48,21,0)([73]14,30,2)([74]10,50,2)([75]11,18,4)([76]5,29,5)([77]12,0,5)([78]64,30,7)([79]73,68,6)([80]68,68,1)([81]39,12,0)([82]66,79,2)([83]52,8,0)([84]63,72,1)([85]50,75,4)([86]36,7,6)(82)
optimized area: 117.59
time: 736485 ms
seed: 1634069706
{7,1,80,1,2,1,8}([7]1,6,7)([8]4,4,1)([9]8,6,3)([10]5,4,1)([11]1,2,5)([12]3,0,7)([13]7,9,4)([14]12,11,5)([15]6,12,5)([16]1,8,5)([17]13,6,3)([18]16,0,0)([19]17,18,5)([20]2,9,2)([21]2,10,2)([22]20,19,7)([23]3,2,2)([24]7,10,4)([25]23,13,4)([26]17,1,3)([27]18,0,4)([28]20,11,3)([29]26,5,0)([30]18,12,7)([31]14,9,2)([32]20,10,4)([33]8,31,4)([34]25,15,5)([35]10,22,6)([36]10,24,0)([37]33,12,5)([38]24,1,2)([39]24,0,4)([40]25,2,4)([41]33,25,6)([42]22,32,1)([43]42,3,5)([44]3,7,1)([45]35,37,5)([46]20,12,4)([47]18,8,7)([48]4,22,7)([49]39,41,6)([50]5,31,3)([51]43,36,5)([52]38,11,6)([53]35,27,3)([54]40,7,6)([55]51,32,5)([56]48,46,1)([57]54,27,6)([58]9,17,1)([59]0,37,0)([60]0,10,7)([61]12,16,2)([62]53,34,6)([63]57,49,6)([64]47,31,7)([65]55,63,5)([66]49,42,6)([67]25,26,7)([68]10,67,5)([69]60,15,1)([70]57,59,2)([71]18,40,7)([72]61,66,4)([73]11,20,0)([74]16,28,2)([75]1,19,5)([76]19,42,3)([77]22,41,7)([78]45,65,5)([79]50,26,2)([80]65,39,6)([81]30,29,5)([82]72,30,0)([83]79,25,2)([84]6,16,1)([85]78,62,4)([86]49,43,7)(85)
evaluations: 27533599
first invidual area: 115.21
{7,1,80,1,2,1,8}([7]6,1,7)([8]4,1,1)([9]8,6,3)([10]5,9,1)([11]8,8,2)([12]0,3,7)([13]7,9,4)([14]2,3,5)([15]7,10,4)([16]1,11,5)([17]13,6,3)([18]10,11,4)([19]16,17,5)([20]2,9,2)([21]20,19,7)([22]1,20,5)([23]21,7,1)([24]16,16,3)([25]14,13,7)([26]2,25,4)([27]16,0,4)([28]0,20,2)([29]1,3,5)([30]6,12,5)([31]15,0,4)([32]7,26,6)([33]22,8,7)([34]30,25,5)([35]10,21,6)([36]17,10,5)([37]32,27,6)([38]33,33,3)([39]15,3,4)([40]34,36,5)([41]35,31,0)([42]10,29,5)([43]38,25,6)([44]38,12,5)([45]35,44,5)([46]9,7,6)([47]19,23,6)([48]0,24,7)([49]43,31,6)([50]20,22,4)([51]16,33,7)([52]21,39,3)([53]35,27,3)([54]20,5,7)([55]42,54,5)([56]27,53,2)([57]19,42,1)([58]49,25,5)([59]47,10,2)([60]3,40,3)([61]38,39,5)([62]53,34,6)([63]37,49,6)([64]42,38,0)([65]63,55,5)([66]54,1,0)([67]34,11,1)([68]11,67,2)([69]34,53,6)([70]64,17,0)([71]43,24,0)([72]11,19,4)([73]21,35,2)([74]50,28,3)([75]52,72,6)([76]11,72,4)([77]3,35,2)([78]45,65,5)([79]78,62,4)([80]70,77,6)([81]79,7,0)([82]66,46,3)([83]71,59,6)([84]65,57,7)([85]59,74,2)([86]42,63,7)(79)
optimized area: 109.13
time: 624885 ms
seed: 1634231244
NOT FOUND
time: 534997 ms
seed: 1634368756
NOT FOUND
time: 526144 ms
seed: 1634417723
{7,1,80,1,2,1,8}([7]5,3,7)([8]6,5,1)([9]4,0,7)([10]6,8,1)([11]1,7,4)([12]7,4,7)([13]2,12,3)([14]13,0,2)([15]11,13,3)([16]7,7,5)([17]3,4,5)([18]1,17,7)([19]5,15,4)([20]14,0,3)([21]19,14,3)([22]18,12,2)([23]21,6,5)([24]1,2,7)([25]19,2,3)([26]10,20,7)([27]10,18,2)([28]18,9,5)([29]8,11,4)([30]22,4,4)([31]29,6,5)([32]23,22,3)([33]11,8,2)([34]20,29,3)([35]25,1,7)([36]5,35,4)([37]14,23,2)([38]26,29,4)([39]24,3,5)([40]23,8,6)([41]5,22,3)([42]25,32,2)([43]6,35,1)([44]42,39,5)([45]22,19,5)([46]4,43,5)([47]38,45,7)([48]8,46,4)([49]27,37,6)([50]45,3,5)([51]44,50,4)([52]32,33,5)([53]20,41,6)([54]30,30,2)([55]25,54,2)([56]31,15,1)([57]16,30,3)([58]37,47,0)([59]2,31,4)([60]34,51,7)([61]28,42,7)([62]49,61,7)([63]6,60,6)([64]58,39,3)([65]29,26,3)([66]47,37,6)([67]59,55,3)([68]31,25,5)([69]67,41,5)([70]21,58,2)([71]6,46,7)([72]22,71,5)([73]67,40,7)([74]0,34,0)([75]51,10,3)([76]10,27,4)([77]34,20,3)([78]20,27,2)([79]60,46,5)([80]67,70,3)([81]10,19,5)([82]26,74,5)([83]62,69,5)([84]22,22,4)([85]83,79,2)([86]53,69,0)(85)
evaluations: 24599420
first invidual area: 132.08
{7,1,80,1,2,1,8}([7]5,3,7)([8]6,1,1)([9]4,4,0)([10]0,8,7)([11]7,1,4)([12]7,4,7)([13]2,12,3)([14]9,3,5)([15]11,13,6)([16]9,4,7)([17]1,2,7)([18]14,1,7)([19]5,15,7)([20]11,8,4)([21]0,19,3)([22]12,18,2)([23]6,21,5)([24]12,14,2)([25]0,20,3)([26]1,22,5)([27]6,15,0)([28]17,3,5)([29]18,4,2)([30]9,22,4)([31]10,13,2)([32]23,22,3)([33]30,2,6)([34]9,13,7)([35]31,8,2)([36]2,7,0)([37]19,2,3)([38]37,32,2)([39]30,26,7)([40]38,28,5)([41]25,22,7)([42]11,20,5)([43]22,5,3)([44]9,2,0)([45]26,6,7)([46]8,9,5)([47]10,18,5)([48]43,6,0)([49]29,35,6)([50]26,3,5)([51]48,29,0)([52]8,49,1)([53]2,13,5)([54]50,40,7)([55]25,34,3)([56]34,42,2)([57]28,54,5)([58]6,35,4)([59]2,42,4)([60]54,25,4)([61]49,38,4)([62]25,21,3)([63]20,44,1)([64]6,45,1)([65]4,60,6)([66]30,38,2)([67]59,66,3)([68]57,14,7)([69]67,43,5)([70]26,33,6)([71]27,62,3)([72]47,61,4)([73]27,25,1)([74]45,32,1)([75]30,72,1)([76]59,14,2)([77]29,49,5)([78]6,66,0)([79]72,37,1)([80]30,1,6)([81]60,46,5)([82]29,74,7)([83]72,69,5)([84]74,28,1)([85]83,81,2)([86]15,3,5)(85)
optimized area: 126.94
time: 622408 ms
seed: 1634626127
{7,1,80,1,2,1,8}([7]2,3,6)([8]0,3,3)([9]6,3,2)([10]1,5,4)([11]8,8,5)([12]6,4,4)([13]9,2,7)([14]0,9,7)([15]1,10,2)([16]2,10,6)([17]11,3,5)([18]5,8,3)([19]18,10,0)([20]6,4,3)([21]15,6,7)([22]16,1,4)([23]3,16,2)([24]18,7,1)([25]20,9,4)([26]18,9,4)([27]11,25,6)([28]3,1,7)([29]1,21,2)([30]7,14,3)([31]29,30,3)([32]24,6,6)([33]12,20,7)([34]2,8,4)([35]30,28,4)([36]25,34,4)([37]27,31,2)([38]36,26,3)([39]26,10,3)([40]12,12,6)([41]37,35,6)([42]1,37,7)([43]40,35,6)([44]0,20,7)([45]44,17,4)([46]12,31,2)([47]0,24,3)([48]24,27,7)([49]10,43,6)([50]41,7,6)([51]42,21,1)([52]8,39,1)([53]21,44,3)([54]41,13,7)([55]49,9,3)([56]53,7,4)([57]33,41,0)([58]54,35,1)([59]22,55,2)([60]39,58,2)([61]48,53,4)([62]59,46,7)([63]60,55,1)([64]56,45,6)([65]34,47,4)([66]53,6,7)([67]37,42,0)([68]60,62,2)([69]31,16,0)([70]44,54,2)([71]11,57,5)([72]34,37,4)([73]27,51,2)([74]61,68,7)([75]10,69,3)([76]52,65,5)([77]51,16,4)([78]20,31,7)([79]66,44,7)([80]46,21,4)([81]69,65,1)([82]70,16,3)([83]25,80,6)([84]48,60,4)([85]23,10,0)([86]48,0,3)(74)
evaluations: 20030144
first invidual area: 133.53
{7,1,80,1,2,1,8}([7]1,3,4)([8]0,3,3)([9]3,6,2)([10]5,1,4)([11]9,2,4)([12]6,4,4)([13]10,1,5)([14]11,5,6)([15]12,11,3)([16]0,7,6)([17]15,13,0)([18]5,8,6)([19]9,18,6)([20]12,6,3)([21]6,13,4)([22]8,0,1)([23]9,0,7)([24]1,21,2)([25]19,20,2)([26]11,3,6)([27]22,25,6)([28]19,2,6)([29]24,1,4)([30]23,26,3)([31]30,24,3)([32]23,14,7)([33]6,2,3)([34]25,1,6)([35]14,13,6)([36]20,0,7)([37]36,3,0)([38]30,7,7)([39]25,38,4)([40]27,31,2)([41]40,38,3)([42]22,25,4)([43]1,37,7)([44]15,1,6)([45]10,12,6)([46]31,12,5)([47]19,10,3)([48]37,16,4)([49]31,32,6)([50]19,14,3)([51]27,18,3)([52]19,39,1)([53]21,36,3)([54]41,11,4)([55]45,14,3)([56]11,13,1)([57]2,1,7)([58]40,1,2)([59]57,55,5)([60]2,3,5)([61]51,53,7)([62]59,46,7)([63]54,47,2)([64]5,34,0)([65]60,32,3)([66]60,18,2)([67]41,33,7)([68]63,62,5)([69]54,7,6)([70]4,36,7)([71]37,65,3)([72]25,2,5)([73]69,60,3)([74]61,68,4)([75]73,2,2)([76]58,30,0)([77]32,41,7)([78]9,37,2)([79]68,78,7)([80]1,71,1)([81]4,34,1)([82]78,56,1)([83]74,73,5)([84]5,76,7)([85]11,25,0)([86]8,15,6)(74)
optimized area: 116.65
time: 598561 ms
seed: 1635153125
NOT FOUND
time: 527640 ms
seed: 1635202251
{7,1,80,1,2,1,8}([7]0,1,6)([8]0,1,5)([9]2,4,7)([10]1,6,1)([11]8,2,6)([12]9,4,3)([13]4,0,1)([14]10,3,3)([15]7,12,5)([16]5,12,4)([17]1,9,2)([18]6,16,4)([19]18,13,4)([20]8,7,5)([21]3,9,5)([22]21,16,1)([23]6,17,4)([24]21,8,1)([25]8,3,2)([26]11,3,6)([27]3,19,2)([28]7,27,3)([29]28,4,6)([30]26,23,2)([31]24,17,7)([32]23,15,2)([33]32,26,0)([34]24,33,4)([35]18,30,4)([36]10,32,6)([37]34,30,4)([38]16,14,1)([39]11,14,5)([40]6,6,2)([41]20,7,5)([42]16,7,6)([43]31,35,7)([44]31,39,7)([45]44,42,6)([46]8,27,2)([47]13,4,0)([48]43,4,0)([49]8,34,1)([50]6,25,7)([51]2,19,2)([52]29,21,2)([53]18,50,5)([54]21,48,7)([55]31,35,7)([56]51,29,7)([57]37,45,3)([58]5,1,2)([59]52,53,2)([60]59,0,7)([61]38,33,6)([62]14,48,5)([63]56,62,5)([64]34,26,2)([65]54,21,2)([66]57,29,4)([67]22,56,5)([68]9,19,2)([69]57,66,6)([70]10,60,4)([71]51,63,6)([72]63,60,2)([73]21,54,0)([74]8,69,1)([75]23,73,0)([76]11,14,0)([77]34,1,4)([78]72,69,4)([79]76,68,0)([80]39,53,2)([81]42,43,5)([82]33,60,6)([83]62,7,4)([84]30,42,5)([85]33,77,4)([86]34,11,2)(78)
evaluations: 28973379
first invidual area: 139.13
{7,1,80,1,2,1,8}([7]0,1,6)([8]0,1,5)([9]4,2,7)([10]1,3,0)([11]8,2,6)([12]9,4,3)([13]7,12,5)([14]13,12,2)([15]3,14,5)([16]6,5,7)([17]1,9,2)([18]12,16,7)([19]8,10,4)([20]11,3,6)([21]3,9,5)([22]13,10,4)([23]6,17,4)([24]18,11,1)([25]3,8,5)([26]5,2,5)([27]24,3,2)([28]4,27,3)([29]7,28,6)([30]20,23,2)([31]21,17,4)([32]23,13,5)([33]29,22,6)([34]32,21,7)([35]19,22,4)([36]18,30,4)([37]34,30,7)([38]6,25,4)([39]13,23,5)([40]1,23,3)([41]11,3,5)([42]8,24,4)([43]36,31,7)([44]41,31,2)([45]44,5,6)([46]1,25,5)([47]13,1,2)([48]25,11,0)([49]27,22,1)([50]29,21,2)([51]2,16,5)([52]26,8,3)([53]18,38,5)([54]29,49,0)([55]9,8,4)([56]29,51,4)([57]4,24,6)([58]4,12,7)([59]50,53,5)([60]0,59,4)([61]37,45,3)([62]46,43,5)([63]56,62,5)([64]36,45,4)([65]31,28,1)([66]35,37,7)([67]7,5,1)([68]49,23,7)([69]54,61,6)([70]12,60,6)([71]17,38,5)([72]63,60,5)([73]68,70,6)([74]8,28,5)([75]28,58,2)([76]10,26,0)([77]66,55,0)([78]72,69,7)([79]17,75,5)([80]10,18,1)([81]43,24,2)([82]81,28,7)([83]74,75,7)([84]36,62,6)([85]14,81,7)([86]9,25,5)(78)
optimized area: 119.44
time: 601674 ms
seed: 1635377311
NOT FOUND
time: 990360 ms
seed: 1635632988
NOT FOUND
time: 1052408 ms
seed: 1635680646
{7,1,80,1,2,1,8}([7]4,2,7)([8]1,0,4)([9]4,6,7)([10]1,3,7)([11]2,4,0)([12]3,0,4)([13]12,1,6)([14]7,3,3)([15]14,11,7)([16]13,7,7)([17]4,9,6)([18]3,8,5)([19]8,5,3)([20]15,13,4)([21]1,1,3)([22]16,9,2)([23]12,2,2)([24]17,20,4)([25]22,10,7)([26]25,10,3)([27]1,23,4)([28]25,22,5)([29]23,0,6)([30]2,19,7)([31]5,21,3)([32]30,28,3)([33]27,24,2)([34]12,6,2)([35]23,24,4)([36]25,21,0)([37]33,12,5)([38]14,5,7)([39]16,34,4)([40]8,17,7)([41]36,31,5)([42]21,2,1)([43]6,20,7)([44]43,16,6)([45]35,37,7)([46]41,40,6)([47]4,40,0)([48]45,38,3)([49]2,39,4)([50]18,4,6)([51]24,21,1)([52]7,46,5)([53]50,33,7)([54]11,34,3)([55]19,37,3)([56]30,23,5)([57]30,14,3)([58]1,40,6)([59]48,52,4)([60]43,46,3)([61]59,53,2)([62]59,14,3)([63]46,17,2)([64]30,9,4)([65]1,21,4)([66]56,61,7)([67]36,5,0)([68]46,51,2)([69]31,56,4)([70]32,4,4)([71]4,55,0)([72]20,66,6)([73]4,42,7)([74]61,44,7)([75]70,39,4)([76]72,52,2)([77]33,11,6)([78]75,74,7)([79]51,10,3)([80]4,1,6)([81]31,58,4)([82]51,77,5)([83]29,36,1)([84]32,24,5)([85]41,39,7)([86]19,71,2)(78)
evaluations: 37657855
first invidual area: 157.01
{7,1,80,1,2,1,8}([7]4,2,7)([8]1,0,4)([9]4,6,7)([10]3,1,4)([11]2,2,3)([12]10,8,4)([13]1,12,6)([14]7,3,3)([15]13,14,7)([16]7,13,7)([17]9,4,6)([18]14,9,7)([19]12,5,6)([20]11,15,7)([21]1,20,1)([22]16,9,2)([23]12,11,2)([24]17,20,7)([25]22,10,4)([26]9,5,3)([27]21,23,6)([28]22,25,5)([29]24,23,3)([30]2,19,4)([31]24,12,0)([32]18,28,5)([33]27,29,5)([34]12,6,5)([35]28,30,3)([36]17,8,6)([37]30,20,0)([38]14,5,7)([39]16,34,7)([40]1,24,5)([41]26,25,5)([42]8,3,5)([43]22,6,0)([44]18,16,3)([45]29,40,2)([46]41,36,6)([47]10,0,0)([48]45,38,6)([49]32,31,5)([50]42,4,6)([51]31,13,4)([52]7,46,5)([53]50,33,4)([54]34,24,7)([55]4,31,0)([56]54,44,4)([57]11,19,3)([58]20,1,7)([59]52,48,7)([60]35,22,5)([61]59,53,5)([62]24,19,3)([63]59,3,2)([64]12,59,4)([65]21,51,6)([66]65,10,0)([67]37,15,0)([68]59,27,1)([69]29,49,5)([70]35,4,4)([71]35,14,6)([72]19,44,7)([73]3,46,4)([74]61,44,4)([75]70,39,7)([76]9,34,0)([77]34,41,1)([78]75,74,7)([79]5,68,0)([80]64,39,0)([81]4,58,6)([82]17,41,1)([83]36,25,4)([84]7,7,5)([85]56,51,0)([86]78,34,6)(78)
optimized area: 147.60
time: 1155651 ms
seed: 1635728550
{7,1,80,1,2,1,8}([7]3,0,7)([8]4,3,3)([9]8,5,4)([10]6,1,5)([11]2,9,0)([12]6,8,4)([13]11,11,6)([14]1,7,3)([15]9,1,5)([16]5,9,2)([17]2,9,7)([18]6,2,3)([19]10,9,7)([20]12,14,3)([21]3,14,5)([22]6,9,7)([23]19,7,0)([24]15,3,4)([25]21,1,7)([26]23,13,3)([27]7,16,7)([28]4,27,5)([29]19,2,3)([30]12,2,1)([31]1,4,4)([32]24,18,4)([33]18,0,4)([34]4,13,4)([35]27,31,3)([36]29,25,3)([37]30,32,4)([38]35,0,5)([39]22,28,5)([40]33,35,3)([41]26,27,3)([42]21,32,7)([43]20,8,4)([44]10,25,6)([45]34,43,3)([46]45,37,2)([47]41,40,2)([48]32,2,0)([49]3,29,1)([50]21,16,5)([51]28,10,5)([52]29,38,1)([53]47,7,1)([54]24,37,4)([55]46,29,7)([56]37,53,4)([57]10,52,3)([58]47,38,7)([59]29,4,1)([60]58,36,5)([61]41,3,7)([62]59,54,0)([63]28,51,5)([64]46,39,5)([65]29,61,0)([66]61,33,0)([67]44,11,5)([68]8,52,3)([69]36,51,6)([70]17,65,0)([71]57,22,6)([72]0,0,6)([73]38,72,5)([74]21,62,1)([75]63,57,1)([76]1,6,6)([77]25,17,1)([78]69,50,0)([79]74,37,4)([80]30,60,7)([81]26,79,0)([82]80,64,4)([83]44,50,1)([84]13,22,7)([85]65,49,7)([86]60,40,4)(82)
evaluations: 7657812
first invidual area: 131.19
{7,1,80,1,2,1,8}([7]0,3,7)([8]4,3,3)([9]5,8,4)([10]2,2,2)([11]1,6,5)([12]1,4,4)([13]1,7,6)([14]9,6,7)([15]1,9,5)([16]2,13,7)([17]16,3,5)([18]6,10,3)([19]9,11,7)([20]16,15,1)([21]18,0,4)([22]12,2,6)([23]1,17,7)([24]3,4,7)([25]9,5,5)([26]6,8,4)([27]25,7,4)([28]27,4,5)([29]10,2,6)([30]3,18,7)([31]2,4,7)([32]30,15,4)([33]19,23,3)([34]20,20,0)([35]12,27,3)([36]24,28,6)([37]32,26,4)([38]0,34,2)([39]37,13,5)([40]35,21,3)([41]14,28,5)([42]0,35,5)([43]2,31,3)([44]16,30,6)([45]31,44,3)([46]16,27,3)([47]8,11,5)([48]19,16,3)([49]45,41,5)([50]34,14,5)([51]27,48,3)([52]40,51,5)([53]52,42,4)([54]33,35,1)([55]10,24,0)([56]10,33,3)([57]4,28,4)([58]27,53,3)([59]53,56,5)([60]37,49,5)([61]35,56,4)([62]44,31,7)([63]27,52,5)([64]47,28,6)([65]40,23,5)([66]2,33,4)([67]23,0,5)([68]52,62,7)([69]60,35,0)([70]44,26,2)([71]6,30,4)([72]26,69,3)([73]47,32,1)([74]4,9,2)([75]47,62,7)([76]8,50,6)([77]2,73,7)([78]40,41,4)([79]40,56,7)([80]32,59,4)([81]29,42,3)([82]55,80,0)([83]14,55,3)([84]71,34,6)([85]22,49,3)([86]80,69,4)(86)
optimized area: 126.04
time: 1279569 ms
seed: 1635775776
{7,1,80,1,2,1,8}([7]1,5,7)([8]6,5,7)([9]4,6,2)([10]3,2,2)([11]10,0,7)([12]2,7,6)([13]8,11,2)([14]11,1,2)([15]4,13,3)([16]12,6,3)([17]16,6,3)([18]0,3,2)([19]8,4,7)([20]6,13,0)([21]3,14,5)([22]16,19,6)([23]15,20,4)([24]18,4,3)([25]1,13,4)([26]25,8,1)([27]22,26,4)([28]15,16,6)([29]25,12,1)([30]12,29,4)([31]28,29,6)([32]17,2,3)([33]22,6,3)([34]19,1,6)([35]18,6,5)([36]14,27,7)([37]2,31,4)([38]34,3,6)([39]16,38,5)([40]21,35,5)([41]19,14,4)([42]4,2,3)([43]30,6,6)([44]39,27,6)([45]28,22,0)([46]42,12,5)([47]34,17,5)([48]44,19,3)([49]37,26,4)([50]44,43,4)([51]21,8,6)([52]21,37,4)([53]29,41,4)([54]14,52,4)([55]43,18,3)([56]27,43,2)([57]47,0,7)([58]55,14,7)([59]54,48,2)([60]27,49,2)([61]35,36,4)([62]40,24,4)([63]60,56,5)([64]28,15,4)([65]27,62,5)([66]5,46,7)([67]59,66,2)([68]46,29,5)([69]23,58,7)([70]49,41,6)([71]48,26,3)([72]58,23,5)([73]32,16,6)([74]17,32,2)([75]72,65,2)([76]65,12,0)([77]44,15,4)([78]37,46,2)([79]50,13,3)([80]54,62,0)([81]53,45,3)([82]39,74,4)([83]67,37,1)([84]41,26,5)([85]50,60,5)([86]83,75,4)(86)
evaluations: 41751435
first invidual area: 136.78
{7,1,80,1,2,1,8}([7]1,5,7)([8]5,6,7)([9]3,2,5)([10]4,4,3)([11]9,0,4)([12]7,2,6)([13]8,11,2)([14]1,11,2)([15]10,13,3)([16]12,6,3)([17]15,7,7)([18]0,3,2)([19]8,4,7)([20]3,6,6)([21]3,14,5)([22]16,19,3)([23]22,1,5)([24]4,18,6)([25]1,13,4)([26]2,0,7)([27]22,25,4)([28]16,6,1)([29]12,25,6)([30]12,11,7)([31]27,28,6)([32]7,2,6)([33]23,0,5)([34]10,11,3)([35]18,6,5)([36]32,8,5)([37]31,2,4)([38]3,13,6)([39]16,38,2)([40]21,35,5)([41]40,13,0)([42]30,20,4)([43]6,15,4)([44]31,29,6)([45]16,15,3)([46]4,12,5)([47]37,14,0)([48]39,19,3)([49]8,48,1)([50]32,47,3)([51]26,2,5)([52]21,47,4)([53]19,1,3)([54]14,52,4)([55]44,18,6)([56]15,27,0)([57]9,55,7)([58]42,3,0)([59]54,48,2)([60]22,52,0)([61]51,30,3)([62]40,24,7)([63]23,4,2)([64]61,51,5)([65]27,62,5)([66]5,46,7)([67]59,66,5)([68]38,48,2)([69]64,39,2)([70]55,14,4)([71]36,46,4)([72]43,70,5)([73]8,45,7)([74]16,11,1)([75]72,65,5)([76]51,28,7)([77]24,67,3)([78]53,70,2)([79]11,19,3)([80]24,16,0)([81]65,57,0)([82]15,27,5)([83]17,60,0)([84]24,7,5)([85]70,42,4)([86]67,75,7)(86)
optimized area: 121.33
time: 1094864 ms
seed: 1635822704
NOT FOUND
time: 1061976 ms
seed: 1635865774
{7,1,80,1,2,1,8}([7]0,1,7)([8]4,0,3)([9]5,2,2)([10]0,8,7)([11]1,2,7)([12]11,7,7)([13]12,4,3)([14]4,2,4)([15]6,12,2)([16]8,3,4)([17]1,3,1)([18]7,16,6)([19]3,0,5)([20]9,0,1)([21]13,0,7)([22]10,14,5)([23]6,19,5)([24]13,23,7)([25]14,3,3)([26]0,17,5)([27]20,2,3)([28]4,24,6)([29]4,25,3)([30]22,7,2)([31]28,30,3)([32]1,23,6)([33]24,18,4)([34]11,9,4)([35]13,1,2)([36]15,18,6)([37]3,2,2)([38]22,26,7)([39]18,22,4)([40]38,38,7)([41]1,36,3)([42]24,38,7)([43]42,36,6)([44]3,1,6)([45]16,5,3)([46]40,18,2)([47]11,15,4)([48]45,45,7)([49]29,30,4)([50]11,23,0)([51]5,37,6)([52]34,21,4)([53]45,14,4)([54]50,36,5)([55]15,24,6)([56]45,4,7)([57]56,39,3)([58]57,44,3)([59]14,54,7)([60]21,6,2)([61]6,57,4)([62]50,20,4)([63]35,31,5)([64]31,51,5)([65]64,58,7)([66]43,61,4)([67]4,49,3)([68]37,48,2)([69]2,21,1)([70]58,59,4)([71]19,62,1)([72]65,66,5)([73]51,51,4)([74]44,60,0)([75]14,63,5)([76]59,32,6)([77]29,47,6)([78]28,38,7)([79]46,0,7)([80]9,33,1)([81]23,35,3)([82]40,41,6)([83]29,28,5)([84]30,81,7)([85]50,80,6)([86]72,81,4)(86)
evaluations: 45584342
first invidual area: 122.75
{7,1,80,1,2,1,8}([7]1,0,7)([8]4,0,3)([9]2,3,2)([10]0,2,3)([11]4,2,4)([12]2,0,7)([13]12,4,3)([14]7,1,6)([15]6,12,2)([16]8,3,4)([17]3,16,4)([18]7,16,6)([19]3,0,5)([20]3,14,6)([21]17,20,4)([22]10,11,5)([23]6,19,5)([24]13,23,7)([25]9,14,2)([26]24,4,6)([27]5,16,3)([28]6,2,6)([29]23,12,5)([30]22,7,2)([31]26,30,3)([32]5,8,0)([33]1,30,3)([34]6,22,2)([35]13,1,2)([36]15,18,6)([37]7,27,6)([38]24,14,4)([39]18,22,4)([40]39,13,6)([41]23,35,3)([42]22,38,7)([43]42,36,3)([44]16,41,6)([45]1,38,1)([46]7,18,3)([47]16,11,0)([48]1,20,7)([49]14,8,3)([50]25,10,4)([51]32,9,6)([52]24,5,5)([53]22,49,0)([54]6,7,4)([55]5,1,1)([56]27,4,7)([57]56,39,3)([58]57,44,6)([59]23,48,7)([60]47,32,2)([61]6,57,5)([62]39,56,0)([63]3,34,6)([64]31,51,5)([65]64,58,4)([66]43,61,7)([67]10,35,6)([68]7,15,5)([69]27,56,1)([70]68,3,1)([71]47,44,2)([72]65,66,5)([73]19,31,7)([74]49,41,5)([75]34,62,1)([76]57,14,5)([77]72,18,3)([78]74,13,6)([79]63,57,3)([80]30,71,1)([81]16,51,6)([82]61,72,7)([83]64,56,3)([84]54,19,1)([85]62,39,7)([86]72,41,4)(86)
optimized area: 111.96
time: 1078163 ms
seed: 1635907889
{7,1,80,1,2,1,8}([7]4,3,3)([8]3,2,5)([9]4,5,1)([10]7,6,7)([11]3,7,7)([12]3,0,3)([13]3,1,4)([14]0,8,7)([15]13,11,2)([16]5,7,0)([17]2,5,2)([18]6,16,4)([19]0,14,1)([20]18,0,7)([21]16,7,0)([22]6,12,2)([23]9,2,4)([24]18,14,6)([25]0,15,5)([26]19,1,3)([27]8,10,7)([28]17,21,1)([29]8,26,2)([30]4,29,6)([31]0,11,4)([32]25,17,7)([33]21,25,5)([34]22,16,6)([35]17,12,5)([36]20,11,4)([37]32,34,3)([38]34,22,1)([39]1,38,4)([40]22,23,3)([41]36,40,3)([42]33,16,2)([43]20,18,4)([44]28,8,5)([45]39,35,2)([46]17,3,2)([47]29,8,7)([48]10,2,4)([49]15,48,3)([50]24,29,1)([51]34,42,0)([52]34,23,5)([53]4,32,5)([54]45,41,2)([55]33,27,6)([56]40,17,0)([57]41,38,5)([58]30,54,3)([59]28,37,7)([60]1,50,1)([61]17,57,7)([62]52,53,4)([63]42,5,4)([64]31,52,6)([65]61,50,7)([66]34,30,5)([67]1,0,5)([68]50,54,3)([69]39,53,4)([70]63,34,5)([71]67,62,4)([72]58,37,4)([73]67,0,0)([74]6,61,2)([75]72,55,6)([76]71,25,6)([77]47,21,5)([78]9,14,5)([79]75,24,7)([80]51,50,0)([81]7,73,0)([82]51,2,5)([83]47,39,3)([84]28,14,4)([85]72,37,3)([86]35,65,3)(79)
evaluations: 29181499
first invidual area: 114.77
{7,1,80,1,2,1,8}([7]3,3,0)([8]7,2,5)([9]8,0,7)([10]1,3,2)([11]8,9,6)([12]0,7,3)([13]4,7,3)([14]13,8,5)([15]14,3,3)([16]13,5,4)([17]2,5,2)([18]5,6,4)([19]12,17,5)([20]15,0,4)([21]1,20,3)([22]6,12,2)([23]13,21,4)([24]17,15,3)([25]0,23,5)([26]8,21,2)([27]26,4,6)([28]18,20,7)([29]25,17,7)([30]8,9,7)([31]3,11,7)([32]26,28,0)([33]3,18,4)([34]5,22,6)([35]21,6,1)([36]4,2,7)([37]18,9,3)([38]33,15,1)([39]34,1,7)([40]22,36,3)([41]28,40,3)([42]15,3,5)([43]21,34,1)([44]16,43,6)([45]5,25,5)([46]39,19,2)([47]38,37,1)([48]7,31,7)([49]14,6,4)([50]31,45,0)([51]45,49,6)([52]31,5,4)([53]19,39,0)([54]41,46,2)([55]27,30,6)([56]19,40,5)([57]2,29,7)([58]27,54,6)([59]29,34,6)([60]36,2,5)([61]24,43,3)([62]37,36,2)([63]8,8,5)([64]7,50,7)([65]6,57,2)([66]59,58,4)([67]43,39,0)([68]23,8,1)([69]37,4,6)([70]21,35,6)([71]48,60,7)([72]21,68,4)([73]65,53,6)([74]22,7,2)([75]66,51,6)([76]21,57,0)([77]2,33,4)([78]2,45,4)([79]34,33,7)([80]37,75,4)([81]17,62,7)([82]35,56,0)([83]36,42,5)([84]34,38,7)([85]37,84,7)([86]50,15,7)(80)
optimized area: 103.06
time: 1124817 ms
seed: 1635944059
NOT FOUND
time: 1068086 ms
seed: 1635980295
{7,1,80,1,2,1,8}([7]3,0,7)([8]4,6,3)([9]7,6,4)([10]8,3,4)([11]9,1,6)([12]1,7,0)([13]0,12,1)([14]2,12,2)([15]11,4,6)([16]2,14,7)([17]10,15,2)([18]14,0,3)([19]18,1,4)([20]5,9,5)([21]5,5,0)([22]16,5,5)([23]17,22,7)([24]8,22,4)([25]5,17,3)([26]2,6,7)([27]0,18,4)([28]11,23,4)([29]27,26,3)([30]29,25,6)([31]8,30,2)([32]4,2,7)([33]11,12,7)([34]19,8,5)([35]11,6,2)([36]18,6,2)([37]16,16,7)([38]19,20,6)([39]34,33,4)([40]32,2,2)([41]39,23,3)([42]31,4,6)([43]32,25,7)([44]43,39,4)([45]24,14,2)([46]41,40,4)([47]7,1,7)([48]36,42,6)([49]23,0,0)([50]8,32,2)([51]49,38,1)([52]35,40,3)([53]7,1,6)([54]7,44,7)([55]52,34,1)([56]19,2,6)([57]11,1,0)([58]28,47,6)([59]38,29,4)([60]9,44,5)([61]43,38,6)([62]6,13,2)([63]46,59,5)([64]11,57,3)([65]37,21,7)([66]9,48,6)([67]61,39,2)([68]62,4,3)([69]30,62,3)([70]55,56,0)([71]41,10,7)([72]12,30,2)([73]27,69,6)([74]37,20,6)([75]66,58,6)([76]17,74,7)([77]28,31,6)([78]61,63,6)([79]51,22,5)([80]58,30,2)([81]75,78,4)([82]75,49,7)([83]48,6,5)([84]39,34,7)([85]23,50,1)([86]53,63,7)(81)
evaluations: 12548889
first invidual area: 136.35
{7,1,80,1,2,1,8}([7]3,0,7)([8]2,6,7)([9]7,6,4)([10]1,2,2)([11]1,9,6)([12]7,2,5)([13]1,7,7)([14]11,4,6)([15]3,6,4)([16]11,1,6)([17]15,14,5)([18]10,0,3)([19]18,1,4)([20]11,1,6)([21]12,5,5)([22]9,5,5)([23]21,17,4)([24]20,12,0)([25]5,23,6)([26]2,4,5)([27]0,18,4)([28]7,7,0)([29]27,8,6)([30]11,6,2)([31]21,19,5)([32]4,2,7)([33]19,22,6)([34]7,18,2)([35]0,10,3)([36]21,31,6)([37]7,25,0)([38]30,29,2)([39]31,20,4)([40]4,19,3)([41]39,23,3)([42]38,16,0)([43]32,25,4)([44]21,3,1)([45]2,44,0)([46]7,8,5)([47]35,20,5)([48]4,42,6)([49]40,32,6)([50]42,48,7)([51]27,43,4)([52]35,12,6)([53]29,33,7)([54]4,26,3)([55]23,30,4)([56]48,34,6)([57]51,24,2)([58]55,13,6)([59]26,41,7)([60]46,0,7)([61]29,43,6)([62]23,14,6)([63]59,53,5)([64]34,14,3)([65]58,21,6)([66]9,56,6)([67]56,33,2)([68]25,38,3)([69]48,36,0)([70]56,27,3)([71]45,26,6)([72]64,58,0)([73]6,67,0)([74]55,16,3)([75]66,58,3)([76]28,3,2)([77]7,68,4)([78]61,63,3)([79]58,12,5)([80]10,51,3)([81]75,78,4)([82]51,65,1)([83]40,56,3)([84]77,65,5)([85]51,21,7)([86]24,22,4)(81)
optimized area: 127.90
time: 1293581 ms
seed: 1636016142
NOT FOUND
time: 1071348 ms
seed: 1636050856
NOT FOUND
time: 1051854 ms
seed: 1636084676
{7,1,80,1,2,1,8}([7]5,1,5)([8]5,7,2)([9]6,0,1)([10]2,4,5)([11]10,8,7)([12]6,7,6)([13]1,0,4)([14]2,13,4)([15]1,14,3)([16]3,12,3)([17]9,12,0)([18]10,7,0)([19]0,17,7)([20]18,6,5)([21]6,2,4)([22]3,17,3)([23]11,3,4)([24]13,16,1)([25]18,24,5)([26]23,25,5)([27]3,19,2)([28]23,19,7)([29]14,2,6)([30]20,28,2)([31]29,30,4)([32]21,0,2)([33]14,26,4)([34]4,21,3)([35]32,28,5)([36]27,20,3)([37]35,9,0)([38]33,35,4)([39]4,5,4)([40]28,0,4)([41]38,34,5)([42]34,31,4)([43]11,34,1)([44]14,36,6)([45]37,24,1)([46]41,39,6)([47]46,5,7)([48]28,23,7)([49]29,3,1)([50]47,15,5)([51]25,31,4)([52]50,20,7)([53]18,6,1)([54]26,5,3)([55]12,13,4)([56]24,48,0)([57]19,56,6)([58]54,17,2)([59]36,58,4)([60]47,33,4)([61]30,59,7)([62]49,51,2)([63]20,29,0)([64]61,14,1)([65]52,18,0)([66]35,26,0)([67]35,35,0)([68]38,21,4)([69]24,57,0)([70]59,51,3)([71]52,39,5)([72]42,52,3)([73]66,70,4)([74]69,61,4)([75]30,67,3)([76]48,12,1)([77]3,34,3)([78]39,64,1)([79]73,72,6)([80]31,4,3)([81]21,79,6)([82]60,79,4)([83]34,62,7)([84]77,56,6)([85]23,41,0)([86]21,44,4)(82)
evaluations: 34861193
first invidual area: 139.63
{7,1,80,1,2,1,8}([7]1,1,1)([8]0,6,4)([9]5,7,5)([10]4,2,5)([11]9,3,4)([12]0,5,5)([13]7,0,7)([14]2,13,4)([15]14,1,3)([16]13,0,1)([17]4,5,4)([18]13,2,3)([19]11,8,2)([20]10,6,5)([21]6,2,4)([22]12,6,5)([23]11,10,4)([24]10,3,0)([25]16,10,5)([26]23,25,5)([27]25,9,4)([28]23,8,7)([29]21,0,2)([30]20,28,5)([31]30,18,7)([32]6,4,1)([33]14,26,4)([34]4,21,3)([35]28,29,5)([36]25,19,3)([37]35,33,4)([38]17,0,5)([39]16,11,2)([40]6,30,7)([41]37,34,5)([42]34,31,2)([43]25,38,3)([44]40,9,0)([45]1,17,6)([46]41,17,3)([47]46,5,4)([48]37,2,7)([49]31,36,7)([50]47,15,5)([51]33,38,4)([52]50,20,7)([53]22,27,4)([54]12,21,3)([55]2,19,2)([56]42,39,4)([57]44,32,7)([58]38,32,5)([59]34,58,2)([60]55,31,0)([61]57,4,0)([62]9,18,6)([63]42,52,3)([64]49,31,1)([65]42,7,6)([66]16,32,1)([67]5,49,1)([68]19,67,1)([69]27,46,4)([70]59,49,3)([71]14,32,7)([72]29,63,2)([73]35,70,4)([74]23,28,7)([75]30,38,0)([76]38,62,0)([77]43,28,3)([78]10,62,3)([79]73,63,6)([80]60,65,6)([81]33,47,7)([82]81,79,7)([83]18,59,2)([84]74,19,6)([85]59,57,7)([86]52,22,1)(82)
optimized area: 132.58
time: 1164766 ms
seed: 1636117775
{7,1,80,1,2,1,8}([7]6,2,6)([8]0,5,7)([9]4,3,7)([10]3,9,3)([11]1,1,2)([12]9,0,4)([13]8,1,4)([14]6,0,3)([15]2,13,6)([16]15,3,2)([17]15,10,6)([18]12,6,3)([19]10,6,4)([20]9,19,7)([21]7,17,3)([22]19,11,2)([23]0,21,4)([24]22,16,7)([25]22,1,7)([26]23,20,5)([27]22,25,3)([28]16,21,7)([29]24,28,0)([30]18,22,3)([31]5,30,7)([32]26,30,5)([33]24,32,4)([34]6,23,5)([35]8,30,3)([36]31,9,1)([37]2,29,7)([38]23,28,3)([39]7,36,5)([40]39,13,5)([41]12,3,4)([42]38,34,2)([43]21,5,2)([44]2,34,6)([45]20,42,7)([46]29,27,4)([47]36,18,7)([48]22,32,2)([49]36,45,7)([50]44,49,3)([51]5,8,4)([52]39,9,6)([53]33,28,3)([54]32,14,6)([55]42,3,7)([56]50,51,6)([57]10,43,3)([58]19,57,3)([59]11,42,0)([60]57,40,4)([61]50,27,3)([62]50,30,1)([63]61,55,5)([64]60,26,4)([65]39,63,5)([66]48,29,0)([67]63,56,1)([68]36,67,7)([69]41,46,1)([70]62,60,2)([71]53,65,2)([72]33,44,7)([73]60,60,1)([74]33,71,2)([75]40,68,1)([76]43,70,4)([77]8,10,6)([78]21,52,5)([79]72,66,6)([80]17,62,2)([81]32,26,4)([82]37,71,2)([83]50,3,6)([84]74,76,3)([85]45,79,2)([86]65,55,1)(84)
evaluations: 24782920
first invidual area: 147.10
{7,1,80,1,2,1,8}([7]6,2,6)([8]5,0,7)([9]3,4,7)([10]3,9,3)([11]0,9,4)([12]3,9,6)([13]8,1,4)([14]8,11,2)([15]13,2,6)([16]13,0,0)([17]15,10,6)([18]11,6,3)([19]10,6,5)([20]9,19,7)([21]7,17,3)([22]1,19,5)([23]0,21,4)([24]5,0,0)([25]15,3,5)([26]23,20,5)([27]22,25,7)([28]24,10,6)([29]9,21,2)([30]18,1,3)([31]5,30,4)([32]26,30,5)([33]32,4,0)([34]23,6,5)([35]7,14,5)([36]31,7,5)([37]2,9,2)([38]33,27,4)([39]18,24,2)([40]36,16,5)([41]12,24,1)([42]35,34,2)([43]5,21,5)([44]2,34,6)([45]20,42,4)([46]13,32,2)([47]39,22,3)([48]9,6,5)([49]31,45,4)([50]44,49,3)([51]47,32,2)([52]8,5,0)([53]39,5,7)([54]3,4,0)([55]42,3,7)([56]50,49,1)([57]51,13,7)([58]46,12,1)([59]16,10,0)([60]28,40,7)([61]50,48,3)([62]58,30,4)([63]43,48,5)([64]34,50,4)([65]59,38,2)([66]41,65,0)([67]50,18,6)([68]48,46,4)([69]55,61,2)([70]56,60,5)([71]15,28,0)([72]58,40,3)([73]17,35,2)([74]38,69,5)([75]35,70,4)([76]43,70,7)([77]31,38,4)([78]23,42,3)([79]57,1,3)([80]8,0,0)([81]33,31,2)([82]52,21,5)([83]76,74,5)([84]73,41,6)([85]13,33,5)([86]43,10,6)(83)
optimized area: 126.00
time: 1320619 ms
seed: 1636150495
{7,1,80,1,2,1,8}([7]3,4,7)([8]5,1,5)([9]1,7,2)([10]3,8,6)([11]10,0,7)([12]3,1,7)([13]12,2,6)([14]10,6,4)([15]9,9,2)([16]14,6,5)([17]12,11,6)([18]16,5,7)([19]2,16,5)([20]13,17,4)([21]5,4,4)([22]21,0,1)([23]22,20,6)([24]18,20,7)([25]22,11,7)([26]12,4,2)([27]9,6,4)([28]9,15,2)([29]26,19,3)([30]23,14,4)([31]17,24,3)([32]21,2,7)([33]16,9,0)([34]32,9,4)([35]26,26,0)([36]7,16,6)([37]6,22,7)([38]31,37,5)([39]21,8,7)([40]0,20,7)([41]10,1,4)([42]24,5,4)([43]27,30,5)([44]7,4,5)([45]24,27,5)([46]32,43,3)([47]46,31,2)([48]11,36,7)([49]48,47,5)([50]1,46,2)([51]15,40,0)([52]39,17,6)([53]29,49,4)([54]50,52,4)([55]54,15,0)([56]55,38,2)([57]11,51,5)([58]21,7,0)([59]48,49,1)([60]50,37,1)([61]14,4,4)([62]6,21,2)([63]6,39,4)([64]51,31,6)([65]18,58,7)([66]48,53,7)([67]64,16,6)([68]60,22,0)([69]19,60,0)([70]47,64,4)([71]46,12,4)([72]61,9,7)([73]56,53,3)([74]50,4,7)([75]38,33,7)([76]20,48,4)([77]75,8,4)([78]68,31,3)([79]17,68,2)([80]42,32,3)([81]9,42,1)([82]13,27,1)([83]47,82,0)([84]54,78,6)([85]73,65,4)([86]83,49,0)(85)
evaluations: 28259768
first invidual area: 132.14
{7,1,80,1,2,1,8}([7]3,4,7)([8]1,5,5)([9]1,6,2)([10]3,8,6)([11]10,0,7)([12]3,1,7)([13]7,1,5)([14]6,10,4)([15]8,8,2)([16]14,6,5)([17]11,12,6)([18]16,5,4)([19]2,1,0)([20]16,4,0)([21]5,4,4)([22]18,16,5)([23]21,9,0)([24]2,11,3)([25]12,4,2)([26]21,8,7)([27]13,6,7)([28]18,22,6)([29]12,2,3)([30]18,29,7)([31]17,30,3)([32]23,19,7)([33]9,19,5)([34]6,23,4)([35]13,24,7)([36]25,23,0)([37]31,20,0)([38]15,2,3)([39]26,17,3)([40]14,24,7)([41]11,16,6)([42]40,27,5)([43]37,34,5)([44]20,2,5)([45]16,7,6)([46]32,42,3)([47]37,46,2)([48]45,11,7)([49]1,31,7)([50]1,46,5)([51]37,7,1)([52]48,47,5)([53]36,44,6)([54]50,39,4)([55]28,40,4)([56]42,5,3)([57]50,29,1)([58]43,56,0)([59]13,17,5)([60]43,54,2)([61]53,52,7)([62]22,38,5)([63]6,7,3)([64]37,36,5)([65]50,34,4)([66]60,16,4)([67]41,62,3)([68]18,18,0)([69]31,53,1)([70]1,10,6)([71]15,9,3)([72]30,22,3)([73]60,61,3)([74]21,68,4)([75]27,30,7)([76]30,38,6)([77]67,70,2)([78]42,65,5)([79]57,43,5)([80]16,70,1)([81]37,10,0)([82]33,81,1)([83]48,53,7)([84]31,78,4)([85]73,74,4)([86]76,66,5)(85)
optimized area: 125.11
time: 1191055 ms
seed: 1636182902
NOT FOUND
time: 1073373 ms
seed: 1636213590
{7,1,80,1,2,1,8}([7]6,4,4)([8]5,2,4)([9]5,1,4)([10]0,9,7)([11]1,2,4)([12]5,5,0)([13]12,4,3)([14]0,2,5)([15]8,4,3)([16]1,5,6)([17]6,16,4)([18]3,14,4)([19]17,15,4)([20]19,6,4)([21]3,2,5)([22]16,18,6)([23]21,0,4)([24]22,6,4)([25]22,9,6)([26]15,6,3)([27]23,0,2)([28]23,17,2)([29]7,18,5)([30]25,26,6)([31]27,30,7)([32]22,15,5)([33]4,24,3)([34]3,30,3)([35]22,21,6)([36]11,8,4)([37]32,28,4)([38]1,37,2)([39]33,22,7)([40]29,11,2)([41]36,36,0)([42]2,20,1)([43]31,39,3)([44]27,35,1)([45]28,38,3)([46]40,14,4)([47]4,21,4)([48]28,26,7)([49]12,20,4)([50]45,13,5)([51]1,22,5)([52]31,5,4)([53]0,34,5)([54]1,15,5)([55]23,48,4)([56]23,18,3)([57]22,16,2)([58]46,50,3)([59]53,28,4)([60]52,39,5)([61]17,58,4)([62]10,47,2)([63]0,59,5)([64]6,62,3)([65]28,15,7)([66]23,0,7)([67]31,1,3)([68]64,28,6)([69]56,26,4)([70]32,41,0)([71]22,7,6)([72]52,59,6)([73]59,58,7)([74]73,66,1)([75]46,7,7)([76]23,26,7)([77]73,68,3)([78]12,9,4)([79]60,77,2)([80]58,39,5)([81]34,51,1)([82]80,42,2)([83]0,46,6)([84]27,76,6)([85]54,21,6)([86]72,80,4)(79)
evaluations: 8919469
first invidual area: 139.62
{7,1,80,1,2,1,8}([7]0,1,5)([8]4,5,3)([9]4,6,4)([10]2,3,5)([11]2,1,4)([12]11,6,3)([13]2,5,4)([14]2,0,5)([15]13,4,3)([16]1,5,6)([17]6,16,4)([18]14,3,4)([19]16,7,0)([20]3,18,5)([21]15,6,0)([22]16,18,6)([23]0,10,4)([24]22,9,7)([25]22,11,6)([26]25,9,3)([27]19,0,2)([28]23,17,2)([29]9,18,5)([30]21,26,3)([31]20,30,4)([32]22,15,5)([33]28,31,0)([34]31,3,3)([35]5,31,7)([36]21,7,7)([37]34,0,5)([38]26,29,5)([39]19,2,7)([40]11,29,5)([41]1,32,2)([42]20,22,3)([43]19,3,2)([44]36,35,1)([45]33,41,3)([46]4,24,5)([47]46,43,5)([48]37,35,6)([49]47,15,2)([50]13,16,0)([51]9,46,4)([52]8,45,5)([53]13,0,3)([54]23,34,4)([55]39,23,3)([56]5,43,5)([57]14,40,7)([58]57,52,3)([59]58,37,4)([60]51,35,5)([61]20,18,6)([62]36,38,2)([63]37,26,2)([64]7,2,2)([65]59,33,7)([66]8,29,2)([67]6,62,3)([68]28,67,6)([69]23,31,3)([70]65,68,3)([71]47,67,6)([72]54,48,0)([73]49,37,5)([74]26,30,2)([75]22,10,1)([76]16,64,0)([77]36,63,5)([78]60,63,4)([79]60,70,2)([80]11,32,2)([81]35,79,5)([82]2,30,1)([83]2,0,4)([84]10,66,3)([85]78,30,3)([86]12,84,0)(79)
optimized area: 127.88
time: 1313559 ms
seed: 1636243502
NOT FOUND
time: 1081240 ms
seed: 1636262643
NOT FOUND
time: 1061820 ms
seed: 1636279201
{7,1,80,1,2,1,8}([7]2,6,3)([8]0,5,3)([9]6,8,7)([10]0,1,4)([11]3,5,7)([12]1,6,4)([13]12,11,2)([14]4,0,5)([15]7,5,7)([16]13,5,4)([17]11,13,1)([18]8,11,6)([19]3,1,0)([20]16,19,0)([21]6,14,4)([22]10,10,5)([23]12,6,1)([24]7,20,6)([25]11,11,6)([26]24,14,4)([27]22,21,2)([28]4,22,3)([29]25,9,3)([30]8,27,3)([31]23,14,5)([32]22,2,4)([33]25,31,4)([34]19,17,3)([35]9,3,5)([36]12,32,7)([37]32,13,7)([38]33,24,6)([39]36,28,2)([40]15,10,4)([41]35,34,4)([42]13,33,0)([43]27,39,6)([44]2,20,0)([45]43,30,5)([46]22,38,6)([47]35,40,7)([48]41,27,2)([49]43,15,0)([50]11,0,7)([51]41,47,0)([52]11,32,4)([53]10,18,6)([54]35,37,5)([55]29,1,3)([56]38,45,6)([57]46,14,5)([58]24,3,1)([59]42,55,3)([60]48,40,6)([61]22,46,4)([62]13,44,4)([63]34,14,3)([64]46,1,1)([65]6,59,7)([66]31,33,1)([67]51,28,2)([68]41,30,6)([69]22,53,0)([70]68,54,6)([71]38,29,2)([72]60,56,4)([73]4,37,4)([74]36,50,6)([75]52,43,2)([76]49,42,2)([77]1,31,1)([78]54,18,7)([79]47,78,5)([80]38,28,6)([81]73,79,3)([82]39,72,7)([83]72,81,7)([84]47,25,1)([85]20,64,1)([86]37,4,2)(83)
evaluations: 21759333
first invidual area: 140.09
{7,1,80,1,2,1,8}([7]6,2,3)([8]5,0,3)([9]5,3,3)([10]1,0,4)([11]5,3,7)([12]1,6,4)([13]9,9,3)([14]4,0,5)([15]4,9,6)([16]10,7,7)([17]16,5,4)([18]12,11,5)([19]14,9,2)([20]7,9,6)([21]16,5,6)([22]10,1,1)([23]17,3,0)([24]14,6,4)([25]17,5,0)([26]11,21,4)([27]24,22,2)([28]7,15,2)([29]12,20,6)([30]11,8,6)([31]2,22,4)([32]6,8,7)([33]29,14,5)([34]31,18,4)([35]32,3,5)([36]4,22,3)([37]33,11,7)([38]37,24,1)([39]34,36,2)([40]14,11,0)([41]34,4,4)([42]27,19,0)([43]39,42,6)([44]35,9,5)([45]43,8,5)([46]45,13,3)([47]38,45,6)([48]27,44,2)([49]30,46,7)([50]10,40,1)([51]20,6,5)([52]10,35,6)([53]19,6,3)([54]9,31,2)([55]35,16,2)([56]17,48,6)([57]5,39,2)([58]46,42,2)([59]56,47,4)([60]41,30,6)([61]44,11,7)([62]9,33,2)([63]30,45,3)([64]36,32,3)([65]35,34,5)([66]65,30,7)([67]66,14,5)([68]20,21,6)([69]34,0,5)([70]57,8,2)([71]31,43,4)([72]61,58,4)([73]39,27,2)([74]71,2,2)([75]23,35,7)([76]51,5,7)([77]9,58,2)([78]75,66,5)([79]60,20,5)([80]47,38,2)([81]78,41,3)([82]13,59,5)([83]59,81,7)([84]41,72,4)([85]35,72,3)([86]24,33,4)(83)
optimized area: 120.87
time: 1183929 ms
seed: 1636295721
{7,1,80,1,2,1,8}([7]2,1,5)([8]6,6,0)([9]8,1,2)([10]3,5,7)([11]7,0,4)([12]3,9,4)([13]10,9,4)([14]0,12,2)([15]6,1,4)([16]15,10,4)([17]5,14,3)([18]12,15,4)([19]1,9,7)([20]19,7,4)([21]17,1,4)([22]7,16,4)([23]21,10,7)([24]10,12,4)([25]24,16,5)([26]6,8,1)([27]10,23,4)([28]20,13,2)([29]25,4,2)([30]27,2,6)([31]26,17,6)([32]4,6,3)([33]15,30,7)([34]32,0,5)([35]34,32,2)([36]5,23,6)([37]2,19,6)([38]6,29,4)([39]33,34,5)([40]13,27,6)([41]9,39,7)([42]3,4,2)([43]11,23,2)([44]2,41,5)([45]39,3,4)([46]43,45,7)([47]35,40,2)([48]44,33,2)([49]4,3,7)([50]28,29,6)([51]27,21,2)([52]16,37,6)([53]43,38,7)([54]1,53,5)([55]5,41,2)([56]50,48,3)([57]45,20,1)([58]46,47,3)([59]38,43,2)([60]3,39,0)([61]14,57,3)([62]5,11,2)([63]8,55,3)([64]45,10,7)([65]52,9,6)([66]63,52,7)([67]7,60,6)([68]26,49,6)([69]65,54,3)([70]58,56,5)([71]52,63,7)([72]8,50,7)([73]49,68,7)([74]39,49,0)([75]17,32,4)([76]22,20,5)([77]71,18,1)([78]75,20,4)([79]37,42,6)([80]66,70,5)([81]69,70,2)([82]2,74,3)([83]14,12,6)([84]72,31,4)([85]30,73,6)([86]25,20,2)(81)
evaluations: 31156414
first invidual area: 144.31
{7,1,80,1,2,1,8}([7]2,1,5)([8]5,1,5)([9]6,1,2)([10]3,5,7)([11]7,0,4)([12]9,3,4)([13]0,12,2)([14]11,2,5)([15]1,6,4)([16]6,11,6)([17]5,13,3)([18]11,17,0)([19]10,12,4)([20]8,7,4)([21]1,17,4)([22]8,20,2)([23]10,21,7)([24]15,12,7)([25]20,24,2)([26]24,19,5)([27]21,7,1)([28]5,19,1)([29]26,4,2)([30]2,27,3)([31]10,27,6)([32]6,4,3)([33]15,30,4)([34]0,32,5)([35]11,32,2)([36]17,15,5)([37]29,25,6)([38]3,12,4)([39]33,34,5)([40]35,11,6)([41]1,0,5)([42]29,15,7)([43]23,18,2)([44]2,39,0)([45]3,43,4)([46]45,39,7)([47]35,31,2)([48]14,33,2)([49]22,24,1)([50]18,32,0)([51]31,7,0)([52]26,26,6)([53]43,42,4)([54]47,17,7)([55]6,52,1)([56]37,48,3)([57]31,44,1)([58]46,47,3)([59]23,34,0)([60]41,7,6)([61]16,22,3)([62]58,61,1)([63]22,9,6)([64]57,28,1)([65]46,61,0)([66]64,37,7)([67]3,3,7)([68]61,12,7)([69]63,53,3)([70]58,56,5)([71]18,52,2)([72]36,5,7)([73]34,31,0)([74]12,18,6)([75]2,27,3)([76]18,44,2)([77]66,75,7)([78]71,52,0)([79]1,2,6)([80]58,53,0)([81]10,4,4)([82]4,46,0)([83]29,43,5)([84]70,69,2)([85]64,37,2)([86]51,41,6)(84)
optimized area: 124.61
time: 1154958 ms
seed: 1636312040
{7,1,80,1,2,1,8}([7]2,5,6)([8]6,6,4)([9]3,0,7)([10]0,1,5)([11]5,1,6)([12]2,5,7)([13]3,12,2)([14]9,5,7)([15]5,12,0)([16]4,1,5)([17]12,10,5)([18]2,3,5)([19]11,18,3)([20]0,13,2)([21]20,19,0)([22]2,4,2)([23]18,7,3)([24]16,17,2)([25]1,6,5)([26]24,11,6)([27]2,7,7)([28]19,24,5)([29]5,26,3)([30]10,9,5)([31]6,21,1)([32]30,14,5)([33]5,21,6)([34]23,27,5)([35]31,8,6)([36]35,28,4)([37]35,27,2)([38]9,27,4)([39]7,34,5)([40]28,9,5)([41]39,2,5)([42]1,26,4)([43]18,16,7)([44]40,14,0)([45]41,2,2)([46]36,39,4)([47]36,38,7)([48]0,22,4)([49]30,2,3)([50]40,20,3)([51]42,0,3)([52]20,4,7)([53]11,0,2)([54]51,47,2)([55]52,35,2)([56]6,52,3)([57]56,32,7)([58]9,6,7)([59]29,35,7)([60]18,1,1)([61]28,48,2)([62]21,8,0)([63]17,60,2)([64]42,63,0)([65]10,64,1)([66]58,41,5)([67]51,51,0)([68]27,53,0)([69]24,22,5)([70]36,5,5)([71]62,20,7)([72]61,43,7)([73]44,63,6)([74]43,18,6)([75]40,1,5)([76]25,23,7)([77]72,54,3)([78]57,77,5)([79]74,55,4)([80]49,14,4)([81]41,55,5)([82]45,6,1)([83]59,78,4)([84]2,26,3)([85]7,15,2)([86]44,79,3)(83)
evaluations: 35003390
first invidual area: 126.50
{7,1,80,1,2,1,8}([7]0,1,5)([8]3,2,5)([9]2,4,5)([10]5,1,6)([11]3,0,7)([12]5,2,7)([13]2,4,5)([14]5,11,7)([15]8,13,7)([16]4,1,5)([17]12,7,5)([18]11,3,2)([19]5,17,3)([20]7,3,3)([21]17,8,7)([22]11,7,5)([23]8,16,4)([24]17,16,2)([25]12,18,5)([26]10,24,6)([27]22,18,5)([28]24,27,5)([29]1,2,4)([30]24,5,1)([31]9,12,4)([32]13,6,6)([33]21,31,3)([34]2,12,5)([35]9,6,3)([36]14,6,4)([37]32,21,5)([38]28,36,4)([39]5,32,3)([40]19,13,0)([41]31,35,5)([42]34,37,7)([43]30,4,0)([44]26,5,6)([45]23,32,0)([46]1,26,4)([47]38,34,7)([48]14,22,5)([49]33,1,2)([50]13,0,7)([51]46,0,3)([52]25,4,4)([53]45,4,1)([54]51,47,2)([55]4,16,4)([56]6,52,6)([57]10,2,7)([58]38,11,0)([59]20,19,7)([60]49,25,6)([61]50,28,5)([62]28,54,1)([63]4,31,5)([64]39,4,7)([65]52,15,4)([66]27,39,5)([67]54,56,0)([68]56,31,0)([69]41,56,0)([70]56,48,4)([71]40,54,2)([72]61,45,7)([73]56,54,2)([74]44,6,4)([75]70,38,1)([76]75,73,5)([77]72,67,3)([78]70,77,5)([79]63,17,5)([80]41,47,0)([81]52,37,0)([82]53,45,5)([83]74,78,4)([84]35,79,6)([85]73,34,4)([86]51,0,5)(83)
optimized area: 111.03
time: 1114141 ms
seed: 1636328308
{7,1,80,1,2,1,8}([7]1,4,2)([8]6,1,7)([9]7,0,4)([10]5,1,5)([11]7,6,2)([12]9,8,2)([13]2,4,7)([14]10,4,6)([15]10,12,5)([16]3,2,0)([17]14,15,5)([18]6,13,3)([19]14,2,4)([20]0,1,7)([21]5,4,5)([22]5,11,3)([23]7,1,7)([24]3,9,4)([25]12,19,3)([26]18,4,3)([27]14,0,7)([28]9,27,1)([29]24,6,4)([30]6,12,1)([31]20,22,6)([32]29,27,6)([33]18,32,4)([34]19,31,4)([35]20,27,0)([36]29,22,4)([37]34,30,0)([38]15,36,2)([39]6,11,1)([40]36,25,7)([41]7,31,4)([42]38,28,3)([43]13,14,6)([44]6,21,4)([45]37,40,2)([46]4,44,2)([47]33,45,5)([48]47,24,7)([49]39,11,4)([50]35,38,2)([51]50,48,4)([52]13,51,0)([53]39,10,5)([54]25,30,5)([55]42,20,6)([56]36,49,6)([57]40,21,6)([58]51,26,5)([59]11,52,7)([60]57,47,4)([61]42,11,7)([62]39,9,6)([63]21,45,6)([64]59,32,5)([65]49,9,6)([66]0,7,1)([67]62,28,6)([68]53,43,6)([69]65,68,1)([70]32,6,7)([71]13,19,5)([72]60,64,2)([73]0,50,3)([74]28,67,4)([75]69,69,3)([76]4,58,0)([77]52,21,5)([78]54,36,2)([79]26,7,0)([80]42,32,2)([81]72,24,3)([82]31,76,0)([83]69,51,4)([84]81,58,5)([85]46,19,0)([86]4,35,2)(84)
evaluations: 10150130
first invidual area: 125.57
{7,1,80,1,2,1,8}([7]1,4,2)([8]5,1,5)([9]7,0,4)([10]7,3,2)([11]1,6,7)([12]11,9,2)([13]1,11,5)([14]10,12,3)([15]11,7,2)([16]2,4,7)([17]8,16,3)([18]6,16,3)([19]12,2,3)([20]1,0,7)([21]3,9,5)([22]15,5,3)([23]17,19,4)([24]9,3,4)([25]17,7,6)([26]21,10,6)([27]17,0,4)([28]4,5,5)([29]24,6,4)([30]7,15,2)([31]17,30,3)([32]27,29,6)([33]18,32,4)([34]0,23,1)([35]8,34,5)([36]22,29,4)([37]21,7,7)([38]9,33,0)([39]32,32,1)([40]19,36,7)([41]30,11,4)([42]22,20,3)([43]28,40,3)([44]2,42,7)([45]40,44,2)([46]42,29,1)([47]33,45,5)([48]47,24,5)([49]36,20,5)([50]12,49,3)([51]25,5,5)([52]48,50,4)([53]14,23,2)([54]36,41,5)([55]32,48,2)([56]20,33,5)([57]49,42,0)([58]36,8,7)([59]31,58,1)([60]43,47,2)([61]18,4,3)([62]34,44,7)([63]29,0,0)([64]33,32,5)([65]20,39,0)([66]24,12,5)([67]38,3,7)([68]61,60,7)([69]38,6,6)([70]32,10,6)([71]12,49,3)([72]64,60,2)([73]12,8,5)([74]52,61,5)([75]64,8,5)([76]58,4,1)([77]16,18,6)([78]61,27,3)([79]47,16,0)([80]50,51,5)([81]72,24,3)([82]53,65,4)([83]74,81,5)([84]66,48,7)([85]29,65,6)([86]19,24,7)(83)
optimized area: 108.68
time: 1325576 ms
