seed: 1633854209
{7,1,80,1,2,1,8}([7]3,4,6)([8]3,2,6)([9]8,3,6)([10]9,0,4)([11]10,8,2)([12]8,2,4)([13]0,3,5)([14]1,3,7)([15]12,13,7)([16]6,0,7)([17]3,11,1)([18]5,11,7)([19]1,16,1)([20]0,18,6)([21]1,18,5)([22]16,20,4)([23]20,5,6)([24]13,5,7)([25]16,15,5)([26]8,22,6)([27]7,15,4)([28]6,5,3)([29]27,22,0)([30]6,2,0)([31]8,7,6)([32]4,1,4)([33]14,19,0)([34]27,19,6)([35]30,21,2)([36]5,0,6)([37]12,35,3)([38]0,17,6)([39]29,35,7)([40]27,33,7)([41]25,32,7)([42]29,22,7)([43]28,3,6)([44]1,41,6)([45]28,40,6)([46]24,4,4)([47]27,9,7)([48]14,1,2)([49]44,26,2)([50]41,37,4)([51]49,45,6)([52]22,24,7)([53]39,46,3)([54]1,35,3)([55]45,54,1)([56]42,32,1)([57]35,39,5)([58]49,22,4)([59]58,10,5)([60]56,35,3)([61]39,14,5)([62]53,32,1)([63]1,11,7)([64]61,51,5)([65]25,45,7)([66]33,7,6)([67]41,56,0)([68]54,61,3)([69]64,65,4)([70]17,14,1)([71]50,69,3)([72]53,59,7)([73]7,8,7)([74]71,72,2)([75]21,10,6)([76]74,42,2)([77]29,25,6)([78]30,65,2)([79]67,18,2)([80]67,48,4)([81]80,38,2)([82]18,55,6)([83]59,20,1)([84]20,8,7)([85]43,49,2)([86]44,82,6)(74)
evaluations: 27177932
first invidual area: 137.77
{7,1,80,1,2,1,8}([7]1,3,7)([8]3,2,6)([9]8,3,6)([10]0,9,4)([11]10,8,5)([12]8,2,3)([13]0,3,5)([14]5,11,4)([15]12,13,7)([16]6,0,7)([17]0,4,0)([18]9,5,5)([19]13,11,0)([20]7,4,0)([21]14,1,5)([22]14,7,4)([23]10,18,2)([24]13,4,4)([25]16,15,5)([26]3,4,3)([27]17,18,6)([28]12,26,3)([29]1,25,7)([30]8,12,6)([31]18,16,7)([32]26,15,5)([33]3,22,4)([34]8,19,2)([35]21,6,5)([36]5,13,7)([37]1,23,7)([38]26,15,4)([39]32,35,7)([40]28,21,5)([41]4,29,4)([42]38,2,4)([43]40,39,6)([44]41,1,6)([45]6,5,6)([46]36,4,4)([47]38,15,5)([48]6,12,6)([49]44,11,2)([50]41,48,7)([51]45,44,6)([52]1,32,1)([53]39,46,3)([54]10,37,3)([55]50,6,5)([56]35,14,6)([57]31,49,3)([58]8,28,6)([59]57,10,5)([60]52,13,1)([61]39,7,5)([62]7,9,1)([63]60,20,3)([64]61,51,5)([65]25,45,4)([66]54,23,1)([67]34,41,4)([68]65,64,7)([69]66,11,5)([70]0,26,4)([71]50,68,3)([72]53,59,7)([73]66,18,2)([74]71,72,2)([75]57,70,3)([76]50,6,0)([77]5,75,2)([78]71,13,1)([79]41,70,0)([80]59,9,7)([81]27,42,0)([82]80,40,7)([83]4,42,4)([84]43,77,7)([85]33,28,7)([86]3,1,3)(74)
optimized area: 119.47
time: 610174 ms
seed: 1633941027
{7,1,80,1,2,1,8}([7]4,0,2)([8]3,1,5)([9]4,8,7)([10]5,7,3)([11]0,1,7)([12]11,5,7)([13]1,4,4)([14]3,9,4)([15]0,2,4)([16]9,0,5)([17]8,6,7)([18]1,3,6)([19]15,17,7)([20]12,13,3)([21]14,10,4)([22]15,3,3)([23]19,9,6)([24]2,21,7)([25]19,14,0)([26]5,16,5)([27]11,1,6)([28]6,23,3)([29]12,15,2)([30]18,28,6)([31]17,24,4)([32]23,16,1)([33]31,29,1)([34]5,7,6)([35]19,34,7)([36]30,20,2)([37]27,24,4)([38]37,22,3)([39]37,0,3)([40]7,17,4)([41]5,38,3)([42]28,0,6)([43]36,35,6)([44]31,19,2)([45]41,33,6)([46]38,43,5)([47]16,33,5)([48]26,13,1)([49]35,37,2)([50]47,28,0)([51]11,29,4)([52]1,18,6)([53]29,47,2)([54]13,36,3)([55]45,42,0)([56]43,53,4)([57]41,36,6)([58]28,53,5)([59]49,57,3)([60]8,46,4)([61]31,52,6)([62]54,42,7)([63]43,16,0)([64]61,61,6)([65]38,56,2)([66]29,57,5)([67]65,47,0)([68]13,19,5)([69]23,10,7)([70]14,25,2)([71]1,11,4)([72]29,69,0)([73]51,36,6)([74]59,62,6)([75]59,7,0)([76]23,29,2)([77]58,73,4)([78]45,6,2)([79]0,58,1)([80]13,77,2)([81]74,67,6)([82]25,58,6)([83]53,19,4)([84]36,49,3)([85]51,37,2)([86]30,24,1)(81)
evaluations: 18062527
first invidual area: 133.52
{7,1,80,1,2,1,8}([7]0,4,2)([8]1,3,5)([9]4,8,7)([10]7,5,6)([11]0,1,7)([12]11,5,7)([13]1,4,4)([14]6,0,5)([15]0,2,4)([16]8,15,4)([17]10,3,7)([18]1,3,6)([19]6,16,4)([20]9,2,7)([21]11,12,0)([22]12,13,3)([23]17,19,0)([24]20,23,4)([25]19,9,6)([26]7,5,1)([27]3,15,3)([28]25,6,3)([29]11,12,2)([30]28,18,6)([31]27,30,6)([32]12,15,2)([33]1,21,6)([34]7,14,5)([35]19,10,7)([36]30,22,2)([37]33,24,4)([38]27,25,1)([39]27,37,3)([40]27,38,1)([41]36,35,3)([42]19,24,7)([43]5,24,6)([44]13,36,6)([45]0,28,6)([46]32,0,0)([47]26,42,5)([48]21,32,3)([49]26,23,4)([50]37,23,7)([51]32,25,5)([52]46,28,6)([53]32,47,5)([54]37,35,2)([55]9,23,4)([56]41,53,4)([57]45,44,4)([58]12,41,6)([59]58,54,3)([60]48,58,4)([61]43,58,6)([62]2,52,6)([63]60,8,6)([64]15,40,2)([65]56,39,2)([66]55,6,1)([67]26,22,3)([68]60,50,1)([69]35,11,7)([70]36,22,6)([71]57,59,6)([72]70,39,1)([73]70,20,5)([74]9,39,1)([75]50,59,6)([76]1,13,4)([77]76,34,1)([78]13,77,1)([79]13,42,1)([80]29,27,4)([81]71,65,6)([82]51,57,2)([83]79,36,4)([84]13,64,1)([85]7,52,4)([86]6,10,6)(81)
optimized area: 126.50
time: 647792 ms
seed: 1633968807
NOT FOUND
time: 523397 ms
seed: 1633991679
{7,1,80,1,2,1,8}([7]3,6,7)([8]7,5,5)([9]2,2,4)([10]3,1,2)([11]1,5,2)([12]10,0,6)([13]1,4,7)([14]12,13,3)([15]7,2,4)([16]14,5,2)([17]14,8,5)([18]6,15,7)([19]4,5,6)([20]16,15,2)([21]20,13,7)([22]20,7,6)([23]10,21,6)([24]0,22,4)([25]23,5,7)([26]18,10,7)([27]15,6,4)([28]7,19,3)([29]2,27,2)([30]17,29,3)([31]1,29,3)([32]31,28,2)([33]22,0,3)([34]24,25,4)([35]22,17,3)([36]6,11,5)([37]2,34,5)([38]7,23,4)([39]37,27,3)([40]30,38,2)([41]32,12,6)([42]33,40,7)([43]26,6,4)([44]17,25,2)([45]40,41,4)([46]37,4,2)([47]43,15,4)([48]17,14,4)([49]11,34,5)([50]25,43,3)([51]48,6,3)([52]19,26,7)([53]26,14,5)([54]39,49,4)([55]10,5,2)([56]54,52,6)([57]19,18,5)([58]25,13,6)([59]42,56,6)([60]2,42,6)([61]17,42,3)([62]48,22,1)([63]58,8,4)([64]57,31,2)([65]43,64,0)([66]20,29,0)([67]56,57,7)([68]53,39,7)([69]2,37,2)([70]46,44,5)([71]40,60,6)([72]45,53,3)([73]21,51,7)([74]48,68,1)([75]59,72,7)([76]24,16,3)([77]56,57,5)([78]8,65,2)([79]75,70,2)([80]15,47,4)([81]35,43,5)([82]70,38,2)([83]25,54,1)([84]33,10,3)([85]83,34,7)([86]73,34,4)(79)
evaluations: 23657572
first invidual area: 142.42
{7,1,80,1,2,1,8}([7]6,3,7)([8]1,1,3)([9]5,7,5)([10]3,8,2)([11]2,1,3)([12]0,10,6)([13]4,8,7)([14]12,13,3)([15]7,2,4)([16]5,14,2)([17]14,9,5)([18]10,15,7)([19]4,5,6)([20]15,16,2)([21]20,13,7)([22]20,7,6)([23]21,10,6)([24]0,7,7)([25]23,5,7)([26]6,18,7)([27]8,1,1)([28]7,19,3)([29]2,3,2)([30]29,17,3)([31]29,21,0)([32]11,28,2)([33]0,22,6)([34]24,25,4)([35]23,7,4)([36]25,17,2)([37]2,34,5)([38]37,0,0)([39]3,38,3)([40]30,35,2)([41]32,12,3)([42]40,33,4)([43]28,6,3)([44]29,38,7)([45]5,11,2)([46]38,4,2)([47]29,12,3)([48]47,30,7)([49]14,26,5)([50]6,40,5)([51]34,45,5)([52]26,19,7)([53]29,19,3)([54]39,51,5)([55]13,21,5)([56]54,52,6)([57]41,40,7)([58]53,36,5)([59]2,51,4)([60]19,38,0)([61]29,54,5)([62]19,14,4)([63]32,16,2)([64]38,15,7)([65]4,6,7)([66]17,54,3)([67]29,19,3)([68]7,59,2)([69]6,55,1)([70]46,36,5)([71]57,49,3)([72]56,42,3)([73]10,12,0)([74]19,49,1)([75]72,71,4)([76]19,45,7)([77]68,23,2)([78]75,70,2)([79]3,50,2)([80]64,17,2)([81]37,29,0)([82]30,59,1)([83]31,44,1)([84]9,42,6)([85]26,34,2)([86]59,15,5)(78)
optimized area: 134.91
time: 671303 ms
seed: 1634040649
NOT FOUND
time: 528929 ms
seed: 1634154764
NOT FOUND
time: 523466 ms
seed: 1634202117
NOT FOUND
time: 531284 ms
seed: 1634251113
NOT FOUND
time: 529847 ms
seed: 1634299169
NOT FOUND
time: 533459 ms
seed: 1634339695
NOT FOUND
time: 524151 ms
seed: 1634388587
NOT FOUND
time: 530515 ms
seed: 1634437619
NOT FOUND
time: 530370 ms
seed: 1634497903
NOT FOUND
time: 519466 ms
seed: 1634597081
NOT FOUND
time: 526351 ms
seed: 1634645849
{7,1,80,1,2,1,8}([7]3,5,4)([8]1,1,5)([9]4,5,4)([10]4,7,3)([11]2,4,7)([12]7,11,3)([13]12,6,5)([14]0,13,7)([15]0,3,2)([16]7,13,4)([17]0,2,4)([18]3,17,7)([19]4,8,7)([20]6,16,3)([21]14,9,1)([22]17,0,5)([23]22,19,1)([24]19,14,5)([25]6,10,4)([26]8,23,7)([27]25,18,7)([28]2,14,0)([29]28,22,3)([30]3,1,4)([31]11,8,4)([32]24,8,0)([33]25,28,6)([34]4,21,6)([35]29,9,4)([36]7,18,5)([37]20,36,4)([38]15,35,3)([39]4,6,2)([40]9,33,7)([41]32,39,3)([42]36,17,6)([43]31,20,3)([44]30,40,2)([45]26,35,4)([46]17,43,4)([47]7,6,2)([48]37,28,3)([49]25,28,2)([50]25,16,3)([51]3,4,4)([52]44,50,4)([53]17,48,4)([54]53,51,7)([55]38,27,5)([56]41,55,7)([57]54,1,5)([58]38,2,6)([59]29,49,0)([60]21,52,3)([61]9,59,2)([62]44,27,3)([63]7,6,4)([64]46,17,2)([65]35,51,3)([66]18,24,0)([67]10,57,7)([68]31,44,0)([69]10,22,5)([70]3,11,4)([71]49,55,1)([72]57,46,0)([73]50,72,0)([74]41,17,5)([75]60,46,4)([76]46,2,4)([77]67,75,5)([78]22,60,2)([79]58,57,4)([80]30,64,0)([81]73,6,4)([82]61,21,5)([83]81,66,7)([84]56,77,2)([85]46,76,4)([86]45,23,3)(84)
evaluations: 9450861
first invidual area: 159.33
{7,1,80,1,2,1,8}([7]3,5,4)([8]4,1,4)([9]3,1,4)([10]7,4,3)([11]2,4,7)([12]11,7,3)([13]6,12,5)([14]13,0,7)([15]3,0,2)([16]7,13,5)([17]0,2,4)([18]15,7,2)([19]16,18,7)([20]17,0,5)([21]6,10,7)([22]13,7,3)([23]3,17,4)([24]8,2,4)([25]2,0,6)([26]8,14,5)([27]23,21,7)([28]5,11,4)([29]14,3,1)([30]16,4,4)([31]27,15,0)([32]12,19,2)([33]0,1,6)([34]33,2,7)([35]28,25,7)([36]35,10,1)([37]8,14,5)([38]15,35,3)([39]16,24,3)([40]2,35,7)([41]26,33,6)([42]32,0,3)([43]20,2,2)([44]9,40,5)([45]20,5,4)([46]45,19,0)([47]31,38,5)([48]2,19,3)([49]5,2,7)([50]20,8,5)([51]46,40,4)([52]14,38,2)([53]8,23,4)([54]21,11,1)([55]44,22,7)([56]41,47,4)([57]22,24,6)([58]48,53,4)([59]28,14,0)([60]3,3,1)([61]6,11,3)([62]39,17,7)([63]1,58,5)([64]29,55,3)([65]4,29,3)([66]59,6,2)([67]10,63,7)([68]62,13,4)([69]15,26,4)([70]31,56,0)([71]45,13,1)([72]27,37,5)([73]15,72,4)([74]59,48,6)([75]64,62,7)([76]22,17,4)([77]67,75,5)([78]20,9,3)([79]20,48,4)([80]11,38,0)([81]21,45,7)([82]4,14,6)([83]24,8,5)([84]56,77,2)([85]54,69,6)([86]66,6,1)(84)
optimized area: 143.40
time: 659511 ms
seed: 1634693407
{7,1,80,1,2,1,8}([7]1,4,4)([8]5,3,3)([9]8,1,1)([10]9,2,4)([11]6,1,4)([12]1,11,3)([13]6,3,3)([14]1,5,4)([15]13,0,7)([16]5,6,4)([17]4,12,4)([18]12,2,5)([19]15,11,4)([20]3,18,7)([21]3,15,7)([22]17,15,3)([23]10,22,1)([24]14,22,7)([25]14,15,0)([26]3,14,5)([27]10,26,2)([28]4,3,3)([29]24,6,6)([30]21,4,6)([31]4,29,7)([32]30,19,3)([33]27,29,4)([34]17,16,6)([35]20,19,2)([36]31,22,6)([37]20,4,5)([38]18,3,6)([39]36,27,4)([40]38,27,2)([41]26,21,2)([42]32,7,5)([43]34,41,6)([44]18,10,7)([45]41,40,4)([46]35,5,7)([47]5,23,6)([48]38,21,1)([49]17,3,3)([50]16,5,7)([51]11,37,5)([52]31,2,7)([53]51,45,5)([54]42,51,4)([55]2,33,0)([56]46,33,6)([57]39,45,6)([58]49,43,7)([59]42,12,2)([60]49,41,6)([61]11,54,1)([62]50,31,4)([63]54,53,2)([64]26,36,4)([65]55,57,5)([66]63,56,2)([67]20,44,7)([68]37,16,6)([69]27,34,6)([70]28,57,0)([71]67,23,3)([72]58,65,4)([73]28,24,5)([74]67,63,7)([75]15,12,6)([76]60,51,0)([77]66,72,7)([78]29,10,0)([79]20,60,5)([80]14,66,3)([81]43,42,6)([82]62,55,6)([83]49,34,1)([84]47,29,0)([85]69,74,2)([86]25,76,0)(77)
evaluations: 24358292
first invidual area: 155.09
{7,1,80,1,2,1,8}([7]1,5,4)([8]5,3,3)([9]8,2,2)([10]1,4,4)([11]6,1,4)([12]11,1,3)([13]12,2,5)([14]6,3,6)([15]14,0,4)([16]5,6,4)([17]12,4,4)([18]6,1,0)([19]15,11,4)([20]3,13,7)([21]3,15,7)([22]17,15,3)([23]20,19,3)([24]14,0,7)([25]14,19,2)([26]3,7,5)([27]26,9,2)([28]19,20,5)([29]25,18,6)([30]29,12,2)([31]19,11,6)([32]28,12,6)([33]27,29,4)([34]17,16,6)([35]27,20,5)([36]30,22,3)([37]23,10,5)([38]20,4,5)([39]36,27,7)([40]4,36,6)([41]21,26,2)([42]35,31,0)([43]34,41,3)([44]34,6,7)([45]41,42,7)([46]28,5,4)([47]3,17,6)([48]45,39,6)([49]43,16,5)([50]47,46,0)([51]38,11,5)([52]49,11,6)([53]51,43,5)([54]37,51,4)([55]42,43,6)([56]46,33,6)([57]1,28,7)([58]43,50,4)([59]5,58,4)([60]0,18,6)([61]46,58,4)([62]8,6,4)([63]54,53,2)([64]16,11,0)([65]2,48,5)([66]63,56,5)([67]35,22,2)([68]52,19,4)([69]59,64,7)([70]6,21,4)([71]4,66,5)([72]58,65,7)([73]49,35,7)([74]19,62,6)([75]9,6,7)([76]36,34,7)([77]66,72,4)([78]19,60,1)([79]73,4,0)([80]67,13,7)([81]11,74,3)([82]62,13,6)([83]66,62,3)([84]83,39,1)([85]78,30,5)([86]48,1,4)(77)
optimized area: 140.55
time: 979137 ms
seed: 1634770963
{7,1,80,1,2,1,8}([7]4,2,7)([8]2,1,2)([9]0,6,7)([10]5,4,4)([11]0,3,7)([12]3,10,7)([13]12,4,3)([14]4,10,0)([15]3,8,3)([16]7,8,3)([17]11,13,7)([18]13,9,2)([19]9,12,4)([20]17,6,3)([21]17,1,2)([22]21,2,4)([23]18,16,7)([24]15,23,6)([25]24,11,7)([26]18,21,5)([27]20,10,4)([28]21,22,7)([29]22,9,3)([30]25,29,4)([31]10,28,7)([32]18,23,5)([33]27,2,6)([34]33,25,2)([35]15,30,4)([36]32,20,6)([37]8,3,1)([38]10,24,4)([39]1,16,4)([40]26,39,4)([41]36,40,6)([42]24,34,4)([43]33,26,5)([44]31,19,2)([45]32,0,5)([46]35,41,7)([47]46,44,7)([48]30,38,2)([49]45,46,2)([50]48,43,2)([51]50,9,2)([52]22,17,4)([53]23,43,3)([54]35,51,7)([55]8,45,7)([56]41,26,2)([57]5,35,1)([58]56,24,0)([59]42,41,3)([60]42,54,4)([61]30,28,0)([62]38,45,2)([63]5,19,5)([64]26,57,4)([65]34,19,7)([66]60,47,3)([67]25,54,1)([68]47,30,3)([69]44,42,7)([70]32,3,5)([71]59,69,4)([72]22,48,4)([73]9,50,7)([74]1,62,5)([75]35,60,2)([76]75,51,3)([77]26,2,6)([78]32,50,3)([79]17,7,2)([80]30,66,4)([81]4,65,5)([82]34,49,4)([83]28,52,4)([84]21,80,7)([85]78,77,2)([86]82,56,0)(80)
evaluations: 23547368
first invidual area: 160.29
{7,1,80,1,2,1,8}([7]2,4,7)([8]1,2,2)([9]0,6,7)([10]5,4,4)([11]0,3,7)([12]3,10,7)([13]12,4,3)([14]9,12,4)([15]3,8,3)([16]7,8,3)([17]11,13,7)([18]13,9,2)([19]7,5,7)([20]17,6,3)([21]17,1,2)([22]14,19,5)([23]18,16,7)([24]23,15,6)([25]24,11,7)([26]21,18,5)([27]20,10,4)([28]21,2,4)([29]9,28,3)([30]25,29,4)([31]9,30,2)([32]23,11,1)([33]27,2,6)([34]25,33,5)([35]15,30,7)([36]32,30,6)([37]1,26,5)([38]36,32,3)([39]18,22,1)([40]37,16,4)([41]36,40,3)([42]35,14,0)([43]32,37,1)([44]35,13,0)([45]26,19,5)([46]22,41,4)([47]46,42,4)([48]25,27,1)([49]10,24,3)([50]31,49,2)([51]50,45,5)([52]50,21,3)([53]42,24,7)([54]34,51,5)([55]47,24,2)([56]1,19,6)([57]31,15,6)([58]52,53,4)([59]9,30,5)([60]53,54,4)([61]47,33,0)([62]41,3,4)([63]20,4,6)([64]20,51,2)([65]31,52,6)([66]61,60,5)([67]17,22,4)([68]45,65,7)([69]38,10,5)([70]54,61,7)([71]6,41,1)([72]12,5,5)([73]66,1,1)([74]36,41,5)([75]66,30,4)([76]7,67,6)([77]35,62,2)([78]50,7,3)([79]33,49,6)([80]2,69,4)([81]22,53,4)([82]79,81,2)([83]5,82,2)([84]5,32,5)([85]28,83,7)([86]11,67,1)(75)
optimized area: 145.26
time: 1254269 ms
seed: 1634836307
{7,1,80,1,2,1,8}([7]6,1,6)([8]4,7,2)([9]2,0,4)([10]3,6,4)([11]7,9,2)([12]8,2,7)([13]4,7,4)([14]6,5,3)([15]4,10,4)([16]4,2,7)([17]3,1,2)([18]16,9,2)([19]2,18,5)([20]10,6,6)([21]14,7,3)([22]14,18,1)([23]7,17,6)([24]5,16,4)([25]20,3,7)([26]18,1,3)([27]24,0,1)([28]25,12,6)([29]8,20,2)([30]15,5,4)([31]2,14,4)([32]20,19,3)([33]28,24,6)([34]0,7,4)([35]11,17,5)([36]22,31,2)([37]30,31,5)([38]32,4,5)([39]32,31,3)([40]1,22,0)([41]29,27,7)([42]37,13,5)([43]15,33,7)([44]42,0,2)([45]44,19,4)([46]13,25,7)([47]25,21,3)([48]44,46,4)([49]33,44,0)([50]21,37,4)([51]23,36,6)([52]34,12,4)([53]49,49,7)([54]41,52,3)([55]6,16,5)([56]51,43,3)([57]35,17,4)([58]26,39,4)([59]55,41,5)([60]50,16,7)([61]22,59,3)([62]59,0,7)([63]12,19,4)([64]46,24,4)([65]10,49,7)([66]58,11,7)([67]54,48,2)([68]65,66,4)([69]24,30,2)([70]46,62,5)([71]56,68,2)([72]54,3,0)([73]71,70,2)([74]39,44,0)([75]5,26,2)([76]73,64,3)([77]33,72,7)([78]73,67,4)([79]22,17,4)([80]58,3,7)([81]39,32,5)([82]45,22,0)([83]26,59,1)([84]47,81,2)([85]53,53,6)([86]48,65,5)(78)
evaluations: 19634853
first invidual area: 168.68
{7,1,80,1,2,1,8}([7]1,6,6)([8]1,3,2)([9]0,2,4)([10]3,6,4)([11]7,9,5)([12]11,2,5)([13]7,4,4)([14]6,5,3)([15]10,4,4)([16]2,4,7)([17]4,15,5)([18]9,16,2)([19]2,18,5)([20]8,9,7)([21]8,13,0)([22]10,16,5)([23]10,4,1)([24]5,16,4)([25]3,23,6)([26]4,11,2)([27]21,7,6)([28]14,0,6)([29]24,2,1)([30]12,25,6)([31]9,14,7)([32]7,13,5)([33]24,30,6)([34]15,16,4)([35]34,8,7)([36]0,24,0)([37]33,15,7)([38]4,1,1)([39]28,19,3)([40]31,22,5)([41]17,24,2)([42]40,13,5)([43]36,6,1)([44]36,42,5)([45]32,9,4)([46]13,25,7)([47]27,16,5)([48]44,46,7)([49]37,35,2)([50]1,18,3)([51]28,27,6)([52]47,34,0)([53]15,34,0)([54]41,45,3)([55]41,34,6)([56]37,51,3)([57]26,4,3)([58]39,50,5)([59]47,41,5)([60]21,53,1)([61]16,55,5)([62]59,36,7)([63]20,14,3)([64]14,16,1)([65]58,33,7)([66]11,65,7)([67]54,48,5)([68]10,66,7)([69]39,14,4)([70]46,62,5)([71]56,68,2)([72]21,68,3)([73]71,70,5)([74]24,20,5)([75]52,44,4)([76]37,29,5)([77]27,38,5)([78]73,67,4)([79]70,68,4)([80]73,51,6)([81]56,6,6)([82]20,42,5)([83]44,20,3)([84]24,28,4)([85]62,3,1)([86]21,4,7)(78)
optimized area: 141.93
time: 1192653 ms
seed: 1635090940
NOT FOUND
time: 985279 ms
seed: 1635123999
{7,1,80,1,2,1,8}([7]6,0,7)([8]3,0,3)([9]3,2,5)([10]1,8,6)([11]9,10,1)([12]7,5,6)([13]11,8,7)([14]1,4,4)([15]1,14,5)([16]2,14,3)([17]10,4,7)([18]6,4,2)([19]5,13,4)([20]2,0,7)([21]0,20,0)([22]18,11,7)([23]19,16,6)([24]7,16,4)([25]18,4,4)([26]6,21,6)([27]7,9,7)([28]9,25,3)([29]14,12,5)([30]23,17,6)([31]0,14,1)([32]15,22,4)([33]3,32,4)([34]10,2,7)([35]25,4,2)([36]11,35,0)([37]7,19,5)([38]15,30,4)([39]26,22,1)([40]28,3,2)([41]38,29,7)([42]12,39,7)([43]30,24,2)([44]13,8,0)([45]6,40,4)([46]33,43,3)([47]1,42,6)([48]46,37,5)([49]25,13,7)([50]4,27,7)([51]7,4,4)([52]37,47,4)([53]42,27,6)([54]45,4,5)([55]20,33,5)([56]37,24,4)([57]5,34,2)([58]22,49,4)([59]27,20,5)([60]2,21,2)([61]43,28,2)([62]1,58,6)([63]16,53,0)([64]40,31,7)([65]25,23,5)([66]53,48,3)([67]30,35,3)([68]39,43,5)([69]59,66,2)([70]10,36,3)([71]3,35,5)([72]54,52,6)([73]20,42,6)([74]72,55,2)([75]37,41,2)([76]9,14,1)([77]64,40,7)([78]68,62,6)([79]74,42,2)([80]45,8,7)([81]42,16,0)([82]69,75,7)([83]52,24,0)([84]82,74,4)([85]68,42,3)([86]66,33,7)(84)
evaluations: 25131677
first invidual area: 151.33
{7,1,80,1,2,1,8}([7]0,6,7)([8]3,0,3)([9]3,2,5)([10]1,8,6)([11]4,10,7)([12]5,7,6)([13]3,10,6)([14]1,4,4)([15]1,11,5)([16]14,2,3)([17]9,8,5)([18]6,4,2)([19]17,5,4)([20]2,0,7)([21]9,8,1)([22]20,7,4)([23]19,16,6)([24]16,7,4)([25]14,4,1)([26]6,0,6)([27]7,21,4)([28]0,19,3)([29]20,27,5)([30]23,11,6)([31]18,21,3)([32]15,3,7)([33]1,11,7)([34]31,32,4)([35]3,28,5)([36]6,35,7)([37]7,19,5)([38]27,15,4)([39]14,12,5)([40]4,36,5)([41]15,39,7)([42]12,26,3)([43]41,30,4)([44]24,30,2)([45]19,2,5)([46]44,34,3)([47]1,42,6)([48]16,41,3)([49]34,42,2)([50]35,40,3)([51]35,36,7)([52]37,47,4)([53]42,27,6)([54]51,51,7)([55]2,41,3)([56]9,20,5)([57]6,9,2)([58]28,54,3)([59]13,1,7)([60]15,2,5)([61]28,8,4)([62]46,37,5)([63]56,0,3)([64]26,16,4)([65]47,11,7)([66]53,62,3)([67]20,25,2)([68]19,55,0)([69]29,66,5)([70]28,16,3)([71]46,55,0)([72]52,40,6)([73]12,19,1)([74]72,56,5)([75]37,43,5)([76]58,31,6)([77]56,46,2)([78]23,72,3)([79]56,13,6)([80]62,64,1)([81]57,9,4)([82]69,75,7)([83]58,33,7)([84]82,74,7)([85]31,80,2)([86]75,58,0)(84)
optimized area: 135.84
time: 622105 ms
seed: 1635172889
NOT FOUND
time: 547495 ms
seed: 1635289159
NOT FOUND
time: 992475 ms
seed: 1635446780
NOT FOUND
time: 1008302 ms
seed: 1635554011
NOT FOUND
time: 1002345 ms
seed: 1635604578
NOT FOUND
time: 1075210 ms
seed: 1635652243
NOT FOUND
time: 1065971 ms
seed: 1635700098
NOT FOUND
time: 1064298 ms
seed: 1635747358
{7,1,80,1,2,1,8}([7]0,2,7)([8]4,1,2)([9]0,5,3)([10]3,0,4)([11]9,6,4)([12]1,4,7)([13]3,11,4)([14]6,1,7)([15]11,14,5)([16]3,4,3)([17]16,10,4)([18]16,5,7)([19]0,18,2)([20]15,17,6)([21]13,2,7)([22]4,7,3)([23]13,19,6)([24]15,21,7)([25]6,14,1)([26]12,21,3)([27]19,5,4)([28]22,11,3)([29]23,26,2)([30]24,23,7)([31]21,14,5)([32]15,7,2)([33]31,8,4)([34]19,12,2)([35]23,20,7)([36]32,24,2)([37]36,31,0)([38]0,26,7)([39]37,8,4)([40]35,26,5)([41]28,31,7)([42]32,40,4)([43]9,24,0)([44]4,5,3)([45]43,26,2)([46]30,25,7)([47]35,45,5)([48]33,3,4)([49]24,8,3)([50]4,25,4)([51]24,27,0)([52]46,48,6)([53]21,39,6)([54]39,20,4)([55]44,21,3)([56]22,47,7)([57]29,45,3)([58]54,56,6)([59]24,48,5)([60]8,44,0)([61]34,12,6)([62]26,54,3)([63]44,2,5)([64]34,58,4)([65]16,41,2)([66]6,62,2)([67]44,49,1)([68]42,52,3)([69]1,0,5)([70]56,16,0)([71]30,46,7)([72]2,33,4)([73]65,64,5)([74]11,18,5)([75]47,56,2)([76]13,67,1)([77]47,52,7)([78]73,68,4)([79]39,42,4)([80]3,78,2)([81]17,74,4)([82]53,40,3)([83]28,76,6)([84]39,36,7)([85]57,16,2)([86]29,55,6)(78)
evaluations: 22796052
first invidual area: 153.71
{7,1,80,1,2,1,8}([7]0,2,7)([8]1,4,2)([9]5,0,3)([10]3,0,7)([11]9,6,4)([12]1,4,7)([13]11,3,4)([14]1,6,7)([15]14,11,5)([16]4,3,3)([17]10,16,7)([18]16,5,7)([19]0,18,2)([20]15,17,6)([21]13,2,7)([22]4,7,3)([23]13,19,6)([24]23,6,7)([25]12,19,5)([26]12,21,3)([27]14,10,6)([28]22,11,3)([29]22,5,4)([30]23,20,7)([31]21,14,5)([32]5,24,7)([33]31,8,7)([34]7,18,6)([35]21,27,6)([36]7,21,5)([37]25,18,3)([38]15,24,4)([39]22,36,0)([40]30,26,2)([41]28,31,7)([42]7,15,5)([43]24,42,3)([44]20,0,0)([45]40,20,1)([46]38,21,7)([47]40,9,5)([48]33,3,7)([49]42,40,4)([50]36,8,7)([51]46,33,5)([52]48,46,6)([53]41,13,4)([54]50,20,3)([55]17,29,7)([56]39,47,7)([57]0,33,0)([58]54,56,3)([59]39,30,7)([60]29,46,0)([61]6,54,3)([62]49,52,6)([63]33,0,7)([64]25,58,4)([65]16,64,2)([66]26,64,0)([67]2,52,3)([68]4,56,4)([69]39,20,4)([70]16,12,4)([71]47,6,1)([72]33,53,1)([73]65,41,5)([74]44,51,0)([75]45,10,2)([76]55,25,7)([77]24,19,1)([78]73,62,7)([79]15,8,1)([80]78,73,6)([81]35,46,5)([82]27,71,7)([83]22,50,1)([84]10,47,0)([85]30,51,1)([86]42,78,2)(78)
optimized area: 146.68
time: 1283913 ms
seed: 1635794268
NOT FOUND
time: 1060600 ms
seed: 1635837507
NOT FOUND
time: 1055366 ms
seed: 1635879612
{7,1,80,1,2,1,8}([7]0,6,4)([8]6,2,4)([9]0,5,6)([10]9,3,7)([11]4,1,4)([12]9,2,3)([13]1,0,7)([14]10,8,3)([15]3,7,6)([16]7,10,4)([17]5,4,0)([18]12,14,5)([19]9,13,3)([20]11,17,4)([21]19,8,5)([22]11,15,4)([23]16,13,4)([24]11,14,5)([25]5,1,7)([26]22,23,6)([27]0,3,2)([28]18,8,6)([29]19,2,2)([30]12,26,7)([31]20,30,2)([32]20,29,6)([33]28,27,7)([34]33,30,3)([35]29,9,7)([36]33,22,2)([37]32,27,5)([38]16,33,6)([39]2,27,1)([40]30,6,1)([41]24,25,5)([42]1,33,3)([43]15,27,4)([44]21,31,7)([45]24,16,0)([46]25,36,6)([47]32,18,3)([48]41,20,1)([49]9,20,4)([50]0,34,2)([51]38,21,3)([52]46,34,2)([53]12,23,6)([54]32,23,4)([55]40,2,7)([56]47,29,1)([57]19,11,6)([58]33,23,6)([59]9,27,0)([60]54,51,3)([61]22,18,7)([62]58,25,1)([63]3,38,7)([64]35,33,7)([65]8,32,3)([66]18,11,1)([67]65,17,4)([68]33,56,7)([69]49,60,6)([70]52,69,6)([71]22,23,2)([72]58,48,6)([73]7,41,2)([74]68,24,2)([75]73,44,3)([76]57,26,0)([77]31,74,2)([78]49,32,2)([79]75,74,3)([80]4,14,4)([81]74,43,6)([82]79,70,4)([83]58,26,4)([84]41,81,3)([85]69,63,5)([86]73,61,5)(82)
evaluations: 20949259
first invidual area: 147.11
{7,1,80,1,2,1,8}([7]6,0,4)([8]2,6,4)([9]5,0,6)([10]3,9,7)([11]1,4,4)([12]9,2,3)([13]1,0,7)([14]8,10,3)([15]7,3,6)([16]10,7,7)([17]3,0,2)([18]14,12,5)([19]9,13,3)([20]11,5,4)([21]19,8,5)([22]11,15,4)([23]16,13,7)([24]14,11,5)([25]1,5,7)([26]23,22,3)([27]26,15,7)([28]18,8,6)([29]13,6,2)([30]26,12,4)([31]20,30,5)([32]20,29,6)([33]17,28,6)([34]33,30,3)([35]3,21,6)([36]22,33,2)([37]36,32,6)([38]16,4,0)([39]29,31,4)([40]32,9,1)([41]25,36,6)([42]40,36,6)([43]18,16,6)([44]14,15,3)([45]37,21,3)([46]41,34,5)([47]6,1,6)([48]45,27,0)([49]23,30,4)([50]5,10,5)([51]4,3,6)([52]33,24,1)([53]3,15,5)([54]32,50,0)([55]8,14,1)([56]31,21,4)([57]38,52,6)([58]31,11,2)([59]24,25,5)([60]49,45,3)([61]1,32,3)([62]42,43,6)([63]4,21,5)([64]6,47,3)([65]21,31,4)([66]54,44,1)([67]18,32,3)([68]33,67,4)([69]24,60,3)([70]46,69,5)([71]24,68,2)([72]46,44,6)([73]7,59,2)([74]7,59,7)([75]73,71,3)([76]7,64,1)([77]53,25,2)([78]77,23,4)([79]75,56,6)([80]39,18,6)([81]52,74,2)([82]70,79,4)([83]31,41,7)([84]56,77,1)([85]22,32,1)([86]68,77,6)(82)
optimized area: 137.26
time: 1292406 ms
