seed: 1633873239
NOT FOUND
time: 528600 ms
seed: 1634010991
{7,1,80,1,2,1,8}([7]4,0,4)([8]3,0,6)([9]3,5,6)([10]3,5,7)([11]2,6,4)([12]1,10,3)([13]6,7,7)([14]11,8,7)([15]6,7,3)([16]2,0,7)([17]10,7,3)([18]7,5,2)([19]15,0,5)([20]4,12,7)([21]16,18,1)([22]14,10,2)([23]19,9,7)([24]1,4,4)([25]17,1,0)([26]23,17,5)([27]17,8,5)([28]24,14,5)([29]14,28,2)([30]24,8,4)([31]12,26,3)([32]14,2,5)([33]10,11,6)([34]31,1,7)([35]34,30,3)([36]14,0,1)([37]3,28,4)([38]23,32,5)([39]34,29,4)([40]1,29,6)([41]5,1,3)([42]36,15,2)([43]24,39,2)([44]16,33,7)([45]37,32,6)([46]20,39,2)([47]35,42,7)([48]36,31,7)([49]18,20,4)([50]31,45,7)([51]21,48,2)([52]47,38,5)([53]52,46,4)([54]23,22,4)([55]44,41,5)([56]11,44,7)([57]20,42,6)([58]28,6,7)([59]39,51,7)([60]34,54,7)([61]55,57,5)([62]36,26,4)([63]59,5,5)([64]51,12,0)([65]53,44,7)([66]63,58,4)([67]61,53,5)([68]0,12,0)([69]66,26,2)([70]37,57,0)([71]13,48,6)([72]63,7,6)([73]39,48,7)([74]9,36,1)([75]69,67,3)([76]40,1,3)([77]30,70,7)([78]27,72,2)([79]74,2,2)([80]4,36,2)([81]53,50,6)([82]54,74,4)([83]4,28,6)([84]70,57,4)([85]24,3,5)([86]15,27,7)(75)
evaluations: 18952417
first invidual area: 143.36
{7,1,80,1,2,1,8}([7]5,3,3)([8]0,3,6)([9]0,4,4)([10]3,5,7)([11]6,2,4)([12]10,1,6)([13]10,11,6)([14]8,11,7)([15]6,9,3)([16]2,0,4)([17]4,13,5)([18]15,0,5)([19]9,7,6)([20]4,12,4)([21]12,11,6)([22]14,4,1)([23]7,18,4)([24]20,2,0)([25]4,1,4)([26]23,17,5)([27]7,9,3)([28]25,14,5)([29]28,14,5)([30]4,8,4)([31]26,4,6)([32]1,0,3)([33]20,29,0)([34]1,31,3)([35]30,34,6)([36]3,0,0)([37]2,35,5)([38]37,23,5)([39]34,29,7)([40]8,19,5)([41]6,28,4)([42]22,15,2)([43]16,6,1)([44]16,13,4)([45]22,16,5)([46]20,39,5)([47]35,42,4)([48]33,13,2)([49]15,16,3)([50]7,18,5)([51]21,17,1)([52]47,38,5)([53]52,46,7)([54]32,44,5)([55]0,9,0)([56]33,8,6)([57]45,54,7)([58]28,32,6)([59]39,45,4)([60]42,24,6)([61]54,60,5)([62]32,29,2)([63]5,59,5)([64]50,41,5)([65]59,0,6)([66]41,63,7)([67]61,53,5)([68]53,9,6)([69]66,26,2)([70]43,28,5)([71]58,18,4)([72]49,57,3)([73]16,43,2)([74]51,8,2)([75]34,35,2)([76]72,42,5)([77]1,33,1)([78]74,67,3)([79]22,23,2)([80]3,77,2)([81]67,69,3)([82]66,32,7)([83]60,77,0)([84]2,81,1)([85]43,42,1)([86]8,77,7)(81)
optimized area: 133.04
time: 657819 ms
seed: 1634059703
NOT FOUND
time: 532656 ms
seed: 1634174020
NOT FOUND
time: 529503 ms
seed: 1634221267
{7,1,80,1,2,1,8}([7]4,2,7)([8]6,3,7)([9]5,3,3)([10]7,0,4)([11]4,10,2)([12]10,0,3)([13]9,9,6)([14]0,12,7)([15]14,9,5)([16]9,5,4)([17]12,15,7)([18]17,2,4)([19]3,11,3)([20]4,6,3)([21]18,1,7)([22]18,8,2)([23]14,21,7)([24]0,22,2)([25]12,3,6)([26]25,16,3)([27]3,10,6)([28]23,6,3)([29]5,22,2)([30]12,14,4)([31]26,1,7)([32]6,21,7)([33]12,32,7)([34]19,24,2)([35]28,14,3)([36]27,34,7)([37]5,36,6)([38]25,0,1)([39]33,29,4)([40]1,39,3)([41]33,39,3)([42]41,9,3)([43]3,0,2)([44]4,28,6)([45]19,4,5)([46]31,41,0)([47]35,29,6)([48]0,8,7)([49]45,35,2)([50]49,36,7)([51]45,6,1)([52]50,26,4)([53]44,45,7)([54]39,52,3)([55]41,40,5)([56]55,53,4)([57]47,19,7)([58]56,41,2)([59]13,37,2)([60]27,17,4)([61]53,59,0)([62]25,32,0)([63]41,8,1)([64]62,2,2)([65]28,10,4)([66]56,52,6)([67]66,54,7)([68]13,25,4)([69]54,5,2)([70]28,17,7)([71]42,25,5)([72]58,45,7)([73]72,66,6)([74]6,44,3)([75]48,29,5)([76]52,7,0)([77]62,32,4)([78]43,23,6)([79]70,76,5)([80]70,59,5)([81]66,37,6)([82]8,27,4)([83]65,11,2)([84]68,43,1)([85]79,73,4)([86]4,7,3)(85)
evaluations: 30423351
first invidual area: 148.08
{7,1,80,1,2,1,8}([7]0,0,2)([8]2,4,4)([9]3,5,3)([10]8,7,7)([11]6,3,7)([12]7,10,3)([13]10,4,2)([14]7,8,3)([15]14,9,5)([16]1,9,7)([17]12,15,7)([18]2,17,4)([19]13,3,3)([20]12,3,6)([21]18,14,7)([22]18,11,2)([23]1,21,7)([24]19,7,2)([25]5,9,4)([26]25,20,6)([27]20,24,1)([28]23,6,3)([29]22,5,2)([30]14,23,3)([31]19,10,6)([32]6,23,7)([33]7,32,7)([34]24,22,2)([35]24,11,6)([36]31,34,6)([37]0,13,6)([38]34,1,1)([39]33,29,5)([40]39,1,3)([41]33,29,3)([42]41,37,3)([43]39,22,5)([44]28,31,3)([45]4,19,5)([46]28,32,7)([47]11,42,7)([48]39,2,2)([49]45,30,5)([50]49,36,7)([51]34,31,4)([52]50,26,4)([53]45,44,5)([54]20,38,5)([55]40,41,5)([56]55,53,4)([57]34,31,6)([58]56,41,5)([59]6,22,4)([60]52,56,2)([61]30,14,4)([62]16,34,5)([63]3,27,2)([64]7,20,1)([65]12,1,4)([66]56,52,6)([67]38,43,4)([68]51,57,1)([69]65,28,0)([70]28,17,7)([71]44,19,5)([72]58,45,4)([73]66,72,3)([74]22,47,1)([75]11,18,6)([76]22,26,7)([77]29,62,6)([78]10,59,3)([79]70,52,5)([80]24,60,2)([81]45,59,3)([82]79,11,0)([83]0,60,0)([84]41,23,4)([85]79,73,7)([86]72,37,1)(85)
optimized area: 136.80
time: 719414 ms
seed: 1634318305
NOT FOUND
time: 533216 ms
seed: 1634358836
NOT FOUND
time: 528047 ms
seed: 1634407776
NOT FOUND
time: 531275 ms
seed: 1634456801
{7,1,80,1,2,1,8}([7]5,4,6)([8]1,6,4)([9]2,5,4)([10]3,7,4)([11]1,1,1)([12]2,10,3)([13]11,11,6)([14]8,11,3)([15]9,14,2)([16]15,12,3)([17]15,3,5)([18]2,4,3)([19]9,4,4)([20]5,6,4)([21]17,8,5)([22]11,19,5)([23]8,0,4)([24]21,10,2)([25]16,19,1)([26]5,0,5)([27]2,23,7)([28]19,0,5)([29]2,26,5)([30]29,16,2)([31]27,16,6)([32]9,6,3)([33]30,20,3)([34]22,4,5)([35]10,28,7)([36]0,6,2)([37]28,10,4)([38]24,31,7)([39]34,36,3)([40]24,18,2)([41]34,34,6)([42]26,17,3)([43]28,36,0)([44]4,23,7)([45]33,40,4)([46]29,42,0)([47]26,16,4)([48]45,23,5)([49]44,20,3)([50]47,39,5)([51]38,50,7)([52]1,35,5)([53]11,24,0)([54]22,50,2)([55]18,41,5)([56]3,36,2)([57]52,45,6)([58]24,20,1)([59]25,16,5)([60]45,6,6)([61]45,16,7)([62]52,53,7)([63]27,39,7)([64]27,56,3)([65]34,10,0)([66]64,49,5)([67]32,47,0)([68]51,57,4)([69]53,54,5)([70]59,36,4)([71]23,70,7)([72]34,29,5)([73]55,54,4)([74]38,0,0)([75]71,31,2)([76]50,66,1)([77]33,72,5)([78]63,41,6)([79]19,13,4)([80]66,38,2)([81]6,10,7)([82]52,53,4)([83]5,20,5)([84]7,60,6)([85]80,68,7)([86]25,49,5)(85)
evaluations: 11639647
first invidual area: 132.57
{7,1,80,1,2,1,8}([7]4,5,3)([8]1,6,4)([9]5,2,4)([10]3,7,7)([11]9,4,4)([12]2,10,3)([13]3,9,5)([14]6,1,5)([15]9,14,2)([16]13,14,2)([17]2,6,2)([18]4,2,3)([19]10,4,7)([20]5,6,4)([21]13,8,5)([22]1,9,3)([23]0,8,4)([24]21,10,2)([25]18,24,5)([26]5,0,5)([27]23,2,7)([28]0,11,5)([29]2,26,5)([30]12,15,3)([31]29,30,2)([32]25,4,5)([33]21,22,2)([34]4,22,5)([35]28,10,7)([36]0,6,2)([37]31,33,6)([38]11,1,5)([39]34,36,3)([40]8,0,0)([41]31,20,6)([42]35,27,6)([43]17,0,6)([44]7,26,3)([45]25,41,4)([46]1,35,5)([47]4,36,1)([48]30,26,4)([49]41,31,0)([50]12,22,4)([51]37,1,5)([52]4,23,7)([53]48,39,5)([54]14,41,6)([55]46,45,3)([56]1,4,0)([57]20,52,3)([58]3,46,5)([59]4,43,5)([60]31,37,2)([61]0,46,0)([62]22,61,4)([63]17,18,3)([64]27,17,3)([65]42,24,6)([66]57,64,2)([67]42,7,3)([68]52,24,3)([69]45,59,5)([70]4,62,7)([71]22,31,2)([72]59,0,3)([73]55,53,7)([74]42,45,6)([75]39,57,3)([76]16,14,0)([77]16,6,0)([78]73,17,1)([79]19,76,2)([80]66,65,5)([81]11,79,1)([82]70,6,2)([83]22,60,6)([84]32,0,1)([85]80,73,7)([86]70,16,3)(85)
optimized area: 123.66
time: 637581 ms
seed: 1634517003
NOT FOUND
time: 528999 ms
seed: 1634616182
NOT FOUND
time: 529115 ms
seed: 1635143167
NOT FOUND
time: 530984 ms
seed: 1635192332
NOT FOUND
time: 527376 ms
seed: 1635347105
{7,1,80,1,2,1,8}([7]0,2,4)([8]4,3,3)([9]5,0,2)([10]5,4,3)([11]7,2,1)([12]7,1,2)([13]0,1,1)([14]8,0,2)([15]6,12,7)([16]15,1,7)([17]5,14,3)([18]4,15,6)([19]9,14,7)([20]3,10,4)([21]11,19,7)([22]14,3,7)([23]4,13,4)([24]20,2,4)([25]16,5,4)([26]4,7,6)([27]14,0,2)([28]4,2,6)([29]26,6,4)([30]21,15,6)([31]30,3,4)([32]24,14,0)([33]21,10,4)([34]17,31,6)([35]31,31,7)([36]16,22,2)([37]3,22,7)([38]9,29,4)([39]17,35,7)([40]1,23,7)([41]27,25,5)([42]10,26,0)([43]1,18,5)([44]21,32,2)([45]44,30,0)([46]16,26,0)([47]28,27,2)([48]34,40,4)([49]11,25,4)([50]33,19,6)([51]48,18,3)([52]4,9,4)([53]25,22,6)([54]36,33,0)([55]51,43,7)([56]54,43,4)([57]11,28,4)([58]44,47,3)([59]48,40,2)([60]58,56,5)([61]41,14,4)([62]29,53,6)([63]25,37,7)([64]49,57,6)([65]17,57,7)([66]51,64,4)([67]24,19,5)([68]22,43,1)([69]37,10,1)([70]29,19,6)([71]22,53,3)([72]59,60,4)([73]28,13,7)([74]59,2,3)([75]23,11,4)([76]4,18,1)([77]59,62,3)([78]77,66,3)([79]37,20,1)([80]16,39,1)([81]46,9,2)([82]55,39,1)([83]78,60,4)([84]38,75,6)([85]27,45,7)([86]83,30,7)(86)
evaluations: 19535290
first invidual area: 154.16
{7,1,80,1,2,1,8}([7]2,0,4)([8]1,7,5)([9]4,3,3)([10]5,4,6)([11]0,5,5)([12]1,0,4)([13]2,3,7)([14]0,9,2)([15]8,6,4)([16]1,15,7)([17]4,4,0)([18]15,17,6)([19]11,14,7)([20]18,1,2)([21]7,19,7)([22]14,3,7)([23]4,16,2)([24]13,10,4)([25]16,5,4)([26]17,7,3)([27]17,11,6)([28]2,17,6)([29]7,4,7)([30]21,15,6)([31]5,14,3)([32]30,3,4)([33]22,14,5)([34]31,32,3)([35]17,6,6)([36]14,28,2)([37]22,25,6)([38]26,25,7)([39]35,0,7)([40]12,17,4)([41]37,10,5)([42]34,40,6)([43]34,0,2)([44]24,21,2)([45]11,22,4)([46]28,45,3)([47]9,44,2)([48]17,38,6)([49]30,34,2)([50]22,16,2)([51]42,18,6)([52]42,5,2)([53]30,24,0)([54]30,1,7)([55]50,50,0)([56]20,50,6)([57]28,7,7)([58]44,36,3)([59]58,56,5)([60]12,38,5)([61]26,6,7)([62]61,37,6)([63]33,16,2)([64]38,57,6)([65]40,34,2)([66]41,25,1)([67]17,53,3)([68]21,56,1)([69]32,24,6)([70]2,34,1)([71]44,23,1)([72]59,64,0)([73]51,64,4)([74]19,19,6)([75]14,14,7)([76]25,30,7)([77]65,62,6)([78]77,73,5)([79]75,44,1)([80]20,21,3)([81]6,20,4)([82]29,20,2)([83]78,59,7)([84]1,32,0)([85]6,53,7)([86]83,30,4)(86)
optimized area: 143.38
time: 1170871 ms
seed: 1635623285
{7,1,80,1,2,1,8}([7]4,5,1)([8]4,0,6)([9]7,0,2)([10]6,2,0)([11]1,0,2)([12]11,2,7)([13]3,9,4)([14]1,9,4)([15]7,0,4)([16]2,14,4)([17]12,9,6)([18]12,5,6)([19]3,17,4)([20]10,16,4)([21]9,13,2)([22]1,15,1)([23]10,5,7)([24]1,13,7)([25]15,19,3)([26]20,0,4)([27]26,14,3)([28]26,5,2)([29]23,24,7)([30]13,29,6)([31]1,12,6)([32]5,12,3)([33]30,16,4)([34]2,20,3)([35]13,10,4)([36]15,24,4)([37]28,34,7)([38]33,7,5)([39]37,37,3)([40]5,19,3)([41]10,26,6)([42]24,33,5)([43]26,27,2)([44]1,29,1)([45]25,39,4)([46]37,42,2)([47]13,2,4)([48]40,46,4)([49]4,30,7)([50]8,46,1)([51]14,47,1)([52]21,29,2)([53]49,10,4)([54]32,25,7)([55]25,4,3)([56]49,46,3)([57]44,15,6)([58]36,10,2)([59]31,4,3)([60]40,41,7)([61]46,14,0)([62]2,47,4)([63]15,9,6)([64]59,45,7)([65]58,48,6)([66]35,45,7)([67]16,64,2)([68]19,57,1)([69]7,63,2)([70]54,56,2)([71]26,70,3)([72]64,71,2)([73]0,52,1)([74]56,1,2)([75]13,15,5)([76]46,14,0)([77]42,15,0)([78]45,22,4)([79]65,72,3)([80]61,74,1)([81]36,31,7)([82]11,69,5)([83]41,37,0)([84]77,4,5)([85]60,46,2)([86]19,78,7)(79)
evaluations: 47397573
first invidual area: 136.84
{7,1,80,1,2,1,8}([7]4,5,1)([8]3,2,0)([9]0,7,2)([10]9,2,7)([11]1,0,5)([12]11,2,4)([13]3,9,4)([14]1,9,4)([15]4,0,7)([16]2,14,4)([17]12,9,6)([18]5,8,0)([19]8,17,4)([20]6,16,4)([21]2,20,6)([22]2,21,5)([23]6,18,7)([24]1,13,7)([25]15,19,3)([26]20,0,4)([27]16,16,1)([28]26,18,5)([29]23,24,7)([30]13,29,6)([31]1,12,6)([32]5,12,3)([33]30,16,4)([34]5,29,0)([35]24,33,5)([36]15,24,4)([37]28,21,7)([38]23,37,2)([39]2,12,7)([40]34,19,6)([41]17,33,7)([42]27,22,1)([43]3,34,3)([44]10,34,1)([45]25,37,4)([46]37,35,2)([47]2,3,3)([48]40,46,7)([49]4,30,7)([50]33,11,6)([51]8,35,5)([52]26,48,2)([53]30,15,6)([54]32,25,7)([55]29,27,1)([56]49,46,3)([57]24,2,4)([58]36,6,2)([59]31,4,3)([60]8,28,7)([61]32,1,2)([62]43,51,3)([63]55,15,2)([64]59,45,7)([65]58,48,6)([66]43,63,4)([67]54,33,6)([68]11,50,0)([69]29,27,4)([70]54,56,2)([71]26,70,3)([72]64,71,2)([73]20,14,5)([74]61,52,7)([75]44,1,2)([76]20,5,2)([77]50,51,3)([78]16,54,2)([79]65,72,3)([80]45,50,1)([81]25,65,7)([82]9,31,2)([83]52,30,7)([84]60,79,4)([85]45,0,4)([86]79,29,2)(79)
optimized area: 135.90
time: 1074465 ms
seed: 1635670991
{7,1,80,1,2,1,8}([7]6,5,4)([8]3,1,6)([9]0,4,4)([10]8,6,2)([11]7,1,3)([12]2,10,2)([13]12,4,3)([14]0,3,7)([15]0,3,2)([16]9,11,3)([17]6,1,3)([18]13,14,7)([19]2,13,4)([20]18,7,7)([21]7,17,2)([22]14,6,4)([23]19,15,7)([24]16,23,5)([25]8,14,4)([26]24,25,2)([27]14,6,5)([28]21,0,3)([29]14,24,3)([30]27,12,3)([31]1,28,5)([32]9,31,4)([33]22,28,4)([34]26,32,7)([35]22,20,5)([36]26,30,6)([37]20,34,6)([38]29,36,7)([39]24,38,6)([40]0,29,4)([41]35,5,7)([42]30,35,5)([43]38,11,7)([44]31,35,7)([45]33,43,2)([46]40,6,6)([47]17,8,0)([48]37,37,3)([49]29,4,4)([50]49,43,2)([51]22,11,2)([52]46,45,3)([53]32,23,4)([54]52,37,5)([55]44,39,7)([56]19,21,3)([57]2,35,1)([58]6,45,3)([59]53,36,6)([60]38,34,7)([61]30,39,3)([62]60,5,3)([63]24,10,4)([64]35,5,4)([65]6,38,6)([66]54,55,5)([67]52,9,2)([68]55,58,1)([69]7,36,5)([70]38,29,4)([71]5,2,3)([72]45,61,7)([73]66,28,5)([74]4,31,5)([75]67,62,5)([76]36,31,2)([77]10,56,4)([78]45,54,4)([79]74,65,6)([80]72,60,6)([81]17,77,5)([82]59,35,0)([83]7,27,2)([84]18,64,4)([85]78,55,4)([86]72,58,4)(85)
evaluations: 44583378
first invidual area: 142.92
{7,1,80,1,2,1,8}([7]5,6,4)([8]3,1,6)([9]0,4,4)([10]8,2,2)([11]7,1,3)([12]6,10,2)([13]4,12,3)([14]3,0,7)([15]14,3,5)([16]11,9,3)([17]6,1,3)([18]13,14,7)([19]2,13,7)([20]18,7,7)([21]7,17,2)([22]14,6,4)([23]19,15,7)([24]16,23,5)([25]14,8,4)([26]24,25,2)([27]14,6,5)([28]21,0,3)([29]14,24,3)([30]27,12,3)([31]1,28,5)([32]9,31,4)([33]22,28,4)([34]26,32,7)([35]22,20,5)([36]26,30,3)([37]20,34,6)([38]29,36,5)([39]24,38,3)([40]0,29,4)([41]26,33,5)([42]1,13,6)([43]38,11,7)([44]31,35,7)([45]33,43,2)([46]40,6,6)([47]28,25,2)([48]21,7,7)([49]37,42,4)([50]27,28,5)([51]41,6,4)([52]46,45,3)([53]50,18,5)([54]52,37,5)([55]44,39,4)([56]13,6,7)([57]51,46,4)([58]11,31,4)([59]8,39,0)([60]31,26,0)([61]34,5,5)([62]21,42,3)([63]55,47,7)([64]34,57,3)([65]7,3,2)([66]48,39,1)([67]45,51,0)([68]32,58,3)([69]48,62,2)([70]57,54,6)([71]64,63,2)([72]39,10,5)([73]1,0,2)([74]24,13,2)([75]45,45,2)([76]29,34,0)([77]13,20,5)([78]75,54,7)([79]70,37,1)([80]61,4,5)([81]71,35,4)([82]53,17,3)([83]80,8,7)([84]37,26,4)([85]78,55,7)([86]32,54,0)(85)
optimized area: 139.63
time: 1083558 ms
seed: 1635718809
NOT FOUND
time: 1047798 ms
seed: 1635766062
NOT FOUND
time: 1074936 ms
seed: 1635813046
NOT FOUND
time: 1074974 ms
seed: 1635856126
{7,1,80,1,2,1,8}([7]0,2,4)([8]7,5,2)([9]6,2,5)([10]2,1,7)([11]3,2,6)([12]0,1,1)([13]11,7,7)([14]10,7,6)([15]8,3,6)([16]4,6,2)([17]15,1,7)([18]4,9,3)([19]2,14,4)([20]12,4,2)([21]14,3,2)([22]18,9,1)([23]18,14,2)([24]4,12,7)([25]24,13,7)([26]23,5,4)([27]7,26,6)([28]1,5,7)([29]28,25,7)([30]24,13,2)([31]15,24,6)([32]30,6,7)([33]29,17,5)([34]6,31,6)([35]11,23,3)([36]27,12,4)([37]27,24,2)([38]32,33,6)([39]32,28,4)([40]28,25,6)([41]5,13,6)([42]37,39,3)([43]11,18,5)([44]29,13,1)([45]18,2,1)([46]38,39,2)([47]16,36,3)([48]47,34,3)([49]31,46,7)([50]12,33,5)([51]10,38,4)([52]12,49,4)([53]52,11,7)([54]17,48,4)([55]22,42,3)([56]55,54,2)([57]49,12,3)([58]57,5,3)([59]58,12,7)([60]30,58,6)([61]50,49,3)([62]19,51,2)([63]55,22,7)([64]56,59,4)([65]23,24,0)([66]37,8,7)([67]39,16,2)([68]30,9,5)([69]59,35,4)([70]46,45,0)([71]60,37,7)([72]70,69,3)([73]1,64,4)([74]48,41,6)([75]22,72,6)([76]57,2,6)([77]37,14,3)([78]62,64,4)([79]32,7,2)([80]37,66,6)([81]5,25,4)([82]3,53,4)([83]32,45,5)([84]48,25,2)([85]27,10,5)([86]40,50,4)(78)
evaluations: 33533219
first invidual area: 147.13
{7,1,80,1,2,1,8}([7]2,0,4)([8]5,7,2)([9]2,6,5)([10]1,2,7)([11]3,2,6)([12]11,10,4)([13]7,11,7)([14]7,10,6)([15]8,3,6)([16]12,9,0)([17]1,15,7)([18]4,6,2)([19]13,12,1)([20]13,6,1)([21]4,9,6)([22]0,1,1)([23]14,9,5)([24]0,4,4)([25]24,13,7)([26]23,5,7)([27]26,7,6)([28]1,5,7)([29]25,28,7)([30]24,25,5)([31]15,24,6)([32]30,6,4)([33]29,17,5)([34]31,6,6)([35]10,28,5)([36]27,22,4)([37]27,24,2)([38]32,33,6)([39]28,32,4)([40]36,34,3)([41]3,6,3)([42]39,37,3)([43]42,29,5)([44]18,34,0)([45]21,28,5)([46]38,42,5)([47]2,14,4)([48]40,44,6)([49]31,46,4)([50]48,16,0)([51]10,38,4)([52]47,29,0)([53]9,40,7)([54]17,50,7)([55]21,42,3)([56]55,54,5)([57]35,13,6)([58]49,5,6)([59]58,22,3)([60]22,59,5)([61]30,52,1)([62]52,51,5)([63]16,49,3)([64]56,59,7)([65]46,36,4)([66]12,17,5)([67]47,26,3)([68]62,64,7)([69]16,33,5)([70]41,68,1)([71]36,3,4)([72]11,1,3)([73]64,51,5)([74]61,70,0)([75]65,42,1)([76]58,50,7)([77]53,59,5)([78]50,2,0)([79]57,64,7)([80]54,33,4)([81]25,20,2)([82]30,30,0)([83]59,56,2)([84]8,2,1)([85]41,17,2)([86]49,33,1)(68)
optimized area: 138.69
time: 1183954 ms
seed: 1635898150
NOT FOUND
time: 1067951 ms
seed: 1635934443
NOT FOUND
time: 1063745 ms
seed: 1635970546
{7,1,80,1,2,1,8}([7]2,0,3)([8]2,6,6)([9]6,5,4)([10]5,9,1)([11]4,2,4)([12]8,11,6)([13]0,5,2)([14]8,8,6)([15]6,11,6)([16]7,2,4)([17]1,13,4)([18]1,9,5)([19]17,8,4)([20]5,8,7)([21]6,16,3)([22]21,11,2)([23]11,11,1)([24]9,17,5)([25]3,9,0)([26]23,9,4)([27]4,22,5)([28]2,5,3)([29]19,26,3)([30]6,27,4)([31]25,13,5)([32]12,0,6)([33]7,21,2)([34]17,0,4)([35]18,22,1)([36]17,22,5)([37]20,36,2)([38]25,37,4)([39]38,5,3)([40]19,11,6)([41]23,27,2)([42]26,36,4)([43]41,29,6)([44]39,16,6)([45]30,29,2)([46]32,11,7)([47]31,22,3)([48]20,34,6)([49]41,19,2)([50]22,42,7)([51]34,44,7)([52]30,43,6)([53]7,32,3)([54]16,0,4)([55]25,2,3)([56]12,46,0)([57]21,21,3)([58]48,39,6)([59]44,46,2)([60]20,30,6)([61]10,37,3)([62]47,50,6)([63]38,48,1)([64]23,33,2)([65]26,9,5)([66]40,58,2)([67]9,40,7)([68]45,33,3)([69]31,55,2)([70]23,33,7)([71]68,66,4)([72]59,51,3)([73]72,69,4)([74]10,14,7)([75]15,63,3)([76]8,40,7)([77]73,52,7)([78]64,48,3)([79]37,53,3)([80]56,78,2)([81]71,19,6)([82]43,29,7)([83]70,8,4)([84]47,77,5)([85]84,71,5)([86]31,7,3)(85)
evaluations: 24061269
first invidual area: 141.94
{7,1,80,1,2,1,8}([7]2,0,3)([8]6,2,3)([9]1,1,0)([10]2,2,3)([11]4,2,4)([12]3,2,3)([13]0,5,2)([14]7,11,1)([15]13,0,7)([16]10,14,6)([17]1,13,7)([18]11,5,7)([19]17,8,4)([20]18,6,4)([21]6,16,3)([22]11,21,2)([23]4,22,5)([24]9,22,5)([25]11,16,3)([26]16,5,3)([27]14,10,5)([28]22,19,6)([29]19,20,3)([30]23,6,4)([31]3,13,5)([32]9,28,3)([33]31,22,3)([34]24,28,7)([35]11,32,4)([36]21,7,2)([37]24,8,5)([38]37,3,7)([39]5,20,6)([40]3,13,0)([41]29,28,6)([42]3,19,2)([43]15,22,4)([44]26,38,6)([45]30,29,2)([46]31,44,2)([47]41,29,1)([48]32,45,2)([49]35,42,4)([50]0,17,7)([51]25,40,3)([52]31,15,6)([53]44,50,7)([54]44,35,2)([55]46,43,3)([56]28,54,5)([57]41,10,4)([58]48,27,2)([59]30,41,3)([60]53,54,6)([61]52,52,6)([62]54,27,6)([63]33,25,3)([64]7,59,2)([65]12,20,2)([66]62,47,2)([67]2,41,4)([68]45,36,6)([69]31,12,5)([70]48,10,1)([71]68,56,4)([72]38,61,1)([73]60,69,7)([74]64,33,2)([75]33,73,5)([76]28,32,4)([77]73,59,7)([78]69,35,5)([79]77,60,4)([80]72,24,6)([81]28,37,2)([82]2,62,7)([83]77,19,4)([84]33,77,5)([85]84,71,5)([86]75,77,0)(85)
optimized area: 124.13
time: 1270380 ms
seed: 1636006476
{7,1,80,1,2,1,8}([7]4,0,4)([8]0,2,7)([9]7,8,7)([10]2,7,6)([11]3,5,4)([12]0,3,7)([13]8,1,7)([14]13,6,7)([15]5,12,3)([16]11,5,3)([17]9,13,4)([18]0,1,0)([19]10,14,4)([20]12,9,3)([21]16,6,5)([22]15,19,7)([23]22,4,6)([24]15,8,4)([25]24,11,6)([26]7,12,3)([27]15,0,4)([28]25,16,5)([29]14,5,7)([30]2,24,6)([31]6,9,5)([32]2,4,2)([33]14,31,5)([34]24,13,4)([35]33,28,7)([36]4,32,3)([37]27,35,7)([38]34,32,2)([39]16,20,2)([40]15,26,0)([41]10,20,3)([42]41,30,0)([43]4,9,7)([44]12,25,3)([45]41,22,0)([46]35,39,4)([47]45,46,1)([48]17,16,2)([49]29,17,0)([50]32,43,5)([51]24,32,3)([52]2,39,5)([53]42,43,3)([54]14,11,4)([55]12,54,3)([56]40,21,3)([57]14,28,3)([58]23,14,4)([59]48,24,6)([60]31,5,7)([61]55,60,5)([62]26,38,4)([63]20,54,4)([64]20,22,6)([65]62,61,4)([66]63,59,2)([67]42,50,4)([68]46,65,5)([69]37,68,5)([70]42,27,6)([71]4,33,1)([72]17,2,2)([73]52,14,0)([74]71,2,7)([75]34,5,0)([76]14,68,1)([77]58,66,3)([78]64,35,5)([79]30,27,6)([80]60,46,3)([81]54,38,7)([82]57,54,4)([83]27,76,5)([84]1,8,2)([85]69,77,5)([86]44,29,0)(85)
evaluations: 10194017
first invidual area: 151.37
{7,1,80,1,2,1,8}([7]2,4,4)([8]2,0,7)([9]2,6,4)([10]6,1,7)([11]7,0,6)([12]0,3,7)([13]6,7,0)([14]8,10,7)([15]5,12,3)([16]11,15,7)([17]16,14,4)([18]9,15,3)([19]3,8,2)([20]7,12,3)([21]3,5,4)([22]20,11,6)([23]17,4,6)([24]21,23,7)([25]13,1,5)([26]5,21,3)([27]0,15,7)([28]9,26,2)([29]25,1,4)([30]2,21,4)([31]6,7,5)([32]21,23,6)([33]10,5,5)([34]33,23,3)([35]4,6,0)([36]0,16,5)([37]18,18,2)([38]21,35,2)([39]22,7,3)([40]20,10,4)([41]14,23,4)([42]28,33,2)([43]38,3,6)([44]36,31,7)([45]0,7,1)([46]33,17,2)([47]45,10,3)([48]14,31,5)([49]24,40,2)([50]27,2,4)([51]24,20,7)([52]28,15,5)([53]5,19,5)([54]18,22,6)([55]17,16,7)([56]53,48,4)([57]56,27,7)([58]38,28,5)([59]28,50,6)([60]22,16,0)([61]25,44,5)([62]54,15,0)([63]58,33,6)([64]20,33,2)([65]5,61,4)([66]51,59,2)([67]27,45,4)([68]64,65,5)([69]57,68,5)([70]50,42,7)([71]30,2,5)([72]18,47,3)([73]19,5,5)([74]53,71,0)([75]45,25,4)([76]45,12,7)([77]66,41,3)([78]59,36,2)([79]42,53,0)([80]13,58,4)([81]62,41,5)([82]72,52,1)([83]56,75,0)([84]75,54,2)([85]69,77,5)([86]83,39,2)(85)
optimized area: 128.86
time: 1265703 ms
seed: 1636041080
NOT FOUND
time: 1089416 ms
seed: 1636075036
{7,1,80,1,2,1,8}([7]2,1,4)([8]4,7,7)([9]4,3,4)([10]5,2,3)([11]5,9,3)([12]8,6,7)([13]12,3,3)([14]11,4,7)([15]10,12,5)([16]15,14,7)([17]7,16,2)([18]6,17,4)([19]8,1,2)([20]13,1,2)([21]16,18,2)([22]13,18,7)([23]3,14,2)([24]19,13,7)([25]12,0,4)([26]24,1,5)([27]14,5,4)([28]9,27,2)([29]13,7,3)([30]25,16,6)([31]0,23,6)([32]11,18,6)([33]19,5,2)([34]10,22,2)([35]15,2,7)([36]35,27,3)([37]21,33,3)([38]32,30,3)([39]26,28,4)([40]39,34,5)([41]14,9,3)([42]31,37,2)([43]25,40,6)([44]24,38,6)([45]43,42,3)([46]38,45,4)([47]38,40,0)([48]31,38,5)([49]35,37,5)([50]9,35,3)([51]39,29,6)([52]45,15,2)([53]46,51,7)([54]6,49,0)([55]41,25,6)([56]23,23,5)([57]40,21,5)([58]9,2,4)([59]39,38,4)([60]16,56,2)([61]39,2,5)([62]53,0,4)([63]19,40,3)([64]6,63,0)([65]35,20,4)([66]41,9,1)([67]36,35,7)([68]58,33,3)([69]6,55,6)([70]5,35,5)([71]70,68,3)([72]47,64,5)([73]23,71,4)([74]58,15,2)([75]45,25,1)([76]7,38,7)([77]53,71,5)([78]50,62,0)([79]19,72,6)([80]21,66,6)([81]7,11,4)([82]69,20,1)([83]47,21,6)([84]80,52,5)([85]15,13,5)([86]73,33,5)(77)
evaluations: 33892808
first invidual area: 135.87
{7,1,80,1,2,1,8}([7]2,1,4)([8]4,7,7)([9]3,4,4)([10]5,2,3)([11]5,9,3)([12]8,6,7)([13]3,12,3)([14]11,4,4)([15]10,12,5)([16]14,15,4)([17]7,16,5)([18]6,17,7)([19]8,1,2)([20]13,8,7)([21]17,14,7)([22]18,13,7)([23]3,4,2)([24]8,19,7)([25]0,12,4)([26]20,1,5)([27]5,3,7)([28]9,27,5)([29]13,7,3)([30]16,25,6)([31]23,0,6)([32]11,18,6)([33]19,5,2)([34]10,22,2)([35]18,16,2)([36]15,9,7)([37]35,33,3)([38]27,36,1)([39]26,28,7)([40]39,34,5)([41]26,11,0)([42]31,37,2)([43]25,40,6)([44]32,30,6)([45]43,42,6)([46]44,45,7)([47]7,23,6)([48]9,31,4)([49]9,2,4)([50]46,4,2)([51]39,29,6)([52]30,23,0)([53]46,51,4)([54]28,12,0)([55]36,22,5)([56]38,19,2)([57]12,36,3)([58]16,46,6)([59]55,38,7)([60]25,5,2)([61]8,45,0)([62]57,11,0)([63]24,16,4)([64]15,15,2)([65]27,45,4)([66]50,25,2)([67]25,43,5)([68]49,19,3)([69]25,67,1)([70]5,36,5)([71]70,68,3)([72]28,65,7)([73]59,6,0)([74]9,21,4)([75]50,1,7)([76]38,52,7)([77]53,71,5)([78]66,62,7)([79]49,66,0)([80]42,53,4)([81]43,43,7)([82]52,35,3)([83]27,13,1)([84]23,25,2)([85]62,49,4)([86]21,40,3)(77)
optimized area: 134.93
time: 1168342 ms
seed: 1636108056
NOT FOUND
time: 1059690 ms
seed: 1636140777
NOT FOUND
time: 1078711 ms
seed: 1636173249
NOT FOUND
time: 1066016 ms
seed: 1636203824
{7,1,80,1,2,1,8}([7]1,3,6)([8]2,3,7)([9]0,2,7)([10]3,1,5)([11]9,8,1)([12]4,7,7)([13]8,12,0)([14]6,7,4)([15]14,9,7)([16]4,8,4)([17]15,10,4)([18]16,15,3)([19]14,18,4)([20]5,11,3)([21]0,11,4)([22]6,13,2)([23]4,0,1)([24]20,23,2)([25]2,0,5)([26]22,12,2)([27]2,5,2)([28]17,19,3)([29]26,22,5)([30]17,5,4)([31]17,16,6)([32]9,27,4)([33]28,5,4)([34]29,31,4)([35]12,27,2)([36]9,30,4)([37]13,1,5)([38]25,36,5)([39]38,19,2)([40]20,22,7)([41]25,22,3)([42]16,5,4)([43]0,37,4)([44]39,33,6)([45]41,34,5)([46]24,44,3)([47]43,8,1)([48]36,43,6)([49]6,38,6)([50]48,21,0)([51]5,43,1)([52]13,19,4)([53]45,48,5)([54]4,2,1)([55]26,46,6)([56]53,55,4)([57]24,43,2)([58]24,27,7)([59]49,57,5)([60]48,17,1)([61]25,44,7)([62]35,23,7)([63]2,59,2)([64]50,32,2)([65]63,42,7)([66]56,35,3)([67]2,29,2)([68]12,19,3)([69]15,30,3)([70]21,26,1)([71]6,8,7)([72]6,30,4)([73]44,24,1)([74]66,19,7)([75]36,25,3)([76]73,5,5)([77]74,65,7)([78]23,13,1)([79]31,65,5)([80]41,17,0)([81]18,60,0)([82]79,60,1)([83]58,29,3)([84]68,82,6)([85]69,0,1)([86]84,47,4)(77)
evaluations: 27456576
first invidual area: 148.98
{7,1,80,1,2,1,8}([7]1,3,6)([8]3,2,7)([9]2,0,4)([10]2,0,2)([11]1,3,5)([12]4,7,7)([13]11,1,2)([14]6,7,4)([15]14,9,4)([16]8,4,4)([17]11,15,4)([18]16,15,3)([19]14,18,4)([20]9,5,3)([21]4,13,1)([22]6,12,2)([23]22,20,2)([24]20,21,2)([25]10,5,1)([26]22,8,2)([27]19,4,0)([28]17,19,3)([29]11,18,0)([30]14,29,4)([31]16,17,6)([32]31,26,7)([33]2,9,7)([34]5,28,4)([35]22,10,2)([36]5,30,7)([37]8,1,5)([38]25,36,5)([39]27,38,2)([40]13,33,6)([41]8,35,5)([42]41,29,4)([43]37,0,4)([44]39,34,6)([45]25,32,5)([46]24,44,3)([47]28,31,6)([48]36,43,6)([49]38,6,6)([50]24,11,2)([51]34,45,4)([52]23,28,4)([53]45,48,5)([54]5,16,4)([55]26,46,6)([56]38,46,5)([57]2,8,7)([58]40,56,4)([59]49,50,5)([60]53,55,4)([61]15,11,4)([62]24,34,6)([63]2,59,5)([64]11,39,5)([65]63,54,7)([66]60,35,6)([67]27,66,4)([68]49,19,3)([69]67,59,1)([70]53,15,6)([71]1,14,4)([72]29,42,2)([73]67,65,4)([74]38,49,6)([75]6,49,7)([76]64,9,1)([77]20,15,3)([78]72,71,6)([79]29,45,0)([80]7,36,1)([81]24,67,3)([82]13,16,6)([83]7,43,2)([84]9,16,7)([85]7,81,7)([86]65,36,2)(73)
optimized area: 142.43
time: 1223832 ms
seed: 1636233855
NOT FOUND
time: 1067611 ms
