seed: 1634022000
NOT FOUND
time: 526027 ms
seed: 1634070812
NOT FOUND
time: 529552 ms
seed: 1634232341
NOT FOUND
time: 530111 ms
seed: 1634369835
NOT FOUND
time: 529937 ms
seed: 1634418874
{7,1,80,1,2,1,8}([7]1,4,7)([8]2,5,4)([9]0,4,4)([10]7,8,6)([11]6,1,7)([12]6,5,7)([13]0,12,4)([14]7,3,2)([15]5,9,6)([16]12,0,0)([17]13,4,7)([18]10,13,4)([19]18,15,6)([20]17,0,2)([21]15,13,2)([22]14,2,7)([23]20,2,3)([24]1,11,3)([25]0,3,5)([26]5,5,4)([27]15,20,2)([28]7,3,7)([29]22,11,6)([30]18,25,7)([31]1,22,4)([32]29,18,3)([33]30,4,5)([34]21,11,6)([35]11,7,6)([36]32,3,3)([37]30,31,5)([38]20,20,6)([39]12,5,3)([40]23,19,7)([41]11,25,7)([42]29,15,6)([43]24,8,2)([44]37,29,4)([45]40,31,5)([46]15,19,2)([47]28,38,5)([48]39,28,5)([49]32,9,6)([50]26,49,6)([51]40,49,0)([52]30,9,7)([53]18,36,4)([54]22,34,6)([55]43,10,4)([56]23,14,3)([57]48,56,2)([58]54,52,4)([59]42,57,5)([60]59,47,7)([61]55,44,6)([62]60,53,3)([63]20,18,1)([64]28,49,1)([65]2,32,3)([66]14,13,2)([67]46,3,4)([68]28,18,0)([69]14,18,3)([70]22,12,0)([71]64,51,1)([72]60,51,6)([73]71,2,6)([74]32,66,0)([75]41,11,3)([76]47,19,1)([77]56,0,5)([78]70,69,7)([79]38,21,2)([80]79,5,6)([81]67,59,0)([82]26,30,6)([83]63,11,7)([84]61,72,6)([85]41,84,7)([86]75,35,5)(85)
evaluations: 30004092
first invidual area: 133.55
{7,1,80,1,2,1,8}([7]4,1,7)([8]5,2,4)([9]0,4,4)([10]8,7,6)([11]6,1,7)([12]6,5,7)([13]12,0,4)([14]3,7,2)([15]9,5,6)([16]13,9,4)([17]5,12,3)([18]13,10,4)([19]15,18,3)([20]16,0,2)([21]14,12,0)([22]21,2,7)([23]2,20,3)([24]11,1,3)([25]0,3,5)([26]23,19,4)([27]11,21,5)([28]7,3,7)([29]22,11,6)([30]18,25,7)([31]22,1,4)([32]20,18,1)([33]31,10,7)([34]29,15,6)([35]32,28,5)([36]31,30,5)([37]12,0,2)([38]3,20,0)([39]1,31,5)([40]1,8,7)([41]8,0,7)([42]21,38,2)([43]21,2,4)([44]36,29,4)([45]39,9,1)([46]19,23,6)([47]31,37,5)([48]1,2,5)([49]17,28,5)([50]8,24,2)([51]8,3,7)([52]26,5,4)([53]37,3,3)([54]18,14,3)([55]50,10,3)([56]30,43,4)([57]49,54,2)([58]10,38,4)([59]34,57,5)([60]59,35,7)([61]44,55,6)([62]16,10,1)([63]7,15,2)([64]63,52,4)([65]51,4,4)([66]21,43,3)([67]40,24,4)([68]25,11,4)([69]59,34,0)([70]48,14,3)([71]13,31,3)([72]60,26,6)([73]61,72,6)([74]63,31,7)([75]71,18,3)([76]17,7,2)([77]18,67,5)([78]41,19,3)([79]26,72,7)([80]59,2,3)([81]71,39,7)([82]42,58,3)([83]0,19,2)([84]80,54,3)([85]68,73,4)([86]0,25,2)(85)
optimized area: 130.26
time: 587009 ms
seed: 1634627151
NOT FOUND
time: 528180 ms
seed: 1635154216
{7,1,80,1,2,1,8}([7]2,5,2)([8]1,0,7)([9]1,3,6)([10]2,7,1)([11]9,2,5)([12]3,0,3)([13]3,8,7)([14]9,4,6)([15]0,7,4)([16]3,2,2)([17]2,2,4)([18]14,5,2)([19]15,6,2)([20]10,5,3)([21]2,1,3)([22]21,13,7)([23]5,14,3)([24]13,6,4)([25]10,23,2)([26]18,22,7)([27]13,23,3)([28]25,4,4)([29]19,25,4)([30]11,25,7)([31]27,16,3)([32]17,7,4)([33]29,26,6)([34]33,33,6)([35]4,12,4)([36]35,14,6)([37]19,28,5)([38]37,31,7)([39]35,0,0)([40]6,7,4)([41]23,33,1)([42]36,30,2)([43]3,26,4)([44]37,26,5)([45]5,27,4)([46]34,19,1)([47]0,23,3)([48]25,40,1)([49]23,4,7)([50]26,2,3)([51]42,30,0)([52]44,21,1)([53]6,38,2)([54]1,2,7)([55]17,26,7)([56]13,4,3)([57]31,43,1)([58]53,29,6)([59]46,35,3)([60]39,50,2)([61]47,33,7)([62]26,28,7)([63]25,57,0)([64]56,23,5)([65]55,54,7)([66]47,8,1)([67]64,65,4)([68]7,64,6)([69]45,28,4)([70]61,67,5)([71]39,26,4)([72]61,44,2)([73]52,24,2)([74]51,53,6)([75]74,70,4)([76]57,64,3)([77]38,41,6)([78]73,75,3)([79]58,31,4)([80]50,68,7)([81]17,61,5)([82]71,10,0)([83]36,3,1)([84]82,38,3)([85]23,57,3)([86]5,65,4)(78)
evaluations: 29931429
first invidual area: 145.71
{7,1,80,1,2,1,8}([7]2,5,5)([8]1,3,4)([9]3,8,6)([10]2,3,0)([11]9,10,2)([12]0,3,3)([13]0,8,4)([14]9,4,6)([15]10,1,3)([16]14,0,5)([17]7,0,7)([18]2,3,1)([19]6,17,2)([20]2,3,2)([21]5,14,5)([22]21,15,4)([23]14,5,3)([24]6,13,4)([25]23,18,2)([26]22,13,7)([27]23,13,3)([28]4,25,3)([29]27,20,6)([30]11,25,3)([31]10,13,1)([32]1,26,4)([33]9,22,7)([34]19,25,4)([35]4,12,4)([36]14,35,6)([37]19,28,5)([38]37,29,4)([39]17,4,1)([40]37,38,3)([41]9,27,2)([42]26,24,0)([43]26,37,2)([44]16,17,5)([45]30,36,2)([46]30,2,1)([47]16,12,2)([48]34,42,3)([49]17,35,6)([50]0,23,3)([51]13,47,2)([52]34,0,5)([53]52,15,2)([54]20,48,4)([55]4,13,3)([56]26,53,7)([57]52,12,7)([58]13,2,6)([59]13,22,6)([60]18,4,4)([61]50,48,4)([62]24,54,5)([63]57,61,3)([64]55,23,5)([65]2,32,4)([66]27,22,3)([67]64,65,7)([68]14,4,2)([69]67,11,4)([70]61,67,5)([71]46,0,0)([72]38,6,2)([73]43,24,2)([74]45,72,6)([75]74,70,4)([76]5,72,7)([77]0,67,1)([78]73,75,3)([79]74,43,4)([80]53,78,2)([81]59,25,7)([82]42,77,2)([83]47,65,4)([84]40,59,2)([85]42,62,4)([86]2,77,5)(78)
optimized area: 130.23
time: 591493 ms
seed: 1635203368
NOT FOUND
time: 525078 ms
seed: 1635380798
{7,1,80,1,2,1,8}([7]1,0,7)([8]3,2,6)([9]1,4,2)([10]5,6,7)([11]9,2,7)([12]2,4,7)([13]8,0,4)([14]12,3,7)([15]10,7,5)([16]13,6,4)([17]10,14,4)([18]14,10,4)([19]16,17,5)([20]11,13,7)([21]4,16,7)([22]15,17,2)([23]3,19,7)([24]18,9,2)([25]0,4,6)([26]21,20,3)([27]24,3,6)([28]9,27,2)([29]4,18,2)([30]17,20,7)([31]28,7,7)([32]12,26,2)([33]22,32,3)([34]18,4,6)([35]21,24,1)([36]34,12,4)([37]36,31,3)([38]7,27,4)([39]4,19,2)([40]30,25,3)([41]1,22,6)([42]18,3,4)([43]28,16,6)([44]27,33,5)([45]7,5,7)([46]15,37,2)([47]11,2,1)([48]23,39,0)([49]2,32,0)([50]25,23,4)([51]37,0,3)([52]23,42,0)([53]5,37,6)([54]19,17,2)([55]29,46,4)([56]38,50,3)([57]40,53,2)([58]17,50,4)([59]12,2,2)([60]12,17,6)([61]6,56,6)([62]54,25,0)([63]20,8,7)([64]23,33,2)([65]9,51,3)([66]21,39,7)([67]5,50,7)([68]14,39,2)([69]41,58,6)([70]9,9,0)([71]64,61,3)([72]36,30,2)([73]68,35,1)([74]57,54,0)([75]63,54,6)([76]62,34,1)([77]38,68,1)([78]56,15,3)([79]39,64,5)([80]71,74,7)([81]20,42,2)([82]6,17,4)([83]17,73,1)([84]3,0,4)([85]62,20,2)([86]63,33,7)(80)
evaluations: 7327345
first invidual area: 132.62
{7,1,80,1,2,1,8}([7]0,1,7)([8]2,3,3)([9]1,4,5)([10]6,5,7)([11]9,2,7)([12]2,4,7)([13]8,0,7)([14]10,3,4)([15]10,7,5)([16]6,13,4)([17]12,14,7)([18]2,16,7)([19]16,17,5)([20]11,13,4)([21]17,20,7)([22]15,17,2)([23]19,3,7)([24]4,17,6)([25]0,4,6)([26]1,22,2)([27]3,26,6)([28]13,16,7)([29]18,20,3)([30]29,6,6)([31]22,29,7)([32]30,7,6)([33]32,5,3)([34]20,29,3)([35]22,34,1)([36]26,27,5)([37]30,2,2)([38]36,36,2)([39]12,24,4)([40]12,16,0)([41]29,12,2)([42]2,0,6)([43]9,0,6)([44]22,41,3)([45]44,23,2)([46]39,31,1)([47]4,14,2)([48]13,5,1)([49]33,25,2)([50]25,21,3)([51]7,27,4)([52]30,8,5)([53]33,39,6)([54]0,14,2)([55]23,25,4)([56]55,51,3)([57]50,53,5)([58]46,18,4)([59]38,34,2)([60]24,14,4)([61]53,43,6)([62]56,6,6)([63]46,1,1)([64]48,56,5)([65]19,46,5)([66]37,10,1)([67]50,4,0)([68]38,31,7)([69]11,15,7)([70]45,62,6)([71]40,27,1)([72]51,28,2)([73]27,61,3)([74]23,10,3)([75]19,10,4)([76]29,3,3)([77]51,29,0)([78]70,57,7)([79]38,41,7)([80]64,52,6)([81]76,48,1)([82]4,77,0)([83]25,68,1)([84]65,3,5)([85]50,22,3)([86]33,58,3)(78)
optimized area: 124.64
time: 1205284 ms
seed: 1635634077
{7,1,80,1,2,1,8}([7]1,6,4)([8]0,1,2)([9]1,2,2)([10]8,4,6)([11]0,2,4)([12]2,4,4)([13]3,11,7)([14]5,12,7)([15]9,3,3)([16]2,7,4)([17]10,0,3)([18]3,5,2)([19]8,18,4)([20]18,2,3)([21]17,14,5)([22]11,18,6)([23]15,6,6)([24]23,17,4)([25]15,6,5)([26]20,5,3)([27]14,10,3)([28]26,9,3)([29]18,7,3)([30]13,16,4)([31]20,0,6)([32]7,20,6)([33]21,15,6)([34]5,20,1)([35]12,1,2)([36]23,29,5)([37]22,14,4)([38]6,13,6)([39]0,32,3)([40]39,33,4)([41]30,24,2)([42]38,35,4)([43]6,26,5)([44]27,29,2)([45]39,30,6)([46]44,41,3)([47]32,21,0)([48]42,40,3)([49]46,36,5)([50]23,49,7)([51]49,48,7)([52]32,38,7)([53]51,41,7)([54]43,34,5)([55]47,44,0)([56]53,53,7)([57]54,40,3)([58]43,16,6)([59]19,7,5)([60]58,27,4)([61]32,12,6)([62]59,54,2)([63]43,30,2)([64]39,48,1)([65]35,13,0)([66]62,37,5)([67]13,36,5)([68]44,55,4)([69]9,17,0)([70]58,65,5)([71]20,33,7)([72]38,29,7)([73]43,36,0)([74]39,64,2)([75]51,36,4)([76]32,39,7)([77]30,3,1)([78]21,28,5)([79]37,65,1)([80]35,44,5)([81]53,29,4)([82]75,81,3)([83]78,54,3)([84]68,7,3)([85]75,66,5)([86]75,19,2)(85)
evaluations: 22536729
first invidual area: 133.50
{7,1,80,1,2,1,8}([7]6,1,4)([8]0,1,2)([9]1,2,2)([10]4,8,6)([11]0,2,4)([12]4,2,4)([13]11,3,7)([14]12,5,7)([15]3,9,3)([16]2,7,7)([17]0,10,3)([18]3,5,2)([19]8,18,4)([20]5,19,7)([21]17,14,5)([22]5,8,1)([23]6,15,6)([24]17,23,4)([25]6,4,3)([26]15,21,3)([27]10,14,3)([28]11,18,3)([29]7,18,3)([30]10,3,6)([31]13,6,6)([32]28,29,5)([33]16,13,7)([34]29,11,6)([35]31,3,7)([36]1,23,5)([37]14,28,7)([38]12,1,5)([39]0,34,3)([40]26,39,7)([41]33,24,2)([42]38,31,7)([43]18,2,2)([44]27,29,2)([45]19,0,4)([46]44,41,6)([47]3,10,7)([48]42,40,3)([49]2,6,5)([50]46,36,5)([51]48,50,7)([52]19,28,4)([53]17,10,7)([54]33,39,7)([55]1,14,4)([56]33,17,0)([57]38,11,5)([58]20,5,3)([59]19,7,5)([60]49,22,5)([61]46,19,2)([62]59,60,2)([63]4,45,4)([64]1,8,4)([65]10,18,2)([66]62,37,5)([67]2,21,7)([68]35,9,6)([69]16,27,4)([70]28,31,7)([71]29,63,1)([72]20,6,1)([73]11,57,3)([74]56,38,1)([75]39,71,3)([76]33,26,7)([77]11,11,7)([78]46,69,5)([79]40,49,7)([80]19,63,5)([81]69,8,7)([82]40,0,4)([83]39,76,3)([84]30,55,0)([85]51,66,5)([86]57,18,5)(85)
optimized area: 123.66
time: 1171569 ms
seed: 1635681796
NOT FOUND
time: 1051270 ms
seed: 1635729654
NOT FOUND
time: 1068886 ms
seed: 1635776872
{7,1,80,1,2,1,8}([7]5,0,7)([8]4,4,2)([9]6,1,6)([10]4,3,4)([11]2,3,3)([12]1,0,2)([13]9,3,4)([14]11,12,3)([15]6,12,2)([16]13,0,5)([17]8,9,7)([18]1,5,3)([19]7,13,2)([20]16,6,4)([21]4,3,2)([22]7,20,6)([23]19,14,3)([24]18,7,2)([25]16,24,4)([26]2,5,4)([27]4,23,7)([28]3,26,2)([29]24,10,6)([30]0,16,5)([31]22,10,7)([32]16,10,0)([33]31,3,2)([34]25,23,4)([35]16,6,0)([36]18,0,6)([37]17,34,4)([38]9,10,5)([39]3,15,1)([40]22,2,4)([41]29,15,7)([42]20,20,5)([43]30,34,5)([44]19,3,1)([45]26,18,4)([46]41,3,0)([47]28,24,2)([48]37,47,7)([49]46,48,2)([50]2,23,1)([51]20,27,2)([52]36,10,1)([53]52,19,3)([54]46,30,4)([55]35,36,1)([56]7,22,3)([57]27,40,7)([58]44,32,7)([59]49,54,4)([60]6,39,7)([61]49,51,5)([62]22,61,6)([63]60,1,4)([64]57,62,7)([65]34,34,6)([66]11,65,1)([67]59,29,6)([68]64,67,3)([69]27,53,6)([70]49,4,1)([71]37,65,1)([72]22,30,2)([73]64,59,5)([74]14,54,0)([75]69,39,1)([76]32,48,3)([77]35,10,3)([78]54,21,0)([79]76,37,4)([80]73,20,4)([81]24,17,3)([82]71,39,3)([83]76,58,1)([84]57,40,0)([85]80,75,7)([86]74,85,1)(85)
evaluations: 36067599
first invidual area: 143.85
{7,1,80,1,2,1,8}([7]0,5,7)([8]0,2,4)([9]6,1,6)([10]9,3,1)([11]3,2,3)([12]0,1,2)([13]9,3,4)([14]11,12,3)([15]12,6,5)([16]13,0,5)([17]13,14,1)([18]1,0,3)([19]5,3,0)([20]16,6,4)([21]5,18,3)([22]21,9,1)([23]22,14,6)([24]18,7,2)([25]7,4,4)([26]20,7,3)([27]23,4,4)([28]25,7,1)([29]0,16,5)([30]4,3,4)([31]4,18,1)([32]11,12,4)([33]21,4,3)([34]16,27,7)([35]24,30,3)([36]27,20,2)([37]9,34,4)([38]13,30,5)([39]21,21,1)([40]8,39,1)([41]15,35,7)([42]11,14,4)([43]11,20,1)([44]2,26,4)([45]3,8,5)([46]24,35,0)([47]45,46,5)([48]37,47,7)([49]48,41,5)([50]39,25,7)([51]19,31,4)([52]23,33,3)([53]3,5,6)([54]29,41,7)([55]38,43,5)([56]27,44,4)([57]13,33,3)([58]15,15,5)([59]49,54,4)([60]10,33,4)([61]54,36,5)([62]45,61,2)([63]23,20,4)([64]56,61,5)([65]39,10,0)([66]44,48,5)([67]51,0,7)([68]29,34,4)([69]48,18,5)([70]53,20,4)([71]36,39,7)([72]71,13,5)([73]42,35,3)([74]52,43,6)([75]7,71,2)([76]60,56,6)([77]59,64,5)([78]50,70,6)([79]72,2,2)([80]77,20,4)([81]73,2,3)([82]32,2,4)([83]47,58,3)([84]64,62,7)([85]80,57,7)([86]72,41,0)(85)
optimized area: 123.69
time: 1139983 ms
seed: 1635823814
NOT FOUND
time: 1082952 ms
seed: 1635866899
NOT FOUND
time: 1049207 ms
seed: 1635908978
NOT FOUND
time: 1056529 ms
seed: 1635945194
NOT FOUND
time: 1055882 ms
seed: 1635981453
{7,1,80,1,2,1,8}([7]2,6,7)([8]0,3,5)([9]6,5,5)([10]6,8,5)([11]1,0,5)([12]3,9,7)([13]1,2,4)([14]4,0,4)([15]7,4,7)([16]0,5,6)([17]14,15,3)([18]4,11,4)([19]10,12,6)([20]17,0,7)([21]20,4,4)([22]20,16,5)([23]13,6,5)([24]2,12,4)([25]20,12,1)([26]5,2,4)([27]19,18,3)([28]10,4,2)([29]21,2,5)([30]24,27,7)([31]26,13,6)([32]22,30,7)([33]23,9,4)([34]1,5,3)([35]34,14,2)([36]2,35,2)([37]32,33,3)([38]16,28,1)([39]31,37,6)([40]12,25,6)([41]11,36,2)([42]39,41,4)([43]25,2,6)([44]43,30,6)([45]43,28,7)([46]6,28,5)([47]31,34,4)([48]45,39,4)([49]5,42,5)([50]40,0,4)([51]19,26,3)([52]18,11,2)([53]4,44,6)([54]24,41,0)([55]42,48,3)([56]28,40,4)([57]55,49,4)([58]26,56,5)([59]42,41,7)([60]18,9,1)([61]8,8,2)([62]56,32,5)([63]23,51,4)([64]57,37,4)([65]27,52,5)([66]14,36,4)([67]38,33,2)([68]17,54,6)([69]51,30,0)([70]7,15,0)([71]14,13,1)([72]59,48,6)([73]39,19,7)([74]62,69,1)([75]46,73,5)([76]31,7,2)([77]35,9,6)([78]4,45,2)([79]40,39,4)([80]75,37,6)([81]37,57,4)([82]35,17,0)([83]69,59,0)([84]6,22,4)([85]3,8,0)([86]2,66,1)(64)
evaluations: 23375928
first invidual area: 126.98
{7,1,80,1,2,1,8}([7]0,2,7)([8]3,0,5)([9]5,6,5)([10]8,6,5)([11]1,0,5)([12]3,9,7)([13]1,2,4)([14]0,4,4)([15]6,7,7)([16]12,10,6)([17]14,15,3)([18]11,4,4)([19]5,1,3)([20]13,6,5)([21]5,17,6)([22]3,21,5)([23]2,12,7)([24]21,18,5)([25]11,19,2)([26]5,1,4)([27]18,16,3)([28]4,10,5)([29]9,20,4)([30]23,27,4)([31]26,13,6)([32]30,24,7)([33]17,7,7)([34]26,32,5)([35]16,11,5)([36]3,35,7)([37]32,29,3)([38]2,25,2)([39]37,31,6)([40]12,14,6)([41]38,14,5)([42]39,41,7)([43]33,2,3)([44]22,40,3)([45]28,43,7)([46]17,15,0)([47]2,25,4)([48]14,30,1)([49]5,38,6)([50]39,45,4)([51]16,36,5)([52]42,5,5)([53]29,33,5)([54]3,18,7)([55]52,32,0)([56]42,50,3)([57]55,56,5)([58]34,20,6)([59]53,47,0)([60]37,57,4)([61]32,2,6)([62]23,1,0)([63]5,42,4)([64]5,54,5)([65]52,40,6)([66]14,25,5)([67]7,22,1)([68]20,64,7)([69]37,41,0)([70]24,11,2)([71]21,6,7)([72]7,38,0)([73]35,8,0)([74]16,52,6)([75]57,41,1)([76]51,12,7)([77]18,44,0)([78]2,75,0)([79]33,44,2)([80]52,42,0)([81]51,61,6)([82]72,23,1)([83]82,5,5)([84]53,19,4)([85]62,13,5)([86]40,56,2)(60)
optimized area: 121.82
time: 1250997 ms
seed: 1636017231
NOT FOUND
time: 1070785 ms
seed: 1636052026
{7,1,80,1,2,1,8}([7]3,1,4)([8]3,0,7)([9]6,7,5)([10]3,0,6)([11]2,1,3)([12]1,2,5)([13]0,8,3)([14]5,9,7)([15]9,5,0)([16]0,11,2)([17]4,9,1)([18]5,10,2)([19]4,11,1)([20]9,17,7)([21]15,9,3)([22]17,1,4)([23]6,10,4)([24]12,14,7)([25]22,8,6)([26]24,10,4)([27]2,8,2)([28]24,4,5)([29]14,16,4)([30]9,0,4)([31]13,28,3)([32]25,2,3)([33]11,26,4)([34]27,18,6)([35]29,34,1)([36]4,2,7)([37]13,1,4)([38]29,20,5)([39]30,6,1)([40]28,9,2)([41]27,19,4)([42]25,40,2)([43]15,3,0)([44]33,9,3)([45]38,23,4)([46]38,44,5)([47]42,45,6)([48]44,13,4)([49]24,33,4)([50]6,19,6)([51]23,11,7)([52]7,51,3)([53]29,41,6)([54]22,43,1)([55]53,18,6)([56]32,55,2)([57]34,51,4)([58]36,48,5)([59]58,47,2)([60]57,2,0)([61]40,58,3)([62]60,59,6)([63]47,3,4)([64]62,63,4)([65]24,41,1)([66]56,52,2)([67]44,47,5)([68]28,34,7)([69]0,64,7)([70]31,43,0)([71]66,68,6)([72]45,29,4)([73]31,66,7)([74]63,11,3)([75]0,39,3)([76]71,69,3)([77]22,4,7)([78]5,6,4)([79]29,36,3)([80]12,57,0)([81]36,53,5)([82]55,27,5)([83]63,2,5)([84]28,64,3)([85]74,22,2)([86]35,13,1)(76)
evaluations: 19155122
first invidual area: 157.43
{7,1,80,1,2,1,8}([7]3,1,4)([8]3,0,7)([9]3,5,6)([10]7,6,5)([11]2,1,3)([12]6,3,0)([13]2,4,0)([14]5,10,7)([15]0,3,6)([16]4,10,4)([17]4,1,7)([18]5,15,2)([19]17,13,5)([20]6,8,0)([21]14,19,7)([22]18,8,0)([23]15,6,4)([24]20,1,4)([25]8,17,6)([26]11,0,5)([27]2,8,2)([28]21,4,5)([29]14,26,7)([30]10,25,2)([31]25,27,6)([32]0,15,3)([33]14,29,1)([34]27,22,6)([35]8,14,5)([36]13,4,7)([37]34,28,7)([38]16,29,5)([39]9,34,3)([40]26,0,0)([41]27,30,6)([42]15,6,3)([43]31,5,3)([44]17,12,0)([45]38,23,4)([46]36,29,6)([47]30,45,6)([48]43,32,5)([49]13,30,4)([50]26,31,5)([51]23,11,7)([52]7,51,3)([53]37,21,5)([54]21,7,6)([55]46,18,6)([56]50,52,5)([57]34,51,4)([58]36,48,5)([59]58,47,2)([60]34,0,6)([61]50,55,2)([62]57,59,3)([63]3,32,6)([64]62,8,7)([65]29,9,7)([66]52,61,2)([67]64,47,4)([68]5,4,0)([69]35,53,7)([70]39,61,7)([71]66,37,6)([72]24,10,7)([73]39,22,7)([74]65,1,5)([75]42,65,2)([76]61,22,5)([77]64,27,3)([78]76,23,7)([79]72,57,4)([80]46,66,7)([81]22,42,6)([82]67,71,3)([83]60,56,2)([84]83,70,1)([85]44,29,2)([86]40,47,7)(82)
optimized area: 132.11
time: 1279023 ms
seed: 1636085842
NOT FOUND
time: 1042372 ms
seed: 1636118979
{7,1,80,1,2,1,8}([7]5,0,5)([8]2,6,2)([9]6,4,4)([10]8,1,3)([11]3,0,5)([12]5,2,5)([13]12,11,7)([14]11,6,1)([15]9,10,7)([16]15,6,5)([17]15,13,4)([18]10,6,4)([19]3,18,2)([20]2,9,5)([21]1,4,4)([22]7,19,4)([23]22,17,7)([24]22,0,0)([25]17,5,3)([26]5,6,1)([27]10,0,4)([28]22,14,3)([29]21,25,4)([30]17,20,5)([31]30,4,4)([32]17,9,2)([33]4,30,2)([34]32,2,4)([35]10,2,3)([36]30,16,2)([37]21,3,4)([38]20,22,5)([39]0,17,2)([40]24,20,0)([41]25,23,0)([42]32,0,3)([43]35,41,3)([44]39,7,4)([45]10,29,1)([46]23,5,2)([47]14,23,3)([48]29,39,0)([49]39,4,1)([50]21,38,5)([51]49,44,5)([52]43,37,7)([53]51,12,4)([54]8,6,5)([55]23,34,5)([56]14,28,6)([57]55,11,4)([58]57,18,2)([59]30,43,3)([60]50,27,7)([61]34,7,0)([62]35,56,6)([63]13,52,2)([64]31,46,3)([65]49,4,0)([66]13,23,2)([67]8,29,5)([68]8,56,2)([69]4,50,4)([70]53,63,5)([71]56,60,3)([72]59,25,4)([73]70,60,3)([74]29,3,6)([75]59,39,2)([76]17,69,5)([77]61,73,6)([78]71,58,2)([79]21,74,6)([80]65,65,6)([81]78,73,4)([82]54,34,5)([83]9,82,4)([84]81,64,7)([85]51,59,1)([86]52,46,4)(84)
evaluations: 37175468
first invidual area: 150.39
{7,1,80,1,2,1,8}([7]0,5,5)([8]6,2,2)([9]4,6,4)([10]8,1,3)([11]0,3,5)([12]2,5,5)([13]12,11,7)([14]8,12,3)([15]10,13,4)([16]3,11,1)([17]15,9,7)([18]6,10,4)([19]3,18,5)([20]2,9,5)([21]4,1,4)([22]7,19,7)([23]22,17,7)([24]10,5,3)([25]18,13,2)([26]23,19,2)([27]11,4,0)([28]15,9,5)([29]28,7,6)([30]20,17,5)([31]10,0,7)([32]3,28,0)([33]5,32,5)([34]2,28,7)([35]23,0,5)([36]22,35,5)([37]21,32,7)([38]20,22,5)([39]35,32,2)([40]22,15,1)([41]38,39,0)([42]23,38,0)([43]8,8,3)([44]7,8,6)([45]26,44,2)([46]23,5,2)([47]31,41,2)([48]7,40,2)([49]34,24,3)([50]21,38,5)([51]2,35,0)([52]49,37,4)([53]21,36,5)([54]23,14,1)([55]23,34,5)([56]2,43,5)([57]55,11,4)([58]57,18,2)([59]4,30,4)([60]50,31,4)([61]37,60,7)([62]12,31,1)([63]13,52,2)([64]59,46,6)([65]38,45,6)([66]35,37,3)([67]17,57,2)([68]35,67,6)([69]38,52,1)([70]53,63,5)([71]62,60,3)([72]58,32,2)([73]70,60,6)([74]4,16,7)([75]64,33,2)([76]58,42,3)([77]13,8,5)([78]71,58,2)([79]32,61,1)([80]61,31,5)([81]78,73,3)([82]58,19,4)([83]58,18,6)([84]81,64,7)([85]74,24,5)([86]8,56,5)(84)
optimized area: 130.70
time: 1155783 ms
seed: 1636151581
{7,1,80,1,2,1,8}([7]2,4,7)([8]0,5,7)([9]1,8,3)([10]3,9,7)([11]5,2,5)([12]10,6,3)([13]1,4,4)([14]12,13,4)([15]10,1,5)([16]1,14,6)([17]14,6,3)([18]17,8,1)([19]0,11,4)([20]12,8,6)([21]13,16,7)([22]15,5,2)([23]5,19,4)([24]21,22,7)([25]15,24,2)([26]15,11,7)([27]18,19,6)([28]1,10,7)([29]7,23,4)([30]10,29,6)([31]28,24,3)([32]27,10,5)([33]31,7,2)([34]19,33,5)([35]32,2,6)([36]31,16,4)([37]8,28,5)([38]35,22,7)([39]34,18,7)([40]13,29,2)([41]33,39,4)([42]34,6,7)([43]38,29,4)([44]13,14,6)([45]7,41,2)([46]40,4,5)([47]33,46,4)([48]36,30,2)([49]43,48,7)([50]1,35,6)([51]40,16,3)([52]6,35,4)([53]25,47,7)([54]16,41,1)([55]49,45,1)([56]41,24,5)([57]22,26,6)([58]30,41,5)([59]53,8,5)([60]40,53,2)([61]52,59,7)([62]4,56,1)([63]61,55,3)([64]43,29,3)([65]28,36,0)([66]46,16,1)([67]8,13,7)([68]12,25,5)([69]4,49,2)([70]23,3,0)([71]9,27,2)([72]21,2,3)([73]63,58,5)([74]71,19,6)([75]8,11,7)([76]26,13,3)([77]16,66,3)([78]24,12,2)([79]72,51,0)([80]67,76,3)([81]54,53,0)([82]10,6,0)([83]79,81,2)([84]46,60,1)([85]71,82,6)([86]73,45,6)(86)
evaluations: 14161955
first invidual area: 153.69
{7,1,80,1,2,1,8}([7]2,4,7)([8]5,0,7)([9]1,8,3)([10]9,3,7)([11]10,1,7)([12]10,6,6)([13]4,1,4)([14]12,13,7)([15]10,1,5)([16]14,1,6)([17]6,14,6)([18]5,2,5)([19]18,0,4)([20]5,19,7)([21]20,17,0)([22]15,5,5)([23]22,16,4)([24]13,23,7)([25]24,15,5)([26]19,2,6)([27]18,10,6)([28]19,11,1)([29]7,20,7)([30]10,29,6)([31]24,11,3)([32]10,26,5)([33]7,31,2)([34]21,23,1)([35]32,17,6)([36]31,16,4)([37]2,23,5)([38]35,29,4)([39]12,36,3)([40]33,28,5)([41]40,17,7)([42]30,37,1)([43]22,38,4)([44]38,28,2)([45]41,7,2)([46]13,4,2)([47]33,46,3)([48]30,36,5)([49]43,48,4)([50]34,13,5)([51]22,39,0)([52]6,35,4)([53]25,47,7)([54]30,6,0)([55]8,40,3)([56]46,47,3)([57]6,56,2)([58]30,41,5)([59]53,8,5)([60]59,52,4)([61]5,10,1)([62]53,50,2)([63]60,49,5)([64]57,13,2)([65]7,48,7)([66]60,30,2)([67]54,66,2)([68]40,2,1)([69]0,60,1)([70]52,60,3)([71]1,52,7)([72]33,51,7)([73]63,58,5)([74]73,45,6)([75]3,4,5)([76]73,73,1)([77]71,0,6)([78]63,68,2)([79]5,20,5)([80]52,72,2)([81]70,24,3)([82]30,40,0)([83]41,29,3)([84]39,57,3)([85]52,5,4)([86]20,15,4)(74)
optimized area: 141.50
time: 1488255 ms
seed: 1636184028
NOT FOUND
time: 1081185 ms
seed: 1636214641
NOT FOUND
time: 1068875 ms
seed: 1636244587
{7,1,80,1,2,1,8}([7]5,6,1)([8]4,1,2)([9]0,2,7)([10]4,2,2)([11]8,3,4)([12]6,5,6)([13]7,0,1)([14]9,7,5)([15]2,6,6)([16]12,15,4)([17]4,9,3)([18]13,0,4)([19]11,16,3)([20]17,18,4)([21]19,6,7)([22]18,10,4)([23]16,20,6)([24]22,14,2)([25]4,18,2)([26]11,0,7)([27]4,3,7)([28]2,6,5)([29]7,11,0)([30]27,6,6)([31]30,0,6)([32]7,17,0)([33]13,4,4)([34]17,5,5)([35]3,15,7)([36]27,21,2)([37]23,1,4)([38]17,21,2)([39]12,19,4)([40]5,19,6)([41]30,23,4)([42]16,0,4)([43]40,36,6)([44]11,42,5)([45]26,37,7)([46]44,38,7)([47]5,39,6)([48]34,43,2)([49]24,48,6)([50]42,23,1)([51]25,46,6)([52]51,45,5)([53]28,17,5)([54]38,31,3)([55]47,36,7)([56]27,10,5)([57]9,2,7)([58]54,49,4)([59]13,28,6)([60]4,58,7)([61]8,8,2)([62]36,3,3)([63]56,28,5)([64]4,57,0)([65]10,1,1)([66]25,65,0)([67]31,15,0)([68]60,27,0)([69]61,57,6)([70]0,1,0)([71]21,56,3)([72]71,58,5)([73]53,4,0)([74]31,65,6)([75]40,44,1)([76]48,10,5)([77]29,49,1)([78]38,43,7)([79]41,20,2)([80]71,43,6)([81]11,61,6)([82]54,27,4)([83]52,72,5)([84]65,12,1)([85]78,25,6)([86]40,11,5)(83)
evaluations: 46778889
first invidual area: 128.35
{7,1,80,1,2,1,8}([7]4,2,0)([8]7,1,2)([9]0,2,7)([10]7,6,1)([11]8,3,4)([12]6,5,6)([13]3,3,2)([14]2,10,5)([15]2,6,6)([16]12,15,4)([17]7,9,3)([18]5,0,4)([19]11,16,3)([20]17,18,3)([21]19,6,7)([22]18,2,4)([23]20,19,6)([24]22,14,2)([25]7,18,2)([26]11,0,7)([27]7,3,7)([28]25,12,7)([29]27,1,1)([30]27,6,6)([31]30,0,6)([32]30,19,1)([33]11,12,3)([34]17,5,5)([35]3,10,6)([36]4,13,2)([37]23,1,7)([38]17,21,2)([39]18,15,3)([40]5,19,6)([41]22,36,4)([42]16,1,4)([43]40,36,6)([44]11,42,5)([45]26,37,4)([46]44,38,7)([47]24,29,1)([48]34,43,2)([49]24,48,6)([50]9,21,3)([51]25,46,6)([52]51,45,5)([53]39,31,4)([54]38,31,3)([55]30,51,5)([56]36,2,5)([57]35,17,1)([58]54,49,4)([59]18,44,1)([60]55,38,2)([61]29,30,3)([62]61,19,4)([63]58,8,5)([64]46,34,1)([65]55,54,7)([66]65,47,7)([67]36,9,2)([68]21,7,3)([69]36,22,6)([70]0,2,0)([71]38,56,3)([72]71,58,5)([73]61,34,5)([74]43,14,2)([75]6,73,6)([76]9,52,1)([77]38,44,0)([78]30,63,3)([79]18,30,4)([80]8,11,1)([81]0,5,1)([82]37,24,7)([83]63,31,0)([84]42,22,2)([85]53,55,6)([86]52,72,5)(86)
optimized area: 122.26
time: 1086858 ms
seed: 1636263793
NOT FOUND
time: 1050612 ms
seed: 1636280386
NOT FOUND
time: 1071371 ms
seed: 1636296779
NOT FOUND
time: 1056480 ms
seed: 1636313148
NOT FOUND
time: 1062219 ms
seed: 1636329437
{7,1,80,1,2,1,8}([7]5,0,5)([8]3,6,4)([9]2,4,7)([10]5,9,4)([11]8,1,5)([12]1,0,7)([13]4,7,7)([14]9,12,4)([15]7,14,5)([16]14,15,5)([17]6,10,3)([18]5,12,3)([19]0,8,0)([20]16,0,2)([21]3,15,2)([22]3,20,4)([23]18,8,7)([24]17,12,3)([25]2,0,4)([26]3,13,7)([27]14,26,7)([28]24,1,7)([29]10,14,5)([30]27,5,3)([31]13,10,7)([32]26,27,0)([33]11,14,1)([34]25,33,2)([35]23,20,4)([36]21,17,4)([37]24,13,2)([38]2,33,7)([39]1,14,3)([40]36,5,5)([41]1,34,4)([42]0,26,6)([43]32,41,7)([44]42,4,6)([45]25,10,2)([46]43,18,6)([47]22,14,0)([48]34,37,4)([49]44,37,3)([50]31,46,4)([51]36,22,3)([52]28,28,4)([53]31,30,3)([54]42,9,6)([55]0,45,0)([56]17,47,5)([57]47,35,3)([58]49,6,4)([59]6,52,6)([60]19,37,0)([61]24,36,3)([62]41,28,3)([63]14,46,7)([64]23,54,5)([65]8,16,4)([66]48,26,1)([67]35,56,2)([68]64,44,2)([69]51,48,7)([70]53,66,5)([71]6,50,2)([72]62,10,4)([73]61,32,5)([74]71,51,5)([75]53,19,7)([76]16,13,3)([77]67,70,3)([78]74,56,1)([79]64,77,5)([80]78,79,3)([81]9,3,7)([82]57,0,4)([83]41,40,1)([84]79,39,1)([85]0,24,1)([86]64,32,6)(80)
evaluations: 14158091
first invidual area: 145.23
{7,1,80,1,2,1,8}([7]3,6,4)([8]4,2,0)([9]2,4,7)([10]9,2,0)([11]5,0,5)([12]1,0,7)([13]8,11,7)([14]9,12,4)([15]13,9,5)([16]8,8,7)([17]14,5,5)([18]5,12,3)([19]5,6,0)([20]0,17,5)([21]7,1,2)([22]7,4,6)([23]7,18,7)([24]0,4,1)([25]9,5,7)([26]3,13,7)([27]26,14,7)([28]27,25,3)([29]4,5,5)([30]27,23,3)([31]14,20,3)([32]30,13,6)([33]20,23,7)([34]1,10,6)([35]4,18,0)([36]29,27,4)([37]22,29,4)([38]12,21,3)([39]12,20,0)([40]25,13,7)([41]33,23,5)([42]29,35,4)([43]41,26,4)([44]22,21,3)([45]20,10,4)([46]43,18,6)([47]29,21,5)([48]10,29,2)([49]43,6,1)([50]46,40,7)([51]41,6,4)([52]13,50,6)([53]28,5,3)([54]13,20,3)([55]39,27,3)([56]49,52,5)([57]55,13,5)([58]47,57,7)([59]41,21,3)([60]58,54,4)([61]36,46,7)([62]37,26,4)([63]23,24,6)([64]42,5,7)([65]1,9,1)([66]9,49,6)([67]3,4,1)([68]23,66,5)([69]35,24,6)([70]53,58,5)([71]50,6,2)([72]56,33,2)([73]18,62,6)([74]71,31,2)([75]10,61,2)([76]68,16,4)([77]72,70,3)([78]76,43,5)([79]68,77,5)([80]74,79,3)([81]33,73,2)([82]15,43,7)([83]52,31,5)([84]39,20,2)([85]77,39,3)([86]6,43,0)(80)
optimized area: 120.39
time: 1330031 ms
