seed: 1633848891
NOT FOUND
time: 535363 ms
seed: 1633935651
{7,1,80,1,2,1,8}([7]1,6,4)([8]0,6,6)([9]5,0,7)([10]3,6,4)([11]0,2,6)([12]7,3,1)([13]4,11,4)([14]8,3,6)([15]1,0,2)([16]12,9,3)([17]2,8,7)([18]2,14,4)([19]16,13,2)([20]10,5,4)([21]12,10,3)([22]0,17,7)([23]22,3,5)([24]21,13,3)([25]15,7,5)([26]24,5,3)([27]20,19,5)([28]18,17,5)([29]7,27,2)([30]22,12,6)([31]29,18,5)([32]17,20,7)([33]9,18,7)([34]30,0,5)([35]10,2,4)([36]3,29,6)([37]31,5,3)([38]37,4,7)([39]33,15,3)([40]34,15,3)([41]23,24,4)([42]33,20,1)([43]12,20,2)([44]40,41,2)([45]13,5,4)([46]38,28,4)([47]32,23,4)([48]46,39,6)([49]13,26,2)([50]32,27,7)([51]47,25,0)([52]43,44,4)([53]41,50,3)([54]30,32,2)([55]54,53,7)([56]46,16,2)([57]37,28,6)([58]33,28,1)([59]52,55,3)([60]40,56,4)([61]54,55,1)([62]21,43,4)([63]16,39,2)([64]4,27,0)([65]13,59,7)([66]38,49,5)([67]22,44,5)([68]60,45,3)([69]44,50,5)([70]12,53,1)([71]62,31,2)([72]50,62,0)([73]66,48,4)([74]42,61,4)([75]57,73,6)([76]35,71,7)([77]26,11,0)([78]73,59,2)([79]61,50,5)([80]46,56,4)([81]78,69,7)([82]75,74,4)([83]76,25,4)([84]3,75,3)([85]34,0,7)([86]47,50,0)(81)
evaluations: 29025537
first invidual area: 150.39
{7,1,80,1,2,1,8}([7]1,6,4)([8]0,6,6)([9]5,0,7)([10]6,3,4)([11]2,0,3)([12]7,7,1)([13]4,11,7)([14]8,3,6)([15]0,1,2)([16]12,9,3)([17]8,2,7)([18]14,2,4)([19]13,16,2)([20]10,5,4)([21]12,13,3)([22]0,17,7)([23]3,22,5)([24]21,10,3)([25]18,7,5)([26]9,18,7)([27]19,20,5)([28]17,18,5)([29]1,17,6)([30]12,22,6)([31]25,5,3)([32]17,20,7)([33]13,10,1)([34]29,29,4)([35]23,2,5)([36]10,28,1)([37]30,3,5)([38]31,4,2)([39]15,26,3)([40]23,28,0)([41]24,40,5)([42]29,25,5)([43]12,20,5)([44]37,41,5)([45]26,14,7)([46]38,28,4)([47]24,1,5)([48]46,39,6)([49]31,7,1)([50]27,32,7)([51]36,23,4)([52]43,44,7)([53]41,50,3)([54]32,30,5)([55]54,33,5)([56]26,31,3)([57]54,53,7)([58]44,11,0)([59]52,57,5)([60]3,30,0)([61]24,48,0)([62]5,28,0)([63]44,13,1)([64]38,13,5)([65]15,4,2)([66]13,0,4)([67]26,24,0)([68]60,36,1)([69]29,36,1)([70]54,56,1)([71]8,38,7)([72]55,11,4)([73]64,48,4)([74]29,45,4)([75]35,53,5)([76]57,24,1)([77]60,43,5)([78]73,59,5)([79]50,41,5)([80]43,52,1)([81]78,79,4)([82]38,79,2)([83]55,53,4)([84]74,17,6)([85]79,25,1)([86]47,77,2)(81)
optimized area: 133.51
time: 611649 ms
seed: 1633963414
{7,1,80,1,2,1,8}([7]3,3,0)([8]3,1,2)([9]1,1,3)([10]0,4,6)([11]8,5,3)([12]10,0,3)([13]5,9,4)([14]8,12,6)([15]2,10,3)([16]2,13,4)([17]15,4,6)([18]8,7,2)([19]3,14,7)([20]17,1,5)([21]18,3,5)([22]11,15,2)([23]6,0,3)([24]23,2,7)([25]6,17,7)([26]25,24,6)([27]6,19,7)([28]27,22,4)([29]13,11,2)([30]6,23,0)([31]9,25,3)([32]13,23,3)([33]10,25,3)([34]20,24,7)([35]21,26,6)([36]28,35,5)([37]18,0,5)([38]3,30,5)([39]25,13,6)([40]21,29,4)([41]40,33,5)([42]34,29,2)([43]0,9,4)([44]13,20,5)([45]26,43,3)([46]4,42,6)([47]1,24,6)([48]5,2,1)([49]47,19,5)([50]27,6,1)([51]28,48,1)([52]14,24,6)([53]52,48,5)([54]28,36,5)([55]25,52,4)([56]46,49,2)([57]45,53,7)([58]46,11,2)([59]19,57,6)([60]57,56,3)([61]48,4,3)([62]20,12,5)([63]60,42,3)([64]60,3,4)([65]37,54,2)([66]7,14,2)([67]65,53,5)([68]64,48,0)([69]56,33,6)([70]2,9,5)([71]20,11,1)([72]64,30,5)([73]67,69,4)([74]65,60,5)([75]26,43,0)([76]69,14,4)([77]17,57,5)([78]15,56,3)([79]32,36,2)([80]1,68,5)([81]57,30,1)([82]5,33,3)([83]10,44,2)([84]73,63,2)([85]8,73,6)([86]48,13,5)(84)
evaluations: 41047538
first invidual area: 121.76
{7,1,80,1,2,1,8}([7]1,0,4)([8]1,3,2)([9]2,4,3)([10]4,0,6)([11]5,8,3)([12]8,0,3)([13]5,1,5)([14]12,10,6)([15]10,2,3)([16]15,11,5)([17]6,0,6)([18]13,14,0)([19]3,14,7)([20]6,19,4)([21]1,16,2)([22]0,0,4)([23]19,1,4)([24]17,2,4)([25]7,1,5)([26]8,5,1)([27]6,9,4)([28]16,20,4)([29]13,11,2)([30]24,14,6)([31]2,11,5)([32]30,31,7)([33]10,27,3)([34]21,24,3)([35]14,22,1)([36]8,9,5)([37]8,0,5)([38]14,36,6)([39]34,17,1)([40]34,2,6)([41]9,13,5)([42]34,29,2)([43]30,29,3)([44]29,22,4)([45]40,7,3)([46]4,42,6)([47]5,29,2)([48]21,0,3)([49]39,19,5)([50]45,38,0)([51]32,24,0)([52]5,20,1)([53]30,52,5)([54]28,36,5)([55]16,1,1)([56]46,49,2)([57]50,53,7)([58]30,32,2)([59]11,31,1)([60]57,56,3)([61]47,26,5)([62]16,14,6)([63]60,42,3)([64]10,47,1)([65]37,54,2)([66]2,42,4)([67]65,53,5)([68]12,14,1)([69]56,33,6)([70]16,33,4)([71]32,67,6)([72]57,6,5)([73]67,69,4)([74]10,69,4)([75]18,0,7)([76]75,6,1)([77]44,7,1)([78]24,53,4)([79]27,45,7)([80]34,15,0)([81]74,31,5)([82]30,37,0)([83]25,60,6)([84]73,63,2)([85]55,71,6)([86]18,39,5)(84)
optimized area: 109.10
time: 552400 ms
seed: 1633986321
{7,1,80,1,2,1,8}([7]2,6,5)([8]2,3,4)([9]5,0,7)([10]6,4,4)([11]3,5,6)([12]8,5,7)([13]10,11,2)([14]11,10,7)([15]7,13,4)([16]9,11,5)([17]1,10,4)([18]4,16,7)([19]1,9,4)([20]0,13,3)([21]2,17,4)([22]18,19,4)([23]19,15,2)([24]0,7,7)([25]15,22,3)([26]23,12,2)([27]15,26,1)([28]6,12,7)([29]27,19,1)([30]6,25,7)([31]20,26,3)([32]4,26,2)([33]3,32,7)([34]14,31,7)([35]34,23,5)([36]33,24,6)([37]34,9,6)([38]8,16,0)([39]37,30,3)([40]7,3,5)([41]31,26,4)([42]39,40,7)([43]18,0,5)([44]39,37,5)([45]4,8,7)([46]38,41,3)([47]42,10,4)([48]0,23,5)([49]34,14,2)([50]8,12,5)([51]46,33,5)([52]24,21,2)([53]5,38,0)([54]50,0,6)([55]8,20,5)([56]46,42,5)([57]47,51,7)([58]20,33,1)([59]52,28,5)([60]23,36,1)([61]57,15,4)([62]28,55,5)([63]25,62,6)([64]58,6,0)([65]31,57,4)([66]36,1,5)([67]19,53,0)([68]27,62,0)([69]37,24,1)([70]23,15,7)([71]8,21,5)([72]59,57,5)([73]31,25,3)([74]67,17,3)([75]56,66,6)([76]33,54,2)([77]72,75,6)([78]40,1,4)([79]41,68,1)([80]50,67,0)([81]45,62,3)([82]34,36,2)([83]0,0,3)([84]13,63,5)([85]6,30,0)([86]28,14,6)(77)
evaluations: 35115617
first invidual area: 143.86
{7,1,80,1,2,1,8}([7]2,6,5)([8]3,2,4)([9]5,0,7)([10]6,4,4)([11]5,3,6)([12]8,5,7)([13]11,10,2)([14]11,10,4)([15]13,7,4)([16]9,11,5)([17]1,10,7)([18]16,4,7)([19]1,9,4)([20]13,0,3)([21]2,17,7)([22]19,18,4)([23]19,15,2)([24]0,7,7)([25]15,22,6)([26]23,12,2)([27]15,3,5)([28]6,12,7)([29]13,19,6)([30]25,6,4)([31]20,26,3)([32]26,4,5)([33]23,3,0)([34]14,31,4)([35]24,14,6)([36]9,4,5)([37]9,34,6)([38]34,30,4)([39]37,30,6)([40]17,14,0)([41]31,26,4)([42]39,27,4)([43]5,24,4)([44]18,9,5)([45]14,28,1)([46]8,41,3)([47]42,10,7)([48]14,20,7)([49]32,3,4)([50]24,47,1)([51]46,49,5)([52]24,28,2)([53]12,33,2)([54]33,44,1)([55]43,8,1)([56]46,35,5)([57]47,51,4)([58]10,9,6)([59]52,21,5)([60]24,23,4)([61]0,52,7)([62]45,51,4)([63]19,8,0)([64]15,46,1)([65]37,16,2)([66]1,51,5)([67]4,6,0)([68]46,62,3)([69]4,16,6)([70]17,23,3)([71]69,41,6)([72]59,57,5)([73]10,3,4)([74]1,62,4)([75]56,66,6)([76]41,24,0)([77]72,75,6)([78]66,25,7)([79]13,8,7)([80]5,52,5)([81]62,24,3)([82]9,74,6)([83]72,75,6)([84]2,57,6)([85]13,4,0)([86]74,85,6)(77)
optimized area: 143.39
time: 595859 ms
seed: 1634035316
NOT FOUND
time: 521264 ms
seed: 1634149422
{7,1,80,1,2,1,8}([7]1,4,4)([8]0,5,2)([9]1,4,5)([10]5,3,6)([11]10,9,5)([12]9,4,0)([13]9,2,2)([14]0,2,3)([15]13,3,7)([16]11,6,3)([17]8,3,1)([18]16,15,2)([19]0,12,1)([20]14,4,7)([21]7,6,4)([22]15,2,5)([23]21,17,4)([24]6,22,4)([25]13,1,6)([26]13,0,4)([27]4,6,3)([28]27,21,5)([29]26,7,2)([30]5,20,7)([31]5,14,2)([32]9,23,5)([33]0,31,4)([34]5,30,5)([35]31,24,2)([36]30,28,3)([37]32,30,6)([38]31,18,7)([39]35,8,4)([40]11,25,7)([41]33,24,2)([42]2,12,3)([43]27,38,7)([44]12,18,3)([45]27,16,4)([46]26,37,6)([47]12,28,5)([48]41,6,7)([49]40,36,3)([50]43,44,6)([51]14,8,5)([52]41,23,2)([53]18,49,6)([54]43,36,5)([55]43,22,0)([56]49,39,3)([57]52,4,7)([58]28,50,0)([59]0,6,2)([60]39,4,6)([61]50,57,0)([62]56,55,5)([63]42,52,1)([64]60,40,4)([65]11,13,5)([66]49,24,2)([67]56,41,1)([68]64,46,3)([69]31,29,5)([70]69,3,2)([71]57,60,6)([72]19,45,3)([73]14,37,5)([74]27,22,0)([75]74,65,0)([76]34,46,0)([77]53,41,3)([78]62,68,5)([79]40,58,3)([80]76,32,2)([81]57,35,6)([82]71,78,4)([83]35,33,7)([84]35,33,6)([85]26,16,6)([86]9,28,5)(82)
evaluations: 13105059
first invidual area: 136.33
{7,1,80,1,2,1,8}([7]4,6,4)([8]5,3,6)([9]4,1,5)([10]2,5,4)([11]9,8,5)([12]7,1,4)([13]9,2,2)([14]8,13,4)([15]13,3,7)([16]2,15,5)([17]7,6,3)([18]5,0,5)([19]6,11,3)([20]19,6,4)([21]0,13,4)([22]13,1,6)([23]12,18,4)([24]16,6,4)([25]21,2,3)([26]19,6,6)([27]15,19,5)([28]1,10,3)([29]27,5,6)([30]4,10,4)([31]5,25,2)([32]9,5,0)([33]23,32,5)([34]22,12,0)([35]0,31,4)([36]4,20,0)([37]22,23,4)([38]27,17,4)([39]30,31,0)([40]6,12,5)([41]24,35,2)([42]40,39,3)([43]31,38,7)([44]19,29,3)([45]23,41,5)([46]8,35,5)([47]19,15,0)([48]42,22,3)([49]1,23,4)([50]0,11,2)([51]11,22,4)([52]39,1,0)([53]31,24,5)([54]9,23,3)([55]46,27,7)([56]33,52,6)([57]45,4,4)([58]53,18,4)([59]27,2,5)([60]58,4,6)([61]57,25,6)([62]48,43,5)([63]19,8,0)([64]46,30,5)([65]21,56,6)([66]51,60,7)([67]34,36,4)([68]65,66,3)([69]50,26,3)([70]25,62,0)([71]57,60,6)([72]26,5,5)([73]56,26,7)([74]62,68,5)([75]0,68,5)([76]15,27,1)([77]60,42,2)([78]65,40,4)([79]6,34,5)([80]49,8,1)([81]78,61,0)([82]71,74,4)([83]44,35,2)([84]8,46,5)([85]49,80,4)([86]31,28,5)(82)
optimized area: 130.71
time: 651455 ms
seed: 1634196716
{7,1,80,1,2,1,8}([7]2,3,7)([8]1,4,3)([9]4,6,3)([10]1,8,5)([11]8,5,5)([12]0,1,5)([13]0,9,2)([14]5,6,2)([15]6,7,3)([16]13,10,6)([17]7,9,4)([18]15,2,2)([19]6,5,3)([20]3,1,2)([21]3,0,2)([22]17,0,6)([23]16,15,2)([24]2,12,4)([25]24,13,4)([26]4,8,3)([27]14,7,7)([28]4,8,0)([29]18,22,3)([30]17,26,7)([31]2,12,5)([32]27,25,6)([33]28,32,6)([34]19,23,4)([35]21,11,7)([36]18,35,5)([37]31,1,7)([38]1,23,7)([39]28,15,7)([40]13,2,5)([41]36,32,3)([42]34,15,2)([43]36,11,2)([44]35,9,4)([45]20,19,3)([46]37,39,7)([47]11,42,7)([48]41,22,0)([49]11,16,1)([50]2,41,3)([51]46,42,6)([52]44,20,4)([53]30,20,1)([54]32,2,4)([55]44,51,2)([56]28,38,2)([57]33,52,2)([58]34,57,5)([59]30,36,6)([60]20,43,5)([61]40,52,7)([62]18,41,2)([63]37,0,0)([64]40,5,2)([65]28,4,6)([66]4,42,2)([67]33,62,7)([68]19,56,3)([69]66,62,6)([70]5,68,4)([71]68,57,3)([72]20,54,0)([73]47,14,3)([74]61,56,2)([75]58,52,6)([76]74,49,5)([77]71,29,4)([78]6,18,3)([79]0,40,7)([80]55,77,3)([81]54,8,3)([82]19,14,1)([83]6,16,0)([84]60,65,0)([85]76,80,2)([86]67,85,4)(86)
evaluations: 6486061
first invidual area: 157.40
{7,1,80,1,2,1,8}([7]3,2,7)([8]1,4,3)([9]6,4,3)([10]5,8,5)([11]6,5,3)([12]0,1,5)([13]9,0,5)([14]13,2,7)([15]7,6,3)([16]6,5,5)([17]13,1,5)([18]15,2,2)([19]9,7,4)([20]6,13,0)([21]14,12,4)([22]21,2,4)([23]0,19,6)([24]3,0,5)([25]3,12,5)([26]15,13,5)([27]16,7,4)([28]0,21,2)([29]11,21,6)([30]0,22,5)([31]1,2,4)([32]27,21,6)([33]10,24,4)([34]9,33,4)([35]2,6,6)([36]16,2,6)([37]17,11,7)([38]1,26,5)([39]26,4,6)([40]10,10,1)([41]1,40,1)([42]21,31,2)([43]39,31,4)([44]38,33,5)([45]40,2,0)([46]7,37,4)([47]5,5,3)([48]43,37,6)([49]9,9,6)([50]32,4,6)([51]18,23,6)([52]12,22,6)([53]9,41,3)([54]18,4,1)([55]15,10,4)([56]4,38,2)([57]32,44,3)([58]15,25,6)([59]10,13,2)([60]38,1,5)([61]44,42,3)([62]18,57,5)([63]32,31,2)([64]44,48,2)([65]7,32,1)([66]24,27,2)([67]50,62,7)([68]11,56,3)([69]29,43,0)([70]60,43,1)([71]68,58,3)([72]59,3,4)([73]41,62,4)([74]61,5,2)([75]71,13,0)([76]74,56,5)([77]71,51,7)([78]6,1,5)([79]28,53,6)([80]64,77,3)([81]75,48,1)([82]57,11,7)([83]52,36,1)([84]19,13,3)([85]76,80,5)([86]67,85,4)(86)
optimized area: 129.73
time: 691164 ms
seed: 1634245675
NOT FOUND
time: 531802 ms
seed: 1634293849
NOT FOUND
time: 526812 ms
seed: 1634334249
{7,1,80,1,2,1,8}([7]4,2,7)([8]2,5,7)([9]7,3,6)([10]0,4,5)([11]4,7,3)([12]4,8,0)([13]5,3,7)([14]0,9,4)([15]4,1,4)([16]1,9,7)([17]10,6,5)([18]13,1,4)([19]4,13,3)([20]19,0,4)([21]6,13,5)([22]19,17,4)([23]10,17,1)([24]22,19,7)([25]6,7,0)([26]14,7,0)([27]25,22,3)([28]14,24,7)([29]8,0,4)([30]28,11,6)([31]24,3,3)([32]26,11,5)([33]2,15,2)([34]29,31,3)([35]3,9,4)([36]10,11,2)([37]28,29,5)([38]37,4,7)([39]18,11,4)([40]26,33,4)([41]38,15,2)([42]35,23,6)([43]35,25,6)([44]8,43,3)([45]14,24,2)([46]23,44,6)([47]43,12,0)([48]15,20,6)([49]44,41,2)([50]14,32,2)([51]48,25,5)([52]20,10,5)([53]19,39,4)([54]10,33,7)([55]1,20,1)([56]16,28,4)([57]31,34,6)([58]51,54,2)([59]22,57,6)([60]39,28,3)([61]26,28,4)([62]37,46,4)([63]49,0,0)([64]49,38,6)([65]62,9,0)([66]14,6,6)([67]41,59,3)([68]32,58,3)([69]68,57,3)([70]67,68,2)([71]60,51,5)([72]22,11,3)([73]7,13,4)([74]44,53,5)([75]39,31,4)([76]25,35,4)([77]33,10,7)([78]38,2,6)([79]26,18,6)([80]71,62,5)([81]10,39,4)([82]67,73,0)([83]36,38,2)([84]80,70,4)([85]66,30,3)([86]53,60,3)(84)
evaluations: 29377002
first invidual area: 136.34
{7,1,80,1,2,1,8}([7]4,2,7)([8]2,5,7)([9]7,3,0)([10]0,4,5)([11]4,9,3)([12]3,9,6)([13]5,3,7)([14]0,12,4)([15]4,1,4)([16]1,13,7)([17]6,10,5)([18]1,14,6)([19]4,13,6)([20]5,5,5)([21]6,6,0)([22]19,17,7)([23]3,11,0)([24]15,7,2)([25]21,3,3)([26]15,12,0)([27]3,5,2)([28]14,17,4)([29]8,0,4)([30]24,10,6)([31]2,23,1)([32]12,25,6)([33]32,8,3)([34]29,25,6)([35]9,33,7)([36]28,22,4)([37]28,29,5)([38]1,37,5)([39]13,4,1)([40]30,23,6)([41]12,39,2)([42]15,21,1)([43]14,11,5)([44]39,11,0)([45]15,15,3)([46]22,34,6)([47]14,25,2)([48]15,36,6)([49]16,11,7)([50]19,18,7)([51]21,48,5)([52]43,9,3)([53]9,18,3)([54]47,42,2)([55]51,30,2)([56]38,45,2)([57]20,51,0)([58]54,24,0)([59]10,16,1)([60]59,33,3)([61]28,49,3)([62]2,19,6)([63]54,10,6)([64]21,25,2)([65]35,52,3)([66]22,19,1)([67]56,46,3)([68]43,55,3)([69]60,37,7)([70]67,68,5)([71]61,51,5)([72]37,62,6)([73]37,51,7)([74]16,26,6)([75]62,65,6)([76]36,17,7)([77]0,44,0)([78]63,10,3)([79]37,70,3)([80]71,69,5)([81]78,65,1)([82]68,49,4)([83]39,18,6)([84]80,70,7)([85]7,20,0)([86]11,49,2)(84)
optimized area: 118.98
time: 596731 ms
seed: 1634383190
{7,1,80,1,2,1,8}([7]3,6,7)([8]7,2,2)([9]3,8,3)([10]4,5,6)([11]10,0,6)([12]5,2,7)([13]8,11,7)([14]4,9,7)([15]10,9,7)([16]4,0,7)([17]2,16,3)([18]11,14,7)([19]12,7,3)([20]7,2,0)([21]15,1,3)([22]17,20,7)([23]5,1,4)([24]3,13,7)([25]23,11,6)([26]5,3,3)([27]22,23,6)([28]2,10,1)([29]8,7,4)([30]14,19,2)([31]24,9,6)([32]0,21,2)([33]25,4,4)([34]4,30,5)([35]26,6,6)([36]25,35,3)([37]34,12,4)([38]36,0,3)([39]11,7,4)([40]18,7,3)([41]18,33,3)([42]32,22,7)([43]40,30,5)([44]42,39,5)([45]1,38,4)([46]23,14,5)([47]4,19,5)([48]15,6,7)([49]28,10,7)([50]24,41,7)([51]37,40,7)([52]19,28,1)([53]32,45,3)([54]47,42,7)([55]44,50,5)([56]28,13,3)([57]28,40,1)([58]56,19,7)([59]45,22,7)([60]9,28,0)([61]40,26,2)([62]61,42,5)([63]28,9,2)([64]58,25,7)([65]57,3,3)([66]2,53,1)([67]59,64,3)([68]16,29,7)([69]47,57,4)([70]23,63,0)([71]54,2,5)([72]30,12,0)([73]67,49,7)([74]51,67,3)([75]74,55,4)([76]2,63,2)([77]2,35,1)([78]58,49,2)([79]65,1,6)([80]61,71,6)([81]73,46,3)([82]39,50,1)([83]74,20,4)([84]58,67,2)([85]43,83,4)([86]19,50,0)(75)
evaluations: 46172167
first invidual area: 149.96
{7,1,80,1,2,1,8}([7]3,6,7)([8]7,2,2)([9]3,8,3)([10]4,5,6)([11]10,0,6)([12]5,2,7)([13]8,11,7)([14]9,4,4)([15]12,6,7)([16]4,0,7)([17]2,16,3)([18]11,14,4)([19]12,7,3)([20]15,1,3)([21]17,4,1)([22]17,7,7)([23]5,1,4)([24]3,13,4)([25]23,11,6)([26]5,3,3)([27]25,7,2)([28]2,17,1)([29]15,5,2)([30]4,19,2)([31]27,20,7)([32]0,20,5)([33]25,4,4)([34]9,30,5)([35]26,6,6)([36]25,35,3)([37]34,12,4)([38]36,0,6)([39]11,7,4)([40]18,7,6)([41]18,33,6)([42]32,22,4)([43]41,32,7)([44]42,39,5)([45]1,38,4)([46]26,4,3)([47]22,40,6)([48]42,4,0)([49]17,25,7)([50]24,41,7)([51]37,40,4)([52]44,17,2)([53]50,14,1)([54]24,51,3)([55]44,50,5)([56]28,44,3)([57]51,22,5)([58]56,19,7)([59]45,22,4)([60]30,33,6)([61]9,55,0)([62]32,10,5)([63]49,13,2)([64]58,25,7)([65]16,14,7)([66]20,59,3)([67]59,64,3)([68]5,58,0)([69]45,52,2)([70]44,2,7)([71]14,6,0)([72]19,57,7)([73]58,13,3)([74]51,67,3)([75]74,55,4)([76]63,60,4)([77]63,19,1)([78]67,59,7)([79]54,18,1)([80]7,61,5)([81]46,67,3)([82]62,6,1)([83]68,38,5)([84]12,16,6)([85]51,79,5)([86]13,56,4)(75)
optimized area: 149.49
time: 539755 ms
seed: 1634432260
{7,1,80,1,2,1,8}([7]5,4,1)([8]2,3,4)([9]2,3,4)([10]2,6,4)([11]2,7,5)([12]0,11,2)([13]5,4,4)([14]6,1,4)([15]12,14,6)([16]13,6,5)([17]10,2,5)([18]3,8,6)([19]0,17,3)([20]8,14,7)([21]18,10,6)([22]3,10,7)([23]0,7,7)([24]12,20,5)([25]24,13,4)([26]7,16,4)([27]21,22,7)([28]7,25,5)([29]11,22,6)([30]28,9,2)([31]18,5,6)([32]19,12,7)([33]32,4,7)([34]30,26,7)([35]22,34,5)([36]30,28,0)([37]33,3,2)([38]15,22,2)([39]0,36,4)([40]18,26,1)([41]19,25,4)([42]33,36,6)([43]1,39,7)([44]41,37,3)([45]32,14,5)([46]30,14,2)([47]29,34,4)([48]20,28,5)([49]48,34,0)([50]18,4,3)([51]15,48,4)([52]46,26,5)([53]50,38,1)([54]51,3,3)([55]10,52,2)([56]44,55,4)([57]42,53,6)([58]8,50,1)([59]47,43,2)([60]58,15,3)([61]30,30,4)([62]54,2,2)([63]46,23,5)([64]8,61,4)([65]7,1,7)([66]59,63,5)([67]31,43,3)([68]4,66,4)([69]10,27,1)([70]27,48,1)([71]60,60,3)([72]9,26,3)([73]4,55,3)([74]19,12,2)([75]53,18,1)([76]33,66,0)([77]44,73,5)([78]68,56,2)([79]68,54,2)([80]78,71,6)([81]22,59,4)([82]57,78,7)([83]55,43,1)([84]54,28,1)([85]18,20,4)([86]25,81,4)(82)
evaluations: 31103453
first invidual area: 144.32
{7,1,80,1,2,1,8}([7]5,6,1)([8]2,3,4)([9]6,4,0)([10]9,2,4)([11]7,2,5)([12]0,11,2)([13]5,4,4)([14]1,9,4)([15]14,8,7)([16]10,2,5)([17]3,14,6)([18]10,15,1)([19]16,0,3)([20]13,4,0)([21]1,8,6)([22]9,13,5)([23]5,17,1)([24]12,15,5)([25]20,24,4)([26]5,22,7)([27]19,25,4)([28]7,25,5)([29]28,8,2)([30]4,23,2)([31]11,17,6)([32]4,19,4)([33]32,12,4)([34]29,26,7)([35]8,33,6)([36]34,31,4)([37]3,33,2)([38]21,20,2)([39]30,21,0)([40]1,0,4)([41]9,37,7)([42]7,12,5)([43]29,40,7)([44]27,37,6)([45]37,8,6)([46]26,15,2)([47]4,0,5)([48]36,46,5)([49]10,48,5)([50]45,4,6)([51]37,42,3)([52]14,2,7)([53]36,43,2)([54]26,22,2)([55]47,19,6)([56]20,53,5)([57]37,12,7)([58]49,44,4)([59]39,4,5)([60]59,6,6)([61]27,22,1)([62]27,27,7)([63]46,32,5)([64]28,11,1)([65]41,6,4)([66]53,63,5)([67]52,14,2)([68]4,66,4)([69]35,50,6)([70]47,61,2)([71]16,15,3)([72]65,15,3)([73]16,43,0)([74]66,65,1)([75]70,0,5)([76]53,46,2)([77]61,69,4)([78]60,75,3)([79]10,44,7)([80]58,68,5)([81]3,37,4)([82]37,49,4)([83]23,77,1)([84]39,62,5)([85]80,69,4)([86]83,81,3)(85)
optimized area: 130.25
time: 597903 ms
seed: 1634492570
{7,1,80,1,2,1,8}([7]1,3,4)([8]3,2,3)([9]0,5,7)([10]3,8,4)([11]6,9,4)([12]9,1,0)([13]4,6,4)([14]9,3,3)([15]12,2,4)([16]6,11,3)([17]11,7,0)([18]16,1,4)([19]9,13,2)([20]0,18,5)([21]7,15,4)([22]3,12,4)([23]0,22,3)([24]20,9,7)([25]3,2,7)([26]13,18,3)([27]22,17,7)([28]18,0,5)([29]12,18,7)([30]16,23,7)([31]4,29,6)([32]5,4,1)([33]14,31,7)([34]13,19,0)([35]10,9,2)([36]19,8,6)([37]12,17,3)([38]33,6,4)([39]23,21,4)([40]14,18,5)([41]23,20,5)([42]9,31,7)([43]32,22,6)([44]19,27,7)([45]44,32,4)([46]40,30,2)([47]13,43,3)([48]7,41,4)([49]38,4,7)([50]36,46,6)([51]50,0,4)([52]38,42,2)([53]24,4,7)([54]25,40,3)([55]15,53,3)([56]45,52,6)([57]20,27,3)([58]1,41,7)([59]2,47,4)([60]13,10,2)([61]29,14,4)([62]59,44,1)([63]51,4,5)([64]52,28,2)([65]6,19,2)([66]55,56,4)([67]51,47,1)([68]53,36,0)([69]49,42,6)([70]69,62,3)([71]36,17,5)([72]66,58,5)([73]63,72,7)([74]66,70,5)([75]7,1,3)([76]33,30,5)([77]74,15,6)([78]69,45,5)([79]13,64,7)([80]32,15,2)([81]73,74,2)([82]43,36,7)([83]45,9,6)([84]0,79,2)([85]32,15,5)([86]35,28,7)(81)
evaluations: 20540390
first invidual area: 156.98
{7,1,80,1,2,1,8}([7]5,3,7)([8]7,0,3)([9]0,5,7)([10]0,2,7)([11]9,2,0)([12]0,2,0)([13]6,4,4)([14]11,3,3)([15]2,9,4)([16]6,11,3)([17]13,13,0)([18]16,1,4)([19]17,9,2)([20]12,18,5)([21]19,9,0)([22]4,4,3)([23]20,21,2)([24]8,8,3)([25]7,19,7)([26]24,20,5)([27]6,9,7)([28]2,3,3)([29]18,19,7)([30]16,24,2)([31]15,8,2)([32]4,29,3)([33]22,20,7)([34]33,2,7)([35]21,32,4)([36]4,30,0)([37]9,3,5)([38]27,14,4)([39]18,7,0)([40]14,39,5)([41]19,28,6)([42]31,2,6)([43]35,16,7)([44]24,37,4)([45]25,6,7)([46]40,30,2)([47]44,17,6)([48]38,32,0)([49]6,4,6)([50]41,46,3)([51]50,0,7)([52]38,35,2)([53]36,33,0)([54]33,7,5)([55]15,34,6)([56]45,52,6)([57]51,31,1)([58]1,26,7)([59]41,18,5)([60]51,58,0)([61]1,4,4)([62]34,60,2)([63]53,51,5)([64]17,1,6)([65]2,47,4)([66]55,56,7)([67]28,46,5)([68]1,29,4)([69]64,35,6)([70]69,65,3)([71]39,70,3)([72]66,58,5)([73]63,72,7)([74]66,70,5)([75]34,24,5)([76]10,7,3)([77]33,43,1)([78]20,69,5)([79]32,61,2)([80]42,70,1)([81]29,23,4)([82]24,29,0)([83]58,46,7)([84]51,77,1)([85]73,74,2)([86]76,45,3)(85)
optimized area: 144.32
time: 668813 ms
seed: 1634591790
NOT FOUND
time: 527352 ms
seed: 1634640578
NOT FOUND
time: 526358 ms
seed: 1634677126
NOT FOUND
time: 860340 ms
seed: 1634711459
{7,1,80,1,2,1,8}([7]3,6,5)([8]0,3,4)([9]1,4,4)([10]8,3,3)([11]0,4,5)([12]6,11,7)([13]7,5,4)([14]2,10,6)([15]9,6,0)([16]5,11,7)([17]2,10,2)([18]17,9,3)([19]16,9,6)([20]13,16,6)([21]0,3,2)([22]13,17,3)([23]13,2,4)([24]5,21,2)([25]23,3,4)([26]19,7,4)([27]17,24,7)([28]1,22,1)([29]25,10,4)([30]22,27,2)([31]4,12,4)([32]3,20,4)([33]13,11,5)([34]1,30,2)([35]8,10,5)([36]11,1,7)([37]22,12,7)([38]27,11,0)([39]27,34,5)([40]6,32,7)([41]20,27,6)([42]32,23,4)([43]3,2,1)([44]43,20,5)([45]0,34,1)([46]29,15,5)([47]21,34,0)([48]33,29,0)([49]17,46,7)([50]9,19,3)([51]37,40,3)([52]50,31,5)([53]4,14,4)([54]34,30,2)([55]36,16,3)([56]19,26,3)([57]51,55,5)([58]39,42,5)([59]49,29,2)([60]40,32,4)([61]41,59,3)([62]34,49,5)([63]41,34,3)([64]50,25,2)([65]44,53,6)([66]52,61,5)([67]58,66,7)([68]50,40,6)([69]57,53,5)([70]42,2,4)([71]15,18,6)([72]67,10,4)([73]35,59,7)([74]63,69,6)([75]38,44,7)([76]67,69,2)([77]21,60,2)([78]11,49,1)([79]16,13,4)([80]4,39,1)([81]0,76,4)([82]24,58,0)([83]80,76,7)([84]70,24,2)([85]0,42,1)([86]61,41,1)(76)
evaluations: 12388817
first invidual area: 141.03
{7,1,80,1,2,1,8}([7]5,3,2)([8]3,6,5)([9]4,1,4)([10]3,0,3)([11]4,0,5)([12]11,6,7)([13]8,5,4)([14]4,12,4)([15]1,13,2)([16]5,11,7)([17]10,2,2)([18]3,17,1)([19]15,17,3)([20]13,16,6)([21]19,12,2)([22]9,17,4)([23]13,2,4)([24]10,3,4)([25]3,10,0)([26]0,7,5)([27]17,26,4)([28]23,24,4)([29]27,15,5)([30]22,28,2)([31]22,15,1)([32]3,20,4)([33]2,10,3)([34]18,3,1)([35]5,8,2)([36]25,32,4)([37]34,5,5)([38]33,0,6)([39]6,35,0)([40]39,32,7)([41]40,21,3)([42]6,25,7)([43]20,27,6)([44]33,4,7)([45]4,1,0)([46]42,20,2)([47]16,44,1)([48]43,9,4)([49]24,28,6)([50]9,47,3)([51]23,32,4)([52]50,14,5)([53]26,45,0)([54]1,5,4)([55]54,16,3)([56]54,38,2)([57]41,55,5)([58]29,51,5)([59]57,44,5)([60]4,9,5)([61]41,17,5)([62]43,30,3)([63]41,2,1)([64]58,31,5)([65]21,36,5)([66]52,62,5)([67]58,66,7)([68]60,43,6)([69]64,13,5)([70]42,42,3)([71]25,50,6)([72]68,20,6)([73]14,64,1)([74]60,48,6)([75]39,40,5)([76]44,0,7)([77]69,42,2)([78]14,38,1)([79]78,58,7)([80]59,67,2)([81]34,52,3)([82]19,16,7)([83]78,5,7)([84]51,60,6)([85]77,21,3)([86]65,67,4)(80)
optimized area: 128.37
time: 624425 ms
seed: 1634754778
NOT FOUND
time: 995725 ms
seed: 1634819772
{7,1,80,1,2,1,8}([7]5,4,7)([8]7,6,4)([9]5,8,6)([10]2,8,7)([11]0,4,2)([12]3,6,4)([13]5,4,6)([14]12,0,3)([15]7,1,4)([16]0,13,3)([17]12,1,7)([18]10,12,5)([19]16,9,4)([20]3,8,4)([21]17,12,6)([22]3,4,3)([23]18,19,7)([24]12,3,6)([25]13,7,3)([26]14,23,2)([27]4,20,0)([28]26,10,7)([29]19,17,4)([30]26,26,3)([31]6,5,5)([32]26,15,6)([33]2,11,1)([34]22,9,0)([35]0,8,7)([36]21,24,1)([37]20,19,1)([38]28,20,5)([39]19,32,7)([40]37,28,4)([41]13,28,6)([42]39,10,0)([43]35,6,0)([44]22,15,4)([45]10,33,1)([46]38,4,4)([47]40,10,4)([48]5,1,4)([49]39,9,6)([50]9,12,6)([51]15,41,5)([52]30,37,5)([53]7,31,4)([54]53,8,6)([55]21,9,0)([56]51,17,2)([57]43,53,5)([58]52,21,4)([59]44,27,6)([60]26,44,5)([61]19,36,6)([62]30,2,2)([63]40,57,3)([64]60,11,4)([65]51,63,7)([66]33,27,6)([67]9,8,3)([68]60,46,5)([69]3,52,4)([70]55,50,7)([71]59,57,7)([72]55,56,6)([73]44,71,7)([74]14,45,5)([75]45,43,7)([76]17,39,6)([77]34,58,7)([78]27,42,7)([79]77,65,6)([80]38,19,0)([81]76,67,7)([82]56,68,2)([83]37,21,0)([84]22,33,1)([85]29,66,0)([86]68,79,7)(86)
evaluations: 26328869
first invidual area: 128.87
{7,1,80,1,2,1,8}([7]5,4,7)([8]6,7,4)([9]1,3,1)([10]8,2,7)([11]8,5,3)([12]3,6,4)([13]5,4,6)([14]7,9,7)([15]1,7,6)([16]0,13,3)([17]10,12,5)([18]6,7,5)([19]11,16,4)([20]12,7,4)([21]19,4,3)([22]4,3,3)([23]17,19,4)([24]12,0,3)([25]15,9,4)([26]23,24,2)([27]20,7,0)([28]26,10,7)([29]22,14,4)([30]22,11,3)([31]5,21,3)([32]9,12,3)([33]8,6,4)([34]30,24,3)([35]28,20,5)([36]33,23,3)([37]7,35,4)([38]14,5,6)([39]2,18,4)([40]33,39,4)([41]28,13,6)([42]14,40,7)([43]6,26,6)([44]20,20,1)([45]8,5,5)([46]35,4,4)([47]12,36,7)([48]27,16,6)([49]36,38,5)([50]30,37,6)([51]14,41,5)([52]26,44,5)([53]52,16,5)([54]45,53,5)([55]13,22,0)([56]39,54,3)([57]39,56,2)([58]6,50,0)([59]1,1,5)([60]26,29,5)([61]2,4,4)([62]46,25,0)([63]52,0,5)([64]25,53,6)([65]9,45,0)([66]56,51,2)([67]52,32,7)([68]60,62,5)([69]19,9,7)([70]49,16,3)([71]47,48,1)([72]71,66,7)([73]5,46,0)([74]10,0,5)([75]73,71,5)([76]21,58,7)([77]22,67,7)([78]19,72,7)([79]77,66,6)([80]3,79,6)([81]80,15,0)([82]81,18,5)([83]49,44,3)([84]13,50,7)([85]30,78,6)([86]68,79,7)(86)
optimized area: 117.59
time: 1118387 ms
seed: 1634944732
NOT FOUND
time: 1001591 ms
seed: 1635074736
NOT FOUND
time: 993282 ms
seed: 1635118554
NOT FOUND
time: 528587 ms
seed: 1635167539
{7,1,80,1,2,1,8}([7]3,2,4)([8]6,1,1)([9]4,3,6)([10]7,5,5)([11]2,5,7)([12]5,2,0)([13]4,8,7)([14]3,11,4)([15]13,4,0)([16]1,6,4)([17]10,0,3)([18]14,0,3)([19]4,7,7)([20]8,0,5)([21]14,16,5)([22]17,0,3)([23]8,12,6)([24]20,14,6)([25]19,0,3)([26]7,3,3)([27]24,1,4)([28]16,2,4)([29]11,28,2)([30]9,13,7)([31]25,3,7)([32]24,22,4)([33]32,8,7)([34]33,31,2)([35]4,21,2)([36]35,30,7)([37]34,34,4)([38]30,29,4)([39]20,38,7)([40]14,23,6)([41]37,37,1)([42]36,37,6)([43]3,14,6)([44]19,43,7)([45]34,38,3)([46]29,1,3)([47]18,25,4)([48]11,5,1)([49]27,26,2)([50]17,33,4)([51]50,2,7)([52]47,45,4)([53]48,28,0)([54]36,44,2)([55]54,27,2)([56]4,37,6)([57]50,0,7)([58]55,52,6)([59]5,46,6)([60]9,41,5)([61]54,34,6)([62]44,17,4)([63]51,45,5)([64]42,40,0)([65]39,20,7)([66]48,52,0)([67]4,21,2)([68]54,6,3)([69]19,58,5)([70]16,44,4)([71]26,54,4)([72]0,0,7)([73]16,71,5)([74]4,64,0)([75]63,26,3)([76]66,13,0)([77]27,60,0)([78]16,30,6)([79]75,56,4)([80]66,59,0)([81]57,73,7)([82]81,79,2)([83]82,58,6)([84]9,8,6)([85]21,49,3)([86]76,26,7)(83)
evaluations: 17926213
first invidual area: 167.77
{7,1,80,1,2,1,8}([7]6,2,1)([8]3,3,2)([9]5,6,5)([10]8,2,0)([11]5,2,7)([12]3,4,5)([13]7,8,7)([14]10,11,4)([15]1,13,2)([16]6,1,4)([17]2,4,7)([18]0,14,3)([19]17,3,4)([20]8,14,6)([21]16,14,5)([22]21,4,5)([23]7,0,5)([24]23,14,6)([25]0,19,3)([26]2,8,3)([27]24,1,4)([28]16,5,4)([29]28,11,5)([30]13,12,7)([31]3,25,7)([32]24,15,6)([33]32,7,7)([34]31,33,2)([35]30,29,7)([36]30,22,7)([37]29,25,3)([38]12,26,3)([39]24,8,0)([40]39,6,6)([41]11,29,2)([42]24,5,4)([43]34,14,0)([44]20,19,4)([45]43,35,3)([46]9,10,3)([47]45,25,4)([48]40,39,3)([49]27,26,0)([50]45,7,5)([51]16,0,1)([52]47,18,4)([53]16,10,4)([54]36,44,6)([55]27,54,2)([56]18,37,6)([57]25,11,5)([58]55,52,6)([59]54,49,0)([60]50,39,2)([61]26,1,1)([62]7,29,3)([63]3,59,2)([64]10,50,4)([65]27,46,0)([66]33,5,5)([67]49,61,2)([68]16,32,3)([69]23,59,6)([70]27,35,3)([71]61,54,6)([72]34,43,4)([73]16,71,5)([74]14,35,4)([75]26,50,3)([76]29,1,0)([77]40,0,4)([78]3,52,5)([79]75,4,7)([80]11,59,3)([81]77,73,7)([82]81,79,2)([83]82,58,6)([84]32,9,3)([85]39,69,1)([86]56,55,4)(83)
optimized area: 144.78
time: 678431 ms
seed: 1635216708
NOT FOUND
time: 482481 ms
seed: 1635272843
NOT FOUND
time: 1004368 ms
seed: 1635430368
NOT FOUND
time: 984354 ms
seed: 1635537486
{7,1,80,1,2,1,8}([7]0,2,6)([8]6,2,4)([9]1,8,6)([10]3,8,4)([11]2,5,4)([12]5,3,4)([13]7,12,3)([14]6,8,6)([15]5,1,7)([16]1,6,5)([17]11,11,3)([18]3,16,2)([19]0,18,3)([20]15,4,6)([21]0,11,2)([22]8,13,4)([23]19,9,4)([24]22,23,5)([25]13,3,7)([26]20,12,4)([27]4,21,7)([28]3,16,7)([29]8,2,5)([30]17,19,7)([31]25,24,7)([32]26,30,5)([33]18,13,7)([34]0,2,5)([35]31,25,0)([36]33,27,4)([37]13,18,3)([38]34,36,6)([39]18,0,5)([40]31,22,3)([41]36,31,2)([42]23,41,6)([43]38,32,4)([44]20,21,2)([45]22,4,6)([46]8,23,6)([47]20,46,2)([48]30,1,3)([49]48,39,4)([50]42,43,2)([51]45,50,7)([52]24,46,7)([53]26,41,7)([54]14,10,7)([55]10,43,3)([56]11,47,0)([57]20,55,0)([58]43,19,6)([59]45,45,1)([60]17,56,1)([61]28,1,4)([62]35,12,2)([63]26,28,6)([64]56,13,6)([65]30,12,2)([66]49,37,7)([67]64,65,7)([68]40,62,4)([69]20,55,7)([70]33,29,4)([71]44,53,7)([72]29,54,7)([73]51,33,0)([74]9,73,3)([75]43,22,5)([76]71,66,5)([77]1,42,0)([78]8,10,2)([79]73,76,5)([80]3,56,4)([81]56,59,0)([82]71,21,5)([83]0,36,6)([84]41,68,1)([85]48,51,1)([86]60,71,0)(79)
evaluations: 28046307
first invidual area: 137.30
{7,1,80,1,2,1,8}([7]1,5,7)([8]6,2,4)([9]8,1,3)([10]0,2,6)([11]5,2,4)([12]5,3,4)([13]10,12,3)([14]12,8,1)([15]0,11,5)([16]2,0,5)([17]6,1,5)([18]17,3,2)([19]18,0,3)([20]4,7,6)([21]14,13,1)([22]8,13,4)([23]9,19,7)([24]22,23,5)([25]3,24,4)([26]12,20,4)([27]15,4,7)([28]17,0,3)([29]18,0,5)([30]19,11,7)([31]4,12,0)([32]14,17,6)([33]25,18,7)([34]13,25,7)([35]16,20,6)([36]33,27,7)([37]18,13,3)([38]4,12,2)([39]4,22,6)([40]30,26,2)([41]36,34,6)([42]23,41,6)([43]42,42,0)([44]23,20,1)([45]35,40,6)([46]43,18,7)([47]40,20,2)([48]30,1,6)([49]48,37,7)([50]43,45,5)([51]39,50,4)([52]19,4,7)([53]26,41,7)([54]29,49,7)([55]8,4,5)([56]4,4,3)([57]23,9,6)([58]53,47,6)([59]3,0,1)([60]18,13,2)([61]48,49,7)([62]43,12,3)([63]29,60,2)([64]37,47,2)([65]56,64,5)([66]56,63,2)([67]4,29,1)([68]54,58,0)([69]68,36,2)([70]52,21,5)([71]23,43,1)([72]16,9,3)([73]37,52,3)([74]44,64,7)([75]6,27,1)([76]58,54,5)([77]67,29,7)([78]37,7,3)([79]51,76,5)([80]10,38,2)([81]68,39,1)([82]15,9,5)([83]63,52,7)([84]28,74,7)([85]67,26,2)([86]19,84,5)(79)
optimized area: 132.13
time: 1140376 ms
seed: 1635599333
NOT FOUND
time: 1082325 ms
seed: 1635647005
NOT FOUND
time: 1067601 ms
seed: 1635694758
{7,1,80,1,2,1,8}([7]1,2,5)([8]2,4,4)([9]3,6,7)([10]6,7,4)([11]5,2,0)([12]4,11,6)([13]4,1,3)([14]9,0,7)([15]1,5,7)([16]12,2,4)([17]16,8,4)([18]16,9,2)([19]17,15,5)([20]6,19,3)([21]13,14,3)([22]11,9,7)([23]17,2,5)([24]10,18,5)([25]8,1,2)([26]6,21,7)([27]13,20,7)([28]2,14,4)([29]16,7,0)([30]20,15,5)([31]24,26,2)([32]25,24,7)([33]32,2,1)([34]31,14,4)([35]0,5,7)([36]35,33,2)([37]19,28,5)([38]36,30,2)([39]34,37,2)([40]36,36,6)([41]9,39,3)([42]38,3,4)([43]29,19,0)([44]17,10,0)([45]4,20,3)([46]32,22,5)([47]35,31,6)([48]42,23,7)([49]47,3,5)([50]12,37,2)([51]38,3,1)([52]3,21,2)([53]25,45,0)([54]48,49,2)([55]34,22,4)([56]37,55,3)([57]48,46,2)([58]9,18,0)([59]49,45,5)([60]37,14,6)([61]1,14,0)([62]16,46,4)([63]52,20,3)([64]51,32,7)([65]28,58,7)([66]39,54,4)([67]65,0,7)([68]47,21,2)([69]17,36,2)([70]4,68,3)([71]8,23,4)([72]52,43,5)([73]66,57,6)([74]60,31,2)([75]65,64,0)([76]7,7,3)([77]53,23,7)([78]26,73,0)([79]51,55,7)([80]73,70,7)([81]37,64,7)([82]8,27,5)([83]69,82,0)([84]55,78,3)([85]82,10,2)([86]41,78,4)(80)
evaluations: 36744554
first invidual area: 133.53
{7,1,80,1,2,1,8}([7]2,1,5)([8]2,4,4)([9]6,3,7)([10]1,8,5)([11]3,7,4)([12]4,5,6)([13]4,1,3)([14]9,0,7)([15]1,5,7)([16]2,12,3)([17]4,12,3)([18]9,16,2)([19]17,15,5)([20]16,8,7)([21]13,14,3)([22]17,2,5)([23]8,1,2)([24]11,18,5)([25]2,19,0)([26]6,21,7)([27]19,6,3)([28]25,14,4)([29]17,21,5)([30]15,27,5)([31]24,26,2)([32]24,10,5)([33]32,20,1)([34]31,14,4)([35]0,5,7)([36]35,30,2)([37]19,28,5)([38]36,33,5)([39]34,37,5)([40]35,22,5)([41]3,23,7)([42]38,3,7)([43]37,17,3)([44]14,41,7)([45]20,15,7)([46]32,40,5)([47]35,31,6)([48]42,22,7)([49]37,47,5)([50]43,48,7)([51]2,26,4)([52]48,46,2)([53]38,27,5)([54]48,49,5)([55]39,42,7)([56]39,38,0)([57]5,26,7)([58]56,32,2)([59]4,3,4)([60]47,17,0)([61]55,11,5)([62]50,4,5)([63]48,25,0)([64]47,57,1)([65]24,0,2)([66]39,54,4)([67]26,44,2)([68]47,21,2)([69]37,67,0)([70]9,57,0)([71]68,4,6)([72]61,50,2)([73]66,52,6)([74]32,25,2)([75]48,29,3)([76]34,14,6)([77]6,3,7)([78]62,14,2)([79]28,38,1)([80]73,71,4)([81]48,19,3)([82]7,33,2)([83]8,53,4)([84]55,6,4)([85]33,11,3)([86]69,55,7)(80)
optimized area: 121.31
time: 1159305 ms
seed: 1635742183
NOT FOUND
time: 1054491 ms
seed: 1635789026
NOT FOUND
time: 1073216 ms
