seed: 1633873947
NOT FOUND
time: 533238 ms
seed: 1634011630
NOT FOUND
time: 528476 ms
seed: 1634060383
{7,1,80,1,2,1,8}([7]6,5,5)([8]7,2,7)([9]0,5,4)([10]3,2,5)([11]8,6,4)([12]9,1,6)([13]11,1,0)([14]5,10,5)([15]0,1,2)([16]4,1,4)([17]9,12,6)([18]16,17,6)([19]14,3,7)([20]6,19,4)([21]12,11,3)([22]5,18,7)([23]19,1,6)([24]16,8,7)([25]11,7,6)([26]14,12,7)([27]2,23,4)([28]0,19,7)([29]28,20,7)([30]13,19,7)([31]19,1,5)([32]18,17,5)([33]8,15,6)([34]27,17,7)([35]29,27,5)([36]12,25,2)([37]30,14,7)([38]7,15,4)([39]24,7,1)([40]14,22,5)([41]35,24,2)([42]38,4,6)([43]42,21,6)([44]39,29,3)([45]36,22,3)([46]30,36,3)([47]16,39,6)([48]1,36,7)([49]28,41,7)([50]23,25,5)([51]44,26,3)([52]51,3,7)([53]52,1,6)([54]22,44,2)([55]54,46,2)([56]55,43,7)([57]12,51,3)([58]33,37,6)([59]53,49,6)([60]58,34,6)([61]60,59,5)([62]37,4,1)([63]59,50,4)([64]57,20,4)([65]56,28,0)([66]44,52,7)([67]37,54,4)([68]57,20,0)([69]22,44,0)([70]65,61,4)([71]23,28,3)([72]57,28,2)([73]59,17,0)([74]71,65,3)([75]59,13,2)([76]24,1,7)([77]30,36,5)([78]4,45,1)([79]40,4,2)([80]62,53,0)([81]5,30,7)([82]23,59,5)([83]82,28,2)([84]10,53,1)([85]61,28,0)([86]3,15,1)(70)
evaluations: 15758196
first invidual area: 153.69
{7,1,80,1,2,1,8}([7]6,5,5)([8]2,7,7)([9]0,5,4)([10]2,3,5)([11]8,6,4)([12]1,9,6)([13]10,5,5)([14]11,12,3)([15]1,0,2)([16]4,1,4)([17]12,9,6)([18]17,16,3)([19]3,13,7)([20]4,6,3)([21]10,13,4)([22]18,5,4)([23]19,1,6)([24]2,14,1)([25]16,8,7)([26]7,9,6)([27]23,2,3)([28]10,16,4)([29]0,6,4)([30]19,11,7)([31]9,20,4)([32]15,8,6)([33]13,4,4)([34]30,13,4)([35]18,29,4)([36]3,11,7)([37]30,29,0)([38]29,27,5)([39]17,27,7)([40]7,15,4)([41]38,25,5)([42]40,4,6)([43]14,42,3)([44]41,29,3)([45]36,32,6)([46]26,30,3)([47]11,32,3)([48]0,41,4)([49]48,19,7)([50]27,29,5)([51]44,22,6)([52]3,51,4)([53]45,39,6)([54]46,44,2)([55]54,22,5)([56]55,43,4)([57]52,1,6)([58]55,43,0)([59]57,49,6)([60]52,54,4)([61]53,59,5)([62]29,39,4)([63]18,40,1)([64]7,55,7)([65]5,11,0)([66]13,6,1)([67]13,14,5)([68]18,51,1)([69]36,27,2)([70]61,56,7)([71]9,47,4)([72]56,24,7)([73]0,15,3)([74]35,64,0)([75]22,1,3)([76]59,19,1)([77]12,43,7)([78]11,19,5)([79]13,18,0)([80]43,14,1)([81]64,2,2)([82]17,7,3)([83]48,75,2)([84]17,1,4)([85]11,57,5)([86]64,45,0)(70)
optimized area: 137.28
time: 668427 ms
seed: 1634174647
NOT FOUND
time: 521782 ms
seed: 1634221916
NOT FOUND
time: 529453 ms
seed: 1634318985
{7,1,80,1,2,1,8}([7]0,5,4)([8]7,6,2)([9]0,4,4)([10]6,3,7)([11]8,3,7)([12]9,11,7)([13]0,10,4)([14]1,4,4)([15]12,7,6)([16]7,9,3)([17]1,1,5)([18]10,5,3)([19]11,15,3)([20]2,17,3)([21]9,14,5)([22]16,13,5)([23]19,20,4)([24]6,20,6)([25]11,1,4)([26]3,23,2)([27]4,15,2)([28]22,21,5)([29]2,18,4)([30]7,27,7)([31]22,27,3)([32]26,14,4)([33]22,0,0)([34]8,29,4)([35]32,34,6)([36]31,35,2)([37]24,28,3)([38]14,15,4)([39]3,37,6)([40]36,26,4)([41]10,0,4)([42]28,17,1)([43]26,38,5)([44]7,36,7)([45]24,25,3)([46]1,26,3)([47]29,42,3)([48]22,3,5)([49]40,47,7)([50]39,49,3)([51]20,44,7)([52]24,51,4)([53]21,3,6)([54]18,20,7)([55]11,47,1)([56]21,48,5)([57]15,41,1)([58]43,41,5)([59]3,28,0)([60]38,52,3)([61]58,57,7)([62]59,54,2)([63]3,28,5)([64]25,20,7)([65]55,12,5)([66]22,33,1)([67]50,60,5)([68]12,47,4)([69]16,0,4)([70]52,38,0)([71]6,0,7)([72]17,58,6)([73]54,11,6)([74]42,42,7)([75]9,4,2)([76]64,74,6)([77]4,32,6)([78]76,11,6)([79]23,13,1)([80]9,8,1)([81]22,3,3)([82]75,35,2)([83]53,56,2)([84]14,56,4)([85]58,80,4)([86]34,80,5)(67)
evaluations: 21499550
first invidual area: 130.26
{7,1,80,1,2,1,8}([7]0,5,4)([8]6,7,2)([9]0,4,4)([10]3,6,7)([11]9,7,3)([12]3,9,4)([13]0,10,4)([14]1,4,4)([15]12,7,6)([16]1,13,1)([17]8,15,6)([18]10,5,6)([19]14,4,4)([20]2,16,3)([21]14,9,5)([22]13,11,5)([23]17,20,7)([24]6,20,6)([25]7,10,2)([26]3,23,2)([27]14,26,4)([28]21,22,5)([29]2,18,7)([30]15,4,2)([31]28,28,2)([32]22,30,3)([33]17,13,0)([34]8,29,4)([35]27,34,6)([36]32,35,2)([37]24,3,3)([38]15,14,4)([39]28,37,6)([40]38,29,5)([41]7,20,4)([42]2,39,5)([43]18,5,7)([44]39,22,7)([45]28,40,1)([46]24,36,3)([47]29,45,6)([48]36,26,7)([49]48,47,7)([50]38,7,2)([51]5,0,0)([52]41,46,4)([53]20,25,4)([54]28,50,6)([55]52,38,3)([56]39,49,3)([57]55,14,4)([58]36,0,4)([59]17,45,0)([60]32,34,3)([61]8,7,7)([62]13,23,5)([63]50,57,3)([64]52,63,0)([65]53,25,2)([66]56,65,5)([67]17,13,5)([68]9,18,3)([69]37,30,6)([70]4,23,1)([71]21,46,5)([72]55,26,5)([73]36,27,3)([74]68,10,0)([75]41,51,7)([76]24,35,0)([77]56,55,5)([78]63,1,3)([79]41,38,5)([80]72,30,3)([81]49,3,2)([82]48,65,4)([83]79,5,5)([84]58,73,4)([85]34,19,0)([86]83,26,7)(77)
optimized area: 122.75
time: 631960 ms
seed: 1634359468
NOT FOUND
time: 533438 ms
seed: 1634408445
NOT FOUND
time: 542250 ms
seed: 1634457452
{7,1,80,1,2,1,8}([7]6,6,1)([8]0,4,6)([9]3,1,3)([10]1,4,6)([11]6,3,4)([12]0,4,7)([13]3,8,6)([14]11,13,5)([15]2,1,4)([16]6,14,7)([17]13,1,3)([18]11,8,2)([19]13,12,4)([20]2,16,6)([21]14,10,2)([22]10,7,7)([23]15,12,2)([24]23,18,7)([25]22,19,7)([26]22,24,5)([27]20,12,1)([28]4,9,7)([29]23,5,3)([30]27,29,3)([31]5,24,0)([32]21,2,7)([33]16,5,7)([34]32,19,7)([35]1,13,6)([36]29,20,4)([37]29,25,3)([38]7,34,3)([39]16,37,6)([40]0,37,7)([41]30,5,3)([42]38,24,3)([43]12,39,7)([44]9,14,6)([45]28,41,5)([46]31,22,3)([47]7,46,5)([48]26,7,3)([49]20,35,3)([50]39,31,6)([51]20,40,6)([52]20,5,0)([53]39,52,3)([54]20,18,6)([55]51,24,4)([56]32,9,0)([57]19,54,7)([58]50,17,4)([59]42,58,2)([60]46,22,6)([61]13,9,3)([62]50,48,7)([63]7,23,4)([64]15,18,4)([65]36,56,5)([66]16,52,4)([67]7,14,6)([68]57,45,5)([69]59,60,6)([70]0,61,6)([71]70,66,0)([72]18,68,3)([73]12,59,5)([74]51,56,4)([75]74,68,7)([76]74,68,2)([77]20,69,4)([78]69,76,4)([79]78,4,0)([80]24,6,3)([81]29,50,3)([82]17,42,5)([83]42,6,1)([84]24,50,6)([85]71,74,6)([86]44,69,6)(79)
evaluations: 34406862
first invidual area: 139.61
{7,1,80,1,2,1,8}([7]3,1,6)([8]4,0,6)([9]6,7,0)([10]1,4,6)([11]3,9,4)([12]4,0,7)([13]3,8,6)([14]11,13,5)([15]2,1,4)([16]14,9,2)([17]6,8,1)([18]8,11,2)([19]12,13,4)([20]16,2,6)([21]14,10,5)([22]10,9,4)([23]15,12,2)([24]23,18,6)([25]22,19,7)([26]15,14,1)([27]14,26,4)([28]19,2,4)([29]23,5,3)([30]18,14,4)([31]3,15,2)([32]21,2,4)([33]19,23,4)([34]4,7,4)([35]19,29,3)([36]1,13,3)([37]29,25,3)([38]17,28,3)([39]33,35,5)([40]0,37,7)([41]38,24,3)([42]0,16,6)([43]35,16,6)([44]13,0,4)([45]34,35,5)([46]30,39,4)([47]19,16,0)([48]33,33,6)([49]34,30,1)([50]5,43,3)([51]20,40,6)([52]46,40,4)([53]41,15,0)([54]20,18,6)([55]3,35,2)([56]5,22,6)([57]54,19,7)([58]50,36,7)([59]53,58,2)([60]40,21,5)([61]21,20,1)([62]47,8,3)([63]52,42,3)([64]18,41,4)([65]48,7,4)([66]38,50,3)([67]28,11,3)([68]53,53,2)([69]59,56,6)([70]17,27,5)([71]43,28,1)([72]15,41,3)([73]21,60,5)([74]51,32,4)([75]57,45,5)([76]74,75,5)([77]47,31,6)([78]76,69,7)([79]51,13,2)([80]6,73,5)([81]12,50,6)([82]47,2,5)([83]72,66,5)([84]62,28,5)([85]56,4,0)([86]73,78,0)(78)
optimized area: 127.89
time: 577387 ms
seed: 1634517636
{7,1,80,1,2,1,8}([7]3,2,6)([8]6,0,2)([9]4,0,4)([10]3,1,7)([11]9,7,5)([12]0,11,2)([13]7,10,6)([14]8,11,4)([15]14,1,5)([16]1,3,2)([17]5,12,4)([18]17,6,2)([19]9,15,7)([20]5,17,2)([21]19,20,6)([22]0,5,5)([23]20,1,2)([24]18,2,7)([25]24,22,3)([26]16,18,4)([27]4,23,3)([28]27,9,4)([29]2,6,3)([30]28,21,4)([31]19,2,5)([32]26,27,3)([33]31,21,1)([34]29,17,5)([35]25,6,2)([36]13,24,3)([37]30,35,3)([38]25,36,2)([39]34,13,2)([40]29,22,4)([41]39,37,7)([42]32,9,1)([43]22,6,3)([44]15,0,4)([45]8,41,6)([46]1,30,5)([47]35,46,5)([48]46,3,2)([49]24,40,7)([50]22,42,4)([51]0,47,3)([52]31,7,5)([53]14,18,6)([54]14,50,2)([55]35,51,6)([56]21,54,1)([57]54,37,7)([58]29,37,3)([59]58,14,0)([60]15,46,4)([61]31,57,0)([62]21,33,7)([63]31,52,2)([64]63,11,7)([65]31,40,1)([66]61,43,7)([67]28,55,1)([68]62,57,0)([69]48,50,6)([70]48,50,3)([71]67,5,4)([72]69,67,6)([73]57,38,7)([74]24,36,1)([75]69,41,3)([76]68,38,7)([77]29,71,7)([78]73,75,6)([79]36,0,1)([80]43,56,5)([81]68,78,4)([82]4,31,6)([83]44,74,0)([84]56,73,0)([85]31,82,2)([86]29,60,7)(81)
evaluations: 16318697
first invidual area: 138.19
{7,1,80,1,2,1,8}([7]3,2,6)([8]0,6,5)([9]0,4,4)([10]3,1,7)([11]9,7,5)([12]11,0,5)([13]10,7,6)([14]8,11,7)([15]14,1,5)([16]3,1,5)([17]12,5,7)([18]6,17,2)([19]15,9,7)([20]12,5,2)([21]20,19,6)([22]5,0,5)([23]20,1,2)([24]18,2,7)([25]22,24,3)([26]18,16,7)([27]4,23,3)([28]27,21,7)([29]6,2,3)([30]28,9,7)([31]2,19,2)([32]26,27,6)([33]26,24,4)([34]29,17,5)([35]6,25,2)([36]13,24,3)([37]24,26,3)([38]25,36,5)([39]34,13,5)([40]34,24,5)([41]38,6,7)([42]15,3,7)([43]40,5,6)([44]2,34,2)([45]30,35,6)([46]30,1,5)([47]7,41,6)([48]45,39,7)([49]36,5,1)([50]22,32,4)([51]30,6,0)([52]45,29,1)([53]4,41,1)([54]14,50,5)([55]16,44,2)([56]0,2,4)([57]54,38,4)([58]46,35,4)([59]57,45,7)([60]7,5,0)([61]7,32,2)([62]21,31,6)([63]24,36,1)([64]24,27,6)([65]41,3,7)([66]2,47,6)([67]46,3,2)([68]11,41,7)([69]67,50,6)([70]60,7,3)([71]53,28,1)([72]39,56,5)([73]59,56,6)([74]48,18,2)([75]69,59,3)([76]73,1,2)([77]51,41,1)([78]48,75,6)([79]69,32,4)([80]50,37,5)([81]62,78,4)([82]20,31,3)([83]80,3,0)([84]6,26,7)([85]11,44,2)([86]70,58,5)(81)
optimized area: 130.69
time: 706970 ms
seed: 1634616812
NOT FOUND
time: 532446 ms
seed: 1635143811
{7,1,80,1,2,1,8}([7]4,2,4)([8]7,5,2)([9]5,3,5)([10]5,3,6)([11]7,6,4)([12]7,1,7)([13]6,7,4)([14]2,10,0)([15]10,0,7)([16]5,11,4)([17]0,4,3)([18]8,6,4)([19]12,10,3)([20]2,13,6)([21]12,11,1)([22]8,20,6)([23]15,22,7)([24]17,19,2)([25]19,3,6)([26]20,19,3)([27]15,11,4)([28]25,9,7)([29]2,19,5)([30]4,28,5)([31]16,24,6)([32]31,23,0)([33]32,18,7)([34]3,28,3)([35]18,13,5)([36]26,23,2)([37]0,35,3)([38]5,33,6)([39]29,38,4)([40]26,37,2)([41]6,3,6)([42]12,1,4)([43]29,38,0)([44]13,9,0)([45]23,30,7)([46]23,1,6)([47]42,39,3)([48]45,8,6)([49]45,47,7)([50]46,39,2)([51]32,50,6)([52]41,40,7)([53]22,28,2)([54]20,14,6)([55]29,2,3)([56]32,10,0)([57]46,50,5)([58]1,29,5)([59]55,29,7)([60]47,7,0)([61]34,35,0)([62]46,4,3)([63]13,44,5)([64]19,22,3)([65]49,52,5)([66]45,50,6)([67]53,65,6)([68]7,50,2)([69]41,41,2)([70]66,63,1)([71]6,25,0)([72]45,12,3)([73]62,40,5)([74]70,58,7)([75]36,27,0)([76]56,60,3)([77]44,74,4)([78]64,11,7)([79]78,66,6)([80]74,75,5)([81]70,45,5)([82]74,67,4)([83]19,24,5)([84]82,76,2)([85]75,41,2)([86]8,36,1)(84)
evaluations: 28084276
first invidual area: 143.83
{7,1,80,1,2,1,8}([7]2,4,4)([8]7,5,2)([9]3,5,5)([10]5,3,6)([11]0,10,4)([12]1,7,7)([13]6,7,4)([14]9,13,2)([15]14,1,5)([16]6,3,6)([17]0,4,3)([18]6,7,4)([19]12,10,3)([20]13,2,6)([21]19,3,3)([22]8,20,6)([23]22,11,4)([24]17,19,2)([25]24,19,0)([26]20,19,3)([27]0,13,2)([28]9,21,5)([29]2,19,5)([30]22,23,3)([31]25,14,6)([32]24,25,5)([33]31,6,7)([34]7,31,1)([35]17,30,1)([36]13,15,5)([37]0,36,3)([38]5,33,6)([39]38,29,4)([40]37,26,5)([41]6,14,0)([42]34,32,6)([43]4,28,5)([44]2,20,5)([45]23,43,7)([46]23,32,4)([47]34,39,3)([48]0,46,4)([49]40,22,0)([50]1,23,6)([51]50,39,2)([52]49,16,4)([53]29,7,0)([54]22,28,2)([55]8,3,4)([56]47,45,7)([57]37,19,3)([58]15,52,7)([59]44,44,7)([60]52,10,6)([61]41,20,2)([62]53,1,5)([63]24,36,0)([64]37,23,2)([65]56,52,5)([66]45,51,3)([67]54,65,6)([68]38,40,2)([69]31,0,0)([70]63,2,4)([71]68,25,7)([72]65,8,7)([73]28,50,1)([74]62,67,7)([75]17,24,3)([76]69,47,3)([77]40,32,2)([78]2,2,6)([79]60,49,1)([80]34,9,1)([81]55,14,0)([82]74,66,4)([83]50,48,7)([84]82,76,2)([85]40,59,7)([86]29,75,4)(84)
optimized area: 125.99
time: 639516 ms
seed: 1635192966
NOT FOUND
time: 521082 ms
seed: 1635349039
NOT FOUND
time: 986982 ms
seed: 1635623957
NOT FOUND
time: 1060315 ms
seed: 1635671592
{7,1,80,1,2,1,8}([7]4,0,6)([8]1,6,7)([9]4,2,7)([10]0,8,2)([11]2,9,2)([12]1,9,4)([13]12,3,7)([14]4,10,4)([15]7,1,7)([16]13,15,2)([17]8,5,2)([18]3,11,6)([19]2,0,2)([20]18,12,2)([21]20,20,4)([22]19,5,4)([23]14,19,3)([24]15,17,4)([25]3,19,3)([26]24,19,4)([27]16,17,1)([28]4,22,5)([29]4,2,6)([30]23,13,7)([31]26,19,2)([32]5,24,6)([33]1,8,0)([34]26,21,6)([35]29,8,6)([36]35,0,2)([37]26,35,4)([38]30,37,7)([39]6,12,5)([40]25,4,4)([41]40,16,2)([42]9,39,3)([43]34,28,4)([44]36,31,7)([45]5,2,5)([46]5,41,2)([47]12,24,4)([48]44,17,7)([49]43,17,6)([50]20,1,3)([51]38,46,4)([52]29,35,1)([53]23,29,7)([54]35,42,2)([55]0,0,7)([56]22,50,6)([57]56,25,6)([58]48,43,3)([59]7,28,7)([60]58,42,4)([61]60,46,4)([62]31,56,2)([63]44,19,4)([64]8,9,7)([65]61,45,5)([66]36,3,5)([67]56,30,6)([68]5,17,7)([69]64,17,1)([70]51,65,2)([71]5,33,7)([72]9,69,7)([73]59,45,6)([74]1,51,5)([75]17,46,2)([76]70,67,4)([77]41,68,1)([78]70,48,4)([79]55,22,7)([80]16,78,0)([81]18,27,3)([82]44,11,5)([83]75,25,1)([84]76,75,4)([85]31,77,1)([86]23,68,6)(84)
evaluations: 21944443
first invidual area: 166.82
{7,1,80,1,2,1,8}([7]4,3,6)([8]1,6,7)([9]2,4,7)([10]0,8,5)([11]6,6,0)([12]9,1,4)([13]3,12,7)([14]4,0,6)([15]1,14,7)([16]4,11,0)([17]5,8,2)([18]13,5,2)([19]0,2,2)([20]7,18,7)([21]10,16,7)([22]5,19,4)([23]19,21,6)([24]17,15,7)([25]22,22,2)([26]24,19,7)([27]2,5,5)([28]16,25,5)([29]2,4,6)([30]23,13,4)([31]15,18,2)([32]25,14,3)([33]27,15,4)([34]29,21,2)([35]8,29,6)([36]0,35,5)([37]35,30,4)([38]37,26,4)([39]12,6,5)([40]2,37,5)([41]26,28,0)([42]9,39,3)([43]41,28,4)([44]36,40,4)([45]2,39,6)([46]39,31,2)([47]14,22,7)([48]44,17,6)([49]18,26,2)([50]35,46,2)([51]46,38,7)([52]42,9,5)([53]52,2,1)([54]2,41,5)([55]1,25,3)([56]34,55,6)([57]20,54,3)([58]48,43,5)([59]23,11,1)([60]42,58,7)([61]37,22,2)([62]25,11,5)([63]45,21,0)([64]38,60,7)([65]64,27,5)([66]17,35,3)([67]56,30,3)([68]4,2,1)([69]13,38,2)([70]51,65,5)([71]70,21,3)([72]3,14,6)([73]43,38,2)([74]35,8,6)([75]17,46,5)([76]70,67,4)([77]29,69,0)([78]18,65,2)([79]17,19,7)([80]64,21,2)([81]77,61,5)([82]66,52,5)([83]47,25,1)([84]76,75,7)([85]52,36,5)([86]33,35,0)(84)
optimized area: 142.91
time: 1261433 ms
seed: 1635719439
NOT FOUND
time: 1048366 ms
seed: 1635766704
NOT FOUND
time: 1062830 ms
seed: 1635813594
NOT FOUND
time: 1086869 ms
seed: 1635856814
{7,1,80,1,2,1,8}([7]1,4,7)([8]4,6,4)([9]5,7,3)([10]7,5,4)([11]0,8,5)([12]0,6,6)([13]8,3,4)([14]3,5,6)([15]14,10,3)([16]7,11,2)([17]16,1,3)([18]12,2,3)([19]6,7,4)([20]11,13,7)([21]18,7,7)([22]17,18,7)([23]17,0,7)([24]7,19,6)([25]22,13,3)([26]14,2,7)([27]9,1,4)([28]23,15,7)([29]9,26,7)([30]27,24,3)([31]14,29,6)([32]6,2,7)([33]30,29,6)([34]25,0,4)([35]2,22,6)([36]16,16,6)([37]24,35,5)([38]33,28,6)([39]26,20,6)([40]0,19,4)([41]16,37,7)([42]9,28,7)([43]41,31,0)([44]5,17,1)([45]37,21,2)([46]3,31,0)([47]5,20,5)([48]45,39,4)([49]18,37,7)([50]32,31,6)([51]16,12,1)([52]5,37,6)([53]4,8,2)([54]50,32,1)([55]41,4,1)([56]36,37,1)([57]1,40,5)([58]25,51,3)([59]48,38,2)([60]48,31,4)([61]40,57,6)([62]11,22,2)([63]41,34,2)([64]0,48,6)([65]32,51,7)([66]10,14,0)([67]51,0,6)([68]19,43,2)([69]10,51,0)([70]13,19,3)([71]59,44,4)([72]63,71,6)([73]67,41,6)([74]49,17,0)([75]38,50,6)([76]35,58,2)([77]9,43,0)([78]66,31,3)([79]47,9,3)([80]75,72,4)([81]48,13,0)([82]10,24,6)([83]35,55,1)([84]38,35,5)([85]27,65,6)([86]75,31,3)(80)
evaluations: 31788436
first invidual area: 143.39
{7,1,80,1,2,1,8}([7]4,1,7)([8]4,6,4)([9]7,5,3)([10]5,7,4)([11]8,0,5)([12]0,6,6)([13]8,11,5)([14]5,3,6)([15]10,14,6)([16]11,7,2)([17]16,1,6)([18]12,2,3)([19]7,18,7)([20]3,13,7)([21]7,18,2)([22]14,0,0)([23]0,17,7)([24]6,7,6)([25]19,11,0)([26]14,2,7)([27]9,1,4)([28]15,23,7)([29]26,9,7)([30]24,27,3)([31]30,3,2)([32]23,18,0)([33]20,21,3)([34]0,33,4)([35]30,29,6)([36]2,32,6)([37]36,24,5)([38]35,28,6)([39]26,20,3)([40]12,37,1)([41]16,37,7)([42]24,5,4)([43]21,24,4)([44]13,37,7)([45]37,25,5)([46]29,15,0)([47]22,29,6)([48]39,45,4)([49]2,6,7)([50]7,30,5)([51]39,39,5)([52]37,33,1)([53]1,15,4)([54]47,49,6)([55]39,27,5)([56]7,28,2)([57]28,55,5)([58]37,8,4)([59]38,48,5)([60]35,44,1)([61]24,4,7)([62]25,26,4)([63]41,34,2)([64]25,7,4)([65]33,48,5)([66]62,13,3)([67]22,16,5)([68]18,5,4)([69]2,62,5)([70]28,58,5)([71]59,5,4)([72]63,71,6)([73]16,45,1)([74]18,19,5)([75]38,54,3)([76]58,43,1)([77]52,69,7)([78]55,75,5)([79]42,36,3)([80]75,72,7)([81]14,26,5)([82]0,22,1)([83]40,57,6)([84]13,41,1)([85]2,40,5)([86]56,28,5)(80)
optimized area: 131.19
time: 1191816 ms
seed: 1635898779
{7,1,80,1,2,1,8}([7]5,2,5)([8]4,3,5)([9]4,1,0)([10]7,0,4)([11]0,6,7)([12]0,1,4)([13]4,12,7)([14]4,5,4)([15]4,1,7)([16]5,2,3)([17]11,6,4)([18]14,12,3)([19]2,18,7)([20]3,19,1)([21]5,10,7)([22]9,10,3)([23]13,2,5)([24]11,18,7)([25]11,21,5)([26]20,10,5)([27]26,19,2)([28]14,27,3)([29]15,20,4)([30]3,1,6)([31]17,22,5)([32]25,10,2)([33]28,15,2)([34]33,32,3)([35]34,3,2)([36]8,28,3)([37]19,25,4)([38]34,37,6)([39]9,26,5)([40]28,23,5)([41]6,16,1)([42]12,16,7)([43]24,37,4)([44]16,42,2)([45]19,42,7)([46]40,24,6)([47]19,22,2)([48]18,38,4)([49]26,29,2)([50]2,36,4)([51]22,29,2)([52]17,37,5)([53]9,42,5)([54]47,33,5)([55]20,39,7)([56]44,51,1)([57]53,39,0)([58]15,16,5)([59]38,46,4)([60]23,17,0)([61]49,53,5)([62]47,24,2)([63]59,61,5)([64]48,39,2)([65]22,32,0)([66]14,17,7)([67]64,63,7)([68]2,31,0)([69]11,26,5)([70]16,47,2)([71]59,18,1)([72]55,26,4)([73]44,22,1)([74]36,14,1)([75]67,70,4)([76]71,61,2)([77]70,16,3)([78]7,64,5)([79]58,68,0)([80]40,79,5)([81]73,12,7)([82]46,2,2)([83]31,61,3)([84]47,13,1)([85]44,64,4)([86]15,6,0)(75)
evaluations: 39756076
first invidual area: 126.03
{7,1,80,1,2,1,8}([7]4,2,0)([8]5,2,5)([9]3,0,0)([10]8,0,4)([11]6,0,7)([12]1,0,4)([13]7,12,7)([14]5,4,4)([15]4,1,7)([16]2,5,3)([17]3,15,7)([18]14,12,3)([19]18,2,7)([20]9,2,1)([21]5,10,7)([22]10,7,3)([23]13,2,5)([24]11,18,7)([25]11,21,5)([26]10,20,5)([27]26,19,2)([28]14,27,3)([29]0,19,0)([30]27,25,4)([31]4,21,6)([32]10,25,2)([33]28,15,2)([34]33,30,3)([35]26,7,5)([36]6,14,4)([37]26,17,2)([38]34,32,6)([39]19,15,0)([40]23,28,5)([41]16,37,0)([42]34,26,6)([43]24,2,5)([44]41,12,7)([45]4,44,5)([46]40,24,6)([47]19,22,2)([48]18,38,4)([49]42,26,1)([50]10,11,3)([51]20,5,6)([52]36,26,6)([53]33,22,3)([54]47,52,5)([55]11,6,6)([56]11,16,6)([57]45,1,1)([58]14,40,7)([59]38,46,4)([60]32,20,2)([61]37,45,5)([62]17,9,0)([63]59,61,5)([64]48,35,5)([65]35,23,5)([66]42,45,3)([67]64,63,7)([68]32,17,0)([69]25,66,3)([70]41,47,5)([71]23,14,0)([72]61,57,7)([73]8,56,4)([74]46,47,5)([75]67,70,4)([76]39,49,0)([77]36,3,0)([78]37,4,5)([79]35,78,0)([80]20,32,6)([81]16,54,5)([82]13,25,6)([83]53,71,6)([84]47,21,3)([85]66,63,5)([86]11,25,2)(75)
optimized area: 125.09
time: 1107397 ms
seed: 1635934999
NOT FOUND
time: 1063122 ms
seed: 1635971219
NOT FOUND
time: 1087778 ms
seed: 1636007119
NOT FOUND
time: 1067656 ms
seed: 1636041710
{7,1,80,1,2,1,8}([7]4,2,3)([8]0,3,4)([9]0,2,5)([10]1,7,1)([11]4,10,7)([12]2,6,3)([13]7,5,4)([14]9,3,3)([15]8,5,0)([16]0,4,5)([17]3,12,7)([18]2,13,1)([19]13,9,5)([20]17,1,5)([21]13,6,5)([22]11,0,4)([23]11,6,4)([24]17,22,4)([25]15,10,2)([26]3,11,7)([27]11,22,1)([28]20,14,4)([29]25,24,7)([30]13,22,0)([31]17,16,1)([32]26,11,3)([33]12,3,0)([34]28,31,0)([35]15,20,5)([36]35,19,3)([37]29,26,2)([38]13,37,5)([39]22,10,4)([40]39,19,7)([41]23,14,7)([42]37,18,3)([43]12,10,1)([44]12,27,1)([45]34,22,6)([46]39,20,7)([47]29,40,3)([48]41,42,5)([49]36,43,7)([50]21,32,5)([51]42,9,1)([52]26,31,0)([53]50,47,5)([54]1,4,0)([55]15,22,5)([56]1,12,5)([57]38,11,0)([58]21,47,2)([59]16,45,2)([60]18,53,7)([61]48,45,3)([62]11,50,6)([63]60,36,4)([64]63,59,3)([65]50,45,6)([66]44,45,1)([67]32,24,2)([68]55,48,3)([69]5,38,5)([70]24,28,4)([71]4,58,3)([72]61,64,5)([73]57,68,0)([74]65,68,2)([75]56,6,2)([76]35,35,4)([77]74,69,3)([78]54,44,3)([79]70,53,6)([80]77,64,4)([81]53,73,2)([82]75,16,6)([83]61,67,2)([84]80,41,4)([85]46,44,3)([86]76,52,6)(80)
evaluations: 33217678
first invidual area: 137.72
{7,1,80,1,2,1,8}([7]2,4,6)([8]0,3,4)([9]2,0,5)([10]1,0,1)([11]4,1,4)([12]6,2,6)([13]7,5,7)([14]9,3,3)([15]0,11,2)([16]0,13,0)([17]3,12,4)([18]3,4,0)([19]13,9,5)([20]17,1,5)([21]12,17,3)([22]11,16,4)([23]6,16,0)([24]17,22,7)([25]8,10,5)([26]18,11,7)([27]2,15,1)([28]20,14,5)([29]24,25,7)([30]22,19,7)([31]24,22,2)([32]26,11,3)([33]6,22,0)([34]3,6,4)([35]13,8,5)([36]16,4,5)([37]29,26,2)([38]30,18,7)([39]8,7,3)([40]13,6,5)([41]34,9,7)([42]28,35,3)([43]34,15,1)([44]5,5,5)([45]22,28,6)([46]30,10,4)([47]29,46,3)([48]18,34,4)([49]41,25,0)([50]40,32,5)([51]37,7,5)([52]27,37,6)([53]50,47,5)([54]26,49,5)([55]0,27,2)([56]52,54,3)([57]51,5,5)([58]8,16,6)([59]36,45,2)([60]2,53,7)([61]44,32,0)([62]3,60,7)([63]60,42,7)([64]63,59,3)([65]50,45,6)([66]3,53,4)([67]19,60,3)([68]16,47,3)([69]55,67,2)([70]63,67,6)([71]12,40,5)([72]63,54,7)([73]66,39,3)([74]65,56,2)([75]61,27,6)([76]45,36,7)([77]74,57,3)([78]28,57,1)([79]59,62,7)([80]27,24,5)([81]79,26,4)([82]48,12,4)([83]62,52,5)([84]51,73,1)([85]64,77,4)([86]53,49,7)(85)
optimized area: 132.56
time: 1206064 ms
seed: 1636075673
NOT FOUND
time: 1085564 ms
seed: 1636108740
{7,1,80,1,2,1,8}([7]2,5,2)([8]7,6,6)([9]2,0,5)([10]5,1,4)([11]3,10,7)([12]3,8,2)([13]5,0,2)([14]6,5,5)([15]9,6,5)([16]8,11,2)([17]8,3,3)([18]4,3,2)([19]15,4,6)([20]6,17,1)([21]4,17,3)([22]12,0,5)([23]14,6,5)([24]1,18,2)([25]2,10,5)([26]9,6,3)([27]8,24,5)([28]8,24,6)([29]11,6,5)([30]19,22,4)([31]3,17,1)([32]18,28,4)([33]18,3,1)([34]25,13,5)([35]22,7,3)([36]29,25,5)([37]13,30,6)([38]14,19,4)([39]31,0,4)([40]0,4,4)([41]5,25,2)([42]11,15,0)([43]30,2,5)([44]25,19,4)([45]38,3,6)([46]36,24,6)([47]17,5,4)([48]1,40,6)([49]10,13,4)([50]45,48,3)([51]42,37,5)([52]34,27,2)([53]43,51,4)([54]23,3,2)([55]25,21,4)([56]34,0,2)([57]28,39,5)([58]32,53,4)([59]22,2,3)([60]53,49,6)([61]12,27,4)([62]3,43,0)([63]50,47,2)([64]41,39,3)([65]56,33,2)([66]57,59,4)([67]52,16,3)([68]0,20,7)([69]8,61,7)([70]1,40,3)([71]45,62,6)([72]1,15,5)([73]69,2,4)([74]58,67,7)([75]64,18,6)([76]74,63,6)([77]34,47,3)([78]1,19,4)([79]38,51,2)([80]63,55,4)([81]21,44,6)([82]16,36,0)([83]80,66,2)([84]17,10,6)([85]76,83,4)([86]80,72,4)(85)
evaluations: 25041188
first invidual area: 139.59
{7,1,80,1,2,1,8}([7]5,2,2)([8]6,7,6)([9]2,0,5)([10]5,1,4)([11]10,3,7)([12]8,3,2)([13]0,5,2)([14]3,8,4)([15]9,6,5)([16]11,8,2)([17]3,8,3)([18]3,4,2)([19]4,15,6)([20]6,3,1)([21]4,17,3)([22]12,0,5)([23]2,22,3)([24]1,18,2)([25]10,2,5)([26]0,16,0)([27]7,2,3)([28]8,24,6)([29]0,3,7)([30]22,19,4)([31]13,30,6)([32]28,18,7)([33]16,27,0)([34]30,10,5)([35]21,33,2)([36]13,25,5)([37]17,24,6)([38]20,19,3)([39]6,36,4)([40]4,26,4)([41]40,8,6)([42]32,2,5)([43]2,30,5)([44]25,18,6)([45]3,38,6)([46]24,12,5)([47]17,5,4)([48]40,1,6)([49]15,15,0)([50]48,21,6)([51]11,31,5)([52]36,46,2)([53]43,51,5)([54]48,45,3)([55]25,21,4)([56]17,49,3)([57]29,28,5)([58]32,53,7)([59]12,39,4)([60]46,30,5)([61]20,21,5)([62]33,55,6)([63]54,47,2)([64]15,10,1)([65]38,13,7)([66]57,23,5)([67]52,16,3)([68]13,1,7)([69]51,18,4)([70]67,3,6)([71]5,19,2)([72]59,28,1)([73]32,38,0)([74]58,67,7)([75]47,63,6)([76]74,63,6)([77]44,53,6)([78]25,4,7)([79]3,16,0)([80]63,55,4)([81]31,21,1)([82]28,79,5)([83]80,66,5)([84]38,81,3)([85]76,83,7)([86]38,70,0)(85)
optimized area: 129.26
time: 1217934 ms
seed: 1636141412
NOT FOUND
time: 1056278 ms
seed: 1636173812
NOT FOUND
time: 1069377 ms
seed: 1636204451
NOT FOUND
time: 1075869 ms
seed: 1636234469
{7,1,80,1,2,1,8}([7]5,2,4)([8]0,4,7)([9]3,5,2)([10]5,6,3)([11]1,3,6)([12]10,0,2)([13]9,7,3)([14]1,11,7)([15]14,6,7)([16]15,13,5)([17]1,8,7)([18]12,5,3)([19]16,17,2)([20]6,0,7)([21]11,18,5)([22]12,19,6)([23]9,13,4)([24]19,21,4)([25]17,17,5)([26]5,22,6)([27]24,3,4)([28]16,5,7)([29]5,20,7)([30]13,26,6)([31]6,10,5)([32]23,26,5)([33]14,23,4)([34]4,32,7)([35]3,29,2)([36]21,2,7)([37]10,27,7)([38]27,22,7)([39]37,13,2)([40]34,33,2)([41]35,4,0)([42]12,2,3)([43]38,11,3)([44]26,26,4)([45]21,13,2)([46]13,0,7)([47]8,37,3)([48]47,2,3)([49]45,17,2)([50]46,29,6)([51]7,43,4)([52]27,46,4)([53]40,13,6)([54]22,29,3)([55]27,40,6)([56]46,5,5)([57]8,37,2)([58]48,35,3)([59]38,41,3)([60]22,43,5)([61]2,19,3)([62]55,51,4)([63]5,12,0)([64]50,21,3)([65]23,24,4)([66]51,16,1)([67]15,13,4)([68]33,58,6)([69]62,58,7)([70]18,34,4)([71]42,69,7)([72]38,64,3)([73]52,38,3)([74]1,8,2)([75]42,26,6)([76]53,12,0)([77]72,71,7)([78]10,77,5)([79]64,28,3)([80]64,28,7)([81]48,59,1)([82]42,70,1)([83]42,72,0)([84]25,44,7)([85]18,44,2)([86]74,16,3)(77)
evaluations: 41008980
first invidual area: 146.21
{7,1,80,1,2,1,8}([7]5,2,4)([8]0,4,7)([9]5,3,2)([10]5,6,3)([11]1,3,6)([12]10,0,2)([13]9,7,3)([14]1,11,6)([15]14,6,7)([16]13,15,5)([17]1,8,7)([18]12,5,3)([19]16,17,2)([20]0,5,7)([21]11,18,5)([22]12,19,6)([23]9,13,7)([24]19,3,4)([25]5,24,3)([26]23,22,6)([27]24,21,4)([28]2,26,5)([29]6,20,7)([30]3,29,4)([31]25,11,7)([32]1,25,6)([33]23,14,7)([34]7,8,1)([35]3,29,2)([36]4,28,7)([37]10,27,7)([38]27,22,7)([39]27,10,0)([40]33,36,2)([41]2,0,6)([42]12,2,3)([43]39,19,5)([44]39,31,0)([45]7,13,1)([46]6,2,2)([47]8,37,3)([48]47,2,3)([49]23,18,0)([50]46,29,3)([51]50,35,0)([52]45,33,0)([53]27,5,5)([54]21,12,4)([55]44,40,6)([56]26,41,1)([57]6,20,2)([58]48,35,3)([59]32,15,3)([60]40,26,4)([61]22,38,4)([62]55,7,7)([63]45,10,6)([64]50,21,6)([65]1,0,2)([66]37,2,6)([67]18,31,6)([68]13,0,3)([69]62,58,7)([70]68,53,5)([71]42,69,4)([72]38,64,6)([73]37,15,6)([74]20,50,2)([75]50,59,5)([76]52,4,3)([77]72,71,7)([78]38,55,4)([79]74,22,4)([80]13,45,1)([81]11,31,5)([82]41,4,0)([83]30,64,2)([84]66,42,7)([85]69,56,5)([86]50,81,0)(77)
optimized area: 134.48
time: 1128562 ms
