seed: 1633873409
{7,1,80,1,2,1,8}([7]1,3,2)([8]0,5,5)([9]6,2,2)([10]3,5,6)([11]2,4,4)([12]4,5,4)([13]10,6,7)([14]7,8,7)([15]3,9,5)([16]5,4,7)([17]14,1,2)([18]5,14,2)([19]3,6,7)([20]7,15,4)([21]1,13,7)([22]11,14,5)([23]17,20,5)([24]8,19,3)([25]19,0,4)([26]25,21,2)([27]20,16,7)([28]13,22,4)([29]23,11,1)([30]18,27,6)([31]23,26,4)([32]0,24,7)([33]32,15,5)([34]2,25,4)([35]16,21,7)([36]30,32,3)([37]34,18,3)([38]36,37,6)([39]31,36,6)([40]34,11,3)([41]37,27,0)([42]27,35,3)([43]2,13,4)([44]27,0,7)([45]13,19,2)([46]41,22,4)([47]24,46,7)([48]39,41,4)([49]47,36,3)([50]44,31,7)([51]24,28,5)([52]6,25,4)([53]36,29,2)([54]19,14,1)([55]21,17,7)([56]12,51,5)([57]55,40,6)([58]47,53,3)([59]34,38,4)([60]48,19,2)([61]38,8,6)([62]15,14,0)([63]6,25,2)([64]20,46,6)([65]61,30,7)([66]65,41,5)([67]48,57,3)([68]1,18,6)([69]58,4,6)([70]26,44,0)([71]67,25,0)([72]70,65,6)([73]27,28,4)([74]18,14,3)([75]44,15,1)([76]27,5,0)([77]73,16,3)([78]23,56,7)([79]12,49,2)([80]23,40,5)([81]52,43,5)([82]14,16,2)([83]18,44,3)([84]63,3,4)([85]64,11,1)([86]78,67,5)(86)
evaluations: 27753758
first invidual area: 125.58
{7,1,80,1,2,1,8}([7]1,3,5)([8]0,5,5)([9]2,6,5)([10]3,5,3)([11]4,2,4)([12]9,3,5)([13]10,6,4)([14]8,7,4)([15]13,0,2)([16]5,4,7)([17]1,9,0)([18]1,12,2)([19]6,3,7)([20]5,14,2)([21]1,13,7)([22]16,9,7)([23]18,14,5)([24]16,2,2)([25]19,0,4)([26]21,25,5)([27]23,26,2)([28]25,23,3)([29]26,22,6)([30]11,20,3)([31]6,0,0)([32]16,26,1)([33]8,19,3)([34]25,2,4)([35]2,25,3)([36]15,27,3)([37]34,20,6)([38]17,14,0)([39]29,36,3)([40]3,8,0)([41]14,11,5)([42]18,40,1)([43]23,28,0)([44]20,6,4)([45]29,18,0)([46]13,41,4)([47]38,8,2)([48]39,37,4)([49]0,35,3)([50]28,46,3)([51]33,46,5)([52]34,11,3)([53]34,31,2)([54]46,29,0)([55]21,14,7)([56]32,51,5)([57]55,52,6)([58]1,27,5)([59]56,51,1)([60]54,18,6)([61]38,9,3)([62]46,10,6)([63]8,28,7)([64]4,19,3)([65]34,43,5)([66]64,48,6)([67]48,57,3)([68]11,1,5)([69]58,34,1)([70]33,55,6)([71]26,44,4)([72]45,56,4)([73]44,67,2)([74]32,22,3)([75]4,35,6)([76]11,49,1)([77]74,33,6)([78]43,56,7)([79]18,34,0)([80]12,59,5)([81]14,74,4)([82]68,22,2)([83]36,4,4)([84]5,11,1)([85]76,60,0)([86]78,67,5)(86)
optimized area: 111.49
time: 576167 ms
seed: 1634011147
NOT FOUND
time: 532755 ms
seed: 1634059912
NOT FOUND
time: 523571 ms
seed: 1634174176
{7,1,80,1,2,1,8}([7]2,3,5)([8]7,0,7)([9]8,6,2)([10]3,2,6)([11]6,4,3)([12]8,11,4)([13]2,9,4)([14]8,10,6)([15]6,14,4)([16]0,2,4)([17]13,8,4)([18]1,16,6)([19]18,7,2)([20]19,5,4)([21]14,5,2)([22]12,13,3)([23]4,22,4)([24]15,6,3)([25]1,22,3)([26]20,25,7)([27]20,24,2)([28]6,3,4)([29]16,1,2)([30]23,27,7)([31]28,21,6)([32]11,25,5)([33]17,20,3)([34]1,28,3)([35]18,11,5)([36]31,15,3)([37]28,17,1)([38]16,16,3)([39]29,0,3)([40]32,26,5)([41]22,3,5)([42]39,17,4)([43]32,6,6)([44]28,36,3)([45]21,34,4)([46]20,36,6)([47]36,45,2)([48]19,5,3)([49]38,40,6)([50]47,33,2)([51]20,14,0)([52]28,6,6)([53]52,35,4)([54]53,48,4)([55]40,42,3)([56]50,55,7)([57]17,24,0)([58]14,29,4)([59]25,25,7)([60]36,27,4)([61]44,2,7)([62]46,59,0)([63]33,59,5)([64]53,27,1)([65]33,62,5)([66]4,21,2)([67]13,15,3)([68]3,44,3)([69]20,12,5)([70]51,56,2)([71]19,59,1)([72]47,16,2)([73]28,59,6)([74]30,54,2)([75]64,68,4)([76]15,28,7)([77]24,36,1)([78]65,13,1)([79]74,72,4)([80]74,56,3)([81]39,15,1)([82]47,16,5)([83]35,49,5)([84]76,52,5)([85]8,66,6)([86]38,61,3)(80)
evaluations: 16567435
first invidual area: 138.68
{7,1,80,1,2,1,8}([7]2,3,5)([8]0,7,7)([9]8,6,5)([10]3,2,6)([11]4,6,3)([12]11,8,4)([13]9,2,7)([14]10,8,6)([15]14,6,4)([16]2,0,4)([17]13,8,4)([18]1,16,6)([19]7,18,5)([20]5,19,7)([21]11,18,5)([22]13,12,3)([23]4,22,7)([24]1,1,2)([25]22,1,6)([26]25,20,4)([27]26,14,5)([28]6,3,4)([29]14,5,5)([30]15,23,7)([31]20,11,5)([32]15,18,2)([33]17,20,3)([34]12,24,2)([35]28,18,6)([36]10,6,6)([37]7,23,7)([38]35,15,3)([39]0,34,6)([40]26,31,5)([41]1,28,6)([42]39,17,7)([43]2,33,5)([44]41,29,4)([45]17,17,4)([46]40,15,1)([47]38,33,2)([48]20,5,6)([49]28,3,6)([50]47,44,5)([51]34,26,0)([52]17,5,7)([53]49,21,7)([54]53,48,4)([55]42,40,6)([56]50,55,7)([57]10,35,3)([58]38,51,0)([59]23,27,7)([60]44,13,6)([61]33,32,7)([62]10,4,3)([63]13,28,4)([64]44,52,6)([65]33,24,2)([66]38,0,7)([67]66,50,7)([68]25,28,1)([69]24,1,7)([70]40,40,6)([71]53,11,1)([72]43,65,5)([73]55,61,2)([74]59,54,2)([75]70,23,7)([76]47,40,3)([77]71,48,7)([78]33,8,3)([79]36,29,5)([80]74,56,3)([81]21,15,6)([82]32,36,0)([83]63,47,7)([84]44,28,6)([85]6,63,7)([86]12,69,5)(80)
optimized area: 133.99
time: 651215 ms
seed: 1634221416
NOT FOUND
time: 534711 ms
seed: 1634318484
{7,1,80,1,2,1,8}([7]0,4,6)([8]4,0,4)([9]3,6,7)([10]4,2,7)([11]5,8,2)([12]5,1,4)([13]3,10,4)([14]6,12,7)([15]13,8,7)([16]9,6,0)([17]15,12,7)([18]0,10,6)([19]6,5,6)([20]7,2,3)([21]17,14,5)([22]4,16,6)([23]13,1,6)([24]3,6,6)([25]2,0,2)([26]24,7,7)([27]22,15,3)([28]19,3,4)([29]4,20,3)([30]25,11,3)([31]6,15,5)([32]20,24,2)([33]29,14,4)([34]27,33,6)([35]16,14,1)([36]13,27,0)([37]10,22,0)([38]16,22,6)([39]34,1,2)([40]33,26,6)([41]39,14,5)([42]17,41,4)([43]28,26,4)([44]21,23,4)([45]43,40,6)([46]20,27,3)([47]35,13,2)([48]47,16,0)([49]44,46,4)([50]23,42,6)([51]31,15,1)([52]44,45,3)([53]37,21,3)([54]50,52,7)([55]43,31,2)([56]49,31,5)([57]16,0,7)([58]28,30,6)([59]19,21,0)([60]56,37,3)([61]26,30,4)([62]44,31,2)([63]58,22,4)([64]54,24,5)([65]43,15,6)([66]13,7,6)([67]60,63,2)([68]15,45,3)([69]17,6,7)([70]26,13,1)([71]56,30,1)([72]39,69,7)([73]60,68,6)([74]67,54,3)([75]57,15,6)([76]7,27,3)([77]40,49,5)([78]63,40,3)([79]69,67,0)([80]18,72,2)([81]45,51,5)([82]60,16,0)([83]55,21,7)([84]25,19,2)([85]77,83,4)([86]79,51,1)(74)
evaluations: 29020966
first invidual area: 138.69
{7,1,80,1,2,1,8}([7]5,3,3)([8]0,4,4)([9]3,6,7)([10]2,4,7)([11]5,8,2)([12]5,1,4)([13]10,3,4)([14]12,6,7)([15]8,13,7)([16]0,2,2)([17]15,12,7)([18]1,3,4)([19]0,5,3)([20]0,4,3)([21]14,17,5)([22]4,9,6)([23]13,1,6)([24]5,6,3)([25]16,3,0)([26]7,20,4)([27]22,15,3)([28]3,24,7)([29]0,8,5)([30]11,10,7)([31]25,13,0)([32]1,29,1)([33]14,29,5)([34]11,28,3)([35]26,1,1)([36]33,27,6)([37]31,34,6)([38]10,2,7)([39]36,1,5)([40]25,5,1)([41]28,33,6)([42]17,39,4)([43]17,19,1)([44]42,22,2)([45]26,41,6)([46]45,40,5)([47]25,25,2)([48]43,22,6)([49]42,27,5)([50]21,23,4)([51]42,23,3)([52]50,45,3)([53]42,21,7)([54]51,52,4)([55]41,41,1)([56]55,49,5)([57]7,32,0)([58]29,0,1)([59]6,58,7)([60]56,10,3)([61]20,2,2)([62]30,22,2)([63]37,22,4)([64]29,50,0)([65]7,27,0)([66]27,33,1)([67]60,63,2)([68]54,67,3)([69]1,13,2)([70]5,11,7)([71]3,17,1)([72]40,43,7)([73]35,13,3)([74]5,27,3)([75]29,1,5)([76]39,1,3)([77]70,12,4)([78]72,36,4)([79]10,1,6)([80]8,2,6)([81]58,2,0)([82]28,43,0)([83]62,7,3)([84]44,1,6)([85]53,32,3)([86]51,38,5)(68)
optimized area: 120.40
time: 587186 ms
seed: 1634359032
NOT FOUND
time: 530704 ms
seed: 1634407968
{7,1,80,1,2,1,8}([7]1,6,7)([8]5,4,4)([9]2,5,7)([10]3,7,5)([11]0,1,4)([12]1,2,5)([13]1,2,7)([14]6,3,7)([15]7,14,3)([16]10,9,3)([17]4,6,3)([18]14,9,7)([19]15,8,6)([20]13,5,6)([21]20,8,6)([22]13,3,4)([23]21,0,7)([24]12,7,6)([25]13,18,7)([26]10,18,4)([27]17,23,7)([28]11,16,4)([29]28,27,2)([30]8,22,4)([31]19,27,6)([32]10,15,2)([33]0,26,2)([34]25,7,3)([35]29,8,4)([36]28,9,6)([37]32,28,4)([38]33,16,7)([39]24,16,2)([40]30,23,6)([41]35,8,6)([42]14,7,2)([43]25,33,4)([44]20,10,4)([45]38,29,0)([46]45,27,2)([47]43,34,5)([48]7,12,2)([49]36,31,6)([50]0,14,5)([51]49,27,7)([52]27,26,0)([53]47,17,1)([54]19,28,0)([55]24,37,6)([56]23,32,3)([57]41,55,6)([58]46,56,4)([59]45,52,5)([60]13,14,1)([61]47,52,5)([62]40,51,4)([63]33,62,3)([64]38,16,4)([65]40,9,2)([66]30,4,7)([67]8,34,3)([68]47,57,5)([69]34,1,1)([70]22,26,6)([71]7,50,6)([72]67,33,0)([73]11,8,3)([74]67,18,1)([75]13,10,5)([76]23,46,1)([77]31,76,7)([78]49,7,6)([79]44,37,6)([80]68,35,4)([81]8,59,1)([82]53,47,6)([83]80,39,6)([84]80,63,5)([85]59,4,6)([86]9,12,6)(84)
evaluations: 20440742
first invidual area: 147.61
{7,1,80,1,2,1,8}([7]1,6,7)([8]5,4,4)([9]2,5,7)([10]7,3,5)([11]0,1,7)([12]2,1,1)([13]1,2,7)([14]3,6,7)([15]14,7,3)([16]10,9,3)([17]4,6,3)([18]9,14,7)([19]8,15,7)([20]13,5,6)([21]20,8,3)([22]8,3,6)([23]0,21,4)([24]10,15,5)([25]13,18,7)([26]18,10,4)([27]17,23,7)([28]16,11,7)([29]27,28,5)([30]4,21,6)([31]12,1,0)([32]0,0,0)([33]32,26,2)([34]21,6,6)([35]8,29,7)([36]28,9,6)([37]24,28,7)([38]33,25,4)([39]13,22,4)([40]39,23,6)([41]35,8,6)([42]6,12,6)([43]42,37,6)([44]27,19,6)([45]38,31,7)([46]33,41,0)([47]34,42,0)([48]7,25,3)([49]36,44,6)([50]48,38,5)([51]45,17,4)([52]49,17,4)([53]44,11,5)([54]14,0,6)([55]29,10,2)([56]19,43,7)([57]41,43,6)([58]37,38,4)([59]25,35,3)([60]37,7,0)([61]51,21,7)([62]40,52,7)([63]62,33,3)([64]33,9,2)([65]64,30,0)([66]24,55,5)([67]20,53,6)([68]50,57,5)([69]46,24,2)([70]34,15,2)([71]51,13,7)([72]36,33,1)([73]4,53,7)([74]6,12,2)([75]50,26,0)([76]19,27,5)([77]34,22,1)([78]35,27,7)([79]52,16,4)([80]35,68,4)([81]20,11,4)([82]3,16,3)([83]64,27,0)([84]80,63,5)([85]75,38,0)([86]28,34,3)(84)
optimized area: 146.20
time: 649841 ms
seed: 1634456987
{7,1,80,1,2,1,8}([7]3,6,7)([8]4,5,2)([9]2,5,6)([10]9,0,4)([11]5,3,5)([12]8,7,6)([13]6,8,3)([14]10,2,6)([15]7,5,7)([16]1,10,4)([17]4,2,3)([18]17,5,4)([19]11,0,4)([20]4,10,3)([21]12,14,3)([22]20,14,5)([23]20,0,2)([24]5,15,1)([25]21,20,2)([26]16,13,4)([27]19,26,3)([28]17,0,6)([29]21,22,5)([30]1,29,2)([31]16,27,5)([32]31,20,2)([33]31,6,5)([34]9,12,6)([35]8,21,7)([36]5,11,3)([37]28,30,4)([38]7,10,5)([39]38,33,7)([40]30,11,7)([41]30,28,2)([42]21,16,1)([43]1,2,6)([44]19,21,4)([45]18,39,7)([46]24,45,3)([47]16,2,5)([48]17,25,3)([49]12,39,3)([50]48,13,2)([51]0,35,3)([52]37,45,5)([53]27,7,4)([54]18,22,3)([55]37,50,3)([56]52,25,4)([57]8,32,4)([58]11,17,5)([59]23,45,4)([60]38,2,3)([61]43,44,7)([62]59,60,2)([63]4,59,5)([64]53,62,3)([65]44,22,7)([66]61,64,3)([67]64,36,3)([68]57,66,6)([69]68,56,7)([70]29,15,0)([71]40,61,3)([72]34,3,1)([73]8,57,3)([74]46,6,0)([75]3,2,6)([76]31,34,0)([77]76,40,4)([78]66,2,4)([79]39,18,4)([80]70,13,6)([81]51,54,5)([82]43,23,6)([83]13,58,6)([84]23,45,2)([85]20,59,4)([86]68,34,4)(69)
evaluations: 26207455
first invidual area: 134.93
{7,1,80,1,2,1,8}([7]3,6,7)([8]4,5,2)([9]5,2,6)([10]0,9,4)([11]0,5,4)([12]7,8,6)([13]6,12,4)([14]2,10,6)([15]6,8,6)([16]1,10,4)([17]4,2,3)([18]3,5,5)([19]0,18,4)([20]4,10,3)([21]14,12,3)([22]14,17,5)([23]19,14,1)([24]22,13,5)([25]20,21,5)([26]16,15,2)([27]26,19,3)([28]0,17,3)([29]22,21,5)([30]1,29,5)([31]27,16,5)([32]31,20,5)([33]31,6,5)([34]20,16,1)([35]13,26,7)([36]2,34,3)([37]30,28,4)([38]7,10,5)([39]38,33,4)([40]7,7,0)([41]1,2,6)([42]28,41,2)([43]39,5,4)([44]19,41,4)([45]43,17,4)([46]0,27,6)([47]35,28,3)([48]2,19,6)([49]7,14,2)([50]8,32,7)([51]49,43,5)([52]37,45,5)([53]27,7,4)([54]31,24,0)([55]48,18,0)([56]52,25,4)([57]31,49,2)([58]25,1,4)([59]38,45,7)([60]31,48,7)([61]21,44,7)([62]59,36,2)([63]25,24,6)([64]50,62,3)([65]15,33,1)([66]64,61,3)([67]4,5,1)([68]53,66,6)([69]35,60,1)([70]22,21,4)([71]3,53,6)([72]68,56,4)([73]20,11,0)([74]56,32,7)([75]23,45,6)([76]35,69,7)([77]30,63,7)([78]57,17,2)([79]14,9,6)([80]4,41,3)([81]43,52,3)([82]10,49,0)([83]69,7,1)([84]41,33,0)([85]32,24,2)([86]70,18,7)(72)
optimized area: 130.23
time: 613770 ms
seed: 1634517166
{7,1,80,1,2,1,8}([7]4,5,4)([8]2,0,4)([9]1,3,5)([10]6,5,5)([11]8,3,4)([12]1,6,7)([13]12,10,4)([14]10,7,7)([15]2,5,4)([16]5,4,6)([17]1,10,4)([18]7,13,3)([19]14,8,7)([20]17,5,4)([21]18,15,6)([22]11,5,3)([23]9,21,4)([24]16,23,7)([25]7,22,5)([26]14,3,6)([27]3,20,3)([28]10,15,2)([29]6,23,3)([30]24,19,4)([31]20,11,5)([32]7,20,3)([33]7,2,2)([34]0,28,4)([35]15,9,5)([36]34,23,4)([37]9,1,6)([38]13,11,0)([39]38,16,6)([40]27,24,7)([41]31,35,6)([42]6,41,7)([43]17,35,2)([44]21,30,6)([45]33,35,2)([46]35,42,6)([47]26,46,5)([48]10,45,4)([49]42,48,5)([50]26,26,1)([51]5,48,2)([52]27,9,1)([53]14,21,4)([54]49,44,5)([55]40,39,5)([56]36,2,1)([57]25,41,6)([58]57,47,5)([59]21,14,7)([60]51,22,5)([61]26,47,5)([62]35,25,4)([63]47,56,4)([64]9,26,7)([65]10,16,4)([66]63,5,1)([67]15,52,7)([68]40,46,7)([69]54,58,4)([70]35,56,4)([71]63,13,1)([72]34,33,3)([73]50,28,6)([74]46,73,7)([75]37,14,0)([76]5,34,3)([77]68,26,1)([78]68,66,2)([79]37,52,1)([80]69,78,3)([81]6,0,1)([82]79,60,2)([83]57,18,6)([84]31,20,3)([85]62,67,1)([86]45,10,6)(80)
evaluations: 21735336
first invidual area: 153.22
{7,1,80,1,2,1,8}([7]5,4,4)([8]2,0,4)([9]1,3,5)([10]5,6,5)([11]3,8,4)([12]1,10,7)([13]12,6,4)([14]8,7,7)([15]2,5,4)([16]13,14,6)([17]12,5,7)([18]15,6,0)([19]18,7,3)([20]4,5,6)([21]19,13,6)([22]11,5,3)([23]21,9,4)([24]20,23,4)([25]7,22,5)([26]10,14,7)([27]17,21,2)([28]10,18,5)([29]17,3,6)([30]24,26,7)([31]17,11,5)([32]21,7,3)([33]5,3,2)([34]28,0,7)([35]18,23,5)([36]34,23,7)([37]21,30,6)([38]16,2,0)([39]12,15,1)([40]29,24,4)([41]35,31,6)([42]6,41,7)([43]2,7,2)([44]35,11,3)([45]43,35,5)([46]35,42,6)([47]16,46,5)([48]45,10,2)([49]42,48,5)([50]13,47,2)([51]36,50,4)([52]28,27,1)([53]29,7,6)([54]37,49,5)([55]19,29,5)([56]15,46,5)([57]25,41,6)([58]57,47,5)([59]42,29,2)([60]6,43,0)([61]58,54,4)([62]27,46,2)([63]36,47,2)([64]5,15,7)([65]60,44,0)([66]16,50,4)([67]50,44,6)([68]40,46,4)([69]68,60,7)([70]56,48,1)([71]52,47,4)([72]48,43,4)([73]70,53,1)([74]38,26,2)([75]37,66,1)([76]74,30,7)([77]61,16,1)([78]68,63,2)([79]40,7,3)([80]61,78,3)([81]28,28,4)([82]48,58,1)([83]47,60,1)([84]16,65,6)([85]17,83,6)([86]26,77,7)(80)
optimized area: 140.09
time: 671613 ms
seed: 1634616307
NOT FOUND
time: 525569 ms
seed: 1635143307
NOT FOUND
time: 528267 ms
seed: 1635192501
{7,1,80,1,2,1,8}([7]2,0,2)([8]1,5,7)([9]7,2,6)([10]6,3,4)([11]4,5,4)([12]6,1,2)([13]6,2,2)([14]9,6,6)([15]13,14,7)([16]6,9,7)([17]7,10,4)([18]11,7,7)([19]0,14,3)([20]11,12,3)([21]8,13,5)([22]21,21,2)([23]9,9,0)([24]17,3,3)([25]1,21,7)([26]23,17,7)([27]17,18,5)([28]6,26,5)([29]27,0,4)([30]7,4,5)([31]19,20,7)([32]19,30,3)([33]29,6,3)([34]32,9,2)([35]18,5,6)([36]6,13,6)([37]1,23,7)([38]35,26,3)([39]12,30,4)([40]20,26,3)([41]33,40,7)([42]33,24,6)([43]16,41,4)([44]10,20,2)([45]14,24,6)([46]8,43,3)([47]25,38,2)([48]31,47,2)([49]40,38,5)([50]37,31,4)([51]39,29,7)([52]51,48,7)([53]44,46,7)([54]22,32,6)([55]51,8,0)([56]42,50,5)([57]48,10,1)([58]47,42,1)([59]39,45,5)([60]38,58,1)([61]52,54,3)([62]53,61,3)([63]39,49,7)([64]10,8,7)([65]63,9,1)([66]56,49,2)([67]29,33,6)([68]2,8,3)([69]28,21,7)([70]52,23,6)([71]69,16,6)([72]19,12,4)([73]61,16,2)([74]2,50,2)([75]68,0,5)([76]18,63,3)([77]75,20,5)([78]66,62,4)([79]4,64,1)([80]60,24,0)([81]46,70,4)([82]12,68,0)([83]7,59,6)([84]78,15,1)([85]23,36,6)([86]74,25,4)(78)
evaluations: 42762621
first invidual area: 149.94
{7,1,80,1,2,1,8}([7]0,2,2)([8]1,5,7)([9]2,3,1)([10]3,6,4)([11]5,4,4)([12]6,1,2)([13]6,9,6)([14]3,7,1)([15]14,3,0)([16]6,9,4)([17]7,10,4)([18]11,7,7)([19]0,13,6)([20]12,11,3)([21]11,7,3)([22]1,18,7)([23]4,10,6)([24]18,17,4)([25]1,23,3)([26]9,17,7)([27]18,17,5)([28]20,19,4)([29]27,0,4)([30]7,4,5)([31]30,3,0)([32]26,15,6)([33]29,6,3)([34]13,33,6)([35]18,5,6)([36]1,29,0)([37]16,29,0)([38]35,26,3)([39]30,12,7)([40]20,26,3)([41]33,40,7)([42]2,40,4)([43]37,41,7)([44]20,10,5)([45]33,0,5)([46]8,43,6)([47]25,38,2)([48]28,47,5)([49]40,38,5)([50]15,35,6)([51]29,39,7)([52]51,48,4)([53]44,46,4)([54]44,43,0)([55]29,20,1)([56]34,22,5)([57]21,56,0)([58]22,30,0)([59]0,39,5)([60]39,17,5)([61]28,41,2)([62]53,52,5)([63]25,24,3)([64]6,61,2)([65]64,8,6)([66]56,49,5)([67]55,16,3)([68]39,25,5)([69]17,44,4)([70]44,41,6)([71]51,63,5)([72]66,61,3)([73]61,3,7)([74]30,72,2)([75]12,11,4)([76]12,23,1)([77]68,9,3)([78]66,62,7)([79]48,62,4)([80]56,71,7)([81]50,11,3)([82]45,75,0)([83]59,25,3)([84]33,78,1)([85]78,73,6)([86]11,26,6)(78)
optimized area: 128.85
time: 540830 ms
seed: 1635347610
{7,1,80,1,2,1,8}([7]4,0,3)([8]0,2,7)([9]2,6,6)([10]8,1,7)([11]6,1,7)([12]5,4,7)([13]7,1,7)([14]8,1,5)([15]11,14,5)([16]5,8,2)([17]16,1,1)([18]12,0,3)([19]5,13,7)([20]11,15,3)([21]3,15,4)([22]6,13,2)([23]10,3,5)([24]12,1,5)([25]23,0,5)([26]19,24,1)([27]6,19,5)([28]19,25,7)([29]18,4,5)([30]28,16,6)([31]22,29,7)([32]28,4,2)([33]25,20,2)([34]13,9,3)([35]24,13,2)([36]32,30,1)([37]10,23,6)([38]4,12,3)([39]37,22,7)([40]5,35,1)([41]13,29,4)([42]16,34,6)([43]12,17,2)([44]11,42,6)([45]30,11,2)([46]28,31,5)([47]45,21,3)([48]30,11,5)([49]21,42,3)([50]5,9,3)([51]34,47,7)([52]25,48,2)([53]25,8,3)([54]11,17,6)([55]5,50,0)([56]29,41,2)([57]9,31,7)([58]6,8,4)([59]9,7,1)([60]53,44,7)([61]43,10,2)([62]61,21,7)([63]24,49,4)([64]7,9,5)([65]41,63,0)([66]49,64,5)([67]15,47,0)([68]9,43,6)([69]35,66,7)([70]37,8,1)([71]47,63,1)([72]27,22,5)([73]9,27,2)([74]46,66,4)([75]30,39,3)([76]15,26,3)([77]53,5,5)([78]60,69,6)([79]74,78,6)([80]71,62,3)([81]45,76,7)([82]15,66,6)([83]0,33,5)([84]79,80,7)([85]53,31,0)([86]27,78,3)(84)
evaluations: 39310095
first invidual area: 129.75
{7,1,80,1,2,1,8}([7]0,4,3)([8]2,0,7)([9]2,6,6)([10]8,1,7)([11]1,6,7)([12]4,5,7)([13]7,1,7)([14]6,8,5)([15]11,14,5)([16]5,8,2)([17]13,6,5)([18]13,1,0)([19]5,13,4)([20]12,1,5)([21]3,15,4)([22]18,8,7)([23]10,3,5)([24]12,0,3)([25]23,0,5)([26]16,19,1)([27]0,18,7)([28]25,19,4)([29]24,4,5)([30]11,5,4)([31]17,29,4)([32]24,18,7)([33]10,26,1)([34]13,9,3)([35]20,18,5)([36]26,27,7)([37]19,5,7)([38]28,6,0)([39]28,4,7)([40]12,26,2)([41]28,36,1)([42]16,34,6)([43]36,36,2)([44]1,6,5)([45]41,11,2)([46]28,31,5)([47]45,21,6)([48]22,34,7)([49]21,42,3)([50]16,40,4)([51]39,21,2)([52]5,43,2)([53]52,20,1)([54]20,40,5)([55]16,43,0)([56]48,49,4)([57]46,27,1)([58]25,55,6)([59]51,30,7)([60]58,11,7)([61]40,10,5)([62]61,21,4)([63]52,15,7)([64]7,9,5)([65]20,48,2)([66]64,49,5)([67]40,44,0)([68]34,26,2)([69]35,46,5)([70]38,22,5)([71]10,13,6)([72]30,25,0)([73]3,55,7)([74]46,66,4)([75]4,39,2)([76]75,50,6)([77]25,64,7)([78]60,69,6)([79]74,78,3)([80]47,62,6)([81]59,2,4)([82]65,47,6)([83]13,11,6)([84]79,80,7)([85]29,18,1)([86]5,66,5)(84)
optimized area: 120.84
time: 1056188 ms
seed: 1635623499
NOT FOUND
time: 1068622 ms
seed: 1635671132
{7,1,80,1,2,1,8}([7]2,1,0)([8]4,2,5)([9]0,4,6)([10]3,6,4)([11]5,4,4)([12]2,8,5)([13]9,1,6)([14]2,0,7)([15]6,5,4)([16]12,5,2)([17]8,1,6)([18]17,1,4)([19]16,9,4)([20]14,11,6)([21]14,3,7)([22]20,8,4)([23]11,21,4)([24]15,23,4)([25]18,19,5)([26]22,21,4)([27]22,7,2)([28]15,15,6)([29]10,25,4)([30]20,25,7)([31]13,26,1)([32]21,3,7)([33]10,31,7)([34]23,12,4)([35]14,20,2)([36]26,28,5)([37]9,14,3)([38]9,21,6)([39]13,30,3)([40]21,25,7)([41]33,27,6)([42]28,32,5)([43]36,37,3)([44]23,35,7)([45]36,1,3)([46]20,41,6)([47]14,42,4)([48]33,17,5)([49]37,44,5)([50]38,11,6)([51]42,33,7)([52]47,43,5)([53]10,39,5)([54]43,46,7)([55]49,30,5)([56]5,42,3)([57]54,48,4)([58]56,17,3)([59]37,51,5)([60]41,55,5)([61]29,31,6)([62]43,54,0)([63]59,45,7)([64]28,39,6)([65]59,27,2)([66]20,16,6)([67]64,13,0)([68]6,12,2)([69]67,31,6)([70]40,15,1)([71]65,65,0)([72]64,63,3)([73]3,30,2)([74]18,60,4)([75]72,61,3)([76]1,65,3)([77]6,36,7)([78]60,57,5)([79]61,60,1)([80]62,55,6)([81]78,75,2)([82]70,72,0)([83]7,2,5)([84]3,57,2)([85]50,31,6)([86]59,55,2)(81)
evaluations: 12397996
first invidual area: 155.54
{7,1,80,1,2,1,8}([7]5,4,4)([8]2,4,5)([9]0,4,6)([10]6,3,7)([11]1,2,1)([12]7,2,5)([13]9,1,6)([14]2,0,7)([15]5,6,7)([16]5,12,5)([17]8,1,6)([18]9,16,7)([19]10,17,5)([20]14,7,6)([21]14,3,7)([22]8,20,4)([23]14,9,7)([24]20,9,3)([25]17,1,3)([26]18,25,5)([27]17,7,0)([28]3,10,5)([29]22,21,4)([30]20,26,7)([31]28,18,0)([32]14,26,7)([33]13,10,7)([34]2,22,2)([35]15,30,3)([36]29,15,5)([37]14,9,3)([38]21,15,6)([39]14,15,5)([40]33,29,3)([41]34,33,6)([42]13,35,6)([43]36,37,3)([44]6,34,4)([45]16,23,7)([46]20,41,6)([47]41,15,0)([48]23,13,0)([49]39,0,0)([50]38,37,5)([51]49,33,7)([52]32,28,7)([53]15,21,4)([54]43,46,7)([55]8,37,3)([56]50,30,5)([57]19,54,4)([58]36,41,0)([59]37,51,5)([60]28,57,5)([61]36,1,3)([62]58,57,6)([63]59,61,7)([64]36,28,4)([65]24,63,2)([66]10,64,7)([67]24,14,5)([68]25,21,1)([69]61,33,3)([70]34,29,2)([71]41,56,5)([72]42,63,3)([73]33,10,6)([74]34,39,6)([75]72,73,3)([76]0,1,2)([77]14,60,3)([78]71,57,5)([79]36,21,6)([80]16,14,5)([81]20,24,2)([82]75,78,2)([83]35,56,1)([84]53,25,6)([85]50,4,3)([86]36,75,4)(82)
optimized area: 130.22
time: 1379139 ms
seed: 1635718947
{7,1,80,1,2,1,8}([7]0,6,6)([8]5,6,7)([9]0,2,7)([10]4,5,4)([11]3,6,4)([12]3,5,3)([13]11,9,4)([14]3,13,3)([15]5,1,3)([16]2,10,4)([17]5,0,3)([18]8,10,5)([19]0,9,2)([20]8,15,2)([21]1,7,3)([22]9,13,4)([23]19,5,4)([24]16,2,1)([25]10,19,6)([26]11,16,5)([27]22,13,3)([28]3,10,7)([29]28,1,6)([30]28,18,2)([31]9,17,7)([32]8,21,5)([33]31,6,5)([34]1,16,3)([35]26,0,6)([36]34,32,2)([37]32,33,3)([38]32,11,6)([39]3,18,3)([40]35,30,6)([41]39,33,7)([42]37,5,7)([43]37,16,5)([44]1,6,7)([45]20,25,3)([46]43,40,4)([47]5,46,5)([48]1,11,3)([49]26,1,2)([50]13,36,6)([51]49,31,7)([52]32,16,6)([53]32,33,4)([54]35,12,4)([55]3,52,5)([56]47,45,4)([57]35,48,5)([58]28,53,3)([59]45,37,0)([60]49,23,3)([61]56,50,6)([62]48,61,4)([63]13,47,6)([64]63,56,5)([65]7,48,0)([66]48,1,1)([67]42,11,4)([68]51,61,0)([69]63,9,5)([70]6,54,7)([71]68,30,6)([72]41,31,5)([73]48,32,5)([74]10,65,1)([75]17,59,4)([76]51,75,2)([77]8,0,2)([78]23,47,5)([79]45,56,4)([80]67,41,4)([81]3,55,0)([82]62,76,3)([83]11,11,7)([84]18,15,1)([85]61,65,0)([86]20,51,7)(82)
evaluations: 33616609
first invidual area: 118.99
{7,1,80,1,2,1,8}([7]0,0,2)([8]6,5,7)([9]2,7,7)([10]4,5,4)([11]6,3,4)([12]5,7,3)([13]10,9,5)([14]10,2,0)([15]1,5,3)([16]2,14,4)([17]0,15,2)([18]1,11,6)([19]1,14,4)([20]8,15,2)([21]1,18,3)([22]8,21,5)([23]3,10,7)([24]7,9,2)([25]10,24,6)([26]11,16,5)([27]1,26,5)([28]6,9,1)([29]21,24,2)([30]10,3,1)([31]12,9,4)([32]5,9,4)([33]13,23,2)([34]1,16,3)([35]26,0,6)([36]34,22,2)([37]1,3,5)([38]31,27,3)([39]20,25,3)([40]33,35,6)([41]12,3,2)([42]9,11,4)([43]38,16,5)([44]43,29,3)([45]12,40,6)([46]43,40,4)([47]5,46,5)([48]46,22,5)([49]31,16,4)([50]42,36,6)([51]27,31,7)([52]11,0,7)([53]11,45,5)([54]50,1,7)([55]1,44,1)([56]47,39,4)([57]2,4,6)([58]6,44,4)([59]48,9,1)([60]17,57,4)([61]56,50,6)([62]18,61,7)([63]11,13,5)([64]21,4,7)([65]40,48,7)([66]58,44,0)([67]26,47,5)([68]35,9,4)([69]46,17,6)([70]37,13,3)([71]5,41,4)([72]1,11,1)([73]39,12,4)([74]57,53,0)([75]20,36,6)([76]51,73,2)([77]48,15,4)([78]45,59,1)([79]24,56,3)([80]1,60,4)([81]52,50,4)([82]76,62,3)([83]17,56,4)([84]67,64,4)([85]22,60,0)([86]74,85,0)(82)
optimized area: 114.31
time: 1109861 ms
seed: 1635766190
NOT FOUND
time: 1075088 ms
seed: 1635813196
{7,1,80,1,2,1,8}([7]0,2,2)([8]0,2,4)([9]5,0,2)([10]5,4,4)([11]2,1,5)([12]9,6,6)([13]10,1,4)([14]5,10,5)([15]4,9,7)([16]7,12,7)([17]9,8,6)([18]15,6,4)([19]3,13,2)([20]3,2,5)([21]12,19,7)([22]3,11,4)([23]0,0,3)([24]17,10,6)([25]19,20,4)([26]14,21,1)([27]10,20,3)([28]7,13,4)([29]17,25,3)([30]4,5,3)([31]26,29,4)([32]9,21,7)([33]32,13,5)([34]26,20,3)([35]29,1,3)([36]8,0,0)([37]29,5,4)([38]17,23,3)([39]23,37,4)([40]14,12,1)([41]33,29,4)([42]28,16,5)([43]14,12,6)([44]10,21,3)([45]31,41,5)([46]5,10,3)([47]21,46,5)([48]17,18,7)([49]44,22,7)([50]21,11,0)([51]47,13,7)([52]38,16,6)([53]34,30,4)([54]53,4,2)([55]6,21,5)([56]46,3,3)([57]53,18,3)([58]39,48,7)([59]39,57,6)([60]28,57,3)([61]52,30,2)([62]56,42,6)([63]24,59,4)([64]62,63,6)([65]41,14,6)([66]27,42,3)([67]16,31,3)([68]2,21,1)([69]16,42,0)([70]60,45,7)([71]18,70,2)([72]64,70,4)([73]27,0,4)([74]60,49,3)([75]22,8,5)([76]22,11,6)([77]56,8,3)([78]63,39,2)([79]74,72,4)([80]72,16,1)([81]79,5,0)([82]35,55,7)([83]56,10,7)([84]12,61,5)([85]50,42,3)([86]3,4,1)(81)
evaluations: 10581170
first invidual area: 153.23
{7,1,80,1,2,1,8}([7]0,2,5)([8]0,2,4)([9]0,5,2)([10]5,4,4)([11]1,2,5)([12]9,6,5)([13]1,10,4)([14]5,10,2)([15]3,13,0)([16]4,10,6)([17]9,8,6)([18]13,6,7)([19]13,3,5)([20]2,15,5)([21]20,19,7)([22]11,3,4)([23]14,8,1)([24]17,10,3)([25]9,4,7)([26]7,13,7)([27]18,15,4)([28]23,8,3)([29]21,17,3)([30]27,12,4)([31]14,29,4)([32]3,26,1)([33]13,3,0)([34]9,6,7)([35]23,30,4)([36]13,7,0)([37]5,0,7)([38]13,30,5)([39]29,37,7)([40]6,25,4)([41]12,40,6)([42]16,26,5)([43]29,38,5)([44]22,3,0)([45]27,21,5)([46]9,10,4)([47]37,10,3)([48]7,18,6)([49]46,39,3)([50]12,29,3)([51]11,48,3)([52]14,20,3)([53]52,16,7)([54]47,44,7)([55]11,51,4)([56]45,42,6)([57]53,40,3)([58]37,18,3)([59]39,57,3)([60]45,56,4)([61]1,25,2)([62]16,37,1)([63]59,24,4)([64]56,63,6)([65]49,19,3)([66]63,34,6)([67]57,26,6)([68]13,24,0)([69]39,38,0)([70]34,33,3)([71]43,31,5)([72]64,71,7)([73]69,34,5)([74]67,54,5)([75]74,72,7)([76]10,20,3)([77]72,9,6)([78]19,2,7)([79]53,71,6)([80]24,39,4)([81]70,13,6)([82]34,73,6)([83]80,2,5)([84]38,24,7)([85]79,65,5)([86]56,37,5)(75)
optimized area: 140.10
time: 1317117 ms
seed: 1635856371
NOT FOUND
time: 1072571 ms
seed: 1635898300
NOT FOUND
time: 1077747 ms
seed: 1635934584
NOT FOUND
time: 1061360 ms
seed: 1635970707
NOT FOUND
time: 1073871 ms
seed: 1636006605
NOT FOUND
time: 1059210 ms
seed: 1636041181
{7,1,80,1,2,1,8}([7]1,2,7)([8]2,3,3)([9]3,6,6)([10]0,1,2)([11]0,2,5)([12]1,3,2)([13]1,0,6)([14]6,1,4)([15]1,3,6)([16]4,3,2)([17]4,5,7)([18]16,6,4)([19]2,17,2)([20]19,13,7)([21]20,0,2)([22]21,12,5)([23]3,1,6)([24]12,4,3)([25]6,13,2)([26]19,4,2)([27]3,14,7)([28]2,11,1)([29]2,27,5)([30]27,25,3)([31]20,18,5)([32]11,22,2)([33]32,25,4)([34]26,20,4)([35]16,15,6)([36]10,9,5)([37]34,17,7)([38]35,17,7)([39]4,38,7)([40]0,13,0)([41]29,31,4)([42]40,10,1)([43]36,26,4)([44]12,14,7)([45]24,33,4)([46]26,42,2)([47]36,28,0)([48]7,33,4)([49]14,39,0)([50]4,23,2)([51]26,23,5)([52]45,6,4)([53]27,14,2)([54]7,35,7)([55]52,14,0)([56]20,47,3)([57]40,44,0)([58]55,38,6)([59]45,19,4)([60]25,14,2)([61]25,38,1)([62]48,30,4)([63]20,37,4)([64]27,62,7)([65]54,44,2)([66]47,37,7)([67]59,51,7)([68]58,41,3)([69]55,63,7)([70]13,16,7)([71]70,67,7)([72]68,47,2)([73]66,71,2)([74]18,51,4)([75]22,1,1)([76]22,26,7)([77]62,72,2)([78]38,34,5)([79]67,39,2)([80]21,11,7)([81]43,15,1)([82]11,35,5)([83]8,18,7)([84]46,65,3)([85]73,77,6)([86]49,18,7)(85)
evaluations: 19913182
first invidual area: 154.16
{7,1,80,1,2,1,8}([7]1,3,2)([8]7,0,5)([9]1,2,4)([10]6,1,4)([11]1,0,0)([12]3,6,6)([13]0,1,6)([14]13,1,0)([15]3,12,0)([16]4,3,2)([17]5,4,7)([18]9,15,3)([19]2,17,2)([20]19,13,7)([21]14,10,2)([22]16,16,2)([23]22,11,6)([24]4,7,3)([25]22,6,4)([26]19,4,2)([27]15,10,7)([28]0,2,5)([29]11,12,2)([30]13,8,7)([31]20,25,5)([32]28,8,5)([33]32,21,6)([34]26,20,3)([35]22,23,3)([36]29,0,5)([37]34,36,4)([38]17,35,4)([39]27,2,5)([40]39,14,0)([41]40,31,4)([42]8,2,2)([43]27,21,3)([44]26,43,2)([45]24,33,4)([46]8,24,5)([47]17,37,4)([48]9,33,7)([49]43,26,4)([50]45,47,4)([51]34,31,2)([52]48,33,7)([53]0,8,0)([54]33,6,6)([55]1,2,6)([56]8,38,2)([57]30,46,2)([58]45,25,4)([59]45,20,4)([60]32,23,5)([61]51,39,5)([62]47,57,7)([63]61,44,2)([64]58,38,6)([65]35,21,4)([66]45,49,0)([67]59,60,5)([68]64,41,3)([69]32,34,6)([70]16,67,4)([71]69,6,2)([72]36,68,2)([73]47,70,2)([74]34,67,1)([75]57,57,6)([76]69,9,1)([77]66,59,0)([78]43,48,4)([79]31,34,7)([80]47,71,4)([81]48,68,0)([82]72,78,2)([83]28,42,7)([84]53,17,2)([85]73,82,6)([86]67,12,0)(85)
optimized area: 136.80
time: 1246021 ms
seed: 1636075207
{7,1,80,1,2,1,8}([7]3,6,7)([8]4,3,7)([9]5,8,4)([10]0,9,7)([11]8,2,6)([12]6,1,3)([13]11,4,7)([14]8,10,3)([15]14,4,7)([16]15,6,4)([17]1,6,4)([18]10,1,7)([19]6,0,1)([20]11,18,6)([21]18,4,6)([22]5,9,3)([23]21,3,5)([24]21,2,5)([25]7,0,4)([26]24,16,4)([27]20,11,3)([28]21,2,6)([29]27,3,6)([30]10,12,7)([31]2,5,7)([32]25,28,6)([33]19,3,0)([34]9,2,6)([35]26,29,6)([36]28,6,5)([37]7,20,7)([38]34,36,3)([39]16,22,4)([40]10,35,7)([41]39,12,7)([42]34,36,5)([43]12,42,6)([44]30,42,2)([45]20,41,2)([46]27,6,4)([47]25,45,6)([48]15,23,6)([49]47,38,4)([50]45,15,4)([51]41,46,6)([52]49,15,4)([53]32,25,0)([54]16,25,3)([55]52,48,6)([56]16,28,2)([57]55,40,3)([58]34,48,4)([59]58,14,2)([60]34,45,6)([61]3,29,1)([62]30,25,1)([63]19,41,4)([64]58,4,3)([65]28,2,1)([66]56,51,4)([67]37,5,5)([68]19,31,4)([69]40,38,0)([70]17,53,3)([71]25,48,2)([72]52,69,0)([73]36,2,7)([74]32,7,6)([75]44,68,2)([76]40,33,5)([77]75,50,4)([78]6,56,6)([79]0,44,4)([80]53,77,3)([81]16,61,7)([82]59,54,1)([83]79,81,7)([84]66,48,5)([85]69,66,7)([86]57,80,5)(86)
evaluations: 30170192
first invidual area: 149.00
{7,1,80,1,2,1,8}([7]5,0,0)([8]4,3,7)([9]8,7,4)([10]0,9,7)([11]2,8,6)([12]1,6,3)([13]12,10,7)([14]10,8,6)([15]14,4,4)([16]3,6,7)([17]15,6,4)([18]1,10,7)([19]0,18,2)([20]16,0,4)([21]4,18,6)([22]2,11,0)([23]21,3,5)([24]22,21,5)([25]16,0,4)([26]24,17,4)([27]18,11,6)([28]21,22,6)([29]1,23,6)([30]17,14,0)([31]7,2,7)([32]25,28,6)([33]32,1,6)([34]9,22,6)([35]19,26,3)([36]28,6,5)([37]8,5,3)([38]36,34,3)([39]37,30,7)([40]10,35,4)([41]39,12,4)([42]36,34,5)([43]21,42,3)([44]4,32,1)([45]27,41,2)([46]4,36,2)([47]25,45,3)([48]23,8,1)([49]47,38,5)([50]45,15,4)([51]31,6,7)([52]49,15,7)([53]50,38,1)([54]1,36,2)([55]52,29,6)([56]13,42,2)([57]55,40,3)([58]4,0,2)([59]14,55,7)([60]0,14,3)([61]20,35,5)([62]16,26,6)([63]43,32,5)([64]53,13,7)([65]35,1,3)([66]32,57,1)([67]37,10,4)([68]33,59,1)([69]67,32,4)([70]26,27,1)([71]57,16,0)([72]14,62,5)([73]69,22,2)([74]12,28,7)([75]56,51,5)([76]40,43,4)([77]75,50,7)([78]40,67,2)([79]75,53,3)([80]32,77,3)([81]31,3,5)([82]54,68,6)([83]24,65,4)([84]11,80,3)([85]73,12,1)([86]71,80,5)(86)
optimized area: 141.97
time: 1227062 ms
seed: 1636108210
NOT FOUND
time: 1072029 ms
seed: 1636140930
{7,1,80,1,2,1,8}([7]1,0,7)([8]7,5,2)([9]2,5,7)([10]1,3,4)([11]4,5,7)([12]8,3,3)([13]10,7,4)([14]2,1,5)([15]5,14,7)([16]2,15,3)([17]7,0,3)([18]9,10,0)([19]3,16,2)([20]1,13,5)([21]4,19,3)([22]20,14,2)([23]9,20,7)([24]7,0,2)([25]1,21,3)([26]1,14,4)([27]23,0,4)([28]11,7,4)([29]9,7,7)([30]6,12,4)([31]24,18,6)([32]25,29,4)([33]28,31,0)([34]30,11,5)([35]27,6,1)([36]22,32,7)([37]1,17,4)([38]2,21,1)([39]24,34,7)([40]27,0,3)([41]30,14,7)([42]25,26,6)([43]21,14,3)([44]6,35,4)([45]5,4,2)([46]45,10,5)([47]46,41,5)([48]3,46,3)([49]46,39,5)([50]28,48,4)([51]24,17,1)([52]24,12,0)([53]36,50,5)([54]26,15,4)([55]8,48,3)([56]21,14,5)([57]50,45,5)([58]6,13,0)([59]40,49,6)([60]49,27,3)([61]6,31,2)([62]59,38,3)([63]53,36,1)([64]49,54,4)([65]54,37,6)([66]9,30,7)([67]53,47,5)([68]64,1,2)([69]60,67,5)([70]68,0,3)([71]41,70,1)([72]48,31,0)([73]2,37,5)([74]40,16,0)([75]21,35,0)([76]55,13,0)([77]0,50,7)([78]51,49,4)([79]75,18,5)([80]69,37,4)([81]67,18,7)([82]55,21,0)([83]53,36,4)([84]16,0,4)([85]11,6,1)([86]32,37,3)(80)
evaluations: 39999797
first invidual area: 129.33
{7,1,80,1,2,1,8}([7]0,1,7)([8]7,5,2)([9]5,2,7)([10]3,1,4)([11]5,4,7)([12]3,8,6)([13]0,10,4)([14]1,2,5)([15]0,7,1)([16]11,9,5)([17]0,7,2)([18]11,7,7)([19]3,16,2)([20]1,13,5)([21]19,4,6)([22]20,14,5)([23]20,9,4)([24]12,7,0)([25]22,21,3)([26]7,25,4)([27]19,15,3)([28]4,1,2)([29]11,26,0)([30]6,24,7)([31]29,22,5)([32]1,19,5)([33]30,14,7)([34]18,25,5)([35]30,29,5)([36]12,17,2)([37]33,5,5)([38]10,5,2)([39]35,17,7)([40]29,2,5)([41]9,26,4)([42]23,0,7)([43]6,26,3)([44]14,27,4)([45]10,24,0)([46]38,29,5)([47]46,33,5)([48]46,3,6)([49]46,39,5)([50]18,48,4)([51]45,13,1)([52]38,17,6)([53]50,41,5)([54]48,53,0)([55]26,0,2)([56]35,44,5)([57]12,9,6)([58]27,57,2)([59]42,49,3)([60]7,48,5)([61]15,0,2)([62]52,0,3)([63]22,27,2)([64]58,56,5)([65]27,41,2)([66]50,29,2)([67]53,47,5)([68]60,18,6)([69]59,67,5)([70]67,24,0)([71]53,2,2)([72]66,27,0)([73]21,50,0)([74]69,17,7)([75]37,41,7)([76]14,66,4)([77]48,52,6)([78]12,59,2)([79]72,61,0)([80]76,3,2)([81]8,2,0)([82]63,46,7)([83]48,46,0)([84]46,28,2)([85]27,72,3)([86]81,3,6)(74)
optimized area: 111.98
time: 1101306 ms
seed: 1636173443
{7,1,80,1,2,1,8}([7]4,5,4)([8]1,0,7)([9]6,4,4)([10]3,5,7)([11]8,9,3)([12]8,1,4)([13]8,2,7)([14]9,10,2)([15]1,10,7)([16]15,7,3)([17]9,15,7)([18]13,4,7)([19]16,6,5)([20]13,8,3)([21]10,13,4)([22]3,17,6)([23]14,1,4)([24]3,21,2)([25]19,10,3)([26]23,22,3)([27]4,1,7)([28]5,20,2)([29]10,21,6)([30]24,26,6)([31]1,27,0)([32]23,7,5)([33]28,23,4)([34]21,32,6)([35]24,11,7)([36]22,0,7)([37]25,32,4)([38]12,2,4)([39]25,8,0)([40]25,11,1)([41]36,5,6)([42]27,41,6)([43]26,21,2)([44]22,15,6)([45]42,33,4)([46]7,43,3)([47]44,13,4)([48]29,14,3)([49]8,38,0)([50]8,37,5)([51]2,46,4)([52]37,9,3)([53]46,26,1)([54]20,47,2)([55]17,54,4)([56]16,35,2)([57]24,41,2)([58]48,12,6)([59]5,38,5)([60]55,45,3)([61]48,46,1)([62]15,40,1)([63]60,9,0)([64]10,26,3)([65]7,50,1)([66]62,56,4)([67]58,45,0)([68]0,10,6)([69]59,52,2)([70]66,40,4)([71]50,60,2)([72]31,40,1)([73]61,37,3)([74]14,63,1)([75]67,71,1)([76]1,39,2)([77]21,63,6)([78]1,1,2)([79]16,61,2)([80]71,79,1)([81]72,72,6)([82]49,39,5)([83]37,76,6)([84]63,20,0)([85]67,71,6)([86]46,85,4)(86)
evaluations: 12328205
first invidual area: 134.49
{7,1,80,1,2,1,8}([7]5,4,4)([8]1,0,7)([9]4,6,4)([10]5,3,7)([11]3,9,2)([12]0,5,1)([13]2,8,7)([14]10,9,2)([15]10,1,7)([16]5,15,0)([17]15,9,7)([18]7,14,0)([19]16,16,5)([20]8,13,3)([21]7,15,3)([22]17,3,6)([23]1,14,4)([24]20,16,5)([25]23,24,7)([26]22,23,3)([27]0,22,7)([28]21,6,5)([29]28,10,3)([30]29,12,7)([31]27,28,0)([32]10,13,4)([33]26,32,2)([34]4,1,7)([35]7,23,5)([36]10,27,5)([37]29,35,4)([38]31,1,3)([39]37,11,3)([40]21,16,7)([41]27,5,6)([42]41,34,6)([43]2,9,5)([44]15,22,6)([45]25,42,4)([46]31,4,4)([47]44,13,4)([48]9,17,6)([49]28,15,3)([50]18,33,3)([51]13,10,6)([52]14,51,3)([53]2,35,4)([54]20,47,5)([55]17,54,7)([56]42,21,2)([57]24,28,5)([58]35,47,3)([59]3,57,5)([60]45,55,3)([61]37,8,5)([62]8,53,6)([63]38,14,3)([64]42,35,5)([65]40,31,3)([66]60,61,2)([67]30,33,0)([68]66,45,2)([69]12,52,6)([70]2,40,2)([71]64,31,3)([72]63,6,2)([73]19,2,6)([74]54,33,3)([75]59,35,3)([76]7,47,0)([77]9,60,1)([78]10,26,3)([79]19,46,6)([80]65,12,5)([81]57,33,5)([82]6,56,7)([83]10,25,5)([84]12,78,5)([85]69,66,6)([86]50,85,4)(86)
optimized area: 130.26
time: 1276399 ms
seed: 1636204020
{7,1,80,1,2,1,8}([7]6,3,4)([8]5,3,5)([9]0,1,4)([10]8,5,7)([11]9,7,3)([12]7,1,6)([13]7,10,6)([14]12,0,6)([15]11,5,4)([16]15,3,7)([17]14,13,4)([18]4,9,6)([19]4,15,7)([20]15,14,6)([21]20,17,1)([22]9,17,0)([23]2,17,4)([24]8,1,7)([25]3,8,4)([26]16,2,6)([27]21,23,4)([28]6,2,1)([29]27,19,4)([30]0,13,6)([31]28,22,5)([32]24,4,4)([33]15,31,4)([34]22,24,4)([35]9,32,3)([36]25,19,6)([37]0,2,4)([38]22,8,3)([39]2,30,6)([40]28,15,5)([41]19,35,7)([42]35,30,3)([43]29,7,7)([44]40,13,2)([45]39,43,2)([46]40,2,4)([47]30,34,6)([48]26,29,3)([49]3,33,7)([50]48,12,3)([51]49,23,3)([52]20,1,4)([53]14,10,0)([54]39,7,0)([55]23,16,4)([56]42,25,7)([57]27,43,5)([58]11,31,7)([59]3,39,5)([60]50,14,0)([61]2,19,0)([62]57,41,5)([63]46,51,6)([64]11,48,4)([65]45,35,0)([66]24,28,0)([67]62,42,2)([68]48,58,1)([69]48,44,2)([70]50,42,5)([71]63,10,2)([72]66,49,4)([73]51,62,7)([74]57,49,3)([75]61,60,3)([76]8,10,7)([77]58,48,4)([78]61,15,0)([79]60,67,2)([80]17,37,1)([81]19,44,1)([82]30,67,6)([83]26,18,5)([84]30,17,4)([85]63,79,6)([86]46,47,1)(85)
evaluations: 27876652
first invidual area: 129.32
{7,1,80,1,2,1,8}([7]6,3,4)([8]5,3,5)([9]0,1,4)([10]5,8,2)([11]7,9,6)([12]10,7,6)([13]4,1,7)([14]11,0,6)([15]5,11,7)([16]15,3,7)([17]14,12,7)([18]6,9,1)([19]4,15,7)([20]15,14,6)([21]2,15,1)([22]9,18,5)([23]2,17,7)([24]13,8,4)([25]16,2,6)([26]18,15,5)([27]20,23,7)([28]0,24,2)([29]22,3,0)([30]17,25,5)([31]23,26,2)([32]29,16,4)([33]27,9,6)([34]31,32,5)([35]9,24,3)([36]34,26,5)([37]14,35,3)([38]7,1,6)([39]33,33,5)([40]4,35,2)([41]19,27,4)([42]18,37,4)([43]5,31,2)([44]34,37,7)([45]18,20,1)([46]21,35,0)([47]32,23,3)([48]38,41,3)([49]20,5,4)([50]48,25,3)([51]23,50,6)([52]38,10,7)([53]26,2,4)([54]40,6,5)([55]7,24,5)([56]8,51,2)([57]27,55,5)([58]19,35,7)([59]13,33,7)([60]46,45,3)([61]32,53,7)([62]57,58,5)([63]25,19,5)([64]1,49,7)([65]31,1,6)([66]18,7,5)([67]43,22,1)([68]31,27,1)([69]66,17,2)([70]62,37,2)([71]53,47,6)([72]20,3,2)([73]50,70,2)([74]56,3,4)([75]63,71,2)([76]21,55,4)([77]41,57,3)([78]63,68,0)([79]16,12,3)([80]48,69,2)([81]23,27,4)([82]80,60,7)([83]73,71,6)([84]38,4,0)([85]71,60,3)([86]41,62,2)(83)
optimized area: 115.72
time: 1192670 ms
seed: 1636233935
NOT FOUND
time: 1058959 ms
