seed: 1633853977
NOT FOUND
time: 523427 ms
seed: 1633940829
NOT FOUND
time: 527508 ms
seed: 1633968544
{7,1,80,1,2,1,8}([7]6,5,5)([8]4,3,7)([9]1,8,6)([10]5,3,2)([11]10,1,7)([12]2,7,2)([13]2,10,7)([14]10,4,6)([15]13,0,4)([16]4,5,6)([17]11,0,7)([18]1,13,5)([19]6,1,7)([20]14,19,7)([21]9,16,7)([22]0,4,7)([23]19,15,6)([24]19,18,0)([25]5,4,0)([26]5,22,1)([27]2,8,3)([28]16,12,4)([29]11,27,6)([30]29,18,1)([31]17,30,5)([32]23,5,7)([33]31,14,2)([34]28,6,7)([35]4,5,5)([36]22,18,5)([37]15,22,3)([38]28,26,4)([39]11,37,5)([40]34,30,4)([41]36,23,4)([42]40,41,7)([43]20,9,5)([44]6,9,4)([45]2,30,4)([46]25,20,2)([47]9,1,7)([48]20,2,5)([49]28,14,2)([50]12,17,3)([51]42,41,3)([52]32,36,5)([53]49,39,5)([54]52,23,0)([55]31,44,6)([56]3,31,4)([57]46,51,6)([58]54,53,0)([59]39,11,0)([60]52,43,5)([61]39,32,7)([62]6,30,3)([63]26,50,3)([64]39,62,6)([65]35,63,4)([66]65,60,6)([67]65,60,2)([68]57,19,4)([69]53,57,7)([70]32,34,2)([71]34,69,5)([72]67,59,5)([73]41,53,2)([74]66,56,6)([75]45,5,5)([76]32,37,4)([77]53,0,4)([78]69,74,3)([79]23,20,7)([80]10,19,5)([81]73,26,4)([82]6,38,5)([83]1,23,2)([84]1,30,6)([85]64,80,4)([86]68,66,2)(78)
evaluations: 26771244
first invidual area: 143.35
{7,1,80,1,2,1,8}([7]5,6,5)([8]3,4,7)([9]5,6,0)([10]3,5,2)([11]10,1,7)([12]2,7,5)([13]2,10,7)([14]4,10,6)([15]0,13,4)([16]0,6,0)([17]11,16,7)([18]1,13,5)([19]1,6,7)([20]14,19,7)([21]19,3,3)([22]12,17,5)([23]15,19,6)([24]4,5,3)([25]11,8,3)([26]20,21,6)([27]24,14,0)([28]12,27,4)([29]2,25,3)([30]20,12,7)([31]17,29,5)([32]23,9,7)([33]4,0,7)([34]6,28,7)([35]8,9,6)([36]33,18,5)([37]13,35,0)([38]21,12,1)([39]11,22,5)([40]29,34,7)([41]36,23,4)([42]38,10,1)([43]20,35,5)([44]13,32,5)([45]9,4,5)([46]36,45,6)([47]10,12,5)([48]5,20,2)([49]28,14,2)([50]22,15,4)([51]40,41,3)([52]32,36,5)([53]49,39,5)([54]40,36,6)([55]33,43,7)([56]53,37,1)([57]48,51,3)([58]8,7,0)([59]54,23,7)([60]46,54,5)([61]52,43,5)([62]13,8,0)([63]18,3,1)([64]31,3,4)([65]45,47,4)([66]65,61,6)([67]57,53,4)([68]11,58,1)([69]4,52,7)([70]39,65,3)([71]10,55,3)([72]29,9,6)([73]45,1,6)([74]66,64,6)([75]61,32,6)([76]30,11,6)([77]71,71,7)([78]67,74,3)([79]26,45,2)([80]71,57,5)([81]76,7,7)([82]3,15,3)([83]78,25,0)([84]78,47,3)([85]28,33,1)([86]44,78,3)(78)
optimized area: 132.11
time: 597805 ms
seed: 1633991454
NOT FOUND
time: 524646 ms
seed: 1634040379
NOT FOUND
time: 522043 ms
seed: 1634154513
NOT FOUND
time: 527590 ms
seed: 1634201899
NOT FOUND
time: 531374 ms
seed: 1634250842
{7,1,80,1,2,1,8}([7]0,6,5)([8]2,0,4)([9]6,5,2)([10]0,3,2)([11]2,4,4)([12]11,5,2)([13]2,6,5)([14]8,13,2)([15]9,14,6)([16]4,3,2)([17]10,1,7)([18]8,5,6)([19]3,5,6)([20]0,16,6)([21]3,19,6)([22]18,17,4)([23]5,20,4)([24]14,21,5)([25]23,17,5)([26]15,2,6)([27]26,24,7)([28]25,12,4)([29]4,28,6)([30]21,25,7)([31]27,27,3)([32]5,30,2)([33]1,5,6)([34]18,1,7)([35]10,34,7)([36]6,22,4)([37]28,31,5)([38]3,23,3)([39]11,33,4)([40]27,39,2)([41]20,21,7)([42]11,30,6)([43]36,38,3)([44]25,15,6)([45]32,8,6)([46]7,27,2)([47]43,25,1)([48]39,19,3)([49]48,42,4)([50]38,2,4)([51]22,14,4)([52]13,29,4)([53]0,12,6)([54]51,24,7)([55]9,53,6)([56]30,37,5)([57]36,48,7)([58]51,46,6)([59]57,42,3)([60]27,38,2)([61]10,29,0)([62]49,19,3)([63]17,55,7)([64]42,43,7)([65]60,6,6)([66]45,4,6)([67]18,29,0)([68]26,53,1)([69]65,8,6)([70]52,57,6)([71]20,22,1)([72]32,11,2)([73]15,18,4)([74]58,64,6)([75]35,9,6)([76]17,28,7)([77]39,55,3)([78]71,21,6)([79]51,41,3)([80]19,56,7)([81]13,31,6)([82]11,8,5)([83]70,56,7)([84]31,32,2)([85]74,83,6)([86]70,27,7)(85)
evaluations: 26688685
first invidual area: 133.05
{7,1,80,1,2,1,8}([7]3,0,5)([8]0,2,4)([9]5,6,2)([10]4,2,4)([11]5,1,6)([12]5,10,5)([13]2,6,5)([14]13,8,2)([15]0,9,6)([16]4,3,2)([17]1,7,4)([18]5,8,6)([19]5,3,6)([20]0,16,6)([21]3,19,6)([22]17,18,4)([23]20,5,4)([24]14,21,5)([25]23,17,5)([26]15,2,6)([27]26,24,7)([28]25,12,7)([29]4,28,6)([30]25,21,7)([31]13,29,4)([32]30,10,6)([33]23,6,6)([34]15,33,7)([35]6,33,4)([36]6,22,4)([37]28,8,4)([38]3,36,3)([39]11,10,4)([40]28,27,5)([41]35,24,6)([42]24,19,6)([43]23,38,6)([44]7,36,1)([45]2,29,6)([46]36,27,2)([47]0,20,3)([48]39,19,3)([49]36,19,2)([50]41,38,3)([51]22,14,4)([52]0,11,2)([53]1,28,0)([54]49,49,1)([55]49,4,7)([56]51,23,5)([57]36,48,7)([58]13,22,3)([59]45,36,3)([60]59,7,7)([61]49,44,5)([62]47,9,1)([63]30,40,5)([64]51,46,6)([65]50,26,2)([66]47,37,0)([67]51,22,0)([68]61,46,5)([69]53,25,7)([70]31,57,6)([71]43,32,4)([72]27,11,1)([73]58,65,7)([74]64,71,6)([75]57,12,6)([76]17,62,7)([77]11,15,1)([78]25,77,2)([79]10,58,4)([80]9,4,4)([81]41,27,6)([82]41,49,1)([83]70,63,7)([84]74,62,5)([85]43,21,5)([86]74,83,6)(86)
optimized area: 130.24
time: 616414 ms
seed: 1634298942
{7,1,80,1,2,1,8}([7]3,0,3)([8]5,6,7)([9]4,3,2)([10]4,5,3)([11]8,8,0)([12]1,4,7)([13]4,0,6)([14]12,8,5)([15]7,8,2)([16]2,1,4)([17]13,5,7)([18]0,3,5)([19]1,16,5)([20]9,10,4)([21]6,19,7)([22]9,14,7)([23]2,22,4)([24]22,4,7)([25]11,12,7)([26]18,1,4)([27]23,25,6)([28]24,27,3)([29]28,3,4)([30]13,22,3)([31]26,24,5)([32]2,21,2)([33]29,23,6)([34]4,33,6)([35]17,31,6)([36]25,15,6)([37]21,15,5)([38]31,7,5)([39]23,14,4)([40]37,20,7)([41]6,19,6)([42]28,6,5)([43]35,10,1)([44]35,34,4)([45]34,7,6)([46]33,19,6)([47]5,14,2)([48]30,32,2)([49]7,12,5)([50]29,40,5)([51]48,50,4)([52]40,7,7)([53]8,6,3)([54]23,1,5)([55]45,43,4)([56]41,26,3)([57]3,7,7)([58]55,51,2)([59]35,25,4)([60]48,38,5)([61]5,25,4)([62]57,60,7)([63]56,53,3)([64]3,40,2)([65]36,5,0)([66]3,46,3)([67]54,44,4)([68]12,31,6)([69]19,29,2)([70]27,7,6)([71]2,11,6)([72]56,39,3)([73]36,69,0)([74]25,67,6)([75]55,58,7)([76]63,64,1)([77]72,58,7)([78]20,8,6)([79]11,68,5)([80]58,4,6)([81]66,35,1)([82]27,55,6)([83]45,15,7)([84]28,15,0)([85]17,59,2)([86]62,49,7)(77)
evaluations: 39197385
first invidual area: 134.47
{7,1,80,1,2,1,8}([7]3,0,3)([8]5,6,7)([9]4,3,2)([10]8,6,5)([11]4,5,6)([12]1,4,7)([13]4,0,6)([14]12,8,5)([15]8,7,2)([16]2,7,1)([17]13,5,7)([18]3,0,5)([19]16,1,5)([20]11,9,3)([21]5,19,7)([22]14,9,7)([23]2,0,7)([24]22,4,7)([25]15,12,7)([26]18,1,4)([27]23,25,6)([28]24,27,3)([29]28,3,4)([30]13,22,3)([31]26,24,5)([32]0,13,5)([33]30,2,2)([34]4,27,6)([35]17,31,6)([36]35,26,1)([37]21,15,5)([38]14,28,2)([39]16,9,4)([40]20,37,4)([41]6,19,6)([42]31,23,3)([43]4,28,0)([44]10,34,3)([45]34,7,6)([46]37,44,3)([47]11,25,1)([48]6,33,5)([49]44,29,2)([50]29,40,5)([51]48,50,7)([52]1,28,5)([53]4,11,6)([54]19,49,7)([55]45,35,6)([56]39,41,3)([57]0,54,5)([58]55,51,5)([59]18,34,5)([60]51,3,4)([61]21,27,6)([62]49,24,4)([63]1,4,3)([64]61,12,4)([65]33,48,6)([66]24,4,5)([67]46,66,0)([68]23,5,0)([69]42,32,3)([70]24,67,2)([71]56,26,6)([72]33,61,0)([73]66,10,2)([74]71,18,4)([75]5,58,2)([76]7,2,3)([77]71,58,7)([78]43,11,4)([79]21,3,2)([80]48,38,0)([81]80,21,4)([82]39,41,0)([83]21,56,1)([84]17,57,6)([85]24,22,6)([86]40,52,1)(77)
optimized area: 121.80
time: 563655 ms
seed: 1634339466
{7,1,80,1,2,1,8}([7]0,6,5)([8]0,0,1)([9]0,3,7)([10]1,0,4)([11]9,6,6)([12]4,7,6)([13]0,2,7)([14]2,4,7)([15]11,6,7)([16]11,7,7)([17]1,16,6)([18]4,15,3)([19]17,3,4)([20]19,3,6)([21]13,19,5)([22]7,18,4)([23]14,6,5)([24]23,3,2)([25]6,7,1)([26]22,7,3)([27]16,5,4)([28]26,20,5)([29]24,27,5)([30]2,28,4)([31]14,18,0)([32]28,2,2)([33]1,24,2)([34]29,22,5)([35]21,8,4)([36]15,13,2)([37]28,5,6)([38]26,25,7)([39]5,34,7)([40]39,10,7)([41]17,11,1)([42]18,11,5)([43]34,40,4)([44]16,31,6)([45]42,27,6)([46]19,16,6)([47]15,2,7)([48]38,45,0)([49]1,15,7)([50]45,30,6)([51]33,22,0)([52]41,51,0)([53]31,10,2)([54]12,51,3)([55]44,35,5)([56]40,53,3)([57]1,25,1)([58]38,18,4)([59]5,23,3)([60]13,2,4)([61]56,10,6)([62]39,28,7)([63]16,3,6)([64]55,56,2)([65]39,55,3)([66]19,59,2)([67]37,61,6)([68]67,50,5)([69]64,30,6)([70]24,68,3)([71]17,40,2)([72]65,38,1)([73]29,32,7)([74]0,18,5)([75]14,68,5)([76]25,73,0)([77]0,27,0)([78]55,73,1)([79]39,6,3)([80]69,33,5)([81]66,56,6)([82]16,51,1)([83]4,33,3)([84]22,2,1)([85]64,70,7)([86]52,7,6)(85)
evaluations: 3212430
first invidual area: 121.33
{7,1,80,1,2,1,8}([7]0,6,5)([8]0,2,7)([9]3,0,7)([10]0,1,4)([11]6,9,6)([12]5,9,4)([13]8,12,5)([14]2,4,7)([15]0,10,6)([16]11,6,6)([17]5,2,6)([18]4,16,3)([19]4,4,0)([20]15,3,6)([21]12,6,7)([22]18,7,5)([23]14,6,5)([24]3,23,2)([25]21,24,5)([26]7,18,3)([27]25,26,2)([28]26,20,5)([29]4,5,0)([30]14,22,3)([31]22,27,5)([32]31,5,7)([33]12,23,4)([34]30,11,6)([35]32,28,0)([36]2,33,5)([37]12,34,3)([38]18,1,7)([39]21,2,1)([40]14,10,2)([41]17,28,0)([42]22,22,1)([43]2,28,4)([44]4,31,0)([45]10,35,7)([46]0,13,7)([47]12,40,4)([48]5,29,4)([49]43,41,6)([50]29,11,2)([51]30,49,1)([52]38,22,3)([53]34,46,5)([54]11,36,4)([55]53,54,5)([56]45,40,3)([57]53,1,2)([58]19,13,6)([59]48,0,2)([60]39,36,5)([61]47,41,1)([62]41,39,3)([63]49,35,4)([64]56,53,5)([65]20,53,6)([66]32,64,2)([67]66,50,6)([68]67,49,5)([69]20,11,1)([70]24,68,6)([71]2,19,3)([72]22,23,7)([73]25,18,1)([74]15,26,3)([75]56,8,2)([76]18,24,3)([77]2,52,5)([78]32,75,4)([79]69,62,2)([80]27,55,4)([81]10,40,2)([82]47,60,5)([83]64,70,7)([84]73,35,1)([85]23,24,0)([86]23,56,6)(83)
optimized area: 112.41
time: 719257 ms
seed: 1634388366
{7,1,80,1,2,1,8}([7]5,4,3)([8]0,2,7)([9]7,4,7)([10]8,4,4)([11]3,4,4)([12]6,5,4)([13]0,2,5)([14]3,13,5)([15]1,4,7)([16]6,13,2)([17]3,7,4)([18]17,1,2)([19]1,0,6)([20]9,16,7)([21]3,12,7)([22]20,2,7)([23]15,8,6)([24]21,6,3)([25]14,19,4)([26]20,22,7)([27]21,2,6)([28]26,1,2)([29]11,22,6)([30]7,4,5)([31]23,30,4)([32]9,25,2)([33]4,13,2)([34]29,31,0)([35]28,25,4)([36]31,30,3)([37]14,20,1)([38]3,6,5)([39]18,27,7)([40]21,28,4)([41]24,34,5)([42]24,20,3)([43]12,22,7)([44]0,36,6)([45]20,34,6)([46]4,40,2)([47]9,12,3)([48]0,15,4)([49]43,44,4)([50]38,27,3)([51]23,13,2)([52]5,29,2)([53]41,33,7)([54]2,40,3)([55]8,53,1)([56]43,27,0)([57]48,53,3)([58]57,18,6)([59]45,40,5)([60]41,21,5)([61]25,34,0)([62]50,35,5)([63]58,62,4)([64]36,47,1)([65]49,59,3)([66]9,7,4)([67]18,47,5)([68]25,63,0)([69]28,23,5)([70]42,49,6)([71]67,65,7)([72]44,18,6)([73]39,53,4)([74]18,47,5)([75]1,57,4)([76]8,70,7)([77]44,66,0)([78]7,14,2)([79]9,25,0)([80]62,64,3)([81]39,60,4)([82]39,23,5)([83]22,53,4)([84]71,63,4)([85]44,80,2)([86]14,57,2)(84)
evaluations: 45029121
first invidual area: 155.57
{7,1,80,1,2,1,8}([7]4,5,3)([8]1,4,4)([9]4,7,4)([10]6,1,0)([11]4,3,4)([12]5,10,4)([13]2,0,5)([14]3,13,5)([15]4,10,1)([16]6,13,5)([17]3,7,4)([18]17,1,2)([19]1,0,3)([20]9,16,7)([21]3,12,7)([22]2,20,7)([23]12,22,6)([24]21,10,3)([25]14,19,4)([26]15,11,1)([27]12,2,6)([28]2,1,2)([29]11,22,6)([30]27,17,0)([31]4,23,6)([32]13,19,7)([33]4,13,5)([34]0,33,6)([35]28,25,7)([36]11,25,3)([37]6,2,3)([38]3,10,5)([39]18,18,2)([40]21,28,4)([41]24,29,2)([42]27,37,7)([43]3,22,2)([44]23,34,3)([45]20,41,6)([46]11,13,0)([47]46,12,3)([48]0,8,7)([49]43,44,4)([50]38,27,3)([51]2,15,4)([52]45,50,6)([53]41,33,7)([54]1,29,0)([55]16,6,1)([56]49,18,5)([57]48,53,3)([58]57,39,6)([59]45,40,5)([60]3,24,0)([61]43,20,1)([62]50,35,5)([63]58,62,4)([64]41,21,6)([65]49,59,3)([66]61,11,1)([67]18,47,5)([68]53,10,5)([69]20,63,1)([70]54,27,1)([71]67,65,4)([72]4,0,6)([73]45,52,5)([74]32,67,3)([75]47,68,1)([76]40,17,4)([77]2,20,0)([78]50,18,6)([79]72,67,4)([80]23,56,4)([81]23,38,4)([82]41,12,3)([83]5,50,2)([84]71,63,7)([85]53,56,5)([86]50,17,6)(84)
optimized area: 136.81
time: 540009 ms
seed: 1634437407
{7,1,80,1,2,1,8}([7]4,2,4)([8]6,4,7)([9]0,7,5)([10]0,1,4)([11]10,3,7)([12]3,5,7)([13]5,6,6)([14]9,11,3)([15]5,1,7)([16]14,12,2)([17]8,16,4)([18]15,17,2)([19]18,5,7)([20]13,16,6)([21]14,13,7)([22]9,18,7)([23]16,13,3)([24]3,21,6)([25]1,21,6)([26]19,8,1)([27]19,18,6)([28]13,21,1)([29]27,16,6)([30]23,18,2)([31]21,28,5)([32]20,11,6)([33]30,2,6)([34]2,24,4)([35]17,11,6)([36]5,33,2)([37]34,11,5)([38]37,0,2)([39]1,33,6)([40]25,27,4)([41]33,35,6)([42]38,39,4)([43]7,31,5)([44]40,8,6)([45]43,41,3)([46]34,30,4)([47]22,0,3)([48]24,41,4)([49]8,48,7)([50]0,48,7)([51]29,42,7)([52]10,38,3)([53]20,49,6)([54]53,15,6)([55]10,51,6)([56]44,32,6)([57]24,44,6)([58]23,22,1)([59]7,36,6)([60]36,57,1)([61]0,4,0)([62]44,45,0)([63]0,4,3)([64]34,56,5)([65]45,55,4)([66]20,48,2)([67]61,16,1)([68]8,8,5)([69]67,54,0)([70]66,14,0)([71]25,3,6)([72]10,11,6)([73]21,6,4)([74]42,27,7)([75]60,61,3)([76]0,50,3)([77]66,0,3)([78]73,28,2)([79]6,76,7)([80]34,26,5)([81]5,72,1)([82]21,78,1)([83]82,52,5)([84]12,55,6)([85]17,26,0)([86]64,65,2)(86)
evaluations: 23586846
first invidual area: 127.89
{7,1,80,1,2,1,8}([7]4,2,4)([8]6,4,7)([9]0,7,5)([10]0,1,4)([11]3,10,7)([12]5,3,7)([13]5,6,6)([14]9,11,3)([15]1,5,7)([16]12,14,2)([17]16,8,4)([18]5,7,1)([19]15,17,2)([20]16,13,6)([21]13,14,7)([22]17,11,6)([23]16,14,5)([24]3,21,3)([25]1,21,3)([26]19,25,2)([27]18,19,6)([28]14,0,6)([29]27,16,3)([30]20,11,6)([31]21,20,5)([32]31,26,5)([33]26,2,6)([34]2,24,7)([35]30,24,6)([36]10,10,3)([37]11,34,5)([38]37,1,2)([39]33,1,6)([40]25,27,7)([41]22,33,6)([42]39,38,3)([43]7,31,5)([44]40,8,6)([45]41,43,3)([46]3,11,7)([47]10,16,1)([48]19,47,3)([49]27,9,6)([50]30,44,6)([51]29,42,4)([52]9,27,7)([53]18,44,4)([54]38,41,4)([55]36,51,3)([56]5,11,1)([57]52,1,7)([58]16,29,6)([59]1,42,4)([60]36,55,0)([61]56,54,4)([62]30,0,2)([63]2,11,2)([64]45,55,7)([65]19,22,5)([66]52,6,5)([67]50,34,5)([68]8,0,6)([69]57,63,1)([70]43,47,5)([71]8,9,3)([72]24,8,0)([73]34,33,5)([74]9,63,4)([75]16,45,4)([76]33,0,5)([77]35,7,2)([78]4,5,6)([79]65,44,7)([80]41,60,2)([81]42,40,4)([82]54,50,4)([83]30,56,5)([84]12,39,4)([85]64,67,2)([86]55,80,2)(85)
optimized area: 118.51
time: 638723 ms
seed: 1634497638
{7,1,80,1,2,1,8}([7]1,0,7)([8]7,5,6)([9]6,4,2)([10]5,1,3)([11]5,4,2)([12]6,7,4)([13]10,8,2)([14]10,12,2)([15]3,12,1)([16]4,1,2)([17]5,7,2)([18]14,15,6)([19]12,0,6)([20]14,0,5)([21]17,9,7)([22]5,15,7)([23]14,0,4)([24]7,2,4)([25]0,19,5)([26]3,8,6)([27]21,25,1)([28]19,24,3)([29]28,18,5)([30]3,9,2)([31]29,12,6)([32]16,3,4)([33]27,19,4)([34]21,17,6)([35]21,25,7)([36]12,30,3)([37]11,7,2)([38]7,0,6)([39]34,26,3)([40]23,22,7)([41]4,30,4)([42]14,32,2)([43]35,9,2)([44]30,21,0)([45]29,41,2)([46]23,34,3)([47]37,43,3)([48]31,36,2)([49]41,2,7)([50]20,32,1)([51]33,1,1)([52]49,42,3)([53]20,24,4)([54]25,14,1)([55]33,43,1)([56]12,24,6)([57]41,0,5)([58]56,31,3)([59]51,38,6)([60]36,16,2)([61]16,31,7)([62]46,42,7)([63]33,39,3)([64]58,40,4)([65]52,9,2)([66]24,20,2)([67]12,17,0)([68]2,8,6)([69]68,44,2)([70]55,18,6)([71]64,47,6)([72]52,59,5)([73]61,71,5)([74]57,39,7)([75]11,20,0)([76]52,72,4)([77]55,34,3)([78]30,48,6)([79]23,10,0)([80]73,76,5)([81]53,74,5)([82]80,81,2)([83]25,62,5)([84]58,76,4)([85]23,5,6)([86]56,85,2)(82)
evaluations: 23860755
first invidual area: 159.73
{7,1,80,1,2,1,8}([7]0,1,7)([8]5,0,0)([9]6,4,2)([10]8,1,3)([11]3,10,1)([12]6,7,4)([13]12,11,6)([14]10,12,2)([15]12,0,5)([16]4,1,2)([17]7,8,2)([18]5,13,3)([19]2,15,0)([20]8,10,0)([21]4,18,1)([22]13,5,1)([23]0,12,3)([24]7,2,4)([25]13,9,0)([26]4,11,6)([27]0,11,4)([28]24,5,3)([29]28,13,5)([30]3,9,2)([31]0,4,5)([32]21,12,0)([33]32,8,1)([34]30,7,3)([35]7,20,6)([36]35,3,6)([37]31,11,5)([38]1,13,4)([39]9,36,6)([40]15,8,3)([41]26,38,5)([42]30,4,4)([43]23,9,7)([44]35,42,0)([45]14,18,7)([46]43,17,4)([47]20,4,2)([48]24,15,4)([49]19,42,7)([50]14,37,2)([51]39,18,0)([52]49,50,3)([53]34,52,2)([54]46,34,5)([55]43,21,4)([56]13,41,3)([57]9,8,2)([58]47,27,3)([59]58,45,7)([60]31,51,4)([61]16,29,4)([62]27,61,6)([63]42,24,4)([64]41,19,4)([65]47,35,7)([66]4,19,3)([67]65,24,5)([68]38,1,7)([69]55,40,2)([70]3,57,2)([71]59,57,6)([72]49,43,7)([73]71,61,5)([74]72,53,1)([75]50,62,5)([76]52,54,5)([77]40,13,5)([78]50,53,2)([79]39,10,0)([80]73,76,5)([81]48,60,5)([82]80,81,2)([83]55,23,4)([84]12,26,6)([85]17,30,4)([86]70,23,1)(82)
optimized area: 128.34
time: 601410 ms
seed: 1634596833
NOT FOUND
time: 531439 ms
seed: 1634645648
{7,1,80,1,2,1,8}([7]0,1,6)([8]3,3,5)([9]8,1,7)([10]5,6,4)([11]8,10,5)([12]8,0,6)([13]6,3,5)([14]13,2,7)([15]7,6,6)([16]11,5,5)([17]15,0,6)([18]15,13,5)([19]5,17,3)([20]17,9,7)([21]14,15,5)([22]20,5,2)([23]14,19,7)([24]22,0,3)([25]14,12,7)([26]21,4,4)([27]4,2,4)([28]2,25,5)([29]1,25,5)([30]22,17,5)([31]27,28,7)([32]30,23,4)([33]27,2,2)([34]15,17,3)([35]18,11,6)([36]0,19,4)([37]1,24,7)([38]16,15,3)([39]8,36,7)([40]35,3,3)([41]29,23,1)([42]15,33,4)([43]11,33,4)([44]3,42,3)([45]43,16,4)([46]27,36,5)([47]37,35,6)([48]32,43,6)([49]1,39,7)([50]23,17,5)([51]23,31,3)([52]1,44,6)([53]25,21,3)([54]25,21,3)([55]34,54,3)([56]48,49,2)([57]12,42,1)([58]56,47,7)([59]58,17,1)([60]40,17,7)([61]15,60,5)([62]27,18,1)([63]30,16,7)([64]55,38,7)([65]11,9,3)([66]61,51,2)([67]29,66,7)([68]16,32,7)([69]35,9,3)([70]13,55,7)([71]14,8,6)([72]57,67,1)([73]46,30,0)([74]31,9,0)([75]67,18,1)([76]75,65,5)([77]52,26,3)([78]76,58,2)([79]60,52,1)([80]27,69,3)([81]45,48,7)([82]11,68,7)([83]6,45,6)([84]21,15,5)([85]77,78,4)([86]26,60,0)(85)
evaluations: 20884698
first invidual area: 160.70
{7,1,80,1,2,1,8}([7]1,0,6)([8]3,1,1)([9]3,1,7)([10]6,5,4)([11]8,10,5)([12]3,6,5)([13]0,8,3)([14]12,2,7)([15]6,7,6)([16]11,6,6)([17]0,15,6)([18]2,15,5)([19]5,17,6)([20]6,5,1)([21]9,15,7)([22]21,5,2)([23]19,14,4)([24]22,0,3)([25]14,13,4)([26]0,8,6)([27]2,4,4)([28]25,2,5)([29]25,1,5)([30]28,27,7)([31]5,0,2)([32]23,22,6)([33]8,19,5)([34]2,27,5)([35]20,22,0)([36]14,24,5)([37]1,24,7)([38]36,21,2)([39]9,36,4)([40]9,26,0)([41]0,12,6)([42]20,1,0)([43]11,34,7)([44]38,1,3)([45]0,6,4)([46]41,24,7)([47]37,16,3)([48]26,42,1)([49]25,18,1)([50]2,36,6)([51]30,23,3)([52]43,32,6)([53]27,43,0)([54]15,18,2)([55]35,33,6)([56]52,39,5)([57]4,37,6)([58]47,56,7)([59]53,13,5)([60]20,33,6)([61]57,51,6)([62]4,11,3)([63]27,52,2)([64]61,61,3)([65]58,55,5)([66]33,51,5)([67]66,29,7)([68]3,44,6)([69]15,7,2)([70]33,64,6)([71]21,10,1)([72]33,21,6)([73]13,12,2)([74]60,19,4)([75]18,4,4)([76]62,67,5)([77]68,75,3)([78]76,58,5)([79]49,20,5)([80]30,17,5)([81]36,80,7)([82]72,38,7)([83]2,17,2)([84]8,13,4)([85]77,78,7)([86]74,21,5)(85)
optimized area: 133.97
time: 631327 ms
seed: 1634692654
{7,1,80,1,2,1,8}([7]5,0,3)([8]2,1,2)([9]1,7,3)([10]6,3,2)([11]7,1,4)([12]2,4,6)([13]4,2,2)([14]0,10,3)([15]14,6,7)([16]13,0,5)([17]9,10,2)([18]4,3,6)([19]3,8,7)([20]14,8,7)([21]12,14,5)([22]4,5,3)([23]4,6,4)([24]15,23,5)([25]5,16,3)([26]16,3,5)([27]23,4,0)([28]19,14,7)([29]24,17,6)([30]3,9,0)([31]28,23,6)([32]26,29,4)([33]11,26,7)([34]5,0,2)([35]15,33,7)([36]35,1,6)([37]34,35,3)([38]13,33,3)([39]34,20,4)([40]15,7,6)([41]16,0,6)([42]35,31,2)([43]39,18,7)([44]39,6,5)([45]2,43,2)([46]32,31,7)([47]37,32,2)([48]31,21,5)([49]1,34,5)([50]42,22,4)([51]2,0,0)([52]45,47,6)([53]19,20,0)([54]45,43,7)([55]3,43,6)([56]52,9,0)([57]4,51,7)([58]41,5,6)([59]56,4,4)([60]48,49,7)([61]46,3,4)([62]52,27,4)([63]57,55,3)([64]48,16,4)([65]9,11,2)([66]54,5,6)([67]47,31,2)([68]42,59,3)([69]51,4,2)([70]2,40,4)([71]1,12,0)([72]60,66,3)([73]25,64,3)([74]62,19,2)([75]66,11,1)([76]68,72,2)([77]52,41,7)([78]23,54,6)([79]27,27,5)([80]79,73,0)([81]59,46,0)([82]55,37,5)([83]7,75,5)([84]3,8,5)([85]30,28,2)([86]57,35,7)(76)
evaluations: 14571844
first invidual area: 126.02
{7,1,80,1,2,1,8}([7]0,5,3)([8]3,4,0)([9]4,3,6)([10]6,8,2)([11]7,4,2)([12]10,7,2)([13]2,6,0)([14]0,10,3)([15]6,14,7)([16]13,12,6)([17]11,13,6)([18]14,12,6)([19]13,1,5)([20]14,19,4)([21]7,15,4)([22]13,11,5)([23]4,6,4)([24]17,21,3)([25]21,17,5)([26]8,22,5)([27]0,20,3)([28]23,15,5)([29]12,28,3)([30]8,20,7)([31]30,23,6)([32]26,17,0)([33]32,21,7)([34]5,0,2)([35]1,33,7)([36]19,15,1)([37]34,35,3)([38]0,24,6)([39]34,20,3)([40]0,24,4)([41]12,18,2)([42]29,32,7)([43]39,9,7)([44]24,31,4)([45]43,13,2)([46]24,17,7)([47]37,42,2)([48]3,11,0)([49]36,39,6)([50]31,25,5)([51]41,27,0)([52]45,47,3)([53]52,19,0)([54]34,1,5)([55]53,4,7)([56]8,19,6)([57]31,37,2)([58]14,8,5)([59]43,18,4)([60]50,54,7)([61]29,47,0)([62]57,55,3)([63]32,10,6)([64]33,29,3)([65]18,20,0)([66]53,5,6)([67]39,38,4)([68]13,59,5)([69]36,35,1)([70]16,26,0)([71]69,12,6)([72]60,66,3)([73]10,70,5)([74]59,60,1)([75]30,40,5)([76]70,75,7)([77]16,42,5)([78]68,58,0)([79]22,24,1)([80]41,27,2)([81]72,62,2)([82]56,9,4)([83]76,25,3)([84]41,0,6)([85]8,47,4)([86]17,81,6)(81)
optimized area: 111.48
time: 1092306 ms
seed: 1634770215
NOT FOUND
time: 1016252 ms
seed: 1634835447
{7,1,80,1,2,1,8}([7]4,3,7)([8]5,6,4)([9]7,2,7)([10]0,1,7)([11]2,5,7)([12]4,1,6)([13]10,9,4)([14]5,4,4)([15]12,8,5)([16]7,2,5)([17]16,0,2)([18]11,15,6)([19]13,9,6)([20]15,5,4)([21]6,1,7)([22]2,18,4)([23]21,20,2)([24]17,4,4)([25]19,12,6)([26]9,9,0)([27]6,21,3)([28]24,4,0)([29]9,9,2)([30]24,23,6)([31]30,14,5)([32]20,3,5)([33]13,27,2)([34]21,0,6)([35]33,34,7)([36]28,35,5)([37]6,22,2)([38]30,9,2)([39]32,23,7)([40]32,31,4)([41]18,3,6)([42]30,19,3)([43]4,21,5)([44]39,25,4)([45]27,19,2)([46]1,3,1)([47]4,42,7)([48]10,41,6)([49]32,1,2)([50]9,39,6)([51]14,35,6)([52]40,48,6)([53]52,37,3)([54]21,21,6)([55]35,5,3)([56]43,47,7)([57]18,40,7)([58]13,19,0)([59]30,51,5)([60]38,33,2)([61]19,53,7)([62]60,14,2)([63]15,51,2)([64]44,43,7)([65]56,28,5)([66]51,47,2)([67]66,61,3)([68]17,25,3)([69]41,26,7)([70]7,31,3)([71]11,32,0)([72]45,5,5)([73]55,6,1)([74]27,9,4)([75]34,6,4)([76]17,41,5)([77]32,46,7)([78]69,74,0)([79]42,69,4)([80]45,33,6)([81]53,17,0)([82]46,29,2)([83]51,0,2)([84]25,33,1)([85]19,46,6)([86]68,14,5)(67)
evaluations: 35644270
first invidual area: 119.95
{7,1,80,1,2,1,8}([7]4,3,7)([8]6,5,5)([9]7,2,7)([10]0,1,7)([11]3,8,1)([12]4,1,6)([13]10,9,4)([14]4,5,4)([15]12,8,5)([16]0,3,3)([17]9,0,2)([18]2,9,5)([19]9,10,6)([20]5,15,5)([21]1,6,7)([22]18,0,5)([23]21,17,3)([24]20,22,7)([25]22,5,5)([26]21,4,2)([27]1,3,2)([28]15,13,3)([29]14,5,5)([30]26,24,6)([31]30,14,5)([32]2,28,7)([33]25,13,2)([34]12,8,3)([35]27,26,4)([36]3,20,5)([37]6,32,2)([38]14,10,6)([39]33,27,6)([40]36,31,4)([41]19,7,0)([42]39,4,2)([43]25,23,7)([44]10,11,6)([45]0,38,3)([46]7,31,7)([47]44,5,5)([48]13,4,0)([49]15,46,7)([50]35,29,6)([51]14,39,6)([52]40,44,6)([53]52,37,3)([54]38,25,4)([55]34,31,6)([56]31,3,3)([57]30,47,0)([58]52,57,4)([59]19,18,2)([60]9,44,5)([61]19,53,7)([62]32,35,0)([63]8,3,1)([64]34,40,0)([65]38,28,4)([66]51,43,2)([67]66,61,3)([68]22,43,4)([69]1,10,0)([70]24,53,2)([71]40,31,7)([72]7,2,0)([73]12,34,1)([74]64,56,4)([75]73,24,5)([76]68,63,7)([77]24,4,5)([78]38,6,3)([79]17,30,6)([80]55,65,3)([81]41,65,3)([82]60,68,4)([83]17,58,2)([84]49,23,6)([85]76,67,1)([86]22,70,6)(67)
optimized area: 107.73
time: 1035928 ms
seed: 1635090208
{7,1,80,1,2,1,8}([7]2,1,1)([8]1,5,7)([9]7,0,6)([10]6,3,5)([11]10,2,5)([12]11,0,5)([13]3,11,0)([14]9,4,3)([15]1,7,4)([16]14,8,4)([17]9,15,4)([18]6,1,4)([19]18,16,2)([20]16,14,6)([21]20,4,4)([22]12,17,4)([23]4,11,4)([24]18,15,4)([25]5,20,3)([26]17,21,4)([27]6,25,7)([28]23,23,6)([29]6,4,7)([30]16,25,5)([31]27,30,2)([32]13,19,7)([33]3,26,3)([34]22,32,6)([35]8,24,5)([36]34,29,2)([37]10,0,3)([38]1,4,2)([39]35,32,3)([40]31,15,5)([41]26,28,5)([42]10,15,6)([43]39,33,5)([44]22,22,3)([45]31,36,3)([46]40,43,5)([47]34,23,6)([48]5,32,3)([49]33,25,5)([50]47,46,7)([51]6,43,3)([52]31,15,4)([53]11,15,7)([54]48,44,7)([55]50,9,2)([56]44,45,6)([57]20,13,4)([58]8,17,0)([59]38,34,5)([60]33,48,3)([61]23,2,1)([62]3,24,1)([63]28,60,2)([64]60,61,6)([65]9,15,0)([66]17,63,6)([67]19,53,6)([68]22,21,4)([69]59,7,4)([70]8,69,4)([71]44,60,6)([72]0,10,7)([73]50,56,6)([74]13,69,6)([75]56,29,6)([76]60,30,0)([77]61,38,0)([78]23,53,5)([79]45,44,3)([80]45,33,1)([81]30,50,7)([82]48,38,2)([83]60,53,7)([84]4,37,1)([85]32,36,7)([86]16,5,2)(73)
evaluations: 29731326
first invidual area: 114.78
{7,1,80,1,2,1,8}([7]2,5,1)([8]5,1,7)([9]0,7,6)([10]6,3,5)([11]2,10,5)([12]11,0,5)([13]8,10,0)([14]4,9,3)([15]2,1,7)([16]14,13,4)([17]15,9,4)([18]6,1,4)([19]18,16,5)([20]16,14,6)([21]4,20,6)([22]12,17,4)([23]4,11,4)([24]18,15,4)([25]5,20,3)([26]21,17,7)([27]6,25,7)([28]6,4,7)([29]16,5,5)([30]24,13,5)([31]27,29,2)([32]3,19,4)([33]26,3,3)([34]22,32,6)([35]18,30,4)([36]14,30,4)([37]12,29,1)([38]34,23,3)([39]30,32,3)([40]31,15,5)([41]31,22,3)([42]16,32,3)([43]39,33,5)([44]33,41,4)([45]28,34,2)([46]30,39,0)([47]27,35,0)([48]43,40,5)([49]41,45,6)([50]9,36,7)([51]12,28,7)([52]42,14,0)([53]33,27,5)([54]13,10,7)([55]51,0,3)([56]4,30,1)([57]9,34,3)([58]36,38,0)([59]58,33,2)([60]54,47,3)([61]48,38,4)([62]45,27,2)([63]22,47,2)([64]51,52,2)([65]15,18,0)([66]55,41,0)([67]42,19,4)([68]44,7,4)([69]55,51,2)([70]35,42,7)([71]37,21,6)([72]70,12,6)([73]49,4,4)([74]52,61,3)([75]14,69,7)([76]38,61,5)([77]13,71,2)([78]72,52,3)([79]25,27,6)([80]43,78,3)([81]43,5,5)([82]49,61,6)([83]69,43,6)([84]79,4,2)([85]5,52,3)([86]33,11,0)(82)
optimized area: 111.96
time: 1095878 ms
seed: 1635123777
NOT FOUND
time: 526769 ms
seed: 1635172600
NOT FOUND
time: 540607 ms
seed: 1635288567
NOT FOUND
time: 981705 ms
seed: 1635446001
{7,1,80,1,2,1,8}([7]6,4,7)([8]3,0,6)([9]6,7,7)([10]0,9,7)([11]2,9,4)([12]4,3,7)([13]8,10,4)([14]11,1,4)([15]13,13,6)([16]8,1,7)([17]5,16,3)([18]5,13,6)([19]16,12,7)([20]12,7,5)([21]0,14,3)([22]18,20,6)([23]10,7,5)([24]15,11,6)([25]5,7,3)([26]8,7,3)([27]4,16,4)([28]11,22,7)([29]0,27,2)([30]19,22,4)([31]14,25,4)([32]28,31,2)([33]26,23,5)([34]25,30,7)([35]27,11,3)([36]2,25,0)([37]26,17,4)([38]22,10,5)([39]36,11,5)([40]27,14,5)([41]18,25,0)([42]15,19,1)([43]37,27,5)([44]14,17,7)([45]15,43,4)([46]40,10,2)([47]18,19,2)([48]32,23,2)([49]7,32,5)([50]25,18,2)([51]47,28,6)([52]51,25,1)([53]20,45,2)([54]41,0,1)([55]21,50,0)([56]17,10,6)([57]37,15,4)([58]20,1,6)([59]47,32,3)([60]52,21,2)([61]14,9,3)([62]6,33,4)([63]10,45,3)([64]11,40,4)([65]48,37,6)([66]43,32,2)([67]65,30,3)([68]53,59,6)([69]49,8,6)([70]64,34,0)([71]23,31,5)([72]71,48,7)([73]67,72,2)([74]34,73,7)([75]60,74,6)([76]12,39,6)([77]26,71,4)([78]43,10,6)([79]66,40,0)([80]59,38,5)([81]78,56,1)([82]51,36,3)([83]39,12,0)([84]35,48,3)([85]12,52,3)([86]75,68,6)(86)
evaluations: 39623259
first invidual area: 142.44
{7,1,80,1,2,1,8}([7]6,4,7)([8]3,0,6)([9]8,7,6)([10]0,8,6)([11]4,2,4)([12]3,4,7)([13]10,4,4)([14]1,11,4)([15]12,8,4)([16]5,4,0)([17]10,7,2)([18]13,5,6)([19]15,1,4)([20]12,7,5)([21]19,14,0)([22]20,18,6)([23]21,10,7)([24]13,20,5)([25]23,5,5)([26]14,0,3)([27]21,3,4)([28]11,22,7)([29]22,19,3)([30]7,16,6)([31]14,30,7)([32]28,31,2)([33]4,8,7)([34]6,15,5)([35]10,23,0)([36]16,3,6)([37]9,36,4)([38]37,8,3)([39]2,26,1)([40]29,14,7)([41]22,4,0)([42]30,14,1)([43]37,27,5)([44]6,6,3)([45]13,43,7)([46]0,32,5)([47]18,29,2)([48]42,9,1)([49]26,3,1)([50]31,49,3)([51]47,28,3)([52]4,11,0)([53]20,45,2)([54]41,9,1)([55]44,42,7)([56]13,42,0)([57]54,19,4)([58]43,51,1)([59]47,32,3)([60]51,26,2)([61]41,39,6)([62]37,39,3)([63]30,50,1)([64]51,48,6)([65]31,3,6)([66]18,24,1)([67]62,66,0)([68]53,59,6)([69]46,64,1)([70]59,35,0)([71]11,38,5)([72]71,58,3)([73]72,31,5)([74]40,73,4)([75]60,74,6)([76]57,25,3)([77]74,8,0)([78]47,34,0)([79]43,29,3)([80]16,43,1)([81]13,76,4)([82]9,37,1)([83]48,71,4)([84]46,81,6)([85]75,73,0)([86]85,68,6)(86)
optimized area: 121.34
time: 1058818 ms
seed: 1635553155
{7,1,80,1,2,1,8}([7]6,4,7)([8]1,5,7)([9]2,4,3)([10]9,7,2)([11]0,10,1)([12]8,2,1)([13]11,3,3)([14]3,0,7)([15]1,3,1)([16]5,6,3)([17]12,7,4)([18]9,13,2)([19]13,9,1)([20]17,18,6)([21]20,7,3)([22]8,16,2)([23]1,21,2)([24]23,23,2)([25]23,2,7)([26]22,20,0)([27]21,26,3)([28]13,4,4)([29]24,14,4)([30]23,28,7)([31]25,9,5)([32]14,30,4)([33]28,12,7)([34]32,27,5)([35]7,2,4)([36]3,29,2)([37]27,36,5)([38]34,1,2)([39]0,38,3)([40]35,25,2)([41]40,17,7)([42]39,35,2)([43]30,4,0)([44]3,31,6)([45]26,29,3)([46]43,6,6)([47]41,33,2)([48]47,46,3)([49]42,20,3)([50]4,22,5)([51]48,44,7)([52]27,51,6)([53]37,49,2)([54]11,5,7)([55]42,5,7)([56]29,51,0)([57]31,55,7)([58]29,51,6)([59]55,34,5)([60]55,6,0)([61]50,0,6)([62]61,2,3)([63]6,50,2)([64]49,53,7)([65]23,34,5)([66]40,36,5)([67]58,41,3)([68]40,30,1)([69]62,59,0)([70]46,58,1)([71]15,33,7)([72]51,71,5)([73]53,51,7)([74]70,35,1)([75]56,28,4)([76]49,25,7)([77]58,70,6)([78]53,18,7)([79]41,75,7)([80]58,78,3)([81]62,37,6)([82]47,77,5)([83]26,30,1)([84]68,67,6)([85]47,24,6)([86]3,31,5)(80)
evaluations: 36639665
first invidual area: 125.55
{7,1,80,1,2,1,8}([7]6,4,7)([8]5,1,7)([9]4,2,3)([10]0,3,1)([11]5,8,0)([12]6,10,0)([13]3,10,3)([14]3,10,4)([15]11,12,3)([16]14,12,2)([17]7,8,7)([18]9,13,2)([19]5,0,2)([20]17,18,6)([21]7,20,3)([22]15,8,2)([23]1,21,5)([24]21,3,2)([25]14,2,7)([26]9,19,0)([27]22,7,3)([28]13,4,4)([29]23,14,7)([30]22,28,7)([31]9,25,5)([32]3,4,0)([33]28,8,4)([34]16,27,5)([35]7,2,4)([36]3,29,2)([37]27,36,5)([38]34,1,2)([39]0,38,3)([40]35,25,3)([41]40,5,4)([42]39,35,2)([43]16,11,1)([44]3,31,3)([45]23,21,1)([46]30,12,6)([47]41,33,2)([48]47,46,3)([49]42,20,3)([50]33,29,0)([51]48,44,4)([52]7,22,7)([53]4,1,7)([54]11,6,6)([55]15,43,6)([56]33,7,4)([57]39,22,4)([58]29,51,6)([59]10,44,0)([60]51,49,2)([61]20,34,0)([62]31,43,0)([63]52,35,3)([64]23,55,4)([65]44,7,3)([66]44,54,7)([67]57,61,5)([68]56,59,0)([69]55,48,6)([70]38,27,2)([71]44,12,2)([72]56,29,0)([73]37,49,5)([74]43,61,7)([75]55,66,2)([76]43,10,6)([77]59,0,0)([78]73,18,4)([79]61,70,2)([80]58,78,3)([81]79,35,4)([82]16,8,6)([83]22,8,5)([84]82,6,3)([85]82,81,4)([86]34,81,5)(80)
optimized area: 120.86
time: 1064991 ms
seed: 1635604335
{7,1,80,1,2,1,8}([7]6,3,2)([8]5,3,7)([9]2,8,2)([10]1,9,3)([11]3,4,7)([12]11,5,2)([13]3,4,2)([14]6,10,4)([15]5,3,0)([16]1,7,6)([17]14,12,2)([18]17,6,5)([19]1,0,7)([20]14,18,1)([21]2,7,3)([22]21,13,7)([23]7,4,4)([24]2,7,4)([25]22,20,4)([26]23,0,2)([27]23,1,6)([28]27,0,7)([29]5,24,6)([30]13,1,0)([31]18,21,7)([32]25,21,2)([33]8,32,7)([34]31,30,2)([35]16,33,6)([36]1,19,7)([37]22,17,6)([38]12,35,1)([39]29,0,1)([40]39,24,4)([41]19,11,7)([42]4,2,2)([43]25,39,6)([44]35,41,6)([45]9,35,7)([46]44,1,4)([47]13,12,1)([48]7,27,1)([49]0,7,5)([50]42,28,6)([51]43,44,3)([52]50,51,6)([53]51,23,7)([54]53,41,5)([55]31,52,7)([56]4,45,4)([57]19,22,0)([58]5,32,1)([59]52,26,5)([60]57,14,6)([61]25,10,0)([62]12,53,6)([63]31,5,5)([64]38,63,3)([65]55,37,6)([66]65,41,5)([67]65,62,4)([68]16,3,1)([69]21,50,6)([70]38,13,0)([71]40,33,0)([72]8,38,3)([73]15,26,1)([74]12,47,6)([75]66,49,7)([76]23,3,5)([77]57,5,2)([78]74,47,7)([79]77,39,6)([80]69,31,7)([81]64,43,4)([82]12,35,7)([83]72,79,7)([84]36,37,7)([85]33,71,7)([86]2,23,6)(67)
evaluations: 42460963
first invidual area: 124.16
{7,1,80,1,2,1,8}([7]6,3,2)([8]3,5,7)([9]2,8,2)([10]1,9,6)([11]4,3,7)([12]5,11,2)([13]11,3,5)([14]6,10,7)([15]5,1,0)([16]4,4,0)([17]12,14,2)([18]6,17,5)([19]0,11,7)([20]14,0,6)([21]2,7,3)([22]21,13,4)([23]7,4,4)([24]10,12,3)([25]22,14,7)([26]1,7,6)([27]1,23,6)([28]27,0,7)([29]15,25,3)([30]2,16,2)([31]18,21,4)([32]21,25,5)([33]8,32,4)([34]2,7,4)([35]26,33,6)([36]30,28,6)([37]22,17,6)([38]22,29,7)([39]2,4,6)([40]14,18,0)([41]19,1,7)([42]25,17,0)([43]3,4,7)([44]35,41,6)([45]29,34,6)([46]20,9,3)([47]16,26,6)([48]14,24,0)([49]11,4,7)([50]30,40,6)([51]45,44,3)([52]36,51,3)([53]51,23,7)([54]11,37,3)([55]31,52,7)([56]36,18,5)([57]36,4,3)([58]53,54,0)([59]24,33,0)([60]41,50,7)([61]37,8,0)([62]12,58,6)([63]53,52,4)([64]19,38,4)([65]55,37,3)([66]30,39,1)([67]65,62,7)([68]0,35,6)([69]8,37,5)([70]53,55,7)([71]46,1,5)([72]21,20,4)([73]39,22,6)([74]72,55,1)([75]7,0,2)([76]43,44,7)([77]3,74,0)([78]65,17,7)([79]11,39,2)([80]7,2,4)([81]29,33,7)([82]13,39,1)([83]40,31,0)([84]79,22,0)([85]25,2,2)([86]84,84,7)(67)
optimized area: 120.42
time: 1096908 ms
seed: 1635652057
{7,1,80,1,2,1,8}([7]3,6,5)([8]1,4,7)([9]1,5,2)([10]0,1,7)([11]6,8,4)([12]11,0,5)([13]2,9,4)([14]6,2,5)([15]8,12,5)([16]11,5,7)([17]2,16,1)([18]3,15,7)([19]2,7,2)([20]10,9,0)([21]19,4,7)([22]21,7,1)([23]20,10,3)([24]10,8,5)([25]3,20,4)([26]14,12,5)([27]18,0,0)([28]11,4,3)([29]0,13,7)([30]21,27,5)([31]22,28,4)([32]29,28,2)([33]24,5,7)([34]33,1,3)([35]12,4,6)([36]35,7,2)([37]16,36,4)([38]23,16,5)([39]38,7,4)([40]3,27,3)([41]21,38,2)([42]34,14,6)([43]11,22,6)([44]32,39,6)([45]28,26,0)([46]33,44,5)([47]37,35,2)([48]18,35,6)([49]29,44,3)([50]20,43,5)([51]36,37,5)([52]46,18,3)([53]49,21,7)([54]11,11,6)([55]41,52,4)([56]1,48,4)([57]23,15,4)([58]26,3,7)([59]47,40,3)([60]44,24,7)([61]14,22,1)([62]61,17,2)([63]28,18,7)([64]15,53,0)([65]14,21,7)([66]50,46,6)([67]0,33,0)([68]11,39,0)([69]42,39,1)([70]60,7,2)([71]35,63,6)([72]66,42,3)([73]72,55,6)([74]58,33,3)([75]74,25,6)([76]59,68,0)([77]7,57,2)([78]22,29,0)([79]26,51,1)([80]73,75,3)([81]49,73,1)([82]13,70,0)([83]76,63,3)([84]39,81,6)([85]60,65,7)([86]11,12,2)(80)
evaluations: 30544990
first invidual area: 118.98
{7,1,80,1,2,1,8}([7]6,3,5)([8]4,1,7)([9]0,5,5)([10]0,1,7)([11]8,6,4)([12]11,0,5)([13]7,10,6)([14]2,6,5)([15]8,6,0)([16]2,1,7)([17]12,15,5)([18]3,17,7)([19]8,4,3)([20]7,0,0)([21]11,5,7)([22]3,10,4)([23]10,15,5)([24]9,16,7)([25]20,2,5)([26]4,25,4)([27]10,21,5)([28]26,10,5)([29]25,0,2)([30]14,12,5)([31]15,1,5)([32]19,24,2)([33]10,30,7)([34]32,18,3)([35]34,12,0)([36]23,5,7)([37]8,19,4)([38]34,21,3)([39]9,22,2)([40]18,27,5)([41]27,26,5)([42]35,14,6)([43]3,40,6)([44]32,13,6)([45]34,19,1)([46]36,44,5)([47]42,11,1)([48]24,14,6)([49]40,37,2)([50]18,46,6)([51]42,49,3)([52]41,44,7)([53]33,41,0)([54]16,28,0)([55]41,50,4)([56]19,40,3)([57]5,13,6)([58]26,20,6)([59]30,29,1)([60]59,58,3)([61]16,14,1)([62]28,49,0)([63]0,31,3)([64]52,18,2)([65]24,2,3)([66]62,46,6)([67]66,11,4)([68]53,36,3)([69]3,9,5)([70]23,6,4)([71]42,36,1)([72]66,42,3)([73]72,55,6)([74]35,32,5)([75]68,22,6)([76]23,9,3)([77]3,28,6)([78]41,68,1)([79]65,78,7)([80]31,28,3)([81]0,22,0)([82]68,14,6)([83]73,75,3)([84]30,21,6)([85]66,72,0)([86]2,53,6)(83)
optimized area: 109.14
time: 1175105 ms
seed: 1635699822
{7,1,80,1,2,1,8}([7]1,0,7)([8]3,7,5)([9]2,3,4)([10]2,7,0)([11]6,8,1)([12]5,11,4)([13]6,3,2)([14]8,5,4)([15]8,4,4)([16]4,10,7)([17]3,7,4)([18]14,7,2)([19]9,13,3)([20]17,19,7)([21]7,7,7)([22]18,20,6)([23]10,0,7)([24]7,21,4)([25]21,6,2)([26]12,9,7)([27]19,12,6)([28]1,11,7)([29]10,4,2)([30]17,4,0)([31]1,18,0)([32]1,11,7)([33]2,20,5)([34]12,26,5)([35]7,23,5)([36]18,22,0)([37]17,19,2)([38]34,0,7)([39]22,23,6)([40]15,35,3)([41]37,15,4)([42]39,14,2)([43]14,37,7)([44]20,43,5)([45]35,12,3)([46]28,5,3)([47]33,22,4)([48]42,26,7)([49]17,33,6)([50]45,36,3)([51]27,2,1)([52]8,14,0)([53]32,34,2)([54]48,53,5)([55]50,13,2)([56]22,0,2)([57]31,29,4)([58]37,13,0)([59]19,3,5)([60]18,48,7)([61]57,27,4)([62]61,39,2)([63]16,44,3)([64]50,16,2)([65]16,19,4)([66]34,41,2)([67]16,33,2)([68]62,64,7)([69]0,62,7)([70]32,30,0)([71]49,38,3)([72]46,54,2)([73]63,65,4)([74]10,68,7)([75]66,68,6)([76]67,64,6)([77]73,72,6)([78]77,75,3)([79]46,45,6)([80]56,12,0)([81]76,26,0)([82]73,44,2)([83]25,51,6)([84]49,38,5)([85]72,32,1)([86]77,69,3)(78)
evaluations: 47946981
first invidual area: 153.69
{7,1,80,1,2,1,8}([7]1,0,7)([8]3,7,5)([9]2,3,4)([10]7,8,0)([11]6,2,1)([12]5,11,4)([13]6,3,2)([14]8,5,4)([15]8,4,4)([16]4,2,7)([17]3,7,4)([18]14,7,2)([19]9,13,3)([20]17,19,7)([21]8,1,0)([22]18,20,6)([23]2,0,7)([24]11,5,0)([25]23,6,6)([26]12,9,7)([27]19,12,6)([28]1,11,7)([29]2,16,2)([30]28,2,3)([31]1,4,0)([32]19,22,5)([33]28,19,4)([34]12,26,5)([35]30,10,0)([36]18,28,5)([37]20,19,2)([38]33,28,0)([39]22,23,6)([40]5,3,0)([41]37,15,4)([42]39,14,2)([43]14,37,7)([44]20,43,5)([45]2,21,4)([46]28,5,3)([47]0,6,1)([48]42,26,7)([49]28,18,5)([50]7,10,6)([51]30,28,7)([52]16,23,2)([53]31,52,7)([54]48,28,5)([55]54,21,3)([56]45,20,0)([57]31,29,3)([58]51,13,7)([59]2,44,0)([60]30,41,6)([61]57,27,4)([62]61,39,2)([63]16,44,3)([64]55,16,2)([65]16,19,4)([66]34,41,2)([67]22,29,1)([68]62,64,7)([69]8,25,0)([70]34,32,3)([71]4,5,3)([72]46,54,2)([73]63,65,4)([74]33,66,5)([75]66,68,6)([76]33,75,6)([77]73,72,6)([78]77,75,3)([79]60,28,5)([80]47,21,0)([81]6,2,6)([82]80,65,2)([83]53,5,6)([84]65,9,5)([85]49,28,5)([86]35,26,1)(78)
optimized area: 140.10
time: 1070261 ms
seed: 1635747107
{7,1,80,1,2,1,8}([7]3,6,5)([8]5,6,3)([9]6,1,4)([10]1,0,7)([11]6,10,2)([12]5,10,7)([13]3,0,7)([14]7,2,5)([15]9,6,2)([16]12,1,6)([17]11,10,6)([18]5,2,4)([19]13,2,7)([20]0,16,1)([21]2,20,2)([22]10,21,3)([23]9,22,2)([24]11,21,4)([25]10,7,4)([26]14,4,7)([27]16,14,5)([28]24,18,6)([29]4,11,4)([30]28,7,7)([31]30,23,3)([32]29,0,0)([33]28,27,4)([34]22,19,4)([35]15,9,6)([36]3,24,3)([37]19,26,5)([38]21,15,6)([39]38,8,5)([40]19,39,4)([41]23,28,4)([42]25,34,7)([43]25,6,4)([44]6,27,4)([45]1,31,6)([46]45,40,4)([47]34,41,7)([48]12,15,4)([49]43,1,6)([50]48,31,6)([51]46,18,0)([52]12,37,6)([53]52,49,6)([54]47,42,7)([55]46,32,6)([56]26,3,3)([57]40,22,7)([58]41,52,7)([59]7,42,5)([60]10,48,5)([61]58,55,2)([62]36,41,2)([63]42,32,5)([64]53,63,3)([65]26,60,2)([66]4,50,7)([67]64,60,2)([68]49,31,5)([69]53,36,4)([70]56,49,5)([71]24,15,2)([72]30,18,7)([73]4,43,1)([74]63,28,6)([75]4,58,4)([76]65,61,7)([77]4,75,7)([78]15,30,4)([79]75,75,6)([80]26,26,4)([81]28,69,6)([82]17,10,1)([83]37,54,4)([84]67,76,7)([85]54,59,2)([86]22,24,3)(84)
evaluations: 6490294
first invidual area: 153.23
{7,1,80,1,2,1,8}([7]3,6,5)([8]0,6,1)([9]5,2,2)([10]1,8,4)([11]10,6,5)([12]10,5,7)([13]4,5,3)([14]1,6,4)([15]2,5,4)([16]14,0,6)([17]2,3,7)([18]7,2,5)([19]17,8,4)([20]5,10,4)([21]2,8,2)([22]10,21,3)([23]22,14,5)([24]4,21,4)([25]6,17,2)([26]4,18,7)([27]19,26,5)([28]15,24,6)([29]4,11,7)([30]23,28,7)([31]25,28,3)([32]7,19,7)([33]29,32,5)([34]25,16,6)([35]14,7,7)([36]21,1,1)([37]13,23,6)([38]6,17,4)([39]8,6,5)([40]12,39,7)([41]23,29,4)([42]36,13,5)([43]2,29,7)([44]19,42,7)([45]1,31,6)([46]44,45,7)([47]8,25,1)([48]45,38,7)([49]38,1,6)([50]46,18,5)([51]33,21,0)([52]27,12,6)([53]43,29,6)([54]46,29,6)([55]22,44,2)([56]17,9,4)([57]28,4,6)([58]30,52,7)([59]26,21,4)([60]10,40,5)([61]21,9,4)([62]49,52,6)([63]57,8,0)([64]62,33,3)([65]64,60,5)([66]1,40,2)([67]60,26,5)([68]58,54,5)([69]17,2,6)([70]55,57,0)([71]8,18,5)([72]24,49,5)([73]67,48,6)([74]30,71,4)([75]5,45,0)([76]65,68,7)([77]30,42,4)([78]29,8,0)([79]76,67,4)([80]66,2,3)([81]6,49,1)([82]43,24,1)([83]61,13,2)([84]12,20,0)([85]79,11,5)([86]0,50,5)(79)
optimized area: 137.74
time: 1331552 ms
seed: 1635794048
NOT FOUND
time: 1058054 ms
seed: 1635837295
NOT FOUND
time: 1078351 ms
seed: 1635879404
NOT FOUND
time: 1056830 ms
