seed: 1633856665
{7,1,80,1,2,1,8}([7]2,0,6)([8]4,0,7)([9]1,2,7)([10]5,1,7)([11]4,5,7)([12]7,5,0)([13]6,0,7)([14]2,13,7)([15]6,5,7)([16]3,9,7)([17]4,14,6)([18]3,2,2)([19]17,7,3)([20]9,6,5)([21]5,4,3)([22]5,7,5)([23]19,3,7)([24]14,1,2)([25]21,19,2)([26]24,5,7)([27]15,26,5)([28]9,5,5)([29]2,10,2)([30]3,16,3)([31]25,29,5)([32]5,16,4)([33]25,20,5)([34]8,16,0)([35]30,10,5)([36]13,18,4)([37]18,25,6)([38]36,31,5)([39]37,34,4)([40]29,35,1)([41]17,4,6)([42]31,16,7)([43]35,34,4)([44]0,2,5)([45]12,22,2)([46]29,30,7)([47]5,45,2)([48]4,44,1)([49]10,39,5)([50]27,16,2)([51]48,23,3)([52]2,15,6)([53]2,28,5)([54]42,22,5)([55]13,16,7)([56]43,51,4)([57]32,39,5)([58]20,43,2)([59]33,50,7)([60]31,5,0)([61]38,56,5)([62]58,61,3)([63]36,33,4)([64]19,2,5)([65]50,59,0)([66]24,24,1)([67]49,59,2)([68]67,46,4)([69]47,60,0)([70]5,58,1)([71]60,15,6)([72]27,59,6)([73]57,61,3)([74]12,56,0)([75]35,35,2)([76]43,56,1)([77]33,22,3)([78]10,41,1)([79]75,34,6)([80]45,7,4)([81]30,24,3)([82]29,38,0)([83]67,19,3)([84]79,10,4)([85]14,41,6)([86]68,62,5)(86)
evaluations: 30322464
first invidual area: 128.37
{7,1,80,1,2,1,8}([7]4,1,0)([8]4,0,7)([9]2,1,7)([10]5,1,7)([11]7,5,3)([12]2,0,6)([13]0,6,7)([14]13,2,7)([15]5,6,7)([16]3,9,7)([17]4,14,6)([18]3,2,2)([19]16,4,0)([20]6,9,5)([21]1,14,5)([22]17,12,3)([23]19,10,2)([24]17,2,7)([25]11,22,2)([26]21,5,4)([27]26,15,5)([28]7,15,1)([29]2,10,2)([30]16,3,3)([31]29,25,5)([32]8,23,5)([33]25,20,5)([34]31,22,0)([35]30,10,5)([36]13,18,4)([37]18,25,3)([38]36,31,5)([39]37,8,7)([40]12,3,7)([41]8,1,4)([42]10,5,0)([43]35,8,4)([44]20,43,2)([45]22,31,1)([46]13,3,5)([47]28,40,6)([48]38,32,0)([49]42,39,5)([50]27,19,5)([51]4,48,2)([52]46,31,4)([53]34,15,6)([54]29,30,7)([55]43,43,4)([56]43,47,7)([57]9,53,0)([58]1,16,5)([59]33,50,4)([60]28,9,5)([61]38,56,5)([62]44,61,3)([63]43,60,6)([64]9,48,2)([65]9,17,0)([66]11,14,4)([67]49,59,5)([68]67,54,7)([69]59,54,6)([70]18,42,2)([71]31,38,0)([72]71,43,1)([73]62,50,0)([74]52,61,3)([75]21,50,7)([76]42,52,3)([77]54,15,1)([78]64,4,3)([79]14,75,2)([80]68,64,5)([81]3,71,6)([82]42,43,1)([83]68,59,0)([84]54,11,0)([85]5,24,6)([86]68,62,5)(86)
optimized area: 126.96
time: 581238 ms
seed: 1633943497
{7,1,80,1,2,1,8}([7]4,6,3)([8]3,5,7)([9]0,2,6)([10]5,2,7)([11]3,2,5)([12]5,3,3)([13]1,5,5)([14]3,0,6)([15]0,7,5)([16]8,10,5)([17]3,4,7)([18]0,2,4)([19]6,14,4)([20]5,16,7)([21]20,13,5)([22]15,17,6)([23]21,9,3)([24]10,5,3)([25]17,5,7)([26]19,25,6)([27]25,18,2)([28]21,6,2)([29]27,0,4)([30]25,9,0)([31]2,20,0)([32]28,25,7)([33]19,1,5)([34]8,24,4)([35]2,4,4)([36]15,24,5)([37]29,1,5)([38]3,19,3)([39]25,6,7)([40]22,23,5)([41]33,13,4)([42]26,0,4)([43]38,37,4)([44]15,20,5)([45]43,40,7)([46]41,39,7)([47]41,31,5)([48]6,32,6)([49]23,24,7)([50]36,35,6)([51]41,13,0)([52]32,30,0)([53]19,1,5)([54]2,20,5)([55]26,47,0)([56]45,50,0)([57]46,18,7)([58]32,55,6)([59]58,26,6)([60]50,41,6)([61]18,20,1)([62]49,5,0)([63]59,50,7)([64]37,40,5)([65]39,43,4)([66]8,55,3)([67]48,14,5)([68]12,47,4)([69]57,19,2)([70]12,8,0)([71]21,66,4)([72]57,20,0)([73]22,13,6)([74]32,52,5)([75]57,63,5)([76]24,71,3)([77]56,60,2)([78]27,23,3)([79]13,49,4)([80]62,75,2)([81]5,47,7)([82]15,30,5)([83]73,57,2)([84]53,63,6)([85]39,53,1)([86]80,77,3)(86)
evaluations: 9866294
first invidual area: 141.03
{7,1,80,1,2,1,8}([7]2,4,4)([8]4,6,3)([9]3,0,3)([10]2,5,7)([11]3,10,5)([12]2,7,2)([13]5,1,5)([14]5,10,3)([15]0,8,5)([16]1,6,2)([17]4,3,7)([18]2,0,4)([19]9,6,7)([20]11,13,2)([21]14,20,5)([22]2,18,6)([23]22,21,3)([24]21,6,5)([25]5,17,7)([26]19,1,5)([27]25,18,5)([28]7,3,4)([29]19,3,6)([30]6,19,6)([31]27,0,7)([32]26,15,2)([33]16,26,0)([34]22,32,0)([35]16,20,4)([36]15,14,5)([37]1,31,5)([38]6,25,7)([39]24,10,6)([40]25,38,3)([41]26,13,4)([42]17,15,6)([43]29,37,4)([44]42,21,5)([45]36,32,3)([46]41,18,7)([47]17,4,6)([48]46,38,7)([49]23,14,2)([50]7,36,6)([51]44,43,4)([52]16,13,2)([53]24,25,7)([54]50,41,6)([55]5,14,1)([56]28,14,5)([57]33,4,2)([58]20,26,2)([59]53,30,6)([60]50,59,7)([61]4,42,3)([62]41,35,4)([63]15,30,5)([64]14,18,6)([65]54,51,2)([66]49,20,7)([67]55,15,3)([68]49,57,2)([69]48,60,5)([70]68,37,1)([71]57,39,7)([72]34,25,6)([73]53,18,5)([74]62,35,2)([75]74,21,7)([76]25,24,7)([77]37,16,1)([78]22,39,3)([79]74,65,6)([80]49,69,2)([81]43,42,6)([82]64,35,1)([83]82,14,2)([84]15,25,7)([85]78,13,3)([86]80,65,3)(86)
optimized area: 128.36
time: 669935 ms
seed: 1633971297
NOT FOUND
time: 541959 ms
seed: 1633994163
{7,1,80,1,2,1,8}([7]0,6,4)([8]7,2,7)([9]1,3,7)([10]9,6,2)([11]3,1,3)([12]10,2,6)([13]3,6,2)([14]9,4,7)([15]13,4,3)([16]10,8,6)([17]2,16,6)([18]11,6,4)([19]4,8,2)([20]5,1,4)([21]18,16,3)([22]20,2,5)([23]4,5,2)([24]11,5,7)([25]23,12,7)([26]21,14,2)([27]26,7,4)([28]21,21,6)([29]25,27,2)([30]7,24,6)([31]24,28,2)([32]20,20,5)([33]20,10,4)([34]4,2,6)([35]29,15,7)([36]14,7,5)([37]25,23,0)([38]15,32,6)([39]35,30,3)([40]23,27,7)([41]11,12,7)([42]25,8,7)([43]34,11,2)([44]19,38,6)([45]22,0,4)([46]15,15,5)([47]44,26,4)([48]32,7,6)([49]45,38,1)([50]13,21,7)([51]37,36,5)([52]25,27,0)([53]20,30,4)([54]43,39,4)([55]39,18,2)([56]20,43,0)([57]44,27,3)([58]53,21,5)([59]45,57,6)([60]3,14,5)([61]34,50,1)([62]56,6,6)([63]31,61,5)([64]29,63,4)([65]58,41,7)([66]29,65,7)([67]39,27,0)([68]8,16,3)([69]12,19,3)([70]62,47,3)([71]54,59,6)([72]70,66,6)([73]63,43,7)([74]72,70,7)([75]55,74,0)([76]74,71,3)([77]3,33,4)([78]15,66,6)([79]5,64,6)([80]9,10,3)([81]65,74,4)([82]11,67,6)([83]62,56,0)([84]39,48,1)([85]4,64,2)([86]28,7,1)(76)
evaluations: 13824111
first invidual area: 146.19
{7,1,80,1,2,1,8}([7]0,6,4)([8]7,2,7)([9]1,3,7)([10]9,6,2)([11]3,1,3)([12]10,2,3)([13]3,11,4)([14]6,3,2)([15]14,4,3)([16]10,8,6)([17]6,11,4)([18]5,4,5)([19]9,4,7)([20]5,1,4)([21]17,16,3)([22]20,20,3)([23]12,18,7)([24]11,5,7)([25]17,18,6)([26]21,19,2)([27]26,7,4)([28]22,22,1)([29]23,27,2)([30]24,7,6)([31]2,4,6)([32]11,16,4)([33]30,22,4)([34]28,15,6)([35]29,15,7)([36]16,19,5)([37]11,31,5)([38]20,14,4)([39]35,30,6)([40]9,2,1)([41]8,4,2)([42]2,20,5)([43]31,21,6)([44]41,34,6)([45]21,12,1)([46]42,0,4)([47]44,26,4)([48]4,29,0)([49]37,39,4)([50]4,40,5)([51]39,47,7)([52]29,43,0)([53]21,33,5)([54]24,36,7)([55]44,27,3)([56]1,49,0)([57]8,13,5)([58]14,42,7)([59]46,55,6)([60]4,12,2)([61]20,26,2)([62]22,6,6)([63]12,53,4)([64]45,57,4)([65]11,63,4)([66]29,65,7)([67]29,65,1)([68]43,0,6)([69]23,0,6)([70]62,47,3)([71]49,59,6)([72]52,5,2)([73]34,8,5)([74]66,70,6)([75]57,57,0)([76]74,71,3)([77]18,68,7)([78]44,36,3)([79]68,71,6)([80]58,25,7)([81]30,53,6)([82]36,59,3)([83]19,12,5)([84]75,0,4)([85]30,23,2)([86]71,22,0)(76)
optimized area: 140.09
time: 680260 ms
seed: 1634043081
NOT FOUND
time: 526745 ms
seed: 1634157188
NOT FOUND
time: 534562 ms
seed: 1634204567
NOT FOUND
time: 532304 ms
seed: 1634253494
{7,1,80,1,2,1,8}([7]4,1,5)([8]5,1,7)([9]0,1,3)([10]9,8,7)([11]4,10,2)([12]6,0,2)([13]0,10,7)([14]3,7,7)([15]14,6,4)([16]3,3,0)([17]11,2,7)([18]14,2,4)([19]6,7,2)([20]5,4,3)([21]13,16,4)([22]18,11,5)([23]17,15,3)([24]4,20,7)([25]6,10,6)([26]17,3,2)([27]23,10,7)([28]13,11,0)([29]18,11,7)([30]1,14,0)([31]8,22,3)([32]20,3,4)([33]6,32,6)([34]29,12,2)([35]28,17,2)([36]16,2,6)([37]21,32,6)([38]27,19,6)([39]24,22,1)([40]10,9,1)([41]33,30,2)([42]30,15,2)([43]27,37,3)([44]5,43,4)([45]34,42,7)([46]14,43,4)([47]33,25,5)([48]18,26,5)([49]30,33,4)([50]47,45,4)([51]8,4,6)([52]22,38,4)([53]41,52,7)([54]53,14,0)([55]33,25,2)([56]44,3,4)([57]45,32,7)([58]48,54,4)([59]21,50,7)([60]3,30,5)([61]44,35,3)([62]2,43,4)([63]50,25,4)([64]47,59,6)([65]18,6,2)([66]58,51,6)([67]66,59,5)([68]67,44,7)([69]60,8,6)([70]44,38,5)([71]43,58,3)([72]51,67,2)([73]5,3,4)([74]15,9,6)([75]67,33,0)([76]65,54,4)([77]16,58,1)([78]68,45,1)([79]27,16,0)([80]9,48,4)([81]6,44,2)([82]17,75,5)([83]21,18,1)([84]37,50,7)([85]1,57,1)([86]48,1,1)(78)
evaluations: 35892335
first invidual area: 139.64
{7,1,80,1,2,1,8}([7]4,1,5)([8]5,1,7)([9]0,1,6)([10]9,8,4)([11]4,10,2)([12]0,6,2)([13]10,0,4)([14]7,3,7)([15]14,6,4)([16]7,6,2)([17]11,2,7)([18]2,14,4)([19]17,15,3)([20]12,15,2)([21]3,13,7)([22]18,11,5)([23]5,5,0)([24]8,12,0)([25]10,8,1)([26]0,9,1)([27]19,10,7)([28]4,23,6)([29]17,15,7)([30]3,17,2)([31]24,11,1)([32]28,3,7)([33]32,6,6)([34]29,12,5)([35]4,24,6)([36]15,34,2)([37]21,32,6)([38]27,16,6)([39]30,18,5)([40]27,31,4)([41]33,1,5)([42]15,1,5)([43]27,37,3)([44]5,43,7)([45]34,42,7)([46]17,45,6)([47]25,33,5)([48]22,33,7)([49]47,45,5)([50]11,14,2)([51]2,12,3)([52]22,38,7)([53]52,39,4)([54]1,47,4)([55]43,27,6)([56]20,10,5)([57]33,29,2)([58]41,53,7)([59]21,49,7)([60]33,12,0)([61]47,53,3)([62]8,40,2)([63]0,56,4)([64]38,2,6)([65]16,37,6)([66]58,35,6)([67]66,59,5)([68]67,44,7)([69]67,9,1)([70]31,13,6)([71]17,61,7)([72]46,31,5)([73]25,59,6)([74]65,30,1)([75]0,32,4)([76]27,26,6)([77]10,16,6)([78]9,18,2)([79]60,60,0)([80]43,3,3)([81]74,64,3)([82]34,58,6)([83]56,60,4)([84]4,9,5)([85]76,53,5)([86]3,39,0)(68)
optimized area: 133.07
time: 578762 ms
seed: 1634301603
NOT FOUND
time: 640216 ms
seed: 1634342183
NOT FOUND
time: 521742 ms
seed: 1634391051
{7,1,80,1,2,1,8}([7]5,3,7)([8]6,5,6)([9]3,1,6)([10]4,9,4)([11]6,10,7)([12]9,6,4)([13]10,0,2)([14]0,11,6)([15]12,14,3)([16]9,2,7)([17]4,7,6)([18]13,16,5)([19]9,11,1)([20]9,5,4)([21]0,8,7)([22]1,15,2)([23]8,17,7)([24]21,3,3)([25]15,18,2)([26]17,18,6)([27]21,17,3)([28]12,17,7)([29]26,13,7)([30]18,7,0)([31]24,1,5)([32]27,2,4)([33]25,31,6)([34]2,20,2)([35]34,33,7)([36]18,20,5)([37]16,0,7)([38]28,7,4)([39]22,38,7)([40]14,37,3)([41]30,27,0)([42]7,36,2)([43]6,14,1)([44]32,42,4)([45]37,39,3)([46]1,23,3)([47]32,27,2)([48]27,23,5)([49]9,26,5)([50]45,47,5)([51]35,50,2)([52]48,25,7)([53]37,46,3)([54]8,38,6)([55]28,40,5)([56]4,52,4)([57]49,8,6)([58]23,45,4)([59]3,21,5)([60]50,53,2)([61]32,20,7)([62]56,53,2)([63]13,55,4)([64]57,10,4)([65]63,50,4)([66]64,19,6)([67]35,63,0)([68]56,10,6)([69]12,16,0)([70]56,40,1)([71]23,60,7)([72]22,39,5)([73]62,65,6)([74]71,57,1)([75]59,15,5)([76]43,30,1)([77]75,15,4)([78]16,7,5)([79]51,73,7)([80]74,76,3)([81]17,4,0)([82]12,48,3)([83]2,75,1)([84]2,65,6)([85]21,21,1)([86]49,74,6)(79)
evaluations: 44260345
first invidual area: 145.26
{7,1,80,1,2,1,8}([7]5,3,7)([8]6,5,6)([9]3,1,6)([10]9,4,4)([11]6,10,7)([12]6,9,4)([13]10,0,2)([14]0,11,6)([15]12,14,3)([16]9,2,7)([17]7,4,6)([18]13,16,5)([19]3,16,6)([20]5,16,4)([21]0,8,7)([22]1,15,5)([23]8,17,7)([24]21,3,3)([25]15,18,2)([26]23,14,3)([27]21,17,3)([28]12,17,7)([29]2,19,1)([30]1,24,5)([31]6,9,6)([32]18,26,6)([33]25,30,6)([34]2,20,5)([35]34,33,4)([36]7,15,4)([37]16,0,7)([38]28,7,4)([39]22,38,4)([40]14,37,3)([41]36,24,2)([42]28,27,6)([43]23,38,7)([44]12,13,0)([45]37,39,3)([46]41,30,5)([47]29,45,2)([48]27,23,5)([49]25,15,7)([50]27,47,5)([51]35,50,5)([52]48,25,4)([53]45,23,3)([54]42,21,3)([55]28,40,5)([56]52,4,7)([57]28,30,6)([58]45,44,2)([59]18,12,6)([60]9,6,4)([61]0,7,0)([62]56,53,2)([63]55,13,7)([64]41,42,6)([65]63,50,7)([66]37,23,1)([67]9,62,3)([68]24,47,7)([69]60,0,3)([70]65,10,6)([71]67,19,5)([72]24,34,1)([73]62,65,6)([74]57,6,0)([75]6,48,5)([76]21,55,2)([77]73,57,0)([78]19,76,3)([79]51,77,4)([80]64,14,0)([81]50,10,0)([82]41,12,7)([83]14,55,5)([84]9,73,3)([85]83,50,1)([86]55,33,7)(79)
optimized area: 138.22
time: 548895 ms
seed: 1634440085
NOT FOUND
time: 539587 ms
seed: 1634500280
{7,1,80,1,2,1,8}([7]5,1,5)([8]3,1,4)([9]2,3,7)([10]2,3,4)([11]4,0,6)([12]6,8,3)([13]12,0,4)([14]9,11,3)([15]5,3,2)([16]13,15,7)([17]11,12,4)([18]8,4,7)([19]3,18,3)([20]17,5,2)([21]16,14,7)([22]4,2,3)([23]18,6,7)([24]12,9,6)([25]21,0,4)([26]4,20,7)([27]17,9,3)([28]27,2,5)([29]7,23,5)([30]21,24,4)([31]28,16,7)([32]25,2,4)([33]27,19,7)([34]22,18,4)([35]23,22,1)([36]20,28,7)([37]24,36,6)([38]30,32,6)([39]17,19,7)([40]39,27,7)([41]5,16,3)([42]33,29,2)([43]37,39,4)([44]22,42,7)([45]13,37,2)([46]21,24,0)([47]14,32,6)([48]26,19,7)([49]13,44,4)([50]46,41,4)([51]48,34,5)([52]41,49,5)([53]51,52,6)([54]48,49,3)([55]53,46,2)([56]13,2,2)([57]44,2,6)([58]35,38,5)([59]34,47,4)([60]13,13,3)([61]32,35,3)([62]43,58,5)([63]13,44,0)([64]5,23,2)([65]43,34,6)([66]40,28,1)([67]55,11,7)([68]54,62,2)([69]63,43,0)([70]20,69,4)([71]66,64,7)([72]70,27,6)([73]26,48,6)([74]68,67,7)([75]56,2,5)([76]16,70,1)([77]4,69,0)([78]68,77,2)([79]41,30,0)([80]51,77,0)([81]35,25,5)([82]63,40,2)([83]26,58,2)([84]75,42,2)([85]84,81,2)([86]8,35,7)(74)
evaluations: 33020451
first invidual area: 157.45
{7,1,80,1,2,1,8}([7]5,1,5)([8]3,1,4)([9]2,3,7)([10]9,5,3)([11]4,0,6)([12]6,8,3)([13]12,0,4)([14]9,11,3)([15]5,12,5)([16]14,13,4)([17]11,12,4)([18]8,4,7)([19]3,18,3)([20]5,17,2)([21]16,15,7)([22]4,2,3)([23]18,6,7)([24]9,12,6)([25]24,0,6)([26]20,4,7)([27]17,9,3)([28]27,2,5)([29]7,23,5)([30]3,21,5)([31]11,9,6)([32]25,2,7)([33]19,27,7)([34]22,18,5)([35]23,32,6)([36]28,20,7)([37]24,36,6)([38]33,30,0)([39]17,19,4)([40]31,16,4)([41]34,2,5)([42]38,29,5)([43]37,39,7)([44]22,42,7)([45]1,40,1)([46]30,35,5)([47]31,22,4)([48]26,19,7)([49]13,44,7)([50]25,27,1)([51]48,34,5)([52]10,49,5)([53]51,52,6)([54]48,49,3)([55]53,21,5)([56]40,49,4)([57]25,35,0)([58]52,38,4)([59]35,57,4)([60]45,17,2)([61]34,58,2)([62]43,46,5)([63]20,18,3)([64]58,59,1)([65]16,3,3)([66]51,0,1)([67]55,11,4)([68]54,62,5)([69]2,13,7)([70]12,43,2)([71]67,68,4)([72]46,8,4)([73]33,21,7)([74]21,52,1)([75]72,18,0)([76]12,3,6)([77]37,23,1)([78]48,55,5)([79]21,1,0)([80]17,52,1)([81]0,3,6)([82]24,50,6)([83]81,40,6)([84]9,43,4)([85]59,40,2)([86]17,10,2)(71)
optimized area: 146.18
time: 606662 ms
seed: 1634599554
NOT FOUND
time: 533852 ms
seed: 1634648321
{7,1,80,1,2,1,8}([7]2,1,1)([8]7,6,7)([9]4,5,4)([10]4,3,6)([11]2,4,4)([12]1,3,4)([13]10,12,6)([14]9,7,2)([15]0,6,7)([16]15,11,5)([17]3,8,4)([18]0,5,5)([19]16,4,7)([20]11,0,6)([21]5,19,5)([22]15,0,3)([23]17,20,3)([24]11,5,6)([25]16,7,5)([26]13,23,2)([27]1,22,6)([28]21,26,4)([29]25,28,7)([30]3,13,4)([31]19,29,7)([32]20,13,7)([33]8,27,4)([34]25,27,2)([35]12,14,4)([36]25,6,2)([37]23,11,5)([38]20,3,0)([39]33,24,7)([40]29,12,4)([41]32,31,2)([42]35,32,5)([43]23,33,1)([44]29,5,6)([45]25,30,2)([46]15,35,4)([47]15,15,0)([48]25,42,4)([49]27,44,5)([50]35,42,3)([51]0,50,0)([52]9,3,7)([53]43,0,5)([54]37,16,1)([55]21,48,3)([56]48,36,1)([57]39,11,5)([58]46,41,0)([59]38,4,3)([60]54,14,4)([61]50,42,3)([62]33,10,4)([63]52,16,7)([64]40,49,4)([65]21,25,0)([66]1,58,1)([67]31,27,0)([68]48,39,5)([69]34,24,5)([70]68,64,2)([71]52,41,2)([72]13,4,0)([73]46,49,3)([74]16,42,6)([75]50,33,3)([76]49,29,0)([77]34,24,1)([78]25,14,3)([79]21,1,3)([80]3,13,7)([81]39,55,6)([82]61,14,5)([83]0,31,0)([84]48,41,0)([85]71,70,6)([86]67,31,4)(85)
evaluations: 14557650
first invidual area: 129.80
{7,1,80,1,2,1,8}([7]2,3,1)([8]6,7,7)([9]5,4,4)([10]4,1,6)([11]2,4,4)([12]1,3,4)([13]10,12,6)([14]5,11,6)([15]6,0,7)([16]15,11,5)([17]9,15,5)([18]8,1,4)([19]16,4,7)([20]11,0,6)([21]9,19,5)([22]15,1,3)([23]18,20,3)([24]7,16,5)([25]6,7,7)([26]13,23,5)([27]22,0,6)([28]21,26,7)([29]28,11,7)([30]24,4,1)([31]14,27,4)([32]13,20,7)([33]27,14,4)([34]29,19,7)([35]31,8,7)([36]22,22,4)([37]6,2,4)([38]27,14,2)([39]12,25,5)([40]34,32,2)([41]13,10,1)([42]17,32,5)([43]12,29,7)([44]0,34,1)([45]16,33,0)([46]35,5,0)([47]46,11,1)([48]42,24,4)([49]38,48,5)([50]48,10,1)([51]49,35,7)([52]11,14,2)([53]3,42,2)([54]46,35,0)([55]15,23,0)([56]21,35,7)([57]51,17,6)([58]7,24,4)([59]6,19,6)([60]15,32,6)([61]2,22,6)([62]42,2,1)([63]43,49,7)([64]0,50,6)([65]9,3,7)([66]51,55,2)([67]46,48,5)([68]26,30,4)([69]11,1,7)([70]67,63,2)([71]65,40,2)([72]51,12,7)([73]14,21,2)([74]62,21,0)([75]5,4,2)([76]57,37,6)([77]51,59,2)([78]76,51,7)([79]48,44,4)([80]35,76,1)([81]22,34,1)([82]70,61,7)([83]70,71,6)([84]25,51,2)([85]83,60,6)([86]4,42,3)(83)
optimized area: 124.17
time: 638950 ms
seed: 1634700925
{7,1,80,1,2,1,8}([7]6,2,4)([8]5,6,4)([9]7,0,3)([10]0,1,4)([11]1,4,2)([12]2,3,2)([13]0,6,7)([14]1,3,4)([15]6,12,2)([16]13,15,7)([17]0,3,7)([18]9,11,7)([19]4,8,2)([20]17,10,6)([21]14,9,2)([22]3,8,6)([23]19,18,4)([24]5,10,6)([25]20,22,6)([26]22,17,2)([27]18,2,2)([28]27,9,0)([29]15,21,4)([30]10,0,2)([31]18,29,3)([32]0,7,7)([33]6,9,5)([34]4,25,6)([35]2,8,7)([36]2,34,6)([37]36,31,4)([38]24,13,2)([39]1,27,6)([40]17,6,3)([41]28,19,6)([42]4,33,4)([43]41,40,4)([44]37,5,4)([45]29,43,3)([46]45,28,4)([47]27,22,0)([48]41,4,0)([49]42,44,4)([50]33,44,4)([51]32,42,2)([52]24,22,0)([53]34,32,0)([54]20,48,0)([55]5,8,6)([56]16,31,3)([57]38,16,3)([58]26,8,5)([59]45,29,4)([60]38,43,3)([61]38,50,7)([62]59,4,1)([63]53,41,2)([64]19,45,3)([65]58,33,1)([66]51,44,6)([67]31,38,3)([68]3,14,3)([69]48,0,3)([70]62,27,3)([71]60,46,6)([72]33,67,6)([73]71,66,3)([74]44,13,6)([75]5,15,4)([76]69,58,5)([77]19,64,4)([78]59,73,4)([79]56,78,7)([80]71,32,7)([81]48,55,5)([82]42,15,0)([83]65,16,7)([84]22,41,7)([85]46,21,0)([86]49,5,7)(79)
evaluations: 30863886
first invidual area: 142.45
{7,1,80,1,2,1,8}([7]2,6,4)([8]5,6,4)([9]0,7,3)([10]3,6,2)([11]1,4,5)([12]8,4,5)([13]6,0,7)([14]3,1,4)([15]10,2,5)([16]0,7,7)([17]3,0,7)([18]9,11,4)([19]0,1,4)([20]19,17,6)([21]9,14,5)([22]8,3,6)([23]20,22,6)([24]17,6,3)([25]8,4,2)([26]11,22,4)([27]18,2,2)([28]9,6,5)([29]15,21,4)([30]12,15,3)([31]18,29,3)([32]13,21,5)([33]21,15,2)([34]29,17,0)([35]23,4,6)([36]35,2,3)([37]31,36,4)([38]10,10,5)([39]38,30,0)([40]17,15,3)([41]27,25,6)([42]41,39,6)([43]41,24,4)([44]37,5,7)([45]4,28,4)([46]34,27,4)([47]12,17,0)([48]35,29,2)([49]15,41,6)([50]19,37,6)([51]37,28,4)([52]42,25,6)([53]50,13,2)([54]19,16,7)([55]16,45,2)([56]32,31,6)([57]33,21,6)([58]43,9,1)([59]58,29,6)([60]18,21,2)([61]55,44,6)([62]10,61,2)([63]43,46,3)([64]49,21,5)([65]52,2,3)([66]39,43,2)([67]15,13,5)([68]22,15,2)([69]36,14,2)([70]6,22,1)([71]63,53,6)([72]63,41,2)([73]71,61,6)([74]30,3,3)([75]5,27,3)([76]21,67,1)([77]48,37,0)([78]59,73,4)([79]56,78,7)([80]27,63,5)([81]26,49,5)([82]19,19,2)([83]52,8,1)([84]56,55,6)([85]80,50,4)([86]81,31,0)(79)
optimized area: 134.93
time: 899570 ms
seed: 1634778440
{7,1,80,1,2,1,8}([7]1,4,7)([8]3,2,5)([9]3,5,1)([10]3,6,4)([11]2,4,0)([12]0,7,5)([13]6,12,3)([14]7,11,3)([15]6,14,4)([16]0,9,4)([17]6,8,2)([18]1,13,5)([19]9,15,5)([20]0,17,3)([21]5,10,7)([22]5,5,6)([23]12,22,2)([24]9,22,3)([25]13,24,5)([26]15,21,6)([27]19,4,4)([28]21,18,4)([29]10,12,4)([30]28,23,4)([31]26,23,4)([32]29,24,2)([33]30,11,2)([34]29,27,1)([35]8,5,1)([36]10,27,5)([37]7,29,6)([38]20,4,2)([39]18,6,3)([40]36,38,7)([41]29,33,7)([42]15,11,4)([43]33,31,3)([44]22,19,5)([45]2,22,4)([46]20,5,2)([47]21,3,1)([48]6,2,3)([49]27,45,4)([50]49,18,3)([51]50,17,7)([52]51,0,5)([53]48,40,7)([54]43,13,0)([55]36,25,7)([56]41,38,4)([57]29,19,7)([58]56,53,5)([59]27,57,5)([60]15,24,1)([61]58,6,3)([62]19,7,3)([63]19,5,7)([64]33,33,5)([65]50,40,3)([66]46,54,7)([67]39,8,0)([68]61,66,4)([69]50,27,6)([70]68,52,7)([71]18,22,1)([72]59,55,2)([73]27,32,3)([74]13,19,4)([75]11,68,6)([76]4,54,3)([77]44,2,4)([78]24,53,1)([79]14,72,7)([80]79,70,2)([81]80,66,4)([82]18,4,2)([83]17,27,2)([84]81,37,7)([85]4,51,7)([86]9,39,2)(81)
evaluations: 19590871
first invidual area: 165.88
{7,1,80,1,2,1,8}([7]4,1,7)([8]5,1,1)([9]3,3,1)([10]3,6,4)([11]3,5,5)([12]7,0,5)([13]12,6,3)([14]2,7,3)([15]6,14,4)([16]3,2,5)([17]16,6,2)([18]13,1,5)([19]15,9,5)([20]17,0,3)([21]10,8,4)([22]4,19,6)([23]8,12,2)([24]2,5,4)([25]23,24,4)([26]15,21,3)([27]4,19,4)([28]18,21,4)([29]10,12,4)([30]23,28,4)([31]23,26,7)([32]13,11,5)([33]30,2,2)([34]15,3,6)([35]8,10,5)([36]27,12,5)([37]10,33,5)([38]0,4,5)([39]0,8,0)([40]36,38,5)([41]29,33,7)([42]36,28,1)([43]33,31,3)([44]4,29,3)([45]14,34,2)([46]5,20,5)([47]27,18,6)([48]18,42,6)([49]27,24,7)([50]49,18,3)([51]50,17,7)([52]51,39,5)([53]40,2,4)([54]12,15,4)([55]49,15,0)([56]41,38,4)([57]0,29,5)([58]56,53,3)([59]27,44,5)([60]3,23,3)([61]58,17,6)([62]32,36,7)([63]17,1,3)([64]59,19,0)([65]23,14,4)([66]46,43,4)([67]66,50,2)([68]61,66,7)([69]68,2,4)([70]68,52,7)([71]44,5,4)([72]64,62,5)([73]53,63,7)([74]2,58,7)([75]38,4,0)([76]67,28,3)([77]74,74,5)([78]72,14,4)([79]11,30,0)([80]70,78,5)([81]59,57,7)([82]36,47,7)([83]46,9,7)([84]79,66,5)([85]40,18,3)([86]80,66,7)(86)
optimized area: 155.55
time: 1232984 ms
seed: 1634843555
NOT FOUND
time: 979278 ms
seed: 1635098246
{7,1,80,1,2,1,8}([7]0,3,4)([8]5,2,7)([9]6,4,0)([10]0,2,3)([11]1,6,6)([12]5,1,4)([13]8,3,2)([14]13,10,7)([15]9,14,6)([16]3,11,3)([17]9,1,7)([18]0,12,5)([19]15,18,7)([20]7,13,3)([21]4,19,4)([22]4,11,3)([23]20,17,3)([24]2,16,4)([25]6,24,4)([26]8,0,7)([27]23,4,2)([28]27,3,4)([29]25,19,6)([30]1,2,2)([31]1,14,1)([32]24,0,3)([33]29,22,7)([34]8,17,5)([35]1,32,6)([36]8,29,2)([37]12,35,7)([38]29,13,3)([39]34,25,6)([40]27,26,4)([41]39,40,6)([42]8,32,2)([43]20,15,1)([44]6,0,3)([45]35,3,3)([46]14,29,3)([47]45,35,3)([48]21,34,5)([49]16,8,6)([50]0,33,7)([51]46,37,7)([52]22,10,7)([53]21,36,6)([54]6,43,3)([55]44,0,3)([56]6,1,2)([57]46,36,3)([58]28,38,6)([59]58,24,2)([60]37,38,4)([61]51,52,0)([62]6,39,7)([63]10,32,1)([64]41,57,1)([65]58,53,3)([66]37,64,5)([67]52,7,0)([68]63,51,7)([69]6,52,1)([70]65,50,3)([71]48,32,2)([72]0,21,7)([73]28,22,4)([74]70,66,2)([75]22,44,2)([76]8,8,3)([77]62,59,5)([78]11,53,4)([79]3,0,6)([80]31,17,6)([81]51,74,4)([82]48,1,0)([83]72,66,5)([84]58,53,7)([85]73,21,4)([86]23,8,6)(81)
evaluations: 14300804
first invidual area: 138.22
{7,1,80,1,2,1,8}([7]0,3,4)([8]2,5,7)([9]2,0,3)([10]6,1,0)([11]10,1,6)([12]5,1,4)([13]3,8,2)([14]13,9,7)([15]6,14,6)([16]4,11,6)([17]10,1,7)([18]12,0,5)([19]18,15,7)([20]13,17,3)([21]11,3,6)([22]0,8,4)([23]20,7,3)([24]2,21,7)([25]24,10,4)([26]25,20,6)([27]4,23,2)([28]14,10,0)([29]25,19,6)([30]19,29,6)([31]24,0,3)([32]0,6,7)([33]18,20,7)([34]16,29,4)([35]1,31,3)([36]33,21,6)([37]12,35,4)([38]29,14,3)([39]33,32,5)([40]27,22,7)([41]3,27,4)([42]34,9,0)([43]4,19,4)([44]43,35,5)([45]8,17,5)([46]18,15,5)([47]30,20,3)([48]41,38,6)([49]25,45,6)([50]34,0,7)([51]38,37,7)([52]49,26,6)([53]0,3,2)([54]3,36,4)([55]42,6,7)([56]27,55,3)([57]49,40,3)([58]35,0,5)([59]57,37,5)([60]32,16,6)([61]58,4,0)([62]8,29,2)([63]43,62,6)([64]58,26,7)([65]48,50,3)([66]63,65,3)([67]5,29,5)([68]38,59,5)([69]7,57,1)([70]4,64,3)([71]47,67,4)([72]3,60,3)([73]55,60,2)([74]66,59,5)([75]23,59,6)([76]24,5,7)([77]51,61,0)([78]13,75,0)([79]45,20,2)([80]45,0,7)([81]77,74,7)([82]80,39,2)([83]44,77,1)([84]78,83,5)([85]67,72,3)([86]72,77,2)(81)
optimized area: 134.01
time: 1199902 ms
seed: 1635126455
NOT FOUND
time: 529643 ms
seed: 1635175418
NOT FOUND
time: 595573 ms
seed: 1635296581
{7,1,80,1,2,1,8}([7]5,5,3)([8]0,4,7)([9]7,4,7)([10]0,6,3)([11]1,3,2)([12]11,2,5)([13]2,11,6)([14]13,6,4)([15]2,5,5)([16]3,1,4)([17]8,11,5)([18]5,3,7)([19]13,18,3)([20]12,8,5)([21]2,2,0)([22]18,20,4)([23]14,16,6)([24]17,15,7)([25]10,23,4)([26]4,16,2)([27]17,12,4)([28]2,9,3)([29]19,0,4)([30]19,9,4)([31]4,22,3)([32]28,25,5)([33]14,1,5)([34]31,23,4)([35]34,26,7)([36]27,35,3)([37]1,27,0)([38]33,15,6)([39]17,6,5)([40]30,36,6)([41]29,21,3)([42]36,24,4)([43]41,28,1)([44]32,38,3)([45]44,29,2)([46]45,42,3)([47]17,26,2)([48]12,38,5)([49]2,44,5)([50]24,18,5)([51]26,25,3)([52]50,27,6)([53]30,39,2)([54]37,52,7)([55]28,14,7)([56]47,42,5)([57]10,4,6)([58]45,13,3)([59]10,10,2)([60]43,59,3)([61]39,35,2)([62]33,3,7)([63]50,10,1)([64]51,54,2)([65]44,48,6)([66]10,1,2)([67]53,64,2)([68]37,63,4)([69]39,12,4)([70]4,4,7)([71]70,0,0)([72]49,54,4)([73]5,64,1)([74]51,50,6)([75]11,50,1)([76]32,72,2)([77]61,33,1)([78]66,33,1)([79]46,5,0)([80]78,16,5)([81]40,76,5)([82]79,81,7)([83]27,76,7)([84]75,4,2)([85]7,26,2)([86]67,82,4)(86)
evaluations: 19020976
first invidual area: 149.92
{7,1,80,1,2,1,8}([7]1,6,5)([8]4,0,7)([9]4,5,7)([10]6,0,6)([11]3,1,2)([12]2,11,5)([13]11,2,6)([14]6,13,4)([15]2,5,5)([16]1,3,4)([17]8,11,5)([18]3,5,7)([19]13,18,3)([20]8,17,5)([21]0,19,4)([22]18,20,4)([23]14,16,6)([24]15,17,7)([25]23,10,7)([26]4,16,2)([27]17,12,4)([28]2,9,3)([29]7,15,6)([30]1,12,1)([31]4,22,3)([32]25,28,5)([33]25,26,3)([34]31,23,7)([35]26,34,3)([36]27,35,3)([37]19,9,4)([38]28,19,2)([39]32,9,1)([40]2,15,1)([41]24,36,4)([42]8,1,0)([43]5,16,1)([44]32,29,3)([45]44,21,2)([46]45,41,3)([47]31,4,3)([48]20,21,6)([49]4,44,0)([50]24,18,5)([51]15,23,0)([52]31,47,6)([53]6,12,5)([54]1,50,4)([55]46,11,1)([56]31,24,2)([57]54,53,2)([58]15,48,1)([59]23,40,2)([60]24,3,5)([61]36,38,6)([62]48,5,1)([63]24,19,1)([64]33,57,2)([65]57,2,7)([66]20,10,1)([67]37,64,5)([68]44,7,6)([69]44,45,4)([70]37,36,6)([71]70,23,3)([72]47,53,0)([73]67,59,0)([74]16,32,5)([75]1,73,2)([76]65,32,2)([77]7,8,0)([78]74,22,3)([79]5,48,5)([80]27,19,3)([81]70,76,5)([82]46,81,5)([83]50,26,6)([84]67,82,4)([85]1,12,7)([86]22,47,0)(84)
optimized area: 140.07
time: 1232729 ms
seed: 1635454099
NOT FOUND
time: 991126 ms
seed: 1635561359
{7,1,80,1,2,1,8}([7]5,1,4)([8]2,5,7)([9]5,1,5)([10]2,0,6)([11]4,10,4)([12]7,10,1)([13]4,9,6)([14]9,3,7)([15]10,12,6)([16]2,11,7)([17]0,3,2)([18]0,6,7)([19]14,15,6)([20]2,14,1)([21]2,17,5)([22]19,21,7)([23]1,22,5)([24]14,18,4)([25]13,23,7)([26]25,24,2)([27]10,26,7)([28]6,7,6)([29]24,15,5)([30]13,20,2)([31]10,6,2)([32]7,30,3)([33]19,27,6)([34]9,4,7)([35]29,0,5)([36]35,34,7)([37]27,30,6)([38]1,18,5)([39]8,31,3)([40]14,39,5)([41]39,35,5)([42]27,40,4)([43]28,10,4)([44]24,39,4)([45]6,25,3)([46]1,43,3)([47]44,5,6)([48]46,16,3)([49]3,1,3)([50]18,11,5)([51]7,4,0)([52]38,18,4)([53]7,44,6)([54]20,48,3)([55]20,12,5)([56]14,8,2)([57]42,45,1)([58]24,25,1)([59]42,48,5)([60]10,54,6)([61]50,33,7)([62]18,14,7)([63]44,32,3)([64]14,62,0)([65]61,24,4)([66]63,36,7)([67]10,46,5)([68]54,66,2)([69]59,34,2)([70]68,65,3)([71]46,59,2)([72]14,43,3)([73]9,25,1)([74]64,40,6)([75]12,35,4)([76]60,72,1)([77]36,7,6)([78]52,48,2)([79]60,45,2)([80]60,69,6)([81]9,26,3)([82]18,44,7)([83]2,28,5)([84]33,36,7)([85]1,38,2)([86]70,59,5)(86)
evaluations: 27840876
first invidual area: 146.17
{7,1,80,1,2,1,8}([7]1,5,4)([8]2,5,7)([9]1,5,5)([10]0,2,6)([11]10,4,4)([12]6,2,1)([13]9,4,6)([14]9,3,7)([15]5,10,6)([16]11,2,7)([17]2,0,2)([18]12,0,4)([19]14,15,6)([20]10,7,5)([21]3,17,5)([22]19,21,7)([23]1,22,5)([24]14,18,4)([25]13,23,7)([26]25,24,5)([27]26,10,4)([28]4,6,7)([29]7,24,5)([30]16,13,2)([31]24,10,2)([32]30,7,3)([33]29,17,7)([34]9,4,7)([35]0,29,5)([36]35,34,4)([37]32,16,7)([38]20,19,1)([39]8,31,3)([40]14,39,5)([41]20,32,7)([42]6,13,3)([43]12,15,2)([44]38,37,2)([45]40,27,4)([46]43,16,3)([47]10,36,6)([48]46,1,3)([49]12,30,3)([50]0,39,1)([51]9,46,7)([52]19,27,3)([53]46,49,2)([54]52,47,7)([55]39,24,4)([56]18,11,5)([57]30,15,6)([58]22,28,3)([59]45,48,5)([60]24,48,6)([61]42,37,4)([62]25,24,7)([63]55,32,3)([64]56,52,4)([65]64,24,4)([66]63,36,7)([67]10,16,5)([68]60,66,6)([69]43,55,1)([70]68,65,3)([71]27,6,5)([72]30,39,0)([73]3,56,4)([74]34,50,3)([75]17,46,7)([76]52,61,4)([77]5,75,1)([78]70,56,0)([79]48,54,2)([80]68,16,0)([81]28,79,1)([82]77,8,2)([83]66,6,6)([84]18,58,6)([85]51,79,1)([86]70,59,5)(86)
optimized area: 139.61
time: 1152653 ms
seed: 1635606931
{7,1,80,1,2,1,8}([7]3,0,6)([8]4,1,7)([9]2,7,4)([10]9,6,3)([11]10,6,7)([12]6,9,7)([13]7,4,4)([14]1,11,3)([15]10,3,7)([16]5,10,4)([17]14,3,7)([18]14,0,2)([19]12,5,4)([20]1,11,2)([21]1,5,7)([22]8,0,4)([23]3,22,2)([24]16,9,5)([25]5,3,5)([26]17,13,7)([27]1,10,6)([28]18,15,3)([29]6,18,7)([30]6,1,0)([31]19,27,7)([32]28,13,6)([33]19,6,5)([34]33,23,3)([35]24,23,5)([36]26,34,6)([37]29,23,7)([38]4,14,2)([39]23,36,5)([40]24,11,1)([41]32,17,4)([42]35,28,5)([43]41,31,2)([44]17,29,1)([45]27,33,4)([46]38,37,0)([47]21,43,3)([48]43,7,7)([49]31,3,1)([50]13,33,2)([51]42,43,7)([52]23,12,3)([53]23,38,2)([54]25,36,2)([55]25,29,4)([56]50,32,3)([57]20,15,1)([58]51,53,3)([59]19,19,2)([60]33,16,3)([61]59,5,0)([62]57,54,7)([63]62,47,5)([64]37,15,1)([65]33,27,3)([66]42,20,0)([67]10,39,6)([68]11,10,3)([69]18,22,7)([70]55,56,2)([71]50,16,6)([72]70,63,4)([73]65,35,1)([74]58,24,1)([75]10,59,7)([76]20,18,3)([77]58,71,3)([78]47,46,6)([79]13,19,6)([80]71,48,4)([81]62,46,6)([82]28,45,5)([83]72,58,7)([84]44,54,4)([85]66,29,3)([86]77,83,5)(86)
evaluations: 21188637
first invidual area: 159.77
{7,1,80,1,2,1,8}([7]0,3,6)([8]0,1,7)([9]2,7,4)([10]6,9,3)([11]6,10,7)([12]6,8,1)([13]4,7,4)([14]1,11,3)([15]3,10,7)([16]10,5,4)([17]3,14,4)([18]0,14,2)([19]16,9,7)([20]11,1,2)([21]9,16,5)([22]4,8,4)([23]22,3,2)([24]13,15,7)([25]3,5,5)([26]5,20,7)([27]20,6,3)([28]18,15,3)([29]12,18,7)([30]26,15,0)([31]27,19,4)([32]28,13,3)([33]19,6,5)([34]31,29,3)([35]30,22,3)([36]2,0,5)([37]27,25,0)([38]23,21,5)([39]7,22,1)([40]1,33,6)([41]17,32,4)([42]28,38,5)([43]39,10,7)([44]29,11,0)([45]31,41,5)([46]34,24,6)([47]30,42,3)([48]0,35,1)([49]23,0,0)([50]33,13,2)([51]45,42,4)([52]38,18,7)([53]22,13,2)([54]25,46,5)([55]25,29,7)([56]17,47,1)([57]11,40,1)([58]51,53,3)([59]44,16,1)([60]12,16,6)([61]48,13,1)([62]20,54,7)([63]47,62,5)([64]0,27,6)([65]43,18,1)([66]50,7,3)([67]66,55,3)([68]26,57,7)([69]32,14,7)([70]55,66,5)([71]56,62,6)([72]70,63,4)([73]58,44,5)([74]62,12,0)([75]56,27,4)([76]37,47,2)([77]58,60,3)([78]20,40,1)([79]46,35,6)([80]46,5,0)([81]80,37,3)([82]46,0,5)([83]72,58,4)([84]17,56,0)([85]13,48,7)([86]83,77,5)(86)
optimized area: 151.33
time: 1402457 ms
seed: 1635654644
{7,1,80,1,2,1,8}([7]1,5,5)([8]4,0,4)([9]5,8,5)([10]7,3,2)([11]2,5,4)([12]7,4,7)([13]6,0,7)([14]13,10,6)([15]7,0,2)([16]5,15,6)([17]2,15,3)([18]2,4,7)([19]11,18,5)([20]19,17,2)([21]6,12,5)([22]19,13,0)([23]21,20,1)([24]20,21,6)([25]24,3,7)([26]14,9,4)([27]13,2,5)([28]25,16,6)([29]25,22,3)([30]1,28,7)([31]21,9,6)([32]14,2,2)([33]32,28,6)([34]14,9,3)([35]2,18,1)([36]1,11,7)([37]10,33,1)([38]27,30,4)([39]33,38,6)([40]8,17,7)([41]15,8,6)([42]17,7,5)([43]18,38,4)([44]13,43,5)([45]16,23,0)([46]20,26,7)([47]26,40,3)([48]6,9,3)([49]21,36,5)([50]47,25,6)([51]21,36,5)([52]33,39,0)([53]39,47,7)([54]44,37,7)([55]8,38,1)([56]31,0,5)([57]54,49,3)([58]1,12,7)([59]5,10,6)([60]52,4,0)([61]42,57,7)([62]57,53,0)([63]4,27,1)([64]61,47,7)([65]4,20,4)([66]54,53,3)([67]31,57,1)([68]49,30,0)([69]1,14,7)([70]44,9,5)([71]65,43,5)([72]8,34,3)([73]51,24,6)([74]17,60,0)([75]42,72,0)([76]74,0,1)([77]44,35,0)([78]23,43,5)([79]63,12,3)([80]70,54,6)([81]64,71,2)([82]67,53,7)([83]81,82,3)([84]66,57,0)([85]8,56,1)([86]71,40,4)(83)
evaluations: 43572023
first invidual area: 141.49
{7,1,80,1,2,1,8}([7]5,1,5)([8]4,0,4)([9]5,8,5)([10]7,3,2)([11]5,2,4)([12]7,4,7)([13]6,0,7)([14]10,13,6)([15]7,0,2)([16]15,5,3)([17]15,2,3)([18]14,1,0)([19]12,11,5)([20]19,4,2)([21]12,6,5)([22]8,10,3)([23]21,10,0)([24]19,21,3)([25]24,3,7)([26]18,9,4)([27]13,2,5)([28]16,25,2)([29]4,2,7)([30]1,28,7)([31]2,26,5)([32]18,2,2)([33]32,28,6)([34]21,9,6)([35]1,16,1)([36]1,11,7)([37]2,3,4)([38]27,30,4)([39]38,33,6)([40]8,17,7)([41]13,26,5)([42]17,7,5)([43]29,38,4)([44]13,43,5)([45]35,34,5)([46]18,43,6)([47]26,40,3)([48]34,2,3)([49]21,36,5)([50]8,33,2)([51]35,13,2)([52]24,34,7)([53]39,47,7)([54]10,44,4)([55]37,9,6)([56]43,28,2)([57]54,49,6)([58]38,50,2)([59]12,6,2)([60]16,22,1)([61]42,57,7)([62]1,59,4)([63]44,62,3)([64]61,47,4)([65]17,20,4)([66]52,21,7)([67]61,49,2)([68]58,6,7)([69]37,43,0)([70]25,12,1)([71]65,43,5)([72]65,29,6)([73]49,43,7)([74]34,57,4)([75]6,62,1)([76]51,59,4)([77]21,16,1)([78]3,57,4)([79]17,12,4)([80]71,64,2)([81]47,17,7)([82]34,53,4)([83]80,82,3)([84]25,18,5)([85]74,39,2)([86]36,44,2)(83)
optimized area: 138.69
time: 1106840 ms
seed: 1635702435
NOT FOUND
time: 1055061 ms
seed: 1635749701
NOT FOUND
time: 1079834 ms
seed: 1635796669
NOT FOUND
time: 1066384 ms
seed: 1635839917
NOT FOUND
time: 1065214 ms
seed: 1635881903
{7,1,80,1,2,1,8}([7]5,3,4)([8]2,5,4)([9]0,4,3)([10]4,1,7)([11]2,0,4)([12]6,1,7)([13]3,0,4)([14]4,0,7)([15]7,6,6)([16]1,14,7)([17]6,9,4)([18]13,0,3)([19]14,15,4)([20]14,17,2)([21]17,19,5)([22]19,16,2)([23]11,10,5)([24]0,8,4)([25]22,11,4)([26]1,3,6)([27]24,19,5)([28]18,4,2)([29]13,28,0)([30]18,17,5)([31]16,12,2)([32]25,6,3)([33]10,24,3)([34]25,30,3)([35]1,34,7)([36]11,32,5)([37]35,5,4)([38]4,27,4)([39]33,15,4)([40]26,8,3)([41]40,34,2)([42]39,13,4)([43]38,2,5)([44]36,43,2)([45]20,3,7)([46]28,45,4)([47]46,22,5)([48]28,10,6)([49]32,21,2)([50]47,11,7)([51]29,20,0)([52]49,6,1)([53]42,23,0)([54]49,41,4)([55]10,40,6)([56]47,48,7)([57]44,48,2)([58]20,38,4)([59]11,26,7)([60]20,44,3)([61]7,38,4)([62]32,57,2)([63]40,51,2)([64]54,42,5)([65]35,33,3)([66]15,42,3)([67]61,62,6)([68]9,0,0)([69]8,17,1)([70]23,64,6)([71]37,61,3)([72]33,58,0)([73]64,67,6)([74]49,12,6)([75]71,64,4)([76]23,37,2)([77]15,56,4)([78]77,11,7)([79]60,20,3)([80]7,73,6)([81]4,36,1)([82]4,79,2)([83]57,25,4)([84]70,75,3)([85]65,20,6)([86]84,57,3)(86)
evaluations: 30866754
first invidual area: 146.66
{7,1,80,1,2,1,8}([7]3,5,4)([8]2,5,4)([9]0,4,3)([10]1,4,7)([11]2,0,4)([12]0,10,7)([13]0,3,7)([14]0,4,4)([15]6,7,6)([16]12,7,3)([17]6,9,4)([18]3,0,3)([19]14,15,7)([20]4,18,2)([21]17,19,5)([22]9,9,5)([23]12,19,5)([24]11,5,4)([25]11,23,7)([26]1,3,6)([27]24,19,5)([28]14,24,6)([29]24,6,3)([30]17,18,5)([31]26,8,3)([32]25,6,3)([33]10,24,3)([34]25,30,3)([35]1,34,4)([36]11,32,5)([37]35,5,7)([38]27,4,4)([39]33,15,4)([40]23,19,5)([41]31,34,5)([42]11,37,5)([43]38,14,5)([44]36,43,2)([45]25,39,7)([46]40,44,7)([47]16,5,0)([48]20,10,6)([49]32,21,5)([50]39,13,7)([51]46,25,7)([52]49,41,4)([53]45,52,4)([54]14,24,6)([55]50,17,0)([56]43,16,3)([57]44,48,2)([58]17,3,5)([59]25,56,7)([60]38,33,7)([61]7,38,4)([62]38,7,6)([63]43,60,5)([64]52,50,5)([65]24,15,7)([66]19,64,2)([67]20,49,3)([68]45,40,2)([69]16,44,3)([70]4,64,6)([71]37,61,3)([72]48,31,7)([73]1,53,3)([74]22,42,1)([75]71,64,4)([76]72,55,3)([77]56,67,6)([78]68,7,3)([79]63,8,5)([80]43,40,3)([81]46,2,6)([82]40,39,0)([83]40,11,4)([84]70,75,3)([85]19,74,2)([86]84,57,3)(86)
optimized area: 143.38
time: 1272921 ms
