seed: 1634023817
NOT FOUND
time: 534409 ms
seed: 1634072593
NOT FOUND
time: 525693 ms
seed: 1634234178
{7,1,80,1,2,1,8}([7]2,1,3)([8]1,5,7)([9]7,7,4)([10]3,4,3)([11]7,3,6)([12]8,11,6)([13]6,2,7)([14]4,5,7)([15]2,8,7)([16]4,6,6)([17]0,9,3)([18]8,0,2)([19]12,8,3)([20]12,2,5)([21]10,7,4)([22]11,15,5)([23]13,3,1)([24]10,6,0)([25]5,15,7)([26]23,9,0)([27]14,17,4)([28]2,0,0)([29]23,7,0)([30]26,29,0)([31]21,27,3)([32]16,30,3)([33]31,29,6)([34]6,31,5)([35]31,12,3)([36]33,8,4)([37]28,20,6)([38]6,0,7)([39]34,35,5)([40]36,14,2)([41]16,5,2)([42]38,38,3)([43]33,1,6)([44]43,38,7)([45]44,41,7)([46]44,42,2)([47]28,35,4)([48]5,45,5)([49]33,12,3)([50]18,41,6)([51]3,32,7)([52]26,44,7)([53]26,43,3)([54]44,50,2)([55]47,5,7)([56]2,1,7)([57]48,47,3)([58]47,13,1)([59]19,29,4)([60]5,22,6)([61]22,32,0)([62]57,6,0)([63]36,57,7)([64]29,22,4)([65]64,37,5)([66]1,61,0)([67]51,49,7)([68]63,67,3)([69]13,5,6)([70]39,22,2)([71]54,22,4)([72]3,3,0)([73]25,3,7)([74]54,30,7)([75]22,33,6)([76]43,6,3)([77]70,46,4)([78]77,36,1)([79]58,70,6)([80]79,74,6)([81]39,45,1)([82]79,59,5)([83]80,68,4)([84]43,59,4)([85]57,73,0)([86]50,60,2)(83)
evaluations: 29459313
first invidual area: 139.15
{7,1,80,1,2,1,8}([7]2,1,3)([8]5,1,7)([9]8,0,2)([10]3,4,3)([11]3,7,6)([12]11,8,6)([13]6,2,4)([14]12,8,4)([15]11,11,3)([16]4,6,6)([17]0,5,4)([18]6,0,7)([19]13,0,0)([20]17,17,6)([21]5,11,5)([22]4,17,7)([23]20,10,2)([24]14,12,3)([25]11,14,3)([26]7,10,4)([27]2,1,7)([28]16,5,2)([29]13,16,6)([30]4,9,5)([31]22,26,3)([32]17,17,5)([33]19,31,6)([34]31,6,5)([35]12,31,3)([36]13,24,5)([37]28,9,6)([38]33,12,6)([39]34,35,5)([40]0,6,5)([41]33,8,7)([42]33,1,3)([43]39,21,2)([44]42,18,4)([45]29,32,5)([46]31,14,6)([47]35,2,4)([48]28,44,7)([49]5,48,5)([50]46,48,6)([51]3,38,4)([52]46,37,1)([53]22,34,3)([54]44,37,5)([55]30,38,0)([56]50,21,6)([57]49,47,6)([58]46,6,4)([59]7,5,5)([60]44,2,6)([61]1,34,0)([62]40,60,0)([63]41,57,7)([64]59,24,4)([65]25,60,0)([66]15,32,3)([67]51,29,4)([68]63,67,6)([69]54,30,0)([70]63,38,0)([71]19,54,4)([72]58,14,7)([73]31,1,2)([74]34,70,6)([75]52,45,0)([76]56,73,7)([77]47,57,1)([78]27,65,3)([79]77,43,6)([80]79,71,6)([81]68,20,1)([82]6,81,0)([83]80,68,7)([84]23,56,1)([85]34,66,2)([86]67,64,7)(83)
optimized area: 125.56
time: 604335 ms
seed: 1634371681
NOT FOUND
time: 528952 ms
seed: 1634420672
{7,1,80,1,2,1,8}([7]1,3,2)([8]5,0,7)([9]8,1,4)([10]3,0,6)([11]7,4,5)([12]6,11,4)([13]10,9,3)([14]4,2,5)([15]5,6,6)([16]14,12,4)([17]5,15,7)([18]5,0,6)([19]2,13,7)([20]6,7,6)([21]20,4,4)([22]17,19,7)([23]17,13,6)([24]0,12,7)([25]12,22,5)([26]2,12,4)([27]24,23,7)([28]25,16,7)([29]1,2,4)([30]20,19,6)([31]1,6,7)([32]25,15,0)([33]0,2,0)([34]27,6,3)([35]3,33,4)([36]21,9,5)([37]35,28,3)([38]31,24,6)([39]18,30,4)([40]28,34,3)([41]36,29,5)([42]30,8,5)([43]41,13,2)([44]7,21,3)([45]37,44,2)([46]8,3,4)([47]46,43,3)([48]12,42,5)([49]14,47,5)([50]3,43,3)([51]4,49,6)([52]45,15,4)([53]27,51,2)([54]43,14,6)([55]22,20,2)([56]47,14,0)([57]43,25,5)([58]40,39,7)([59]41,53,7)([60]26,58,3)([61]4,46,3)([62]7,14,4)([63]21,50,6)([64]53,52,5)([65]59,52,3)([66]3,4,5)([67]6,2,5)([68]60,65,2)([69]36,63,4)([70]65,43,5)([71]40,12,5)([72]26,7,3)([73]64,23,1)([74]73,67,3)([75]47,28,1)([76]16,18,0)([77]42,19,1)([78]47,21,7)([79]47,41,6)([80]63,67,7)([81]45,18,1)([82]31,55,4)([83]21,79,6)([84]15,33,3)([85]14,12,1)([86]72,82,3)(68)
evaluations: 19412492
first invidual area: 147.13
{7,1,80,1,2,1,8}([7]1,3,2)([8]5,0,7)([9]1,8,4)([10]3,0,6)([11]4,7,5)([12]6,11,4)([13]9,10,3)([14]2,4,5)([15]5,6,6)([16]3,8,4)([17]15,5,6)([18]1,2,4)([19]13,2,7)([20]6,7,6)([21]4,20,4)([22]17,19,3)([23]22,13,3)([24]0,12,4)([25]12,22,5)([26]1,20,7)([27]24,23,7)([28]25,14,7)([29]20,9,0)([30]28,0,3)([31]19,29,6)([32]1,3,0)([33]3,0,4)([34]27,28,6)([35]9,7,0)([36]9,21,5)([37]28,33,3)([38]1,18,5)([39]0,5,3)([40]20,20,2)([41]36,18,5)([42]12,2,4)([43]18,26,1)([44]7,21,3)([45]37,44,2)([46]9,28,3)([47]41,16,3)([48]39,24,6)([49]27,47,5)([50]14,49,6)([51]4,49,3)([52]39,31,7)([53]8,0,2)([54]52,16,2)([55]2,46,3)([56]51,41,7)([57]1,23,5)([58]34,52,3)([59]15,28,5)([60]43,23,3)([61]42,58,3)([62]35,28,6)([63]45,46,0)([64]53,31,1)([65]4,17,2)([66]65,43,4)([67]43,16,2)([68]15,63,7)([69]31,14,4)([70]65,9,5)([71]36,48,2)([72]64,66,3)([73]56,68,5)([74]2,12,2)([75]65,65,6)([76]4,5,0)([77]54,15,2)([78]0,47,4)([79]24,6,5)([80]37,1,7)([81]38,37,5)([82]73,61,2)([83]69,82,7)([84]5,3,4)([85]65,59,1)([86]11,71,0)(82)
optimized area: 127.90
time: 642626 ms
seed: 1634629044
{7,1,80,1,2,1,8}([7]6,2,7)([8]3,4,2)([9]4,0,2)([10]9,3,3)([11]5,0,7)([12]5,1,2)([13]2,3,2)([14]13,6,2)([15]11,14,7)([16]15,12,7)([17]8,12,5)([18]8,16,3)([19]18,1,7)([20]6,0,4)([21]20,15,1)([22]1,13,7)([23]19,10,2)([24]3,1,4)([25]19,1,6)([26]9,16,5)([27]21,19,4)([28]24,12,5)([29]2,21,4)([30]26,7,2)([31]4,23,6)([32]5,2,3)([33]30,22,0)([34]23,32,6)([35]14,4,7)([36]29,1,6)([37]14,18,5)([38]3,34,2)([39]16,26,5)([40]19,35,7)([41]24,31,7)([42]6,15,2)([43]34,42,6)([44]42,17,6)([45]44,33,3)([46]9,23,6)([47]42,45,3)([48]32,2,3)([49]47,40,3)([50]22,0,0)([51]13,41,5)([52]41,49,4)([53]19,48,2)([54]27,42,4)([55]17,33,4)([56]36,42,4)([57]28,54,4)([58]12,4,3)([59]7,44,5)([60]44,21,5)([61]27,13,7)([62]8,55,1)([63]12,50,2)([64]34,18,4)([65]16,44,0)([66]51,28,3)([67]24,4,2)([68]40,20,0)([69]16,47,4)([70]57,46,2)([71]22,20,6)([72]64,27,5)([73]45,72,4)([74]26,7,2)([75]17,23,7)([76]66,74,3)([77]65,71,0)([78]52,56,6)([79]66,55,1)([80]4,63,3)([81]70,78,5)([82]67,78,7)([83]18,59,7)([84]81,73,4)([85]7,22,5)([86]12,4,7)(84)
evaluations: 27411943
first invidual area: 149.00
{7,1,80,1,2,1,8}([7]2,6,7)([8]3,4,2)([9]4,0,2)([10]3,2,2)([11]0,5,7)([12]5,1,2)([13]12,8,5)([14]10,7,5)([15]12,14,4)([16]15,11,7)([17]9,3,3)([18]16,8,3)([19]1,18,7)([20]0,6,7)([21]16,9,5)([22]21,7,2)([23]17,19,2)([24]3,1,4)([25]2,20,3)([26]10,2,5)([27]19,20,4)([28]3,1,5)([29]20,26,5)([30]23,28,7)([31]24,10,4)([32]14,6,1)([33]30,6,0)([34]24,4,4)([35]25,14,5)([36]1,25,3)([37]4,23,1)([38]13,15,4)([39]5,2,3)([40]18,12,6)([41]24,12,5)([42]38,31,3)([43]7,31,5)([44]35,13,6)([45]44,22,3)([46]9,23,6)([47]45,35,3)([48]37,19,2)([49]12,29,3)([50]48,47,3)([51]39,23,3)([52]34,50,4)([53]13,37,2)([54]41,36,5)([55]50,4,1)([56]4,37,1)([57]25,1,3)([58]54,27,7)([59]3,3,5)([60]18,51,7)([61]46,21,7)([62]58,46,5)([63]54,28,4)([64]50,55,4)([65]44,11,1)([66]23,29,6)([67]12,32,2)([68]44,44,7)([69]35,14,0)([70]42,15,1)([71]33,65,6)([72]60,27,5)([73]66,71,0)([74]28,35,5)([75]30,35,6)([76]22,38,7)([77]61,63,7)([78]52,62,3)([79]41,58,6)([80]18,14,6)([81]72,78,5)([82]65,1,3)([83]42,33,1)([84]81,45,4)([85]80,48,3)([86]54,30,6)(84)
optimized area: 123.66
time: 607150 ms
seed: 1635156079
NOT FOUND
time: 530980 ms
seed: 1635205161
{7,1,80,1,2,1,8}([7]0,6,7)([8]5,1,4)([9]1,7,3)([10]9,3,4)([11]2,1,3)([12]2,6,7)([13]1,3,2)([14]5,12,3)([15]5,13,6)([16]14,6,7)([17]0,7,6)([18]17,17,6)([19]3,12,2)([20]4,15,7)([21]11,19,4)([22]9,3,2)([23]14,12,2)([24]20,16,4)([25]7,14,1)([26]17,14,0)([27]21,10,7)([28]14,21,5)([29]9,21,3)([30]6,20,5)([31]11,15,7)([32]18,28,4)([33]9,28,2)([34]26,6,6)([35]3,13,3)([36]32,23,5)([37]34,33,6)([38]6,18,2)([39]25,8,0)([40]22,11,7)([41]8,27,4)([42]41,16,5)([43]10,15,6)([44]25,36,5)([45]34,20,5)([46]4,44,0)([47]21,30,5)([48]45,27,7)([49]20,37,4)([50]44,31,4)([51]17,40,7)([52]29,44,5)([53]50,6,7)([54]4,16,5)([55]23,50,3)([56]37,33,3)([57]55,32,6)([58]48,51,6)([59]5,48,0)([60]2,7,5)([61]53,24,6)([62]49,61,3)([63]11,27,2)([64]43,12,3)([65]53,29,6)([66]19,58,0)([67]22,43,6)([68]17,23,0)([69]44,12,7)([70]62,64,2)([71]12,1,5)([72]41,6,6)([73]48,49,5)([74]58,69,3)([75]74,70,2)([76]47,7,7)([77]5,4,2)([78]31,25,4)([79]73,62,7)([80]28,37,1)([81]12,54,6)([82]25,79,3)([83]20,54,0)([84]75,57,3)([85]53,38,4)([86]12,37,4)(84)
evaluations: 17835190
first invidual area: 144.77
{7,1,80,1,2,1,8}([7]0,6,7)([8]6,7,1)([9]1,7,3)([10]1,3,2)([11]2,1,3)([12]8,2,4)([13]12,6,0)([14]13,1,0)([15]10,5,6)([16]5,13,3)([17]7,5,1)([18]3,12,5)([19]2,10,2)([20]15,4,7)([21]11,18,7)([22]9,3,4)([23]15,11,4)([24]5,13,1)([25]16,5,2)([26]24,17,0)([27]11,13,4)([28]21,16,5)([29]17,6,4)([30]17,6,5)([31]9,28,2)([32]28,30,4)([33]32,28,0)([34]25,11,5)([35]32,14,5)([36]31,8,3)([37]3,16,5)([38]20,8,5)([39]29,13,7)([40]7,5,6)([41]38,21,4)([42]23,23,4)([43]19,15,7)([44]17,35,5)([45]18,27,5)([46]3,28,2)([47]14,17,5)([48]5,38,2)([49]33,11,4)([50]44,23,7)([51]20,27,0)([52]31,2,2)([53]51,36,7)([54]23,36,2)([55]22,15,6)([56]50,32,3)([57]8,50,4)([58]55,5,5)([59]40,56,0)([60]13,52,5)([61]57,52,6)([62]53,61,3)([63]32,11,2)([64]13,55,3)([65]11,6,0)([66]13,56,6)([67]14,66,7)([68]22,41,6)([69]13,44,7)([70]62,64,2)([71]7,38,7)([72]62,7,1)([73]62,32,1)([74]68,69,3)([75]70,74,2)([76]61,51,4)([77]30,27,0)([78]50,20,5)([79]22,54,5)([80]66,34,1)([81]48,55,5)([82]75,66,3)([83]18,41,5)([84]21,55,4)([85]24,2,4)([86]81,27,4)(82)
optimized area: 114.76
time: 643197 ms
seed: 1635386091
NOT FOUND
time: 981597 ms
seed: 1635635850
{7,1,80,1,2,1,8}([7]2,2,2)([8]3,1,7)([9]3,2,2)([10]5,4,2)([11]3,5,3)([12]11,1,0)([13]11,0,4)([14]6,13,5)([15]14,0,7)([16]2,14,6)([17]2,5,2)([18]7,6,4)([19]4,1,0)([20]6,5,4)([21]2,1,4)([22]8,15,2)([23]4,5,5)([24]17,9,2)([25]17,5,1)([26]13,18,3)([27]26,4,6)([28]9,12,1)([29]26,0,7)([30]18,26,1)([31]11,27,7)([32]16,21,2)([33]13,4,5)([34]20,22,5)([35]33,20,7)([36]10,18,6)([37]31,30,2)([38]32,29,3)([39]24,13,4)([40]31,3,1)([41]34,25,2)([42]39,35,3)([43]10,22,2)([44]4,34,3)([45]42,3,6)([46]24,39,1)([47]3,23,7)([48]31,41,7)([49]37,26,7)([50]21,37,3)([51]42,10,6)([52]5,44,3)([53]29,37,4)([54]52,52,4)([55]20,2,1)([56]33,49,2)([57]0,54,5)([58]34,43,4)([59]16,55,0)([60]43,36,7)([61]0,40,4)([62]58,41,0)([63]54,48,6)([64]50,48,2)([65]53,24,2)([66]60,2,3)([67]14,64,5)([68]9,12,2)([69]67,50,2)([70]44,66,2)([71]59,52,1)([72]42,69,4)([73]56,70,3)([74]59,20,4)([75]29,18,7)([76]73,72,5)([77]25,45,4)([78]61,31,3)([79]12,9,0)([80]78,36,0)([81]27,0,6)([82]21,29,4)([83]65,52,5)([84]57,18,1)([85]80,17,5)([86]53,38,4)(76)
evaluations: 43994808
first invidual area: 122.26
{7,1,80,1,2,1,8}([7]5,2,2)([8]5,2,6)([9]2,0,4)([10]5,4,2)([11]5,3,3)([12]10,0,0)([13]11,0,4)([14]6,13,5)([15]14,0,7)([16]2,6,4)([17]3,1,7)([18]0,13,3)([19]7,3,5)([20]6,5,4)([21]16,10,6)([22]17,15,2)([23]4,3,0)([24]21,15,0)([25]22,19,0)([26]13,16,3)([27]15,8,1)([28]24,0,7)([29]26,4,6)([30]5,26,4)([31]11,29,7)([32]7,3,1)([33]13,4,5)([34]20,25,5)([35]33,20,7)([36]10,7,3)([37]31,24,2)([38]24,6,7)([39]19,13,7)([40]19,22,4)([41]34,32,5)([42]39,35,3)([43]12,25,2)([44]23,34,3)([45]31,14,2)([46]42,21,0)([47]2,1,4)([48]31,41,4)([49]37,26,7)([50]37,47,3)([51]13,12,6)([52]0,42,4)([53]25,45,2)([54]3,51,6)([55]22,50,0)([56]33,49,2)([57]44,14,1)([58]15,36,0)([59]5,8,4)([60]43,21,6)([61]4,53,0)([62]24,0,2)([63]51,3,1)([64]27,39,6)([65]55,46,4)([66]60,2,3)([67]14,48,5)([68]2,31,6)([69]67,50,5)([70]44,66,2)([71]26,13,5)([72]42,69,7)([73]56,70,3)([74]51,25,3)([75]17,13,6)([76]73,72,5)([77]46,24,6)([78]13,61,4)([79]4,16,1)([80]63,7,2)([81]31,72,2)([82]31,17,4)([83]50,67,0)([84]72,64,1)([85]79,12,7)([86]46,30,2)(76)
optimized area: 112.42
time: 1092553 ms
seed: 1635683588
NOT FOUND
time: 1053126 ms
seed: 1635731415
NOT FOUND
time: 1075359 ms
seed: 1635778635
NOT FOUND
time: 1047658 ms
seed: 1635825530
{7,1,80,1,2,1,8}([7]5,2,6)([8]6,0,7)([9]3,1,5)([10]0,3,7)([11]2,10,7)([12]2,10,5)([13]9,1,5)([14]5,13,4)([15]8,5,5)([16]15,4,4)([17]4,8,4)([18]14,12,7)([19]10,5,6)([20]5,0,5)([21]16,0,5)([22]9,14,5)([23]2,8,5)([24]18,17,4)([25]23,14,1)([26]11,20,5)([27]9,8,7)([28]6,17,5)([29]8,8,4)([30]26,22,5)([31]30,16,6)([32]6,1,4)([33]12,4,4)([34]2,15,4)([35]2,8,3)([36]5,10,5)([37]27,34,3)([38]35,3,3)([39]27,30,7)([40]23,32,5)([41]37,15,4)([42]10,9,5)([43]33,21,5)([44]23,14,1)([45]1,33,2)([46]1,42,2)([47]35,19,6)([48]47,13,5)([49]18,45,6)([50]47,39,5)([51]34,38,7)([52]42,14,5)([53]41,31,6)([54]49,51,6)([55]54,36,5)([56]46,40,3)([57]48,28,5)([58]28,4,7)([59]24,57,3)([60]11,19,1)([61]54,52,2)([62]56,53,4)([63]48,15,5)([64]10,5,3)([65]34,1,6)([66]58,23,7)([67]54,7,7)([68]57,12,4)([69]37,52,2)([70]21,23,5)([71]33,36,7)([72]35,8,1)([73]54,20,5)([74]68,67,5)([75]26,41,0)([76]29,29,5)([77]41,5,1)([78]42,38,6)([79]18,64,7)([80]13,43,1)([81]39,18,7)([82]25,12,2)([83]28,62,4)([84]74,66,3)([85]62,84,4)([86]49,15,1)(85)
evaluations: 29390055
first invidual area: 149.92
{7,1,80,1,2,1,8}([7]3,0,4)([8]6,0,7)([9]3,1,5)([10]9,3,0)([11]2,7,4)([12]11,2,5)([13]1,10,5)([14]13,12,5)([15]5,8,5)([16]8,4,4)([17]1,6,4)([18]14,5,7)([19]15,2,4)([20]0,5,5)([21]15,4,4)([22]9,18,5)([23]2,8,5)([24]11,13,0)([25]4,24,2)([26]20,24,5)([27]16,11,0)([28]6,27,5)([29]3,11,0)([30]22,26,5)([31]30,21,6)([32]9,3,1)([33]20,6,0)([34]3,26,6)([35]26,8,5)([36]19,32,3)([37]9,25,7)([38]8,15,2)([39]27,36,1)([40]23,17,5)([41]36,23,4)([42]1,4,4)([43]31,41,3)([44]13,1,3)([45]36,40,7)([46]1,35,2)([47]43,34,6)([48]13,47,5)([49]18,46,6)([50]28,48,5)([51]0,8,2)([52]34,41,7)([53]40,46,6)([54]49,51,6)([55]30,36,1)([56]25,10,0)([57]50,12,4)([58]50,4,4)([59]0,13,0)([60]3,41,1)([61]27,26,3)([62]53,43,7)([63]22,10,4)([64]34,27,4)([65]2,5,3)([66]25,25,1)([67]65,54,4)([68]55,44,3)([69]31,62,2)([70]58,23,7)([71]57,33,0)([72]21,22,7)([73]21,36,5)([74]48,40,2)([75]19,41,4)([76]30,30,2)([77]67,71,5)([78]13,29,6)([79]68,73,5)([80]47,77,0)([81]27,68,0)([82]1,26,3)([83]61,9,1)([84]77,70,6)([85]62,84,4)([86]50,27,4)(85)
optimized area: 129.75
time: 1226784 ms
seed: 1635868664
{7,1,80,1,2,1,8}([7]1,5,7)([8]0,3,4)([9]8,7,4)([10]0,1,7)([11]4,5,3)([12]11,9,5)([13]4,5,4)([14]2,8,7)([15]3,7,3)([16]3,1,5)([17]9,7,7)([18]7,13,6)([19]10,12,7)([20]5,2,3)([21]0,7,5)([22]12,13,6)([23]2,18,6)([24]10,15,7)([25]18,16,3)([26]22,6,7)([27]9,11,6)([28]11,19,1)([29]23,19,3)([30]14,27,7)([31]4,29,4)([32]18,10,7)([33]24,26,7)([34]6,18,4)([35]27,7,0)([36]32,25,7)([37]0,29,6)([38]4,30,4)([39]23,7,2)([40]17,7,2)([41]23,15,4)([42]33,38,6)([43]26,31,3)([44]27,12,0)([45]8,38,7)([46]23,37,6)([47]42,20,4)([48]30,45,2)([49]27,46,6)([50]41,9,5)([51]29,45,3)([52]38,13,4)([53]51,21,7)([54]45,44,4)([55]8,42,2)([56]29,29,5)([57]47,27,6)([58]34,37,0)([59]51,49,2)([60]23,34,3)([61]59,19,4)([62]26,57,6)([63]53,33,5)([64]62,41,2)([65]40,7,4)([66]26,58,1)([67]64,22,4)([68]66,26,3)([69]23,54,0)([70]59,26,2)([71]31,9,1)([72]70,25,2)([73]8,58,0)([74]40,66,1)([75]63,72,6)([76]29,63,0)([77]70,64,4)([78]29,67,4)([79]62,35,2)([80]46,59,4)([81]27,10,0)([82]77,75,4)([83]32,14,4)([84]57,71,7)([85]1,43,3)([86]53,26,3)(82)
evaluations: 37892341
first invidual area: 141.04
{7,1,80,1,2,1,8}([7]1,5,7)([8]0,3,4)([9]8,7,4)([10]1,0,7)([11]4,5,3)([12]11,9,5)([13]4,5,4)([14]2,8,7)([15]7,3,3)([16]7,12,0)([17]7,13,6)([18]16,3,0)([19]0,11,0)([20]5,2,3)([21]18,19,5)([22]12,13,6)([23]5,4,2)([24]10,15,4)([25]2,17,6)([26]22,6,7)([27]9,11,6)([28]12,10,7)([29]25,21,0)([30]27,14,7)([31]12,0,5)([32]23,3,2)([33]24,26,4)([34]22,5,1)([35]12,20,2)([36]12,13,6)([37]0,28,6)([38]4,30,4)([39]29,15,4)([40]35,12,1)([41]0,18,3)([42]29,2,0)([43]42,28,3)([44]33,38,3)([45]8,38,7)([46]29,37,6)([47]44,20,2)([48]9,25,7)([49]27,46,6)([50]22,16,3)([51]43,45,3)([52]49,37,4)([53]51,21,7)([54]18,40,5)([55]51,30,5)([56]37,1,1)([57]47,27,6)([58]24,17,5)([59]51,49,2)([60]53,15,3)([61]3,51,0)([62]26,57,6)([63]53,33,5)([64]62,39,2)([65]1,37,2)([66]35,18,6)([67]20,44,4)([68]62,21,3)([69]52,35,5)([70]59,26,2)([71]41,27,5)([72]70,31,2)([73]9,42,0)([74]35,53,0)([75]63,72,3)([76]64,70,3)([77]9,22,4)([78]54,42,2)([79]32,9,3)([80]26,73,6)([81]29,20,3)([82]20,2,0)([83]75,76,7)([84]38,55,7)([85]33,50,3)([86]52,85,1)(83)
optimized area: 134.00
time: 1176634 ms
seed: 1635910689
{7,1,80,1,2,1,8}([7]2,1,7)([8]4,7,6)([9]2,0,2)([10]3,9,4)([11]4,5,5)([12]3,8,6)([13]11,6,4)([14]12,0,4)([15]10,5,6)([16]6,13,5)([17]9,0,1)([18]4,12,6)([19]17,16,4)([20]6,19,4)([21]10,16,3)([22]11,19,6)([23]7,22,7)([24]23,1,2)([25]3,4,7)([26]13,2,4)([27]15,0,4)([28]14,19,3)([29]26,14,6)([30]3,28,7)([31]24,13,7)([32]5,24,4)([33]14,15,5)([34]25,29,3)([35]8,26,3)([36]5,20,5)([37]21,32,4)([38]33,37,4)([39]38,31,2)([40]29,30,6)([41]30,2,6)([42]29,6,0)([43]39,20,3)([44]14,32,1)([45]39,2,2)([46]19,36,0)([47]34,35,5)([48]23,28,3)([49]36,35,2)([50]18,32,5)([51]38,16,2)([52]47,41,3)([53]52,1,7)([54]27,52,1)([55]47,49,4)([56]23,32,7)([57]55,56,5)([58]21,34,4)([59]35,4,2)([60]28,34,2)([61]50,28,4)([62]14,17,4)([63]3,0,2)([64]12,46,7)([65]61,57,2)([66]54,53,2)([67]66,43,7)([68]60,66,5)([69]32,52,3)([70]4,45,3)([71]63,11,1)([72]3,8,0)([73]67,65,3)([74]62,26,0)([75]47,10,0)([76]8,73,7)([77]19,29,6)([78]47,17,1)([79]45,53,3)([80]11,21,1)([81]53,14,1)([82]64,66,2)([83]51,75,4)([84]36,11,4)([85]75,76,6)([86]54,83,1)(73)
evaluations: 23503302
first invidual area: 156.49
{7,1,80,1,2,1,8}([7]1,2,7)([8]4,7,6)([9]2,0,2)([10]9,3,4)([11]4,5,5)([12]8,3,6)([13]6,11,4)([14]12,0,4)([15]5,10,6)([16]6,13,5)([17]16,9,7)([18]12,4,6)([19]17,6,4)([20]19,13,0)([21]10,11,6)([22]6,11,6)([23]7,22,7)([24]1,23,2)([25]3,4,7)([26]13,2,4)([27]15,0,7)([28]17,14,3)([29]26,28,6)([30]28,10,7)([31]24,13,7)([32]24,5,4)([33]28,15,5)([34]25,29,3)([35]8,26,3)([36]9,20,5)([37]21,32,6)([38]33,37,4)([39]31,38,2)([40]7,21,0)([41]30,2,6)([42]36,34,7)([43]39,20,6)([44]39,7,1)([45]37,8,1)([46]26,37,5)([47]34,35,5)([48]31,6,5)([49]16,45,2)([50]32,18,5)([51]22,34,2)([52]47,41,3)([53]36,43,6)([54]15,7,0)([55]51,21,5)([56]23,37,4)([57]56,42,5)([58]1,52,7)([59]49,45,4)([60]55,41,4)([61]50,28,4)([62]57,61,2)([63]30,6,4)([64]16,36,0)([65]30,42,7)([66]27,58,5)([67]66,43,7)([68]39,43,0)([69]17,5,2)([70]12,7,7)([71]20,70,1)([72]15,23,7)([73]67,62,3)([74]40,60,5)([75]46,22,4)([76]72,64,5)([77]75,5,5)([78]69,64,1)([79]65,18,2)([80]17,40,4)([81]33,45,4)([82]52,60,2)([83]56,77,3)([84]73,9,6)([85]0,62,6)([86]11,52,1)(73)
optimized area: 148.53
time: 1320817 ms
seed: 1635946962
{7,1,80,1,2,1,8}([7]1,3,5)([8]1,6,5)([9]8,4,4)([10]5,3,1)([11]6,0,1)([12]0,0,1)([13]4,1,7)([14]9,13,2)([15]9,5,7)([16]7,5,7)([17]2,1,6)([18]1,6,5)([19]6,13,4)([20]3,14,7)([21]20,6,4)([22]12,2,3)([23]11,18,7)([24]16,6,5)([25]23,2,7)([26]7,19,3)([27]26,12,4)([28]23,27,7)([29]13,0,4)([30]15,14,1)([31]2,26,4)([32]24,3,6)([33]11,0,4)([34]16,23,7)([35]20,17,6)([36]26,21,4)([37]6,15,6)([38]33,36,6)([39]38,24,6)([40]37,11,6)([41]0,30,4)([42]28,31,1)([43]18,33,5)([44]15,19,6)([45]39,31,4)([46]33,5,3)([47]16,46,7)([48]13,24,6)([49]16,35,6)([50]36,34,3)([51]22,26,4)([52]45,13,6)([53]18,46,1)([54]46,34,7)([55]52,41,6)([56]49,10,5)([57]18,25,6)([58]12,52,4)([59]33,16,4)([60]53,29,1)([61]36,43,5)([62]6,38,3)([63]24,43,1)([64]54,45,3)([65]15,36,1)([66]58,35,2)([67]20,42,6)([68]1,30,5)([69]60,20,7)([70]44,25,3)([71]66,70,4)([72]17,40,7)([73]65,70,7)([74]62,57,6)([75]30,3,1)([76]58,33,7)([77]20,14,0)([78]56,9,1)([79]64,6,1)([80]71,35,4)([81]61,41,3)([82]80,64,5)([83]10,28,3)([84]76,51,3)([85]56,56,4)([86]81,82,2)(86)
evaluations: 46660523
first invidual area: 139.16
{7,1,80,1,2,1,8}([7]1,3,5)([8]1,6,5)([9]8,4,4)([10]5,2,0)([11]6,10,1)([12]0,0,1)([13]4,1,7)([14]9,13,5)([15]9,10,7)([16]7,10,7)([17]2,1,6)([18]11,12,1)([19]6,13,4)([20]3,14,4)([21]20,11,4)([22]16,17,0)([23]8,11,7)([24]16,6,5)([25]23,2,7)([26]7,19,3)([27]21,1,6)([28]25,26,6)([29]3,26,3)([30]19,21,6)([31]2,26,4)([32]19,4,3)([33]6,0,7)([34]22,23,7)([35]20,17,6)([36]26,21,2)([37]35,10,5)([38]0,36,6)([39]38,24,3)([40]30,5,7)([41]12,15,4)([42]9,15,3)([43]8,33,5)([44]15,19,6)([45]39,31,7)([46]33,10,3)([47]39,37,7)([48]5,26,5)([49]14,6,5)([50]38,20,1)([51]11,21,0)([52]45,13,6)([53]26,48,6)([54]46,34,7)([55]13,42,3)([56]52,21,0)([57]22,35,4)([58]12,56,7)([59]22,5,5)([60]37,54,5)([61]36,43,5)([62]13,43,4)([63]58,45,7)([64]54,45,3)([65]28,59,6)([66]58,35,5)([67]24,24,7)([68]45,52,3)([69]21,26,0)([70]44,25,6)([71]66,70,4)([72]6,12,6)([73]19,21,4)([74]6,33,0)([75]72,74,3)([76]17,17,5)([77]47,70,6)([78]19,57,6)([79]50,67,5)([80]20,70,3)([81]61,41,3)([82]71,64,5)([83]14,14,1)([84]70,70,7)([85]27,3,2)([86]81,82,2)(86)
optimized area: 127.91
time: 1059100 ms
seed: 1635983190
{7,1,80,1,2,1,8}([7]3,0,4)([8]4,5,2)([9]7,2,4)([10]2,6,3)([11]2,8,0)([12]4,3,6)([13]4,0,7)([14]0,1,6)([15]5,0,7)([16]6,12,0)([17]1,9,5)([18]10,5,7)([19]8,2,4)([20]9,1,4)([21]12,18,5)([22]18,7,5)([23]19,22,7)([24]19,13,4)([25]6,17,5)([26]23,21,4)([27]3,25,5)([28]26,12,3)([29]25,11,0)([30]12,4,4)([31]17,18,2)([32]28,18,7)([33]29,4,0)([34]6,17,3)([35]28,26,7)([36]11,15,6)([37]36,20,4)([38]8,35,2)([39]38,23,3)([40]30,37,3)([41]32,24,2)([42]14,36,7)([43]21,16,2)([44]20,41,5)([45]32,5,3)([46]30,27,2)([47]39,29,7)([48]45,1,7)([49]47,40,5)([50]22,0,3)([51]49,50,7)([52]29,34,7)([53]0,14,0)([54]51,44,5)([55]42,20,5)([56]37,48,2)([57]28,28,7)([58]34,42,2)([59]58,26,3)([60]32,24,4)([61]16,27,4)([62]24,4,2)([63]31,22,3)([64]10,49,5)([65]53,9,2)([66]58,27,2)([67]2,13,0)([68]40,61,6)([69]55,32,3)([70]26,69,4)([71]28,18,7)([72]61,25,6)([73]66,23,1)([74]68,18,4)([75]40,14,4)([76]36,29,4)([77]72,6,5)([78]59,51,3)([79]51,46,0)([80]15,39,4)([81]71,5,7)([82]70,43,3)([83]10,35,7)([84]78,54,5)([85]58,51,6)([86]36,24,6)(84)
evaluations: 18291308
first invidual area: 129.79
{7,1,80,1,2,1,8}([7]3,0,4)([8]5,4,2)([9]7,2,4)([10]5,0,7)([11]1,0,3)([12]4,3,6)([13]10,1,2)([14]4,0,7)([15]6,2,6)([16]6,13,0)([17]1,9,5)([18]15,5,4)([19]2,8,4)([20]1,9,4)([21]12,18,5)([22]7,18,5)([23]19,22,7)([24]17,18,6)([25]10,10,1)([26]21,23,4)([27]23,8,4)([28]12,26,3)([29]8,23,3)([30]6,17,3)([31]22,0,6)([32]28,18,7)([33]29,28,5)([34]6,17,5)([35]19,14,4)([36]2,10,6)([37]20,36,4)([38]28,30,0)([39]35,32,2)([40]29,34,7)([41]37,4,3)([42]20,39,5)([43]11,36,4)([44]41,12,3)([45]34,5,1)([46]11,34,7)([47]3,37,3)([48]41,9,0)([49]44,40,5)([50]44,17,2)([51]31,49,4)([52]26,44,6)([53]2,11,0)([54]51,42,5)([55]14,41,4)([56]35,23,0)([57]37,46,5)([58]43,30,2)([59]58,26,3)([60]5,23,4)([61]34,32,0)([62]27,61,3)([63]0,37,5)([64]7,43,1)([65]52,36,4)([66]25,9,4)([67]7,8,3)([68]38,24,5)([69]58,28,6)([70]40,5,0)([71]12,33,6)([72]42,14,1)([73]51,59,3)([74]49,72,5)([75]52,16,4)([76]24,20,6)([77]39,22,3)([78]21,8,5)([79]36,28,7)([80]70,45,4)([81]55,69,4)([82]2,49,4)([83]1,52,2)([84]69,76,0)([85]82,41,0)([86]73,54,5)(86)
optimized area: 120.41
time: 1282992 ms
seed: 1636019050
NOT FOUND
time: 1039250 ms
seed: 1636053780
NOT FOUND
time: 1050563 ms
seed: 1636087557
NOT FOUND
time: 1068187 ms
seed: 1636120735
{7,1,80,1,2,1,8}([7]6,1,7)([8]7,0,2)([9]0,4,7)([10]3,9,0)([11]5,1,4)([12]2,9,3)([13]8,4,7)([14]10,1,2)([15]4,11,4)([16]15,11,6)([17]12,16,0)([18]7,1,2)([19]7,5,7)([20]16,14,6)([21]20,4,7)([22]19,16,6)([23]19,2,3)([24]23,1,5)([25]4,18,2)([26]9,21,3)([27]3,0,7)([28]9,15,0)([29]10,22,4)([30]13,20,7)([31]26,27,7)([32]31,18,4)([33]11,18,2)([34]29,13,7)([35]9,6,6)([36]17,27,3)([37]16,15,7)([38]11,18,7)([39]25,38,4)([40]34,32,5)([41]28,33,5)([42]33,2,3)([43]24,26,4)([44]41,42,7)([45]39,14,5)([46]39,36,3)([47]46,11,1)([48]20,29,0)([49]40,44,2)([50]19,43,5)([51]44,44,4)([52]35,32,2)([53]36,50,7)([54]49,45,6)([55]49,9,3)([56]46,29,3)([57]23,43,7)([58]53,8,2)([59]45,13,1)([60]49,58,3)([61]51,9,1)([62]19,56,3)([63]16,29,6)([64]8,57,4)([65]48,33,1)([66]15,64,4)([67]40,65,4)([68]18,53,3)([69]30,60,7)([70]10,65,2)([71]28,53,0)([72]57,56,4)([73]72,69,4)([74]11,50,0)([75]7,63,3)([76]46,74,1)([77]51,40,5)([78]53,31,1)([79]50,78,0)([80]53,36,2)([81]77,58,5)([82]78,4,0)([83]68,77,0)([84]31,42,3)([85]20,48,0)([86]39,57,5)(73)
evaluations: 35119036
first invidual area: 152.78
{7,1,80,1,2,1,8}([7]6,1,7)([8]1,6,5)([9]0,4,7)([10]7,0,2)([11]1,5,4)([12]10,5,0)([13]12,3,6)([14]1,3,2)([15]11,7,1)([16]11,4,6)([17]16,14,3)([18]1,7,2)([19]7,5,7)([20]15,1,3)([21]10,12,5)([22]19,16,6)([23]2,19,3)([24]23,1,5)([25]17,4,4)([26]9,25,3)([27]0,3,7)([28]25,24,4)([29]4,22,4)([30]3,12,6)([31]18,26,4)([32]31,27,7)([33]11,18,2)([34]14,32,2)([35]22,31,0)([36]9,27,3)([37]11,1,3)([38]29,13,7)([39]6,35,0)([40]38,32,5)([41]9,33,5)([42]33,2,3)([43]10,26,7)([44]41,42,2)([45]29,22,2)([46]15,36,3)([47]12,30,2)([48]5,42,2)([49]40,44,2)([50]5,39,5)([51]15,11,5)([52]36,50,2)([53]29,3,6)([54]42,46,7)([55]46,29,6)([56]20,13,5)([57]23,43,4)([58]43,52,2)([59]48,10,4)([60]49,58,6)([61]38,55,0)([62]11,14,7)([63]24,22,5)([64]1,1,4)([65]49,7,2)([66]38,17,0)([67]52,41,5)([68]60,41,4)([69]28,60,7)([70]3,31,5)([71]29,23,5)([72]55,69,6)([73]72,57,4)([74]45,38,0)([75]35,10,4)([76]20,42,4)([77]35,59,0)([78]21,46,1)([79]58,6,7)([80]59,56,4)([81]40,71,6)([82]7,44,1)([83]37,20,6)([84]42,35,0)([85]51,57,0)([86]0,18,6)(73)
optimized area: 126.03
time: 1145367 ms
seed: 1636153371
NOT FOUND
time: 1048333 ms
seed: 1636185804
{7,1,80,1,2,1,8}([7]1,5,4)([8]6,0,6)([9]2,6,7)([10]5,9,3)([11]3,2,1)([12]4,8,7)([13]11,5,2)([14]6,12,5)([15]7,3,0)([16]3,2,7)([17]13,8,3)([18]1,14,2)([19]6,0,5)([20]16,18,6)([21]10,4,2)([22]13,1,7)([23]20,0,7)([24]9,12,4)([25]20,22,7)([26]24,15,3)([27]23,1,3)([28]24,23,3)([29]25,26,5)([30]17,9,3)([31]26,23,4)([32]7,16,0)([33]25,31,3)([34]21,4,2)([35]22,5,2)([36]9,19,6)([37]6,17,6)([38]36,15,2)([39]16,31,3)([40]29,35,4)([41]28,40,2)([42]3,21,1)([43]27,31,3)([44]41,39,4)([45]16,6,7)([46]15,13,6)([47]27,46,1)([48]45,22,3)([49]48,13,4)([50]21,33,7)([51]31,10,4)([52]3,45,0)([53]34,34,6)([54]51,30,3)([55]8,22,1)([56]49,30,7)([57]44,54,5)([58]9,9,6)([59]43,53,2)([60]36,46,2)([61]19,54,7)([62]25,27,6)([63]24,29,0)([64]50,12,0)([65]57,2,1)([66]2,57,2)([67]64,38,3)([68]29,18,7)([69]62,31,7)([70]22,64,2)([71]67,57,1)([72]53,26,7)([73]65,67,5)([74]14,34,6)([75]56,20,5)([76]73,56,7)([77]7,30,2)([78]7,4,4)([79]40,51,2)([80]1,16,7)([81]68,28,0)([82]64,8,5)([83]25,70,4)([84]64,57,0)([85]1,69,5)([86]59,48,7)(76)
evaluations: 21543284
first invidual area: 136.34
{7,1,80,1,2,1,8}([7]5,1,4)([8]0,6,6)([9]2,6,7)([10]1,0,2)([11]3,3,1)([12]8,4,7)([13]11,5,2)([14]12,6,5)([15]5,9,3)([16]11,2,4)([17]1,14,2)([18]8,9,3)([19]18,2,2)([20]17,16,6)([21]6,16,7)([22]13,1,7)([23]20,0,7)([24]12,9,4)([25]22,20,7)([26]24,7,3)([27]8,21,7)([28]23,24,3)([29]3,11,0)([30]18,13,3)([31]23,26,4)([32]0,6,5)([33]9,32,6)([34]31,16,6)([35]23,17,6)([36]22,5,5)([37]25,31,6)([38]25,26,5)([39]32,24,0)([40]38,36,7)([41]4,36,7)([42]33,25,2)([43]40,28,5)([44]43,34,4)([45]4,15,5)([46]44,0,0)([47]45,3,6)([48]21,22,6)([49]48,13,7)([50]37,45,7)([51]15,31,4)([52]1,39,3)([53]35,52,2)([54]51,30,3)([55]30,49,7)([56]47,39,1)([57]46,54,2)([58]53,46,2)([59]33,23,0)([60]25,39,4)([61]4,31,3)([62]45,51,6)([63]32,32,3)([64]46,57,2)([65]32,0,2)([66]20,30,7)([67]50,42,3)([68]54,1,2)([69]35,61,3)([70]67,57,5)([71]52,45,1)([72]33,17,2)([73]70,44,1)([74]9,20,5)([75]13,31,6)([76]70,55,7)([77]65,66,7)([78]30,6,0)([79]19,3,0)([80]74,54,4)([81]35,42,6)([82]78,41,3)([83]34,67,6)([84]60,71,3)([85]68,62,4)([86]13,39,2)(76)
optimized area: 134.00
time: 1251458 ms
seed: 1636216426
{7,1,80,1,2,1,8}([7]0,1,4)([8]6,5,4)([9]2,1,3)([10]8,7,1)([11]6,3,6)([12]11,2,4)([13]10,4,1)([14]12,7,4)([15]2,5,4)([16]13,3,2)([17]0,16,4)([18]17,9,2)([19]5,12,6)([20]8,4,6)([21]13,18,7)([22]4,3,4)([23]22,20,0)([24]14,19,6)([25]20,21,3)([26]16,1,2)([27]15,26,6)([28]21,8,6)([29]22,27,5)([30]25,29,4)([31]19,2,7)([32]21,3,2)([33]21,24,4)([34]20,2,0)([35]30,5,5)([36]27,4,3)([37]1,21,2)([38]24,0,6)([39]36,1,1)([40]39,12,0)([41]35,0,3)([42]23,28,7)([43]33,13,0)([44]0,22,7)([45]20,25,1)([46]18,15,6)([47]15,44,4)([48]15,24,7)([49]43,2,5)([50]30,6,3)([51]48,35,5)([52]40,42,3)([53]20,28,0)([54]38,32,4)([55]7,32,1)([56]50,9,0)([57]25,38,3)([58]6,46,1)([59]43,35,5)([60]47,18,2)([61]57,20,2)([62]3,39,1)([63]13,58,1)([64]42,36,2)([65]55,60,0)([66]46,9,0)([67]54,41,6)([68]52,60,4)([69]61,18,1)([70]21,64,3)([71]67,68,3)([72]62,6,4)([73]71,59,5)([74]12,60,6)([75]23,3,1)([76]15,23,2)([77]0,20,3)([78]9,11,1)([79]67,49,1)([80]32,23,5)([81]70,73,7)([82]76,39,0)([83]64,81,3)([84]67,42,5)([85]24,63,6)([86]25,67,3)(81)
evaluations: 24996265
first invidual area: 135.86
{7,1,80,1,2,1,8}([7]0,1,4)([8]5,6,4)([9]2,1,3)([10]1,3,7)([11]8,8,3)([12]3,6,3)([13]2,12,7)([14]11,2,6)([15]2,5,4)([16]3,8,2)([17]0,16,4)([18]17,9,2)([19]7,5,6)([20]13,7,4)([21]11,18,7)([22]3,4,4)([23]2,22,5)([24]20,19,6)([25]21,14,3)([26]1,16,2)([27]11,25,6)([28]15,22,4)([29]6,23,0)([30]25,23,4)([31]26,15,6)([32]31,18,1)([33]15,14,5)([34]28,13,7)([35]30,5,5)([36]4,31,3)([37]16,2,5)([38]21,24,4)([39]15,38,2)([40]9,23,4)([41]11,12,4)([42]41,35,5)([43]22,27,7)([44]34,19,1)([45]36,43,1)([46]36,30,0)([47]26,28,4)([48]14,40,1)([49]30,6,5)([50]20,45,6)([51]6,25,0)([52]45,43,3)([53]34,1,0)([54]49,33,2)([55]8,3,7)([56]0,7,4)([57]14,35,7)([58]35,10,3)([59]38,35,5)([60]47,18,5)([61]22,45,1)([62]45,14,2)([63]34,9,2)([64]52,46,2)([65]57,11,7)([66]56,53,5)([67]27,58,6)([68]52,60,7)([69]62,63,2)([70]21,64,3)([71]67,68,3)([72]9,63,1)([73]71,59,5)([74]32,12,2)([75]28,68,4)([76]42,40,6)([77]56,71,7)([78]58,59,4)([79]25,45,0)([80]41,13,0)([81]25,2,2)([82]73,70,7)([83]71,78,6)([84]54,48,0)([85]45,67,4)([86]10,56,3)(82)
optimized area: 127.91
time: 1214584 ms
seed: 1636246394
{7,1,80,1,2,1,8}([7]3,4,1)([8]5,2,2)([9]1,5,6)([10]8,8,1)([11]9,3,4)([12]7,1,7)([13]0,8,2)([14]6,11,0)([15]12,5,2)([16]4,11,5)([17]13,14,3)([18]16,0,3)([19]2,17,7)([20]3,19,5)([21]19,2,4)([22]4,1,4)([23]2,4,4)([24]4,15,0)([25]20,15,7)([26]5,4,2)([27]24,19,5)([28]21,26,3)([29]2,25,7)([30]6,26,4)([31]27,9,7)([32]0,29,3)([33]7,1,5)([34]10,22,6)([35]13,13,5)([36]28,26,3)([37]22,29,2)([38]33,32,7)([39]31,27,0)([40]14,20,4)([41]14,31,7)([42]39,25,3)([43]42,5,6)([44]1,17,4)([45]7,0,4)([46]33,27,7)([47]31,38,7)([48]45,41,7)([49]48,5,7)([50]49,28,3)([51]48,37,6)([52]47,34,3)([53]51,3,0)([54]43,52,4)([55]54,45,2)([56]28,50,3)([57]33,33,0)([58]53,54,5)([59]31,24,0)([60]58,49,4)([61]60,25,1)([62]11,14,1)([63]54,42,3)([64]56,3,5)([65]58,43,0)([66]16,19,4)([67]56,63,6)([68]38,51,7)([69]32,20,2)([70]58,66,3)([71]70,67,4)([72]41,15,5)([73]11,66,5)([74]52,71,4)([75]42,63,1)([76]42,5,7)([77]64,5,0)([78]72,5,3)([79]0,66,4)([80]69,64,2)([81]0,9,6)([82]42,71,4)([83]47,34,5)([84]70,66,2)([85]63,21,7)([86]52,5,2)(74)
evaluations: 23997109
first invidual area: 141.03
{7,1,80,1,2,1,8}([7]2,5,2)([8]7,1,1)([9]1,5,6)([10]3,4,5)([11]0,3,7)([12]1,3,4)([13]6,9,1)([14]12,5,5)([15]1,12,5)([16]7,0,2)([17]16,6,6)([18]5,3,0)([19]2,17,4)([20]3,19,5)([21]8,14,5)([22]1,4,4)([23]8,16,2)([24]11,5,4)([25]20,14,4)([26]14,8,0)([27]4,19,5)([28]16,18,6)([29]25,2,7)([30]8,22,6)([31]9,27,7)([32]0,29,6)([33]5,4,2)([34]6,13,5)([35]29,30,2)([36]17,33,3)([37]22,29,2)([38]15,32,4)([39]35,10,7)([40]6,31,4)([41]2,30,3)([42]31,25,3)([43]18,42,6)([44]3,38,1)([45]14,8,4)([46]24,42,3)([47]31,38,7)([48]11,40,4)([49]10,14,6)([50]9,10,3)([51]1,17,1)([52]47,30,3)([53]36,34,0)([54]43,52,4)([55]52,19,5)([56]27,2,5)([57]48,37,6)([58]37,19,0)([59]47,42,7)([60]22,47,5)([61]36,54,3)([62]5,10,4)([63]21,29,0)([64]57,54,5)([65]14,31,0)([66]19,50,4)([67]46,61,3)([68]65,8,6)([69]33,64,1)([70]64,66,3)([71]67,70,5)([72]1,69,7)([73]37,60,0)([74]52,71,7)([75]41,70,2)([76]49,35,6)([77]68,24,0)([78]44,77,3)([79]23,68,7)([80]27,5,3)([81]55,56,6)([82]4,5,4)([83]28,75,3)([84]5,77,7)([85]43,14,6)([86]23,12,0)(74)
optimized area: 126.96
time: 1304076 ms
seed: 1636265510
{7,1,80,1,2,1,8}([7]6,1,7)([8]2,3,5)([9]7,3,5)([10]2,6,4)([11]1,7,5)([12]5,3,4)([13]8,0,7)([14]1,7,0)([15]9,11,4)([16]5,15,6)([17]5,3,1)([18]10,13,1)([19]4,1,7)([20]19,2,4)([21]10,9,3)([22]19,15,6)([23]15,3,7)([24]23,18,0)([25]2,12,2)([26]24,10,4)([27]20,23,4)([28]13,16,7)([29]2,5,3)([30]27,22,2)([31]22,1,2)([32]10,8,5)([33]25,32,3)([34]21,28,2)([35]34,29,4)([36]10,5,3)([37]22,25,6)([38]27,37,1)([39]4,26,4)([40]35,4,7)([41]3,40,2)([42]31,37,3)([43]2,17,5)([44]36,39,3)([45]23,1,7)([46]21,25,4)([47]17,16,3)([48]44,16,5)([49]17,47,7)([50]34,41,4)([51]3,37,4)([52]4,13,6)([53]39,42,6)([54]20,53,7)([55]41,53,4)([56]53,40,7)([57]50,51,4)([58]35,30,3)([59]23,33,6)([60]37,8,6)([61]55,36,5)([62]60,34,3)([63]6,61,7)([64]9,39,3)([65]63,48,7)([66]14,4,4)([67]16,23,1)([68]33,50,5)([69]58,65,2)([70]53,50,5)([71]54,23,0)([72]59,26,0)([73]51,3,7)([74]50,19,7)([75]11,10,7)([76]4,39,3)([77]31,10,4)([78]41,18,2)([79]51,15,4)([80]40,76,6)([81]61,50,2)([82]58,31,0)([83]69,75,7)([84]55,53,5)([85]9,50,4)([86]2,28,3)(83)
evaluations: 28368583
first invidual area: 135.90
{7,1,80,1,2,1,8}([7]1,6,7)([8]3,2,5)([9]3,7,5)([10]2,6,4)([11]1,6,5)([12]10,4,6)([13]0,8,7)([14]4,1,7)([15]9,11,4)([16]5,15,6)([17]5,10,5)([18]10,11,7)([19]5,8,7)([20]9,10,3)([21]19,2,2)([22]14,15,6)([23]2,3,7)([24]3,9,5)([25]23,22,2)([26]4,18,7)([27]5,10,3)([28]1,22,2)([29]13,16,7)([30]5,25,3)([31]22,26,5)([32]2,5,6)([33]21,13,4)([34]20,29,5)([35]34,32,4)([36]33,35,4)([37]22,21,6)([38]24,10,2)([39]26,24,7)([40]4,35,7)([41]3,40,5)([42]28,39,3)([43]26,3,1)([44]39,10,3)([45]21,24,6)([46]36,5,5)([47]44,16,5)([48]16,39,3)([49]25,35,3)([50]26,44,7)([51]21,44,7)([52]7,26,0)([53]37,42,3)([54]31,24,2)([55]41,53,4)([56]17,27,6)([57]6,29,2)([58]26,10,5)([59]8,18,5)([60]24,33,5)([61]55,27,5)([62]35,37,1)([63]6,61,7)([64]8,35,1)([65]63,47,7)([66]55,25,3)([67]10,41,0)([68]57,58,6)([69]49,65,5)([70]40,0,7)([71]63,10,0)([72]67,3,0)([73]46,29,4)([74]30,17,1)([75]43,6,5)([76]16,28,1)([77]11,39,2)([78]71,10,4)([79]23,55,6)([80]74,12,5)([81]45,66,1)([82]0,22,7)([83]69,18,4)([84]8,42,2)([85]20,19,0)([86]53,22,0)(83)
optimized area: 126.98
time: 1191018 ms
seed: 1636282135
{7,1,80,1,2,1,8}([7]2,1,2)([8]0,3,6)([9]0,5,5)([10]4,1,3)([11]4,10,5)([12]7,0,2)([13]1,2,4)([14]13,12,4)([15]2,3,4)([16]1,11,3)([17]9,6,2)([18]1,5,4)([19]14,2,1)([20]2,10,2)([21]19,9,7)([22]6,8,7)([23]4,18,2)([24]6,11,4)([25]21,17,4)([26]4,2,3)([27]11,9,4)([28]5,0,6)([29]23,7,4)([30]10,15,7)([31]2,13,3)([32]16,3,5)([33]21,22,2)([34]33,13,1)([35]33,13,5)([36]2,23,6)([37]6,19,3)([38]28,36,6)([39]4,15,4)([40]6,32,7)([41]4,26,2)([42]29,24,4)([43]5,20,6)([44]20,32,4)([45]27,22,2)([46]30,29,1)([47]9,7,1)([48]18,45,5)([49]40,37,5)([50]22,42,2)([51]22,17,3)([52]25,7,3)([53]28,38,4)([54]52,30,7)([55]49,5,0)([56]47,50,4)([57]56,54,2)([58]6,21,5)([59]55,42,7)([60]53,46,2)([61]38,55,5)([62]54,52,6)([63]45,25,7)([64]57,60,3)([65]36,45,2)([66]43,25,7)([67]39,48,4)([68]61,58,2)([69]63,58,5)([70]20,52,5)([71]56,17,2)([72]69,70,3)([73]26,69,1)([74]38,26,4)([75]45,58,0)([76]19,41,4)([77]29,42,2)([78]2,54,3)([79]48,12,5)([80]42,26,4)([81]64,67,2)([82]68,81,4)([83]25,22,4)([84]16,28,3)([85]33,37,2)([86]12,27,7)(82)
evaluations: 24575053
first invidual area: 150.86
{7,1,80,1,2,1,8}([7]0,1,2)([8]3,0,6)([9]0,5,5)([10]4,1,6)([11]2,1,4)([12]8,6,4)([13]11,11,3)([14]7,13,6)([15]2,3,4)([16]15,4,4)([17]13,1,3)([18]5,1,4)([19]4,18,2)([20]2,5,3)([21]9,14,7)([22]8,6,7)([23]1,10,3)([24]6,21,5)([25]13,22,3)([26]2,19,6)([27]9,4,7)([28]0,5,6)([29]28,13,0)([30]15,10,6)([31]13,21,0)([32]21,10,5)([33]6,14,3)([34]13,29,0)([35]13,11,7)([36]3,23,5)([37]22,27,2)([38]26,28,6)([39]32,18,6)([40]4,38,0)([41]19,38,2)([42]16,15,6)([43]3,3,7)([44]6,36,7)([45]27,44,7)([46]0,24,4)([47]33,44,5)([48]46,40,5)([49]44,27,7)([50]22,49,5)([51]23,31,5)([52]8,30,3)([53]29,38,3)([54]52,21,7)([55]9,29,2)([56]9,50,7)([57]56,54,6)([58]22,52,7)([59]57,12,6)([60]53,30,2)([61]22,33,0)([62]58,33,6)([63]18,37,5)([64]1,15,3)([65]47,38,5)([66]43,35,6)([67]16,63,4)([68]47,51,0)([69]24,65,5)([70]12,33,2)([71]34,14,7)([72]62,4,6)([73]0,26,7)([74]57,60,3)([75]74,33,5)([76]44,9,0)([77]8,17,3)([78]58,10,4)([79]6,64,0)([80]79,15,5)([81]74,67,5)([82]69,81,4)([83]68,56,4)([84]81,41,1)([85]62,40,0)([86]20,63,7)(82)
optimized area: 117.58
time: 1172162 ms
seed: 1636298492
{7,1,80,1,2,1,8}([7]6,1,6)([8]4,6,7)([9]5,0,2)([10]0,7,2)([11]5,6,6)([12]11,9,3)([13]3,7,6)([14]9,2,4)([15]1,12,7)([16]15,0,7)([17]2,16,7)([18]1,3,7)([19]9,7,2)([20]8,11,6)([21]13,2,6)([22]19,17,7)([23]20,16,3)([24]15,6,2)([25]15,3,2)([26]12,16,5)([27]23,21,0)([28]5,18,6)([29]17,25,3)([30]4,21,6)([31]26,20,4)([32]5,3,7)([33]0,24,4)([34]9,15,2)([35]22,27,4)([36]24,32,6)([37]29,4,5)([38]31,28,4)([39]22,38,4)([40]14,15,7)([41]16,38,6)([42]27,30,5)([43]2,24,7)([44]38,22,0)([45]40,29,1)([46]45,17,5)([47]44,22,0)([48]5,36,7)([49]46,38,5)([50]35,16,3)([51]31,48,2)([52]49,35,3)([53]42,51,4)([54]53,37,4)([55]20,36,2)([56]19,3,4)([57]52,31,4)([58]23,26,7)([59]14,37,0)([60]59,25,0)([61]42,20,5)([62]3,24,0)([63]49,50,0)([64]13,57,4)([65]21,1,5)([66]54,64,2)([67]53,41,1)([68]66,43,4)([69]52,52,7)([70]20,8,7)([71]40,2,7)([72]35,62,3)([73]45,55,5)([74]0,54,4)([75]10,11,0)([76]62,8,0)([77]74,44,2)([78]64,28,4)([79]22,40,4)([80]32,3,0)([81]16,66,0)([82]79,39,3)([83]26,53,2)([84]37,64,4)([85]22,49,5)([86]37,35,3)(68)
evaluations: 29304904
first invidual area: 141.98
{7,1,80,1,2,1,8}([7]3,5,7)([8]1,6,6)([9]0,5,2)([10]1,3,7)([11]6,5,6)([12]11,9,3)([13]8,3,6)([14]6,4,7)([15]12,1,7)([16]0,15,7)([17]16,2,7)([18]8,9,2)([19]3,13,7)([20]14,11,6)([21]2,13,6)([22]18,17,6)([23]16,20,3)([24]6,15,2)([25]15,3,2)([26]12,16,5)([27]6,22,2)([28]10,5,3)([29]17,25,3)([30]4,21,6)([31]26,20,4)([32]10,8,4)([33]23,22,4)([34]2,24,6)([35]23,17,7)([36]24,7,3)([37]4,29,5)([38]31,28,7)([39]35,29,6)([40]36,8,0)([41]25,12,4)([42]23,30,5)([43]5,40,4)([44]1,34,0)([45]5,25,3)([46]45,17,5)([47]1,8,6)([48]16,21,3)([49]46,38,5)([50]35,35,4)([51]31,43,5)([52]49,33,3)([53]42,51,7)([54]53,37,4)([55]17,2,4)([56]22,36,0)([57]52,13,7)([58]24,2,4)([59]17,26,7)([60]51,53,4)([61]55,2,5)([62]8,43,0)([63]17,59,6)([64]31,57,7)([65]22,16,2)([66]54,64,5)([67]59,15,1)([68]0,16,7)([69]66,58,4)([70]23,28,6)([71]11,25,0)([72]69,22,0)([73]67,6,5)([74]65,31,3)([75]40,25,2)([76]28,17,3)([77]41,68,3)([78]63,77,3)([79]35,25,3)([80]77,59,0)([81]0,70,0)([82]44,17,3)([83]75,38,1)([84]80,50,3)([85]4,18,3)([86]19,62,5)(72)
optimized area: 130.25
time: 1219081 ms
seed: 1636314951
NOT FOUND
time: 1054375 ms
seed: 1636331158
NOT FOUND
time: 1073422 ms
