seed: 1634022452
NOT FOUND
time: 535094 ms
seed: 1634071275
NOT FOUND
time: 531085 ms
seed: 1634232839
{7,1,80,1,2,1,8}([7]4,0,2)([8]2,7,4)([9]1,3,4)([10]4,5,7)([11]9,0,3)([12]6,10,0)([13]10,1,5)([14]12,9,5)([15]8,12,4)([16]13,5,5)([17]15,7,6)([18]11,3,7)([19]12,3,6)([20]12,8,2)([21]18,20,4)([22]13,10,7)([23]22,4,3)([24]18,23,4)([25]6,24,6)([26]2,9,2)([27]14,0,7)([28]17,19,3)([29]21,16,7)([30]24,8,1)([31]27,30,5)([32]0,0,3)([33]13,7,3)([34]13,19,0)([35]27,28,3)([36]35,31,2)([37]10,28,5)([38]9,16,5)([39]12,34,6)([40]27,33,1)([41]17,38,7)([42]36,25,4)([43]30,17,3)([44]8,30,7)([45]37,19,2)([46]36,44,4)([47]2,45,5)([48]13,24,2)([49]42,21,6)([50]8,28,2)([51]37,24,1)([52]44,39,5)([53]29,46,6)([54]2,52,6)([55]6,2,2)([56]41,4,7)([57]43,4,2)([58]25,6,2)([59]29,13,5)([60]25,17,2)([61]21,12,2)([62]41,2,2)([63]55,61,0)([64]58,62,4)([65]30,42,6)([66]40,13,1)([67]37,54,7)([68]65,65,1)([69]67,53,6)([70]69,13,4)([71]54,20,1)([72]49,56,2)([73]69,72,7)([74]41,8,7)([75]4,26,4)([76]0,38,7)([77]0,24,3)([78]29,53,6)([79]44,71,3)([80]29,9,6)([81]75,37,4)([82]50,9,7)([83]54,9,4)([84]73,22,2)([85]54,55,5)([86]56,23,7)(73)
evaluations: 37639313
first invidual area: 131.66
{7,1,80,1,2,1,8}([7]0,4,2)([8]2,7,4)([9]3,1,4)([10]4,5,7)([11]0,9,3)([12]8,6,4)([13]10,1,5)([14]5,1,6)([15]9,6,5)([16]5,13,5)([17]12,7,6)([18]3,11,7)([19]6,3,6)([20]6,8,5)([21]18,20,7)([22]21,6,0)([23]14,4,3)([24]18,23,4)([25]6,24,6)([26]6,20,5)([27]15,0,7)([28]17,19,3)([29]21,16,7)([30]24,27,1)([31]27,30,5)([32]25,31,3)([33]16,22,1)([34]6,21,2)([35]27,28,3)([36]31,35,2)([37]10,28,5)([38]9,16,5)([39]18,14,4)([40]6,13,6)([41]12,9,2)([42]36,25,4)([43]17,38,7)([44]36,24,4)([45]17,2,2)([46]8,44,4)([47]33,18,2)([48]14,6,4)([49]42,21,6)([50]13,2,1)([51]31,9,7)([52]40,29,5)([53]29,46,6)([54]2,52,6)([55]4,43,7)([56]23,36,7)([57]43,47,0)([58]2,24,6)([59]58,9,1)([60]0,13,3)([61]42,27,2)([62]9,36,1)([63]22,49,3)([64]16,42,2)([65]36,18,2)([66]49,3,5)([67]37,54,7)([68]67,53,3)([69]18,47,7)([70]61,1,6)([71]61,5,0)([72]49,55,5)([73]68,72,7)([74]18,23,4)([75]5,44,5)([76]43,11,5)([77]45,67,2)([78]44,60,6)([79]69,53,3)([80]12,16,3)([81]55,68,6)([82]17,18,7)([83]39,33,0)([84]24,14,5)([85]22,84,0)([86]46,38,6)(73)
optimized area: 128.37
time: 570495 ms
seed: 1634370365
{7,1,80,1,2,1,8}([7]3,1,4)([8]4,5,7)([9]5,6,7)([10]4,2,6)([11]10,7,5)([12]10,3,4)([13]11,9,4)([14]6,2,7)([15]0,6,7)([16]14,9,2)([17]16,8,3)([18]1,12,7)([19]15,18,3)([20]18,14,6)([21]17,19,4)([22]21,7,6)([23]9,0,5)([24]21,22,3)([25]17,11,5)([26]14,21,7)([27]3,23,4)([28]27,25,2)([29]15,22,5)([30]28,22,4)([31]13,17,6)([32]12,1,5)([33]31,24,6)([34]20,17,5)([35]0,24,3)([36]29,23,5)([37]27,35,7)([38]34,8,7)([39]37,5,5)([40]7,23,0)([41]30,26,3)([42]41,39,5)([43]5,5,4)([44]4,36,5)([45]3,31,7)([46]4,35,5)([47]26,44,2)([48]42,1,4)([49]45,38,7)([50]17,5,4)([51]1,42,5)([52]19,12,2)([53]8,10,5)([54]5,40,6)([55]51,47,4)([56]8,29,6)([57]22,27,6)([58]49,37,5)([59]6,57,7)([60]58,32,1)([61]24,9,7)([62]25,27,2)([63]18,38,4)([64]27,6,7)([65]62,43,7)([66]58,55,2)([67]39,44,1)([68]67,41,4)([69]50,53,5)([70]60,63,6)([71]11,61,7)([72]66,45,4)([73]5,8,3)([74]21,8,0)([75]62,69,6)([76]72,21,2)([77]46,33,1)([78]71,43,3)([79]76,45,3)([80]13,76,7)([81]72,11,1)([82]17,0,7)([83]1,72,7)([84]74,28,7)([85]63,10,5)([86]73,50,3)(72)
evaluations: 26499107
first invidual area: 135.41
{7,1,80,1,2,1,8}([7]1,3,4)([8]5,4,7)([9]6,5,7)([10]2,4,6)([11]7,10,5)([12]5,9,0)([13]11,9,4)([14]2,6,7)([15]0,6,7)([16]9,14,2)([17]16,8,3)([18]7,10,7)([19]18,15,3)([20]10,1,0)([21]17,19,4)([22]7,21,6)([23]0,9,5)([24]21,22,3)([25]17,11,5)([26]21,14,7)([27]3,23,4)([28]27,25,2)([29]23,10,4)([30]28,22,3)([31]30,26,3)([32]0,24,3)([33]27,0,7)([34]22,14,3)([35]12,15,5)([36]12,27,5)([37]33,32,1)([38]34,8,5)([39]23,23,2)([40]25,13,7)([41]35,23,5)([42]31,36,5)([43]17,13,6)([44]4,41,5)([45]3,43,7)([46]40,14,4)([47]26,44,5)([48]32,27,7)([49]45,38,4)([50]1,41,0)([51]42,50,5)([52]28,37,5)([53]3,43,2)([54]30,5,4)([55]51,47,7)([56]17,14,1)([57]37,8,6)([58]49,48,5)([59]15,2,6)([60]42,43,2)([61]54,41,1)([62]41,55,7)([63]30,28,0)([64]21,0,3)([65]16,39,1)([66]58,55,5)([67]41,52,4)([68]3,47,6)([69]66,16,0)([70]50,32,7)([71]13,11,6)([72]69,45,7)([73]51,58,3)([74]21,18,1)([75]46,61,2)([76]29,56,6)([77]70,46,0)([78]7,35,2)([79]61,36,5)([80]17,3,2)([81]53,56,3)([82]75,76,7)([83]57,14,5)([84]74,60,5)([85]10,18,7)([86]2,42,0)(72)
optimized area: 122.74
time: 620722 ms
seed: 1634419369
NOT FOUND
time: 536061 ms
seed: 1634627695
{7,1,80,1,2,1,8}([7]3,3,7)([8]0,7,3)([9]5,3,5)([10]7,7,2)([11]6,4,2)([12]10,10,6)([13]5,9,0)([14]0,2,4)([15]11,3,7)([16]5,4,7)([17]1,15,3)([18]2,17,4)([19]2,6,6)([20]6,18,7)([21]16,9,5)([22]5,2,2)([23]17,5,6)([24]4,5,3)([25]18,15,0)([26]18,13,7)([27]25,15,7)([28]6,1,7)([29]16,14,6)([30]14,18,5)([31]7,28,4)([32]15,4,3)([33]11,0,4)([34]0,5,1)([35]28,33,3)([36]26,22,3)([37]21,25,4)([38]14,1,5)([39]16,38,3)([40]1,12,7)([41]39,20,2)([42]30,19,7)([43]3,29,7)([44]23,0,4)([45]44,27,3)([46]15,42,6)([47]46,13,7)([48]44,24,5)([49]35,10,2)([50]42,0,7)([51]49,36,3)([52]30,47,7)([53]47,32,5)([54]16,51,4)([55]2,41,2)([56]5,29,3)([57]52,40,6)([58]43,1,0)([59]56,11,3)([60]40,47,6)([61]48,57,4)([62]16,27,2)([63]28,17,0)([64]43,40,1)([65]16,47,6)([66]55,59,2)([67]61,64,2)([68]66,53,4)([69]5,16,2)([70]45,10,2)([71]35,27,3)([72]20,67,4)([73]72,68,2)([74]54,73,7)([75]37,56,6)([76]48,75,4)([77]35,5,4)([78]73,16,7)([79]24,25,5)([80]32,14,0)([81]17,29,4)([82]65,12,3)([83]11,32,7)([84]40,16,7)([85]9,19,2)([86]9,22,0)(74)
evaluations: 16611045
first invidual area: 156.50
{7,1,80,1,2,1,8}([7]2,6,7)([8]2,4,0)([9]6,1,4)([10]7,7,4)([11]4,6,2)([12]3,7,1)([13]5,10,0)([14]0,8,4)([15]11,3,7)([16]5,4,7)([17]1,15,3)([18]2,17,4)([19]17,5,6)([20]6,18,7)([21]14,16,6)([22]9,10,0)([23]11,0,7)([24]4,15,3)([25]17,2,2)([26]17,21,7)([27]23,2,5)([28]4,13,3)([29]3,6,1)([30]18,14,5)([31]2,6,3)([32]31,25,2)([33]31,30,4)([34]5,18,7)([35]22,23,5)([36]25,34,3)([37]1,26,4)([38]35,4,3)([39]6,33,2)([40]28,29,0)([41]20,38,2)([42]19,0,3)([43]15,23,7)([44]3,19,5)([45]3,21,4)([46]15,33,6)([47]46,5,7)([48]42,28,2)([49]4,40,5)([50]14,18,4)([51]35,36,6)([52]30,47,4)([53]47,24,5)([54]26,24,3)([55]39,47,3)([56]24,49,2)([57]52,1,5)([58]55,22,2)([59]48,13,3)([60]8,41,2)([61]57,48,4)([62]2,51,7)([63]27,30,4)([64]51,16,4)([65]20,48,7)([66]60,59,5)([67]36,63,2)([68]66,53,7)([69]0,53,2)([70]61,45,5)([71]20,70,7)([72]44,42,4)([73]71,68,5)([74]64,73,7)([75]6,24,3)([76]11,59,6)([77]58,7,0)([78]70,50,7)([79]4,50,2)([80]60,40,0)([81]6,40,7)([82]51,63,4)([83]10,34,0)([84]83,79,7)([85]20,20,7)([86]45,68,4)(74)
optimized area: 132.60
time: 638251 ms
seed: 1635154719
{7,1,80,1,2,1,8}([7]0,4,7)([8]6,0,4)([9]7,2,4)([10]9,0,2)([11]4,3,7)([12]0,2,6)([13]9,11,3)([14]10,4,4)([15]9,8,3)([16]8,14,3)([17]10,1,7)([18]3,5,2)([19]16,13,1)([20]16,5,5)([21]20,13,2)([22]12,3,7)([23]2,20,4)([24]2,21,3)([25]16,0,4)([26]24,7,4)([27]17,25,4)([28]12,15,4)([29]22,26,7)([30]3,9,3)([31]7,23,6)([32]8,18,6)([33]6,8,6)([34]21,4,7)([35]17,14,2)([36]11,8,2)([37]27,5,2)([38]34,35,2)([39]22,27,3)([40]1,13,5)([41]28,21,7)([42]34,26,3)([43]38,3,7)([44]31,39,3)([45]32,11,4)([46]45,43,3)([47]30,38,4)([48]15,16,3)([49]34,46,4)([50]5,33,6)([51]17,43,2)([52]37,9,4)([53]29,28,6)([54]49,44,2)([55]13,36,5)([56]34,32,4)([57]38,55,6)([58]41,46,1)([59]12,35,7)([60]43,49,2)([61]21,53,6)([62]45,57,7)([63]53,37,5)([64]12,25,3)([65]27,33,6)([66]62,4,4)([67]58,38,3)([68]2,6,5)([69]61,47,0)([70]63,54,7)([71]31,13,3)([72]71,55,4)([73]28,1,4)([74]65,27,3)([75]59,44,5)([76]36,38,3)([77]22,24,1)([78]55,3,7)([79]6,8,6)([80]74,60,2)([81]18,17,2)([82]9,39,4)([83]34,69,5)([84]5,75,1)([85]81,25,7)([86]81,33,0)(70)
evaluations: 9118346
first invidual area: 130.28
{7,1,80,1,2,1,8}([7]0,4,7)([8]0,6,4)([9]7,2,4)([10]0,9,2)([11]3,5,2)([12]0,2,6)([13]4,3,7)([14]10,4,4)([15]13,9,3)([16]14,8,3)([17]1,10,7)([18]0,16,4)([19]8,9,3)([20]5,16,5)([21]20,15,2)([22]3,12,7)([23]8,11,6)([24]21,9,6)([25]20,24,7)([26]24,17,3)([27]17,18,4)([28]15,20,0)([29]7,25,6)([30]0,28,4)([31]27,9,4)([32]28,10,4)([33]12,19,4)([34]21,4,7)([35]17,34,2)([36]28,15,7)([37]13,23,4)([38]35,14,5)([39]16,6,7)([40]16,6,6)([41]36,4,7)([42]27,29,3)([43]0,42,6)([44]38,3,4)([45]26,19,2)([46]25,16,3)([47]22,26,4)([48]4,38,0)([49]47,33,6)([50]32,41,6)([51]48,30,7)([52]2,6,0)([53]37,44,6)([54]32,31,6)([55]4,30,2)([56]22,42,3)([57]49,38,6)([58]22,0,0)([59]53,34,7)([60]14,53,5)([61]5,18,0)([62]14,48,1)([63]30,25,1)([64]48,38,4)([65]46,17,2)([66]49,9,0)([67]49,61,2)([68]67,27,5)([69]61,47,4)([70]35,53,4)([71]57,47,4)([72]56,29,7)([73]18,0,0)([74]54,20,1)([75]2,44,2)([76]59,56,5)([77]28,33,3)([78]49,72,3)([79]8,42,5)([80]9,2,2)([81]64,23,7)([82]68,76,4)([83]36,78,3)([84]27,6,2)([85]63,69,5)([86]44,25,2)(82)
optimized area: 126.99
time: 654783 ms
seed: 1635203840
{7,1,80,1,2,1,8}([7]6,2,3)([8]0,2,4)([9]2,3,2)([10]1,8,4)([11]6,0,7)([12]11,7,5)([13]4,3,3)([14]8,5,3)([15]5,9,6)([16]4,2,7)([17]9,1,6)([18]10,3,5)([19]14,13,2)([20]10,11,4)([21]17,20,5)([22]8,14,5)([23]12,18,4)([24]0,20,3)([25]16,19,3)([26]8,11,3)([27]19,7,4)([28]23,16,2)([29]28,8,2)([30]24,12,2)([31]5,17,3)([32]14,19,7)([33]27,7,0)([34]29,0,7)([35]0,28,2)([36]6,5,2)([37]36,23,3)([38]34,22,5)([39]19,18,5)([40]25,27,0)([41]20,20,4)([42]16,19,1)([43]31,34,2)([44]38,24,4)([45]16,33,3)([46]10,14,1)([47]1,18,2)([48]5,2,5)([49]21,46,1)([50]33,47,4)([51]15,21,6)([52]37,33,3)([53]51,30,3)([54]2,24,2)([55]49,49,3)([56]39,15,7)([57]16,24,7)([58]37,53,7)([59]45,58,4)([60]45,19,1)([61]21,52,5)([62]53,40,3)([63]1,37,7)([64]43,57,2)([65]7,12,5)([66]33,61,3)([67]62,64,7)([68]16,45,0)([69]68,4,4)([70]64,1,1)([71]12,47,3)([72]61,18,2)([73]42,50,2)([74]46,59,3)([75]56,59,2)([76]75,67,3)([77]42,38,1)([78]1,57,7)([79]77,48,6)([80]23,38,4)([81]6,35,7)([82]81,3,3)([83]25,16,5)([84]40,57,6)([85]41,45,3)([86]70,71,0)(76)
evaluations: 20360726
first invidual area: 122.27
{7,1,80,1,2,1,8}([7]2,6,3)([8]0,2,4)([9]2,3,2)([10]8,1,4)([11]6,0,7)([12]11,7,5)([13]4,3,3)([14]5,8,3)([15]9,5,6)([16]2,4,7)([17]9,1,6)([18]10,3,5)([19]14,13,2)([20]11,10,4)([21]20,17,5)([22]5,6,2)([23]18,12,4)([24]0,20,3)([25]15,21,6)([26]23,8,2)([27]16,21,0)([28]5,17,3)([29]27,27,1)([30]24,26,5)([31]2,3,5)([32]30,0,4)([33]7,19,4)([34]16,19,3)([35]28,32,2)([36]3,24,3)([37]33,6,0)([38]28,16,6)([39]19,18,5)([40]22,8,3)([41]18,0,5)([42]3,21,1)([43]33,1,2)([44]37,27,6)([45]10,4,1)([46]24,12,2)([47]44,40,7)([48]28,14,6)([49]23,22,6)([50]26,37,7)([51]36,37,6)([52]5,29,0)([53]25,46,3)([54]45,28,2)([55]15,39,7)([56]24,27,7)([57]42,7,3)([58]49,53,7)([59]44,58,4)([60]40,33,6)([61]38,18,2)([62]53,34,6)([63]15,13,0)([64]35,56,5)([65]36,2,2)([66]24,42,7)([67]62,64,7)([68]5,29,7)([69]32,68,5)([70]69,33,4)([71]19,26,2)([72]65,33,1)([73]38,63,4)([74]61,42,6)([75]55,59,2)([76]67,75,3)([77]8,73,2)([78]72,50,4)([79]75,14,1)([80]57,53,7)([81]22,69,7)([82]33,33,5)([83]19,19,2)([84]77,10,7)([85]10,53,6)([86]63,58,0)(76)
optimized area: 121.33
time: 615788 ms
seed: 1635382161
NOT FOUND
time: 989445 ms
seed: 1635634543
{7,1,80,1,2,1,8}([7]5,1,3)([8]4,2,4)([9]6,3,4)([10]2,3,7)([11]9,6,0)([12]1,5,1)([13]8,5,7)([14]7,2,5)([15]6,0,4)([16]13,2,4)([17]6,8,6)([18]12,9,7)([19]12,0,6)([20]19,15,4)([21]8,20,6)([22]0,7,6)([23]18,21,4)([24]17,6,7)([25]0,3,5)([26]8,19,6)([27]6,24,3)([28]15,22,7)([29]21,15,2)([30]21,24,4)([31]10,19,7)([32]10,26,3)([33]15,2,3)([34]24,31,7)([35]30,30,1)([36]34,33,5)([37]32,14,6)([38]2,28,3)([39]23,33,5)([40]37,28,6)([41]34,7,0)([42]14,39,4)([43]19,29,2)([44]40,42,6)([45]32,38,4)([46]21,18,4)([47]46,30,4)([48]7,26,0)([49]30,44,7)([50]15,33,1)([51]49,36,5)([52]9,47,6)([53]43,5,2)([54]22,16,0)([55]16,52,6)([56]16,45,5)([57]19,12,3)([58]16,25,3)([59]53,51,4)([60]13,7,6)([61]22,20,4)([62]18,39,2)([63]6,26,6)([64]27,61,6)([65]58,1,7)([66]46,6,0)([67]64,25,4)([68]55,25,3)([69]4,11,0)([70]30,11,6)([71]10,15,7)([72]13,18,6)([73]27,30,0)([74]11,23,0)([75]42,68,6)([76]12,51,5)([77]54,14,7)([78]59,56,5)([79]23,24,5)([80]23,52,2)([81]78,75,4)([82]15,66,4)([83]67,40,0)([84]60,53,4)([85]72,46,7)([86]14,34,5)(81)
evaluations: 24617052
first invidual area: 157.44
{7,1,80,1,2,1,8}([7]5,1,3)([8]4,2,4)([9]3,6,4)([10]2,3,7)([11]1,9,4)([12]8,4,1)([13]1,4,1)([14]2,7,5)([15]0,6,4)([16]5,4,7)([17]8,1,6)([18]3,0,5)([19]13,0,6)([20]15,19,4)([21]8,20,6)([22]20,1,6)([23]11,21,4)([24]12,6,6)([25]15,0,0)([26]0,7,3)([27]3,4,6)([28]26,25,4)([29]24,21,6)([30]10,19,7)([31]18,17,4)([32]17,10,6)([33]25,2,3)([34]30,24,7)([35]21,19,2)([36]28,31,0)([37]14,22,0)([38]28,2,3)([39]34,33,5)([40]27,28,6)([41]23,33,5)([42]41,14,4)([43]4,38,1)([44]40,42,3)([45]9,28,4)([46]32,38,7)([47]13,9,5)([48]29,16,5)([49]44,29,7)([50]23,45,4)([51]49,39,2)([52]37,40,4)([53]35,5,2)([54]13,40,0)([55]13,34,6)([56]16,46,5)([57]26,29,6)([58]26,14,6)([59]53,51,6)([60]53,47,3)([61]44,47,4)([62]46,5,3)([63]4,51,1)([64]41,6,7)([65]43,16,5)([66]16,22,6)([67]42,48,3)([68]66,18,3)([69]63,18,1)([70]30,49,0)([71]26,32,4)([72]59,64,2)([73]53,28,2)([74]66,9,4)([75]42,68,3)([76]49,75,0)([77]60,49,2)([78]59,56,5)([79]59,74,5)([80]50,76,5)([81]78,75,7)([82]74,59,7)([83]28,40,3)([84]57,72,6)([85]18,75,4)([86]28,78,4)(81)
optimized area: 133.51
time: 1230698 ms
seed: 1635682264
{7,1,80,1,2,1,8}([7]3,4,4)([8]2,6,3)([9]4,2,4)([10]4,1,2)([11]0,9,3)([12]7,10,6)([13]8,5,2)([14]6,0,5)([15]13,4,6)([16]14,10,3)([17]1,16,4)([18]5,6,1)([19]16,7,0)([20]13,5,7)([21]5,1,3)([22]1,20,1)([23]5,12,4)([24]9,17,7)([25]9,15,4)([26]24,12,2)([27]25,18,4)([28]24,26,2)([29]16,21,2)([30]3,12,4)([31]11,21,1)([32]27,7,5)([33]22,32,6)([34]32,15,7)([35]21,6,3)([36]13,11,4)([37]25,29,6)([38]33,26,6)([39]37,0,2)([40]23,19,6)([41]29,29,6)([42]14,26,3)([43]4,22,6)([44]29,39,0)([45]38,6,7)([46]36,23,2)([47]30,28,7)([48]2,47,2)([49]48,0,4)([50]45,30,2)([51]49,50,6)([52]51,46,3)([53]42,18,7)([54]44,2,3)([55]52,49,1)([56]52,51,0)([57]5,30,5)([58]37,35,7)([59]23,0,6)([60]34,1,6)([61]26,47,1)([62]60,53,5)([63]31,31,6)([64]22,2,5)([65]56,58,3)([66]57,1,5)([67]62,65,2)([68]40,4,4)([69]31,26,1)([70]2,60,0)([71]33,56,2)([72]25,32,0)([73]2,13,7)([74]35,16,1)([75]35,20,2)([76]56,63,7)([77]46,62,4)([78]46,32,0)([79]15,41,3)([80]46,1,1)([81]3,57,6)([82]45,64,3)([83]0,74,1)([84]68,71,6)([85]75,35,1)([86]18,18,0)(67)
evaluations: 42919496
first invidual area: 134.92
{7,1,80,1,2,1,8}([7]3,4,4)([8]6,2,3)([9]4,2,4)([10]3,7,5)([11]1,4,2)([12]7,11,6)([13]8,5,2)([14]6,0,5)([15]4,13,6)([16]14,11,3)([17]1,0,7)([18]15,4,0)([19]5,1,3)([20]5,12,4)([21]12,4,4)([22]21,14,0)([23]16,18,0)([24]9,17,7)([25]9,15,4)([26]24,12,2)([27]20,25,7)([28]19,9,0)([29]23,19,2)([30]3,12,4)([31]9,0,3)([32]27,7,5)([33]17,32,6)([34]32,15,7)([35]14,20,6)([36]13,31,4)([37]5,18,5)([38]33,26,6)([39]30,33,0)([40]6,28,6)([41]22,10,6)([42]16,26,3)([43]26,28,1)([44]29,25,3)([45]38,6,7)([46]36,20,2)([47]39,43,5)([48]2,47,5)([49]48,0,7)([50]45,39,2)([51]49,50,6)([52]51,46,3)([53]42,19,4)([54]38,27,3)([55]16,7,0)([56]52,13,1)([57]26,24,0)([58]44,40,7)([59]50,26,0)([60]34,1,6)([61]46,4,1)([62]60,53,5)([63]35,43,0)([64]35,5,0)([65]52,58,3)([66]31,19,4)([67]62,65,2)([68]23,50,5)([69]53,4,6)([70]52,25,5)([71]53,10,5)([72]47,35,7)([73]58,51,2)([74]30,72,1)([75]57,21,1)([76]64,24,7)([77]67,36,3)([78]51,25,4)([79]71,51,1)([80]14,2,0)([81]79,2,5)([82]61,19,3)([83]72,55,4)([84]59,17,2)([85]35,56,6)([86]61,67,7)(67)
optimized area: 127.89
time: 1079401 ms
seed: 1635730107
NOT FOUND
time: 1076081 ms
seed: 1635777312
NOT FOUND
time: 1072688 ms
seed: 1635824274
NOT FOUND
time: 1067609 ms
seed: 1635867387
NOT FOUND
time: 1084203 ms
seed: 1635909420
NOT FOUND
time: 1070064 ms
seed: 1635945679
NOT FOUND
time: 1064526 ms
seed: 1635981847
NOT FOUND
time: 1075437 ms
seed: 1636017731
{7,1,80,1,2,1,8}([7]5,3,7)([8]1,7,7)([9]4,5,2)([10]6,0,4)([11]10,1,4)([12]10,9,7)([13]7,1,6)([14]8,2,4)([15]8,14,4)([16]4,2,0)([17]1,14,0)([18]10,12,0)([19]14,3,3)([20]16,18,3)([21]7,20,4)([22]12,4,0)([23]16,8,7)([24]14,23,2)([25]15,17,4)([26]0,14,6)([27]21,26,6)([28]5,7,6)([29]10,28,4)([30]14,22,0)([31]11,19,5)([32]25,9,7)([33]23,9,3)([34]29,8,5)([35]12,19,5)([36]30,0,7)([37]13,21,0)([38]25,0,1)([39]30,1,4)([40]3,4,3)([41]32,0,5)([42]41,29,3)([43]12,20,7)([44]27,15,5)([45]36,40,0)([46]31,33,2)([47]42,46,4)([48]40,44,2)([49]35,47,2)([50]5,42,2)([51]2,24,7)([52]13,16,6)([53]31,40,5)([54]44,43,5)([55]4,36,7)([56]50,14,1)([57]3,33,2)([58]46,6,4)([59]53,24,4)([60]51,10,1)([61]23,10,1)([62]8,35,1)([63]4,33,4)([64]22,48,5)([65]2,12,7)([66]6,16,4)([67]49,58,3)([68]55,41,3)([69]60,49,4)([70]59,27,6)([71]42,57,1)([72]64,64,6)([73]67,70,6)([74]48,73,4)([75]57,46,0)([76]74,56,4)([77]29,7,6)([78]46,42,7)([79]37,36,4)([80]20,55,1)([81]6,1,1)([82]49,19,2)([83]36,23,5)([84]50,58,1)([85]57,36,2)([86]49,20,0)(76)
evaluations: 20023541
first invidual area: 130.26
{7,1,80,1,2,1,8}([7]3,5,7)([8]7,1,7)([9]5,4,2)([10]0,6,4)([11]0,2,7)([12]10,8,4)([13]10,9,7)([14]8,2,4)([15]1,4,3)([16]2,9,7)([17]15,10,2)([18]14,0,6)([19]3,14,3)([20]13,19,5)([21]4,20,3)([22]6,15,0)([23]4,8,7)([24]1,12,5)([25]7,21,4)([26]23,9,3)([27]25,18,6)([28]12,1,5)([29]10,1,4)([30]2,27,5)([31]29,19,5)([32]17,31,0)([33]26,31,5)([34]6,32,2)([35]18,22,1)([36]6,25,6)([37]1,16,4)([38]5,0,3)([39]17,32,3)([40]3,4,3)([41]37,0,5)([42]32,41,3)([43]23,14,5)([44]23,7,4)([45]23,5,1)([46]2,7,3)([47]6,42,4)([48]40,30,5)([49]20,47,2)([50]5,42,5)([51]36,5,3)([52]40,31,5)([53]43,35,1)([54]33,6,7)([55]47,49,6)([56]6,3,0)([57]22,51,0)([58]44,29,2)([59]43,52,7)([60]47,10,1)([61]48,57,3)([62]28,11,5)([63]49,19,3)([64]58,2,6)([65]62,12,4)([66]48,50,4)([67]49,54,3)([68]10,28,1)([69]8,6,3)([70]59,27,6)([71]52,51,4)([72]64,65,2)([73]67,70,6)([74]22,32,4)([75]16,46,5)([76]73,66,7)([77]8,7,0)([78]66,28,7)([79]13,12,4)([80]68,61,7)([81]39,68,7)([82]55,14,2)([83]23,26,6)([84]6,25,6)([85]9,53,0)([86]77,58,2)(76)
optimized area: 119.94
time: 1214776 ms
seed: 1636052510
NOT FOUND
time: 1067850 ms
seed: 1636086297
{7,1,80,1,2,1,8}([7]6,5,4)([8]0,7,2)([9]7,2,7)([10]9,1,3)([11]1,8,3)([12]11,1,6)([13]3,10,4)([14]11,9,5)([15]10,10,3)([16]14,0,6)([17]8,9,6)([18]16,5,4)([19]17,6,4)([20]7,12,2)([21]15,4,3)([22]6,13,3)([23]22,1,4)([24]2,22,6)([25]3,14,2)([26]4,10,2)([27]25,24,4)([28]14,15,2)([29]21,0,5)([30]13,26,2)([31]4,9,1)([32]4,24,7)([33]32,30,4)([34]27,1,6)([35]23,27,2)([36]3,2,2)([37]27,17,0)([38]32,29,0)([39]35,19,4)([40]30,20,2)([41]22,34,7)([42]14,29,1)([43]2,39,5)([44]43,29,7)([45]4,37,6)([46]5,19,0)([47]40,44,6)([48]18,2,0)([49]26,7,6)([50]3,38,6)([51]8,35,2)([52]50,48,6)([53]44,4,0)([54]47,52,3)([55]49,39,6)([56]37,49,7)([57]53,8,6)([58]56,40,2)([59]53,25,5)([60]55,37,3)([61]41,57,6)([62]37,34,2)([63]54,45,4)([64]37,46,5)([65]48,33,2)([66]29,32,2)([67]60,38,0)([68]65,61,3)([69]42,47,4)([70]65,18,7)([71]68,47,7)([72]35,11,6)([73]55,71,2)([74]62,41,7)([75]49,35,5)([76]21,72,3)([77]69,39,4)([78]30,56,1)([79]58,35,7)([80]73,63,7)([81]46,40,7)([82]16,50,0)([83]37,9,2)([84]2,5,3)([85]29,4,6)([86]6,66,1)(80)
evaluations: 30020507
first invidual area: 141.48
{7,1,80,1,2,1,8}([7]5,6,4)([8]7,0,2)([9]7,2,7)([10]1,9,3)([11]1,8,3)([12]8,9,6)([13]3,10,4)([14]11,9,5)([15]6,12,7)([16]14,0,6)([17]11,3,1)([18]5,16,4)([19]7,17,2)([20]11,0,2)([21]4,10,3)([22]6,13,3)([23]22,1,4)([24]2,22,6)([25]3,14,5)([26]10,4,2)([27]25,24,7)([28]27,6,0)([29]21,0,5)([30]23,28,5)([31]30,15,4)([32]4,24,7)([33]13,32,3)([34]28,1,3)([35]8,12,0)([36]26,34,2)([37]15,32,2)([38]11,21,7)([39]36,33,0)([40]21,4,7)([41]39,5,0)([42]18,33,2)([43]2,31,5)([44]43,29,7)([45]4,28,6)([46]13,19,3)([47]19,44,6)([48]7,44,6)([49]26,7,6)([50]3,45,6)([51]22,34,4)([52]50,18,6)([53]48,36,4)([54]47,52,6)([55]49,31,6)([56]49,32,7)([57]51,1,1)([58]40,51,2)([59]9,40,7)([60]57,6,4)([61]51,48,6)([62]37,9,7)([63]54,45,7)([64]50,43,2)([65]7,37,0)([66]46,28,0)([67]56,40,0)([68]42,61,3)([69]0,65,5)([70]60,29,1)([71]68,29,4)([72]26,43,2)([73]55,71,5)([74]43,6,7)([75]6,73,4)([76]4,44,2)([77]44,21,4)([78]55,47,3)([79]67,22,6)([80]73,63,4)([81]10,44,7)([82]25,69,6)([83]65,13,5)([84]20,22,2)([85]16,64,5)([86]39,57,2)(80)
optimized area: 132.10
time: 1242760 ms
seed: 1636119396
{7,1,80,1,2,1,8}([7]6,0,4)([8]0,1,2)([9]2,0,7)([10]0,5,5)([11]3,4,7)([12]11,0,7)([13]7,3,7)([14]1,2,7)([15]9,10,5)([16]14,10,4)([17]6,10,4)([18]16,8,7)([19]11,3,7)([20]7,12,6)([21]11,5,3)([22]3,17,3)([23]16,8,6)([24]6,18,4)([25]5,2,6)([26]16,3,2)([27]1,20,2)([28]22,6,5)([29]2,5,2)([30]28,21,4)([31]19,5,4)([32]12,31,5)([33]2,19,3)([34]18,9,3)([35]19,20,6)([36]27,11,0)([37]26,15,2)([38]11,36,7)([39]16,17,7)([40]20,10,5)([41]23,11,7)([42]0,37,4)([43]33,31,5)([44]19,41,5)([45]22,36,4)([46]13,0,5)([47]14,20,3)([48]32,24,3)([49]46,15,2)([50]4,46,3)([51]15,12,3)([52]39,10,6)([53]33,30,4)([54]19,17,1)([55]11,6,2)([56]43,36,3)([57]27,27,5)([58]56,53,5)([59]41,49,5)([60]59,17,6)([61]48,21,2)([62]60,35,6)([63]41,9,5)([64]32,27,1)([65]50,48,6)([66]3,21,2)([67]58,37,3)([68]63,62,7)([69]61,24,0)([70]69,43,4)([71]55,2,5)([72]8,38,4)([73]70,68,3)([74]43,40,7)([75]62,27,6)([76]34,48,1)([77]32,72,3)([78]19,60,6)([79]45,42,2)([80]50,30,0)([81]4,51,5)([82]58,77,5)([83]3,30,4)([84]19,79,4)([85]73,67,5)([86]59,44,2)(85)
evaluations: 6287396
first invidual area: 140.55
{7,1,80,1,2,1,8}([7]4,5,4)([8]1,0,5)([9]2,0,7)([10]5,0,5)([11]3,4,7)([12]11,0,7)([13]10,6,7)([14]3,0,3)([15]1,2,7)([16]15,10,4)([17]0,5,0)([18]8,16,7)([19]10,9,5)([20]13,12,6)([21]11,5,3)([22]18,16,3)([23]19,13,5)([24]19,11,5)([25]2,15,1)([26]1,20,2)([27]10,25,5)([28]14,6,5)([29]6,25,0)([30]21,28,7)([31]4,20,6)([32]5,6,5)([33]2,4,3)([34]30,23,6)([35]3,3,5)([36]22,16,1)([37]35,32,5)([38]18,6,7)([39]12,7,5)([40]30,12,3)([41]22,11,4)([42]30,18,2)([43]33,7,5)([44]43,43,6)([45]42,40,3)([46]41,34,2)([47]18,38,0)([48]39,38,3)([49]31,45,2)([50]25,3,3)([51]33,16,7)([52]43,26,3)([53]48,21,5)([54]41,30,5)([55]41,6,1)([56]47,2,0)([57]33,30,7)([58]52,57,5)([59]9,41,5)([60]15,0,4)([61]28,26,4)([62]51,39,3)([63]31,46,6)([64]22,55,7)([65]18,61,3)([66]64,3,4)([67]22,16,1)([68]59,63,7)([69]6,32,7)([70]43,53,7)([71]16,19,2)([72]53,23,2)([73]70,68,3)([74]69,70,0)([75]34,19,4)([76]71,3,2)([77]56,5,4)([78]35,74,0)([79]2,38,7)([80]76,58,3)([81]32,21,3)([82]66,8,7)([83]44,62,4)([84]80,73,5)([85]66,53,1)([86]65,79,5)(84)
optimized area: 123.67
time: 1351239 ms
seed: 1636152044
NOT FOUND
time: 1048325 ms
seed: 1636184520
{7,1,80,1,2,1,8}([7]5,6,6)([8]3,6,5)([9]5,2,4)([10]6,3,5)([11]3,0,7)([12]7,1,4)([13]4,11,5)([14]8,13,2)([15]11,2,4)([16]9,3,2)([17]16,1,4)([18]12,9,6)([19]18,4,7)([20]19,14,7)([21]3,15,4)([22]4,16,6)([23]11,14,4)([24]0,6,5)([25]13,16,4)([26]8,22,2)([27]14,18,7)([28]0,16,3)([29]18,26,6)([30]28,6,0)([31]25,3,4)([32]15,17,2)([33]32,19,0)([34]22,7,2)([35]32,29,6)([36]1,26,6)([37]36,8,6)([38]17,15,3)([39]7,1,6)([40]6,35,7)([41]21,20,7)([42]20,19,7)([43]19,15,3)([44]43,22,5)([45]43,20,7)([46]43,36,3)([47]29,29,1)([48]46,3,1)([49]45,23,6)([50]24,5,2)([51]41,25,6)([52]30,48,3)([53]25,20,1)([54]14,2,1)([55]21,20,3)([56]51,10,1)([57]2,48,7)([58]47,32,5)([59]54,26,1)([60]51,3,7)([61]45,20,6)([62]25,29,4)([63]61,50,3)([64]35,12,2)([65]36,31,4)([66]62,3,3)([67]63,26,7)([68]60,5,5)([69]52,40,3)([70]11,48,2)([71]19,7,1)([72]53,47,2)([73]47,50,6)([74]65,73,7)([75]5,58,1)([76]69,67,5)([77]54,26,2)([78]60,74,3)([79]34,68,7)([80]63,21,3)([81]34,10,4)([82]81,24,3)([83]18,30,7)([84]78,76,2)([85]9,42,5)([86]4,73,2)(84)
evaluations: 16870422
first invidual area: 141.49
{7,1,80,1,2,1,8}([7]6,2,3)([8]3,6,5)([9]5,2,4)([10]6,0,5)([11]0,3,7)([12]1,7,7)([13]4,11,5)([14]13,8,5)([15]2,11,4)([16]9,3,2)([17]16,4,6)([18]9,12,6)([19]14,4,7)([20]18,19,4)([21]14,15,3)([22]10,5,2)([23]0,15,3)([24]15,1,2)([25]16,13,7)([26]17,8,2)([27]0,10,6)([28]16,0,3)([29]8,11,1)([30]4,12,3)([31]2,16,1)([32]28,7,5)([33]32,24,7)([34]25,3,3)([35]24,25,6)([36]29,25,4)([37]1,26,6)([38]3,4,0)([39]20,15,4)([40]35,6,7)([41]0,2,5)([42]19,6,1)([43]27,5,1)([44]4,30,7)([45]11,40,1)([46]20,21,6)([47]26,7,5)([48]28,1,2)([49]25,38,5)([50]36,41,3)([51]35,39,3)([52]20,46,6)([53]32,19,4)([54]46,28,3)([55]51,51,0)([56]9,50,1)([57]39,6,2)([58]36,57,1)([59]37,33,2)([60]51,34,5)([61]12,19,4)([62]7,39,1)([63]52,22,3)([64]59,51,7)([65]37,49,7)([66]54,63,7)([67]17,63,7)([68]15,61,3)([69]40,54,3)([70]13,8,1)([71]44,53,4)([72]22,56,6)([73]65,54,5)([74]65,72,7)([75]18,37,0)([76]69,67,5)([77]28,67,4)([78]60,74,3)([79]34,21,5)([80]59,37,3)([81]35,41,4)([82]12,56,3)([83]73,11,5)([84]78,76,2)([85]52,45,3)([86]16,4,6)(84)
optimized area: 119.91
time: 1292716 ms
seed: 1636215166
{7,1,80,1,2,1,8}([7]6,1,7)([8]6,5,3)([9]4,7,5)([10]0,7,7)([11]3,4,3)([12]0,9,4)([13]11,8,2)([14]12,5,6)([15]12,6,4)([16]1,10,5)([17]16,8,2)([18]16,13,6)([19]15,4,5)([20]10,3,7)([21]1,12,3)([22]2,3,4)([23]6,9,6)([24]5,20,2)([25]11,23,4)([26]15,3,5)([27]21,22,6)([28]20,12,4)([29]3,13,4)([30]0,29,3)([31]5,16,5)([32]19,25,4)([33]24,4,3)([34]28,18,6)([35]15,14,7)([36]23,34,0)([37]9,32,2)([38]30,37,2)([39]0,21,2)([40]34,27,2)([41]20,39,2)([42]30,40,2)([43]11,26,4)([44]31,40,6)([45]12,23,0)([46]19,2,2)([47]37,37,1)([48]5,4,1)([49]26,43,3)([50]28,18,6)([51]4,16,1)([52]0,0,6)([53]24,44,7)([54]15,36,6)([55]41,43,6)([56]45,8,1)([57]5,24,6)([58]51,18,4)([59]32,56,7)([60]27,29,1)([61]50,31,7)([62]2,55,4)([63]61,38,6)([64]51,4,7)([65]23,62,5)([66]4,38,1)([67]27,21,3)([68]62,14,4)([69]55,46,3)([70]69,51,6)([71]63,27,7)([72]43,28,6)([73]71,68,6)([74]59,8,3)([75]9,48,4)([76]22,51,5)([77]44,73,4)([78]24,0,5)([79]69,56,5)([80]77,47,7)([81]48,72,4)([82]7,47,0)([83]77,67,3)([84]60,59,5)([85]59,18,2)([86]80,30,5)(80)
evaluations: 26540436
first invidual area: 137.28
{7,1,80,1,2,1,8}([7]1,6,7)([8]5,4,3)([9]7,4,5)([10]0,7,7)([11]4,3,3)([12]0,9,4)([13]2,3,4)([14]2,5,2)([15]6,12,4)([16]1,10,5)([17]5,12,3)([18]16,8,6)([19]1,13,3)([20]4,15,5)([21]10,3,7)([22]4,15,1)([23]20,11,5)([24]16,22,2)([25]21,12,4)([26]15,3,5)([27]12,19,6)([28]18,25,6)([29]22,9,3)([30]24,7,1)([31]5,16,5)([32]0,1,2)([33]11,26,5)([34]24,12,2)([35]32,21,2)([36]14,0,3)([37]23,9,2)([38]36,37,2)([39]28,27,2)([40]26,34,5)([41]6,23,3)([42]15,17,4)([43]31,39,6)([44]16,15,7)([45]33,35,6)([46]9,11,3)([47]30,23,0)([48]43,37,3)([49]48,40,7)([50]16,12,7)([51]31,4,0)([52]28,51,7)([53]23,27,2)([54]2,9,3)([55]34,20,4)([56]35,36,6)([57]31,5,6)([58]57,9,4)([59]39,1,5)([60]56,43,1)([61]25,10,5)([62]45,2,7)([63]52,38,6)([64]27,63,7)([65]5,58,7)([66]49,3,6)([67]45,65,6)([68]62,17,4)([69]68,31,1)([70]39,39,4)([71]0,67,6)([72]68,64,3)([73]21,20,2)([74]52,41,6)([75]13,24,0)([76]28,40,5)([77]43,72,7)([78]11,32,7)([79]71,65,5)([80]77,37,4)([81]75,15,6)([82]1,61,4)([83]1,27,6)([84]29,31,7)([85]42,33,4)([86]76,61,6)(80)
optimized area: 116.18
time: 1181487 ms
seed: 1636245080
{7,1,80,1,2,1,8}([7]3,4,1)([8]2,7,3)([9]4,6,6)([10]2,7,5)([11]2,5,4)([12]4,2,7)([13]5,12,4)([14]0,12,2)([15]1,10,4)([16]0,1,4)([17]9,8,4)([18]2,14,4)([19]2,6,0)([20]18,11,2)([21]11,4,2)([22]16,20,3)([23]16,17,5)([24]5,7,7)([25]23,15,7)([26]6,17,7)([27]13,2,4)([28]9,3,0)([29]21,1,6)([30]18,7,0)([31]25,26,3)([32]19,9,3)([33]31,28,7)([34]15,22,7)([35]6,31,1)([36]22,13,5)([37]33,29,4)([38]21,19,1)([39]10,19,3)([40]3,18,6)([41]26,40,5)([42]30,9,1)([43]27,41,5)([44]23,3,2)([45]37,34,7)([46]37,28,5)([47]12,26,4)([48]36,24,6)([49]28,47,7)([50]16,49,5)([51]40,50,3)([52]43,44,1)([53]43,44,3)([54]25,34,6)([55]38,25,5)([56]5,38,1)([57]49,49,7)([58]49,41,0)([59]27,43,7)([60]46,20,0)([61]34,51,4)([62]61,45,5)([63]45,36,5)([64]62,51,3)([65]17,24,3)([66]14,14,7)([67]45,65,3)([68]40,28,5)([69]37,13,3)([70]14,3,4)([71]33,10,4)([72]26,10,6)([73]62,53,5)([74]31,47,4)([75]49,25,0)([76]4,62,6)([77]69,5,7)([78]67,48,6)([79]39,32,1)([80]11,73,3)([81]80,32,2)([82]13,6,0)([83]78,73,4)([84]72,39,7)([85]73,13,7)([86]71,55,3)(83)
evaluations: 7442940
first invidual area: 142.91
{7,1,80,1,2,1,8}([7]3,5,1)([8]2,7,6)([9]4,6,6)([10]7,2,5)([11]2,5,4)([12]2,4,7)([13]12,7,3)([14]12,0,5)([15]1,10,4)([16]1,0,4)([17]8,9,7)([18]14,2,7)([19]11,4,2)([20]8,5,0)([21]18,11,2)([22]12,10,3)([23]16,17,5)([24]15,14,0)([25]23,24,7)([26]17,6,7)([27]26,25,6)([28]1,19,6)([29]25,16,2)([30]14,6,0)([31]28,7,2)([32]23,3,2)([33]21,16,3)([34]33,15,7)([35]3,34,6)([36]9,27,3)([37]5,7,1)([38]1,35,4)([39]4,5,7)([40]3,18,6)([41]40,26,5)([42]28,34,4)([43]39,41,5)([44]34,24,1)([45]34,27,2)([46]37,29,0)([47]13,26,7)([48]37,19,0)([49]22,40,6)([50]16,47,5)([51]42,36,7)([52]8,49,5)([53]46,28,7)([54]0,48,6)([55]40,50,3)([56]0,19,2)([57]42,7,4)([58]32,43,3)([59]22,12,4)([60]49,34,0)([61]55,34,4)([62]61,51,5)([63]40,12,0)([64]6,53,5)([65]29,46,3)([66]62,63,6)([67]2,65,3)([68]67,47,6)([69]28,57,2)([70]36,68,2)([71]14,62,6)([72]28,8,1)([73]62,58,5)([74]71,15,0)([75]50,33,0)([76]13,14,0)([77]65,66,1)([78]54,53,2)([79]25,69,0)([80]40,73,6)([81]19,74,1)([82]0,44,1)([83]68,73,3)([84]27,83,7)([85]79,78,1)([86]82,18,5)(83)
optimized area: 125.54
time: 1369202 ms
seed: 1636264308
NOT FOUND
time: 1068022 ms
seed: 1636280830
NOT FOUND
time: 1074559 ms
seed: 1636297276
NOT FOUND
time: 1064610 ms
seed: 1636313600
NOT FOUND
time: 1086340 ms
seed: 1636329874
{7,1,80,1,2,1,8}([7]3,4,7)([8]1,1,1)([9]0,2,4)([10]0,7,6)([11]8,10,2)([12]10,0,6)([13]9,12,7)([14]9,6,1)([15]14,10,6)([16]14,2,2)([17]3,5,7)([18]4,15,3)([19]1,7,4)([20]8,16,3)([21]17,17,2)([22]7,19,2)([23]16,6,3)([24]5,19,5)([25]4,1,5)([26]2,12,3)([27]24,0,0)([28]5,4,3)([29]25,0,2)([30]12,16,0)([31]18,6,4)([32]15,14,1)([33]29,31,7)([34]9,21,2)([35]22,7,3)([36]26,23,7)([37]12,4,6)([38]32,22,4)([39]5,35,1)([40]33,20,7)([41]9,0,1)([42]34,11,7)([43]22,16,3)([44]17,13,5)([45]21,42,5)([46]7,10,2)([47]15,0,6)([48]32,43,6)([49]26,4,0)([50]22,39,3)([51]20,11,6)([52]36,17,3)([53]11,7,3)([54]31,51,2)([55]3,17,0)([56]44,27,1)([57]36,50,3)([58]48,26,3)([59]45,28,5)([60]20,40,2)([61]6,42,6)([62]27,15,6)([63]59,52,7)([64]30,3,1)([65]26,55,2)([66]11,26,6)([67]62,61,4)([68]63,57,2)([69]58,44,5)([70]40,22,3)([71]67,69,3)([72]31,5,1)([73]43,3,5)([74]9,73,3)([75]32,24,4)([76]63,41,5)([77]11,21,5)([78]63,73,5)([79]50,68,4)([80]33,54,7)([81]50,69,0)([82]71,40,6)([83]29,79,4)([84]20,20,5)([85]80,37,7)([86]79,82,6)(86)
evaluations: 29466698
first invidual area: 136.29
{7,1,80,1,2,1,8}([7]3,4,7)([8]1,4,1)([9]2,0,4)([10]7,0,6)([11]8,10,5)([12]9,10,6)([13]11,11,2)([14]5,6,1)([15]12,10,6)([16]12,2,2)([17]14,3,4)([18]4,15,6)([19]7,8,7)([20]8,16,3)([21]0,15,4)([22]7,8,2)([23]6,16,3)([24]19,5,5)([25]1,4,5)([26]12,2,3)([27]15,3,7)([28]22,6,6)([29]25,0,5)([30]18,20,4)([31]26,23,6)([32]5,24,3)([33]4,5,3)([34]9,17,5)([35]6,8,1)([36]26,23,7)([37]33,5,0)([38]11,24,5)([39]30,29,4)([40]33,6,5)([41]37,14,3)([42]34,11,7)([43]6,42,6)([44]17,21,5)([45]42,17,5)([46]31,28,5)([47]24,30,5)([48]10,22,6)([49]45,11,0)([50]22,14,3)([51]36,0,0)([52]36,17,3)([53]33,45,1)([54]50,51,3)([55]28,41,2)([56]10,32,5)([57]10,35,2)([58]26,48,3)([59]49,37,5)([60]37,21,3)([61]45,3,6)([62]6,39,4)([63]59,52,7)([64]56,12,4)([65]24,15,3)([66]56,36,6)([67]65,43,7)([68]63,54,5)([69]58,44,5)([70]63,49,5)([71]67,69,3)([72]5,25,7)([73]42,71,0)([74]68,50,7)([75]24,70,4)([76]58,65,7)([77]18,17,7)([78]25,41,6)([79]20,11,3)([80]19,8,0)([81]47,51,1)([82]71,62,6)([83]43,81,6)([84]83,2,0)([85]72,36,6)([86]74,82,6)(86)
optimized area: 129.27
time: 1203989 ms
