seed: 1633872145
{7,1,80,1,2,1,8}([7]3,4,1)([8]7,5,5)([9]2,8,7)([10]7,5,4)([11]0,5,5)([12]11,6,6)([13]12,1,3)([14]6,8,2)([15]0,4,5)([16]2,13,2)([17]2,13,7)([18]6,0,6)([19]18,13,6)([20]9,19,4)([21]0,20,3)([22]4,21,6)([23]21,9,3)([24]20,20,3)([25]10,1,3)([26]25,15,5)([27]26,11,4)([28]25,15,3)([29]17,28,4)([30]1,20,6)([31]9,0,5)([32]22,14,4)([33]4,25,4)([34]19,10,3)([35]7,30,4)([36]32,26,4)([37]23,21,3)([38]10,28,1)([39]7,32,6)([40]30,14,0)([41]14,28,2)([42]24,10,2)([43]42,26,1)([44]31,24,3)([45]29,42,3)([46]26,11,0)([47]16,32,6)([48]10,44,2)([49]18,28,0)([50]45,14,2)([51]31,13,5)([52]24,49,5)([53]32,9,7)([54]43,22,7)([55]27,35,2)([56]39,23,6)([57]28,55,5)([58]2,4,7)([59]50,23,5)([60]47,59,7)([61]47,24,7)([62]33,20,4)([63]12,60,4)([64]51,60,4)([65]64,55,6)([66]27,59,1)([67]56,14,7)([68]33,41,4)([69]36,40,2)([70]56,20,4)([71]50,42,4)([72]21,26,6)([73]41,35,4)([74]19,9,4)([75]3,47,7)([76]37,45,7)([77]65,68,2)([78]11,54,6)([79]63,67,2)([80]57,0,2)([81]19,78,3)([82]36,2,4)([83]73,29,0)([84]30,41,4)([85]79,77,4)([86]74,80,3)(85)
evaluations: 31181614
first invidual area: 138.66
{7,1,80,1,2,1,8}([7]3,1,1)([8]5,7,5)([9]8,2,4)([10]3,5,7)([11]0,5,5)([12]6,11,6)([13]12,1,3)([14]8,6,2)([15]14,0,5)([16]7,9,0)([17]11,14,6)([18]0,6,6)([19]13,18,6)([20]19,9,7)([21]20,0,3)([22]4,21,3)([23]21,19,3)([24]6,2,1)([25]1,10,3)([26]15,25,5)([27]26,11,4)([28]10,23,4)([29]20,0,5)([30]20,1,3)([31]13,2,2)([32]22,14,7)([33]16,20,1)([34]18,20,2)([35]20,34,0)([36]35,3,0)([37]29,25,3)([38]26,1,4)([39]24,19,5)([40]28,21,0)([41]14,37,5)([42]12,6,6)([43]36,37,5)([44]10,43,3)([45]25,4,4)([46]22,16,2)([47]32,31,6)([48]11,26,4)([49]33,1,3)([50]44,23,2)([51]13,5,1)([52]16,30,7)([53]51,6,3)([54]29,13,5)([55]52,27,2)([56]3,23,6)([57]23,52,0)([58]56,14,7)([59]50,14,5)([60]47,59,4)([61]56,56,0)([62]22,39,1)([63]12,47,4)([64]54,60,7)([65]64,55,6)([66]3,22,1)([67]54,5,0)([68]45,41,7)([69]2,23,4)([70]63,6,7)([71]65,43,0)([72]42,20,7)([73]58,3,0)([74]8,66,6)([75]5,0,2)([76]64,16,5)([77]71,68,5)([78]20,65,6)([79]63,73,5)([80]22,42,4)([81]41,47,3)([82]9,9,1)([83]16,77,1)([84]12,54,3)([85]79,77,4)([86]35,74,0)(85)
optimized area: 125.06
time: 609839 ms
seed: 1634009821
{7,1,80,1,2,1,8}([7]6,0,6)([8]6,4,5)([9]1,4,6)([10]3,6,6)([11]9,4,0)([12]0,2,5)([13]9,5,4)([14]8,7,4)([15]10,12,4)([16]14,2,4)([17]1,11,5)([18]15,4,7)([19]5,16,7)([20]16,3,7)([21]20,1,7)([22]21,13,5)([23]0,21,7)([24]13,23,7)([25]0,18,4)([26]14,22,3)([27]24,8,4)([28]6,19,4)([29]13,3,7)([30]10,23,6)([31]21,20,2)([32]5,2,2)([33]30,20,6)([34]26,1,4)([35]14,25,2)([36]35,11,3)([37]34,35,5)([38]35,0,7)([39]38,27,3)([40]33,29,3)([41]24,26,4)([42]25,33,3)([43]41,36,2)([44]39,28,5)([45]42,43,4)([46]41,10,0)([47]20,27,3)([48]22,13,4)([49]31,31,2)([50]32,18,4)([51]40,31,4)([52]33,40,0)([53]38,41,6)([54]5,20,3)([55]30,45,6)([56]45,44,4)([57]53,54,1)([58]41,2,3)([59]36,56,5)([60]34,52,0)([61]26,37,5)([62]54,47,0)([63]22,57,5)([64]56,47,7)([65]26,0,4)([66]36,9,5)([67]25,60,1)([68]24,6,1)([69]51,64,5)([70]21,62,1)([71]60,16,2)([72]50,61,2)([73]26,34,7)([74]62,35,6)([75]69,24,1)([76]25,1,2)([77]73,59,2)([78]17,44,4)([79]72,69,6)([80]55,5,4)([81]55,70,1)([82]63,67,6)([83]59,52,3)([84]13,33,5)([85]67,56,0)([86]72,79,3)(86)
evaluations: 9587259
first invidual area: 158.39
{7,1,80,1,2,1,8}([7]6,5,7)([8]6,4,5)([9]4,1,6)([10]6,3,6)([11]0,6,3)([12]2,0,5)([13]9,5,4)([14]8,11,2)([15]12,10,4)([16]2,14,4)([17]1,8,0)([18]15,4,7)([19]16,7,4)([20]3,16,7)([21]20,1,7)([22]21,13,5)([23]21,0,7)([24]8,13,7)([25]18,0,4)([26]22,14,3)([27]24,23,4)([28]26,27,2)([29]3,13,7)([30]16,19,3)([31]10,23,6)([32]26,7,0)([33]20,31,6)([34]15,21,1)([35]25,14,2)([36]35,9,3)([37]9,35,5)([38]35,0,7)([39]33,28,3)([40]29,33,6)([41]28,38,3)([42]25,33,3)([43]28,36,2)([44]1,21,5)([45]2,5,5)([46]41,19,5)([47]20,27,6)([48]7,7,1)([49]45,18,7)([50]43,35,0)([51]40,44,4)([52]41,6,6)([53]47,7,2)([54]50,41,5)([55]29,8,6)([56]50,47,3)([57]52,11,3)([58]27,54,7)([59]49,29,5)([60]31,53,0)([61]32,37,5)([62]22,12,6)([63]36,6,4)([64]56,46,4)([65]40,56,5)([66]9,0,7)([67]7,15,3)([68]54,21,1)([69]49,61,2)([70]37,12,3)([71]64,51,1)([72]12,20,5)([73]64,42,4)([74]20,13,5)([75]51,73,2)([76]39,62,6)([77]61,57,3)([78]0,2,7)([79]11,4,7)([80]40,56,7)([81]74,32,1)([82]65,59,7)([83]0,71,6)([84]79,61,4)([85]50,14,4)([86]69,75,3)(86)
optimized area: 143.84
time: 753418 ms
seed: 1634058607
{7,1,80,1,2,1,8}([7]4,6,3)([8]3,4,7)([9]4,3,1)([10]4,8,3)([11]8,1,7)([12]7,11,3)([13]11,10,2)([14]13,7,7)([15]0,14,4)([16]5,0,4)([17]9,2,6)([18]3,13,3)([19]10,6,2)([20]11,11,7)([21]9,17,4)([22]8,5,6)([23]6,2,6)([24]4,6,7)([25]18,15,7)([26]25,22,6)([27]15,13,2)([28]14,23,6)([29]0,22,5)([30]17,10,2)([31]24,8,2)([32]2,26,7)([33]28,16,6)([34]28,20,0)([35]12,6,3)([36]21,19,4)([37]23,19,4)([38]25,12,4)([39]5,36,3)([40]32,10,1)([41]39,18,7)([42]32,33,5)([43]42,35,5)([44]6,32,4)([45]31,8,0)([46]13,6,6)([47]36,33,4)([48]40,1,7)([49]11,1,4)([50]33,36,6)([51]17,37,0)([52]8,32,0)([53]1,41,5)([54]53,51,0)([55]38,2,6)([56]47,39,4)([57]34,2,7)([58]14,51,3)([59]19,52,4)([60]53,29,5)([61]26,30,5)([62]41,7,2)([63]60,55,6)([64]32,29,4)([65]38,31,6)([66]63,43,6)([67]14,3,0)([68]17,32,3)([69]47,43,6)([70]35,11,5)([71]8,21,1)([72]53,66,4)([73]32,18,4)([74]15,64,3)([75]56,23,7)([76]48,65,2)([77]37,1,7)([78]21,65,4)([79]34,52,2)([80]27,10,3)([81]39,67,7)([82]75,72,2)([83]5,28,3)([84]47,26,1)([85]82,76,6)([86]46,77,0)(85)
evaluations: 39518797
first invidual area: 143.36
{7,1,80,1,2,1,8}([7]6,4,3)([8]3,4,7)([9]2,2,3)([10]8,4,3)([11]1,8,7)([12]11,7,3)([13]11,10,5)([14]7,13,4)([15]14,0,7)([16]5,0,4)([17]15,15,3)([18]3,11,3)([19]10,6,5)([20]18,6,0)([21]19,4,4)([22]8,5,6)([23]9,6,6)([24]3,8,1)([25]18,17,4)([26]22,25,6)([27]14,23,6)([28]4,9,5)([29]7,4,5)([30]23,16,4)([31]21,8,2)([32]2,26,7)([33]16,27,6)([34]18,2,1)([35]3,16,5)([36]28,19,7)([37]12,8,0)([38]25,37,4)([39]5,36,3)([40]21,6,3)([41]36,34,5)([42]32,33,5)([43]42,37,5)([44]13,43,7)([45]5,7,5)([46]22,0,5)([47]36,33,4)([48]24,14,5)([49]16,30,5)([50]2,13,0)([51]32,1,4)([52]35,16,4)([53]1,41,5)([54]30,35,3)([55]38,2,6)([56]47,39,7)([57]5,47,6)([58]37,8,7)([59]28,2,5)([60]53,46,5)([61]30,26,4)([62]10,27,2)([63]60,55,6)([64]63,58,1)([65]38,31,6)([66]63,43,6)([67]50,60,5)([68]63,4,7)([69]60,42,0)([70]1,29,5)([71]1,25,6)([72]53,66,4)([73]28,29,6)([74]64,24,1)([75]56,23,4)([76]51,65,2)([77]51,55,5)([78]17,31,0)([79]53,45,7)([80]56,38,2)([81]59,12,4)([82]75,72,2)([83]65,4,5)([84]55,78,4)([85]82,76,6)([86]15,65,4)(85)
optimized area: 130.70
time: 570975 ms
seed: 1634172865
{7,1,80,1,2,1,8}([7]4,3,2)([8]0,1,6)([9]1,5,4)([10]2,1,7)([11]4,5,2)([12]6,7,4)([13]6,0,4)([14]5,3,6)([15]3,4,7)([16]0,11,3)([17]16,8,7)([18]1,15,4)([19]2,7,6)([20]18,12,5)([21]10,6,4)([22]17,3,3)([23]1,19,4)([24]9,20,4)([25]4,24,2)([26]2,19,6)([27]0,3,3)([28]15,5,2)([29]24,0,5)([30]12,14,4)([31]19,27,7)([32]9,3,7)([33]10,29,7)([34]6,30,0)([35]30,26,7)([36]23,8,3)([37]17,3,5)([38]1,21,0)([39]33,12,3)([40]39,0,0)([41]3,20,0)([42]35,22,7)([43]14,24,7)([44]19,15,2)([45]22,16,3)([46]39,16,3)([47]37,33,5)([48]46,37,7)([49]16,12,1)([50]35,12,3)([51]21,46,1)([52]25,20,4)([53]43,28,5)([54]9,27,0)([55]17,53,2)([56]40,46,6)([57]56,9,4)([58]42,25,3)([59]36,46,7)([60]18,57,4)([61]41,43,3)([62]18,30,4)([63]7,1,0)([64]47,58,2)([65]56,15,0)([66]37,15,7)([67]59,60,3)([68]40,57,4)([69]4,16,7)([70]6,40,1)([71]50,26,0)([72]18,34,3)([73]45,17,5)([74]63,12,2)([75]53,67,2)([76]16,69,0)([77]50,40,6)([78]1,7,1)([79]63,46,5)([80]10,15,1)([81]72,31,2)([82]31,34,5)([83]75,81,3)([84]47,25,2)([85]64,83,7)([86]4,27,1)(85)
evaluations: 34036167
first invidual area: 145.25
{7,1,80,1,2,1,8}([7]3,4,2)([8]0,1,6)([9]5,1,4)([10]2,1,4)([11]8,4,3)([12]6,7,4)([13]4,5,2)([14]3,5,6)([15]3,4,7)([16]0,13,3)([17]8,16,7)([18]1,15,4)([19]7,2,6)([20]18,12,5)([21]17,13,0)([22]17,3,3)([23]18,6,7)([24]9,20,4)([25]4,24,2)([26]2,19,6)([27]0,3,6)([28]5,15,2)([29]24,0,5)([30]6,11,3)([31]19,27,4)([32]27,31,0)([33]10,29,4)([34]26,1,4)([35]9,27,4)([36]8,21,2)([37]21,3,5)([38]24,21,1)([39]14,26,3)([40]32,1,6)([41]12,39,4)([42]41,22,4)([43]33,12,3)([44]25,10,2)([45]6,12,4)([46]43,16,3)([47]37,33,5)([48]44,47,6)([49]8,19,3)([50]8,22,3)([51]49,1,4)([52]6,9,7)([53]38,28,5)([54]6,29,3)([55]11,50,4)([56]54,44,6)([57]51,5,7)([58]18,14,1)([59]51,46,4)([60]15,57,4)([61]42,25,3)([62]16,22,7)([63]43,2,3)([64]47,61,5)([65]62,32,2)([66]23,6,7)([67]59,60,5)([68]28,10,2)([69]31,19,1)([70]35,19,0)([71]33,1,6)([72]60,65,4)([73]31,9,5)([74]12,41,4)([75]53,67,2)([76]22,56,2)([77]37,33,7)([78]1,73,2)([79]76,12,2)([80]6,1,7)([81]54,31,2)([82]33,56,4)([83]75,81,6)([84]82,2,3)([85]64,83,7)([86]68,57,7)(85)
optimized area: 136.33
time: 581072 ms
seed: 1634220117
NOT FOUND
time: 531621 ms
seed: 1634317143
{7,1,80,1,2,1,8}([7]3,5,5)([8]5,7,7)([9]8,6,6)([10]3,2,4)([11]7,1,7)([12]9,0,4)([13]4,8,6)([14]0,11,2)([15]1,2,7)([16]4,9,3)([17]16,8,7)([18]17,13,1)([19]18,15,4)([20]6,10,6)([21]6,10,4)([22]21,5,2)([23]14,15,4)([24]10,8,3)([25]22,24,3)([26]20,6,7)([27]11,1,3)([28]24,10,1)([29]27,0,7)([30]13,25,6)([31]19,6,4)([32]4,18,6)([33]31,15,4)([34]12,17,0)([35]26,32,6)([36]29,23,2)([37]17,16,3)([38]33,34,0)([39]26,7,2)([40]27,19,3)([41]33,33,4)([42]11,34,6)([43]35,13,6)([44]6,17,6)([45]20,3,2)([46]27,45,0)([47]42,31,4)([48]14,29,6)([49]40,13,4)([50]1,45,1)([51]24,49,4)([52]50,49,5)([53]45,45,1)([54]44,46,2)([55]9,8,1)([56]7,1,7)([57]23,50,0)([58]22,39,2)([59]37,52,5)([60]20,15,0)([61]13,25,1)([62]14,32,2)([63]46,6,4)([64]23,25,4)([65]20,2,3)([66]29,14,1)([67]56,39,6)([68]42,16,1)([69]36,67,6)([70]69,52,4)([71]66,7,6)([72]59,56,6)([73]45,9,3)([74]64,70,3)([75]29,51,6)([76]75,47,3)([77]57,2,0)([78]42,21,7)([79]7,48,5)([80]74,32,4)([81]36,43,5)([82]17,28,5)([83]57,59,0)([84]12,82,3)([85]80,76,2)([86]30,52,6)(85)
evaluations: 16983140
first invidual area: 142.45
{7,1,80,1,2,1,8}([7]5,3,5)([8]5,7,2)([9]8,6,6)([10]3,2,4)([11]7,1,7)([12]10,8,3)([13]4,9,6)([14]5,6,2)([15]2,1,7)([16]1,14,1)([17]9,0,4)([18]15,13,4)([19]8,18,7)([20]8,4,3)([21]9,18,5)([22]0,11,5)([23]6,19,7)([24]14,12,3)([25]11,17,3)([26]11,11,0)([27]26,1,3)([28]15,22,7)([29]0,27,7)([30]18,6,5)([31]5,25,1)([32]16,1,0)([33]21,4,7)([34]21,9,6)([35]24,28,4)([36]12,12,3)([37]10,35,4)([38]24,9,2)([39]25,23,7)([40]27,19,3)([41]38,0,0)([42]32,9,4)([43]20,12,2)([44]18,31,6)([45]39,36,3)([46]19,2,5)([47]25,23,4)([48]32,18,0)([49]40,20,7)([50]13,2,4)([51]27,10,2)([52]48,49,5)([53]20,23,3)([54]13,18,6)([55]20,9,6)([56]12,49,4)([57]24,29,2)([58]41,54,6)([59]10,37,1)([60]24,22,0)([61]35,21,1)([62]51,26,7)([63]56,22,3)([64]31,18,0)([65]24,8,1)([66]41,11,6)([67]60,64,0)([68]9,53,0)([69]57,66,3)([70]69,52,7)([71]9,18,6)([72]9,10,7)([73]51,4,7)([74]35,70,3)([75]56,29,6)([76]30,57,3)([77]11,23,7)([78]75,47,3)([79]16,1,6)([80]74,55,4)([81]79,28,5)([82]7,41,4)([83]52,33,0)([84]5,29,2)([85]78,80,2)([86]14,51,6)(85)
optimized area: 121.82
time: 634375 ms
seed: 1634357692
{7,1,80,1,2,1,8}([7]4,4,5)([8]5,7,4)([9]1,7,6)([10]7,6,5)([11]10,0,5)([12]4,4,5)([13]8,0,2)([14]10,9,5)([15]10,11,7)([16]8,7,3)([17]8,6,5)([18]15,3,4)([19]16,14,7)([20]6,2,7)([21]3,17,2)([22]6,14,7)([23]21,4,2)([24]18,16,7)([25]13,18,3)([26]19,1,5)([27]3,20,4)([28]0,23,4)([29]2,24,4)([30]8,29,5)([31]15,5,4)([32]11,29,5)([33]27,32,2)([34]2,31,7)([35]28,11,2)([36]29,35,2)([37]33,9,2)([38]25,26,7)([39]38,10,7)([40]18,8,3)([41]37,38,3)([42]30,41,2)([43]17,4,2)([44]24,42,2)([45]16,36,2)([46]25,19,0)([47]23,13,1)([48]44,5,3)([49]36,18,2)([50]40,7,1)([51]16,42,5)([52]1,47,4)([53]43,1,6)([54]51,36,6)([55]11,48,5)([56]48,21,4)([57]54,33,7)([58]53,44,2)([59]10,8,7)([60]21,1,5)([61]13,3,4)([62]28,34,3)([63]53,62,7)([64]56,40,7)([65]56,57,7)([66]63,53,7)([67]27,6,3)([68]22,14,7)([69]12,28,4)([70]45,16,2)([71]65,14,7)([72]15,48,0)([73]41,36,4)([74]35,10,4)([75]49,48,0)([76]71,62,2)([77]65,52,7)([78]41,75,6)([79]77,56,2)([80]39,67,4)([81]51,58,4)([82]0,45,4)([83]57,4,5)([84]63,54,5)([85]84,76,7)([86]37,13,3)(85)
evaluations: 22536081
first invidual area: 147.58
{7,1,80,1,2,1,8}([7]4,5,1)([8]5,4,7)([9]7,1,6)([10]6,7,5)([11]2,3,7)([12]0,10,5)([13]0,8,2)([14]5,11,4)([15]10,12,2)([16]5,7,3)([17]8,6,5)([18]15,3,4)([19]13,18,6)([20]11,6,4)([21]3,17,2)([22]15,2,4)([23]21,4,5)([24]18,16,7)([25]16,1,5)([26]21,19,0)([27]13,19,7)([28]0,23,7)([29]24,2,4)([30]28,6,7)([31]22,5,7)([32]12,29,5)([33]20,32,2)([34]32,0,0)([35]13,33,1)([36]15,16,1)([37]33,9,2)([38]19,25,4)([39]2,14,6)([40]8,29,5)([41]37,38,3)([42]40,41,2)([43]17,9,2)([44]24,42,2)([45]44,5,3)([46]34,39,1)([47]46,0,2)([48]17,13,0)([49]24,7,0)([50]33,26,7)([51]16,42,5)([52]21,2,7)([53]17,37,1)([54]51,47,6)([55]54,46,6)([56]21,19,0)([57]24,5,3)([58]20,17,0)([59]17,56,7)([60]9,18,2)([61]54,3,4)([62]28,31,3)([63]56,48,5)([64]34,26,3)([65]50,9,4)([66]8,58,7)([67]24,5,7)([68]7,31,6)([69]28,37,1)([70]43,1,3)([71]65,45,7)([72]70,0,2)([73]9,41,4)([74]59,3,5)([75]74,59,1)([76]62,71,5)([77]74,16,3)([78]35,75,3)([79]57,45,6)([80]43,53,4)([81]13,16,7)([82]38,29,6)([83]36,14,1)([84]70,54,5)([85]84,76,4)([86]11,70,5)(85)
optimized area: 126.94
time: 688531 ms
seed: 1634406603
{7,1,80,1,2,1,8}([7]0,1,7)([8]5,6,6)([9]6,7,2)([10]3,9,7)([11]9,0,6)([12]2,10,4)([13]5,11,6)([14]8,11,3)([15]6,7,7)([16]4,5,1)([17]2,13,0)([18]2,11,4)([19]12,4,4)([20]9,6,3)([21]19,5,6)([22]13,12,6)([23]8,4,3)([24]15,2,7)([25]2,16,5)([26]23,22,7)([27]7,16,6)([28]19,14,2)([29]17,14,4)([30]3,6,2)([31]5,17,1)([32]9,16,3)([33]24,26,2)([34]31,31,4)([35]3,33,7)([36]28,22,4)([37]15,10,3)([38]11,30,4)([39]32,29,2)([40]33,39,3)([41]11,13,0)([42]1,8,1)([43]7,22,5)([44]13,30,7)([45]9,8,0)([46]18,42,7)([47]40,21,4)([48]8,47,7)([49]41,40,5)([50]28,46,4)([51]36,50,5)([52]21,50,3)([53]44,43,2)([54]42,42,1)([55]38,28,6)([56]9,44,7)([57]54,55,3)([58]1,15,6)([59]48,35,1)([60]6,24,6)([61]59,39,2)([62]37,15,5)([63]25,12,7)([64]24,14,2)([65]47,53,2)([66]22,15,3)([67]26,40,2)([68]23,65,4)([69]52,63,2)([70]57,29,4)([71]18,45,1)([72]68,13,3)([73]65,47,1)([74]61,33,4)([75]13,37,4)([76]51,59,4)([77]76,70,5)([78]77,62,2)([79]1,64,7)([80]43,44,1)([81]43,71,3)([82]52,5,7)([83]30,58,1)([84]21,50,4)([85]77,68,2)([86]63,25,2)(85)
evaluations: 42658970
first invidual area: 144.78
{7,1,80,1,2,1,8}([7]0,1,7)([8]6,5,6)([9]7,6,2)([10]2,3,7)([11]9,0,6)([12]9,10,4)([13]11,5,6)([14]8,11,3)([15]2,7,4)([16]15,6,0)([17]4,10,1)([18]11,2,4)([19]12,17,7)([20]1,18,7)([21]19,5,6)([22]13,12,6)([23]4,8,3)([24]15,6,4)([25]23,22,7)([26]14,14,4)([27]25,11,5)([28]19,14,2)([29]2,14,4)([30]3,6,2)([31]0,21,0)([32]9,17,3)([33]12,28,2)([34]13,33,1)([35]14,5,7)([36]28,22,3)([37]25,24,2)([38]11,30,3)([39]32,29,2)([40]16,11,3)([41]37,39,3)([42]4,29,2)([43]7,22,5)([44]13,30,7)([45]19,10,6)([46]40,32,0)([47]41,21,4)([48]8,47,7)([49]28,20,7)([50]26,45,7)([51]36,49,5)([52]41,37,2)([53]44,47,2)([54]11,0,3)([55]38,28,6)([56]21,36,6)([57]1,55,6)([58]43,27,1)([59]14,42,1)([60]8,58,7)([61]32,49,6)([62]48,51,7)([63]21,40,0)([64]18,30,1)([65]43,53,5)([66]30,6,1)([67]17,65,2)([68]23,65,7)([69]12,55,2)([70]57,29,7)([71]50,9,4)([72]10,32,0)([73]43,59,1)([74]13,0,0)([75]2,12,7)([76]56,0,0)([77]62,70,5)([78]31,11,4)([79]5,34,4)([80]37,79,5)([81]70,53,1)([82]78,70,2)([83]68,28,0)([84]40,74,0)([85]77,68,2)([86]83,19,6)(85)
optimized area: 135.41
time: 553367 ms
seed: 1634455683
NOT FOUND
time: 531616 ms
seed: 1634515871
{7,1,80,1,2,1,8}([7]2,6,2)([8]5,1,7)([9]2,0,3)([10]0,2,7)([11]3,0,5)([12]6,11,5)([13]6,6,6)([14]12,6,4)([15]12,8,2)([16]12,4,3)([17]3,1,7)([18]17,8,6)([19]16,0,7)([20]4,3,7)([21]1,18,3)([22]15,1,6)([23]9,18,5)([24]20,22,3)([25]4,24,5)([26]12,25,7)([27]5,1,2)([28]0,7,7)([29]18,19,6)([30]9,26,5)([31]19,13,5)([32]28,18,6)([33]4,17,5)([34]27,10,2)([35]33,26,3)([36]11,21,7)([37]11,16,4)([38]32,11,5)([39]38,33,1)([40]23,37,4)([41]23,6,2)([42]34,8,5)([43]3,37,2)([44]29,25,4)([45]39,17,7)([46]31,33,7)([47]18,28,5)([48]46,28,6)([49]34,24,4)([50]31,29,1)([51]39,23,7)([52]8,30,4)([53]21,45,1)([54]44,51,6)([55]17,49,1)([56]5,10,4)([57]24,2,1)([58]32,56,0)([59]44,41,3)([60]48,54,7)([61]56,52,2)([62]2,25,5)([63]7,60,5)([64]60,25,5)([65]64,54,6)([66]52,43,1)([67]51,47,4)([68]18,44,7)([69]40,47,1)([70]69,20,7)([71]38,31,6)([72]49,43,3)([73]5,17,3)([74]57,44,1)([75]36,22,0)([76]26,74,7)([77]40,14,2)([78]77,45,4)([79]68,72,6)([80]35,76,2)([81]25,73,3)([82]45,42,1)([83]78,61,2)([84]56,60,6)([85]84,79,7)([86]83,85,7)(86)
evaluations: 19981148
first invidual area: 168.68
{7,1,80,1,2,1,8}([7]6,2,5)([8]5,1,7)([9]0,2,3)([10]2,0,7)([11]3,0,5)([12]6,11,5)([13]12,6,5)([14]12,8,5)([15]3,4,7)([16]4,12,3)([17]3,1,7)([18]17,8,6)([19]0,16,7)([20]1,10,5)([21]7,1,5)([22]14,1,4)([23]9,18,5)([24]15,22,3)([25]4,24,5)([26]25,12,7)([27]19,3,2)([28]7,0,4)([29]18,19,6)([30]9,26,5)([31]20,18,7)([32]27,28,3)([33]4,17,5)([34]10,28,1)([35]22,30,4)([36]24,32,3)([37]16,11,5)([38]24,20,7)([39]32,23,5)([40]23,37,4)([41]11,4,0)([42]36,32,0)([43]8,30,4)([44]29,25,4)([45]32,17,4)([46]6,33,7)([47]13,30,1)([48]46,28,6)([49]0,42,0)([50]27,20,6)([51]39,44,6)([52]6,15,6)([53]46,1,6)([54]12,12,3)([55]16,30,1)([56]5,10,4)([57]55,31,6)([58]35,31,4)([59]54,44,4)([60]51,48,7)([61]43,56,2)([62]7,49,2)([63]7,27,6)([64]58,14,1)([65]5,41,5)([66]17,3,6)([67]4,26,4)([68]8,44,5)([69]38,12,3)([70]26,45,4)([71]34,39,3)([72]38,27,3)([73]24,27,7)([74]40,64,2)([75]67,62,2)([76]12,71,3)([77]40,13,5)([78]45,77,7)([79]68,72,6)([80]59,65,4)([81]55,70,3)([82]42,49,1)([83]78,61,5)([84]56,60,3)([85]84,79,4)([86]83,85,5)(86)
optimized area: 144.76
time: 671885 ms
seed: 1634615081
NOT FOUND
time: 527960 ms
seed: 1635142084
NOT FOUND
time: 526823 ms
seed: 1635191184
{7,1,80,1,2,1,8}([7]3,2,6)([8]1,2,4)([9]1,4,6)([10]3,5,3)([11]1,10,7)([12]4,11,4)([13]7,5,7)([14]11,5,2)([15]11,8,6)([16]0,9,3)([17]5,6,4)([18]12,6,5)([19]8,6,5)([20]0,12,4)([21]18,13,2)([22]15,21,7)([23]4,14,3)([24]22,9,3)([25]17,20,2)([26]3,7,5)([27]0,24,2)([28]6,7,2)([29]28,11,3)([30]16,25,3)([31]29,11,3)([32]22,10,2)([33]2,30,7)([34]3,9,7)([35]34,16,4)([36]31,8,7)([37]23,17,7)([38]36,17,7)([39]20,25,1)([40]35,29,2)([41]1,4,0)([42]21,0,5)([43]8,5,6)([44]5,15,7)([45]25,32,4)([46]40,7,6)([47]46,37,2)([48]15,19,1)([49]2,32,6)([50]21,23,1)([51]47,38,4)([52]15,18,4)([53]25,37,7)([54]17,12,5)([55]27,36,4)([56]42,34,5)([57]55,47,6)([58]46,6,1)([59]49,10,3)([60]33,56,4)([61]45,59,7)([62]6,48,1)([63]53,36,1)([64]44,1,2)([65]44,54,6)([66]14,26,6)([67]9,3,0)([68]45,60,2)([69]51,4,0)([70]43,5,0)([71]12,41,2)([72]14,13,3)([73]5,23,3)([74]37,63,5)([75]13,62,2)([76]2,11,7)([77]52,68,7)([78]65,41,5)([79]68,71,5)([80]32,35,2)([81]77,1,4)([82]36,12,6)([83]57,77,6)([84]63,62,0)([85]83,19,0)([86]33,2,5)(83)
evaluations: 22819335
first invidual area: 136.82
{7,1,80,1,2,1,8}([7]2,3,6)([8]1,2,4)([9]1,4,6)([10]5,3,3)([11]1,10,7)([12]11,4,4)([13]7,5,7)([14]0,12,4)([15]11,8,3)([16]0,9,3)([17]5,6,4)([18]6,12,5)([19]13,0,0)([20]5,3,2)([21]13,18,5)([22]15,21,7)([23]20,3,4)([24]12,7,0)([25]17,14,2)([26]9,22,3)([27]0,26,5)([28]6,7,2)([29]28,11,3)([30]25,16,6)([31]4,20,3)([32]10,22,5)([33]19,0,5)([34]3,9,7)([35]34,16,3)([36]29,27,7)([37]32,23,5)([38]8,31,0)([39]35,11,2)([40]32,25,5)([41]35,6,2)([42]32,25,7)([43]31,17,7)([44]38,42,1)([45]2,30,4)([46]39,7,6)([47]46,43,2)([48]37,15,4)([49]27,28,7)([50]16,25,0)([51]5,36,3)([52]15,18,7)([53]51,11,0)([54]18,12,6)([55]8,36,7)([56]34,33,5)([57]55,47,6)([58]30,4,3)([59]49,52,0)([60]56,45,4)([61]1,42,1)([62]11,41,3)([63]2,61,3)([64]34,12,1)([65]49,41,5)([66]31,52,0)([67]7,48,1)([68]42,60,5)([69]0,49,7)([70]54,17,1)([71]22,65,2)([72]53,40,5)([73]60,63,0)([74]48,34,5)([75]37,52,2)([76]63,55,1)([77]68,52,4)([78]8,67,7)([79]55,21,2)([80]34,15,5)([81]20,34,6)([82]3,65,2)([83]57,77,6)([84]62,27,5)([85]63,38,4)([86]40,25,0)(83)
optimized area: 130.25
time: 610445 ms
seed: 1635343764
NOT FOUND
time: 1019713 ms
seed: 1635622215
NOT FOUND
time: 1068487 ms
seed: 1635669894
NOT FOUND
time: 1047230 ms
seed: 1635717733
NOT FOUND
time: 1061964 ms
seed: 1635764974
{7,1,80,1,2,1,8}([7]3,5,6)([8]2,1,7)([9]6,8,4)([10]4,2,4)([11]5,2,7)([12]3,10,6)([13]4,5,1)([14]9,7,7)([15]5,0,3)([16]1,14,4)([17]8,15,7)([18]13,0,4)([19]14,3,7)([20]4,8,5)([21]9,18,5)([22]16,0,4)([23]1,5,6)([24]15,4,2)([25]12,19,3)([26]16,17,4)([27]2,6,6)([28]22,25,7)([29]9,0,4)([30]26,24,2)([31]27,3,6)([32]11,12,3)([33]29,21,2)([34]9,18,4)([35]32,19,7)([36]26,22,4)([37]22,30,4)([38]21,25,2)([39]13,10,4)([40]28,21,3)([41]20,35,3)([42]20,23,2)([43]42,19,2)([44]41,9,4)([45]4,35,5)([46]24,33,0)([47]0,34,4)([48]40,6,7)([49]36,7,1)([50]48,33,1)([51]18,22,0)([52]40,32,7)([53]18,34,4)([54]37,3,4)([55]52,5,0)([56]0,55,7)([57]21,0,2)([58]19,18,7)([59]30,50,4)([60]57,58,2)([61]47,44,2)([62]33,28,0)([63]29,27,1)([64]5,37,4)([65]8,37,6)([66]35,56,7)([67]47,57,7)([68]1,53,1)([69]66,12,1)([70]61,59,2)([71]70,60,3)([72]32,10,4)([73]46,47,2)([74]56,71,2)([75]62,73,4)([76]43,0,0)([77]73,6,4)([78]59,44,6)([79]45,23,6)([80]65,74,6)([81]78,80,7)([82]23,0,4)([83]30,13,5)([84]53,13,2)([85]81,3,0)([86]46,38,0)(81)
evaluations: 20971299
first invidual area: 156.53
{7,1,80,1,2,1,8}([7]5,3,6)([8]1,2,7)([9]8,6,4)([10]0,5,3)([11]4,2,4)([12]11,3,6)([13]0,4,7)([14]9,7,7)([15]10,4,4)([16]8,4,5)([17]0,1,4)([18]15,0,6)([19]3,14,7)([20]4,10,2)([21]9,13,5)([22]14,17,4)([23]2,14,7)([24]20,23,0)([25]12,19,6)([26]2,5,7)([27]23,4,0)([28]22,25,4)([29]27,4,5)([30]20,10,0)([31]20,5,4)([32]12,26,3)([33]32,19,7)([34]7,21,4)([35]21,32,2)([36]30,23,2)([37]16,33,6)([38]24,7,6)([39]28,21,6)([40]16,24,2)([41]39,39,5)([42]14,13,4)([43]14,28,5)([44]37,9,7)([45]0,32,7)([46]0,11,7)([47]16,12,4)([48]39,6,7)([49]25,32,3)([50]3,1,5)([51]39,0,4)([52]1,14,2)([53]3,5,4)([54]44,12,4)([55]33,13,7)([56]35,33,4)([57]55,35,2)([58]36,22,4)([59]36,48,4)([60]39,30,1)([61]18,52,4)([62]55,13,4)([63]51,15,6)([64]29,44,2)([65]58,8,6)([66]39,0,0)([67]29,11,3)([68]61,27,3)([69]67,13,1)([70]64,59,2)([71]70,57,3)([72]2,44,2)([73]5,2,3)([74]45,71,2)([75]69,33,5)([76]16,64,7)([77]0,44,6)([78]59,44,3)([79]56,25,0)([80]65,74,6)([81]78,80,4)([82]43,7,0)([83]41,76,3)([84]35,58,6)([85]77,61,7)([86]24,19,1)(81)
optimized area: 136.84
time: 1287450 ms
seed: 1635811870
{7,1,80,1,2,1,8}([7]4,5,4)([8]2,3,4)([9]7,1,7)([10]8,6,6)([11]6,4,6)([12]5,0,4)([13]1,3,7)([14]12,7,4)([15]10,5,3)([16]2,7,7)([17]5,2,4)([18]13,4,6)([19]1,0,6)([20]13,11,4)([21]14,7,1)([22]15,9,6)([23]6,20,7)([24]23,17,6)([25]19,1,6)([26]1,15,2)([27]20,7,2)([28]12,9,5)([29]23,3,3)([30]15,9,3)([31]2,25,4)([32]11,26,6)([33]28,3,6)([34]17,13,5)([35]29,25,7)([36]0,22,3)([37]3,24,7)([38]35,21,5)([39]31,8,3)([40]23,17,4)([41]4,15,5)([42]37,28,3)([43]34,42,1)([44]36,17,4)([45]7,3,7)([46]44,27,6)([47]32,46,3)([48]6,43,1)([49]27,39,0)([50]39,49,2)([51]42,47,5)([52]50,51,7)([53]19,8,6)([54]38,31,4)([55]27,4,6)([56]38,43,3)([57]34,1,5)([58]0,48,7)([59]9,15,5)([60]24,19,4)([61]52,30,2)([62]21,13,0)([63]61,40,4)([64]35,17,0)([65]52,3,1)([66]7,4,3)([67]19,5,1)([68]9,20,3)([69]57,24,0)([70]1,67,4)([71]26,7,1)([72]29,6,3)([73]65,14,3)([74]0,11,7)([75]52,64,2)([76]2,20,2)([77]74,18,0)([78]50,57,6)([79]56,63,6)([80]11,46,6)([81]49,11,5)([82]31,10,6)([83]10,60,7)([84]79,52,7)([85]48,49,2)([86]82,47,3)(84)
evaluations: 15224558
first invidual area: 139.15
{7,1,80,1,2,1,8}([7]4,5,4)([8]3,2,4)([9]7,1,7)([10]0,5,1)([11]4,6,6)([12]6,8,6)([13]11,3,7)([14]0,5,4)([15]12,5,3)([16]3,3,5)([17]5,2,4)([18]9,14,5)([19]15,1,2)([20]1,13,4)([21]11,19,6)([22]15,9,6)([23]20,6,7)([24]18,22,1)([25]1,10,6)([26]25,3,4)([27]20,7,2)([28]7,14,7)([29]23,17,6)([30]11,14,6)([31]23,3,3)([32]3,29,7)([33]25,20,3)([34]22,7,0)([35]31,25,7)([36]0,34,6)([37]4,32,0)([38]6,19,2)([39]26,8,3)([40]18,32,3)([41]17,36,7)([42]24,14,7)([43]3,27,6)([44]11,19,3)([45]36,22,6)([46]41,27,6)([47]46,21,3)([48]36,32,1)([49]17,14,4)([50]39,27,5)([51]40,47,5)([52]50,51,4)([53]12,35,0)([54]15,48,7)([55]20,27,0)([56]47,42,4)([57]23,22,7)([58]52,12,7)([59]48,1,4)([60]52,57,5)([61]50,13,4)([62]60,17,7)([63]4,47,0)([64]62,27,3)([65]28,35,5)([66]29,3,1)([67]65,64,6)([68]46,64,4)([69]3,9,7)([70]4,32,6)([71]28,16,4)([72]18,20,3)([73]22,21,5)([74]32,47,6)([75]44,19,5)([76]18,23,3)([77]21,47,6)([78]32,26,3)([79]22,57,5)([80]71,5,3)([81]23,1,1)([82]64,1,5)([83]57,38,4)([84]67,52,7)([85]45,51,7)([86]47,11,1)(84)
optimized area: 130.26
time: 1336330 ms
seed: 1635855101
NOT FOUND
time: 1045295 ms
seed: 1635897079
NOT FOUND
time: 1070481 ms
seed: 1635933289
{7,1,80,1,2,1,8}([7]6,4,4)([8]6,7,2)([9]4,1,2)([10]0,3,7)([11]0,2,6)([12]4,2,3)([13]9,3,4)([14]6,8,6)([15]12,5,5)([16]0,5,4)([17]11,1,4)([18]1,16,2)([19]2,10,7)([20]15,6,2)([21]19,18,6)([22]15,19,7)([23]13,15,0)([24]22,16,3)([25]13,6,2)([26]2,14,2)([27]17,24,7)([28]0,0,6)([29]22,1,2)([30]11,15,4)([31]7,27,3)([32]31,30,7)([33]4,21,2)([34]16,29,6)([35]18,32,3)([36]28,13,7)([37]32,24,4)([38]34,25,6)([39]31,20,2)([40]39,2,6)([41]38,26,3)([42]38,25,3)([43]41,33,5)([44]37,38,4)([45]23,22,2)([46]43,41,0)([47]3,45,4)([48]33,40,2)([49]40,42,4)([50]43,49,7)([51]21,24,1)([52]8,16,3)([53]34,13,7)([54]23,15,0)([55]13,50,0)([56]45,52,3)([57]47,11,5)([58]13,51,3)([59]35,43,4)([60]16,44,5)([61]47,44,6)([62]53,38,4)([63]18,7,2)([64]27,31,3)([65]14,60,3)([66]2,19,4)([67]52,61,2)([68]56,39,1)([69]11,56,6)([70]10,27,4)([71]22,3,4)([72]5,34,6)([73]50,53,3)([74]67,70,5)([75]57,11,3)([76]74,50,4)([77]58,11,0)([78]24,37,2)([79]51,2,2)([80]11,3,1)([81]80,10,4)([82]7,69,0)([83]63,64,4)([84]64,43,1)([85]50,74,1)([86]37,58,7)(76)
evaluations: 21464284
first invidual area: 141.50
{7,1,80,1,2,1,8}([7]6,4,4)([8]2,4,3)([9]1,4,5)([10]0,3,7)([11]2,0,6)([12]1,11,4)([13]9,3,7)([14]10,6,6)([15]5,8,5)([16]5,0,4)([17]1,16,2)([18]15,5,1)([19]2,10,7)([20]13,18,6)([21]19,17,6)([22]15,19,7)([23]7,6,2)([24]22,16,3)([25]13,6,2)([26]4,21,2)([27]24,12,7)([28]14,21,3)([29]22,1,2)([30]18,11,3)([31]7,27,3)([32]31,30,7)([33]6,15,2)([34]29,16,6)([35]26,26,4)([36]24,32,5)([37]10,27,4)([38]34,25,6)([39]31,33,2)([40]39,2,6)([41]38,14,3)([42]38,25,3)([43]41,26,5)([44]36,41,7)([45]13,22,5)([46]13,25,6)([47]40,5,1)([48]35,11,1)([49]40,42,4)([50]23,1,7)([51]43,49,7)([52]23,16,3)([53]45,3,7)([54]8,17,4)([55]3,49,3)([56]54,24,1)([57]54,16,4)([58]14,8,7)([59]52,30,0)([60]57,35,0)([61]53,44,6)([62]45,60,3)([63]37,33,0)([64]29,19,6)([65]44,62,3)([66]61,0,7)([67]59,61,2)([68]29,51,5)([69]38,36,0)([70]17,63,6)([71]60,62,2)([72]1,68,1)([73]28,54,2)([74]67,63,5)([75]1,73,3)([76]74,51,4)([77]12,53,6)([78]57,16,6)([79]16,45,0)([80]67,27,0)([81]70,6,5)([82]10,6,3)([83]77,42,4)([84]42,53,4)([85]15,50,3)([86]74,33,7)(76)
optimized area: 134.45
time: 1272464 ms
seed: 1635969452
NOT FOUND
time: 1065923 ms
seed: 1636005370
{7,1,80,1,2,1,8}([7]2,5,4)([8]3,1,4)([9]6,2,6)([10]5,8,6)([11]7,1,7)([12]11,2,3)([13]1,10,3)([14]4,9,6)([15]14,3,6)([16]3,3,4)([17]12,13,7)([18]17,4,5)([19]3,2,7)([20]8,0,4)([21]14,11,4)([22]5,16,6)([23]0,7,7)([24]19,20,1)([25]7,20,1)([26]10,21,7)([27]24,10,7)([28]0,26,6)([29]4,11,6)([30]18,6,5)([31]5,28,6)([32]4,6,7)([33]32,3,7)([34]7,18,2)([35]19,27,1)([36]8,34,4)([37]36,33,4)([38]9,24,2)([39]21,10,3)([40]29,17,2)([41]15,24,5)([42]30,26,0)([43]31,40,4)([44]22,42,2)([45]38,23,5)([46]33,36,6)([47]30,15,5)([48]12,21,4)([49]47,43,7)([50]49,23,6)([51]24,12,4)([52]2,9,1)([53]42,29,0)([54]2,11,2)([55]12,3,2)([56]55,31,7)([57]10,10,0)([58]27,54,1)([59]34,39,3)([60]47,56,3)([61]54,37,4)([62]56,53,3)([63]26,58,6)([64]15,31,7)([65]20,46,3)([66]48,14,1)([67]14,35,0)([68]10,6,5)([69]27,38,1)([70]1,46,3)([71]9,60,6)([72]65,61,6)([73]63,72,4)([74]64,36,6)([75]10,60,7)([76]33,45,3)([77]33,9,0)([78]73,50,3)([79]70,7,1)([80]20,57,0)([81]27,5,5)([82]78,62,2)([83]2,71,7)([84]0,0,6)([85]42,77,4)([86]19,8,1)(82)
evaluations: 6519965
first invidual area: 146.66
{7,1,80,1,2,1,8}([7]2,5,4)([8]1,3,4)([9]6,2,6)([10]5,8,6)([11]7,1,7)([12]11,2,3)([13]1,10,3)([14]9,4,6)([15]3,6,7)([16]12,4,0)([17]16,13,7)([18]4,17,5)([19]14,11,4)([20]3,19,4)([21]4,15,7)([22]7,18,5)([23]8,21,0)([24]11,0,0)([25]1,15,4)([26]10,19,7)([27]2,20,7)([28]26,0,6)([29]24,24,2)([30]18,6,5)([31]5,28,6)([32]6,27,2)([33]14,3,6)([34]16,3,5)([35]4,11,6)([36]22,0,7)([37]0,7,7)([38]24,2,5)([39]30,33,5)([40]35,17,5)([41]2,25,7)([42]36,1,0)([43]31,40,4)([44]8,0,4)([45]40,28,7)([46]36,21,6)([47]46,41,2)([48]8,41,0)([49]39,43,4)([50]49,37,6)([51]46,44,3)([52]50,51,4)([53]19,41,6)([54]21,42,5)([55]48,40,2)([56]34,31,4)([57]11,15,2)([58]19,18,5)([59]48,57,4)([60]40,21,3)([61]54,38,7)([62]56,30,3)([63]26,27,6)([64]15,47,0)([65]19,14,5)([66]21,45,4)([67]63,27,7)([68]45,37,4)([69]36,11,4)([70]62,56,7)([71]21,41,4)([72]51,61,6)([73]17,18,5)([74]45,66,3)([75]63,72,4)([76]21,57,4)([77]5,28,2)([78]75,50,3)([79]78,50,3)([80]22,15,7)([81]69,44,7)([82]62,78,2)([83]82,80,1)([84]50,83,7)([85]40,74,5)([86]5,47,2)(82)
optimized area: 139.16
time: 1380452 ms
seed: 1636039940
NOT FOUND
time: 1078945 ms
seed: 1636073930
{7,1,80,1,2,1,8}([7]3,2,4)([8]0,5,7)([9]7,4,7)([10]3,1,6)([11]10,6,7)([12]5,1,7)([13]4,2,5)([14]5,4,5)([15]4,2,2)([16]14,6,4)([17]6,0,7)([18]15,8,6)([19]7,3,3)([20]7,0,0)([21]13,16,3)([22]16,5,5)([23]12,8,4)([24]16,1,1)([25]0,6,6)([26]1,3,7)([27]11,26,6)([28]24,3,3)([29]17,11,2)([30]26,8,5)([31]5,17,1)([32]25,15,5)([33]18,27,3)([34]32,13,4)([35]31,34,0)([36]33,0,4)([37]12,21,4)([38]11,22,7)([39]36,4,6)([40]1,0,3)([41]5,27,6)([42]32,38,5)([43]14,9,2)([44]36,37,6)([45]29,17,7)([46]2,22,4)([47]2,29,6)([48]42,0,6)([49]46,28,0)([50]2,21,5)([51]44,42,7)([52]45,51,5)([53]18,29,7)([54]52,43,5)([55]46,51,6)([56]23,49,5)([57]25,26,5)([58]56,54,3)([59]21,35,3)([60]58,33,7)([61]22,53,3)([62]47,55,3)([63]56,37,3)([64]16,30,2)([65]58,64,4)([66]10,21,0)([67]46,58,2)([68]62,65,4)([69]26,53,6)([70]55,37,5)([71]33,34,3)([72]19,53,2)([73]24,65,3)([74]73,45,3)([75]50,68,7)([76]50,53,0)([77]67,67,3)([78]68,67,4)([79]65,9,6)([80]20,58,5)([81]73,40,4)([82]68,70,2)([83]41,80,7)([84]62,9,4)([85]29,38,5)([86]75,85,6)(82)
evaluations: 16295352
first invidual area: 135.87
{7,1,80,1,2,1,8}([7]0,1,4)([8]0,5,7)([9]1,8,3)([10]1,3,6)([11]10,6,7)([12]2,2,3)([13]2,4,6)([14]4,5,5)([15]3,4,4)([16]6,14,4)([17]0,10,7)([18]4,2,0)([19]12,4,5)([20]2,0,4)([21]1,5,4)([22]5,16,5)([23]7,19,2)([24]16,19,6)([25]10,8,0)([26]1,3,7)([27]24,21,4)([28]17,22,7)([29]17,11,2)([30]23,14,7)([31]11,26,6)([32]0,19,6)([33]18,6,0)([34]26,8,5)([35]23,31,3)([36]35,0,4)([37]25,1,0)([38]22,11,7)([39]13,3,4)([40]32,17,5)([41]33,23,3)([42]40,38,5)([43]39,14,2)([44]29,35,5)([45]29,22,3)([46]2,22,4)([47]2,29,6)([48]46,23,5)([49]36,27,6)([50]10,13,4)([51]49,42,7)([52]17,51,5)([53]15,20,4)([54]52,43,5)([55]51,46,6)([56]48,54,6)([57]39,8,1)([58]1,41,6)([59]11,58,0)([60]32,29,0)([61]2,22,4)([62]47,55,6)([63]21,55,5)([64]16,34,5)([65]56,62,7)([66]0,31,0)([67]1,39,7)([68]64,65,4)([69]17,52,7)([70]30,51,2)([71]41,54,3)([72]33,41,6)([73]25,52,4)([74]38,45,5)([75]38,18,1)([76]63,52,6)([77]70,47,6)([78]37,60,1)([79]63,68,2)([80]21,74,5)([81]25,60,1)([82]81,19,2)([83]81,12,2)([84]26,29,1)([85]16,74,3)([86]21,47,7)(79)
optimized area: 126.02
time: 1323019 ms
seed: 1636107021
NOT FOUND
time: 1077512 ms
seed: 1636139697
NOT FOUND
time: 1063178 ms
seed: 1636172139
NOT FOUND
time: 1121577 ms
seed: 1636202740
NOT FOUND
time: 1064839 ms
seed: 1636232770
NOT FOUND
time: 1069428 ms
