seed: 1633872553
NOT FOUND
time: 519073 ms
seed: 1634010230
NOT FOUND
time: 522642 ms
seed: 1634059023
{7,1,80,1,2,1,8}([7]5,2,2)([8]6,7,6)([9]4,0,4)([10]4,1,4)([11]3,8,6)([12]1,5,7)([13]10,11,1)([14]6,11,2)([15]1,0,7)([16]6,2,4)([17]11,4,1)([18]9,14,3)([19]2,0,4)([20]13,11,6)([21]4,20,7)([22]21,2,5)([23]7,3,4)([24]22,6,5)([25]22,14,5)([26]11,24,3)([27]9,18,3)([28]4,3,3)([29]22,12,2)([30]21,2,2)([31]26,15,4)([32]29,31,3)([33]29,23,3)([34]16,33,4)([35]23,19,4)([36]35,25,1)([37]16,32,2)([38]4,17,4)([39]32,34,5)([40]18,31,3)([41]2,21,2)([42]37,35,6)([43]8,0,1)([44]2,16,5)([45]14,29,2)([46]32,9,3)([47]42,27,7)([48]29,30,5)([49]33,2,5)([50]16,36,4)([51]47,8,0)([52]19,49,5)([53]34,3,4)([54]36,46,6)([55]23,37,3)([56]16,47,4)([57]24,37,1)([58]0,50,2)([59]58,24,7)([60]39,52,5)([61]60,51,6)([62]28,41,2)([63]61,52,4)([64]53,53,4)([65]61,12,4)([66]22,54,2)([67]61,12,4)([68]12,8,5)([69]29,1,6)([70]62,36,5)([71]2,21,4)([72]71,51,1)([73]4,3,7)([74]29,15,0)([75]63,10,3)([76]23,40,6)([77]0,56,2)([78]28,51,3)([79]0,25,3)([80]76,65,6)([81]16,71,7)([82]52,7,6)([83]28,72,0)([84]61,72,4)([85]66,38,5)([86]84,85,7)(86)
evaluations: 39240966
first invidual area: 133.51
{7,1,80,1,2,1,8}([7]2,5,2)([8]7,6,6)([9]4,0,4)([10]4,1,7)([11]8,3,6)([12]1,9,3)([13]7,9,0)([14]11,6,2)([15]8,1,5)([16]1,3,5)([17]10,9,4)([18]9,14,6)([19]0,2,4)([20]10,11,6)([21]20,4,7)([22]2,21,5)([23]8,0,5)([24]3,6,5)([25]5,1,7)([26]24,25,3)([27]7,3,4)([28]6,2,7)([29]22,25,2)([30]1,7,1)([31]26,17,4)([32]29,31,3)([33]27,29,3)([34]33,28,7)([35]33,19,4)([36]22,19,3)([37]1,30,6)([38]17,17,5)([39]29,19,0)([40]37,35,3)([41]33,32,2)([42]41,35,6)([43]2,33,5)([44]9,32,3)([45]21,21,7)([46]5,42,4)([47]18,42,4)([48]41,10,4)([49]23,48,0)([50]48,6,4)([51]8,7,5)([52]19,43,5)([53]16,14,3)([54]42,44,6)([55]30,30,4)([56]46,43,5)([57]28,35,3)([58]12,35,0)([59]32,34,5)([60]59,52,5)([61]60,47,6)([62]43,37,0)([63]42,22,6)([64]9,44,7)([65]7,61,7)([66]22,54,2)([67]49,35,4)([68]60,40,6)([69]16,41,5)([70]62,2,4)([71]47,33,5)([72]5,61,0)([73]40,46,6)([74]27,64,2)([75]52,51,5)([76]22,34,1)([77]5,49,7)([78]46,44,6)([79]74,58,0)([80]49,57,0)([81]21,2,4)([82]45,79,1)([83]21,26,2)([84]61,81,7)([85]66,15,5)([86]84,85,7)(86)
optimized area: 122.75
time: 576494 ms
seed: 1634173346
{7,1,80,1,2,1,8}([7]6,1,2)([8]0,4,4)([9]7,3,3)([10]1,2,7)([11]6,10,4)([12]4,9,4)([13]5,11,4)([14]6,4,5)([15]14,0,0)([16]0,5,4)([17]3,5,7)([18]6,10,5)([19]7,15,6)([20]16,3,6)([21]10,9,7)([22]13,0,6)([23]8,3,7)([24]8,11,5)([25]14,3,2)([26]25,21,4)([27]10,21,7)([28]24,0,1)([29]1,17,6)([30]0,23,7)([31]17,26,7)([32]24,26,5)([33]16,31,3)([34]22,26,3)([35]8,28,2)([36]23,28,2)([37]20,18,4)([38]12,2,5)([39]23,22,1)([40]13,12,3)([41]33,37,4)([42]37,31,7)([43]38,19,5)([44]29,12,7)([45]6,17,7)([46]29,40,2)([47]39,14,6)([48]47,46,6)([49]7,14,6)([50]12,37,4)([51]48,49,4)([52]36,1,7)([53]50,45,3)([54]42,37,4)([55]34,14,4)([56]38,19,6)([57]43,55,5)([58]23,53,7)([59]51,42,3)([60]46,39,6)([61]46,15,1)([62]57,36,3)([63]45,32,2)([64]53,52,3)([65]55,4,7)([66]62,51,2)([67]42,64,6)([68]10,61,0)([69]61,10,0)([70]66,67,4)([71]65,43,6)([72]44,8,7)([73]21,14,7)([74]51,22,4)([75]60,22,4)([76]9,9,0)([77]74,42,6)([78]7,1,3)([79]67,32,3)([80]18,8,6)([81]24,22,4)([82]35,5,2)([83]75,20,0)([84]77,70,0)([85]63,67,2)([86]66,79,4)(70)
evaluations: 18900813
first invidual area: 147.59
{7,1,80,1,2,1,8}([7]1,4,7)([8]3,0,3)([9]6,1,2)([10]2,1,4)([11]6,10,7)([12]3,4,4)([13]5,11,4)([14]12,13,3)([15]3,9,3)([16]6,4,5)([17]3,5,7)([18]0,13,6)([19]1,16,6)([20]10,15,7)([21]16,13,7)([22]1,17,6)([23]12,0,7)([24]23,3,2)([25]16,3,5)([26]25,20,4)([27]18,26,6)([28]15,27,3)([29]12,11,4)([30]22,17,0)([31]17,8,4)([32]16,24,0)([33]16,25,1)([34]2,25,4)([35]4,24,5)([36]11,24,2)([37]31,26,4)([38]34,25,0)([39]35,32,2)([40]15,1,3)([41]27,35,3)([42]39,7,3)([43]6,41,3)([44]23,33,2)([45]6,17,7)([46]22,14,2)([47]32,23,7)([48]44,46,6)([49]33,27,4)([50]32,37,7)([51]48,19,4)([52]18,30,0)([53]29,50,3)([54]24,1,7)([55]53,39,3)([56]46,45,0)([57]35,49,5)([58]25,42,3)([59]26,8,6)([60]29,17,6)([61]6,50,5)([62]36,57,3)([63]2,9,6)([64]53,54,3)([65]42,34,7)([66]51,62,5)([67]45,64,3)([68]3,14,1)([69]6,34,0)([70]30,36,5)([71]67,66,4)([72]39,47,7)([73]19,11,0)([74]1,11,4)([75]14,59,3)([76]57,19,2)([77]68,67,5)([78]65,22,1)([79]26,52,6)([80]55,52,3)([81]65,13,6)([82]74,7,1)([83]60,21,3)([84]49,47,4)([85]52,63,6)([86]38,67,7)(71)
optimized area: 130.26
time: 608018 ms
seed: 1634220550
{7,1,80,1,2,1,8}([7]3,1,4)([8]1,2,2)([9]7,6,0)([10]0,2,4)([11]6,5,3)([12]8,10,7)([13]9,10,7)([14]11,1,7)([15]4,4,0)([16]14,5,6)([17]16,5,7)([18]2,1,4)([19]10,6,2)([20]17,0,6)([21]20,13,3)([22]20,6,3)([23]10,14,7)([24]1,4,7)([25]3,9,3)([26]12,5,7)([27]6,18,4)([28]12,1,0)([29]25,16,3)([30]24,22,4)([31]27,30,4)([32]29,27,2)([33]7,31,7)([34]25,9,4)([35]19,15,3)([36]16,5,6)([37]21,27,7)([38]23,4,1)([39]30,34,6)([40]22,8,1)([41]32,33,4)([42]25,17,4)([43]37,31,3)([44]40,7,7)([45]25,35,2)([46]40,8,5)([47]37,33,4)([48]12,25,5)([49]45,42,3)([50]48,17,6)([51]20,2,7)([52]23,41,5)([53]18,49,5)([54]20,14,3)([55]47,26,6)([56]34,52,3)([57]22,46,4)([58]34,37,6)([59]53,3,5)([60]43,56,2)([61]38,44,1)([62]26,51,7)([63]46,4,6)([64]3,59,7)([65]46,22,0)([66]23,25,0)([67]60,55,3)([68]4,32,3)([69]28,24,5)([70]42,10,6)([71]21,50,5)([72]65,22,5)([73]57,67,3)([74]29,10,6)([75]8,64,1)([76]40,10,3)([77]32,40,5)([78]12,30,1)([79]56,69,4)([80]51,51,2)([81]19,56,7)([82]3,27,1)([83]34,42,2)([84]73,53,4)([85]9,38,4)([86]6,25,0)(84)
evaluations: 36265610
first invidual area: 149.96
{7,1,80,1,2,1,8}([7]3,1,4)([8]2,1,2)([9]5,6,3)([10]2,0,4)([11]1,5,0)([12]8,5,7)([13]7,10,7)([14]9,11,7)([15]14,14,1)([16]7,7,3)([17]15,5,6)([18]1,2,4)([19]10,0,2)([20]0,17,6)([21]20,13,3)([22]6,20,3)([23]10,14,7)([24]11,22,4)([25]3,11,3)([26]12,10,7)([27]6,18,4)([28]10,3,3)([29]25,12,3)([30]4,24,4)([31]27,30,7)([32]29,27,5)([33]16,31,7)([34]30,25,2)([35]27,33,3)([36]34,19,3)([37]21,27,7)([38]13,31,3)([39]17,25,4)([40]31,37,3)([41]32,33,7)([42]41,23,5)([43]1,22,2)([44]16,1,5)([45]22,23,2)([46]12,31,0)([47]37,33,4)([48]35,37,0)([49]36,39,3)([50]18,12,2)([51]29,41,2)([52]35,43,0)([53]18,49,5)([54]38,48,2)([55]47,26,6)([56]34,42,3)([57]8,22,6)([58]33,29,6)([59]51,28,7)([60]40,56,2)([61]28,50,7)([62]59,24,0)([63]10,48,0)([64]54,53,5)([65]38,23,5)([66]22,54,3)([67]60,55,3)([68]59,29,7)([69]65,35,6)([70]61,28,0)([71]53,6,3)([72]20,63,3)([73]57,67,3)([74]69,7,4)([75]46,19,3)([76]31,9,2)([77]72,10,4)([78]75,4,6)([79]27,77,1)([80]73,12,5)([81]36,54,3)([82]44,27,5)([83]13,26,0)([84]73,53,4)([85]50,9,4)([86]81,61,0)(84)
optimized area: 135.89
time: 573448 ms
seed: 1634317613
{7,1,80,1,2,1,8}([7]1,4,7)([8]1,5,6)([9]7,2,5)([10]8,3,1)([11]0,4,6)([12]2,11,6)([13]6,1,4)([14]3,5,6)([15]12,10,3)([16]13,2,4)([17]16,11,4)([18]17,5,5)([19]14,13,2)([20]13,12,1)([21]12,13,7)([22]9,18,2)([23]0,6,4)([24]4,6,3)([25]11,17,7)([26]21,2,5)([27]13,22,0)([28]4,11,3)([29]12,6,3)([30]5,28,4)([31]17,24,1)([32]23,15,5)([33]10,1,2)([34]1,8,7)([35]8,18,4)([36]33,24,6)([37]35,4,1)([38]26,8,4)([39]14,35,4)([40]35,5,3)([41]7,38,2)([42]3,19,4)([43]8,1,3)([44]31,14,0)([45]39,27,7)([46]45,14,7)([47]32,45,4)([48]29,20,0)([49]20,46,1)([50]9,36,7)([51]45,10,0)([52]31,10,4)([53]5,1,7)([54]18,44,1)([55]13,27,7)([56]53,14,6)([57]22,12,3)([58]6,57,4)([59]47,33,1)([60]52,58,5)([61]41,42,3)([62]8,4,4)([63]29,1,3)([64]18,13,2)([65]17,53,4)([66]38,30,6)([67]34,9,4)([68]57,25,4)([69]39,18,5)([70]10,38,7)([71]47,66,6)([72]0,63,2)([73]60,61,5)([74]11,25,1)([75]71,73,6)([76]55,49,2)([77]45,50,4)([78]68,37,1)([79]50,32,2)([80]51,47,4)([81]78,75,7)([82]28,29,3)([83]46,19,2)([84]40,44,1)([85]51,52,3)([86]46,34,3)(81)
evaluations: 25389698
first invidual area: 132.60
{7,1,80,1,2,1,8}([7]4,1,7)([8]5,1,6)([9]4,3,7)([10]8,3,1)([11]4,0,6)([12]2,11,6)([13]1,6,4)([14]3,5,6)([15]14,8,3)([16]2,13,4)([17]16,11,4)([18]5,17,5)([19]18,18,3)([20]13,14,2)([21]10,2,2)([22]16,1,1)([23]8,17,4)([24]10,12,3)([25]13,10,5)([26]25,6,4)([27]0,19,4)([28]15,24,6)([29]7,2,5)([30]24,27,5)([31]15,0,0)([32]1,20,4)([33]27,17,5)([34]25,2,5)([35]4,1,0)([36]14,29,1)([37]35,27,6)([38]8,34,4)([39]22,29,3)([40]33,17,4)([41]7,38,2)([42]3,41,3)([43]18,29,2)([44]18,19,5)([45]5,21,1)([46]9,22,2)([47]25,8,3)([48]5,37,6)([49]12,19,2)([50]48,38,6)([51]35,50,2)([52]34,37,4)([53]22,3,7)([54]30,14,4)([55]54,26,4)([56]39,9,5)([57]12,43,3)([58]6,57,4)([59]34,13,4)([60]0,39,0)([61]20,42,3)([62]28,12,6)([63]10,27,5)([64]23,58,5)([65]0,55,1)([66]16,57,7)([67]5,66,7)([68]38,18,1)([69]40,60,7)([70]68,67,0)([71]55,50,6)([72]56,19,6)([73]61,64,5)([74]29,8,3)([75]73,71,3)([76]22,10,0)([77]25,1,3)([78]77,32,7)([79]66,75,7)([80]69,48,7)([81]47,74,1)([82]0,24,7)([83]50,78,4)([84]10,40,6)([85]76,63,4)([86]36,38,0)(79)
optimized area: 112.90
time: 588490 ms
seed: 1634358192
{7,1,80,1,2,1,8}([7]6,0,7)([8]2,0,4)([9]8,0,3)([10]3,5,3)([11]5,7,2)([12]1,4,7)([13]3,4,7)([14]1,5,4)([15]2,5,2)([16]14,0,1)([17]6,15,6)([18]8,14,3)([19]12,6,2)([20]16,11,5)([21]4,11,7)([22]3,17,6)([23]11,10,0)([24]9,19,4)([25]5,7,6)([26]25,25,5)([27]22,18,5)([28]16,0,6)([29]3,10,0)([30]9,10,4)([31]19,27,3)([32]12,3,3)([33]27,12,0)([34]2,31,7)([35]5,4,5)([36]22,30,2)([37]17,28,0)([38]3,25,5)([39]8,12,6)([40]36,9,0)([41]33,10,3)([42]14,24,7)([43]21,30,4)([44]26,14,1)([45]5,32,7)([46]33,5,5)([47]8,20,7)([48]36,5,3)([49]0,23,0)([50]46,0,6)([51]1,34,7)([52]0,8,5)([53]52,27,4)([54]7,17,4)([55]43,28,6)([56]36,4,2)([57]41,49,4)([58]53,55,6)([59]8,26,6)([60]47,45,4)([61]25,30,2)([62]17,5,6)([63]21,36,5)([64]27,61,2)([65]13,34,2)([66]65,20,1)([67]53,20,3)([68]66,42,5)([69]64,65,1)([70]60,68,2)([71]25,70,4)([72]58,43,7)([73]67,52,5)([74]58,71,2)([75]47,35,0)([76]31,32,3)([77]23,32,4)([78]9,42,4)([79]33,57,4)([80]48,35,5)([81]51,74,7)([82]10,6,7)([83]34,70,1)([84]5,25,1)([85]33,32,4)([86]59,60,5)(81)
evaluations: 12141117
first invidual area: 134.48
{7,1,80,1,2,1,8}([7]6,0,7)([8]0,2,4)([9]8,0,3)([10]2,5,2)([11]6,10,6)([12]4,1,7)([13]3,5,6)([14]1,5,4)([15]6,2,7)([16]7,10,2)([17]1,1,1)([18]14,8,3)([19]12,6,2)([20]9,19,7)([21]13,16,3)([22]11,3,6)([23]8,2,0)([24]5,7,3)([25]1,2,4)([26]4,21,4)([27]22,18,5)([28]14,24,1)([29]12,3,6)([30]0,28,6)([31]19,27,3)([32]17,15,0)([33]32,3,3)([34]21,0,1)([35]20,28,7)([36]21,26,1)([37]0,23,5)([38]9,26,4)([39]38,30,6)([40]7,0,6)([41]10,22,6)([42]28,7,5)([43]14,16,6)([44]37,27,4)([45]20,20,7)([46]12,0,0)([47]18,17,0)([48]13,11,2)([49]45,3,3)([50]5,42,5)([51]17,9,3)([52]35,18,1)([53]26,35,7)([54]23,29,7)([55]43,36,7)([56]12,55,1)([57]2,28,2)([58]56,20,0)([59]23,52,0)([60]50,54,4)([61]46,24,4)([62]14,27,7)([63]39,44,6)([64]31,25,4)([65]9,0,0)([66]15,14,0)([67]3,4,5)([68]67,35,5)([69]12,16,4)([70]60,68,5)([71]24,70,4)([72]18,24,2)([73]17,67,4)([74]71,63,5)([75]3,0,4)([76]17,38,3)([77]36,12,0)([78]49,35,3)([79]49,45,5)([80]34,60,7)([81]52,66,4)([82]80,25,2)([83]82,62,3)([84]8,6,0)([85]64,74,4)([86]53,20,6)(85)
optimized area: 121.81
time: 612388 ms
seed: 1634407049
{7,1,80,1,2,1,8}([7]0,2,3)([8]1,4,4)([9]7,3,4)([10]0,2,4)([11]2,4,5)([12]6,9,7)([13]9,4,3)([14]8,12,2)([15]5,13,4)([16]10,15,6)([17]5,13,0)([18]11,0,1)([19]13,6,2)([20]16,14,4)([21]20,15,3)([22]19,21,3)([23]11,6,4)([24]23,8,6)([25]12,24,5)([26]19,7,6)([27]25,17,3)([28]14,24,7)([29]20,6,5)([30]10,6,3)([31]26,20,3)([32]26,20,5)([33]28,6,1)([34]31,2,0)([35]17,34,2)([36]1,27,2)([37]24,35,6)([38]30,37,6)([39]7,22,7)([40]20,18,2)([41]32,13,3)([42]32,23,5)([43]39,41,4)([44]41,36,4)([45]12,24,7)([46]38,36,4)([47]12,2,0)([48]24,31,3)([49]2,26,7)([50]10,1,2)([51]0,14,0)([52]29,32,0)([53]46,16,6)([54]43,49,6)([55]12,45,6)([56]29,28,3)([57]5,33,4)([58]50,26,3)([59]46,41,2)([60]12,37,0)([61]16,18,1)([62]34,36,0)([63]21,42,6)([64]40,25,6)([65]57,63,5)([66]27,32,2)([67]53,56,4)([68]52,45,5)([69]20,24,5)([70]19,50,3)([71]14,28,0)([72]61,13,7)([73]51,53,2)([74]73,0,3)([75]69,24,2)([76]43,71,6)([77]29,42,1)([78]74,23,0)([79]67,54,4)([80]5,58,2)([81]33,70,1)([82]68,47,2)([83]60,71,3)([84]5,15,7)([85]2,30,7)([86]26,44,4)(79)
evaluations: 5058241
first invidual area: 119.94
{7,1,80,1,2,1,8}([7]2,0,3)([8]4,1,4)([9]3,7,4)([10]0,2,4)([11]2,4,5)([12]6,9,7)([13]4,9,3)([14]12,8,2)([15]13,5,4)([16]15,10,6)([17]16,8,0)([18]6,13,2)([19]6,11,4)([20]14,16,4)([21]18,20,3)([22]21,15,6)([23]13,17,5)([24]8,19,6)([25]24,12,5)([26]6,10,6)([27]24,14,6)([28]5,8,5)([29]21,12,1)([30]25,5,3)([31]11,18,1)([32]0,27,5)([33]9,12,7)([34]10,0,2)([35]32,5,2)([36]30,1,5)([37]35,24,3)([38]17,4,2)([39]19,21,1)([40]22,7,7)([41]29,13,3)([42]37,26,5)([43]22,16,4)([44]40,41,2)([45]6,20,5)([46]42,36,4)([47]19,5,1)([48]45,38,4)([49]22,38,6)([50]38,27,3)([51]11,39,6)([52]27,45,3)([53]26,44,5)([54]4,46,5)([55]44,34,6)([56]44,30,1)([57]30,0,6)([58]25,22,4)([59]48,6,5)([60]22,53,4)([61]7,43,4)([62]4,3,0)([63]56,61,3)([64]15,20,5)([65]5,45,4)([66]17,46,6)([67]66,52,4)([68]6,0,4)([69]55,30,4)([70]67,8,3)([71]25,64,0)([72]51,42,5)([73]60,5,4)([74]59,8,3)([75]18,18,2)([76]55,34,6)([77]31,45,0)([78]57,58,3)([79]23,6,0)([80]1,64,4)([81]21,0,6)([82]70,2,4)([83]44,31,4)([84]55,67,4)([85]30,49,4)([86]70,30,4)(84)
optimized area: 108.67
time: 643876 ms
seed: 1634456143
{7,1,80,1,2,1,8}([7]1,6,6)([8]1,2,3)([9]8,5,4)([10]4,3,5)([11]6,0,2)([12]11,9,3)([13]6,4,2)([14]4,10,4)([15]0,5,4)([16]11,7,7)([17]6,12,2)([18]1,3,7)([19]16,9,5)([20]13,17,3)([21]5,4,4)([22]12,15,2)([23]13,11,6)([24]3,12,4)([25]13,15,3)([26]3,18,3)([27]10,24,5)([28]2,13,7)([29]23,14,2)([30]27,20,3)([31]10,30,2)([32]21,1,2)([33]27,0,4)([34]27,16,2)([35]31,21,1)([36]32,34,3)([37]10,4,3)([38]28,29,2)([39]35,6,5)([40]36,33,2)([41]31,26,2)([42]37,40,7)([43]40,28,3)([44]24,39,7)([45]1,41,4)([46]43,45,7)([47]46,17,6)([48]19,42,0)([49]40,28,1)([50]46,38,3)([51]37,17,6)([52]40,36,5)([53]36,22,6)([54]20,13,5)([55]40,48,6)([56]50,20,4)([57]50,42,4)([58]3,35,0)([59]43,35,2)([60]58,56,7)([61]38,23,2)([62]28,24,2)([63]46,26,3)([64]28,53,5)([65]39,36,7)([66]11,54,0)([67]36,4,4)([68]45,60,0)([69]66,6,4)([70]56,64,2)([71]64,7,7)([72]36,12,6)([73]52,27,0)([74]72,38,3)([75]37,53,3)([76]59,61,6)([77]76,12,2)([78]47,72,7)([79]15,3,3)([80]7,30,0)([81]5,76,7)([82]7,71,2)([83]30,32,4)([84]62,33,0)([85]82,39,0)([86]47,33,6)(70)
evaluations: 20823231
first invidual area: 115.71
{7,1,80,1,2,1,8}([7]6,1,6)([8]1,2,3)([9]5,8,4)([10]4,3,5)([11]6,0,2)([12]11,9,3)([13]6,4,2)([14]10,9,2)([15]11,2,6)([16]5,0,4)([17]6,12,2)([18]8,12,5)([19]3,12,4)([20]1,14,1)([21]5,4,4)([22]12,16,2)([23]10,4,5)([24]0,0,3)([25]21,1,2)([26]3,20,3)([27]10,19,5)([28]13,2,7)([29]15,23,2)([30]27,17,3)([31]30,10,2)([32]3,4,6)([33]7,11,6)([34]27,33,2)([35]27,0,4)([36]25,34,3)([37]16,12,1)([38]28,29,2)([39]38,23,2)([40]36,35,2)([41]26,31,5)([42]19,7,0)([43]40,28,3)([44]41,3,7)([45]43,20,7)([46]41,45,4)([47]20,32,4)([48]18,14,1)([49]12,40,2)([50]38,46,6)([51]11,3,5)([52]3,31,0)([53]43,37,4)([54]36,22,6)([55]17,13,6)([56]46,15,6)([57]50,55,4)([58]46,23,1)([59]57,28,0)([60]37,5,6)([61]44,0,5)([62]25,56,4)([63]20,16,6)([64]36,7,5)([65]0,29,0)([66]28,16,7)([67]31,29,6)([68]16,37,2)([69]28,46,4)([70]59,57,0)([71]49,53,0)([72]28,54,5)([73]4,12,5)([74]54,37,5)([75]6,34,4)([76]2,31,7)([77]19,37,3)([78]65,41,1)([79]73,2,2)([80]16,49,6)([81]44,60,0)([82]1,46,6)([83]9,44,2)([84]70,72,2)([85]15,78,7)([86]32,26,6)(84)
optimized area: 106.78
time: 605298 ms
seed: 1634516284
{7,1,80,1,2,1,8}([7]4,1,7)([8]6,0,7)([9]7,4,2)([10]5,1,6)([11]2,1,7)([12]0,5,1)([13]2,5,2)([14]2,3,4)([15]3,4,7)([16]9,3,5)([17]4,6,3)([18]5,11,3)([19]17,13,6)([20]10,14,2)([21]16,0,4)([22]16,14,7)([23]21,13,7)([24]3,23,4)([25]18,13,6)([26]24,20,4)([27]11,17,6)([28]5,27,4)([29]9,28,1)([30]15,28,4)([31]10,10,2)([32]10,6,6)([33]30,20,7)([34]21,29,6)([35]29,3,7)([36]27,29,3)([37]25,11,2)([38]22,6,6)([39]18,26,2)([40]23,33,6)([41]36,32,3)([42]22,39,6)([43]25,11,5)([44]23,20,3)([45]30,21,2)([46]33,11,7)([47]44,44,5)([48]24,34,6)([49]35,41,0)([50]19,34,7)([51]15,41,6)([52]46,51,0)([53]7,32,6)([54]45,51,4)([55]38,48,7)([56]19,54,2)([57]53,42,6)([58]38,1,5)([59]6,57,7)([60]46,20,5)([61]31,51,0)([62]34,20,0)([63]55,40,4)([64]53,39,6)([65]19,59,7)([66]52,7,4)([67]62,43,1)([68]31,22,6)([69]65,63,5)([70]29,24,5)([71]56,49,5)([72]41,13,6)([73]29,46,2)([74]11,71,2)([75]9,42,4)([76]49,4,3)([77]8,12,3)([78]19,51,1)([79]20,73,0)([80]44,79,7)([81]76,26,7)([82]0,12,0)([83]40,6,0)([84]69,74,4)([85]27,57,6)([86]85,26,0)(84)
evaluations: 41270330
first invidual area: 149.94
{7,1,80,1,2,1,8}([7]1,4,7)([8]4,7,2)([9]8,1,1)([10]1,5,6)([11]1,2,7)([12]0,9,2)([13]2,5,2)([14]3,2,4)([15]3,4,7)([16]15,8,5)([17]6,4,3)([18]11,5,3)([19]17,13,6)([20]14,10,5)([21]0,16,4)([22]16,14,7)([23]13,21,7)([24]23,3,4)([25]6,7,5)([26]8,13,1)([27]11,17,3)([28]5,15,4)([29]6,22,5)([30]28,27,4)([31]6,15,0)([32]31,10,6)([33]30,20,7)([34]21,26,6)([35]22,32,0)([36]18,24,2)([37]31,6,7)([38]35,6,3)([39]8,23,0)([40]23,33,6)([41]25,14,7)([42]35,37,6)([43]35,9,0)([44]34,6,0)([45]37,37,5)([46]19,27,4)([47]41,18,0)([48]31,10,5)([49]30,13,0)([50]35,36,6)([51]48,18,2)([52]24,44,3)([53]7,32,6)([54]12,48,5)([55]52,38,7)([56]19,5,2)([57]53,50,6)([58]42,36,3)([59]31,57,4)([60]3,10,3)([61]8,50,5)([62]13,54,4)([63]55,40,4)([64]32,33,6)([65]19,59,4)([66]37,27,5)([67]1,44,0)([68]26,43,5)([69]65,63,5)([70]40,54,6)([71]56,40,5)([72]36,0,1)([73]16,10,3)([74]11,71,5)([75]13,27,4)([76]0,65,2)([77]60,7,7)([78]2,37,4)([79]75,68,6)([80]37,48,7)([81]22,38,0)([82]74,78,4)([83]60,22,4)([84]69,74,7)([85]21,36,6)([86]64,14,6)(84)
optimized area: 125.57
time: 544838 ms
seed: 1634615505
{7,1,80,1,2,1,8}([7]1,0,1)([8]4,7,3)([9]8,2,7)([10]6,4,7)([11]1,8,2)([12]3,0,5)([13]6,8,4)([14]3,0,3)([15]5,14,0)([16]4,14,3)([17]5,6,4)([18]3,16,6)([19]1,12,2)([20]12,17,5)([21]2,3,4)([22]3,1,1)([23]9,3,7)([24]11,8,0)([25]4,20,4)([26]3,15,4)([27]19,6,3)([28]12,26,2)([29]3,20,4)([30]2,24,3)([31]26,4,4)([32]31,23,5)([33]14,1,7)([34]25,8,5)([35]23,17,2)([36]7,35,0)([37]10,9,7)([38]35,0,3)([39]32,21,4)([40]14,15,6)([41]24,17,3)([42]25,13,2)([43]16,37,7)([44]30,2,3)([45]27,10,2)([46]26,9,0)([47]19,30,2)([48]40,11,2)([49]22,48,1)([50]2,42,7)([51]38,8,7)([52]10,48,6)([53]19,12,2)([54]28,26,3)([55]32,33,6)([56]55,52,3)([57]38,24,6)([58]50,15,0)([59]18,53,0)([60]28,47,7)([61]60,51,5)([62]20,11,0)([63]34,22,4)([64]61,23,2)([65]16,8,1)([66]21,57,6)([67]22,66,7)([68]8,8,6)([69]4,53,0)([70]61,43,6)([71]24,52,5)([72]70,65,6)([73]34,5,7)([74]11,70,7)([75]35,52,0)([76]42,59,1)([77]66,4,3)([78]66,58,3)([79]78,74,2)([80]20,67,5)([81]63,72,6)([82]79,56,4)([83]31,22,6)([84]78,36,6)([85]6,51,6)([86]16,24,3)(82)
evaluations: 18467800
first invidual area: 137.75
{7,1,80,1,2,1,8}([7]1,5,1)([8]7,4,3)([9]6,6,2)([10]4,9,7)([11]6,2,3)([12]0,3,5)([13]8,8,3)([14]3,0,3)([15]6,13,4)([16]1,8,2)([17]5,9,4)([18]2,3,4)([19]2,10,7)([20]14,1,7)([21]12,17,5)([22]0,11,6)([23]18,8,4)([24]10,21,5)([25]21,4,4)([26]3,5,4)([27]24,8,1)([28]12,26,5)([29]12,5,3)([30]12,20,4)([31]23,17,2)([32]19,19,6)([33]21,19,5)([34]26,4,4)([35]31,19,5)([36]29,18,7)([37]23,7,7)([38]31,0,3)([39]29,38,7)([40]17,20,6)([41]12,1,2)([42]34,23,5)([43]13,30,7)([44]40,16,2)([45]30,3,6)([46]36,24,0)([47]11,41,5)([48]19,14,2)([49]46,16,6)([50]4,4,2)([51]38,13,7)([52]10,44,6)([53]44,30,3)([54]38,11,1)([55]42,20,6)([56]13,36,5)([57]23,37,5)([58]3,45,5)([59]15,25,5)([60]28,47,7)([61]58,30,1)([62]59,2,4)([63]55,52,6)([64]51,60,5)([65]11,58,0)([66]54,29,0)([67]61,64,7)([68]48,63,7)([69]18,66,6)([70]64,48,6)([71]68,46,2)([72]7,38,6)([73]61,18,0)([74]70,16,7)([75]9,59,4)([76]13,73,2)([77]57,23,1)([78]69,62,3)([79]78,74,5)([80]43,32,7)([81]73,23,4)([82]79,63,4)([83]32,4,6)([84]41,10,0)([85]47,6,4)([86]47,14,4)(82)
optimized area: 125.55
time: 598376 ms
seed: 1635142507
{7,1,80,1,2,1,8}([7]2,6,7)([8]2,1,4)([9]3,4,3)([10]5,2,2)([11]0,4,2)([12]11,8,7)([13]0,7,6)([14]13,3,7)([15]10,0,7)([16]2,9,7)([17]14,2,5)([18]9,12,2)([19]15,4,1)([20]15,13,6)([21]8,16,7)([22]3,0,2)([23]7,5,5)([24]15,13,1)([25]12,15,1)([26]9,14,7)([27]1,1,2)([28]8,0,4)([29]23,20,3)([30]21,2,3)([31]7,20,2)([32]23,26,0)([33]29,1,3)([34]26,6,2)([35]20,8,2)([36]26,21,5)([37]34,15,0)([38]32,11,0)([39]1,20,4)([40]8,5,2)([41]37,2,4)([42]32,29,6)([43]31,40,3)([44]34,1,6)([45]2,4,1)([46]8,4,1)([47]43,31,3)([48]32,41,5)([49]38,38,2)([50]0,23,5)([51]43,30,7)([52]20,35,4)([53]51,4,3)([54]23,5,2)([55]17,41,0)([56]51,36,4)([57]39,0,3)([58]9,33,3)([59]27,17,2)([60]18,48,0)([61]54,53,7)([62]53,12,0)([63]50,58,0)([64]57,27,5)([65]62,41,2)([66]16,28,0)([67]12,36,5)([68]60,49,6)([69]13,65,6)([70]29,67,6)([71]56,26,7)([72]3,52,6)([73]5,47,6)([74]1,50,6)([75]65,59,7)([76]75,70,4)([77]72,61,5)([78]76,0,7)([79]76,77,4)([80]31,16,1)([81]9,5,3)([82]70,6,5)([83]1,33,2)([84]62,1,0)([85]3,34,6)([86]28,72,7)(79)
evaluations: 3949639
first invidual area: 121.82
{7,1,80,1,2,1,8}([7]6,2,7)([8]2,1,4)([9]4,2,5)([10]8,9,4)([11]5,8,2)([12]7,0,6)([13]5,2,5)([14]12,3,7)([15]1,14,0)([16]13,12,5)([17]14,2,5)([18]14,2,4)([19]13,0,7)([20]1,4,4)([21]19,11,1)([22]3,4,3)([23]7,5,5)([24]0,0,4)([25]12,10,5)([26]14,22,7)([27]5,6,2)([28]7,19,2)([29]6,26,5)([30]4,11,2)([31]18,18,1)([32]23,26,3)([33]10,21,5)([34]1,0,7)([35]19,14,7)([36]33,15,3)([37]11,36,2)([38]29,36,7)([39]11,28,6)([40]29,18,2)([41]37,4,0)([42]38,19,4)([43]39,38,4)([44]15,29,7)([45]34,12,6)([46]2,29,7)([47]34,9,2)([48]23,5,5)([49]40,36,1)([50]31,42,4)([51]50,45,2)([52]19,0,2)([53]43,4,3)([54]49,30,1)([55]40,29,7)([56]8,0,4)([57]30,4,5)([58]10,52,2)([59]8,24,7)([60]16,32,0)([61]2,39,2)([62]9,34,7)([63]0,10,0)([64]61,24,1)([65]53,46,5)([66]40,9,4)([67]53,48,4)([68]25,50,0)([69]15,17,5)([70]32,33,6)([71]62,14,4)([72]28,8,4)([73]21,35,6)([74]3,58,6)([75]65,69,4)([76]75,70,7)([77]67,74,5)([78]31,7,2)([79]26,42,1)([80]47,13,2)([81]39,56,4)([82]76,77,4)([83]46,69,2)([84]57,82,3)([85]75,58,5)([86]1,4,1)(82)
optimized area: 109.15
time: 655988 ms
seed: 1635191697
{7,1,80,1,2,1,8}([7]4,2,6)([8]2,5,6)([9]3,6,4)([10]1,4,4)([11]1,6,7)([12]10,9,2)([13]1,10,7)([14]1,0,2)([15]3,5,3)([16]7,12,4)([17]8,5,7)([18]15,16,4)([19]7,3,7)([20]18,14,7)([21]8,6,7)([22]10,16,3)([23]1,2,5)([24]19,6,6)([25]20,12,4)([26]11,18,4)([27]20,15,7)([28]22,25,5)([29]12,26,6)([30]17,29,7)([31]25,6,2)([32]29,0,6)([33]29,1,1)([34]25,14,5)([35]22,9,5)([36]30,32,4)([37]20,24,6)([38]36,37,7)([39]21,16,5)([40]22,30,4)([41]5,7,2)([42]20,39,5)([43]38,42,5)([44]19,4,6)([45]3,20,4)([46]40,43,6)([47]17,37,4)([48]20,2,2)([49]48,46,6)([50]5,43,0)([51]49,32,4)([52]35,11,0)([53]11,21,4)([54]47,8,7)([55]40,36,6)([56]31,4,0)([57]11,28,0)([58]14,6,7)([59]36,23,2)([60]39,59,0)([61]7,30,6)([62]2,57,3)([63]45,62,1)([64]33,32,2)([65]3,1,4)([66]55,34,0)([67]14,54,6)([68]10,48,0)([69]14,59,4)([70]31,11,7)([71]10,36,7)([72]8,3,0)([73]28,42,0)([74]68,4,5)([75]46,51,5)([76]7,6,3)([77]14,7,5)([78]52,74,1)([79]25,67,4)([80]27,74,0)([81]70,39,0)([82]35,51,2)([83]24,71,2)([84]79,7,7)([85]49,70,7)([86]12,28,1)(85)
evaluations: 15148668
first invidual area: 118.10
{7,1,80,1,2,1,8}([7]4,2,6)([8]5,3,3)([9]6,3,4)([10]1,4,4)([11]1,6,7)([12]10,9,5)([13]9,4,0)([14]10,7,6)([15]0,5,4)([16]8,7,4)([17]1,0,5)([18]12,17,7)([19]2,9,0)([20]18,16,4)([21]18,11,4)([22]19,13,1)([23]7,3,7)([24]3,9,0)([25]16,17,4)([26]25,6,5)([27]22,5,3)([28]6,23,6)([29]25,21,6)([30]0,29,3)([31]25,9,7)([32]26,11,7)([33]29,27,4)([34]28,20,6)([35]33,7,6)([36]22,5,3)([37]32,5,7)([38]28,28,3)([39]37,11,5)([40]33,30,4)([41]19,20,2)([42]20,39,5)([43]40,34,4)([44]9,0,0)([45]7,42,1)([46]9,23,5)([47]42,17,7)([48]10,26,1)([49]5,28,0)([50]43,42,5)([51]14,17,5)([52]24,2,6)([53]45,38,4)([54]0,31,7)([55]39,17,3)([56]5,40,3)([57]26,30,7)([58]49,19,5)([59]51,5,2)([60]49,40,5)([61]43,60,2)([62]47,44,5)([63]6,7,4)([64]33,25,0)([65]14,33,7)([66]48,18,1)([67]0,50,3)([68]30,40,1)([69]6,24,5)([70]35,4,2)([71]65,50,6)([72]71,64,6)([73]42,16,6)([74]42,1,1)([75]44,28,1)([76]32,62,0)([77]41,71,3)([78]16,7,4)([79]50,30,5)([80]22,33,6)([81]3,16,1)([82]24,10,7)([83]47,50,3)([84]63,63,4)([85]77,76,7)([86]52,53,0)(85)
optimized area: 113.40
time: 634164 ms
seed: 1635345124
NOT FOUND
time: 992793 ms
seed: 1635622615
{7,1,80,1,2,1,8}([7]6,4,3)([8]2,0,4)([9]1,2,4)([10]3,1,4)([11]9,2,4)([12]5,3,6)([13]9,8,3)([14]3,13,4)([15]4,6,2)([16]0,5,6)([17]3,2,7)([18]14,13,1)([19]12,17,3)([20]11,19,1)([21]6,1,4)([22]14,6,1)([23]0,4,5)([24]23,12,4)([25]17,7,6)([26]16,15,3)([27]20,18,2)([28]2,20,7)([29]24,3,1)([30]8,1,7)([31]16,27,6)([32]14,4,3)([33]21,27,4)([34]9,5,7)([35]8,31,6)([36]2,33,1)([37]11,24,2)([38]14,25,4)([39]32,37,5)([40]28,15,7)([41]4,11,5)([42]35,6,2)([43]40,32,0)([44]19,0,5)([45]44,42,7)([46]35,22,5)([47]43,39,2)([48]41,22,2)([49]42,5,5)([50]45,26,6)([51]34,7,6)([52]4,9,4)([53]16,34,4)([54]46,5,3)([55]50,6,4)([56]17,17,7)([57]31,38,6)([58]51,17,2)([59]39,6,4)([60]24,39,7)([61]18,7,2)([62]23,48,6)([63]12,31,1)([64]41,3,6)([65]46,31,5)([66]59,14,1)([67]58,65,2)([68]49,33,4)([69]68,55,5)([70]28,10,7)([71]69,47,4)([72]48,24,3)([73]8,50,5)([74]73,49,7)([75]29,45,7)([76]24,53,6)([77]1,16,1)([78]27,62,7)([79]64,35,7)([80]76,46,6)([81]47,37,5)([82]67,71,4)([83]7,68,0)([84]14,17,1)([85]58,5,3)([86]19,64,7)(82)
evaluations: 5137439
first invidual area: 134.45
{7,1,80,1,2,1,8}([7]0,5,6)([8]2,0,4)([9]2,1,4)([10]0,4,5)([11]0,1,0)([12]3,5,6)([13]9,8,3)([14]13,3,4)([15]6,4,2)([16]1,1,0)([17]3,2,7)([18]14,4,3)([19]10,12,4)([20]14,5,5)([21]6,16,7)([22]1,14,6)([23]21,22,4)([24]12,12,3)([25]21,5,0)([26]18,5,1)([27]25,8,6)([28]27,5,5)([29]5,9,7)([30]24,22,0)([31]10,30,4)([32]15,7,3)([33]24,17,3)([34]26,9,5)([35]1,10,5)([36]29,6,3)([37]18,31,2)([38]1,37,5)([39]38,24,2)([40]26,20,5)([41]12,2,4)([42]0,33,5)([43]11,27,4)([44]10,18,3)([45]9,15,7)([46]23,28,2)([47]22,42,6)([48]14,26,7)([49]24,31,5)([50]32,47,6)([51]23,49,3)([52]38,45,5)([53]37,47,3)([54]23,6,2)([55]7,22,3)([56]4,36,6)([57]24,3,6)([58]28,37,0)([59]17,55,2)([60]46,54,1)([61]6,50,4)([62]59,56,5)([63]8,32,3)([64]11,21,3)([65]64,3,7)([66]35,23,6)([67]16,14,5)([68]9,20,5)([69]46,61,5)([70]69,36,6)([71]69,52,7)([72]24,31,7)([73]43,16,5)([74]72,10,5)([75]57,44,1)([76]71,62,7)([77]65,33,7)([78]58,26,7)([79]56,76,3)([80]72,45,3)([81]19,71,6)([82]23,0,2)([83]6,28,0)([84]44,26,7)([85]43,28,4)([86]81,57,6)(76)
optimized area: 109.15
time: 1276692 ms
seed: 1635670337
NOT FOUND
time: 1057717 ms
seed: 1635718128
NOT FOUND
time: 1066571 ms
seed: 1635765378
{7,1,80,1,2,1,8}([7]1,2,6)([8]5,7,4)([9]2,1,5)([10]9,6,7)([11]10,1,4)([12]3,8,7)([13]6,5,4)([14]2,12,2)([15]0,14,4)([16]4,11,3)([17]13,16,2)([18]16,1,5)([19]0,3,2)([20]15,10,0)([21]10,12,6)([22]3,11,7)([23]10,3,6)([24]17,15,3)([25]10,24,5)([26]20,0,2)([27]23,7,6)([28]15,9,3)([29]22,4,4)([30]8,18,5)([31]25,5,3)([32]27,30,7)([33]13,8,7)([34]32,26,3)([35]26,30,3)([36]4,34,3)([37]28,19,5)([38]28,26,7)([39]33,16,5)([40]39,15,6)([41]37,29,5)([42]41,23,6)([43]6,7,0)([44]31,11,7)([45]40,41,4)([46]45,39,1)([47]18,46,1)([48]10,22,1)([49]44,26,2)([50]5,8,0)([51]46,31,5)([52]25,46,3)([53]0,15,6)([54]26,37,7)([55]52,36,7)([56]55,54,7)([57]53,38,5)([58]39,8,4)([59]58,55,4)([60]57,17,1)([61]51,21,2)([62]22,45,7)([63]0,46,4)([64]2,7,0)([65]15,50,1)([66]49,21,4)([67]63,17,2)([68]12,6,1)([69]20,44,1)([70]53,54,1)([71]12,40,4)([72]57,28,1)([73]61,69,4)([74]65,13,6)([75]63,35,3)([76]36,3,4)([77]35,61,0)([78]66,67,5)([79]41,53,4)([80]24,39,0)([81]8,59,7)([82]19,78,6)([83]48,38,2)([84]22,77,4)([85]81,82,7)([86]41,29,0)(85)
evaluations: 9997110
first invidual area: 149.93
{7,1,80,1,2,1,8}([7]2,1,6)([8]7,5,4)([9]2,1,5)([10]6,9,7)([11]1,10,4)([12]3,8,7)([13]6,5,4)([14]2,12,5)([15]0,14,7)([16]2,7,6)([17]10,3,6)([18]9,8,4)([19]11,4,4)([20]4,19,3)([21]13,20,2)([22]20,1,5)([23]15,2,0)([24]22,10,0)([25]0,23,1)([26]0,15,2)([27]10,12,6)([28]8,24,5)([29]15,1,6)([30]4,9,0)([31]7,17,3)([32]31,28,4)([33]3,19,7)([34]20,18,5)([35]28,32,2)([36]8,21,7)([37]3,26,5)([38]23,21,3)([39]36,20,5)([40]38,10,5)([41]37,33,5)([42]39,23,3)([43]4,3,3)([44]8,32,5)([45]30,32,3)([46]45,26,3)([47]33,21,3)([48]5,22,3)([49]20,3,3)([50]27,30,2)([51]41,42,4)([52]40,51,6)([53]22,41,3)([54]37,21,5)([55]52,46,4)([56]16,23,5)([57]32,51,6)([58]27,5,0)([59]30,34,1)([60]58,18,5)([61]42,59,4)([62]13,1,0)([63]44,11,4)([64]22,42,4)([65]37,61,7)([66]38,6,5)([67]37,36,1)([68]36,55,3)([69]27,56,7)([70]37,65,5)([71]29,19,2)([72]60,56,0)([73]29,28,7)([74]2,65,5)([75]50,27,7)([76]32,21,5)([77]65,52,0)([78]69,19,5)([79]55,39,4)([80]28,13,5)([81]39,80,2)([82]54,78,6)([83]54,78,5)([84]44,26,0)([85]79,82,4)([86]57,70,6)(85)
optimized area: 123.68
time: 1325707 ms
seed: 1635812336
{7,1,80,1,2,1,8}([7]4,1,4)([8]2,0,3)([9]8,3,5)([10]9,7,5)([11]10,0,4)([12]5,1,2)([13]3,12,6)([14]1,6,3)([15]4,11,4)([16]14,11,5)([17]10,6,5)([18]2,13,7)([19]2,17,4)([20]12,8,4)([21]10,13,2)([22]1,6,7)([23]21,19,4)([24]19,14,0)([25]16,7,4)([26]2,23,5)([27]23,20,3)([28]15,22,2)([29]5,27,7)([30]20,24,1)([31]28,12,1)([32]29,18,7)([33]32,13,1)([34]16,6,2)([35]16,29,2)([36]33,1,6)([37]25,18,3)([38]37,35,3)([39]38,22,7)([40]38,39,0)([41]32,39,2)([42]26,13,1)([43]5,28,4)([44]11,39,4)([45]42,15,2)([46]0,27,2)([47]14,45,4)([48]30,10,7)([49]39,45,3)([50]22,36,0)([51]24,28,3)([52]49,40,7)([53]15,42,4)([54]41,33,0)([55]41,46,5)([56]46,9,7)([57]24,55,5)([58]20,29,7)([59]41,53,5)([60]41,54,2)([61]59,14,7)([62]18,10,1)([63]3,56,5)([64]24,58,0)([65]2,38,1)([66]54,57,6)([67]52,57,7)([68]44,4,1)([69]64,59,2)([70]40,21,7)([71]38,37,0)([72]30,48,3)([73]56,52,6)([74]66,56,3)([75]29,39,2)([76]56,21,4)([77]8,39,6)([78]58,59,5)([79]62,44,5)([80]67,60,4)([81]18,66,7)([82]58,41,3)([83]60,1,6)([84]58,39,0)([85]67,41,3)([86]48,61,5)(80)
evaluations: 33826200
first invidual area: 117.60
{7,1,80,1,2,1,8}([7]1,4,4)([8]2,0,3)([9]8,3,5)([10]9,7,5)([11]0,10,4)([12]1,5,2)([13]12,3,6)([14]6,1,3)([15]6,10,5)([16]1,6,7)([17]11,14,5)([18]2,13,7)([19]2,15,4)([20]8,12,4)([21]10,13,5)([22]4,2,2)([23]21,19,7)([24]7,17,4)([25]18,24,3)([26]22,23,2)([27]16,0,7)([28]23,20,6)([29]28,5,4)([30]29,6,0)([31]29,18,7)([32]13,27,6)([33]25,20,5)([34]5,10,7)([35]31,28,5)([36]30,31,0)([37]30,11,5)([38]25,29,3)([39]38,16,2)([40]8,6,0)([41]31,39,2)([42]8,8,4)([43]31,4,5)([44]38,35,7)([45]26,0,2)([46]10,28,5)([47]45,1,3)([48]38,43,0)([49]39,45,6)([50]25,45,0)([51]0,41,5)([52]49,38,7)([53]19,51,5)([54]8,45,7)([55]14,40,6)([56]53,24,1)([57]29,12,5)([58]47,2,0)([59]1,1,3)([60]7,43,5)([61]42,11,5)([62]19,60,3)([63]21,45,5)([64]58,46,3)([65]34,0,1)([66]51,30,3)([67]52,53,7)([68]49,33,3)([69]36,23,4)([70]1,0,7)([71]12,68,6)([72]6,54,6)([73]39,38,5)([74]27,48,6)([75]74,55,2)([76]42,47,0)([77]49,30,4)([78]52,75,1)([79]24,42,7)([80]67,41,7)([81]26,43,0)([82]71,38,2)([83]48,74,5)([84]8,53,7)([85]22,40,4)([86]45,8,5)(80)
optimized area: 104.48
time: 1211695 ms
seed: 1635855532
{7,1,80,1,2,1,8}([7]1,0,4)([8]1,4,0)([9]6,4,2)([10]2,9,6)([11]6,2,4)([12]4,6,3)([13]11,7,0)([14]3,13,7)([15]9,11,4)([16]10,1,4)([17]1,11,2)([18]5,15,6)([19]7,6,2)([20]8,18,5)([21]5,0,1)([22]16,19,7)([23]14,19,5)([24]14,12,3)([25]24,13,7)([26]12,14,2)([27]3,11,5)([28]4,24,4)([29]17,24,5)([30]22,20,1)([31]1,21,7)([32]28,3,4)([33]22,32,2)([34]25,21,6)([35]32,8,6)([36]7,35,3)([37]13,16,4)([38]15,33,1)([39]3,20,6)([40]26,33,3)([41]31,40,6)([42]27,41,4)([43]20,22,3)([44]5,22,3)([45]39,39,1)([46]32,39,2)([47]21,22,7)([48]11,36,4)([49]1,35,6)([50]20,25,3)([51]8,35,7)([52]46,31,3)([53]32,44,6)([54]53,42,3)([55]26,22,6)([56]15,54,4)([57]46,16,4)([58]36,10,7)([59]29,58,2)([60]3,53,6)([61]55,16,4)([62]56,59,3)([63]57,58,5)([64]47,35,0)([65]25,7,1)([66]47,35,7)([67]3,46,3)([68]24,48,0)([69]66,54,7)([70]65,48,4)([71]42,67,6)([72]62,63,7)([73]16,63,5)([74]46,69,4)([75]6,58,6)([76]18,57,1)([77]49,6,5)([78]13,27,2)([79]44,21,7)([80]26,49,3)([81]4,57,4)([82]62,77,7)([83]42,8,0)([84]72,71,6)([85]38,31,7)([86]43,85,2)(72)
evaluations: 39710599
first invidual area: 121.34
{7,1,80,1,2,1,8}([7]3,3,0)([8]6,6,7)([9]4,6,2)([10]9,2,6)([11]2,6,4)([12]6,4,3)([13]11,12,0)([14]13,7,7)([15]7,14,5)([16]1,10,4)([17]1,11,2)([18]1,0,4)([19]6,18,5)([20]0,8,3)([21]20,8,6)([22]16,19,4)([23]9,19,2)([24]14,12,3)([25]3,4,4)([26]4,17,0)([27]12,14,2)([28]3,10,4)([29]17,24,5)([30]5,13,6)([31]1,5,4)([32]25,24,4)([33]22,32,2)([34]32,18,6)([35]2,13,4)([36]0,34,3)([37]27,33,3)([38]14,30,5)([39]25,38,6)([40]9,11,7)([41]31,37,3)([42]15,41,7)([43]32,5,3)([44]7,0,1)([45]4,13,0)([46]1,39,5)([47]12,15,4)([48]45,9,3)([49]32,39,5)([50]34,3,6)([51]12,30,7)([52]45,9,7)([53]43,22,6)([54]53,42,6)([55]35,34,0)([56]40,54,4)([57]46,36,7)([58]36,16,7)([59]29,58,2)([60]40,48,1)([61]47,3,7)([62]56,59,3)([63]30,10,0)([64]25,9,5)([65]9,36,6)([66]25,38,5)([67]36,3,0)([68]20,7,2)([69]64,34,1)([70]14,18,7)([71]58,57,5)([72]62,71,7)([73]28,64,5)([74]58,11,7)([75]18,72,6)([76]72,60,5)([77]9,35,0)([78]61,52,4)([79]72,5,2)([80]44,47,1)([81]37,43,6)([82]65,72,4)([83]61,6,7)([84]48,33,6)([85]1,7,3)([86]4,81,7)(72)
optimized area: 119.00
time: 1104092 ms
seed: 1635897537
{7,1,80,1,2,1,8}([7]5,3,6)([8]2,7,7)([9]6,7,2)([10]2,6,7)([11]6,8,5)([12]7,1,4)([13]10,4,7)([14]4,3,4)([15]1,9,4)([16]14,5,5)([17]13,14,1)([18]15,2,7)([19]7,5,4)([20]11,10,0)([21]17,13,1)([22]0,13,4)([23]3,18,1)([24]4,16,6)([25]4,15,7)([26]2,2,3)([27]20,22,2)([28]25,17,6)([29]27,2,3)([30]11,2,1)([31]14,13,6)([32]25,23,6)([33]32,22,4)([34]31,17,3)([35]33,26,7)([36]16,34,6)([37]14,19,3)([38]13,27,3)([39]6,17,5)([40]29,37,2)([41]38,18,5)([42]36,31,5)([43]30,7,7)([44]23,3,6)([45]43,29,1)([46]42,34,2)([47]28,35,2)([48]15,31,3)([49]5,3,0)([50]43,48,4)([51]0,23,3)([52]28,40,2)([53]41,24,2)([54]51,22,3)([55]29,41,7)([56]50,53,4)([57]34,12,4)([58]3,12,6)([59]38,10,2)([60]35,39,7)([61]0,48,5)([62]49,27,0)([63]58,60,3)([64]59,48,1)([65]13,40,5)([66]18,48,1)([67]63,52,2)([68]64,56,5)([69]38,6,3)([70]15,64,7)([71]61,70,4)([72]35,26,3)([73]16,65,4)([74]68,67,7)([75]72,74,2)([76]61,62,7)([77]41,75,4)([78]43,1,3)([79]20,39,0)([80]50,18,3)([81]76,29,7)([82]70,67,3)([83]15,71,6)([84]31,8,3)([85]25,20,4)([86]59,49,1)(77)
evaluations: 6691824
first invidual area: 146.17
{7,1,80,1,2,1,8}([7]5,3,6)([8]7,2,7)([9]6,7,5)([10]2,6,7)([11]8,6,5)([12]11,0,2)([13]10,4,7)([14]8,9,7)([15]9,1,7)([16]5,1,6)([17]8,14,3)([18]14,13,1)([19]4,15,7)([20]7,11,7)([21]3,13,7)([22]19,21,6)([23]10,6,7)([24]19,16,6)([25]11,22,2)([26]13,3,6)([27]6,20,5)([28]10,12,0)([29]28,3,7)([30]2,2,0)([31]29,13,6)([32]2,15,7)([33]0,22,4)([34]32,30,3)([35]2,21,7)([36]26,4,7)([37]14,22,0)([38]13,12,3)([39]37,31,6)([40]27,24,2)([41]32,38,5)([42]36,22,6)([43]7,25,4)([44]33,1,1)([45]41,3,5)([46]16,7,7)([47]31,15,3)([48]36,43,7)([49]45,4,6)([50]20,47,4)([51]50,35,6)([52]40,13,2)([53]49,5,5)([54]11,1,2)([55]37,43,7)([56]50,53,4)([57]24,46,6)([58]49,29,4)([59]28,38,5)([60]17,7,2)([61]38,7,4)([62]33,51,3)([63]53,28,3)([64]12,8,7)([65]45,46,6)([66]56,59,5)([67]52,62,5)([68]40,6,5)([69]47,22,5)([70]11,25,1)([71]32,20,4)([72]44,2,3)([73]38,63,2)([74]66,67,4)([75]72,74,5)([76]42,69,6)([77]68,46,6)([78]31,11,7)([79]41,75,7)([80]40,66,3)([81]8,3,7)([82]73,7,7)([83]47,70,5)([84]58,74,5)([85]5,61,0)([86]34,81,4)(79)
optimized area: 123.21
time: 1373317 ms
seed: 1635933723
{7,1,80,1,2,1,8}([7]3,5,6)([8]1,2,3)([9]5,6,2)([10]2,1,0)([11]6,8,6)([12]0,8,3)([13]0,9,3)([14]9,3,1)([15]2,1,7)([16]1,4,7)([17]12,8,1)([18]15,6,7)([19]18,17,7)([20]0,16,3)([21]14,14,2)([22]21,7,2)([23]7,6,6)([24]3,12,2)([25]24,16,3)([26]1,17,7)([27]25,6,5)([28]2,3,4)([29]25,23,7)([30]27,18,7)([31]30,26,6)([32]24,0,4)([33]17,11,2)([34]2,20,0)([35]9,21,7)([36]5,4,7)([37]25,19,2)([38]3,6,2)([39]15,18,3)([40]19,27,5)([41]39,31,7)([42]29,1,1)([43]23,32,3)([44]38,11,0)([45]21,28,1)([46]21,33,5)([47]5,17,1)([48]18,10,5)([49]20,28,6)([50]14,18,4)([51]50,41,3)([52]42,47,7)([53]12,32,2)([54]22,25,6)([55]6,25,3)([56]45,25,0)([57]4,29,7)([58]5,37,3)([59]48,49,4)([60]50,28,3)([61]37,12,0)([62]57,13,2)([63]58,43,2)([64]44,28,4)([65]59,12,3)([66]58,62,1)([67]57,26,2)([68]23,67,5)([69]59,41,7)([70]62,52,1)([71]62,54,2)([72]56,7,7)([73]69,70,5)([74]33,7,1)([75]14,38,6)([76]60,63,4)([77]33,48,2)([78]76,73,6)([79]30,78,4)([80]11,67,2)([81]38,59,2)([82]59,3,2)([83]32,65,4)([84]16,81,6)([85]5,70,2)([86]82,49,7)(79)
evaluations: 33468623
first invidual area: 129.31
{7,1,80,1,2,1,8}([7]3,5,2)([8]2,0,3)([9]5,6,2)([10]3,8,2)([11]5,10,6)([12]8,1,6)([13]0,9,3)([14]2,1,7)([15]11,2,0)([16]1,4,7)([17]12,2,6)([18]14,6,7)([19]15,14,5)([20]4,19,0)([21]16,5,0)([22]18,9,6)([23]11,6,6)([24]18,12,6)([25]10,21,3)([26]5,23,0)([27]25,6,5)([28]2,3,4)([29]23,4,4)([30]27,18,7)([31]24,25,2)([32]10,29,2)([33]15,0,2)([34]22,12,3)([35]29,13,3)([36]13,16,3)([37]30,30,3)([38]28,16,1)([39]18,1,5)([40]37,17,3)([41]14,40,5)([42]3,0,4)([43]15,21,1)([44]5,36,7)([45]42,23,3)([46]21,32,4)([47]41,18,4)([48]9,45,0)([49]36,28,3)([50]44,15,0)([51]27,26,1)([52]39,49,4)([53]21,7,4)([54]17,30,6)([55]47,20,3)([56]41,51,5)([57]25,29,4)([58]26,31,3)([59]35,15,0)([60]22,28,3)([61]43,3,3)([62]43,1,3)([63]58,45,5)([64]63,60,7)([65]13,57,5)([66]12,34,4)([67]56,20,5)([68]12,5,6)([69]52,41,4)([70]44,42,4)([71]68,69,5)([72]11,19,6)([73]65,69,5)([74]53,67,7)([75]51,60,7)([76]49,4,2)([77]71,57,7)([78]64,73,3)([79]35,49,7)([80]14,3,1)([81]80,6,0)([82]5,10,2)([83]37,78,7)([84]45,58,3)([85]10,19,6)([86]78,10,6)(83)
optimized area: 111.96
time: 1129022 ms
seed: 1635969867
NOT FOUND
time: 1074415 ms
seed: 1636005822
{7,1,80,1,2,1,8}([7]5,2,3)([8]4,0,6)([9]6,1,4)([10]6,2,4)([11]3,4,7)([12]10,1,6)([13]10,2,4)([14]3,2,7)([15]11,12,4)([16]15,5,4)([17]11,6,3)([18]10,3,4)([19]10,17,1)([20]7,15,2)([21]18,16,5)([22]14,17,7)([23]20,0,4)([24]16,9,3)([25]8,6,6)([26]22,24,4)([27]24,20,5)([28]8,27,4)([29]28,21,2)([30]16,22,2)([31]20,16,1)([32]3,26,4)([33]4,32,6)([34]25,19,2)([35]29,34,5)([36]13,3,7)([37]34,23,4)([38]33,24,5)([39]38,1,4)([40]7,28,6)([41]10,14,0)([42]22,11,1)([43]25,30,6)([44]3,0,4)([45]2,21,1)([46]25,3,6)([47]0,26,5)([48]26,8,2)([49]13,25,5)([50]41,35,3)([51]19,44,6)([52]29,3,3)([53]27,40,7)([54]15,46,7)([55]16,50,7)([56]37,0,5)([57]43,50,4)([58]21,51,1)([59]38,36,4)([60]36,24,3)([61]25,17,1)([62]44,3,0)([63]57,39,2)([64]52,48,4)([65]7,53,7)([66]31,27,3)([67]19,16,2)([68]57,44,6)([69]56,60,7)([70]8,56,1)([71]63,37,5)([72]51,3,0)([73]64,71,7)([74]58,38,3)([75]24,34,6)([76]34,10,7)([77]59,48,3)([78]73,47,0)([79]72,73,7)([80]29,40,1)([81]24,7,6)([82]8,66,6)([83]65,43,3)([84]59,46,3)([85]79,9,4)([86]52,9,1)(85)
evaluations: 33475912
first invidual area: 144.33
{7,1,80,1,2,1,8}([7]2,3,7)([8]4,0,6)([9]6,1,4)([10]2,6,4)([11]4,3,7)([12]9,2,3)([13]10,1,6)([14]3,10,3)([15]13,11,4)([16]5,15,4)([17]6,11,5)([18]10,15,0)([19]18,7,1)([20]12,15,2)([21]16,14,5)([22]10,17,4)([23]0,20,4)([24]16,9,3)([25]8,6,6)([26]24,22,4)([27]24,20,5)([28]27,8,4)([29]28,21,2)([30]16,7,2)([31]2,26,4)([32]29,10,1)([33]4,31,3)([34]25,22,5)([35]0,29,0)([36]4,23,5)([37]34,23,7)([38]24,10,7)([39]33,1,4)([40]38,33,5)([41]3,29,6)([42]35,3,4)([43]25,30,3)([44]6,21,6)([45]1,41,7)([46]4,42,4)([47]26,8,5)([48]46,40,1)([49]25,17,3)([50]49,37,3)([51]31,2,1)([52]47,41,7)([53]13,29,5)([54]35,35,6)([55]30,16,6)([56]12,49,7)([57]43,53,2)([58]10,42,5)([59]52,34,6)([60]37,26,3)([61]53,39,4)([62]9,59,2)([63]57,39,2)([64]55,40,3)([65]15,11,3)([66]33,62,7)([67]22,9,7)([68]2,52,4)([69]16,34,4)([70]24,19,6)([71]63,37,5)([72]53,39,6)([73]52,71,4)([74]44,27,5)([75]42,66,6)([76]21,30,1)([77]42,19,6)([78]38,60,6)([79]77,73,4)([80]23,72,7)([81]58,29,5)([82]0,58,7)([83]54,75,1)([84]71,37,4)([85]79,9,7)([86]14,42,7)(85)
optimized area: 134.01
time: 1148647 ms
seed: 1636040364
{7,1,80,1,2,1,8}([7]6,5,7)([8]7,6,6)([9]2,3,4)([10]2,6,7)([11]0,5,7)([12]6,1,6)([13]1,4,1)([14]3,13,6)([15]4,8,3)([16]12,0,3)([17]2,11,3)([18]8,0,6)([19]2,15,4)([20]16,5,7)([21]10,11,1)([22]5,9,6)([23]20,6,6)([24]3,23,3)([25]3,0,6)([26]24,17,4)([27]11,14,0)([28]1,26,5)([29]13,22,3)([30]4,9,3)([31]14,5,7)([32]10,29,5)([33]21,20,7)([34]1,2,7)([35]28,13,4)([36]24,14,2)([37]17,9,2)([38]3,1,3)([39]16,30,7)([40]35,19,6)([41]32,37,4)([42]40,34,4)([43]42,1,0)([44]39,26,6)([45]10,39,6)([46]45,40,3)([47]15,31,7)([48]15,14,2)([49]43,35,0)([50]41,47,3)([51]22,19,3)([52]11,50,1)([53]41,35,3)([54]33,50,3)([55]24,54,4)([56]24,16,1)([57]0,54,0)([58]26,57,6)([59]44,24,3)([60]23,20,3)([61]10,40,7)([62]31,35,5)([63]54,59,7)([64]33,27,7)([65]60,54,2)([66]5,3,5)([67]24,33,0)([68]67,6,1)([69]23,65,6)([70]46,15,1)([71]30,56,2)([72]43,59,2)([73]9,69,2)([74]40,61,4)([75]5,23,7)([76]16,40,5)([77]42,63,4)([78]67,60,6)([79]22,49,6)([80]0,71,6)([81]79,77,6)([82]12,75,1)([83]58,19,5)([84]14,56,2)([85]70,81,4)([86]39,80,1)(85)
evaluations: 22845445
first invidual area: 141.50
{7,1,80,1,2,1,8}([7]5,6,1)([8]1,5,5)([9]3,2,4)([10]6,2,7)([11]7,0,4)([12]1,6,6)([13]4,1,0)([14]7,6,6)([15]14,4,3)([16]0,12,6)([17]2,11,3)([18]1,2,7)([19]3,12,6)([20]5,16,4)([21]8,10,5)([22]5,9,6)([23]20,6,6)([24]23,3,3)([25]24,17,7)([26]1,19,6)([27]3,18,1)([28]17,9,5)([29]11,13,0)([30]16,4,6)([31]20,26,2)([32]18,13,3)([33]20,10,4)([34]1,25,2)([35]9,4,6)([36]7,19,4)([37]2,15,4)([38]37,2,6)([39]16,35,7)([40]34,37,6)([41]21,28,7)([42]31,18,0)([43]23,15,4)([44]17,39,6)([45]10,39,6)([46]40,45,6)([47]15,36,7)([48]28,18,3)([49]12,29,6)([50]41,47,3)([51]31,12,2)([52]50,33,3)([53]49,2,4)([54]35,0,7)([55]4,44,4)([56]19,32,7)([57]10,34,7)([58]14,8,5)([59]44,24,6)([60]28,15,2)([61]23,13,4)([62]40,60,4)([63]59,52,7)([64]54,49,3)([65]5,39,3)([66]18,40,4)([67]39,10,6)([68]1,51,0)([69]38,7,3)([70]12,4,6)([71]26,70,3)([72]54,34,6)([73]46,8,4)([74]29,7,6)([75]69,2,7)([76]37,33,7)([77]66,63,7)([78]11,21,0)([79]22,66,6)([80]2,13,6)([81]79,77,3)([82]9,30,6)([83]21,42,4)([84]24,14,1)([85]46,81,7)([86]46,5,7)(85)
optimized area: 128.85
time: 1237912 ms
seed: 1636074322
{7,1,80,1,2,1,8}([7]1,6,4)([8]5,3,6)([9]5,0,5)([10]6,1,0)([11]3,9,5)([12]0,1,2)([13]11,2,5)([14]4,0,5)([15]10,12,7)([16]8,14,4)([17]0,3,3)([18]4,13,5)([19]2,1,2)([20]18,15,2)([21]19,17,5)([22]14,20,5)([23]4,16,7)([24]16,22,5)([25]7,17,2)([26]2,1,6)([27]10,23,2)([28]26,18,7)([29]3,28,3)([30]2,24,5)([31]30,27,4)([32]25,10,7)([33]29,7,6)([34]8,24,4)([35]29,0,2)([36]8,31,7)([37]31,32,3)([38]34,32,1)([39]19,5,7)([40]1,17,5)([41]39,15,7)([42]22,24,1)([43]16,41,7)([44]5,20,2)([45]41,26,2)([46]33,28,6)([47]44,46,7)([48]35,43,3)([49]3,35,1)([50]37,13,1)([51]37,47,5)([52]48,31,5)([53]51,52,2)([54]33,46,1)([55]8,49,5)([56]48,0,6)([57]47,24,2)([58]46,4,6)([59]9,56,3)([60]21,48,7)([61]11,37,7)([62]51,20,5)([63]45,39,6)([64]58,4,0)([65]16,13,2)([66]39,11,7)([67]37,23,7)([68]5,63,7)([69]67,18,3)([70]54,8,1)([71]62,33,4)([72]0,49,7)([73]30,63,0)([74]26,20,5)([75]68,18,1)([76]50,1,3)([77]47,16,7)([78]10,39,0)([79]73,20,4)([80]54,11,0)([81]55,42,1)([82]11,50,5)([83]55,23,4)([84]42,18,2)([85]26,53,7)([86]48,33,5)(85)
evaluations: 8243779
first invidual area: 112.42
{7,1,80,1,2,1,8}([7]0,4,5)([8]5,3,3)([9]5,0,5)([10]1,6,4)([11]3,9,5)([12]0,1,5)([13]2,11,5)([14]1,2,2)([15]6,12,4)([16]8,7,7)([17]14,16,0)([18]13,4,5)([19]9,9,1)([20]18,15,2)([21]2,0,6)([22]3,20,5)([23]16,4,7)([24]22,16,5)([25]1,12,7)([26]2,1,6)([27]23,6,5)([28]26,18,7)([29]3,28,3)([30]24,2,5)([31]30,27,7)([32]1,21,6)([33]10,3,6)([34]17,15,6)([35]16,5,4)([36]20,5,5)([37]31,32,3)([38]36,19,1)([39]14,23,4)([40]29,0,5)([41]28,28,7)([42]35,34,7)([43]2,16,4)([44]33,28,6)([45]35,25,3)([46]44,36,4)([47]42,40,5)([48]32,6,1)([49]47,31,5)([50]46,37,5)([51]45,20,1)([52]30,26,2)([53]50,49,5)([54]5,22,3)([55]26,53,4)([56]8,43,4)([57]0,34,6)([58]23,9,2)([59]22,32,0)([60]33,4,5)([61]31,39,4)([62]54,3,3)([63]29,10,2)([64]30,60,7)([65]54,23,4)([66]26,8,1)([67]40,61,2)([68]18,40,2)([69]18,23,1)([70]63,63,7)([71]14,44,2)([72]54,33,6)([73]16,43,1)([74]50,26,1)([75]23,14,0)([76]75,5,1)([77]70,20,6)([78]39,6,3)([79]47,27,0)([80]72,41,3)([81]31,60,1)([82]28,80,3)([83]74,39,1)([84]2,58,5)([85]4,78,6)([86]0,81,6)(55)
optimized area: 102.56
time: 1266853 ms
seed: 1636107447
NOT FOUND
time: 1057360 ms
seed: 1636140138
{7,1,80,1,2,1,8}([7]4,1,7)([8]3,2,5)([9]2,7,4)([10]6,8,4)([11]4,5,0)([12]0,10,3)([13]11,12,5)([14]2,6,7)([15]10,5,5)([16]1,11,7)([17]3,1,4)([18]10,3,6)([19]2,12,2)([20]0,7,4)([21]13,18,6)([22]17,5,5)([23]18,17,5)([24]21,9,4)([25]17,13,6)([26]23,10,3)([27]24,20,1)([28]15,8,7)([29]18,14,2)([30]12,5,3)([31]25,0,3)([32]26,24,4)([33]28,31,7)([34]11,15,3)([35]23,3,7)([36]30,17,5)([37]33,29,7)([38]29,27,4)([39]17,30,4)([40]11,10,3)([41]20,17,2)([42]5,20,0)([43]41,39,3)([44]19,41,7)([45]40,35,7)([46]6,32,4)([47]44,14,5)([48]43,28,2)([49]27,27,6)([50]40,37,7)([51]9,41,2)([52]7,40,3)([53]20,46,4)([54]18,13,4)([55]4,18,0)([56]18,0,5)([57]8,40,3)([58]49,12,0)([59]30,33,5)([60]28,59,4)([61]34,25,0)([62]48,22,7)([63]3,30,5)([64]30,41,7)([65]3,37,7)([66]48,50,3)([67]47,5,6)([68]0,12,6)([69]1,12,4)([70]67,66,3)([71]16,48,2)([72]65,13,6)([73]18,16,6)([74]21,45,1)([75]15,58,0)([76]66,2,1)([77]32,65,2)([78]53,24,4)([79]70,77,7)([80]79,39,7)([81]17,46,2)([82]62,32,2)([83]17,57,0)([84]82,79,3)([85]1,19,6)([86]53,10,3)(84)
evaluations: 4149755
first invidual area: 135.41
{7,1,80,1,2,1,8}([7]1,4,7)([8]3,2,5)([9]5,3,7)([10]8,6,4)([11]2,8,1)([12]10,0,3)([13]4,12,5)([14]7,0,4)([15]11,7,7)([16]5,10,5)([17]3,1,4)([18]10,3,6)([19]0,16,6)([20]4,10,3)([21]18,13,3)([22]17,18,5)([23]17,5,5)([24]8,14,6)([25]21,22,5)([26]25,18,0)([27]17,13,6)([28]8,16,7)([29]5,22,3)([30]27,3,4)([31]0,27,6)([32]15,26,7)([33]28,31,7)([34]17,2,3)([35]5,12,6)([36]14,17,2)([37]33,18,3)([38]3,37,7)([39]36,8,7)([40]35,17,6)([41]37,20,7)([42]8,28,1)([43]21,6,6)([44]40,36,3)([45]18,16,7)([46]44,11,3)([47]41,26,1)([48]44,28,2)([49]1,29,2)([50]2,43,4)([51]7,39,2)([52]9,49,5)([53]44,28,4)([54]46,17,5)([55]32,38,5)([56]48,41,3)([57]26,10,7)([58]23,48,7)([59]37,44,5)([60]30,31,0)([61]25,38,5)([62]41,43,6)([63]61,29,0)([64]14,3,0)([65]40,42,2)([66]56,36,5)([67]54,58,6)([68]56,67,3)([69]3,17,3)([70]25,51,2)([71]4,66,0)([72]68,57,2)([73]45,2,3)([74]7,6,6)([75]18,28,5)([76]53,5,1)([77]68,55,4)([78]58,32,2)([79]72,3,4)([80]23,25,5)([81]11,0,1)([82]52,24,6)([83]46,66,6)([84]78,77,3)([85]4,17,5)([86]63,67,2)(84)
optimized area: 114.76
time: 1396240 ms
seed: 1636172562
NOT FOUND
time: 1070339 ms
seed: 1636203163
{7,1,80,1,2,1,8}([7]3,6,5)([8]4,1,7)([9]6,8,4)([10]4,0,6)([11]3,5,5)([12]7,9,5)([13]11,0,7)([14]4,13,5)([15]5,3,7)([16]11,8,6)([17]12,5,4)([18]16,6,3)([19]15,14,7)([20]4,18,5)([21]4,18,5)([22]2,12,4)([23]10,17,5)([24]22,7,1)([25]18,18,4)([26]1,5,4)([27]19,24,3)([28]23,27,7)([29]0,6,1)([30]5,1,7)([31]19,26,1)([32]24,8,4)([33]26,0,4)([34]12,21,7)([35]23,34,2)([36]28,18,7)([37]36,2,4)([38]36,35,6)([39]30,23,3)([40]0,31,4)([41]29,7,6)([42]32,7,1)([43]38,4,1)([44]21,31,3)([45]22,42,0)([46]4,40,6)([47]7,34,7)([48]6,33,5)([49]1,43,7)([50]22,45,2)([51]33,38,4)([52]34,25,2)([53]32,21,3)([54]14,8,6)([55]47,10,6)([56]48,52,3)([57]31,55,3)([58]32,22,5)([59]41,21,4)([60]32,15,5)([61]26,12,5)([62]37,23,5)([63]32,25,3)([64]46,17,4)([65]54,37,4)([66]56,7,0)([67]37,10,5)([68]48,8,2)([69]53,66,5)([70]69,64,6)([71]21,15,6)([72]49,49,0)([73]62,30,4)([74]15,65,5)([75]9,68,6)([76]36,7,4)([77]70,47,2)([78]49,43,0)([79]53,24,5)([80]17,27,7)([81]45,77,3)([82]39,81,2)([83]14,43,2)([84]82,49,7)([85]38,32,0)([86]67,78,4)(84)
evaluations: 20370214
first invidual area: 148.06
{7,1,80,1,2,1,8}([7]6,3,5)([8]1,4,7)([9]6,8,4)([10]7,5,6)([11]5,3,5)([12]9,7,5)([13]11,0,7)([14]11,9,6)([15]3,5,7)([16]1,12,5)([17]12,5,4)([18]14,6,3)([19]0,4,6)([20]3,5,3)([21]13,4,5)([22]2,12,4)([23]17,19,5)([24]22,8,1)([25]8,3,5)([26]21,15,7)([27]24,26,6)([28]18,27,7)([29]4,10,4)([30]8,3,5)([31]21,12,7)([32]15,13,5)([33]4,18,5)([34]12,33,7)([35]28,34,5)([36]28,23,7)([37]33,9,4)([38]19,19,5)([39]21,27,0)([40]36,35,5)([41]35,36,0)([42]16,18,2)([43]39,19,5)([44]1,9,7)([45]44,19,1)([46]6,31,1)([47]16,13,6)([48]1,26,2)([49]40,1,7)([50]44,24,4)([51]12,17,1)([52]4,47,6)([53]52,17,4)([54]25,16,6)([55]32,15,0)([56]37,50,0)([57]50,18,5)([58]11,2,5)([59]46,51,4)([60]23,42,3)([61]34,52,2)([62]50,14,2)([63]36,22,3)([64]32,0,7)([65]29,8,6)([66]6,62,1)([67]66,50,1)([68]32,5,3)([69]25,32,5)([70]53,69,6)([71]29,26,4)([72]50,41,2)([73]57,26,2)([74]40,38,5)([75]12,22,6)([76]5,10,7)([77]70,56,2)([78]39,10,6)([79]28,76,7)([80]33,11,1)([81]22,77,3)([82]60,81,5)([83]52,68,6)([84]82,49,4)([85]44,3,5)([86]41,76,0)(84)
optimized area: 117.11
time: 1250916 ms
seed: 1636233198
{7,1,80,1,2,1,8}([7]2,6,0)([8]0,2,6)([9]8,5,2)([10]3,2,2)([11]4,1,7)([12]2,5,2)([13]11,3,6)([14]12,0,7)([15]10,6,3)([16]12,6,6)([17]13,8,6)([18]10,12,1)([19]15,11,2)([20]17,12,4)([21]3,9,6)([22]17,16,7)([23]19,5,4)([24]0,11,6)([25]23,7,6)([26]21,8,6)([27]13,6,3)([28]22,10,3)([29]20,23,2)([30]6,14,5)([31]1,21,4)([32]28,17,4)([33]5,1,3)([34]12,9,7)([35]15,25,0)([36]14,23,7)([37]21,13,5)([38]0,37,6)([39]30,30,1)([40]29,39,3)([41]7,1,4)([42]24,31,7)([43]30,31,5)([44]40,42,5)([45]44,28,5)([46]35,44,0)([47]13,44,0)([48]16,39,5)([49]27,25,6)([50]26,29,0)([51]35,45,5)([52]41,12,1)([53]8,9,7)([54]32,9,5)([55]6,36,4)([56]51,41,4)([57]34,52,0)([58]7,17,2)([59]10,6,5)([60]3,38,1)([61]11,48,3)([62]50,10,0)([63]14,54,3)([64]44,49,7)([65]64,55,5)([66]0,11,7)([67]28,28,3)([68]30,39,6)([69]39,13,3)([70]59,5,0)([71]33,66,0)([72]9,49,1)([73]65,56,2)([74]2,20,4)([75]73,32,4)([76]25,39,0)([77]76,17,1)([78]58,77,0)([79]17,26,4)([80]70,0,0)([81]8,38,2)([82]5,65,0)([83]40,70,2)([84]81,75,6)([85]62,12,5)([86]7,11,2)(84)
evaluations: 23545053
first invidual area: 127.42
{7,1,80,1,2,1,8}([7]2,2,2)([8]7,0,6)([9]8,5,2)([10]7,3,2)([11]1,4,7)([12]5,7,2)([13]3,11,6)([14]0,12,7)([15]10,6,3)([16]9,0,0)([17]8,13,3)([18]17,10,3)([19]15,11,2)([20]12,6,6)([21]16,3,6)([22]21,1,4)([23]19,5,4)([24]23,19,2)([25]7,9,6)([26]6,14,7)([27]6,13,3)([28]12,11,3)([29]25,27,3)([30]14,27,2)([31]9,2,6)([32]22,8,6)([33]8,1,6)([34]22,6,6)([35]18,12,2)([36]30,25,3)([37]33,29,3)([38]35,8,3)([39]7,32,0)([40]24,30,3)([41]0,23,4)([42]22,28,4)([43]2,7,1)([44]40,42,5)([45]44,18,5)([46]29,26,7)([47]20,9,4)([48]45,6,5)([49]0,14,3)([50]42,13,1)([51]1,7,4)([52]45,45,5)([53]24,52,6)([54]26,23,4)([55]25,30,3)([56]34,38,6)([57]30,25,5)([58]19,33,4)([59]10,50,0)([60]31,29,4)([61]55,56,1)([62]47,52,2)([63]29,44,5)([64]40,42,0)([65]63,54,5)([66]48,51,4)([67]64,53,3)([68]32,48,3)([69]20,59,3)([70]8,21,2)([71]9,63,4)([72]13,34,2)([73]65,66,5)([74]61,30,5)([75]73,69,4)([76]34,64,2)([77]73,0,7)([78]40,21,1)([79]27,44,6)([80]14,24,6)([81]17,60,0)([82]76,75,6)([83]13,33,3)([84]14,15,3)([85]23,53,2)([86]73,57,4)(82)
optimized area: 109.60
time: 1208801 ms
