seed: 1633853090
{7,1,80,1,2,1,8}([7]5,4,4)([8]6,3,6)([9]0,5,5)([10]4,1,4)([11]10,10,3)([12]0,5,3)([13]9,1,7)([14]9,6,7)([15]3,4,7)([16]10,6,3)([17]3,2,3)([18]8,8,1)([19]11,2,6)([20]0,4,6)([21]12,1,2)([22]15,21,7)([23]14,7,7)([24]23,0,0)([25]19,7,2)([26]13,25,0)([27]24,21,5)([28]0,7,6)([29]4,25,4)([30]17,20,6)([31]30,0,7)([32]8,29,4)([33]31,4,5)([34]11,27,7)([35]33,12,5)([36]12,8,0)([37]30,26,4)([38]5,5,6)([39]38,5,5)([40]18,15,6)([41]35,2,2)([42]20,32,6)([43]16,32,2)([44]33,20,2)([45]37,43,6)([46]41,30,0)([47]35,8,0)([48]21,25,3)([49]10,23,0)([50]34,22,2)([51]7,42,6)([52]33,45,6)([53]13,30,6)([54]6,45,7)([55]3,52,3)([56]14,41,6)([57]51,48,4)([58]19,56,7)([59]56,57,6)([60]23,50,4)([61]19,45,5)([62]55,59,0)([63]23,5,2)([64]7,12,3)([65]30,50,3)([66]34,27,4)([67]2,33,6)([68]27,4,0)([69]3,9,0)([70]11,30,0)([71]17,60,4)([72]29,35,2)([73]68,52,4)([74]71,55,5)([75]12,61,4)([76]74,67,7)([77]76,58,5)([78]24,67,2)([79]38,59,6)([80]77,54,7)([81]32,78,1)([82]32,45,2)([83]37,33,1)([84]39,17,5)([85]68,4,0)([86]35,58,1)(80)
evaluations: 19134287
first invidual area: 135.42
{7,1,80,1,2,1,8}([7]4,5,4)([8]6,3,3)([9]5,0,5)([10]4,1,4)([11]0,4,6)([12]5,0,3)([13]5,3,6)([14]6,9,7)([15]3,4,2)([16]4,0,3)([17]3,2,3)([18]14,5,3)([19]10,2,6)([20]1,9,7)([21]12,1,5)([22]6,10,3)([23]7,14,7)([24]23,1,3)([25]9,7,2)([26]7,19,5)([27]26,4,4)([28]21,8,6)([29]6,20,6)([30]17,11,6)([31]0,30,7)([32]23,15,2)([33]31,4,5)([34]32,10,3)([35]20,30,7)([36]16,32,2)([37]12,24,5)([38]12,33,5)([39]35,37,5)([40]27,8,4)([41]21,15,4)([42]24,8,1)([43]22,40,5)([44]33,28,4)([45]35,43,2)([46]39,41,6)([47]4,12,4)([48]38,2,2)([49]48,14,3)([50]41,34,5)([51]44,15,1)([52]33,45,6)([53]3,52,3)([54]22,3,3)([55]51,40,4)([56]47,27,0)([57]49,24,0)([58]19,57,4)([59]21,3,6)([60]40,35,4)([61]27,27,3)([62]51,30,2)([63]3,0,0)([64]23,50,7)([65]45,6,7)([66]46,43,7)([67]8,63,1)([68]2,33,6)([69]41,32,4)([70]47,3,6)([71]17,64,4)([72]12,29,4)([73]29,56,3)([74]53,71,5)([75]47,35,5)([76]74,68,7)([77]58,76,5)([78]52,72,6)([79]40,56,5)([80]77,65,7)([81]56,35,0)([82]34,41,6)([83]73,28,2)([84]77,1,4)([85]56,19,4)([86]27,31,0)(80)
optimized area: 129.31
time: 632444 ms
seed: 1633939962
NOT FOUND
time: 528780 ms
seed: 1633967721
NOT FOUND
time: 533141 ms
seed: 1633990608
{7,1,80,1,2,1,8}([7]0,1,2)([8]7,4,3)([9]6,5,5)([10]8,0,5)([11]10,3,4)([12]0,6,1)([13]11,2,2)([14]1,8,7)([15]9,7,6)([16]4,2,2)([17]9,3,2)([18]4,6,4)([19]10,2,4)([20]2,5,7)([21]18,9,2)([22]7,2,5)([23]19,17,7)([24]23,21,2)([25]10,15,5)([26]16,17,4)([27]14,20,3)([28]3,7,3)([29]23,3,2)([30]5,24,0)([31]24,14,4)([32]4,19,2)([33]30,9,1)([34]33,0,7)([35]30,15,2)([36]8,29,5)([37]31,24,2)([38]22,28,7)([39]15,11,4)([40]31,38,6)([41]36,14,3)([42]3,34,3)([43]18,29,7)([44]41,20,2)([45]28,44,4)([46]43,45,3)([47]38,15,5)([48]0,46,5)([49]31,48,5)([50]41,21,6)([51]33,40,5)([52]26,14,3)([53]18,43,6)([54]29,15,6)([55]33,6,4)([56]51,30,0)([57]39,22,4)([58]33,57,2)([59]51,5,5)([60]22,56,2)([61]50,54,3)([62]59,52,1)([63]62,12,1)([64]15,47,0)([65]56,8,2)([66]0,14,4)([67]6,44,4)([68]67,58,3)([69]44,6,6)([70]30,50,7)([71]16,24,1)([72]34,60,1)([73]49,45,4)([74]69,49,3)([75]39,52,2)([76]11,21,0)([77]72,33,2)([78]20,75,3)([79]51,75,6)([80]78,74,2)([81]20,41,5)([82]80,68,7)([83]4,16,1)([84]65,55,0)([85]52,9,1)([86]58,19,0)(82)
evaluations: 21078557
first invidual area: 125.08
{7,1,80,1,2,1,8}([7]1,0,2)([8]7,4,3)([9]6,5,5)([10]0,8,5)([11]3,9,2)([12]3,10,7)([13]2,11,4)([14]8,1,7)([15]13,10,7)([16]9,8,3)([17]11,8,2)([18]6,4,4)([19]13,8,2)([20]5,2,7)([21]2,7,5)([22]12,16,0)([23]5,20,2)([24]16,15,2)([25]5,2,1)([26]0,17,6)([27]23,2,3)([28]18,24,5)([29]24,22,5)([30]21,22,7)([31]0,26,6)([32]15,18,6)([33]30,29,0)([34]7,19,0)([35]14,3,0)([36]14,28,7)([37]29,14,3)([38]6,31,3)([39]22,16,4)([40]35,19,3)([41]19,11,3)([42]38,10,2)([43]12,10,4)([44]37,20,2)([45]41,20,5)([46]32,45,3)([47]46,12,3)([48]0,46,5)([49]36,48,5)([50]37,40,0)([51]39,42,3)([52]5,46,7)([53]34,9,5)([54]35,40,5)([55]2,28,6)([56]6,44,4)([57]11,0,3)([58]30,25,2)([59]45,17,7)([60]23,58,1)([61]13,45,5)([62]44,11,2)([63]56,6,6)([64]56,14,0)([65]17,56,4)([66]34,55,5)([67]55,58,6)([68]56,58,3)([69]16,65,3)([70]11,36,6)([71]66,38,2)([72]1,28,5)([73]28,42,1)([74]63,49,3)([75]40,39,2)([76]7,26,4)([77]73,16,4)([78]20,75,3)([79]5,8,7)([80]78,74,5)([81]19,43,1)([82]80,68,4)([83]35,25,4)([84]82,21,6)([85]17,70,7)([86]36,2,0)(82)
optimized area: 111.94
time: 630964 ms
seed: 1634039562
{7,1,80,1,2,1,8}([7]5,6,2)([8]1,6,4)([9]2,5,7)([10]4,9,3)([11]3,10,1)([12]4,8,3)([13]7,12,2)([14]8,1,1)([15]3,0,2)([16]15,13,7)([17]12,4,4)([18]11,0,6)([19]2,18,7)([20]9,0,2)([21]6,19,7)([22]16,17,4)([23]16,2,6)([24]5,0,7)([25]2,4,5)([26]23,20,7)([27]1,22,3)([28]12,6,7)([29]12,5,6)([30]27,15,2)([31]18,29,1)([32]25,16,4)([33]19,1,3)([34]33,24,4)([35]5,4,2)([36]30,25,7)([37]34,29,3)([38]7,0,4)([39]28,2,3)([40]32,36,5)([41]40,26,4)([42]17,41,7)([43]18,39,5)([44]8,36,2)([45]41,37,7)([46]41,12,4)([47]43,44,7)([48]45,47,5)([49]0,5,4)([50]48,22,3)([51]26,28,0)([52]45,24,5)([53]3,30,3)([54]0,27,5)([55]54,45,5)([56]4,31,2)([57]38,3,0)([58]1,54,1)([59]8,56,2)([60]32,59,5)([61]3,43,5)([62]54,13,3)([63]54,59,5)([64]62,51,6)([65]18,14,0)([66]34,54,5)([67]54,51,7)([68]66,23,5)([69]27,29,5)([70]1,46,5)([71]52,45,3)([72]46,63,2)([73]72,19,0)([74]64,72,6)([75]60,72,5)([76]50,74,5)([77]2,1,1)([78]1,19,6)([79]29,1,1)([80]76,48,7)([81]60,0,6)([82]15,20,6)([83]38,58,7)([84]40,57,5)([85]39,83,2)([86]51,37,7)(80)
evaluations: 21304163
first invidual area: 144.76
{7,1,80,1,2,1,8}([7]2,5,7)([8]6,1,4)([9]0,7,5)([10]6,5,2)([11]3,7,1)([12]4,8,3)([13]10,12,2)([14]12,4,7)([15]0,3,2)([16]13,15,7)([17]2,16,6)([18]11,0,6)([19]2,18,7)([20]14,11,0)([21]7,3,6)([22]14,16,7)([23]22,5,0)([24]5,12,6)([25]2,4,5)([26]17,9,4)([27]22,1,3)([28]12,6,7)([29]18,2,1)([30]27,15,5)([31]0,5,7)([32]25,16,4)([33]1,19,6)([34]33,31,7)([35]33,14,7)([36]25,30,4)([37]24,34,3)([38]9,27,3)([39]28,2,3)([40]32,36,5)([41]40,26,4)([42]36,8,5)([43]39,18,5)([44]36,41,7)([45]41,37,7)([46]41,12,4)([47]42,43,4)([48]45,47,5)([49]34,20,5)([50]22,48,3)([51]0,23,3)([52]26,2,7)([53]31,41,0)([54]0,27,5)([55]36,23,2)([56]29,4,2)([57]33,5,5)([58]9,47,0)([59]8,56,2)([60]31,14,7)([61]48,42,0)([62]26,13,3)([63]54,59,5)([64]62,54,6)([65]52,49,3)([66]34,2,4)([67]34,52,3)([68]22,40,7)([69]54,57,4)([70]14,24,5)([71]8,2,0)([72]46,63,2)([73]32,42,6)([74]15,21,6)([75]64,72,6)([76]50,75,5)([77]46,8,1)([78]21,55,1)([79]76,63,2)([80]76,48,7)([81]31,31,7)([82]28,37,7)([83]78,44,5)([84]71,28,4)([85]36,22,4)([86]29,24,4)(80)
optimized area: 143.35
time: 729485 ms
seed: 1634153657
{7,1,80,1,2,1,8}([7]0,3,2)([8]2,3,4)([9]8,7,6)([10]3,6,4)([11]9,1,6)([12]0,11,4)([13]8,6,1)([14]10,5,6)([15]8,10,6)([16]5,15,6)([17]4,1,7)([18]8,1,5)([19]17,14,3)([20]18,6,4)([21]2,13,4)([22]17,12,3)([23]6,16,2)([24]20,16,4)([25]7,10,0)([26]9,2,1)([27]0,4,7)([28]13,14,6)([29]23,5,7)([30]24,29,3)([31]11,30,3)([32]9,30,7)([33]19,12,5)([34]28,27,3)([35]16,1,5)([36]33,29,6)([37]11,36,1)([38]22,24,2)([39]21,13,3)([40]19,32,3)([41]4,32,2)([42]38,26,5)([43]31,36,2)([44]38,0,5)([45]32,40,7)([46]41,28,3)([47]1,25,5)([48]16,37,1)([49]45,34,5)([50]32,1,7)([51]47,33,5)([52]16,18,2)([53]49,11,7)([54]2,49,5)([55]17,23,1)([56]6,52,6)([57]21,43,4)([58]20,9,6)([59]19,48,1)([60]51,54,5)([61]15,47,4)([62]47,26,4)([63]56,44,2)([64]63,46,3)([65]57,53,3)([66]55,41,4)([67]63,60,2)([68]36,22,5)([69]22,21,2)([70]67,53,7)([71]39,45,4)([72]47,17,7)([73]38,67,7)([74]41,65,6)([75]10,57,3)([76]73,74,7)([77]58,70,7)([78]56,8,3)([79]29,3,7)([80]56,31,0)([81]3,52,2)([82]8,30,4)([83]25,18,6)([84]34,81,2)([85]78,79,4)([86]45,66,2)(76)
evaluations: 19722639
first invidual area: 142.87
{7,1,80,1,2,1,8}([7]3,0,2)([8]3,2,4)([9]8,7,6)([10]6,3,4)([11]1,9,6)([12]11,0,4)([13]1,8,5)([14]1,10,6)([15]8,10,6)([16]5,15,6)([17]1,4,7)([18]8,0,1)([19]1,7,5)([20]13,6,4)([21]7,5,5)([22]12,17,3)([23]6,16,2)([24]20,16,4)([25]17,12,5)([26]18,23,6)([27]22,0,5)([28]19,21,1)([29]5,23,6)([30]29,24,3)([31]17,14,6)([32]9,30,7)([33]23,30,0)([34]26,27,3)([35]17,7,4)([36]25,29,6)([37]8,24,3)([38]22,24,2)([39]14,35,1)([40]6,18,2)([41]4,32,2)([42]32,27,1)([43]37,36,5)([44]38,0,5)([45]31,32,3)([46]9,23,5)([47]13,16,2)([48]21,45,1)([49]45,34,5)([50]24,32,7)([51]19,43,5)([52]23,20,4)([53]49,11,7)([54]18,20,4)([55]26,22,6)([56]6,47,6)([57]3,43,4)([58]6,45,6)([59]51,23,0)([60]59,39,5)([61]13,36,3)([62]45,30,6)([63]56,44,2)([64]49,20,5)([65]37,9,7)([66]57,53,3)([67]63,60,5)([68]44,46,2)([69]59,17,6)([70]45,64,2)([71]36,5,0)([72]2,60,4)([73]38,67,7)([74]41,66,6)([75]9,42,3)([76]73,74,4)([77]59,63,5)([78]69,5,7)([79]50,48,1)([80]7,75,0)([81]16,17,5)([82]53,5,3)([83]76,29,1)([84]54,65,0)([85]79,32,4)([86]32,61,1)(76)
optimized area: 126.91
time: 700907 ms
seed: 1634200959
NOT FOUND
time: 531077 ms
seed: 1634249977
NOT FOUND
time: 527056 ms
seed: 1634298082
{7,1,80,1,2,1,8}([7]5,4,4)([8]0,4,6)([9]6,3,7)([10]5,4,6)([11]8,10,4)([12]5,8,6)([13]1,2,6)([14]4,13,4)([15]14,12,6)([16]2,12,5)([17]2,0,4)([18]3,17,5)([19]16,6,4)([20]14,0,7)([21]5,6,7)([22]14,3,4)([23]1,17,2)([24]9,22,6)([25]15,24,6)([26]4,20,5)([27]6,20,5)([28]11,23,6)([29]28,26,4)([30]19,25,2)([31]23,18,2)([32]1,30,4)([33]22,1,6)([34]30,28,7)([35]29,21,6)([36]3,27,4)([37]19,25,2)([38]35,36,2)([39]20,13,0)([40]17,5,3)([41]36,11,6)([42]39,34,1)([43]38,23,7)([44]17,1,3)([45]18,32,4)([46]31,6,2)([47]15,20,1)([48]35,32,6)([49]1,33,3)([50]42,19,0)([51]18,8,5)([52]9,45,6)([53]38,10,1)([54]48,47,4)([55]48,29,4)([56]12,2,3)([57]56,45,4)([58]6,1,1)([59]45,41,2)([60]59,54,6)([61]6,48,4)([62]38,16,1)([63]49,26,2)([64]23,62,1)([65]42,47,7)([66]8,8,5)([67]35,1,4)([68]43,66,5)([69]46,5,2)([70]31,43,6)([71]44,17,4)([72]7,57,3)([73]26,27,5)([74]60,68,4)([75]21,11,5)([76]12,43,5)([77]60,18,6)([78]75,20,1)([79]39,35,0)([80]40,5,1)([81]67,44,1)([82]58,74,7)([83]63,72,6)([84]82,68,5)([85]44,66,0)([86]82,83,6)(86)
evaluations: 42928582
first invidual area: 152.26
{7,1,80,1,2,1,8}([7]5,4,4)([8]4,0,6)([9]3,6,7)([10]5,4,6)([11]10,8,4)([12]8,5,6)([13]2,1,6)([14]4,13,4)([15]12,14,6)([16]2,12,5)([17]2,0,4)([18]3,17,5)([19]16,6,4)([20]14,0,7)([21]5,6,7)([22]3,14,4)([23]1,17,2)([24]9,22,6)([25]15,24,6)([26]4,20,5)([27]6,20,5)([28]11,23,6)([29]28,26,4)([30]19,25,2)([31]28,10,4)([32]1,30,4)([33]15,15,5)([34]28,7,4)([35]29,21,6)([36]3,27,4)([37]8,29,5)([38]35,36,5)([39]18,16,2)([40]9,35,4)([41]36,11,6)([42]39,37,1)([43]38,23,4)([44]15,25,1)([45]18,32,4)([46]12,39,5)([47]29,44,2)([48]35,32,6)([49]1,24,3)([50]8,17,1)([51]35,39,3)([52]6,47,2)([53]41,21,2)([54]48,44,4)([55]26,41,0)([56]12,2,3)([57]56,45,4)([58]44,0,4)([59]45,41,2)([60]59,54,3)([61]27,58,2)([62]56,39,0)([63]49,55,2)([64]14,28,5)([65]30,60,7)([66]12,31,5)([67]66,59,4)([68]43,50,5)([69]68,26,5)([70]50,44,7)([71]25,19,1)([72]7,57,3)([73]27,4,1)([74]60,68,4)([75]6,23,6)([76]72,69,1)([77]56,46,1)([78]29,30,5)([79]14,63,0)([80]34,38,6)([81]7,1,3)([82]6,74,7)([83]63,72,6)([84]8,10,3)([85]66,83,1)([86]82,83,6)(86)
optimized area: 147.58
time: 557274 ms
seed: 1634338560
{7,1,80,1,2,1,8}([7]5,2,5)([8]3,2,4)([9]6,2,7)([10]3,0,7)([11]10,8,2)([12]4,10,5)([13]12,5,4)([14]5,11,5)([15]0,9,6)([16]13,7,7)([17]16,9,7)([18]17,15,6)([19]6,3,7)([20]5,1,7)([21]18,5,4)([22]10,2,2)([23]20,22,3)([24]19,17,7)([25]1,21,5)([26]15,1,3)([27]24,12,6)([28]20,3,7)([29]26,4,6)([30]23,11,5)([31]12,21,6)([32]23,21,2)([33]29,2,6)([34]29,26,4)([35]25,12,6)([36]30,17,0)([37]26,36,6)([38]28,32,3)([39]20,9,3)([40]30,7,2)([41]40,27,4)([42]33,39,2)([43]4,34,7)([44]40,14,3)([45]18,0,6)([46]25,42,7)([47]40,37,2)([48]45,38,3)([49]17,16,3)([50]2,8,2)([51]34,12,4)([52]26,35,3)([53]22,25,4)([54]41,19,3)([55]44,21,6)([56]9,9,5)([57]55,1,3)([58]46,54,7)([59]43,52,5)([60]32,46,7)([61]50,4,5)([62]37,2,1)([63]11,25,2)([64]17,36,5)([65]10,23,3)([66]65,16,2)([67]46,32,5)([68]53,57,4)([69]12,44,7)([70]23,0,5)([71]43,40,6)([72]71,68,2)([73]72,22,0)([74]21,40,2)([75]48,4,3)([76]21,68,4)([77]22,67,0)([78]70,0,5)([79]72,35,2)([80]72,58,7)([81]80,75,5)([82]38,41,0)([83]65,27,7)([84]48,43,4)([85]68,3,6)([86]2,77,2)(81)
evaluations: 32698972
first invidual area: 154.15
{7,1,80,1,2,1,8}([7]2,5,5)([8]2,3,4)([9]2,6,7)([10]3,0,7)([11]10,8,2)([12]10,4,5)([13]7,9,7)([14]11,5,5)([15]9,0,6)([16]13,12,4)([17]16,5,7)([18]17,15,6)([19]14,12,6)([20]5,1,7)([21]18,5,4)([22]17,5,1)([23]2,20,3)([24]12,7,6)([25]1,21,5)([26]1,15,3)([27]22,12,6)([28]3,20,7)([29]26,4,6)([30]23,11,5)([31]0,23,3)([32]23,21,2)([33]29,2,6)([34]2,10,5)([35]18,0,6)([36]19,10,6)([37]34,25,4)([38]32,28,3)([39]13,23,3)([40]30,7,2)([41]40,27,4)([42]33,39,5)([43]4,26,2)([44]31,17,7)([45]29,23,6)([46]25,42,7)([47]10,34,7)([48]35,38,3)([49]6,3,7)([50]23,38,2)([51]3,48,2)([52]28,32,5)([53]47,10,5)([54]41,49,6)([55]43,27,6)([56]50,35,4)([57]1,19,3)([58]46,54,7)([59]7,43,3)([60]14,10,6)([61]46,42,6)([62]31,32,6)([63]22,31,2)([64]19,24,0)([65]35,3,2)([66]1,27,0)([67]20,52,3)([68]37,57,7)([69]53,66,7)([70]3,32,0)([71]43,40,6)([72]71,68,5)([73]59,21,0)([74]42,6,6)([75]67,50,6)([76]48,4,3)([77]52,30,4)([78]8,23,2)([79]78,33,4)([80]72,58,4)([81]76,80,5)([82]47,35,3)([83]77,0,4)([84]59,11,2)([85]65,17,0)([86]71,60,1)(81)
optimized area: 140.07
time: 606337 ms
seed: 1634387512
NOT FOUND
time: 528492 ms
seed: 1634436530
NOT FOUND
time: 531443 ms
seed: 1634496794
{7,1,80,1,2,1,8}([7]2,3,4)([8]0,1,3)([9]6,3,6)([10]4,1,7)([11]6,2,4)([12]3,11,2)([13]1,11,7)([14]6,10,4)([15]3,5,7)([16]9,11,6)([17]2,12,3)([18]1,8,5)([19]15,5,0)([20]15,13,5)([21]5,17,6)([22]3,12,5)([23]20,6,5)([24]0,16,4)([25]7,9,0)([26]13,22,2)([27]4,26,4)([28]3,10,2)([29]7,0,7)([30]5,17,2)([31]6,13,1)([32]29,18,3)([33]28,17,7)([34]26,33,3)([35]9,13,1)([36]34,19,7)([37]27,13,5)([38]26,14,4)([39]33,10,3)([40]37,2,7)([41]14,37,2)([42]22,30,7)([43]22,27,7)([44]29,12,3)([45]9,34,2)([46]33,28,3)([47]16,36,7)([48]11,29,5)([49]42,24,2)([50]38,36,3)([51]34,12,4)([52]23,43,3)([53]18,29,6)([54]5,4,3)([55]24,21,1)([56]5,35,2)([57]36,53,6)([58]55,50,7)([59]56,40,7)([60]48,7,5)([61]12,23,7)([62]58,52,7)([63]61,41,6)([64]6,38,7)([65]18,0,1)([66]20,28,3)([67]21,16,7)([68]52,30,5)([69]59,52,0)([70]68,57,2)([71]40,28,2)([72]8,43,4)([73]34,3,1)([74]51,35,2)([75]59,63,5)([76]43,16,1)([77]62,70,3)([78]30,50,0)([79]1,13,3)([80]40,14,0)([81]65,38,1)([82]75,77,5)([83]30,79,0)([84]24,83,4)([85]30,2,5)([86]43,22,2)(82)
evaluations: 34608251
first invidual area: 144.30
{7,1,80,1,2,1,8}([7]0,3,7)([8]3,2,6)([9]5,0,7)([10]1,4,7)([11]2,6,4)([12]3,11,2)([13]11,1,7)([14]10,6,4)([15]3,5,7)([16]13,15,5)([17]12,2,3)([18]11,8,6)([19]12,11,1)([20]10,15,5)([21]14,19,5)([22]1,21,1)([23]16,6,5)([24]2,7,4)([25]10,3,5)([26]19,13,2)([27]4,26,4)([28]3,0,5)([29]25,17,5)([30]5,13,7)([31]19,23,4)([32]0,6,7)([33]4,13,5)([34]26,29,3)([35]18,0,7)([36]34,15,7)([37]27,13,5)([38]26,14,4)([39]17,7,2)([40]0,21,2)([41]14,37,2)([42]5,17,2)([43]20,40,2)([44]3,36,5)([45]13,8,7)([46]31,27,7)([47]31,34,0)([48]25,0,3)([49]14,30,5)([50]36,38,6)([51]41,14,2)([52]23,46,3)([53]22,24,6)([54]37,2,4)([55]44,31,1)([56]31,19,0)([57]36,53,6)([58]35,50,7)([59]44,54,7)([60]58,32,7)([61]58,52,4)([62]2,20,2)([63]41,56,6)([64]58,42,5)([65]59,8,4)([66]16,43,2)([67]14,55,2)([68]36,28,1)([69]19,0,0)([70]64,57,2)([71]36,39,4)([72]67,32,6)([73]55,12,2)([74]27,55,5)([75]59,63,5)([76]48,33,2)([77]61,70,3)([78]64,28,3)([79]27,24,7)([80]54,63,3)([81]40,15,6)([82]75,77,5)([83]3,63,2)([84]78,74,5)([85]79,21,7)([86]5,74,5)(82)
optimized area: 134.46
time: 587676 ms
seed: 1634595975
{7,1,80,1,2,1,8}([7]0,0,3)([8]6,2,4)([9]3,0,7)([10]9,3,5)([11]4,7,0)([12]1,8,4)([13]12,11,6)([14]5,10,4)([15]2,14,6)([16]4,0,0)([17]4,14,3)([18]15,6,7)([19]6,12,4)([20]7,13,5)([21]10,1,3)([22]11,19,3)([23]18,9,3)([24]13,20,6)([25]22,7,4)([26]0,6,1)([27]21,8,0)([28]3,12,3)([29]7,24,0)([30]21,8,2)([31]28,14,4)([32]16,12,2)([33]9,22,2)([34]13,5,0)([35]4,25,1)([36]17,2,7)([37]9,32,2)([38]2,11,0)([39]36,31,5)([40]15,25,6)([41]20,39,3)([42]21,41,7)([43]29,7,5)([44]22,8,1)([45]30,41,4)([46]32,3,2)([47]36,9,7)([48]8,9,5)([49]20,37,4)([50]45,40,4)([51]8,10,6)([52]12,48,1)([53]10,36,5)([54]14,13,4)([55]30,30,2)([56]35,54,5)([57]45,9,7)([58]39,21,0)([59]35,1,4)([60]32,0,0)([61]5,48,4)([62]48,10,5)([63]39,23,7)([64]50,54,3)([65]63,23,5)([66]9,52,5)([67]2,2,7)([68]65,51,6)([69]50,46,3)([70]53,64,4)([71]68,28,3)([72]60,0,3)([73]68,69,3)([74]73,41,4)([75]23,4,3)([76]63,9,1)([77]70,37,3)([78]15,65,4)([79]7,2,4)([80]19,41,0)([81]77,58,5)([82]73,81,2)([83]22,1,3)([84]46,6,6)([85]66,42,0)([86]47,40,7)(82)
evaluations: 36201732
first invidual area: 123.68
{7,1,80,1,2,1,8}([7]0,6,1)([8]2,6,4)([9]3,0,7)([10]3,0,5)([11]6,0,4)([12]8,1,4)([13]12,4,6)([14]5,10,4)([15]14,1,0)([16]1,10,3)([17]3,12,6)([18]13,6,7)([19]6,7,1)([20]6,9,3)([21]17,15,7)([22]18,4,6)([23]19,9,3)([24]11,4,6)([25]22,0,7)([26]3,14,0)([27]14,4,3)([28]10,22,3)([29]2,16,0)([30]8,16,5)([31]11,0,7)([32]4,12,2)([33]2,14,6)([34]22,22,6)([35]21,30,3)([36]27,29,7)([37]32,9,2)([38]13,0,5)([39]36,21,5)([40]25,33,3)([41]38,39,6)([42]13,34,6)([43]3,30,2)([44]9,4,0)([45]30,41,7)([46]3,32,2)([47]14,13,4)([48]10,25,1)([49]22,27,0)([50]40,45,4)([51]23,37,2)([52]46,30,5)([53]10,8,6)([54]10,36,5)([55]16,42,0)([56]37,8,2)([57]36,44,2)([58]8,35,6)([59]16,37,0)([60]45,21,4)([61]54,46,5)([62]32,2,6)([63]49,30,7)([64]50,47,3)([65]23,39,5)([66]33,7,5)([67]65,38,6)([68]65,53,6)([69]50,46,3)([70]54,64,4)([71]11,56,5)([72]10,7,3)([73]68,69,3)([74]49,47,4)([75]50,56,6)([76]40,12,1)([77]70,37,3)([78]74,18,5)([79]6,54,1)([80]39,5,0)([81]77,80,5)([82]73,81,2)([83]82,21,7)([84]39,22,4)([85]3,66,0)([86]27,80,7)(82)
optimized area: 115.23
time: 573161 ms
seed: 1634644775
NOT FOUND
time: 526267 ms
seed: 1634689964
NOT FOUND
time: 989441 ms
seed: 1634715736
NOT FOUND
time: 525505 ms
seed: 1634767610
NOT FOUND
time: 973786 ms
seed: 1634832774
{7,1,80,1,2,1,8}([7]3,0,2)([8]5,3,2)([9]3,2,7)([10]6,0,7)([11]4,1,2)([12]7,4,4)([13]8,5,4)([14]2,13,5)([15]2,5,7)([16]14,10,4)([17]4,7,3)([18]2,5,7)([19]4,8,4)([20]18,7,3)([21]2,14,1)([22]8,18,4)([23]12,16,6)([24]21,1,6)([25]24,10,4)([26]10,11,7)([27]26,1,4)([28]23,16,6)([29]25,0,7)([30]3,11,2)([31]2,26,7)([32]19,28,2)([33]19,0,4)([34]28,26,6)([35]28,27,3)([36]7,5,3)([37]1,17,6)([38]33,10,0)([39]3,7,4)([40]38,26,5)([41]33,40,5)([42]31,30,2)([43]31,31,1)([44]39,37,3)([45]40,44,6)([46]22,2,5)([47]35,45,7)([48]25,45,4)([49]42,47,4)([50]9,44,2)([51]29,48,6)([52]7,50,7)([53]25,32,5)([54]29,50,6)([55]25,26,5)([56]45,13,0)([57]49,20,2)([58]34,16,6)([59]22,3,4)([60]51,28,2)([61]42,8,7)([62]52,58,6)([63]43,14,3)([64]13,41,3)([65]44,62,0)([66]60,54,2)([67]25,18,0)([68]7,7,1)([69]33,54,1)([70]3,58,5)([71]46,28,5)([72]19,31,4)([73]9,49,0)([74]57,66,6)([75]67,6,2)([76]10,28,0)([77]47,38,5)([78]35,14,7)([79]10,22,3)([80]26,14,2)([81]20,80,0)([82]49,51,7)([83]20,54,6)([84]51,36,7)([85]83,74,4)([86]35,5,5)(85)
evaluations: 34044249
first invidual area: 141.04
{7,1,80,1,2,1,8}([7]0,3,2)([8]3,5,2)([9]1,5,0)([10]6,0,7)([11]4,9,2)([12]5,8,4)([13]2,12,5)([14]13,13,2)([15]0,10,1)([16]14,10,4)([17]2,15,1)([18]2,5,7)([19]4,8,4)([20]7,18,3)([21]3,2,7)([22]4,7,7)([23]1,19,3)([24]17,1,6)([25]10,24,4)([26]10,11,7)([27]26,9,4)([28]22,16,6)([29]15,25,4)([30]18,8,1)([31]25,15,6)([32]11,3,2)([33]19,15,7)([34]21,10,7)([35]28,27,6)([36]3,21,4)([37]7,23,6)([38]32,34,5)([39]15,3,2)([40]33,26,5)([41]6,19,5)([42]11,0,1)([43]30,40,7)([44]39,37,3)([45]40,44,6)([46]31,44,3)([47]35,38,4)([48]2,45,6)([49]45,47,7)([50]21,44,2)([51]29,48,6)([52]8,26,4)([53]46,41,2)([54]29,50,6)([55]44,38,7)([56]23,45,2)([57]20,49,2)([58]20,54,3)([59]51,28,2)([60]8,15,4)([61]22,2,1)([62]1,51,5)([63]59,31,7)([64]43,51,0)([65]37,4,6)([66]39,37,0)([67]24,58,0)([68]24,45,1)([69]53,32,3)([70]68,66,0)([71]26,11,6)([72]67,30,2)([73]32,40,6)([74]57,59,6)([75]15,73,1)([76]24,45,6)([77]28,46,5)([78]51,65,3)([79]55,61,4)([80]2,4,0)([81]5,29,5)([82]78,2,2)([83]62,50,7)([84]67,55,6)([85]58,74,2)([86]69,55,0)(85)
optimized area: 130.24
time: 1056619 ms
seed: 1635087501
{7,1,80,1,2,1,8}([7]1,0,1)([8]2,0,4)([9]6,7,2)([10]6,7,4)([11]9,10,7)([12]8,9,2)([13]4,0,1)([14]8,7,5)([15]5,6,2)([16]13,8,6)([17]16,3,7)([18]12,5,4)([19]15,13,3)([20]6,9,5)([21]2,13,5)([22]18,3,2)([23]18,2,3)([24]17,2,2)([25]21,13,5)([26]19,21,5)([27]8,11,6)([28]5,0,0)([29]23,22,7)([30]2,21,4)([31]11,29,6)([32]14,25,4)([33]11,28,3)([34]32,17,6)([35]11,34,4)([36]34,6,5)([37]35,24,3)([38]37,33,5)([39]5,26,7)([40]36,15,6)([41]8,38,5)([42]21,27,5)([43]12,11,3)([44]7,0,3)([45]23,27,0)([46]17,0,5)([47]41,39,4)([48]31,34,6)([49]29,35,1)([50]46,37,0)([51]2,2,0)([52]50,48,2)([53]20,48,4)([54]34,31,7)([55]23,47,5)([56]53,55,5)([57]39,51,2)([58]13,2,1)([59]39,40,7)([60]19,1,7)([61]16,55,4)([62]46,57,6)([63]28,23,2)([64]44,30,4)([65]27,56,7)([66]39,14,3)([67]62,64,4)([68]17,31,3)([69]54,60,6)([70]53,59,2)([71]20,67,4)([72]70,61,7)([73]40,31,0)([74]45,5,2)([75]69,72,1)([76]68,71,2)([77]71,56,2)([78]68,70,2)([79]51,8,4)([80]20,20,4)([81]72,77,2)([82]51,32,1)([83]67,37,3)([84]37,67,5)([85]44,59,0)([86]65,81,7)(86)
evaluations: 24792803
first invidual area: 166.31
{7,1,80,1,2,1,8}([7]1,6,1)([8]0,2,4)([9]6,7,2)([10]8,6,7)([11]7,6,6)([12]9,8,5)([13]4,8,1)([14]7,8,5)([15]5,6,2)([16]13,8,6)([17]16,3,7)([18]12,5,7)([19]3,0,6)([20]17,4,0)([21]2,13,5)([22]18,3,5)([23]2,18,3)([24]13,15,3)([25]21,13,5)([26]24,21,5)([27]6,5,1)([28]25,14,4)([29]22,23,5)([30]19,17,4)([31]12,26,5)([32]14,31,3)([33]11,5,3)([34]28,20,6)([35]34,11,4)([36]27,21,6)([37]35,19,3)([38]37,33,5)([39]5,26,7)([40]13,12,3)([41]8,38,5)([42]8,11,3)([43]29,11,6)([44]0,7,6)([45]17,28,0)([46]20,0,5)([47]16,1,0)([48]43,34,3)([49]46,18,0)([50]49,1,6)([51]4,2,5)([52]26,48,3)([53]9,48,4)([54]41,39,4)([55]23,54,5)([56]53,55,5)([57]25,8,3)([58]53,37,4)([59]36,39,6)([60]46,24,5)([61]16,55,7)([62]49,55,3)([63]30,35,3)([64]44,51,7)([65]42,56,4)([66]5,20,3)([67]62,64,7)([68]46,35,6)([69]60,28,2)([70]53,59,5)([71]9,67,7)([72]70,61,7)([73]59,65,5)([74]38,16,7)([75]50,20,0)([76]74,66,2)([77]71,56,2)([78]70,11,0)([79]58,33,2)([80]37,6,1)([81]72,77,5)([82]74,31,5)([83]1,18,7)([84]54,77,5)([85]53,34,3)([86]65,81,4)(86)
optimized area: 144.72
time: 1407077 ms
seed: 1635122884
NOT FOUND
time: 534870 ms
seed: 1635171798
NOT FOUND
time: 525368 ms
seed: 1635285842
{7,1,80,1,2,1,8}([7]6,3,4)([8]5,1,5)([9]6,1,0)([10]2,8,4)([11]2,9,6)([12]6,5,6)([13]0,9,7)([14]1,5,3)([15]0,7,7)([16]14,13,4)([17]7,16,5)([18]15,3,4)([19]4,9,3)([20]19,9,3)([21]11,10,6)([22]16,13,3)([23]10,17,6)([24]1,11,6)([25]2,0,2)([26]8,17,5)([27]15,19,2)([28]5,25,3)([29]2,9,2)([30]24,23,6)([31]17,19,6)([32]31,21,7)([33]12,19,2)([34]26,21,1)([35]30,0,6)([36]35,27,6)([37]9,28,2)([38]27,13,2)([39]1,3,4)([40]34,15,5)([41]32,3,6)([42]3,32,7)([43]15,19,3)([44]7,22,4)([45]38,5,6)([46]4,31,3)([47]46,23,4)([48]30,5,0)([49]27,34,2)([50]39,9,4)([51]47,40,5)([52]44,19,4)([53]0,10,0)([54]14,46,5)([55]37,23,7)([56]41,39,5)([57]43,44,4)([58]22,36,4)([59]50,42,3)([60]57,44,6)([61]56,33,0)([62]19,12,7)([63]26,7,3)([64]59,33,4)([65]0,29,6)([66]51,62,6)([67]44,19,7)([68]28,58,5)([69]34,48,3)([70]28,63,2)([71]26,27,6)([72]10,50,7)([73]2,70,7)([74]73,66,5)([75]47,4,4)([76]7,7,1)([77]45,76,1)([78]45,13,2)([79]12,73,1)([80]22,49,0)([81]46,26,6)([82]58,59,7)([83]56,38,0)([84]82,74,4)([85]54,4,6)([86]37,45,7)(84)
evaluations: 37737626
first invidual area: 129.77
{7,1,80,1,2,1,8}([7]3,6,4)([8]1,5,5)([9]7,1,4)([10]2,8,4)([11]6,2,6)([12]6,0,7)([13]4,5,4)([14]5,1,3)([15]0,7,7)([16]14,12,4)([17]7,16,5)([18]7,15,4)([19]6,4,3)([20]4,13,7)([21]11,10,6)([22]11,12,3)([23]10,17,6)([24]1,11,6)([25]12,23,2)([26]8,17,2)([27]15,19,2)([28]5,25,3)([29]3,26,3)([30]24,23,6)([31]19,17,6)([32]31,21,7)([33]30,26,2)([34]16,12,3)([35]30,0,6)([36]35,27,3)([37]4,16,2)([38]28,6,6)([39]38,7,1)([40]27,26,5)([41]23,36,6)([42]3,32,7)([43]7,0,0)([44]17,13,5)([45]2,2,2)([46]31,4,6)([47]46,23,7)([48]42,35,1)([49]1,7,3)([50]11,44,2)([51]47,40,5)([52]8,17,1)([53]41,37,0)([54]1,21,3)([55]34,36,7)([56]51,6,1)([57]9,42,0)([58]19,38,4)([59]57,42,6)([60]52,17,6)([61]7,7,1)([62]19,38,7)([63]12,52,3)([64]57,46,3)([65]46,0,0)([66]51,62,6)([67]16,8,4)([68]4,63,4)([69]53,17,3)([70]28,49,5)([71]1,27,7)([72]62,14,1)([73]45,70,4)([74]73,66,5)([75]57,33,5)([76]50,14,7)([77]47,15,2)([78]11,72,0)([79]55,30,0)([80]57,25,5)([81]51,16,7)([82]55,59,4)([83]80,82,3)([84]82,74,4)([85]9,8,3)([86]20,44,6)(84)
optimized area: 123.68
time: 1043716 ms
seed: 1635443219
NOT FOUND
time: 1018752 ms
seed: 1635550483
NOT FOUND
time: 986426 ms
seed: 1635603437
NOT FOUND
time: 1098514 ms
seed: 1635651170
NOT FOUND
time: 1070061 ms
seed: 1635698958
{7,1,80,1,2,1,8}([7]0,4,6)([8]7,3,3)([9]5,4,2)([10]4,8,5)([11]2,8,3)([12]0,5,5)([13]4,2,4)([14]9,0,4)([15]3,5,7)([16]6,10,6)([17]6,16,6)([18]13,17,6)([19]15,3,7)([20]12,1,0)([21]11,1,4)([22]17,18,7)([23]2,19,4)([24]8,18,4)([25]14,6,5)([26]21,20,4)([27]14,1,7)([28]23,9,6)([29]24,25,7)([30]5,0,6)([31]19,19,0)([32]29,15,2)([33]0,27,2)([34]32,5,1)([35]30,6,6)([36]12,3,4)([37]17,26,7)([38]33,32,4)([39]23,16,6)([40]0,4,5)([41]40,39,2)([42]11,28,5)([43]12,4,5)([44]18,23,3)([45]35,34,4)([46]41,37,6)([47]9,12,6)([48]28,40,2)([49]36,47,7)([50]12,40,0)([51]48,46,7)([52]8,35,2)([53]44,28,7)([54]49,44,7)([55]51,45,2)([56]35,14,3)([57]33,16,6)([58]8,31,7)([59]42,39,1)([60]37,44,2)([61]55,37,4)([62]36,49,3)([63]44,36,1)([64]6,25,4)([65]46,4,6)([66]7,27,1)([67]13,7,7)([68]66,30,2)([69]4,33,7)([70]62,41,2)([71]24,16,5)([72]38,54,2)([73]40,58,0)([74]56,72,2)([75]10,74,4)([76]61,74,3)([77]0,19,5)([78]53,26,0)([79]31,63,2)([80]66,45,1)([81]39,61,1)([82]20,76,7)([83]65,35,3)([84]24,24,4)([85]29,81,4)([86]9,52,3)(76)
evaluations: 27255511
first invidual area: 147.12
{7,1,80,1,2,1,8}([7]4,0,6)([8]3,7,3)([9]4,5,2)([10]3,4,5)([11]2,8,6)([12]5,0,5)([13]6,7,0)([14]9,0,4)([15]1,11,4)([16]13,10,6)([17]16,6,6)([18]6,13,2)([19]4,2,4)([20]3,5,7)([21]17,19,6)([22]14,5,6)([23]2,5,4)([24]21,8,7)([25]6,14,5)([26]12,15,4)([27]1,9,3)([28]23,9,6)([29]24,25,4)([30]15,18,4)([31]9,0,5)([32]29,20,2)([33]16,23,6)([34]19,7,5)([35]6,22,6)([36]24,12,6)([37]26,17,4)([38]20,14,6)([39]0,27,5)([40]4,0,5)([41]33,40,2)([42]39,32,7)([43]35,32,7)([44]31,5,0)([45]23,21,3)([46]37,41,6)([47]27,9,4)([48]40,28,5)([49]3,44,4)([50]12,40,0)([51]48,46,4)([52]0,27,4)([53]35,12,6)([54]49,45,4)([55]51,43,5)([56]35,14,3)([57]23,43,4)([58]53,26,5)([59]57,7,2)([60]46,38,4)([61]55,37,7)([62]48,52,4)([63]13,54,3)([64]18,28,3)([65]26,58,5)([66]29,9,4)([67]2,54,4)([68]29,43,6)([69]61,2,4)([70]16,14,2)([71]53,22,6)([72]42,54,2)([73]8,39,3)([74]56,72,2)([75]3,35,2)([76]59,59,3)([77]54,72,0)([78]77,16,5)([79]55,3,0)([80]73,25,0)([81]62,63,4)([82]13,81,1)([83]74,61,3)([84]74,53,4)([85]60,21,2)([86]55,24,5)(83)
optimized area: 132.11
time: 1191011 ms
seed: 1635746221
{7,1,80,1,2,1,8}([7]5,2,4)([8]4,0,4)([9]8,1,7)([10]7,4,6)([11]1,0,2)([12]6,2,4)([13]11,3,4)([14]2,10,4)([15]0,12,4)([16]6,11,7)([17]3,5,6)([18]1,0,6)([19]8,5,3)([20]9,11,3)([21]0,13,5)([22]21,14,2)([23]18,12,7)([24]3,20,7)([25]6,23,1)([26]0,1,2)([27]22,15,3)([28]16,0,5)([29]23,22,7)([30]2,22,4)([31]27,17,4)([32]27,0,7)([33]19,31,0)([34]23,19,6)([35]34,27,0)([36]35,7,5)([37]24,33,2)([38]8,37,1)([39]36,3,7)([40]37,27,0)([41]37,38,5)([42]37,4,6)([43]29,10,2)([44]13,31,2)([45]8,3,7)([46]45,24,7)([47]39,40,6)([48]10,26,2)([49]31,8,1)([50]17,31,7)([51]47,44,3)([52]26,43,1)([53]17,11,1)([54]32,7,3)([55]44,51,4)([56]12,51,0)([57]40,19,4)([58]22,51,5)([59]54,28,4)([60]3,14,2)([61]41,59,5)([62]13,36,4)([63]12,34,1)([64]12,52,1)([65]38,42,5)([66]51,61,7)([67]18,42,0)([68]16,32,6)([69]20,51,5)([70]56,40,5)([71]48,33,2)([72]66,10,6)([73]11,39,5)([74]35,63,6)([75]45,9,6)([76]22,37,4)([77]43,26,3)([78]69,8,0)([79]72,70,2)([80]77,79,7)([81]72,63,6)([82]42,24,1)([83]48,76,2)([84]83,56,2)([85]12,47,7)([86]80,84,7)(86)
evaluations: 14034828
first invidual area: 153.21
{7,1,80,1,2,1,8}([7]2,5,4)([8]4,0,4)([9]0,2,0)([10]4,7,6)([11]1,0,2)([12]6,2,4)([13]3,11,4)([14]8,1,0)([15]1,14,7)([16]13,9,5)([17]15,11,6)([18]10,2,4)([19]5,14,3)([20]9,12,4)([21]17,0,3)([22]18,16,2)([23]21,12,4)([24]22,16,0)([25]20,11,0)([26]17,3,4)([27]24,25,3)([28]10,4,5)([29]3,27,0)([30]21,12,0)([31]6,11,7)([32]27,14,4)([33]11,27,3)([34]23,19,6)([35]26,2,7)([36]34,18,5)([37]19,26,2)([38]18,37,2)([39]3,36,7)([40]18,16,0)([41]37,32,5)([42]39,37,6)([43]30,26,5)([44]13,33,2)([45]34,28,2)([46]23,24,7)([47]26,28,3)([48]21,19,4)([49]0,31,5)([50]36,39,7)([51]42,44,6)([52]24,21,2)([53]17,18,6)([54]32,7,3)([55]49,54,4)([56]41,31,6)([57]55,41,5)([58]1,20,4)([59]4,17,5)([60]46,10,2)([61]50,8,6)([62]53,2,1)([63]23,53,1)([64]34,25,7)([65]13,34,6)([66]51,57,4)([67]23,49,5)([68]58,20,3)([69]16,44,0)([70]12,37,5)([71]65,13,3)([72]10,66,6)([73]63,70,2)([74]38,25,2)([75]39,71,5)([76]61,32,6)([77]11,60,3)([78]68,5,7)([79]72,70,5)([80]77,79,4)([81]13,65,7)([82]73,2,2)([83]60,56,2)([84]30,22,4)([85]67,82,2)([86]80,83,6)(86)
optimized area: 134.93
time: 1344242 ms
seed: 1635793208
{7,1,80,1,2,1,8}([7]0,1,4)([8]5,6,3)([9]4,7,1)([10]8,6,4)([11]2,4,2)([12]10,0,7)([13]12,2,2)([14]11,0,4)([15]13,3,6)([16]11,0,7)([17]15,5,7)([18]16,3,4)([19]1,4,3)([20]17,4,5)([21]1,12,3)([22]18,4,7)([23]6,21,5)([24]19,6,4)([25]20,5,0)([26]10,13,3)([27]3,26,4)([28]17,7,6)([29]19,19,3)([30]2,28,7)([31]8,25,7)([32]25,24,3)([33]14,31,2)([34]8,10,2)([35]21,3,4)([36]25,5,4)([37]22,6,7)([38]37,26,5)([39]19,24,2)([40]7,33,3)([41]29,14,1)([42]10,4,2)([43]2,33,5)([44]21,3,7)([45]37,28,2)([46]32,27,4)([47]30,35,5)([48]14,27,0)([49]2,6,6)([50]42,46,6)([51]47,33,5)([52]45,50,7)([53]49,24,6)([54]38,36,4)([55]30,27,3)([56]18,11,6)([57]30,37,2)([58]27,45,3)([59]1,32,1)([60]9,46,1)([61]59,33,4)([62]40,54,4)([63]32,44,0)([64]51,24,4)([65]18,30,1)([66]52,62,2)([67]13,15,2)([68]63,52,5)([69]7,1,5)([70]15,49,6)([71]69,12,7)([72]26,2,4)([73]63,57,7)([74]73,53,7)([75]74,66,5)([76]19,60,5)([77]20,71,2)([78]19,5,0)([79]78,37,2)([80]65,22,4)([81]4,12,6)([82]4,31,5)([83]64,59,5)([84]2,43,1)([85]32,24,5)([86]64,75,4)(86)
evaluations: 31117458
first invidual area: 159.34
{7,1,80,1,2,1,8}([7]0,1,4)([8]6,5,3)([9]4,2,5)([10]6,8,4)([11]3,9,0)([12]0,10,7)([13]2,12,2)([14]9,0,7)([15]11,4,0)([16]13,15,3)([17]16,5,4)([18]6,4,4)([19]1,4,3)([20]4,17,5)([21]12,1,3)([22]11,18,7)([23]22,19,7)([24]6,19,4)([25]19,2,6)([26]13,10,3)([27]26,15,4)([28]17,7,6)([29]7,14,0)([30]28,2,7)([31]20,8,7)([32]20,18,3)([33]14,31,2)([34]7,24,0)([35]3,21,4)([36]27,31,0)([37]22,14,4)([38]37,26,5)([39]28,37,5)([40]33,34,6)([41]4,10,2)([42]9,32,3)([43]22,16,3)([44]7,18,0)([45]41,27,2)([46]32,36,4)([47]30,35,5)([48]34,9,4)([49]5,20,4)([50]41,46,3)([51]47,33,5)([52]39,50,7)([53]25,24,3)([54]38,49,4)([55]16,22,5)([56]47,33,0)([57]54,8,2)([58]27,54,4)([59]51,15,6)([60]44,52,0)([61]41,33,5)([62]54,40,7)([63]33,3,6)([64]51,24,7)([65]42,53,2)([66]52,62,2)([67]26,34,3)([68]17,20,7)([69]37,68,6)([70]37,30,5)([71]54,45,2)([72]67,32,1)([73]32,70,4)([74]53,73,4)([75]66,74,5)([76]36,45,1)([77]32,60,1)([78]29,70,6)([79]44,45,3)([80]29,64,1)([81]44,66,5)([82]59,49,6)([83]68,59,5)([84]8,26,1)([85]20,82,2)([86]64,75,7)(86)
optimized area: 153.24
time: 1197128 ms
seed: 1635836417
NOT FOUND
time: 1087180 ms
