seed: 1633871006
NOT FOUND
time: 521187 ms
seed: 1634008732
{7,1,80,1,2,1,8}([7]3,5,4)([8]1,2,3)([9]0,7,6)([10]8,0,4)([11]9,6,6)([12]0,8,4)([13]0,1,2)([14]4,13,4)([15]13,3,4)([16]3,10,6)([17]13,13,5)([18]16,13,7)([19]17,6,2)([20]19,5,6)([21]7,2,3)([22]7,1,6)([23]2,20,7)([24]10,3,3)([25]18,23,4)([26]22,6,6)([27]6,9,7)([28]2,2,3)([29]24,1,5)([30]19,11,1)([31]23,5,3)([32]21,15,2)([33]14,29,6)([34]26,10,7)([35]15,22,2)([36]26,32,6)([37]34,13,6)([38]22,36,7)([39]8,26,3)([40]13,25,5)([41]14,22,4)([42]37,31,5)([43]16,40,2)([44]13,20,4)([45]12,10,7)([46]28,33,2)([47]41,38,5)([48]40,9,0)([49]24,4,0)([50]34,33,6)([51]17,43,0)([52]50,40,7)([53]33,24,0)([54]46,11,4)([55]25,8,2)([56]32,42,7)([57]52,44,6)([58]56,54,2)([59]56,16,2)([60]44,47,6)([61]15,9,3)([62]58,47,4)([63]12,34,0)([64]37,17,2)([65]41,57,2)([66]39,0,3)([67]19,21,6)([68]23,46,3)([69]65,61,4)([70]8,64,3)([71]46,15,2)([72]68,59,7)([73]69,72,5)([74]38,1,3)([75]59,52,7)([76]57,12,3)([77]28,60,5)([78]39,12,1)([79]73,62,5)([80]20,59,0)([81]58,8,6)([82]51,46,0)([83]80,48,0)([84]33,12,1)([85]39,15,6)([86]3,4,4)(79)
evaluations: 32684287
first invidual area: 148.98
{7,1,80,1,2,1,8}([7]5,3,4)([8]1,2,3)([9]7,0,6)([10]0,8,7)([11]6,9,6)([12]5,1,4)([13]1,0,2)([14]4,13,7)([15]13,3,4)([16]4,11,2)([17]12,8,3)([18]15,9,3)([19]2,1,5)([20]6,5,6)([21]7,2,3)([22]1,7,6)([23]2,20,7)([24]0,6,3)([25]20,11,2)([26]22,6,6)([27]18,9,6)([28]1,11,7)([29]28,1,2)([30]9,24,3)([31]23,5,3)([32]15,21,2)([33]6,5,7)([34]26,10,4)([35]32,26,6)([36]3,3,3)([37]34,13,6)([38]17,4,1)([39]31,37,5)([40]22,35,7)([41]14,22,7)([42]13,19,6)([43]10,27,7)([44]31,41,5)([45]34,36,1)([46]14,42,2)([47]17,45,4)([48]16,12,7)([49]36,31,0)([50]32,39,7)([51]16,7,2)([52]35,38,0)([53]7,23,1)([54]46,11,4)([55]40,41,5)([56]13,55,6)([57]45,44,6)([58]4,22,1)([59]31,13,5)([60]33,52,0)([61]54,50,5)([62]61,55,7)([63]37,0,6)([64]53,58,4)([65]21,57,5)([66]18,36,0)([67]59,12,6)([68]23,46,3)([69]65,18,7)([70]4,8,4)([71]19,4,0)([72]68,59,4)([73]69,72,5)([74]6,7,0)([75]3,48,0)([76]68,30,6)([77]23,33,3)([78]50,65,0)([79]73,62,5)([80]48,36,4)([81]67,39,6)([82]74,64,4)([83]25,82,2)([84]77,38,1)([85]29,51,2)([86]80,7,5)(79)
optimized area: 118.98
time: 588431 ms
seed: 1634057527
{7,1,80,1,2,1,8}([7]2,4,4)([8]4,7,4)([9]6,7,5)([10]3,4,7)([11]0,3,2)([12]5,6,2)([13]4,11,4)([14]12,13,3)([15]11,5,4)([16]15,9,7)([17]2,12,3)([18]5,15,2)([19]17,6,3)([20]7,0,4)([21]19,1,3)([22]0,7,4)([23]14,1,7)([24]5,17,1)([25]21,1,2)([26]14,10,7)([27]18,23,4)([28]16,2,2)([29]19,26,5)([30]10,16,6)([31]3,17,2)([32]13,23,3)([33]2,20,5)([34]30,30,1)([35]1,22,5)([36]19,33,5)([37]35,28,3)([38]37,31,7)([39]22,2,3)([40]32,24,4)([41]39,5,5)([42]38,26,6)([43]24,9,4)([44]30,33,2)([45]0,3,3)([46]3,40,7)([47]39,26,3)([48]37,28,2)([49]0,35,7)([50]23,29,2)([51]44,46,4)([52]6,7,6)([53]49,40,7)([54]14,20,3)([55]38,11,2)([56]22,31,7)([57]36,40,6)([58]35,5,6)([59]52,58,3)([60]37,42,2)([61]37,4,1)([62]20,10,6)([63]23,47,1)([64]59,53,7)([65]43,38,5)([66]61,16,4)([67]50,41,5)([68]16,15,5)([69]6,41,4)([70]11,18,3)([71]64,51,6)([72]60,34,3)([73]2,72,7)([74]67,65,4)([75]6,68,3)([76]4,10,7)([77]22,8,0)([78]50,17,5)([79]44,8,2)([80]3,53,1)([81]50,47,2)([82]53,41,5)([83]60,57,2)([84]79,54,3)([85]71,74,3)([86]7,4,2)(85)
evaluations: 36078589
first invidual area: 141.03
{7,1,80,1,2,1,8}([7]2,4,4)([8]0,2,3)([9]6,7,5)([10]3,4,7)([11]3,0,2)([12]6,5,2)([13]11,4,4)([14]12,13,3)([15]9,11,4)([16]5,15,7)([17]2,12,3)([18]17,3,5)([19]6,7,6)([20]16,10,6)([21]18,19,5)([22]7,0,4)([23]14,1,7)([24]12,16,2)([25]22,2,3)([26]1,10,7)([27]19,19,6)([28]16,2,2)([29]6,5,1)([30]26,17,7)([31]20,29,2)([32]13,23,3)([33]6,4,0)([34]16,24,5)([35]1,22,5)([36]35,28,3)([37]36,27,0)([38]22,7,4)([39]22,2,5)([40]5,32,4)([41]20,37,0)([42]9,1,7)([43]5,9,7)([44]39,20,5)([45]27,19,3)([46]3,40,7)([47]15,23,5)([48]45,8,1)([49]21,26,5)([50]23,49,2)([51]44,46,7)([52]0,35,4)([53]40,52,7)([54]37,18,4)([55]4,38,4)([56]1,10,1)([57]21,26,2)([58]35,5,6)([59]19,58,6)([60]51,54,7)([61]40,52,4)([62]40,50,7)([63]5,25,5)([64]34,15,3)([65]43,54,5)([66]3,7,7)([67]50,63,5)([68]53,59,7)([69]34,2,6)([70]22,60,5)([71]68,51,2)([72]21,44,3)([73]23,11,6)([74]67,65,4)([75]13,19,3)([76]20,72,0)([77]15,23,6)([78]51,21,3)([79]38,55,3)([80]8,53,3)([81]66,1,4)([82]52,47,6)([83]30,50,1)([84]55,80,6)([85]71,74,3)([86]35,52,7)(85)
optimized area: 133.53
time: 563670 ms
seed: 1634171769
{7,1,80,1,2,1,8}([7]0,6,3)([8]0,4,7)([9]5,0,5)([10]3,5,7)([11]7,8,4)([12]2,0,3)([13]1,4,1)([14]2,8,6)([15]5,4,3)([16]3,7,4)([17]15,14,3)([18]2,9,4)([19]15,16,5)([20]6,3,5)([21]20,14,2)([22]10,2,6)([23]11,18,5)([24]1,6,6)([25]20,16,6)([26]4,5,2)([27]12,26,4)([28]21,13,7)([29]24,15,4)([30]14,28,7)([31]3,29,7)([32]19,6,6)([33]6,9,5)([34]1,22,6)([35]9,11,5)([36]30,27,5)([37]35,20,7)([38]26,6,5)([39]32,8,4)([40]34,39,4)([41]24,19,4)([42]28,41,2)([43]23,31,5)([44]2,25,6)([45]4,20,6)([46]30,44,5)([47]12,33,7)([48]11,11,1)([49]40,47,5)([50]36,37,2)([51]19,8,6)([52]46,26,4)([53]51,52,7)([54]5,10,1)([55]36,19,2)([56]52,51,4)([57]27,54,4)([58]43,24,4)([59]25,10,5)([60]28,45,1)([61]28,59,4)([62]18,56,6)([63]35,13,0)([64]59,22,3)([65]22,49,1)([66]5,8,6)([67]15,50,7)([68]33,48,1)([69]62,58,4)([70]64,2,5)([71]40,23,7)([72]1,24,0)([73]62,61,7)([74]57,21,6)([75]31,42,7)([76]61,15,1)([77]38,0,1)([78]7,13,4)([79]64,41,1)([80]9,66,0)([81]49,67,5)([82]9,52,4)([83]43,47,2)([84]71,59,1)([85]42,69,3)([86]85,81,5)(86)
evaluations: 37620761
first invidual area: 157.42
{7,1,80,1,2,1,8}([7]0,6,3)([8]0,4,7)([9]5,0,5)([10]5,3,2)([11]8,7,4)([12]2,0,3)([13]11,8,5)([14]2,8,6)([15]5,4,3)([16]7,3,4)([17]3,15,4)([18]2,9,4)([19]15,16,5)([20]6,3,5)([21]20,14,5)([22]10,2,6)([23]11,18,5)([24]1,6,6)([25]19,18,0)([26]4,5,2)([27]12,26,4)([28]21,1,7)([29]20,15,0)([30]14,28,7)([31]24,17,7)([32]22,17,0)([33]6,9,5)([34]1,32,3)([35]9,11,5)([36]27,21,0)([37]35,20,7)([38]6,25,3)([39]38,8,4)([40]34,39,4)([41]30,19,3)([42]28,41,2)([43]23,31,5)([44]10,30,3)([45]36,30,5)([46]32,30,5)([47]12,33,7)([48]30,3,7)([49]40,47,5)([50]45,37,5)([51]25,8,3)([52]46,26,5)([53]10,35,1)([54]44,0,4)([55]44,20,1)([56]52,51,7)([57]32,52,6)([58]28,23,5)([59]43,24,7)([60]46,55,4)([61]19,12,2)([62]18,56,6)([63]20,19,6)([64]7,22,6)([65]4,22,3)([66]32,47,0)([67]50,15,4)([68]18,7,7)([69]62,59,7)([70]6,65,1)([71]1,11,0)([72]41,5,0)([73]14,28,3)([74]15,18,3)([75]29,10,5)([76]38,11,7)([77]63,27,2)([78]34,69,0)([79]39,35,5)([80]30,33,5)([81]49,67,5)([82]75,45,2)([83]23,78,7)([84]68,77,7)([85]42,69,3)([86]85,81,5)(86)
optimized area: 142.88
time: 579452 ms
seed: 1634219014
{7,1,80,1,2,1,8}([7]3,6,1)([8]5,2,6)([9]1,4,3)([10]2,8,7)([11]9,0,7)([12]4,8,3)([13]0,6,5)([14]1,3,7)([15]2,13,7)([16]5,8,7)([17]9,12,4)([18]12,0,3)([19]3,10,4)([20]4,16,3)([21]6,14,2)([22]15,11,5)([23]8,17,6)([24]4,19,7)([25]7,15,4)([26]12,22,6)([27]19,6,3)([28]6,16,4)([29]7,17,7)([30]20,11,2)([31]2,30,4)([32]25,27,6)([33]31,3,2)([34]23,32,5)([35]1,18,7)([36]17,31,2)([37]19,0,7)([38]28,22,5)([39]21,29,0)([40]16,29,4)([41]5,2,3)([42]26,30,7)([43]2,7,4)([44]9,18,4)([45]40,22,3)([46]36,14,7)([47]33,6,4)([48]1,28,0)([49]24,40,2)([50]49,38,6)([51]11,1,0)([52]16,12,1)([53]42,46,3)([54]3,36,7)([55]24,4,7)([56]16,44,0)([57]55,14,6)([58]47,52,5)([59]15,41,5)([60]50,53,4)([61]51,0,5)([62]42,44,3)([63]57,10,3)([64]46,31,7)([65]49,61,0)([66]61,10,2)([67]27,40,5)([68]35,50,7)([69]39,13,6)([70]67,14,1)([71]32,14,7)([72]58,68,2)([73]59,29,6)([74]39,27,6)([75]70,54,1)([76]72,63,2)([77]60,76,4)([78]23,41,7)([79]75,54,2)([80]39,23,1)([81]7,73,5)([82]22,20,2)([83]37,37,5)([84]34,1,7)([85]32,40,6)([86]10,61,2)(77)
evaluations: 12834043
first invidual area: 141.52
{7,1,80,1,2,1,8}([7]6,0,5)([8]5,2,6)([9]1,4,6)([10]8,2,6)([11]0,9,4)([12]4,8,3)([13]7,2,7)([14]1,3,7)([15]7,2,4)([16]8,5,6)([17]9,12,7)([18]17,16,6)([19]17,7,5)([20]16,10,1)([21]3,18,4)([22]11,13,5)([23]18,4,4)([24]23,10,4)([25]20,2,0)([26]25,6,7)([27]22,26,5)([28]18,2,3)([29]12,21,0)([30]1,15,1)([31]4,16,3)([32]0,29,6)([33]32,1,7)([34]25,11,7)([35]8,34,1)([36]3,11,5)([37]22,12,6)([38]14,19,4)([39]32,2,6)([40]37,21,5)([41]6,36,7)([42]24,21,6)([43]11,0,1)([44]31,11,5)([45]29,2,0)([46]11,17,0)([47]14,3,6)([48]44,37,4)([49]9,31,4)([50]27,42,6)([51]33,4,2)([52]50,33,3)([53]48,38,3)([54]51,38,4)([55]16,25,5)([56]6,43,2)([57]25,48,4)([58]34,10,7)([59]26,25,0)([60]39,12,0)([61]41,20,5)([62]46,42,2)([63]47,10,3)([64]26,47,1)([65]53,50,4)([66]4,0,3)([67]11,50,5)([68]56,52,4)([69]25,65,6)([70]29,32,3)([71]21,42,6)([72]63,52,2)([73]29,22,4)([74]48,71,2)([75]2,67,7)([76]61,72,5)([77]75,7,5)([78]74,26,2)([79]66,76,7)([80]22,20,2)([81]20,40,4)([82]78,33,4)([83]29,75,4)([84]75,7,3)([85]64,64,6)([86]76,65,7)(86)
optimized area: 119.46
time: 640728 ms
seed: 1634316116
{7,1,80,1,2,1,8}([7]6,4,2)([8]1,2,5)([9]5,6,2)([10]5,7,1)([11]0,7,3)([12]6,10,4)([13]8,5,2)([14]1,8,7)([15]11,8,3)([16]7,2,7)([17]16,12,7)([18]3,0,7)([19]17,0,4)([20]13,18,3)([21]14,19,3)([22]18,21,4)([23]4,1,7)([24]0,23,6)([25]11,20,5)([26]25,11,7)([27]23,25,7)([28]6,15,1)([29]8,17,5)([30]29,24,3)([31]13,30,6)([32]11,17,7)([33]31,29,7)([34]27,33,7)([35]4,27,4)([36]8,15,6)([37]19,3,4)([38]9,33,6)([39]3,32,5)([40]34,39,4)([41]26,19,7)([42]6,18,1)([43]31,42,3)([44]33,3,6)([45]1,19,5)([46]26,9,7)([47]16,14,7)([48]45,46,6)([49]22,40,2)([50]45,29,4)([51]34,9,6)([52]36,20,1)([53]46,14,0)([54]1,12,1)([55]28,3,6)([56]2,8,3)([57]33,0,4)([58]50,22,2)([59]17,48,2)([60]13,12,5)([61]39,52,6)([62]43,21,3)([63]15,19,5)([64]7,56,4)([65]62,40,3)([66]45,41,3)([67]25,23,5)([68]5,7,4)([69]29,28,2)([70]18,28,4)([71]51,65,4)([72]61,71,6)([73]72,58,3)([74]60,35,0)([75]43,63,4)([76]20,44,5)([77]12,17,4)([78]63,26,1)([79]6,44,4)([80]39,70,4)([81]23,78,4)([82]72,45,0)([83]67,73,4)([84]53,10,2)([85]63,71,6)([86]32,33,0)(73)
evaluations: 28934696
first invidual area: 128.36
{7,1,80,1,2,1,8}([7]6,4,2)([8]2,1,5)([9]6,6,1)([10]8,1,2)([11]0,7,3)([12]5,7,4)([13]5,8,2)([14]5,6,2)([15]12,6,4)([16]11,2,0)([17]15,2,7)([18]0,3,7)([19]17,0,4)([20]13,18,3)([21]10,19,3)([22]18,21,4)([23]1,4,7)([24]0,23,6)([25]12,16,6)([26]20,11,5)([27]15,7,7)([28]26,23,4)([29]8,17,5)([30]29,5,3)([31]24,30,6)([32]13,18,5)([33]31,29,6)([34]33,28,4)([35]22,16,7)([36]8,1,3)([37]2,12,1)([38]7,0,5)([39]35,3,5)([40]4,20,5)([41]15,15,4)([42]23,34,1)([43]19,1,5)([44]31,23,2)([45]1,7,5)([46]15,14,4)([47]34,39,4)([48]39,32,2)([49]29,4,5)([50]43,29,4)([51]34,14,6)([52]34,41,6)([53]19,4,3)([54]11,14,2)([55]43,17,3)([56]10,26,4)([57]20,48,1)([58]50,22,2)([59]25,41,1)([60]21,9,3)([61]17,39,7)([62]60,31,3)([63]8,8,1)([64]38,47,7)([65]62,47,6)([66]39,49,6)([67]22,42,1)([68]9,16,6)([69]40,4,0)([70]69,50,4)([71]51,65,7)([72]66,71,6)([73]0,3,4)([74]42,22,3)([75]22,57,0)([76]35,46,4)([77]30,55,4)([78]59,64,5)([79]61,27,3)([80]47,3,2)([81]72,58,3)([82]6,46,5)([83]4,61,7)([84]80,39,5)([85]21,44,5)([86]59,80,5)(81)
optimized area: 118.05
time: 598940 ms
seed: 1634356621
{7,1,80,1,2,1,8}([7]6,0,3)([8]2,2,6)([9]0,3,1)([10]4,5,3)([11]10,3,4)([12]4,11,3)([13]10,8,4)([14]7,13,3)([15]12,0,7)([16]12,7,5)([17]6,3,4)([18]16,0,4)([19]9,9,2)([20]15,13,2)([21]11,13,7)([22]20,5,4)([23]3,13,3)([24]18,1,2)([25]4,24,7)([26]16,9,2)([27]24,22,6)([28]27,14,4)([29]27,17,4)([30]5,13,4)([31]23,6,5)([32]11,24,7)([33]27,31,1)([34]28,32,3)([35]21,6,4)([36]26,31,0)([37]30,25,6)([38]35,1,4)([39]25,21,5)([40]22,27,0)([41]8,4,4)([42]34,41,4)([43]22,14,2)([44]23,33,2)([45]13,18,3)([46]29,14,5)([47]25,40,4)([48]6,9,3)([49]4,45,0)([50]43,38,5)([51]26,18,4)([52]50,39,3)([53]24,48,0)([54]44,32,7)([55]6,36,2)([56]18,48,7)([57]43,46,3)([58]53,52,6)([59]46,46,3)([60]2,12,6)([61]51,3,0)([62]24,20,5)([63]54,13,0)([64]46,42,2)([65]52,58,7)([66]58,54,7)([67]8,57,6)([68]12,33,4)([69]7,66,5)([70]67,25,5)([71]69,70,5)([72]17,53,4)([73]70,37,5)([74]37,36,4)([75]30,42,1)([76]12,35,3)([77]19,56,1)([78]11,66,4)([79]52,42,4)([80]44,14,0)([81]71,64,6)([82]64,13,5)([83]44,81,7)([84]72,70,1)([85]32,16,1)([86]57,46,1)(83)
evaluations: 15751507
first invidual area: 141.03
{7,1,80,1,2,1,8}([7]6,0,3)([8]2,3,5)([9]3,6,4)([10]5,4,3)([11]3,10,4)([12]11,4,3)([13]10,2,7)([14]13,7,3)([15]6,11,0)([16]12,7,5)([17]3,13,3)([18]0,16,4)([19]0,12,7)([20]13,19,5)([21]6,1,7)([22]20,5,7)([23]13,11,3)([24]1,18,2)([25]8,7,5)([26]23,18,4)([27]24,22,6)([28]14,27,4)([29]17,17,0)([30]9,9,7)([31]2,7,6)([32]11,24,7)([33]5,0,4)([34]21,18,5)([35]8,33,6)([36]11,34,3)([37]29,7,5)([38]28,32,3)([39]4,38,4)([40]27,9,4)([41]27,11,1)([42]39,2,7)([43]42,34,3)([44]41,29,2)([45]32,33,0)([46]14,40,5)([47]39,44,5)([48]31,47,7)([49]46,42,3)([50]8,21,5)([51]22,30,7)([52]50,24,3)([53]9,14,3)([54]32,44,4)([55]29,46,7)([56]25,43,1)([57]36,24,0)([58]47,52,6)([59]0,28,3)([60]14,30,4)([61]33,41,2)([62]45,34,3)([63]60,52,5)([64]42,46,2)([65]58,54,4)([66]23,46,2)([67]22,49,6)([68]50,48,2)([69]7,65,5)([70]2,67,5)([71]69,70,5)([72]68,49,5)([73]22,9,3)([74]46,29,2)([75]17,72,6)([76]66,69,1)([77]53,9,2)([78]43,26,5)([79]49,17,1)([80]44,38,2)([81]71,64,6)([82]37,40,5)([83]44,81,7)([84]8,23,0)([85]6,36,2)([86]82,2,5)(83)
optimized area: 123.68
time: 740829 ms
seed: 1634405512
{7,1,80,1,2,1,8}([7]3,4,5)([8]2,4,2)([9]6,4,4)([10]1,0,2)([11]2,9,4)([12]11,1,7)([13]11,3,2)([14]10,7,7)([15]5,10,5)([16]5,2,4)([17]15,2,7)([18]12,16,2)([19]0,16,7)([20]6,1,5)([21]18,3,6)([22]12,8,6)([23]13,5,4)([24]15,8,4)([25]8,23,6)([26]15,23,5)([27]24,23,5)([28]0,21,7)([29]14,9,3)([30]27,12,1)([31]25,5,5)([32]25,1,2)([33]28,31,5)([34]29,33,4)([35]19,29,7)([36]34,20,5)([37]27,7,7)([38]23,15,2)([39]23,6,6)([40]36,19,3)([41]37,28,6)([42]40,14,7)([43]28,6,7)([44]17,12,6)([45]34,15,1)([46]26,38,7)([47]6,41,6)([48]1,45,2)([49]5,36,7)([50]26,34,2)([51]35,32,7)([52]22,36,6)([53]47,46,3)([54]29,27,2)([55]19,8,2)([56]5,37,6)([57]47,54,7)([58]39,24,7)([59]6,36,4)([60]53,53,0)([61]14,19,2)([62]12,38,3)([63]14,20,7)([64]58,52,6)([65]55,40,2)([66]51,64,3)([67]22,28,2)([68]40,67,6)([69]57,48,4)([70]26,62,2)([71]56,16,5)([72]47,63,3)([73]19,41,2)([74]56,9,7)([75]25,72,6)([76]24,67,0)([77]59,17,2)([78]11,34,4)([79]7,33,0)([80]12,60,6)([81]80,65,5)([82]60,33,2)([83]36,45,7)([84]24,76,7)([85]83,35,7)([86]66,69,5)(86)
evaluations: 35557209
first invidual area: 131.18
{7,1,80,1,2,1,8}([7]4,3,5)([8]4,2,2)([9]4,6,4)([10]0,1,2)([11]2,9,4)([12]3,11,2)([13]2,5,7)([14]5,10,5)([15]1,1,0)([16]2,5,4)([17]1,11,7)([18]17,16,2)([19]4,1,7)([20]0,18,2)([21]18,3,3)([22]7,10,7)([23]5,12,4)([24]8,14,4)([25]8,23,6)([26]0,16,4)([27]24,23,5)([28]0,21,4)([29]22,9,3)([30]23,5,3)([31]25,12,5)([32]25,1,5)([33]28,31,5)([34]29,33,7)([35]33,30,1)([36]28,2,5)([37]27,7,7)([38]19,34,2)([39]23,6,3)([40]3,27,1)([41]37,28,6)([42]24,20,0)([43]29,26,7)([44]29,6,3)([45]27,29,5)([46]44,10,0)([47]6,41,3)([48]1,34,5)([49]45,8,2)([50]4,46,3)([51]37,48,0)([52]35,27,7)([53]23,15,2)([54]25,19,4)([55]27,13,1)([56]39,45,0)([57]47,45,7)([58]56,24,4)([59]32,43,7)([60]36,53,6)([61]36,8,3)([62]51,31,4)([63]19,59,2)([64]58,60,6)([65]35,21,3)([66]64,59,3)([67]33,35,0)([68]25,49,2)([69]57,48,7)([70]5,40,0)([71]19,6,3)([72]37,46,3)([73]30,46,7)([74]5,45,4)([75]25,24,0)([76]27,35,2)([77]13,8,7)([78]65,15,3)([79]26,65,6)([80]76,14,1)([81]29,5,4)([82]74,68,2)([83]53,50,7)([84]35,7,6)([85]20,56,5)([86]66,69,5)(86)
optimized area: 126.50
time: 575794 ms
seed: 1634454654
NOT FOUND
time: 532040 ms
seed: 1634514794
NOT FOUND
time: 534423 ms
seed: 1634614071
NOT FOUND
time: 524793 ms
seed: 1635141017
{7,1,80,1,2,1,8}([7]1,3,4)([8]4,3,7)([9]6,5,4)([10]8,9,4)([11]0,7,7)([12]4,11,4)([13]3,0,3)([14]2,1,5)([15]9,13,1)([16]13,12,7)([17]13,9,1)([18]10,2,7)([19]14,7,7)([20]18,17,7)([21]15,12,2)([22]19,15,6)([23]19,22,6)([24]22,2,3)([25]10,23,3)([26]18,9,3)([27]20,19,4)([28]18,0,6)([29]5,25,2)([30]24,24,5)([31]3,20,3)([32]19,22,1)([33]6,23,7)([34]10,5,3)([35]23,34,7)([36]19,3,2)([37]32,30,7)([38]17,28,3)([39]20,18,7)([40]27,33,2)([41]8,36,7)([42]38,37,6)([43]42,7,0)([44]36,40,4)([45]18,11,5)([46]6,22,4)([47]21,38,0)([48]35,45,6)([49]2,33,3)([50]44,11,7)([51]46,34,2)([52]45,7,2)([53]16,51,3)([54]18,35,7)([55]50,39,1)([56]48,53,7)([57]34,44,6)([58]6,37,2)([59]7,49,2)([60]42,53,7)([61]43,59,6)([62]49,13,2)([63]33,58,6)([64]1,55,4)([65]63,43,3)([66]46,52,0)([67]4,34,2)([68]27,44,0)([69]28,32,3)([70]57,64,7)([71]66,18,5)([72]50,61,6)([73]36,8,2)([74]72,56,3)([75]19,56,2)([76]21,13,0)([77]40,42,3)([78]9,39,6)([79]26,5,7)([80]51,9,6)([81]36,7,7)([82]38,23,5)([83]19,35,2)([84]53,19,2)([85]10,71,3)([86]81,23,0)(74)
evaluations: 41325875
first invidual area: 136.35
{7,1,80,1,2,1,8}([7]1,3,4)([8]3,4,4)([9]6,5,4)([10]9,8,7)([11]0,7,7)([12]10,6,5)([13]0,3,3)([14]2,1,5)([15]13,14,3)([16]4,11,4)([17]11,12,0)([18]2,10,7)([19]14,7,7)([20]19,15,0)([21]16,10,1)([22]13,20,4)([23]9,19,6)([24]7,3,5)([25]13,10,3)([26]10,6,4)([27]22,18,4)([28]23,3,6)([29]0,27,6)([30]29,7,2)([31]17,29,5)([32]13,16,7)([33]6,23,7)([34]10,5,3)([35]34,23,7)([36]12,22,4)([37]26,36,5)([38]7,37,3)([39]32,8,7)([40]27,33,5)([41]35,6,0)([42]29,36,6)([43]33,20,4)([44]24,40,4)([45]18,17,5)([46]8,17,5)([47]46,45,3)([48]41,45,6)([49]17,25,5)([50]44,17,7)([51]43,34,2)([52]33,1,1)([53]32,51,6)([54]36,7,2)([55]16,7,6)([56]48,53,4)([57]4,38,6)([58]47,5,6)([59]50,10,3)([60]27,56,3)([61]42,54,6)([62]12,30,1)([63]25,61,5)([64]34,0,7)([65]50,43,0)([66]33,48,2)([67]36,21,3)([68]61,10,2)([69]51,63,0)([70]68,53,6)([71]36,36,1)([72]65,61,6)([73]51,33,7)([74]72,56,3)([75]17,66,2)([76]3,30,5)([77]30,54,3)([78]5,25,0)([79]31,28,7)([80]65,59,5)([81]59,1,7)([82]60,53,2)([83]61,28,7)([84]60,69,2)([85]46,17,2)([86]80,30,3)(74)
optimized area: 121.85
time: 544221 ms
seed: 1635190127
NOT FOUND
time: 525973 ms
seed: 1635340470
{7,1,80,1,2,1,8}([7]0,6,6)([8]5,6,6)([9]8,2,4)([10]5,4,6)([11]10,3,4)([12]6,5,4)([13]11,1,4)([14]8,10,3)([15]3,5,5)([16]2,14,4)([17]14,8,0)([18]4,12,4)([19]2,12,2)([20]7,1,0)([21]1,16,3)([22]9,0,3)([23]11,19,6)([24]13,3,7)([25]7,13,3)([26]14,12,4)([27]0,26,7)([28]23,6,5)([29]18,17,7)([30]2,18,5)([31]30,15,7)([32]18,28,2)([33]27,25,7)([34]16,0,4)([35]30,5,0)([36]33,25,5)([37]21,20,7)([38]0,17,1)([39]31,25,3)([40]37,33,6)([41]14,4,0)([42]29,28,7)([43]31,13,3)([44]16,28,0)([45]42,6,4)([46]31,22,2)([47]12,43,3)([48]25,46,5)([49]4,10,4)([50]42,40,4)([51]17,4,7)([52]10,49,7)([53]28,47,7)([54]50,53,5)([55]4,54,4)([56]15,5,7)([57]20,43,4)([58]24,38,2)([59]3,13,6)([60]0,1,3)([61]35,59,5)([62]44,40,0)([63]12,8,1)([64]54,48,5)([65]36,14,4)([66]18,55,0)([67]2,4,2)([68]60,31,2)([69]37,13,7)([70]21,38,5)([71]54,49,5)([72]47,57,5)([73]67,62,1)([74]33,33,1)([75]31,5,2)([76]24,62,5)([77]0,22,1)([78]53,41,7)([79]41,1,2)([80]9,31,3)([81]6,40,4)([82]15,75,0)([83]67,77,5)([84]67,7,3)([85]20,69,1)([86]74,1,1)(64)
evaluations: 32357979
first invidual area: 111.99
{7,1,80,1,2,1,8}([7]0,6,6)([8]6,5,6)([9]2,8,4)([10]4,5,6)([11]10,3,4)([12]6,5,4)([13]1,11,4)([14]10,8,3)([15]14,12,4)([16]14,2,4)([17]12,9,2)([18]4,12,4)([19]4,15,4)([20]12,13,3)([21]1,16,6)([22]18,14,4)([23]11,17,6)([24]12,1,5)([25]13,7,3)([26]3,5,5)([27]15,25,4)([28]23,6,5)([29]13,27,7)([30]2,18,5)([31]30,26,7)([32]0,9,3)([33]32,25,5)([34]28,19,5)([35]12,15,2)([36]20,34,5)([37]7,21,4)([38]20,31,3)([39]34,19,0)([40]32,25,2)([41]40,31,5)([42]0,27,4)([43]9,14,4)([44]27,42,5)([45]0,38,1)([46]38,27,6)([47]3,25,4)([48]41,7,6)([49]42,37,6)([50]34,49,4)([51]46,44,0)([52]7,11,2)([53]28,38,7)([54]53,50,5)([55]53,3,0)([56]21,20,5)([57]34,10,3)([58]39,40,3)([59]48,37,7)([60]13,21,1)([61]54,7,0)([62]43,49,6)([63]18,14,7)([64]0,36,6)([65]47,30,1)([66]33,59,4)([67]54,39,2)([68]63,49,6)([69]14,9,6)([70]41,24,1)([71]59,5,3)([72]17,15,7)([73]58,66,7)([74]60,4,5)([75]54,41,5)([76]65,68,1)([77]48,1,1)([78]66,40,3)([79]40,69,4)([80]79,12,2)([81]65,73,7)([82]75,5,3)([83]69,71,5)([84]9,7,2)([85]21,29,6)([86]7,45,4)(75)
optimized area: 109.17
time: 1101404 ms
seed: 1635621132
{7,1,80,1,2,1,8}([7]5,6,7)([8]7,1,3)([9]0,2,7)([10]3,4,7)([11]4,5,7)([12]10,9,6)([13]7,0,4)([14]0,7,7)([15]11,8,7)([16]10,5,4)([17]10,15,2)([18]8,12,4)([19]17,2,4)([20]13,15,1)([21]13,9,7)([22]1,11,2)([23]18,10,1)([24]17,11,3)([25]8,4,5)([26]11,4,6)([27]2,21,0)([28]23,10,6)([29]19,21,2)([30]5,22,3)([31]10,24,7)([32]1,12,6)([33]28,19,6)([34]31,12,6)([35]16,6,6)([36]29,14,7)([37]24,1,4)([38]25,35,3)([39]35,8,6)([40]38,14,6)([41]26,19,5)([42]29,3,2)([43]36,41,5)([44]40,42,6)([45]14,19,7)([46]1,37,5)([47]31,39,4)([48]34,30,3)([49]22,35,1)([50]21,19,3)([51]31,7,2)([52]43,48,5)([53]1,15,2)([54]18,27,7)([55]19,42,2)([56]48,34,4)([57]19,21,7)([58]47,13,6)([59]7,0,0)([60]9,39,0)([61]44,37,5)([62]18,6,5)([63]6,26,2)([64]49,38,3)([65]13,56,7)([66]51,59,1)([67]65,18,5)([68]67,45,2)([69]48,42,5)([70]52,61,4)([71]62,52,2)([72]70,0,1)([73]13,57,0)([74]70,68,3)([75]60,36,3)([76]59,36,4)([77]44,17,7)([78]63,72,7)([79]74,62,7)([80]21,7,6)([81]71,78,7)([82]55,72,4)([83]53,1,4)([84]41,38,6)([85]17,55,5)([86]48,59,2)(79)
evaluations: 10927101
first invidual area: 141.98
{7,1,80,1,2,1,8}([7]6,5,7)([8]7,1,3)([9]0,2,7)([10]4,3,7)([11]5,4,7)([12]10,9,3)([13]7,0,7)([14]4,5,3)([15]2,13,6)([16]8,11,7)([17]16,10,2)([18]12,8,7)([19]17,2,4)([20]9,15,2)([21]5,12,6)([22]8,4,5)([23]13,9,4)([24]11,17,3)([25]11,4,6)([26]25,19,5)([27]22,1,2)([28]21,13,3)([29]19,23,2)([30]27,5,3)([31]24,10,7)([32]11,29,1)([33]6,18,5)([34]21,31,6)([35]3,29,2)([36]1,17,2)([37]1,14,0)([38]32,14,1)([39]34,30,3)([40]28,22,6)([41]15,20,6)([42]28,4,6)([43]37,24,4)([44]13,17,0)([45]44,29,7)([46]19,28,1)([47]1,24,4)([48]42,44,4)([49]45,26,5)([50]0,27,2)([51]35,40,6)([52]35,41,0)([53]30,5,5)([54]31,39,5)([55]13,19,7)([56]48,6,0)([57]54,13,7)([58]56,48,4)([59]39,49,5)([60]54,19,6)([61]51,43,5)([62]28,28,3)([63]38,38,4)([64]9,63,2)([65]3,52,4)([66]43,2,0)([67]18,57,5)([68]67,55,2)([69]61,2,0)([70]59,61,4)([71]63,58,5)([72]26,27,3)([73]60,46,4)([74]70,68,3)([75]15,21,0)([76]33,74,7)([77]57,38,2)([78]62,66,5)([79]61,66,2)([80]22,47,1)([81]47,2,4)([82]31,4,4)([83]2,73,6)([84]20,9,1)([85]42,58,6)([86]33,63,5)(76)
optimized area: 129.78
time: 1354980 ms
seed: 1635668852
{7,1,80,1,2,1,8}([7]0,1,5)([8]7,3,1)([9]0,4,7)([10]5,3,4)([11]10,1,6)([12]10,2,2)([13]2,4,5)([14]1,9,4)([15]2,14,6)([16]7,3,6)([17]8,6,4)([18]15,10,6)([19]9,18,7)([20]12,4,6)([21]13,6,2)([22]20,5,2)([23]11,20,7)([24]5,14,4)([25]5,8,6)([26]14,21,4)([27]25,9,7)([28]15,8,1)([29]11,20,1)([30]7,14,3)([31]27,6,4)([32]17,12,3)([33]26,19,3)([34]19,27,5)([35]27,34,4)([36]34,32,4)([37]36,21,3)([38]6,16,4)([39]37,38,7)([40]6,5,4)([41]11,35,5)([42]20,12,2)([43]33,9,2)([44]29,36,4)([45]29,38,7)([46]3,40,2)([47]23,8,7)([48]46,41,4)([49]43,24,4)([50]26,8,0)([51]22,46,4)([52]26,31,5)([53]36,2,2)([54]27,33,3)([55]11,42,0)([56]54,17,6)([57]23,2,1)([58]48,52,2)([59]39,23,5)([60]36,55,1)([61]52,18,3)([62]11,28,1)([63]46,21,7)([64]56,13,5)([65]58,47,6)([66]26,61,4)([67]20,62,7)([68]56,39,6)([69]65,68,3)([70]15,3,7)([71]17,63,5)([72]33,33,4)([73]52,6,2)([74]52,64,2)([75]60,59,4)([76]47,71,0)([77]41,18,2)([78]31,17,0)([79]40,54,3)([80]17,32,3)([81]44,12,1)([82]22,7,0)([83]82,43,1)([84]15,81,4)([85]48,52,1)([86]65,48,3)(69)
evaluations: 9378342
first invidual area: 127.91
{7,1,80,1,2,1,8}([7]0,1,5)([8]7,3,6)([9]4,0,7)([10]5,3,4)([11]1,10,6)([12]10,2,2)([13]4,2,5)([14]1,9,4)([15]14,2,6)([16]5,6,4)([17]7,6,7)([18]10,15,3)([19]18,9,4)([20]12,17,6)([21]6,13,2)([22]17,6,3)([23]7,12,1)([24]3,16,5)([25]5,23,3)([26]14,21,4)([27]19,17,3)([28]25,18,7)([29]14,8,3)([30]12,4,3)([31]16,9,4)([32]1,25,2)([33]26,20,0)([34]28,19,5)([35]33,2,5)([36]20,34,7)([37]21,36,3)([38]37,8,4)([39]38,6,7)([40]34,26,0)([41]23,11,3)([42]2,24,4)([43]11,35,5)([44]31,33,3)([45]11,13,0)([46]4,31,4)([47]33,10,0)([48]33,9,5)([49]6,4,2)([50]33,31,5)([51]21,7,7)([52]17,17,2)([53]10,24,1)([54]24,43,7)([55]6,36,1)([56]27,44,6)([57]33,2,1)([58]50,54,2)([59]41,21,3)([60]2,8,6)([61]41,30,7)([62]55,49,7)([63]38,27,3)([64]40,1,7)([65]29,62,4)([66]21,55,6)([67]62,54,4)([68]61,58,6)([69]66,42,7)([70]63,48,4)([71]30,54,1)([72]22,57,2)([73]64,22,0)([74]61,19,2)([75]32,73,1)([76]75,41,1)([77]67,32,1)([78]6,54,0)([79]0,33,1)([80]69,7,2)([81]39,56,6)([82]68,81,3)([83]22,20,4)([84]44,30,4)([85]20,71,5)([86]33,55,6)(82)
optimized area: 122.27
time: 1289959 ms
seed: 1635716706
NOT FOUND
time: 1060683 ms
seed: 1635763865
{7,1,80,1,2,1,8}([7]6,2,4)([8]5,7,4)([9]7,8,7)([10]1,2,4)([11]8,6,6)([12]10,4,7)([13]0,4,4)([14]13,8,2)([15]7,6,6)([16]8,14,6)([17]1,6,5)([18]3,17,7)([19]0,9,2)([20]7,19,6)([21]9,13,4)([22]4,17,2)([23]8,20,1)([24]10,13,1)([25]18,5,7)([26]13,11,2)([27]3,18,3)([28]4,9,6)([29]1,14,4)([30]29,4,3)([31]3,20,6)([32]30,29,4)([33]14,24,6)([34]29,0,5)([35]14,25,6)([36]16,12,6)([37]17,32,2)([38]15,25,3)([39]35,35,7)([40]4,23,3)([41]15,12,3)([42]31,4,0)([43]42,30,2)([44]0,43,3)([45]0,35,1)([46]44,18,6)([47]8,15,6)([48]43,34,7)([49]8,4,2)([50]45,33,4)([51]35,31,4)([52]17,9,4)([53]38,19,3)([54]13,44,7)([55]27,1,4)([56]53,38,4)([57]55,22,5)([58]0,24,1)([59]37,36,4)([60]57,48,5)([61]30,59,2)([62]6,51,6)([63]8,1,4)([64]52,61,5)([65]15,20,6)([66]60,26,6)([67]53,61,4)([68]14,43,0)([69]46,41,6)([70]26,2,1)([71]40,36,3)([72]56,63,4)([73]69,32,4)([74]67,73,6)([75]43,56,3)([76]66,74,6)([77]40,74,1)([78]61,5,5)([79]1,66,4)([80]30,30,3)([81]10,69,4)([82]42,70,1)([83]13,46,0)([84]69,17,1)([85]50,70,4)([86]59,11,7)(76)
evaluations: 18709956
first invidual area: 133.99
{7,1,80,1,2,1,8}([7]6,2,4)([8]7,5,4)([9]0,4,1)([10]2,4,4)([11]0,6,7)([12]1,10,7)([13]4,0,4)([14]6,8,6)([15]2,6,6)([16]3,5,4)([17]6,1,5)([18]6,2,6)([19]9,5,6)([20]13,14,2)([21]1,19,0)([22]1,21,0)([23]19,7,6)([24]23,3,6)([25]21,3,1)([26]13,8,5)([27]21,3,4)([28]16,17,4)([29]21,26,7)([30]4,29,3)([31]17,4,2)([32]29,30,4)([33]28,15,3)([34]8,32,1)([35]31,27,5)([36]25,7,1)([37]34,12,6)([38]37,0,0)([39]32,23,1)([40]24,30,5)([41]39,6,2)([42]0,29,5)([43]32,31,5)([44]43,37,7)([45]28,41,5)([46]9,33,3)([47]10,11,5)([48]40,42,4)([49]30,44,5)([50]47,43,1)([51]41,47,0)([52]44,28,6)([53]9,9,2)([54]31,4,4)([55]34,35,4)([56]0,12,3)([57]43,9,5)([58]12,15,3)([59]19,33,3)([60]35,48,5)([61]32,55,0)([62]27,57,6)([63]26,11,7)([64]44,31,2)([65]20,21,6)([66]20,60,6)([67]59,49,2)([68]30,42,2)([69]62,58,6)([70]31,69,7)([71]12,40,4)([72]12,0,7)([73]69,61,4)([74]67,73,6)([75]36,33,6)([76]9,21,6)([77]42,47,4)([78]6,63,4)([79]8,14,3)([80]55,4,7)([81]6,70,5)([82]77,56,4)([83]66,74,6)([84]18,75,1)([85]70,49,5)([86]64,10,1)(83)
optimized area: 122.72
time: 1234269 ms
seed: 1635810812
NOT FOUND
time: 1057345 ms
seed: 1635854090
NOT FOUND
time: 1049799 ms
seed: 1635896057
{7,1,80,1,2,1,8}([7]4,6,6)([8]3,4,3)([9]5,6,5)([10]9,9,2)([11]7,5,3)([12]0,7,3)([13]2,3,7)([14]8,0,4)([15]7,13,7)([16]5,10,1)([17]15,4,2)([18]13,3,6)([19]4,0,5)([20]1,12,1)([21]3,0,6)([22]19,8,7)([23]3,1,7)([24]15,22,3)([25]14,23,4)([26]10,21,2)([27]17,21,4)([28]21,10,6)([29]6,5,4)([30]29,24,7)([31]14,18,6)([32]23,26,5)([33]31,6,1)([34]22,32,3)([35]33,4,7)([36]33,30,7)([37]25,11,5)([38]5,12,6)([39]32,17,2)([40]39,24,4)([41]28,29,0)([42]40,37,7)([43]35,34,5)([44]2,26,7)([45]36,2,4)([46]43,5,5)([47]39,46,3)([48]25,23,6)([49]12,24,5)([50]36,12,6)([51]3,24,3)([52]7,50,6)([53]0,42,5)([54]6,46,4)([55]27,23,6)([56]53,28,4)([57]4,7,1)([58]19,32,1)([59]9,55,3)([60]19,48,4)([61]45,42,5)([62]20,58,0)([63]34,13,7)([64]1,49,7)([65]16,58,1)([66]41,54,2)([67]46,16,1)([68]32,43,7)([69]52,53,2)([70]25,23,1)([71]36,12,6)([72]10,4,0)([73]4,51,7)([74]68,7,1)([75]25,36,5)([76]66,61,6)([77]67,58,3)([78]59,60,2)([79]70,10,6)([80]12,79,0)([81]76,78,4)([82]35,79,5)([83]28,61,0)([84]9,4,0)([85]0,83,3)([86]51,36,2)(81)
evaluations: 40055372
first invidual area: 136.34
{7,1,80,1,2,1,8}([7]4,6,6)([8]4,3,3)([9]6,5,5)([10]8,5,1)([11]7,5,3)([12]6,5,4)([13]3,2,7)([14]8,0,4)([15]13,7,7)([16]7,4,2)([17]4,15,2)([18]3,13,6)([19]4,0,5)([20]16,1,5)([21]3,0,6)([22]19,8,2)([23]3,1,7)([24]22,15,3)([25]14,23,4)([26]9,21,2)([27]9,23,0)([28]24,12,7)([29]5,19,7)([30]29,1,1)([31]14,18,6)([32]23,26,5)([33]14,25,3)([34]32,17,5)([35]34,25,3)([36]31,28,4)([37]25,11,5)([38]12,26,5)([39]32,20,6)([40]34,24,5)([41]0,9,1)([42]40,37,4)([43]41,27,3)([44]24,31,0)([45]36,2,4)([46]2,15,0)([47]28,24,3)([48]45,36,2)([49]21,17,4)([50]8,49,1)([51]33,19,5)([52]21,27,6)([53]25,25,4)([54]31,4,7)([55]49,23,6)([56]26,35,1)([57]45,42,5)([58]24,36,2)([59]27,55,3)([60]19,33,7)([61]60,53,0)([62]55,22,1)([63]46,36,1)([64]19,6,6)([65]56,8,5)([66]52,54,2)([67]34,27,7)([68]31,36,2)([69]27,15,1)([70]40,20,4)([71]43,70,7)([72]15,54,2)([73]57,1,0)([74]30,9,2)([75]55,12,4)([76]66,73,6)([77]37,42,3)([78]59,60,5)([79]43,48,1)([80]57,43,0)([81]76,78,7)([82]75,46,5)([83]75,4,5)([84]55,55,1)([85]14,67,5)([86]43,8,4)(81)
optimized area: 118.06
time: 1096309 ms
seed: 1635932251
{7,1,80,1,2,1,8}([7]4,6,3)([8]1,0,5)([9]2,5,7)([10]6,9,7)([11]4,9,7)([12]1,4,4)([13]0,10,4)([14]11,7,7)([15]0,2,7)([16]14,3,5)([17]12,8,7)([18]7,3,4)([19]15,4,3)([20]2,9,3)([21]11,8,3)([22]6,3,3)([23]10,20,7)([24]15,2,1)([25]22,12,0)([26]1,15,5)([27]12,13,2)([28]19,27,7)([29]3,27,6)([30]24,28,5)([31]20,24,6)([32]2,30,5)([33]12,30,1)([34]28,4,6)([35]5,33,4)([36]14,35,1)([37]5,8,3)([38]32,7,3)([39]29,18,3)([40]37,36,4)([41]37,16,4)([42]37,12,2)([43]38,13,6)([44]39,8,6)([45]35,39,7)([46]22,22,6)([47]20,46,6)([48]32,46,3)([49]23,28,3)([50]26,46,3)([51]19,41,2)([52]41,21,1)([53]36,52,2)([54]47,38,3)([55]21,49,2)([56]4,27,0)([57]55,39,7)([58]11,12,4)([59]17,48,7)([60]43,21,5)([61]34,13,6)([62]23,28,5)([63]20,51,7)([64]57,2,2)([65]56,26,6)([66]45,26,5)([67]18,64,2)([68]31,52,3)([69]55,68,2)([70]40,69,5)([71]32,37,3)([72]59,50,5)([73]18,19,3)([74]67,8,1)([75]66,59,6)([76]14,1,0)([77]67,71,3)([78]2,8,0)([79]78,29,7)([80]44,69,3)([81]57,44,6)([82]80,30,1)([83]82,75,3)([84]14,63,7)([85]83,34,6)([86]74,20,0)(83)
evaluations: 7952432
first invidual area: 133.97
{7,1,80,1,2,1,8}([7]4,6,3)([8]0,1,5)([9]2,5,7)([10]4,9,4)([11]9,5,3)([12]1,4,4)([13]12,8,7)([14]10,7,4)([15]0,2,7)([16]11,6,7)([17]5,6,3)([18]9,4,5)([19]1,15,3)([20]2,16,3)([21]12,17,5)([22]19,2,5)([23]19,21,4)([24]23,1,6)([25]7,3,5)([26]1,15,5)([27]22,8,3)([28]13,1,5)([29]7,17,7)([30]29,25,0)([31]17,30,5)([32]8,14,3)([33]5,8,3)([34]23,5,0)([35]8,25,6)([36]9,4,5)([37]5,25,7)([38]12,37,7)([39]3,6,6)([40]11,36,5)([41]20,28,4)([42]28,3,5)([43]17,24,5)([44]22,39,3)([45]42,6,1)([46]23,16,6)([47]37,27,5)([48]16,23,3)([49]28,30,1)([50]30,27,6)([51]26,38,5)([52]42,33,2)([53]39,41,0)([54]24,10,1)([55]32,48,2)([56]50,39,0)([57]40,19,4)([58]5,27,0)([59]13,44,7)([60]5,19,6)([61]35,44,0)([62]19,23,1)([63]20,50,0)([64]24,60,6)([65]45,30,0)([66]11,55,6)([67]14,63,1)([68]67,52,3)([69]55,68,2)([70]57,34,0)([71]39,65,4)([72]59,51,6)([73]53,29,2)([74]68,48,1)([75]3,11,7)([76]20,39,0)([77]24,71,0)([78]1,54,1)([79]46,44,7)([80]61,69,6)([81]58,73,6)([82]45,62,5)([83]80,72,3)([84]28,78,7)([85]42,73,3)([86]42,12,3)(83)
optimized area: 107.73
time: 1197494 ms
seed: 1635968467
{7,1,80,1,2,1,8}([7]2,1,5)([8]1,3,7)([9]0,7,0)([10]6,0,3)([11]6,2,7)([12]3,2,2)([13]10,11,6)([14]8,13,7)([15]12,1,0)([16]6,14,2)([17]3,9,7)([18]17,16,2)([19]18,2,6)([20]11,2,1)([21]13,5,4)([22]5,7,4)([23]0,4,2)([24]15,12,0)([25]11,22,4)([26]19,4,6)([27]12,22,3)([28]10,14,3)([29]26,20,2)([30]27,17,7)([31]2,29,1)([32]14,22,3)([33]5,25,7)([34]32,30,2)([35]25,17,2)([36]17,15,0)([37]34,12,4)([38]23,21,6)([39]5,23,1)([40]15,13,5)([41]34,5,7)([42]33,36,1)([43]29,3,3)([44]20,27,3)([45]10,20,1)([46]32,42,2)([47]44,46,7)([48]27,25,7)([49]33,13,3)([50]29,43,3)([51]29,27,1)([52]1,50,4)([53]36,50,4)([54]41,9,5)([55]42,17,6)([56]38,52,6)([57]50,20,6)([58]32,56,4)([59]4,38,4)([60]4,0,7)([61]59,0,6)([62]59,54,2)([63]35,26,2)([64]19,48,6)([65]36,14,0)([66]43,14,4)([67]62,35,4)([68]33,15,5)([69]54,46,7)([70]56,61,5)([71]47,67,5)([72]63,56,4)([73]71,42,3)([74]56,49,5)([75]3,19,0)([76]4,39,3)([77]66,23,0)([78]71,72,4)([79]41,9,5)([80]14,49,1)([81]2,61,6)([82]17,9,5)([83]79,10,6)([84]23,62,1)([85]82,8,6)([86]3,56,3)(78)
evaluations: 39049710
first invidual area: 132.59
{7,1,80,1,2,1,8}([7]2,1,5)([8]1,3,4)([9]8,6,2)([10]0,6,3)([11]6,2,7)([12]11,6,0)([13]12,10,6)([14]8,13,4)([15]4,7,0)([16]3,2,2)([17]0,3,7)([18]9,17,2)([19]2,18,6)([20]12,9,1)([21]13,5,4)([22]7,5,4)([23]0,4,2)([24]21,19,0)([25]22,11,4)([26]19,4,6)([27]22,16,3)([28]20,27,6)([29]25,1,6)([30]27,3,7)([31]20,25,5)([32]14,22,3)([33]2,3,0)([34]32,30,5)([35]25,17,2)([36]4,32,6)([37]35,26,5)([38]23,21,6)([39]26,20,2)([40]11,8,3)([41]34,5,4)([42]5,25,4)([43]39,3,6)([44]15,43,0)([45]35,28,1)([46]32,42,5)([47]28,46,7)([48]35,26,5)([49]32,22,1)([50]30,5,0)([51]48,42,5)([52]1,43,7)([53]19,2,0)([54]41,0,5)([55]17,39,7)([56]38,52,6)([57]46,13,3)([58]22,42,1)([59]4,38,4)([60]14,24,5)([61]7,36,0)([62]59,54,5)([63]58,41,5)([64]59,59,4)([65]47,46,0)([66]42,19,6)([67]47,16,4)([68]34,38,3)([69]42,3,1)([70]35,62,7)([71]65,70,5)([72]48,56,7)([73]60,53,0)([74]30,55,0)([75]3,3,4)([76]28,70,4)([77]27,61,2)([78]71,72,4)([79]31,1,6)([80]9,35,6)([81]53,11,5)([82]61,39,5)([83]75,22,2)([84]60,42,5)([85]82,17,3)([86]6,61,1)(78)
optimized area: 126.97
time: 1138496 ms
seed: 1636004331
{7,1,80,1,2,1,8}([7]3,2,4)([8]4,0,7)([9]2,6,7)([10]7,3,3)([11]1,3,7)([12]10,0,7)([13]0,5,5)([14]13,9,7)([15]8,12,7)([16]10,4,3)([17]14,3,5)([18]7,5,0)([19]13,6,6)([20]11,15,6)([21]6,17,7)([22]11,12,4)([23]5,20,3)([24]8,11,7)([25]17,13,4)([26]3,6,3)([27]7,11,6)([28]4,21,4)([29]23,1,0)([30]23,12,6)([31]20,30,6)([32]25,31,4)([33]17,24,2)([34]17,18,6)([35]7,21,7)([36]32,25,6)([37]4,22,4)([38]28,22,2)([39]25,23,4)([40]5,6,5)([41]12,29,5)([42]34,9,6)([43]11,29,3)([44]20,37,6)([45]25,32,7)([46]27,8,6)([47]32,8,6)([48]37,43,5)([49]9,26,1)([50]4,17,6)([51]48,1,3)([52]12,19,6)([53]52,29,0)([54]33,34,3)([55]27,38,7)([56]53,44,3)([57]40,56,5)([58]45,35,7)([59]24,34,5)([60]23,19,7)([61]23,7,4)([62]31,26,5)([63]1,51,2)([64]20,10,6)([65]61,16,4)([66]10,23,6)([67]38,11,6)([68]51,45,4)([69]55,39,3)([70]8,64,3)([71]61,54,6)([72]65,38,3)([73]66,44,5)([74]69,57,5)([75]35,44,2)([76]35,29,4)([77]31,67,6)([78]50,68,7)([79]28,62,2)([80]62,25,4)([81]52,29,4)([82]80,29,5)([83]80,78,2)([84]83,72,5)([85]74,84,7)([86]67,36,4)(85)
evaluations: 37516605
first invidual area: 162.60
{7,1,80,1,2,1,8}([7]2,3,4)([8]2,6,7)([9]1,8,1)([10]2,3,3)([11]3,1,7)([12]0,10,7)([13]0,5,5)([14]8,13,2)([15]10,4,7)([16]1,8,0)([17]14,3,5)([18]17,13,0)([19]13,13,1)([20]11,15,6)([21]6,18,7)([22]12,11,4)([23]5,20,3)([24]16,15,2)([25]13,18,5)([26]23,25,4)([27]11,7,6)([28]4,21,4)([29]10,14,7)([30]5,12,6)([31]20,30,6)([32]13,22,1)([33]7,23,4)([34]25,19,1)([35]34,9,5)([36]11,26,3)([37]4,22,4)([38]28,22,2)([39]0,1,0)([40]6,5,5)([41]12,19,6)([42]27,1,7)([43]27,7,1)([44]37,20,6)([45]13,33,7)([46]2,27,2)([47]1,17,7)([48]37,43,5)([49]3,46,4)([50]33,18,6)([51]48,16,3)([52]13,43,7)([53]18,38,0)([54]31,2,1)([55]27,38,7)([56]41,44,3)([57]40,56,5)([58]21,16,3)([59]42,22,1)([60]33,8,3)([61]2,18,7)([62]31,58,5)([63]50,15,3)([64]54,61,2)([65]24,33,6)([66]23,14,4)([67]32,19,1)([68]51,31,4)([69]55,26,3)([70]63,6,5)([71]54,67,1)([72]65,38,3)([73]17,2,1)([74]69,57,5)([75]62,25,4)([76]12,37,6)([77]66,69,1)([78]50,68,3)([79]6,9,3)([80]41,39,2)([81]20,6,0)([82]25,44,2)([83]75,72,2)([84]83,78,5)([85]74,84,7)([86]0,2,2)(85)
optimized area: 136.78
time: 1165951 ms
seed: 1636038909
{7,1,80,1,2,1,8}([7]3,1,7)([8]0,1,7)([9]8,6,6)([10]8,0,3)([11]6,5,5)([12]3,4,4)([13]2,12,4)([14]2,0,4)([15]10,7,5)([16]10,4,5)([17]6,12,3)([18]16,5,4)([19]6,5,6)([20]14,7,5)([21]8,15,2)([22]3,2,7)([23]17,19,2)([24]15,4,7)([25]12,8,4)([26]11,24,5)([27]23,22,7)([28]7,11,6)([29]12,18,7)([30]13,19,7)([31]8,6,5)([32]11,24,7)([33]17,30,6)([34]30,31,5)([35]27,8,4)([36]25,11,2)([37]16,5,3)([38]21,34,4)([39]38,3,5)([40]13,18,2)([41]40,7,7)([42]20,33,6)([43]41,34,5)([44]35,32,4)([45]4,23,6)([46]43,36,4)([47]44,21,2)([48]42,9,7)([49]4,46,4)([50]17,23,4)([51]49,44,3)([52]29,24,2)([53]39,35,4)([54]40,7,2)([55]53,48,2)([56]54,52,1)([57]42,35,3)([58]26,55,3)([59]51,20,5)([60]16,44,0)([61]33,59,3)([62]33,23,7)([63]19,1,4)([64]47,58,4)([65]21,57,6)([66]18,28,1)([67]1,40,7)([68]43,64,7)([69]28,60,5)([70]64,43,0)([71]70,51,5)([72]36,44,5)([73]61,37,4)([74]70,28,1)([75]60,69,0)([76]72,72,5)([77]1,62,6)([78]18,36,3)([79]29,62,2)([80]76,59,1)([81]21,57,0)([82]47,36,3)([83]2,43,5)([84]44,29,6)([85]59,15,7)([86]24,32,3)(71)
evaluations: 16249008
first invidual area: 149.95
{7,1,80,1,2,1,8}([7]1,3,7)([8]0,1,7)([9]6,8,6)([10]0,8,3)([11]5,6,5)([12]4,3,4)([13]12,2,4)([14]12,6,1)([15]7,10,5)([16]4,10,5)([17]4,15,7)([18]14,7,5)([19]5,6,6)([20]16,6,5)([21]8,6,5)([22]11,13,4)([23]12,19,5)([24]22,23,7)([25]2,13,7)([26]15,24,2)([27]16,5,4)([28]21,15,1)([29]7,18,4)([30]13,19,7)([31]17,29,0)([32]14,8,7)([33]6,30,6)([34]30,21,5)([35]8,24,7)([36]32,11,5)([37]0,5,7)([38]36,34,7)([39]38,3,5)([40]27,13,5)([41]40,7,4)([42]18,33,6)([43]41,34,5)([44]35,15,7)([45]29,33,0)([46]43,36,7)([47]35,26,5)([48]42,9,7)([49]4,46,4)([50]39,44,7)([51]13,40,1)([52]49,44,3)([53]10,11,6)([54]46,10,0)([55]50,48,2)([56]17,11,5)([57]41,39,0)([58]19,52,5)([59]56,55,3)([60]11,3,6)([61]56,37,4)([62]12,39,0)([63]50,6,5)([64]59,47,7)([65]10,27,2)([66]7,2,4)([67]61,13,3)([68]45,10,0)([69]67,65,7)([70]69,30,2)([71]38,4,5)([72]63,17,5)([73]52,64,5)([74]25,67,7)([75]65,26,4)([76]16,65,3)([77]55,2,6)([78]47,39,7)([79]17,0,3)([80]42,61,5)([81]56,44,6)([82]19,54,6)([83]21,38,4)([84]77,3,6)([85]59,70,1)([86]32,73,5)(73)
optimized area: 137.75
time: 1314267 ms
seed: 1636072873
{7,1,80,1,2,1,8}([7]5,6,7)([8]0,6,4)([9]0,2,6)([10]1,0,6)([11]10,9,4)([12]4,11,4)([13]12,7,7)([14]11,12,3)([15]3,14,4)([16]15,7,3)([17]5,2,4)([18]16,4,6)([19]8,16,2)([20]19,17,6)([21]18,6,4)([22]15,18,4)([23]7,22,7)([24]2,7,2)([25]3,1,7)([26]25,1,1)([27]6,26,6)([28]13,20,2)([29]24,23,7)([30]28,2,5)([31]21,8,4)([32]0,9,3)([33]20,10,1)([34]21,12,6)([35]29,5,2)([36]0,26,5)([37]28,36,7)([38]16,33,7)([39]34,6,6)([40]26,39,7)([41]27,19,6)([42]34,37,3)([43]28,21,2)([44]17,22,7)([45]13,25,0)([46]15,26,0)([47]40,1,3)([48]35,34,3)([49]31,48,4)([50]47,49,3)([51]43,40,6)([52]2,10,6)([53]30,35,6)([54]26,35,7)([55]43,54,3)([56]38,55,3)([57]50,32,2)([58]39,27,1)([59]57,36,7)([60]25,35,7)([61]55,7,6)([62]37,39,2)([63]43,42,2)([64]25,20,7)([65]17,13,6)([66]44,41,6)([67]55,4,7)([68]57,66,3)([69]47,66,1)([70]51,65,1)([71]14,16,5)([72]42,68,4)([73]58,29,3)([74]1,66,0)([75]66,33,0)([76]2,59,6)([77]63,19,6)([78]44,59,0)([79]45,45,4)([80]30,70,3)([81]2,17,2)([82]66,10,7)([83]60,36,4)([84]53,72,7)([85]49,62,1)([86]85,38,6)(84)
evaluations: 11367715
first invidual area: 148.07
{7,1,80,1,2,1,8}([7]5,6,7)([8]1,2,0)([9]2,0,6)([10]1,0,3)([11]9,10,4)([12]4,11,7)([13]0,6,4)([14]4,12,3)([15]14,3,4)([16]15,7,3)([17]5,2,4)([18]3,16,6)([19]16,13,2)([20]10,18,7)([21]17,12,7)([22]15,18,3)([23]5,21,2)([24]19,17,6)([25]1,3,4)([26]9,14,6)([27]12,7,7)([28]27,24,2)([29]19,28,4)([30]18,6,4)([31]25,0,5)([32]9,0,3)([33]24,29,3)([34]30,12,6)([35]31,28,7)([36]25,6,6)([37]7,6,2)([38]34,23,6)([39]34,6,3)([40]12,11,6)([41]28,2,5)([42]34,35,3)([43]38,0,7)([44]14,35,4)([45]39,3,4)([46]17,22,7)([47]45,8,3)([48]31,16,4)([49]40,13,1)([50]47,43,3)([51]40,0,5)([52]18,7,5)([53]32,7,3)([54]25,22,3)([55]32,50,2)([56]19,36,6)([57]19,48,3)([58]0,11,7)([59]37,46,7)([60]21,37,5)([61]58,29,3)([62]22,41,3)([63]10,58,2)([64]50,53,7)([65]20,50,2)([66]60,10,1)([67]46,56,6)([68]55,67,3)([69]18,32,2)([70]46,24,0)([71]6,53,1)([72]42,68,4)([73]25,22,0)([74]65,52,2)([75]35,3,0)([76]36,2,5)([77]62,72,4)([78]62,21,0)([79]7,20,6)([80]70,53,7)([81]77,5,7)([82]13,24,7)([83]74,40,0)([84]80,67,1)([85]4,58,1)([86]15,81,0)(77)
optimized area: 132.60
time: 1383859 ms
seed: 1636106028
{7,1,80,1,2,1,8}([7]5,4,3)([8]5,4,4)([9]6,2,4)([10]1,7,3)([11]0,4,7)([12]11,3,5)([13]1,2,5)([14]11,4,2)([15]7,6,5)([16]6,13,7)([17]11,8,5)([18]7,10,5)([19]12,5,2)([20]1,19,6)([21]16,20,3)([22]21,14,6)([23]9,2,7)([24]5,9,2)([25]14,1,5)([26]6,19,0)([27]0,3,4)([28]27,25,2)([29]21,11,5)([30]26,28,6)([31]20,28,5)([32]27,29,2)([33]0,28,4)([34]8,15,4)([35]27,14,2)([36]16,0,6)([37]28,24,1)([38]28,9,7)([39]2,1,3)([40]25,8,7)([41]35,20,4)([42]30,34,3)([43]20,19,5)([44]7,2,4)([45]24,33,4)([46]29,41,0)([47]29,31,7)([48]9,9,2)([49]9,47,2)([50]34,5,7)([51]17,30,7)([52]22,49,3)([53]52,43,2)([54]44,5,3)([55]42,22,6)([56]55,49,1)([57]46,43,6)([58]44,43,6)([59]32,51,7)([60]39,59,7)([61]52,55,4)([62]3,7,6)([63]60,54,5)([64]63,61,2)([65]11,10,3)([66]15,48,2)([67]61,28,7)([68]64,41,4)([69]34,55,5)([70]43,2,7)([71]13,51,2)([72]52,67,2)([73]58,21,3)([74]66,46,1)([75]31,66,4)([76]47,30,4)([77]64,42,2)([78]27,28,5)([79]45,69,7)([80]68,77,7)([81]2,73,5)([82]6,41,6)([83]71,75,7)([84]79,82,4)([85]40,57,2)([86]74,14,2)(68)
evaluations: 30835320
first invidual area: 120.40
{7,1,80,1,2,1,8}([7]6,2,4)([8]3,7,0)([9]1,2,5)([10]4,5,4)([11]4,0,7)([12]11,3,5)([13]12,5,2)([14]11,0,2)([15]14,12,5)([16]6,9,7)([17]4,5,3)([18]17,6,5)([19]13,10,0)([20]1,13,6)([21]20,16,3)([22]21,14,6)([23]16,18,4)([24]18,20,4)([25]10,21,0)([26]14,21,5)([27]0,8,4)([28]27,26,2)([29]21,11,5)([30]28,6,6)([31]19,8,5)([32]28,29,5)([33]21,22,3)([34]13,15,6)([35]18,10,4)([36]20,27,5)([37]1,2,6)([38]7,0,6)([39]5,15,6)([40]6,0,5)([41]15,20,7)([42]30,35,6)([43]36,29,7)([44]32,37,0)([45]23,43,6)([46]5,23,3)([47]43,7,5)([48]42,22,6)([49]22,37,1)([50]11,10,5)([51]48,36,1)([52]22,47,6)([53]37,26,4)([54]4,32,3)([55]39,50,7)([56]55,7,4)([57]55,44,5)([58]44,37,4)([59]58,50,4)([60]59,30,7)([61]52,48,7)([62]35,44,5)([63]60,46,5)([64]63,61,5)([65]55,49,0)([66]45,36,4)([67]11,60,5)([68]53,45,2)([69]30,59,7)([70]1,25,0)([71]25,31,3)([72]41,64,7)([73]5,41,3)([74]21,9,2)([75]68,66,3)([76]29,23,2)([77]56,4,0)([78]53,36,1)([79]35,69,7)([80]42,42,7)([81]7,24,1)([82]1,9,7)([83]12,8,4)([84]79,64,2)([85]16,37,5)([86]44,66,2)(72)
optimized area: 118.52
time: 1168491 ms
seed: 1636138665
{7,1,80,1,2,1,8}([7]6,2,7)([8]1,0,4)([9]0,1,6)([10]2,5,2)([11]4,5,5)([12]2,3,4)([13]5,6,5)([14]12,13,3)([15]1,4,6)([16]0,11,5)([17]6,2,6)([18]10,8,6)([19]18,3,7)([20]4,14,6)([21]15,7,4)([22]13,15,6)([23]1,4,2)([24]9,5,7)([25]7,1,7)([26]7,24,7)([27]8,26,7)([28]14,15,4)([29]1,26,7)([30]0,10,7)([31]28,1,2)([32]29,17,5)([33]26,25,6)([34]6,3,2)([35]8,34,3)([36]19,19,5)([37]33,0,1)([38]19,13,0)([39]29,27,1)([40]12,7,0)([41]19,23,2)([42]15,24,2)([43]0,23,4)([44]35,13,4)([45]32,32,1)([46]26,39,0)([47]19,9,4)([48]16,32,1)([49]47,28,4)([50]3,33,6)([51]2,11,5)([52]31,12,1)([53]34,16,6)([54]44,20,5)([55]30,23,3)([56]51,37,6)([57]1,2,1)([58]50,41,4)([59]1,49,1)([60]26,36,1)([61]32,14,3)([62]4,44,4)([63]58,12,1)([64]60,63,5)([65]54,58,7)([66]5,6,0)([67]49,45,6)([68]19,31,7)([69]62,50,6)([70]69,56,6)([71]70,27,6)([72]42,54,4)([73]24,8,0)([74]41,4,0)([75]58,67,5)([76]75,22,4)([77]74,7,4)([78]33,45,5)([79]55,68,7)([80]60,49,5)([81]55,38,4)([82]71,40,5)([83]11,61,4)([84]5,58,4)([85]28,73,0)([86]76,71,4)(86)
evaluations: 16858965
first invidual area: 134.00
{7,1,80,1,2,1,8}([7]6,2,7)([8]1,0,4)([9]8,1,6)([10]2,5,2)([11]7,9,7)([12]10,8,3)([13]6,5,5)([14]4,7,6)([15]4,1,6)([16]7,1,7)([17]8,5,6)([18]13,7,6)([19]10,7,3)([20]7,18,5)([21]12,3,4)([22]6,8,3)([23]15,0,5)([24]15,18,4)([25]21,1,2)([26]11,5,7)([27]26,8,7)([28]8,9,7)([29]24,12,4)([30]29,9,7)([31]2,5,3)([32]4,24,0)([33]16,26,6)([34]22,13,5)([35]12,1,0)([36]22,10,5)([37]30,15,0)([38]24,34,7)([39]4,7,1)([40]2,17,6)([41]27,31,6)([42]0,21,1)([43]5,37,2)([44]10,31,4)([45]24,31,4)([46]44,10,2)([47]25,32,5)([48]15,13,6)([49]23,23,2)([50]3,33,6)([51]37,47,2)([52]24,19,1)([53]32,24,0)([54]28,40,2)([55]39,50,5)([56]18,50,6)([57]31,4,2)([58]50,47,7)([59]2,33,2)([60]44,52,2)([61]59,19,2)([62]32,34,4)([63]62,31,6)([64]1,27,6)([65]24,41,5)([66]57,20,3)([67]51,63,6)([68]64,57,7)([69]62,50,6)([70]69,59,6)([71]70,27,6)([72]11,16,1)([73]11,9,7)([74]23,10,7)([75]58,67,5)([76]7,67,7)([77]45,76,5)([78]28,53,0)([79]41,37,0)([80]13,8,0)([81]48,75,4)([82]74,42,0)([83]15,50,7)([84]9,75,1)([85]16,16,1)([86]81,71,4)(86)
optimized area: 115.26
time: 1224185 ms
seed: 1636171050
{7,1,80,1,2,1,8}([7]6,5,5)([8]7,5,2)([9]3,8,6)([10]9,1,4)([11]8,2,7)([12]0,3,3)([13]4,12,7)([14]4,10,6)([15]2,1,2)([16]14,7,4)([17]7,0,7)([18]10,13,5)([19]1,13,2)([20]4,5,7)([21]17,8,6)([22]16,17,2)([23]7,7,6)([24]13,11,3)([25]10,2,6)([26]10,21,7)([27]21,20,7)([28]21,4,6)([29]4,3,6)([30]15,20,2)([31]30,23,7)([32]6,11,4)([33]21,25,2)([34]2,27,6)([35]22,7,7)([36]2,3,3)([37]24,3,5)([38]32,33,4)([39]35,37,5)([40]13,38,2)([41]23,37,1)([42]41,1,7)([43]14,5,2)([44]5,26,5)([45]32,39,7)([46]41,15,5)([47]14,40,7)([48]1,44,0)([49]20,38,0)([50]30,12,7)([51]18,46,3)([52]16,51,4)([53]2,49,2)([54]39,17,2)([55]36,30,6)([56]30,19,1)([57]8,18,5)([58]45,18,2)([59]4,15,0)([60]8,57,4)([61]45,43,2)([62]19,0,6)([63]53,53,7)([64]42,4,4)([65]54,64,4)([66]18,52,3)([67]33,65,7)([68]23,1,4)([69]67,58,6)([70]47,52,2)([71]23,49,5)([72]47,50,1)([73]54,64,1)([74]70,69,6)([75]34,34,2)([76]73,16,4)([77]28,19,1)([78]19,38,5)([79]69,61,3)([80]38,39,1)([81]6,26,0)([82]29,72,4)([83]65,44,2)([84]73,28,0)([85]84,39,6)([86]68,58,4)(74)
evaluations: 39842765
first invidual area: 123.22
{7,1,80,1,2,1,8}([7]5,6,5)([8]7,5,2)([9]3,8,6)([10]1,9,4)([11]8,2,7)([12]0,3,6)([13]12,4,4)([14]10,4,6)([15]9,12,2)([16]7,14,4)([17]7,0,7)([18]10,13,5)([19]3,2,5)([20]2,7,2)([21]11,15,6)([22]16,17,5)([23]8,17,6)([24]4,11,3)([25]9,7,1)([26]22,7,4)([27]12,4,4)([28]2,10,6)([29]14,27,7)([30]17,1,4)([31]19,7,4)([32]6,11,4)([33]23,28,2)([34]16,14,7)([35]6,8,4)([36]33,32,4)([37]24,3,5)([38]35,32,3)([39]26,37,5)([40]21,12,6)([41]13,36,5)([42]4,1,7)([43]17,31,3)([44]40,9,5)([45]32,39,7)([46]6,13,2)([47]41,14,4)([48]23,23,2)([49]29,12,6)([50]6,26,5)([51]18,19,3)([52]16,51,5)([53]17,39,5)([54]31,21,6)([55]24,45,4)([56]54,6,7)([57]51,16,2)([58]45,18,2)([59]53,44,4)([60]11,11,0)([61]57,49,4)([62]54,23,5)([63]35,23,7)([64]42,7,4)([65]62,30,4)([66]53,64,7)([67]33,66,7)([68]42,3,7)([69]67,58,6)([70]52,47,2)([71]5,68,7)([72]60,10,6)([73]41,0,2)([74]70,69,6)([75]74,71,0)([76]42,0,4)([77]14,18,0)([78]27,27,3)([79]6,58,2)([80]45,15,5)([81]52,33,0)([82]24,32,4)([83]8,10,5)([84]29,29,0)([85]14,38,5)([86]75,52,3)(74)
optimized area: 112.91
time: 1116135 ms
seed: 1636201688
NOT FOUND
time: 1051676 ms
seed: 1636231690
NOT FOUND
time: 1079759 ms
