seed: 1634017891
NOT FOUND
time: 523471 ms
seed: 1634066725
NOT FOUND
time: 529310 ms
seed: 1634228234
NOT FOUND
time: 560657 ms
seed: 1634365833
NOT FOUND
time: 535929 ms
seed: 1634414744
{7,1,80,1,2,1,8}([7]1,3,6)([8]5,6,5)([9]8,2,2)([10]5,3,4)([11]9,1,4)([12]3,11,6)([13]4,11,4)([14]1,12,4)([15]13,0,3)([16]0,10,4)([17]11,11,6)([18]0,17,2)([19]17,15,3)([20]15,6,2)([21]4,6,7)([22]20,20,2)([23]18,5,6)([24]5,20,7)([25]14,18,1)([26]4,24,6)([27]1,5,7)([28]27,17,2)([29]23,26,7)([30]28,13,6)([31]2,30,4)([32]14,6,2)([33]28,2,4)([34]31,20,6)([35]26,2,0)([36]21,1,7)([37]21,33,3)([38]24,31,5)([39]33,13,5)([40]25,25,4)([41]33,16,6)([42]14,20,6)([43]37,1,6)([44]34,32,6)([45]6,26,0)([46]18,24,3)([47]37,41,2)([48]37,44,2)([49]25,0,6)([50]47,10,3)([51]49,45,2)([52]11,34,4)([53]40,46,6)([54]36,42,1)([55]27,20,3)([56]29,14,4)([57]3,54,6)([58]44,5,6)([59]54,49,4)([60]15,55,6)([61]29,43,1)([62]31,39,5)([63]31,36,5)([64]47,12,4)([65]39,43,1)([66]64,55,2)([67]58,50,6)([68]55,0,7)([69]68,38,6)([70]22,64,1)([71]0,26,6)([72]69,14,7)([73]51,21,4)([74]67,66,4)([75]74,49,7)([76]53,18,3)([77]32,74,3)([78]63,75,3)([79]75,69,3)([80]62,52,0)([81]73,41,0)([82]32,74,7)([83]60,12,2)([84]37,36,1)([85]61,48,6)([86]85,79,4)(86)
evaluations: 33735376
first invidual area: 142.42
{7,1,80,1,2,1,8}([7]5,2,0)([8]7,6,5)([9]2,8,5)([10]3,7,4)([11]9,1,7)([12]11,3,6)([13]11,4,4)([14]12,1,4)([15]10,0,4)([16]0,13,3)([17]11,14,1)([18]6,1,0)([19]9,13,3)([20]16,18,2)([21]4,18,7)([22]0,17,2)([23]5,22,6)([24]7,20,7)([25]18,2,4)([26]4,24,3)([27]1,5,7)([28]27,17,2)([29]23,26,7)([30]13,28,3)([31]2,30,7)([32]14,6,2)([33]28,2,4)([34]7,3,2)([35]14,9,1)([36]3,18,6)([37]33,21,3)([38]24,31,5)([39]6,29,2)([40]18,19,2)([41]33,15,6)([42]20,31,6)([43]24,18,4)([44]42,32,6)([45]42,37,7)([46]44,8,2)([47]21,41,2)([48]37,44,2)([49]42,17,4)([50]10,47,3)([51]2,46,0)([52]14,5,5)([53]18,4,7)([54]40,6,5)([55]20,27,3)([56]15,34,2)([57]24,46,4)([58]4,51,5)([59]35,0,6)([60]39,10,7)([61]58,12,7)([62]6,58,5)([63]24,44,7)([64]47,12,4)([65]44,7,6)([66]64,55,5)([67]65,50,6)([68]55,0,7)([69]68,38,6)([70]46,63,4)([71]10,7,2)([72]26,10,0)([73]24,27,3)([74]66,67,7)([75]59,74,7)([76]48,23,7)([77]21,46,3)([78]66,60,5)([79]75,69,6)([80]16,35,2)([81]59,57,1)([82]75,40,5)([83]24,1,0)([84]4,61,5)([85]29,48,6)([86]85,79,7)(86)
optimized area: 139.14
time: 604120 ms
seed: 1634623111
{7,1,80,1,2,1,8}([7]1,5,2)([8]7,2,3)([9]6,3,0)([10]3,7,4)([11]0,9,7)([12]8,9,4)([13]3,12,6)([14]12,8,6)([15]12,4,6)([16]14,13,4)([17]5,12,1)([18]17,16,4)([19]18,15,3)([20]15,0,7)([21]20,2,2)([22]0,9,7)([23]1,21,3)([24]1,22,7)([25]5,15,3)([26]10,5,6)([27]23,19,3)([28]27,0,4)([29]10,5,5)([30]10,28,7)([31]29,20,4)([32]30,0,5)([33]25,8,2)([34]31,4,7)([35]32,17,4)([36]5,19,7)([37]26,33,7)([38]34,27,7)([39]30,18,3)([40]37,11,4)([41]15,24,1)([42]20,2,0)([43]1,39,4)([44]13,20,2)([45]2,12,7)([46]24,33,4)([47]43,44,6)([48]5,42,1)([49]3,17,2)([50]47,47,2)([51]46,37,5)([52]14,2,6)([53]51,38,2)([54]8,47,0)([55]14,23,4)([56]50,35,6)([57]26,4,6)([58]14,42,5)([59]26,46,5)([60]28,47,1)([61]12,45,1)([62]28,3,4)([63]7,19,3)([64]53,56,3)([65]29,31,3)([66]0,11,5)([67]63,19,0)([68]17,49,6)([69]53,45,7)([70]21,19,4)([71]17,10,5)([72]15,47,2)([73]66,0,0)([74]40,51,4)([75]62,27,5)([76]65,69,3)([77]58,71,2)([78]76,64,7)([79]7,77,0)([80]22,70,0)([81]46,55,3)([82]78,42,0)([83]30,71,2)([84]42,27,6)([85]1,19,6)([86]67,36,3)(82)
evaluations: 9323243
first invidual area: 142.92
{7,1,80,1,2,1,8}([7]1,5,2)([8]7,2,3)([9]1,0,4)([10]1,3,4)([11]6,9,7)([12]6,8,4)([13]6,12,3)([14]13,5,4)([15]4,12,6)([16]3,12,6)([17]1,15,3)([18]8,3,3)([19]14,16,4)([20]15,0,7)([21]0,14,6)([22]10,0,7)([23]21,19,3)([24]3,5,3)([25]24,11,5)([26]15,5,3)([27]23,17,3)([28]27,10,4)([29]5,10,5)([30]4,20,7)([31]11,14,1)([32]27,30,4)([33]19,2,6)([34]9,12,3)([35]26,8,5)([36]9,28,5)([37]32,8,0)([38]29,37,7)([39]5,36,7)([40]23,12,6)([41]16,20,2)([42]6,40,5)([43]0,9,7)([44]14,40,1)([45]2,12,7)([46]24,35,7)([47]38,23,4)([48]40,1,7)([49]10,19,1)([50]46,25,5)([51]43,32,0)([52]48,41,6)([53]15,11,1)([54]0,14,7)([55]4,33,7)([56]52,39,6)([57]33,23,4)([58]45,38,7)([59]54,38,6)([60]50,38,2)([61]43,51,5)([62]35,14,1)([63]38,11,5)([64]60,56,6)([65]53,48,2)([66]59,32,3)([67]29,20,3)([68]31,46,5)([69]39,65,7)([70]56,65,0)([71]23,53,2)([72]61,11,7)([73]31,3,7)([74]41,21,2)([75]30,22,0)([76]67,58,6)([77]11,69,2)([78]76,64,7)([79]4,16,7)([80]33,79,0)([81]79,14,1)([82]75,62,3)([83]28,46,2)([84]41,50,5)([85]38,31,7)([86]82,45,3)(78)
optimized area: 133.54
time: 714044 ms
seed: 1635150100
{7,1,80,1,2,1,8}([7]3,5,0)([8]3,6,5)([9]5,4,4)([10]1,0,4)([11]7,4,4)([12]10,5,2)([13]9,4,2)([14]11,13,0)([15]11,13,3)([16]6,1,7)([17]13,10,5)([18]0,3,2)([19]6,15,4)([20]19,16,4)([21]19,12,7)([22]9,21,3)([23]20,17,5)([24]8,2,4)([25]19,19,2)([26]2,14,5)([27]8,5,7)([28]11,26,7)([29]16,28,7)([30]19,21,3)([31]2,19,7)([32]10,21,0)([33]23,6,5)([34]9,2,7)([35]13,21,7)([36]19,18,6)([37]24,22,6)([38]16,5,6)([39]8,3,0)([40]38,27,7)([41]12,33,7)([42]14,26,7)([43]4,11,3)([44]32,37,3)([45]42,6,4)([46]13,28,5)([47]36,26,4)([48]44,46,5)([49]47,20,5)([50]21,43,5)([51]40,48,2)([52]50,31,5)([53]48,16,3)([54]53,27,7)([55]52,49,2)([56]22,52,6)([57]33,11,2)([58]51,41,7)([59]2,32,2)([60]22,48,3)([61]38,36,1)([62]58,55,5)([63]11,44,3)([64]62,60,4)([65]52,0,5)([66]30,38,5)([67]26,12,2)([68]54,62,7)([69]63,57,7)([70]44,39,1)([71]68,30,4)([72]28,30,0)([73]69,41,1)([74]73,6,6)([75]11,74,4)([76]69,3,3)([77]54,28,2)([78]40,0,3)([79]8,69,3)([80]69,68,1)([81]80,58,7)([82]16,36,5)([83]56,25,4)([84]11,54,3)([85]33,33,2)([86]67,78,2)(71)
evaluations: 20370062
first invidual area: 137.75
{7,1,80,1,2,1,8}([7]4,4,3)([8]6,3,5)([9]4,5,4)([10]0,1,4)([11]4,3,4)([12]10,5,2)([13]7,9,2)([14]2,11,5)([15]11,13,3)([16]1,6,7)([17]10,13,5)([18]2,8,4)([19]6,15,4)([20]16,19,4)([21]12,19,7)([22]21,9,3)([23]17,20,5)([24]12,3,4)([25]4,18,1)([26]23,6,5)([27]8,5,7)([28]8,1,2)([29]16,10,0)([30]18,5,4)([31]2,19,7)([32]5,16,6)([33]32,27,7)([34]18,13,2)([35]19,21,3)([36]28,33,7)([37]18,22,6)([38]3,29,7)([39]10,37,3)([40]1,9,3)([41]12,26,7)([42]7,6,6)([43]0,3,2)([44]4,15,3)([45]19,43,3)([46]11,34,5)([47]45,14,7)([48]39,46,5)([49]47,20,5)([50]21,44,5)([51]48,33,5)([52]50,31,5)([53]48,16,6)([54]35,27,7)([55]52,49,2)([56]41,17,7)([57]39,38,5)([58]41,51,4)([59]2,25,3)([60]27,24,4)([61]22,6,1)([62]58,55,5)([63]62,54,4)([64]49,63,6)([65]46,54,0)([66]48,33,7)([67]13,59,3)([68]49,62,5)([69]44,6,0)([70]1,18,4)([71]32,6,0)([72]57,23,2)([73]53,63,4)([74]39,6,3)([75]14,71,4)([76]16,67,4)([77]4,13,2)([78]25,65,2)([79]78,58,7)([80]70,77,5)([81]46,64,6)([82]55,57,1)([83]35,62,5)([84]38,50,7)([85]70,61,2)([86]7,32,2)(73)
optimized area: 134.93
time: 638883 ms
seed: 1635199313
{7,1,80,1,2,1,8}([7]3,2,5)([8]2,0,3)([9]0,5,5)([10]4,6,1)([11]0,7,5)([12]1,9,2)([13]2,5,4)([14]1,1,5)([15]0,8,4)([16]10,14,7)([17]6,11,4)([18]11,13,6)([19]17,4,7)([20]11,3,3)([21]2,19,4)([22]6,13,5)([23]4,13,6)([24]14,17,1)([25]14,11,5)([26]21,16,4)([27]26,19,3)([28]5,4,6)([29]6,24,0)([30]10,25,5)([31]14,18,2)([32]31,12,4)([33]7,28,6)([34]21,32,7)([35]23,3,7)([36]22,10,5)([37]30,5,7)([38]27,34,6)([39]38,34,3)([40]13,18,7)([41]19,15,0)([42]22,12,3)([43]39,35,2)([44]29,12,3)([45]0,39,3)([46]42,25,5)([47]21,33,5)([48]44,2,5)([49]18,41,5)([50]28,16,4)([51]9,3,7)([52]19,13,1)([53]12,32,1)([54]31,20,2)([55]45,21,5)([56]38,42,4)([57]15,27,2)([58]53,25,0)([59]22,50,4)([60]58,59,2)([61]56,51,2)([62]54,37,6)([63]28,26,5)([64]60,62,5)([65]4,63,7)([66]61,3,2)([67]11,2,4)([68]63,67,0)([69]44,37,4)([70]61,69,6)([71]35,25,4)([72]14,47,0)([73]43,70,3)([74]73,64,5)([75]24,43,7)([76]62,39,0)([77]56,27,1)([78]65,25,4)([79]45,55,5)([80]41,68,7)([81]20,56,1)([82]79,24,5)([83]31,69,0)([84]44,43,1)([85]76,31,5)([86]82,74,7)(86)
evaluations: 32414408
first invidual area: 146.14
{7,1,80,1,2,1,8}([7]4,2,1)([8]3,2,5)([9]5,0,5)([10]2,2,3)([11]0,8,5)([12]3,4,2)([13]10,5,4)([14]1,9,2)([15]13,8,0)([16]14,4,7)([17]11,4,7)([18]11,15,6)([19]17,6,4)([20]1,8,1)([21]2,19,4)([22]15,6,5)([23]1,9,3)([24]14,6,6)([25]11,20,5)([26]16,25,7)([27]26,19,3)([28]22,21,3)([29]15,4,3)([30]25,7,5)([31]25,4,0)([32]18,14,3)([33]4,3,4)([34]21,32,7)([35]29,3,4)([36]14,32,1)([37]5,30,7)([38]27,34,6)([39]34,38,3)([40]35,39,2)([41]37,12,6)([42]22,32,6)([43]4,13,2)([44]23,22,7)([45]39,0,3)([46]15,24,1)([47]42,25,2)([48]24,37,7)([49]48,34,6)([50]7,47,7)([51]2,7,4)([52]0,30,1)([53]6,49,7)([54]52,51,1)([55]3,23,7)([56]38,42,6)([57]8,42,7)([58]30,21,2)([59]3,48,0)([60]36,44,2)([61]55,56,2)([62]52,15,2)([63]38,28,4)([64]60,41,5)([65]21,33,1)([66]59,8,0)([67]21,55,1)([68]57,18,4)([69]52,1,5)([70]61,48,6)([71]11,44,2)([72]51,49,0)([73]40,70,3)([74]73,64,5)([75]27,29,1)([76]65,69,5)([77]75,19,0)([78]20,60,5)([79]45,65,5)([80]57,27,6)([81]39,63,4)([82]79,1,5)([83]69,52,2)([84]19,72,7)([85]20,75,3)([86]82,74,7)(86)
optimized area: 129.73
time: 610047 ms
seed: 1635368219
{7,1,80,1,2,1,8}([7]0,1,6)([8]3,2,2)([9]4,3,4)([10]5,4,3)([11]10,6,4)([12]5,1,6)([13]0,1,7)([14]0,5,6)([15]5,13,5)([16]6,14,3)([17]9,16,2)([18]3,5,5)([19]6,11,1)([20]5,0,7)([21]4,13,4)([22]8,21,2)([23]17,20,7)([24]11,17,1)([25]9,12,2)([26]16,7,7)([27]23,6,6)([28]22,27,4)([29]24,1,0)([30]28,23,3)([31]3,26,6)([32]1,3,3)([33]25,23,4)([34]2,33,4)([35]5,26,7)([36]16,12,5)([37]33,1,4)([38]21,23,4)([39]13,21,7)([40]35,38,2)([41]4,34,4)([42]16,41,7)([43]2,16,1)([44]16,27,3)([45]27,33,6)([46]18,31,2)([47]5,8,1)([48]30,36,7)([49]27,34,4)([50]24,46,1)([51]46,42,3)([52]3,7,5)([53]22,15,7)([54]3,37,5)([55]48,51,2)([56]7,49,7)([57]55,9,6)([58]30,57,3)([59]25,44,5)([60]53,24,6)([61]34,33,3)([62]54,41,4)([63]55,17,4)([64]21,35,5)([65]34,25,2)([66]30,36,4)([67]60,62,4)([68]59,40,1)([69]67,57,1)([70]67,55,5)([71]25,46,1)([72]15,40,4)([73]27,29,2)([74]0,31,2)([75]11,49,4)([76]70,18,7)([77]3,46,1)([78]66,8,5)([79]52,10,1)([80]72,76,7)([81]51,65,1)([82]81,50,3)([83]20,81,3)([84]52,58,6)([85]82,17,0)([86]41,27,0)(80)
evaluations: 36726042
first invidual area: 153.71
{7,1,80,1,2,1,8}([7]0,1,6)([8]5,0,6)([9]4,3,4)([10]4,5,6)([11]6,10,4)([12]1,5,6)([13]1,0,7)([14]0,5,7)([15]5,13,5)([16]6,8,3)([17]0,4,0)([18]5,13,0)([19]3,13,2)([20]10,0,7)([21]9,16,5)([22]19,9,2)([23]21,14,4)([24]15,19,4)([25]9,12,5)([26]16,7,7)([27]18,3,5)([28]22,6,7)([29]13,4,4)([30]26,26,1)([31]3,26,6)([32]28,23,6)([33]23,25,7)([34]33,2,7)([35]18,26,7)([36]16,12,5)([37]33,1,4)([38]29,23,4)([39]35,38,5)([40]28,37,3)([41]34,4,7)([42]16,41,7)([43]33,38,2)([44]9,18,6)([45]3,37,5)([46]42,31,3)([47]24,14,6)([48]32,36,4)([49]10,44,7)([50]21,25,2)([51]39,26,1)([52]44,2,1)([53]11,24,0)([54]28,13,1)([55]22,15,7)([56]24,45,3)([57]21,15,5)([58]48,19,1)([59]51,56,3)([60]5,14,2)([61]11,55,3)([62]61,41,7)([63]39,15,4)([64]45,17,3)([65]54,6,1)([66]61,57,7)([67]45,62,4)([68]48,46,2)([69]59,23,0)([70]67,68,5)([71]57,61,1)([72]38,50,2)([73]19,39,3)([74]35,0,2)([75]36,57,0)([76]63,27,4)([77]55,23,4)([78]41,66,0)([79]53,78,5)([80]70,76,7)([81]46,40,3)([82]17,17,0)([83]45,70,2)([84]10,40,1)([85]41,81,2)([86]25,52,1)(80)
optimized area: 146.22
time: 1059752 ms
seed: 1635630098
NOT FOUND
time: 1058175 ms
seed: 1635677746
{7,1,80,1,2,1,8}([7]3,2,3)([8]3,0,5)([9]7,2,5)([10]7,0,7)([11]6,9,0)([12]5,0,7)([13]8,1,7)([14]12,2,7)([15]7,2,7)([16]10,13,5)([17]12,12,7)([18]11,16,7)([19]14,12,6)([20]3,10,1)([21]1,4,7)([22]15,13,5)([23]10,21,4)([24]19,0,4)([25]18,12,4)([26]10,3,4)([27]24,1,6)([28]11,4,6)([29]24,8,4)([30]27,21,3)([31]10,27,6)([32]29,26,7)([33]23,14,6)([34]27,30,3)([35]30,34,6)([36]18,2,0)([37]33,16,4)([38]22,12,4)([39]3,31,4)([40]32,10,3)([41]40,30,1)([42]14,25,2)([43]42,10,5)([44]14,23,2)([45]28,44,4)([46]0,17,7)([47]19,22,4)([48]2,37,6)([49]28,25,4)([50]43,43,5)([51]1,48,0)([52]38,35,4)([53]35,41,5)([54]7,23,4)([55]49,40,7)([56]35,21,1)([57]45,55,2)([58]25,52,5)([59]26,57,3)([60]58,43,0)([61]50,6,2)([62]20,1,2)([63]1,21,3)([64]23,27,7)([65]0,28,5)([66]30,21,2)([67]59,33,4)([68]28,21,7)([69]67,40,4)([70]51,67,4)([71]42,32,2)([72]27,29,5)([73]30,45,0)([74]36,68,3)([75]31,67,2)([76]20,7,6)([77]7,72,6)([78]31,34,5)([79]75,57,7)([80]22,31,7)([81]63,31,1)([82]6,35,0)([83]72,25,6)([84]60,79,2)([85]70,43,3)([86]24,41,6)(84)
evaluations: 15903799
first invidual area: 136.38
{7,1,80,1,2,1,8}([7]3,0,5)([8]3,2,6)([9]8,2,3)([10]0,8,4)([11]1,7,0)([12]5,0,7)([13]11,7,7)([14]2,12,7)([15]10,13,5)([16]12,14,3)([17]6,8,0)([18]14,17,1)([19]16,0,7)([20]3,16,2)([21]1,4,7)([22]19,1,0)([23]21,10,4)([24]15,6,7)([25]24,12,4)([26]9,13,5)([27]19,1,6)([28]0,21,1)([29]23,15,3)([30]4,17,6)([31]26,7,1)([32]26,24,2)([33]19,29,5)([34]14,23,5)([35]27,10,6)([36]29,2,4)([37]27,21,3)([38]14,37,6)([39]6,24,6)([40]20,10,3)([41]27,4,2)([42]36,39,5)([43]37,12,7)([44]13,6,0)([45]5,27,4)([46]25,32,4)([47]7,34,5)([48]11,43,6)([49]34,25,4)([50]35,11,4)([51]29,12,2)([52]26,43,4)([53]2,13,5)([54]30,34,4)([55]49,40,4)([56]29,29,1)([57]54,55,6)([58]8,55,1)([59]21,13,7)([60]28,56,7)([61]52,25,5)([62]3,57,3)([63]26,4,4)([64]46,50,3)([65]36,38,6)([66]56,59,6)([67]62,38,4)([68]43,61,4)([69]23,24,2)([70]30,30,4)([71]51,3,5)([72]32,11,3)([73]0,1,7)([74]67,63,6)([75]35,67,5)([76]23,24,4)([77]44,59,6)([78]9,68,5)([79]57,75,4)([80]53,25,4)([81]35,63,1)([82]67,17,1)([83]2,19,6)([84]39,45,4)([85]15,23,7)([86]61,79,2)(86)
optimized area: 116.68
time: 1269092 ms
seed: 1635725624
NOT FOUND
time: 1110098 ms
seed: 1635772813
{7,1,80,1,2,1,8}([7]3,1,5)([8]3,2,5)([9]7,0,6)([10]9,5,1)([11]5,6,7)([12]6,8,4)([13]11,4,3)([14]12,2,7)([15]8,0,5)([16]5,1,2)([17]9,16,4)([18]15,4,6)([19]4,17,5)([20]13,3,7)([21]18,5,4)([22]19,6,5)([23]4,22,5)([24]11,20,4)([25]17,21,6)([26]20,24,5)([27]20,0,5)([28]21,26,1)([29]4,8,5)([30]11,2,4)([31]14,23,6)([32]31,25,3)([33]32,4,6)([34]17,21,0)([35]11,19,3)([36]30,18,7)([37]5,4,6)([38]31,23,3)([39]14,20,0)([40]1,14,2)([41]24,1,3)([42]10,21,7)([43]12,31,0)([44]13,41,5)([45]32,16,7)([46]24,12,2)([47]39,33,7)([48]1,37,5)([49]3,33,2)([50]47,44,5)([51]30,25,6)([52]5,42,2)([53]45,48,4)([54]29,27,4)([55]15,41,4)([56]50,55,7)([57]55,50,6)([58]55,6,3)([59]54,15,5)([60]17,57,7)([61]50,38,3)([62]11,23,0)([63]35,16,2)([64]36,56,2)([65]64,27,2)([66]55,33,5)([67]51,24,3)([68]53,40,4)([69]57,45,3)([70]67,3,6)([71]44,7,2)([72]65,68,3)([73]41,52,5)([74]30,60,2)([75]70,16,7)([76]60,72,7)([77]35,47,3)([78]13,47,0)([79]13,30,6)([80]60,72,5)([81]6,20,5)([82]36,42,4)([83]21,77,1)([84]1,74,2)([85]43,75,0)([86]4,74,3)(76)
evaluations: 30635468
first invidual area: 133.53
{7,1,80,1,2,1,8}([7]3,1,5)([8]3,2,5)([9]8,7,3)([10]0,7,3)([11]5,6,7)([12]8,2,5)([13]4,11,3)([14]6,12,7)([15]8,0,5)([16]1,5,2)([17]10,16,7)([18]15,4,6)([19]18,5,4)([20]13,3,7)([21]17,2,1)([22]8,2,2)([23]4,15,6)([24]20,0,5)([25]17,19,6)([26]3,5,6)([27]6,21,5)([28]19,11,1)([29]4,27,5)([30]11,18,4)([31]14,29,6)([32]31,25,6)([33]25,4,6)([34]16,4,6)([35]1,27,4)([36]32,16,7)([37]20,11,4)([38]23,22,6)([39]13,20,1)([40]14,37,0)([41]37,1,3)([42]20,5,7)([43]25,37,3)([44]13,41,5)([45]8,36,1)([46]7,4,5)([47]40,33,7)([48]38,36,5)([49]34,1,5)([50]47,44,5)([51]13,19,3)([52]45,2,6)([53]36,49,7)([54]48,44,7)([55]15,41,4)([56]55,50,7)([57]55,50,6)([58]50,45,3)([59]30,2,7)([60]17,57,4)([61]17,42,7)([62]53,12,0)([63]40,1,5)([64]59,56,2)([65]64,24,2)([66]63,53,7)([67]40,56,4)([68]19,30,2)([69]36,42,7)([70]59,36,6)([71]0,31,2)([72]65,66,3)([73]60,72,4)([74]14,41,7)([75]62,22,7)([76]74,48,1)([77]59,74,7)([78]11,36,4)([79]67,8,3)([80]39,68,2)([81]11,52,5)([82]0,74,7)([83]11,32,7)([84]16,6,4)([85]56,56,5)([86]33,28,2)(73)
optimized area: 129.77
time: 1194070 ms
seed: 1635819766
{7,1,80,1,2,1,8}([7]5,4,3)([8]3,2,4)([9]0,8,6)([10]3,9,6)([11]6,5,5)([12]7,1,7)([13]0,3,7)([14]6,12,4)([15]13,10,0)([16]14,15,5)([17]12,4,2)([18]12,10,7)([19]8,6,7)([20]13,11,1)([21]6,3,7)([22]4,8,7)([23]16,18,7)([24]19,5,7)([25]14,3,7)([26]22,14,1)([27]0,23,6)([28]22,27,3)([29]20,10,7)([30]6,24,0)([31]16,5,2)([32]29,9,0)([33]18,30,2)([34]32,13,6)([35]31,7,0)([36]29,24,2)([37]36,16,7)([38]8,20,5)([39]29,19,2)([40]38,25,3)([41]24,28,6)([42]31,34,5)([43]2,26,1)([44]40,7,2)([45]8,28,0)([46]4,23,4)([47]44,12,3)([48]26,7,3)([49]44,46,7)([50]6,34,2)([51]40,49,2)([52]37,38,6)([53]41,36,7)([54]5,2,1)([55]18,5,7)([56]51,45,0)([57]27,40,6)([58]47,21,7)([59]51,53,6)([60]13,29,5)([61]14,43,4)([62]17,42,2)([63]8,4,1)([64]25,15,0)([65]17,22,7)([66]50,37,3)([67]4,17,3)([68]44,66,6)([69]54,47,5)([70]28,43,0)([71]66,46,6)([72]65,10,6)([73]38,47,5)([74]62,59,4)([75]42,36,6)([76]37,65,1)([77]69,74,7)([78]70,41,1)([79]53,45,6)([80]64,6,0)([81]71,77,3)([82]68,31,3)([83]52,11,3)([84]77,66,1)([85]83,58,4)([86]75,16,0)(81)
evaluations: 17238755
first invidual area: 136.81
{7,1,80,1,2,1,8}([7]3,5,0)([8]2,7,4)([9]0,2,6)([10]7,9,6)([11]4,5,3)([12]11,1,7)([13]0,7,7)([14]12,6,4)([15]6,8,7)([16]13,14,5)([17]16,10,4)([18]5,11,1)([19]12,17,7)([20]8,4,7)([21]4,12,2)([22]18,12,1)([23]4,3,1)([24]15,18,4)([25]15,10,6)([26]20,22,0)([27]13,22,1)([28]20,19,3)([29]13,10,4)([30]16,8,5)([31]22,6,2)([32]29,1,5)([33]14,9,6)([34]29,18,6)([35]26,19,2)([36]29,24,2)([37]11,9,1)([38]15,33,1)([39]17,34,1)([40]30,33,3)([41]28,24,6)([42]10,24,7)([43]40,4,2)([44]34,7,5)([45]44,21,5)([46]4,19,7)([47]3,40,5)([48]11,46,7)([49]41,36,6)([50]12,30,6)([51]40,48,2)([52]10,21,2)([53]36,16,7)([54]49,51,3)([55]13,39,6)([56]8,2,6)([57]12,43,3)([58]54,23,5)([59]34,6,2)([60]3,26,2)([61]21,23,4)([62]12,59,4)([63]59,60,0)([64]53,17,5)([65]33,24,0)([66]59,53,3)([67]20,6,7)([68]39,42,3)([69]18,57,5)([70]8,18,5)([71]66,46,6)([72]2,71,1)([73]62,12,1)([74]45,54,4)([75]50,50,0)([76]31,48,7)([77]31,32,0)([78]69,74,7)([79]46,67,2)([80]30,65,6)([81]71,78,3)([82]38,38,4)([83]51,46,5)([84]68,65,7)([85]29,38,6)([86]23,83,4)(81)
optimized area: 125.56
time: 1270404 ms
seed: 1635863003
NOT FOUND
time: 1075688 ms
seed: 1635904967
NOT FOUND
time: 1080752 ms
seed: 1635941224
NOT FOUND
time: 1069869 ms
seed: 1635977372
NOT FOUND
time: 1066859 ms
seed: 1636013294
NOT FOUND
time: 1046472 ms
seed: 1636048004
{7,1,80,1,2,1,8}([7]4,1,7)([8]4,0,2)([9]7,6,6)([10]7,5,3)([11]9,3,6)([12]8,8,2)([13]2,12,6)([14]1,8,0)([15]0,2,7)([16]4,15,4)([17]2,16,2)([18]11,2,5)([19]0,9,3)([20]0,5,2)([21]6,15,6)([22]20,9,7)([23]21,10,7)([24]5,6,0)([25]16,3,4)([26]22,3,4)([27]23,1,3)([28]10,25,6)([29]19,13,2)([30]15,8,4)([31]23,15,1)([32]5,29,7)([33]23,12,7)([34]28,27,7)([35]18,14,4)([36]2,0,5)([37]33,12,2)([38]5,9,3)([39]37,32,4)([40]35,32,7)([41]39,40,5)([42]28,24,3)([43]26,38,2)([44]41,12,4)([45]35,16,1)([46]42,31,7)([47]6,41,2)([48]35,6,5)([49]47,43,6)([50]26,34,7)([51]8,7,4)([52]48,50,7)([53]44,50,5)([54]33,52,6)([55]35,43,7)([56]9,0,6)([57]8,49,7)([58]29,40,6)([59]39,54,5)([60]6,55,7)([61]11,29,6)([62]59,58,4)([63]17,49,4)([64]51,40,4)([65]26,26,1)([66]26,9,0)([67]21,49,3)([68]62,63,3)([69]33,16,7)([70]53,29,6)([71]61,56,6)([72]15,9,1)([73]28,57,3)([74]53,68,2)([75]54,36,3)([76]57,61,2)([77]37,53,7)([78]43,64,7)([79]68,32,7)([80]37,46,1)([81]35,62,1)([82]76,38,0)([83]36,14,3)([84]32,39,5)([85]7,15,7)([86]81,71,1)(74)
evaluations: 22387217
first invidual area: 142.91
{7,1,80,1,2,1,8}([7]4,1,7)([8]4,0,2)([9]7,6,6)([10]5,7,3)([11]9,5,3)([12]0,5,5)([13]9,0,3)([14]3,9,6)([15]0,2,7)([16]4,15,4)([17]8,2,6)([18]14,2,5)([19]18,1,4)([20]16,6,2)([21]15,6,3)([22]12,3,7)([23]10,21,4)([24]0,18,7)([25]23,2,0)([26]22,9,7)([27]16,3,4)([28]10,27,3)([29]13,17,2)([30]23,8,5)([31]25,1,3)([32]5,29,7)([33]23,8,6)([34]20,24,7)([35]30,19,7)([36]31,28,5)([37]14,24,1)([38]37,5,2)([39]19,21,2)([40]19,32,7)([41]14,21,6)([42]40,35,5)([43]26,11,2)([44]42,8,4)([45]16,2,5)([46]38,28,4)([47]41,16,5)([48]45,46,5)([49]43,6,3)([50]26,36,7)([51]19,12,3)([52]39,50,3)([53]44,50,5)([54]33,52,6)([55]39,7,2)([56]52,3,5)([57]26,29,6)([58]29,40,3)([59]32,54,5)([60]48,1,2)([61]56,6,0)([62]59,58,7)([63]49,45,4)([64]8,49,1)([65]33,5,1)([66]12,34,0)([67]64,15,7)([68]62,63,3)([69]45,26,3)([70]54,2,7)([71]31,23,4)([72]4,55,7)([73]23,22,1)([74]53,68,2)([75]35,5,2)([76]53,58,2)([77]8,53,3)([78]64,54,6)([79]38,25,1)([80]73,3,5)([81]6,24,4)([82]17,14,4)([83]56,58,4)([84]45,66,5)([85]19,50,3)([86]59,36,0)(74)
optimized area: 132.11
time: 1272165 ms
seed: 1636081811
NOT FOUND
time: 1073890 ms
seed: 1636114927
{7,1,80,1,2,1,8}([7]0,0,2)([8]3,2,6)([9]3,1,7)([10]5,9,4)([11]5,5,3)([12]0,8,4)([13]6,12,5)([14]13,4,2)([15]9,10,2)([16]2,15,4)([17]1,0,7)([18]7,1,6)([19]6,17,3)([20]19,18,7)([21]10,7,7)([22]0,2,7)([23]20,18,1)([24]17,14,5)([25]18,16,3)([26]19,8,0)([27]12,5,4)([28]21,8,5)([29]10,24,5)([30]26,14,0)([31]25,29,6)([32]4,3,2)([33]16,20,2)([34]22,5,0)([35]21,20,2)([36]4,25,0)([37]6,4,3)([38]36,26,0)([39]28,37,2)([40]4,31,4)([41]3,40,5)([42]14,4,5)([43]9,12,6)([44]4,25,3)([45]5,23,6)([46]41,39,7)([47]6,18,4)([48]45,3,6)([49]45,24,2)([50]21,26,2)([51]10,8,4)([52]47,4,2)([53]39,13,5)([54]1,48,7)([55]33,46,3)([56]42,51,2)([57]52,55,3)([58]13,1,3)([59]35,34,0)([60]6,18,0)([61]18,30,4)([62]24,46,0)([63]28,24,1)([64]27,31,3)([65]13,39,5)([66]25,45,0)([67]28,53,2)([68]33,26,4)([69]0,45,4)([70]49,25,3)([71]34,37,0)([72]29,13,6)([73]19,12,6)([74]53,54,6)([75]26,41,2)([76]43,12,3)([77]57,35,6)([78]53,9,5)([79]56,74,7)([80]50,20,1)([81]41,52,1)([82]38,79,2)([83]41,49,7)([84]68,7,7)([85]77,79,4)([86]55,41,0)(85)
evaluations: 46937745
first invidual area: 124.61
{7,1,80,1,2,1,8}([7]3,5,0)([8]3,2,6)([9]3,1,7)([10]9,5,4)([11]9,4,7)([12]0,8,4)([13]6,12,5)([14]13,4,2)([15]9,10,2)([16]2,15,4)([17]1,0,7)([18]0,1,6)([19]6,17,3)([20]19,18,7)([21]10,0,7)([22]5,7,5)([23]22,9,3)([24]21,14,5)([25]18,16,3)([26]10,24,5)([27]26,4,6)([28]21,8,5)([29]14,15,0)([30]21,15,0)([31]25,26,6)([32]24,13,4)([33]16,20,2)([34]20,18,1)([35]21,20,2)([36]6,14,3)([37]6,7,0)([38]11,27,3)([39]28,36,2)([40]14,31,4)([41]7,40,5)([42]5,8,6)([43]4,8,1)([44]29,16,1)([45]5,34,6)([46]41,39,7)([47]6,18,4)([48]45,3,6)([49]29,5,7)([50]32,17,2)([51]10,8,4)([52]47,4,2)([53]39,13,5)([54]1,48,7)([55]33,46,3)([56]44,51,2)([57]52,55,3)([58]54,0,0)([59]18,8,6)([60]26,1,4)([61]51,9,5)([62]54,10,3)([63]44,8,4)([64]25,38,0)([65]2,8,6)([66]3,31,3)([67]12,49,3)([68]54,64,6)([69]60,3,1)([70]12,62,1)([71]4,26,1)([72]31,11,4)([73]46,54,5)([74]53,54,3)([75]40,62,4)([76]56,54,4)([77]57,35,6)([78]56,74,4)([79]30,37,6)([80]41,33,3)([81]16,35,1)([82]57,21,2)([83]50,2,3)([84]31,50,3)([85]77,78,4)([86]74,18,0)(85)
optimized area: 124.14
time: 1062936 ms
seed: 1636147606
NOT FOUND
time: 1062655 ms
seed: 1636179992
{7,1,80,1,2,1,8}([7]6,4,7)([8]1,2,7)([9]3,6,4)([10]8,1,2)([11]1,0,5)([12]6,5,7)([13]0,2,4)([14]7,9,6)([15]8,4,6)([16]14,1,2)([17]12,9,5)([18]4,17,7)([19]18,6,3)([20]11,3,4)([21]14,11,6)([22]4,12,3)([23]8,20,0)([24]17,15,7)([25]1,9,6)([26]12,21,6)([27]4,5,5)([28]21,19,6)([29]3,25,4)([30]27,24,1)([31]7,17,6)([32]24,29,6)([33]21,28,6)([34]5,20,5)([35]15,17,5)([36]26,13,4)([37]35,27,6)([38]36,33,7)([39]27,25,5)([40]1,12,3)([41]15,29,5)([42]34,24,3)([43]40,20,7)([44]24,38,6)([45]0,18,7)([46]42,5,6)([47]22,8,1)([48]14,41,4)([49]33,29,1)([50]43,38,7)([51]44,5,5)([52]51,39,5)([53]24,46,4)([54]22,41,4)([55]35,33,7)([56]13,35,7)([57]36,42,2)([58]46,25,5)([59]34,6,4)([60]11,25,5)([61]45,9,2)([62]27,54,4)([63]53,2,3)([64]57,61,7)([65]51,12,3)([66]47,3,3)([67]23,12,4)([68]54,55,3)([69]0,68,6)([70]69,50,2)([71]11,21,6)([72]26,63,6)([73]52,67,6)([74]43,13,7)([75]69,73,4)([76]54,25,0)([77]27,3,3)([78]50,64,2)([79]75,78,7)([80]55,63,5)([81]48,13,4)([82]75,9,7)([83]39,79,5)([84]48,23,6)([85]52,27,3)([86]43,80,4)(79)
evaluations: 29810068
first invidual area: 152.75
{7,1,80,1,2,1,8}([7]6,4,2)([8]1,2,7)([9]6,3,4)([10]1,6,5)([11]1,0,5)([12]6,5,7)([13]6,5,6)([14]7,9,6)([15]8,4,3)([16]7,9,4)([17]9,12,5)([18]4,17,7)([19]6,18,6)([20]11,3,4)([21]14,11,6)([22]5,4,5)([23]0,20,4)([24]15,17,4)([25]11,2,6)([26]21,12,3)([27]7,22,3)([28]1,9,6)([29]21,21,6)([30]25,1,0)([31]21,29,0)([32]24,24,0)([33]31,19,6)([34]5,20,5)([35]0,26,4)([36]2,35,7)([37]1,12,6)([38]33,36,7)([39]28,22,5)([40]22,10,1)([41]37,29,0)([42]19,32,1)([43]38,20,4)([44]32,38,6)([45]0,18,7)([46]2,40,4)([47]24,34,3)([48]6,23,2)([49]4,8,1)([50]37,43,7)([51]5,44,5)([52]51,39,5)([53]24,14,5)([54]28,38,2)([55]53,19,4)([56]14,27,0)([57]36,47,5)([58]44,30,2)([59]9,41,0)([60]18,32,3)([61]45,9,5)([62]35,10,0)([63]36,24,1)([64]57,61,7)([65]17,15,6)([66]10,26,4)([67]8,12,4)([68]66,0,3)([69]55,68,3)([70]53,28,5)([71]20,34,6)([72]60,34,7)([73]67,52,3)([74]45,39,0)([75]69,73,4)([76]31,44,3)([77]66,58,1)([78]50,64,5)([79]75,78,4)([80]26,26,3)([81]24,60,6)([82]70,31,5)([83]56,5,4)([84]74,60,7)([85]61,72,7)([86]24,56,5)(79)
optimized area: 139.62
time: 1223586 ms
seed: 1636210637
{7,1,80,1,2,1,8}([7]4,1,7)([8]6,7,3)([9]4,6,6)([10]2,8,7)([11]7,0,2)([12]11,1,7)([13]9,10,5)([14]11,10,7)([15]5,3,4)([16]0,11,7)([17]6,15,5)([18]17,11,2)([19]18,10,4)([20]0,19,2)([21]6,16,4)([22]6,1,6)([23]16,8,4)([24]19,17,5)([25]5,1,7)([26]13,14,7)([27]6,15,6)([28]23,15,7)([29]27,13,7)([30]25,29,6)([31]14,0,7)([32]2,16,0)([33]20,12,7)([34]24,26,7)([35]19,9,5)([36]3,14,0)([37]34,10,4)([38]32,0,2)([39]28,33,5)([40]34,10,2)([41]25,2,5)([42]30,4,4)([43]7,11,4)([44]40,42,6)([45]4,44,4)([46]2,37,7)([47]39,45,2)([48]9,29,0)([49]47,20,4)([50]5,48,3)([51]50,0,1)([52]37,7,5)([53]23,27,3)([54]52,53,7)([55]30,52,3)([56]48,52,5)([57]54,12,3)([58]35,6,3)([59]4,49,7)([60]38,57,3)([61]22,53,7)([62]31,53,1)([63]53,37,6)([64]57,15,5)([65]11,34,1)([66]46,5,4)([67]41,64,1)([68]66,60,6)([69]39,25,4)([70]2,33,7)([71]48,38,5)([72]70,65,6)([73]51,18,7)([74]34,65,0)([75]1,14,7)([76]62,72,0)([77]49,68,4)([78]20,39,2)([79]71,71,6)([80]79,4,3)([81]1,65,3)([82]13,56,4)([83]7,19,4)([84]48,62,1)([85]57,82,6)([86]75,5,6)(77)
evaluations: 28556788
first invidual area: 147.63
{7,1,80,1,2,1,8}([7]4,1,7)([8]7,6,3)([9]4,6,6)([10]8,2,7)([11]7,0,2)([12]1,11,7)([13]10,9,5)([14]11,8,7)([15]3,5,4)([16]2,14,2)([17]6,15,5)([18]14,17,5)([19]2,18,7)([20]19,0,2)([21]5,15,3)([22]10,2,2)([23]0,14,4)([24]17,19,5)([25]5,1,7)([26]24,11,7)([27]6,15,6)([28]15,23,7)([29]27,13,7)([30]25,29,6)([31]26,12,1)([32]18,3,7)([33]20,12,7)([34]30,8,0)([35]27,16,3)([36]34,0,1)([37]26,13,2)([38]31,31,2)([39]33,28,5)([40]37,10,5)([41]10,38,7)([42]30,4,4)([43]22,11,7)([44]42,40,6)([45]7,37,6)([46]44,34,7)([47]39,46,5)([48]27,9,4)([49]47,20,7)([50]36,16,3)([51]23,12,3)([52]38,7,5)([53]37,2,1)([54]52,35,7)([55]28,51,0)([56]15,45,5)([57]54,51,3)([58]57,32,0)([59]16,11,7)([60]31,3,2)([61]8,10,7)([62]59,11,5)([63]46,24,0)([64]18,47,0)([65]49,55,0)([66]41,5,4)([67]7,66,4)([68]66,57,3)([69]27,43,2)([70]16,14,6)([71]19,30,2)([72]14,26,7)([73]58,17,0)([74]59,47,7)([75]46,53,6)([76]36,67,6)([77]61,65,6)([78]75,18,2)([79]39,67,2)([80]65,74,4)([81]57,29,5)([82]68,65,7)([83]70,7,5)([84]27,8,1)([85]21,26,0)([86]31,84,0)(82)
optimized area: 135.89
time: 1237095 ms
seed: 1636240596
{7,1,80,1,2,1,8}([7]3,0,4)([8]0,7,5)([9]0,8,6)([10]5,1,2)([11]2,5,3)([12]3,2,4)([13]1,8,7)([14]13,4,0)([15]6,3,1)([16]4,2,7)([17]2,16,6)([18]9,8,6)([19]14,6,5)([20]5,0,6)([21]17,0,6)([22]11,13,7)([23]15,18,4)([24]9,16,7)([25]1,21,4)([26]4,3,1)([27]6,7,7)([28]25,4,6)([29]10,4,7)([30]22,16,6)([31]6,28,7)([32]0,11,0)([33]12,31,5)([34]28,7,7)([35]27,5,4)([36]9,24,5)([37]11,33,5)([38]21,7,5)([39]11,29,5)([40]30,34,2)([41]27,23,6)([42]30,35,3)([43]39,19,2)([44]14,20,7)([45]37,42,2)([46]16,34,3)([47]26,41,4)([48]23,40,2)([49]19,26,7)([50]4,6,2)([51]44,45,2)([52]42,46,4)([53]50,2,3)([54]25,2,1)([55]31,45,2)([56]47,49,3)([57]31,39,6)([58]44,48,6)([59]51,5,7)([60]48,34,7)([61]6,39,2)([62]58,46,5)([63]0,52,2)([64]62,43,6)([65]64,59,4)([66]12,56,6)([67]0,28,0)([68]10,60,4)([69]66,65,3)([70]52,45,6)([71]38,25,6)([72]4,4,7)([73]55,56,7)([74]71,69,7)([75]63,29,5)([76]74,71,1)([77]76,68,5)([78]13,51,6)([79]9,66,1)([80]46,69,5)([81]21,46,4)([82]15,81,2)([83]67,28,2)([84]60,80,4)([85]47,83,5)([86]68,85,6)(76)
evaluations: 9672538
first invidual area: 155.53
{7,1,80,1,2,1,8}([7]3,0,4)([8]5,1,5)([9]4,7,0)([10]0,7,5)([11]2,5,3)([12]2,3,4)([13]10,1,7)([14]0,6,3)([15]13,11,7)([16]4,2,7)([17]16,2,6)([18]15,11,6)([19]13,6,5)([20]15,16,6)([21]17,0,6)([22]9,11,0)([23]9,19,7)([24]16,18,0)([25]21,1,4)([26]8,23,4)([27]7,6,7)([28]25,4,3)([29]27,5,4)([30]29,5,4)([31]28,7,4)([32]31,27,7)([33]12,32,5)([34]22,9,0)([35]26,11,5)([36]5,3,0)([37]11,33,5)([38]35,5,6)([39]7,20,2)([40]36,0,6)([41]19,35,2)([42]20,29,3)([43]28,17,7)([44]13,40,7)([45]37,42,2)([46]24,31,3)([47]33,9,7)([48]30,28,7)([49]18,32,3)([50]21,17,0)([51]45,44,5)([52]8,25,5)([53]37,22,3)([54]12,18,6)([55]52,29,5)([56]23,55,5)([57]6,13,6)([58]41,57,6)([59]5,51,4)([60]52,2,7)([61]3,40,3)([62]46,58,5)([63]55,47,1)([64]62,44,6)([65]64,59,7)([66]12,56,3)([67]7,50,5)([68]2,9,2)([69]66,65,5)([70]25,46,7)([71]25,67,3)([72]69,71,7)([73]31,3,5)([74]23,4,1)([75]59,19,2)([76]42,33,1)([77]39,34,0)([78]24,30,6)([79]39,5,1)([80]48,63,7)([81]39,29,3)([82]39,7,1)([83]57,56,6)([84]24,9,1)([85]17,48,5)([86]46,74,5)(72)
optimized area: 134.45
time: 1329642 ms
seed: 1636259777
NOT FOUND
time: 1070070 ms
seed: 1636276367
{7,1,80,1,2,1,8}([7]6,0,4)([8]1,4,5)([9]3,5,4)([10]7,5,4)([11]10,8,3)([12]8,0,7)([13]3,2,3)([14]10,2,7)([15]0,11,4)([16]11,15,3)([17]4,10,7)([18]2,17,4)([19]7,5,5)([20]1,14,2)([21]2,18,2)([22]0,17,2)([23]4,11,7)([24]20,21,3)([25]1,9,4)([26]22,1,4)([27]24,17,1)([28]17,9,4)([29]18,25,7)([30]25,13,5)([31]12,23,3)([32]28,6,6)([33]32,19,3)([34]17,25,4)([35]25,23,4)([36]24,16,0)([37]5,27,6)([38]35,27,6)([39]6,31,7)([40]10,32,6)([41]24,26,5)([42]39,30,4)([43]36,26,3)([44]30,43,5)([45]17,15,2)([46]44,5,6)([47]1,40,4)([48]30,32,6)([49]39,38,6)([50]44,49,6)([51]4,28,1)([52]47,29,3)([53]50,33,7)([54]53,9,0)([55]42,6,6)([56]22,48,4)([57]29,23,0)([58]7,34,7)([59]51,40,1)([60]35,44,3)([61]26,52,7)([62]55,61,2)([63]39,20,4)([64]25,5,6)([65]49,44,3)([66]49,60,6)([67]28,62,4)([68]15,39,4)([69]46,28,2)([70]62,54,6)([71]67,19,5)([72]39,54,2)([73]40,17,5)([74]53,14,4)([75]2,65,0)([76]64,21,3)([77]45,27,4)([78]77,34,2)([79]19,27,6)([80]65,79,0)([81]70,49,3)([82]60,76,3)([83]57,76,3)([84]37,69,5)([85]49,12,0)([86]43,37,0)(70)
evaluations: 4163540
first invidual area: 135.42
{7,1,80,1,2,1,8}([7]0,6,4)([8]1,3,1)([9]7,5,5)([10]7,5,4)([11]10,8,3)([12]11,2,7)([13]12,1,2)([14]4,0,4)([15]3,5,4)([16]14,15,4)([17]4,10,7)([18]17,1,1)([19]2,3,3)([20]0,17,5)([21]2,18,2)([22]6,11,5)([23]4,11,2)([24]13,21,3)([25]8,15,7)([26]1,20,7)([27]24,6,1)([28]25,25,0)([29]1,7,2)([30]19,28,5)([31]23,14,6)([32]6,16,6)([33]24,26,3)([34]10,3,5)([35]27,23,3)([36]32,9,6)([37]12,5,7)([38]35,22,3)([39]31,6,4)([40]39,15,0)([41]5,3,3)([42]14,22,4)([43]12,17,4)([44]30,40,0)([45]34,5,4)([46]35,20,2)([47]35,25,6)([48]33,44,5)([49]47,39,6)([50]48,49,6)([51]3,4,0)([52]45,43,3)([53]39,20,1)([54]31,30,4)([55]6,54,6)([56]29,47,7)([57]52,26,0)([58]41,45,2)([59]36,50,4)([60]26,57,7)([61]0,0,2)([62]26,11,0)([63]10,47,3)([64]13,26,1)([65]52,23,1)([66]24,25,4)([67]59,47,3)([68]44,30,3)([69]3,24,0)([70]16,29,4)([71]60,55,2)([72]59,5,4)([73]59,71,6)([74]58,53,1)([75]61,49,4)([76]43,33,3)([77]4,15,5)([78]75,67,6)([79]28,34,7)([80]70,47,0)([81]11,67,7)([82]79,25,2)([83]4,2,2)([84]41,62,7)([85]15,28,2)([86]41,13,2)(73)
optimized area: 126.02
time: 1316398 ms
seed: 1636292703
NOT FOUND
time: 1071022 ms
seed: 1636309133
{7,1,80,1,2,1,8}([7]4,6,4)([8]3,0,4)([9]3,2,2)([10]2,3,6)([11]5,9,7)([12]8,7,3)([13]4,1,3)([14]4,12,0)([15]0,10,3)([16]10,6,4)([17]13,7,5)([18]11,2,4)([19]11,16,4)([20]19,15,7)([21]10,1,3)([22]14,21,2)([23]17,18,7)([24]15,12,5)([25]5,13,2)([26]22,23,6)([27]0,11,7)([28]9,14,6)([29]19,15,3)([30]28,20,2)([31]7,23,5)([32]3,14,5)([33]1,26,0)([34]1,5,4)([35]24,34,5)([36]19,19,0)([37]31,29,5)([38]33,2,6)([39]19,33,4)([40]36,36,7)([41]39,23,0)([42]20,25,4)([43]35,30,7)([44]29,26,2)([45]37,32,1)([46]40,13,3)([47]21,5,3)([48]38,15,6)([49]34,42,4)([50]41,45,5)([51]44,43,3)([52]51,4,6)([53]2,44,1)([54]12,48,7)([55]32,33,0)([56]50,17,0)([57]21,46,7)([58]55,35,3)([59]8,25,2)([60]54,27,3)([61]15,30,3)([62]54,10,4)([63]56,59,5)([64]51,60,5)([65]46,9,1)([66]64,63,7)([67]45,15,0)([68]1,10,5)([69]57,9,4)([70]66,39,7)([71]25,25,1)([72]15,37,6)([73]14,25,6)([74]66,66,7)([75]10,70,1)([76]43,47,5)([77]70,11,5)([78]63,57,3)([79]43,4,1)([80]74,77,6)([81]40,50,2)([82]67,2,4)([83]30,76,1)([84]34,49,2)([85]30,65,2)([86]8,1,0)(66)
evaluations: 22461545
first invidual area: 124.14
{7,1,80,1,2,1,8}([7]6,4,4)([8]3,0,4)([9]3,2,2)([10]3,2,6)([11]5,9,7)([12]7,8,3)([13]4,1,3)([14]4,9,6)([15]10,0,3)([16]6,11,7)([17]7,13,5)([18]11,2,7)([19]10,16,7)([20]19,15,7)([21]10,1,3)([22]4,21,2)([23]17,18,4)([24]15,2,0)([25]2,1,6)([26]24,5,0)([27]11,0,7)([28]23,19,3)([29]26,12,5)([30]14,20,5)([31]13,5,2)([32]14,23,0)([33]11,29,3)([34]5,1,4)([35]29,34,5)([36]4,4,1)([37]23,18,5)([38]23,22,6)([39]19,8,3)([40]19,15,3)([41]28,14,4)([42]19,34,7)([43]35,30,4)([44]40,38,2)([45]40,37,2)([46]42,45,5)([47]44,1,6)([48]25,15,3)([49]18,0,4)([50]45,11,1)([51]44,43,3)([52]37,15,4)([53]52,18,0)([54]12,48,4)([55]34,29,1)([56]0,2,7)([57]41,25,3)([58]34,42,6)([59]8,46,2)([60]54,27,3)([61]37,45,0)([62]52,19,3)([63]31,59,5)([64]51,60,5)([65]49,58,5)([66]44,4,7)([67]57,11,6)([68]48,5,0)([69]62,0,0)([70]4,49,0)([71]39,21,5)([72]24,59,7)([73]7,30,0)([74]55,45,7)([75]58,33,5)([76]63,64,7)([77]64,64,7)([78]13,29,5)([79]40,57,7)([80]52,24,3)([81]42,49,5)([82]45,5,6)([83]27,57,0)([84]62,63,4)([85]63,70,2)([86]79,66,7)(76)
optimized area: 122.74
time: 1203549 ms
seed: 1636325353
{7,1,80,1,2,1,8}([7]3,6,4)([8]1,3,7)([9]2,7,4)([10]5,4,5)([11]10,1,4)([12]4,3,4)([13]7,11,3)([14]0,5,5)([15]6,13,6)([16]10,2,5)([17]9,12,5)([18]2,3,5)([19]17,0,5)([20]7,5,3)([21]4,2,3)([22]15,0,4)([23]22,21,4)([24]5,13,5)([25]8,1,5)([26]23,24,7)([27]26,6,4)([28]23,17,6)([29]10,20,5)([30]26,9,5)([31]27,4,6)([32]11,8,1)([33]30,19,5)([34]30,15,5)([35]30,31,0)([36]0,4,1)([37]9,34,2)([38]10,34,5)([39]7,13,1)([40]3,23,4)([41]40,3,7)([42]20,26,3)([43]7,9,5)([44]28,16,4)([45]18,3,0)([46]8,42,7)([47]45,29,2)([48]31,40,2)([49]8,2,7)([50]33,16,2)([51]48,44,1)([52]4,6,2)([53]28,11,4)([54]20,19,6)([55]25,53,5)([56]55,36,7)([57]8,25,5)([58]46,50,3)([59]56,48,3)([60]17,6,1)([61]24,7,7)([62]17,15,2)([63]58,59,5)([64]24,15,0)([65]24,38,4)([66]18,6,7)([67]45,55,5)([68]49,46,0)([69]64,26,5)([70]54,63,7)([71]8,52,3)([72]32,3,0)([73]57,20,4)([74]17,50,7)([75]45,26,2)([76]19,50,6)([77]14,69,3)([78]65,70,4)([79]5,20,2)([80]24,54,5)([81]68,27,5)([82]77,1,5)([83]53,63,3)([84]21,65,4)([85]24,71,1)([86]42,41,3)(78)
evaluations: 28177376
first invidual area: 126.96
{7,1,80,1,2,1,8}([7]6,3,4)([8]3,1,7)([9]2,7,4)([10]4,5,5)([11]10,1,4)([12]3,4,4)([13]11,7,3)([14]11,12,7)([15]13,6,6)([16]0,15,4)([17]12,9,5)([18]2,10,5)([19]17,0,5)([20]7,5,3)([21]4,2,3)([22]16,20,4)([23]21,16,4)([24]5,13,5)([25]19,18,5)([26]23,24,7)([27]23,11,0)([28]12,10,2)([29]1,16,2)([30]26,9,5)([31]25,13,6)([32]14,26,1)([33]15,30,5)([34]27,20,3)([35]7,3,0)([36]3,1,5)([37]17,0,2)([38]10,33,5)([39]37,3,7)([40]19,31,1)([41]24,38,4)([42]19,30,5)([43]24,7,4)([44]27,17,3)([45]4,43,6)([46]8,34,7)([47]45,6,1)([48]45,25,2)([49]29,22,2)([50]21,43,3)([51]3,34,6)([52]38,35,0)([53]44,11,7)([54]18,42,2)([55]36,53,5)([56]55,0,4)([57]27,44,7)([58]46,54,3)([59]48,56,3)([60]31,7,3)([61]13,13,4)([62]17,56,5)([63]58,59,5)([64]24,47,2)([65]24,38,7)([66]19,20,3)([67]58,64,1)([68]49,41,5)([69]20,12,4)([70]66,63,7)([71]33,60,3)([72]66,37,3)([73]35,37,1)([74]73,47,3)([75]58,32,3)([76]1,66,1)([77]74,31,5)([78]65,70,4)([79]31,37,0)([80]49,74,0)([81]57,19,0)([82]79,35,2)([83]39,49,0)([84]67,48,6)([85]7,27,0)([86]55,84,3)(78)
optimized area: 122.74
time: 1200080 ms
