seed: 1633856825
NOT FOUND
time: 536624 ms
seed: 1633943653
NOT FOUND
time: 535380 ms
seed: 1633971433
NOT FOUND
time: 532774 ms
seed: 1633994311
NOT FOUND
time: 520779 ms
seed: 1634043242
NOT FOUND
time: 534120 ms
seed: 1634157330
NOT FOUND
time: 539007 ms
seed: 1634204711
{7,1,80,1,2,1,8}([7]3,3,2)([8]2,0,3)([9]4,6,4)([10]2,7,2)([11]4,5,3)([12]10,9,7)([13]9,12,5)([14]6,5,4)([15]14,9,3)([16]1,8,4)([17]9,3,6)([18]7,0,7)([19]13,14,6)([20]2,16,0)([21]16,5,4)([22]12,14,6)([23]16,3,7)([24]5,12,6)([25]1,1,6)([26]23,17,7)([27]22,18,7)([28]26,22,6)([29]19,14,3)([30]26,11,0)([31]24,29,7)([32]14,19,0)([33]4,27,6)([34]28,8,7)([35]21,26,1)([36]30,5,7)([37]2,33,4)([38]0,16,0)([39]0,1,7)([40]28,0,5)([41]34,16,2)([42]17,1,2)([43]37,8,5)([44]5,41,4)([45]20,7,0)([46]40,2,7)([47]2,8,1)([48]46,44,5)([49]31,0,2)([50]36,49,6)([51]44,23,6)([52]43,19,2)([53]50,9,5)([54]11,27,4)([55]43,50,5)([56]54,19,4)([57]12,16,7)([58]32,48,2)([59]11,16,3)([60]45,22,1)([61]58,55,3)([62]10,22,1)([63]8,51,1)([64]33,39,2)([65]42,64,2)([66]54,29,2)([67]43,53,3)([68]62,62,7)([69]18,24,3)([70]68,17,7)([71]60,54,3)([72]70,37,6)([73]66,64,3)([74]48,9,1)([75]2,1,3)([76]8,50,7)([77]58,73,3)([78]51,77,6)([79]55,78,7)([80]8,76,0)([81]39,1,1)([82]26,71,4)([83]20,41,2)([84]70,55,7)([85]30,12,1)([86]6,63,1)(79)
evaluations: 33056019
first invidual area: 135.88
{7,1,80,1,2,1,8}([7]3,3,6)([8]2,0,3)([9]4,6,4)([10]4,4,2)([11]9,2,7)([12]0,1,0)([13]3,2,2)([14]6,5,4)([15]5,11,6)([16]8,1,4)([17]3,9,6)([18]3,12,4)([19]14,8,5)([20]9,13,2)([21]0,1,7)([22]17,14,3)([23]16,3,7)([24]1,10,3)([25]15,14,7)([26]17,23,7)([27]1,3,6)([28]22,16,2)([29]20,14,3)([30]18,22,7)([31]9,13,2)([32]28,24,2)([33]30,10,6)([34]8,26,4)([35]3,26,7)([36]26,5,7)([37]2,33,4)([38]2,3,0)([39]37,8,5)([40]39,39,3)([41]19,3,1)([42]16,34,5)([43]12,34,5)([44]5,42,7)([45]37,37,1)([46]43,38,7)([47]25,3,2)([48]46,44,5)([49]25,12,2)([50]36,49,6)([51]50,40,5)([52]48,20,1)([53]44,23,6)([54]24,18,4)([55]30,3,2)([56]3,28,2)([57]45,41,7)([58]27,11,5)([59]28,36,6)([60]19,46,3)([61]32,14,2)([62]30,14,2)([63]39,40,3)([64]33,21,2)([65]52,16,6)([66]54,29,2)([67]20,16,0)([68]48,14,2)([69]24,67,1)([70]5,34,2)([71]45,30,3)([72]53,34,6)([73]66,64,3)([74]61,60,4)([75]69,71,5)([76]69,11,3)([77]68,73,3)([78]53,77,3)([79]51,78,4)([80]55,38,2)([81]7,22,1)([82]60,48,3)([83]5,66,6)([84]7,36,0)([85]71,13,4)([86]74,66,4)(79)
optimized area: 131.20
time: 576605 ms
seed: 1634253648
{7,1,80,1,2,1,8}([7]6,5,7)([8]0,3,4)([9]5,7,3)([10]1,4,7)([11]3,9,5)([12]8,2,6)([13]5,0,7)([14]12,4,4)([15]4,11,7)([16]1,2,4)([17]14,8,5)([18]17,13,6)([19]2,6,7)([20]4,16,1)([21]11,6,4)([22]18,21,4)([23]13,5,2)([24]22,10,6)([25]14,1,4)([26]11,16,2)([27]4,1,0)([28]23,2,7)([29]28,16,5)([30]25,15,3)([31]22,21,5)([32]24,7,7)([33]32,22,2)([34]24,26,7)([35]1,9,2)([36]32,30,5)([37]15,19,6)([38]0,36,4)([39]26,24,2)([40]28,8,5)([41]22,16,0)([42]33,24,6)([43]22,25,4)([44]40,35,7)([45]19,29,5)([46]42,19,7)([47]38,46,5)([48]24,14,4)([49]44,3,6)([50]0,15,4)([51]47,30,3)([52]1,32,7)([53]15,44,2)([54]48,34,2)([55]53,1,1)([56]28,54,7)([57]52,4,1)([58]45,38,2)([59]19,31,7)([60]44,51,7)([61]19,3,3)([62]49,32,4)([63]21,59,0)([64]53,16,4)([65]21,31,7)([66]4,55,4)([67]55,13,5)([68]66,51,2)([69]45,54,4)([70]69,62,6)([71]58,7,7)([72]46,50,4)([73]27,45,4)([74]69,44,4)([75]70,72,5)([76]65,60,0)([77]53,59,7)([78]54,44,5)([79]64,58,7)([80]78,56,6)([81]75,71,4)([82]74,51,6)([83]70,56,2)([84]46,74,2)([85]11,61,0)([86]41,34,1)(81)
evaluations: 29227516
first invidual area: 158.41
{7,1,80,1,2,1,8}([7]6,5,7)([8]3,0,4)([9]5,7,3)([10]1,4,7)([11]3,9,5)([12]2,8,6)([13]0,5,7)([14]12,4,6)([15]11,4,7)([16]1,2,4)([17]4,8,5)([18]13,17,6)([19]2,6,7)([20]2,1,1)([21]6,11,7)([22]18,21,7)([23]13,0,5)([24]22,10,6)([25]23,1,7)([26]6,16,5)([27]10,12,7)([28]0,18,7)([29]16,25,5)([30]27,15,3)([31]0,15,7)([32]7,24,7)([33]7,6,6)([34]10,26,7)([35]30,32,5)([36]1,31,2)([37]33,13,1)([38]22,23,1)([39]0,35,4)([40]1,22,2)([41]2,27,3)([42]33,24,6)([43]11,27,0)([44]25,38,5)([45]19,29,5)([46]42,19,7)([47]17,40,2)([48]5,41,1)([49]3,47,6)([50]24,14,7)([51]8,28,2)([52]2,12,5)([53]46,31,7)([54]50,34,5)([55]24,44,5)([56]2,20,5)([57]26,1,5)([58]45,39,5)([59]47,29,5)([60]21,42,6)([61]6,6,4)([62]49,32,4)([63]55,42,5)([64]26,60,5)([65]10,31,2)([66]37,62,7)([67]28,46,7)([68]40,27,7)([69]45,54,7)([70]69,62,6)([71]58,7,4)([72]68,27,5)([73]1,56,7)([74]24,49,6)([75]70,53,5)([76]40,40,6)([77]58,9,4)([78]29,27,2)([79]39,75,2)([80]75,71,4)([81]31,47,0)([82]43,16,0)([83]82,48,2)([84]82,21,5)([85]8,38,1)([86]8,38,1)(80)
optimized area: 149.96
time: 618256 ms
seed: 1634301764
NOT FOUND
time: 525602 ms
seed: 1634342293
NOT FOUND
time: 533813 ms
seed: 1634391171
NOT FOUND
time: 528911 ms
seed: 1634440206
NOT FOUND
time: 523295 ms
seed: 1634500475
{7,1,80,1,2,1,8}([7]4,1,7)([8]5,6,7)([9]6,7,6)([10]0,2,7)([11]10,2,1)([12]8,11,4)([13]1,5,6)([14]7,6,5)([15]12,9,7)([16]15,3,2)([17]0,8,1)([18]15,6,4)([19]7,15,5)([20]0,1,3)([21]19,9,4)([22]16,6,6)([23]5,4,7)([24]17,7,7)([25]3,23,5)([26]25,8,3)([27]20,21,2)([28]14,3,2)([29]8,5,2)([30]16,23,6)([31]2,13,3)([32]12,1,5)([33]0,23,5)([34]8,10,7)([35]18,26,6)([36]13,22,2)([37]34,4,7)([38]27,29,6)([39]2,27,4)([40]25,4,3)([41]2,11,3)([42]29,30,4)([43]28,42,4)([44]19,39,6)([45]43,32,6)([46]21,31,0)([47]43,33,6)([48]31,28,7)([49]22,1,0)([50]49,48,5)([51]43,45,0)([52]35,48,7)([53]39,18,3)([54]15,47,6)([55]19,46,5)([56]16,27,4)([57]3,6,3)([58]37,3,7)([59]11,34,7)([60]42,4,6)([61]9,34,0)([62]39,52,2)([63]45,24,6)([64]38,51,3)([65]63,36,3)([66]9,23,6)([67]47,8,5)([68]3,40,0)([69]31,14,0)([70]11,44,6)([71]62,26,7)([72]69,61,4)([73]3,52,7)([74]22,51,5)([75]74,18,1)([76]69,57,7)([77]48,31,2)([78]5,42,3)([79]28,61,2)([80]65,0,0)([81]62,41,4)([82]47,67,3)([83]71,32,0)([84]80,35,7)([85]83,65,7)([86]85,67,5)(86)
evaluations: 8944044
first invidual area: 133.05
{7,1,80,1,2,1,8}([7]4,1,7)([8]6,5,7)([9]6,7,6)([10]8,0,4)([11]7,0,4)([12]10,2,4)([13]5,1,6)([14]9,7,1)([15]9,12,7)([16]15,3,5)([17]7,6,5)([18]6,16,7)([19]7,15,5)([20]0,1,3)([21]14,20,2)([22]18,6,6)([23]5,4,7)([24]14,1,2)([25]23,3,5)([26]25,8,3)([27]21,19,5)([28]3,17,5)([29]0,22,5)([30]22,2,2)([31]27,13,3)([32]23,8,5)([33]24,32,6)([34]17,19,1)([35]18,26,3)([36]22,13,2)([37]3,23,3)([38]13,2,7)([39]30,34,6)([40]27,28,2)([41]35,32,1)([42]19,30,0)([43]39,28,4)([44]12,1,5)([45]44,43,6)([46]41,39,7)([47]32,10,6)([48]31,35,7)([49]27,9,0)([50]18,42,2)([51]3,29,6)([52]28,48,7)([53]27,2,7)([54]52,47,5)([55]17,38,1)([56]40,32,3)([57]17,18,5)([58]40,5,3)([59]45,11,6)([60]53,1,4)([61]29,1,3)([62]61,12,2)([63]6,2,1)([64]28,57,4)([65]59,36,6)([66]3,29,5)([67]52,53,5)([68]17,17,1)([69]53,7,7)([70]28,10,3)([71]67,26,4)([72]31,9,3)([73]42,24,6)([74]25,15,6)([75]20,14,6)([76]41,29,3)([77]71,65,4)([78]43,42,0)([79]18,12,7)([80]11,58,1)([81]13,20,7)([82]75,34,0)([83]36,61,5)([84]30,58,7)([85]81,6,7)([86]77,54,5)(86)
optimized area: 124.13
time: 686150 ms
seed: 1634599689
NOT FOUND
time: 529587 ms
seed: 1634648480
NOT FOUND
time: 521242 ms
seed: 1634701257
{7,1,80,1,2,1,8}([7]0,1,4)([8]5,6,4)([9]6,3,5)([10]5,2,4)([11]5,3,7)([12]4,5,6)([13]8,11,2)([14]10,4,2)([15]1,2,6)([16]3,15,2)([17]14,2,3)([18]3,1,2)([19]4,6,7)([20]17,15,4)([21]13,0,7)([22]11,15,5)([23]21,10,2)([24]18,0,0)([25]7,16,3)([26]0,20,5)([27]15,22,7)([28]14,8,3)([29]17,24,3)([30]8,23,3)([31]7,6,4)([32]12,23,4)([33]11,30,5)([34]33,28,5)([35]33,31,4)([36]35,29,7)([37]7,1,7)([38]26,31,7)([39]36,19,3)([40]26,39,7)([41]19,32,7)([42]19,7,2)([43]31,40,5)([44]26,36,1)([45]40,42,2)([46]43,7,6)([47]36,45,6)([48]9,47,7)([49]47,48,7)([50]1,34,2)([51]19,4,6)([52]50,12,7)([53]43,19,1)([54]18,41,4)([55]53,30,7)([56]52,13,4)([57]0,37,1)([58]54,48,6)([59]55,17,1)([60]37,36,1)([61]59,51,1)([62]61,39,7)([63]52,16,4)([64]55,5,2)([65]18,60,6)([66]63,58,2)([67]66,55,4)([68]39,15,6)([69]49,13,3)([70]12,55,4)([71]56,9,2)([72]59,6,1)([73]43,6,3)([74]58,43,7)([75]24,7,7)([76]21,62,3)([77]16,15,0)([78]52,27,5)([79]78,29,3)([80]58,2,6)([81]67,32,5)([82]25,30,1)([83]4,35,3)([84]41,55,6)([85]36,79,0)([86]16,84,2)(67)
evaluations: 27100057
first invidual area: 141.98
{7,1,80,1,2,1,8}([7]6,1,6)([8]5,6,4)([9]6,0,7)([10]2,5,4)([11]3,5,7)([12]4,5,6)([13]3,6,5)([14]10,4,2)([15]2,1,6)([16]8,11,5)([17]14,2,3)([18]3,1,2)([19]4,6,7)([20]18,17,3)([21]16,0,4)([22]15,17,4)([23]10,21,2)([24]19,23,4)([25]22,0,5)([26]16,15,7)([27]8,14,3)([28]3,15,5)([29]0,24,4)([30]23,8,3)([31]9,1,7)([32]5,25,5)([33]11,30,5)([34]14,12,7)([35]33,31,4)([36]35,20,7)([37]27,33,5)([38]0,0,7)([39]36,19,3)([40]25,39,7)([41]18,12,7)([42]31,40,2)([43]31,29,2)([44]29,40,5)([45]1,42,2)([46]29,39,7)([47]36,45,3)([48]13,47,4)([49]18,42,6)([50]19,37,5)([51]1,37,5)([52]28,12,7)([53]33,51,0)([54]41,24,4)([55]28,47,5)([56]1,22,5)([57]49,49,4)([58]54,48,6)([59]25,13,7)([60]19,9,6)([61]18,30,3)([62]30,42,7)([63]52,51,4)([64]34,6,5)([65]16,4,7)([66]58,63,5)([67]4,17,1)([68]42,2,4)([69]54,50,3)([70]7,13,3)([71]67,54,6)([72]47,63,2)([73]50,42,3)([74]70,68,1)([75]72,19,2)([76]49,7,7)([77]65,53,6)([78]39,57,7)([79]62,66,7)([80]8,52,3)([81]63,2,4)([82]46,44,4)([83]16,44,4)([84]38,4,2)([85]72,56,3)([86]38,8,1)(79)
optimized area: 136.83
time: 891456 ms
seed: 1634778841
{7,1,80,1,2,1,8}([7]4,4,6)([8]7,0,2)([9]3,5,1)([10]6,8,4)([11]8,5,7)([12]0,2,3)([13]11,6,3)([14]4,9,2)([15]5,14,3)([16]1,3,5)([17]8,12,7)([18]16,14,4)([19]11,18,4)([20]2,5,3)([21]11,1,4)([22]12,3,3)([23]21,2,6)([24]20,13,2)([25]21,17,3)([26]24,5,4)([27]22,5,2)([28]0,19,3)([29]27,13,1)([30]29,7,7)([31]28,3,7)([32]17,1,5)([33]30,26,3)([34]5,8,1)([35]23,31,4)([36]31,15,6)([37]35,33,1)([38]20,23,2)([39]2,30,3)([40]36,11,2)([41]10,40,6)([42]28,25,4)([43]13,18,2)([44]1,36,6)([45]30,24,5)([46]2,23,0)([47]32,36,6)([48]22,29,7)([49]8,47,7)([50]3,39,7)([51]41,43,7)([52]15,48,2)([53]44,10,4)([54]21,42,6)([55]50,53,6)([56]18,32,3)([57]17,8,7)([58]47,42,6)([59]20,30,0)([60]16,3,3)([61]31,54,1)([62]24,31,5)([63]53,6,4)([64]45,37,4)([65]64,51,3)([66]48,20,1)([67]59,10,6)([68]47,55,3)([69]10,25,7)([70]5,42,1)([71]47,63,2)([72]63,67,1)([73]62,53,0)([74]28,35,2)([75]26,68,3)([76]58,65,3)([77]53,30,5)([78]48,30,3)([79]76,75,5)([80]12,35,5)([81]73,48,7)([82]23,57,3)([83]32,74,6)([84]10,17,0)([85]8,51,1)([86]68,36,6)(79)
evaluations: 45172909
first invidual area: 142.87
{7,1,80,1,2,1,8}([7]4,2,1)([8]0,7,2)([9]3,5,1)([10]6,8,4)([11]8,5,7)([12]0,2,3)([13]11,6,3)([14]4,9,2)([15]5,14,3)([16]1,3,5)([17]8,12,7)([18]16,14,4)([19]11,18,4)([20]2,5,3)([21]11,1,4)([22]3,12,3)([23]10,0,0)([24]20,13,2)([25]13,24,7)([26]5,24,4)([27]22,5,2)([28]0,19,3)([29]12,11,6)([30]4,27,7)([31]28,9,4)([32]17,1,5)([33]2,21,3)([34]27,14,1)([35]33,31,7)([36]31,15,6)([37]21,17,3)([38]2,11,5)([39]30,2,3)([40]35,4,7)([41]23,36,3)([42]28,37,4)([43]13,18,5)([44]1,36,3)([45]30,24,5)([46]8,27,6)([47]36,32,6)([48]40,40,4)([49]19,45,4)([50]3,39,7)([51]41,43,7)([52]24,28,6)([53]44,23,7)([54]45,4,0)([55]50,47,4)([56]50,53,6)([57]38,2,3)([58]47,42,6)([59]50,3,4)([60]35,5,0)([61]55,34,2)([62]47,18,7)([63]21,12,6)([64]45,60,7)([65]64,51,3)([66]39,21,1)([67]65,34,3)([68]47,56,3)([69]4,54,0)([70]26,63,3)([71]39,9,0)([72]57,66,4)([73]2,67,4)([74]55,44,4)([75]26,68,3)([76]58,65,3)([77]57,53,6)([78]76,13,6)([79]76,75,5)([80]45,11,0)([81]12,45,6)([82]79,11,6)([83]55,20,1)([84]2,5,3)([85]0,23,2)([86]28,10,1)(79)
optimized area: 136.32
time: 990413 ms
seed: 1634844031
{7,1,80,1,2,1,8}([7]2,1,6)([8]7,1,3)([9]6,2,7)([10]2,9,4)([11]0,1,4)([12]5,9,5)([13]9,5,6)([14]13,12,7)([15]0,1,7)([16]1,6,7)([17]8,13,7)([18]16,9,5)([19]4,11,0)([20]7,4,1)([21]8,6,2)([22]14,19,5)([23]12,7,4)([24]23,3,5)([25]17,4,3)([26]24,1,2)([27]3,19,3)([28]19,13,4)([29]15,27,7)([30]23,16,4)([31]23,27,5)([32]31,30,5)([33]5,24,5)([34]25,29,3)([35]23,12,1)([36]4,11,6)([37]0,16,7)([38]16,34,4)([39]0,17,3)([40]16,24,3)([41]2,29,5)([42]32,32,4)([43]3,38,4)([44]21,33,6)([45]36,39,6)([46]42,21,6)([47]8,28,4)([48]0,25,3)([49]22,37,5)([50]47,30,4)([51]41,15,5)([52]19,51,2)([53]21,46,7)([54]4,44,4)([55]30,3,0)([56]35,45,7)([57]43,28,5)([58]1,35,4)([59]43,28,7)([60]0,33,6)([61]60,16,6)([62]12,51,4)([63]32,59,2)([64]49,56,5)([65]55,54,1)([66]29,55,6)([67]44,59,7)([68]3,52,6)([69]19,62,3)([70]47,60,5)([71]38,4,3)([72]26,64,7)([73]0,40,4)([74]63,22,4)([75]62,54,2)([76]40,14,1)([77]29,66,3)([78]2,22,1)([79]20,61,7)([80]63,72,6)([81]9,57,1)([82]2,76,5)([83]33,28,4)([84]46,23,7)([85]35,66,3)([86]80,75,3)(86)
evaluations: 24495897
first invidual area: 141.96
{7,1,80,1,2,1,8}([7]1,2,6)([8]7,1,3)([9]6,2,7)([10]8,7,3)([11]1,0,7)([12]9,5,5)([13]9,5,3)([14]13,13,0)([15]3,4,4)([16]1,6,7)([17]13,8,4)([18]2,13,5)([19]4,3,3)([20]17,4,3)([21]7,14,7)([22]18,4,5)([23]12,7,4)([24]3,23,5)([25]20,12,1)([26]0,25,3)([27]11,8,2)([28]24,14,5)([29]19,11,7)([30]23,16,4)([31]2,29,5)([32]31,30,5)([33]10,22,3)([34]20,29,3)([35]28,11,6)([36]24,1,5)([37]11,6,7)([38]16,34,4)([39]13,9,3)([40]34,30,5)([41]30,3,6)([42]28,27,3)([43]15,14,4)([44]43,38,4)([45]17,26,3)([46]12,25,6)([47]10,35,2)([48]19,38,2)([49]22,37,5)([50]17,0,4)([51]11,31,5)([52]48,23,3)([53]33,43,0)([54]42,4,7)([55]16,3,6)([56]23,45,7)([57]10,12,6)([58]31,44,4)([59]41,22,2)([60]28,54,7)([61]11,24,7)([62]12,51,4)([63]32,44,2)([64]56,49,5)([65]19,18,7)([66]43,3,3)([67]24,21,4)([68]8,33,6)([69]12,57,2)([70]18,15,2)([71]22,67,3)([72]36,64,4)([73]4,71,1)([74]2,43,6)([75]62,54,2)([76]5,30,5)([77]16,28,2)([78]72,63,6)([79]78,75,3)([80]9,36,4)([81]78,46,0)([82]32,4,7)([83]60,75,3)([84]33,48,1)([85]62,30,0)([86]53,78,1)(79)
optimized area: 129.77
time: 1121329 ms
seed: 1635098751
NOT FOUND
time: 996242 ms
seed: 1635126581
{7,1,80,1,2,1,8}([7]0,2,0)([8]0,1,7)([9]2,0,5)([10]1,6,7)([11]6,4,4)([12]2,5,4)([13]5,1,6)([14]7,13,3)([15]3,12,7)([16]6,5,3)([17]9,14,6)([18]4,3,1)([19]3,10,4)([20]2,10,2)([21]11,6,7)([22]4,2,5)([23]20,1,7)([24]20,0,6)([25]24,11,5)([26]25,22,7)([27]9,10,3)([28]23,15,6)([29]9,12,5)([30]19,16,3)([31]30,7,1)([32]9,14,5)([33]26,8,2)([34]28,26,7)([35]1,30,0)([36]27,24,2)([37]16,6,2)([38]21,5,6)([39]25,29,3)([40]6,7,0)([41]32,39,1)([42]11,7,3)([43]14,20,5)([44]1,29,7)([45]34,24,4)([46]13,18,6)([47]43,19,5)([48]37,12,7)([49]38,48,6)([50]39,15,2)([51]27,46,4)([52]19,51,2)([53]50,25,3)([54]50,31,6)([55]42,52,7)([56]43,45,3)([57]28,33,4)([58]57,41,3)([59]54,55,5)([60]35,13,3)([61]50,23,5)([62]61,18,3)([63]35,3,6)([64]52,14,1)([65]19,61,7)([66]53,23,2)([67]15,19,7)([68]58,59,2)([69]47,46,5)([70]69,1,6)([71]0,25,5)([72]69,38,7)([73]49,68,4)([74]0,62,5)([75]11,54,0)([76]13,66,3)([77]71,43,3)([78]46,15,6)([79]65,28,0)([80]70,73,4)([81]44,4,7)([82]59,10,1)([83]67,81,7)([84]82,2,3)([85]26,18,1)([86]56,26,2)(80)
evaluations: 8042220
first invidual area: 140.52
{7,1,80,1,2,1,8}([7]4,4,1)([8]7,5,3)([9]0,2,5)([10]6,1,7)([11]7,6,7)([12]5,2,4)([13]1,5,6)([14]5,6,3)([15]12,3,7)([16]2,2,0)([17]13,11,0)([18]7,8,3)([19]10,3,4)([20]4,11,6)([21]4,2,5)([22]11,9,5)([23]6,1,1)([24]3,4,6)([25]21,22,2)([26]2,10,5)([27]26,2,2)([28]22,11,5)([29]1,9,4)([30]1,26,4)([31]19,28,5)([32]13,1,0)([33]25,29,5)([34]7,7,2)([35]15,30,3)([36]25,18,4)([37]6,12,4)([38]15,20,4)([39]0,13,3)([40]3,13,5)([41]14,19,6)([42]40,15,2)([43]35,33,4)([44]0,11,6)([45]33,24,7)([46]32,34,6)([47]40,14,3)([48]9,46,5)([49]39,9,2)([50]4,14,3)([51]17,18,2)([52]19,48,5)([53]5,7,5)([54]42,41,6)([55]44,52,7)([56]20,5,1)([57]50,9,4)([58]51,20,3)([59]54,55,5)([60]43,49,3)([61]26,7,0)([62]6,55,7)([63]61,31,4)([64]47,57,1)([65]57,47,2)([66]8,37,5)([67]64,46,5)([68]59,60,5)([69]31,46,5)([70]69,1,6)([71]45,31,7)([72]25,5,0)([73]34,46,3)([74]35,50,4)([75]70,68,7)([76]46,15,2)([77]21,61,6)([78]18,18,7)([79]56,61,3)([80]66,75,7)([81]25,41,5)([82]11,2,1)([83]59,27,1)([84]18,62,2)([85]9,63,6)([86]11,21,7)(80)
optimized area: 116.62
time: 646735 ms
seed: 1635175536
NOT FOUND
time: 562244 ms
seed: 1635297028
{7,1,80,1,2,1,8}([7]2,4,7)([8]3,1,7)([9]2,6,7)([10]8,5,4)([11]8,4,7)([12]9,2,5)([13]5,7,2)([14]3,10,3)([15]11,9,5)([16]10,15,2)([17]11,15,7)([18]0,9,7)([19]15,14,5)([20]19,12,4)([21]15,14,5)([22]1,18,6)([23]22,1,4)([24]8,6,4)([25]22,7,5)([26]3,18,4)([27]2,10,6)([28]7,20,3)([29]15,5,5)([30]13,21,6)([31]29,23,6)([32]5,17,7)([33]0,17,4)([34]31,0,2)([35]26,1,1)([36]25,12,7)([37]6,34,3)([38]13,1,4)([39]15,15,3)([40]28,37,2)([41]18,27,6)([42]40,14,6)([43]41,30,7)([44]33,36,3)([45]26,39,5)([46]32,40,7)([47]27,40,4)([48]10,2,2)([49]48,36,7)([50]9,11,2)([51]38,25,4)([52]49,16,4)([53]36,30,6)([54]3,9,6)([55]26,2,5)([56]23,50,1)([57]2,56,4)([58]13,21,6)([59]26,29,7)([60]16,53,4)([61]31,49,1)([62]41,59,6)([63]25,48,5)([64]13,26,6)([65]34,49,2)([66]60,50,2)([67]43,57,6)([68]4,6,2)([69]57,31,5)([70]3,44,4)([71]4,7,4)([72]55,51,6)([73]33,50,7)([74]62,45,1)([75]67,46,3)([76]37,50,7)([77]72,75,3)([78]12,21,3)([79]7,76,5)([80]33,70,3)([81]61,1,1)([82]60,33,3)([83]48,82,3)([84]77,83,4)([85]60,18,1)([86]46,53,5)(84)
evaluations: 41642051
first invidual area: 155.09
{7,1,80,1,2,1,8}([7]4,2,7)([8]1,3,7)([9]2,6,7)([10]5,8,4)([11]4,8,7)([12]6,9,5)([13]7,5,2)([14]10,3,3)([15]11,9,5)([16]10,15,5)([17]15,11,2)([18]0,9,7)([19]15,14,5)([20]4,19,4)([21]17,11,3)([22]18,1,6)([23]1,22,3)([24]10,13,1)([25]7,22,5)([26]7,3,0)([27]23,21,5)([28]20,26,3)([29]15,5,5)([30]13,19,6)([31]29,23,6)([32]5,17,7)([33]0,17,4)([34]31,0,2)([35]22,16,6)([36]12,25,7)([37]6,34,3)([38]1,13,4)([39]35,0,4)([40]28,37,5)([41]18,24,3)([42]25,28,2)([43]41,30,4)([44]32,25,7)([45]2,37,1)([46]32,40,4)([47]7,43,1)([48]10,2,2)([49]9,37,7)([50]5,5,4)([51]38,25,4)([52]10,50,1)([53]36,30,3)([54]3,18,4)([55]54,2,5)([56]8,24,6)([57]2,23,7)([58]48,39,4)([59]49,37,7)([60]16,53,4)([61]4,4,0)([62]49,36,7)([63]15,13,3)([64]10,20,0)([65]62,37,5)([66]42,3,0)([67]43,57,6)([68]15,47,5)([69]31,36,6)([70]63,26,1)([71]30,57,0)([72]55,51,6)([73]34,44,7)([74]13,42,3)([75]67,46,3)([76]70,18,6)([77]72,75,3)([78]32,48,3)([79]9,77,3)([80]16,51,5)([81]22,51,3)([82]60,33,3)([83]48,82,6)([84]77,83,7)([85]19,62,2)([86]49,36,6)(84)
optimized area: 145.24
time: 1037371 ms
seed: 1635454651
NOT FOUND
time: 1002686 ms
seed: 1635561833
NOT FOUND
time: 1013487 ms
seed: 1635607081
{7,1,80,1,2,1,8}([7]2,6,5)([8]2,0,3)([9]1,3,4)([10]1,3,6)([11]1,2,3)([12]5,0,2)([13]12,6,6)([14]2,4,7)([15]8,9,4)([16]8,5,2)([17]10,11,6)([18]14,6,4)([19]10,18,1)([20]6,11,0)([21]5,2,3)([22]10,0,4)([23]15,5,2)([24]3,23,5)([25]18,24,4)([26]0,7,7)([27]15,14,2)([28]16,26,5)([29]18,26,0)([30]28,19,7)([31]20,15,2)([32]4,12,4)([33]26,23,6)([34]0,25,4)([35]11,27,4)([36]34,30,4)([37]22,2,7)([38]12,21,2)([39]20,30,2)([40]3,33,4)([41]5,11,3)([42]29,35,3)([43]41,6,7)([44]16,43,7)([45]9,25,4)([46]1,11,0)([47]37,45,1)([48]4,13,7)([49]35,36,2)([50]35,17,6)([51]48,50,7)([52]49,40,6)([53]42,41,2)([54]40,37,2)([55]40,31,6)([56]13,52,3)([57]54,45,6)([58]56,51,2)([59]44,53,2)([60]58,59,3)([61]12,42,3)([62]55,41,5)([63]26,18,2)([64]33,48,0)([65]45,49,6)([66]40,29,3)([67]26,22,1)([68]54,45,5)([69]4,3,3)([70]55,34,7)([71]65,60,4)([72]31,47,4)([73]40,6,4)([74]68,71,2)([75]28,48,5)([76]9,42,3)([77]52,54,5)([78]74,0,7)([79]37,23,7)([80]52,79,0)([81]1,48,0)([82]52,63,6)([83]49,80,7)([84]8,1,2)([85]80,48,1)([86]36,60,6)(74)
evaluations: 28289504
first invidual area: 151.81
{7,1,80,1,2,1,8}([7]2,6,5)([8]2,0,3)([9]3,1,4)([10]3,9,6)([11]5,9,6)([12]0,5,2)([13]6,12,6)([14]2,4,7)([15]9,8,4)([16]5,8,5)([17]16,6,4)([18]6,14,4)([19]7,17,0)([20]0,3,7)([21]3,9,0)([22]5,1,5)([23]15,5,2)([24]21,23,5)([25]18,24,4)([26]0,7,7)([27]15,17,5)([28]26,5,5)([29]1,2,3)([30]10,0,4)([31]1,17,2)([32]14,15,5)([33]26,23,6)([34]30,28,4)([35]29,32,7)([36]30,2,7)([37]36,13,5)([38]25,34,4)([39]16,34,1)([40]3,33,4)([41]5,29,3)([42]18,35,3)([43]41,10,6)([44]40,36,0)([45]25,9,4)([46]5,29,7)([47]28,36,7)([48]4,13,7)([49]35,38,2)([50]35,43,3)([51]48,50,4)([52]45,36,2)([53]42,41,2)([54]51,28,7)([55]49,40,6)([56]13,55,3)([57]17,31,3)([58]56,51,2)([59]53,17,2)([60]58,59,3)([61]44,46,4)([62]60,4,0)([63]51,30,1)([64]37,48,0)([65]45,49,6)([66]58,23,1)([67]8,37,7)([68]52,40,5)([69]39,33,5)([70]52,25,0)([71]65,62,4)([72]4,65,3)([73]23,9,5)([74]68,71,2)([75]44,41,4)([76]72,41,1)([77]71,18,1)([78]31,66,4)([79]64,4,2)([80]1,56,3)([81]29,1,5)([82]12,66,1)([83]51,6,2)([84]33,60,3)([85]66,34,6)([86]63,0,1)(74)
optimized area: 140.09
time: 1187422 ms
seed: 1635654750
{7,1,80,1,2,1,8}([7]3,0,7)([8]7,6,6)([9]1,0,5)([10]6,1,5)([11]10,1,7)([12]5,6,7)([13]6,2,4)([14]9,12,3)([15]2,3,5)([16]5,14,4)([17]4,8,4)([18]10,17,5)([19]13,6,0)([20]0,19,5)([21]4,9,5)([22]20,17,2)([23]16,18,6)([24]16,15,4)([25]21,1,4)([26]15,18,6)([27]25,5,1)([28]3,14,6)([29]22,0,1)([30]29,26,3)([31]3,29,0)([32]30,11,7)([33]20,12,2)([34]23,16,4)([35]12,31,6)([36]5,3,5)([37]23,19,7)([38]7,15,4)([39]30,22,6)([40]30,26,1)([41]27,17,7)([42]28,36,7)([43]41,0,6)([44]38,37,2)([45]13,29,4)([46]19,10,3)([47]45,35,2)([48]44,34,4)([49]35,11,4)([50]25,35,7)([51]12,48,4)([52]7,42,6)([53]44,9,0)([54]30,48,2)([55]47,51,4)([56]6,55,5)([57]31,33,1)([58]10,53,3)([59]56,52,7)([60]5,45,2)([61]25,50,1)([62]54,50,5)([63]37,33,7)([64]38,7,1)([65]27,25,1)([66]62,11,3)([67]16,33,3)([68]29,21,4)([69]23,61,4)([70]62,63,4)([71]41,59,6)([72]71,70,3)([73]49,0,0)([74]24,13,7)([75]73,32,1)([76]69,9,5)([77]56,53,5)([78]5,4,6)([79]48,49,7)([80]25,9,5)([81]59,19,2)([82]19,62,7)([83]11,70,5)([84]46,23,0)([85]74,83,3)([86]85,72,5)(86)
evaluations: 19008572
first invidual area: 163.99
{7,1,80,1,2,1,8}([7]0,3,7)([8]6,7,6)([9]0,1,5)([10]6,1,5)([11]1,10,2)([12]5,6,7)([13]2,6,4)([14]12,9,6)([15]2,3,5)([16]14,5,7)([17]4,8,4)([18]17,10,5)([19]10,6,0)([20]0,13,5)([21]4,9,5)([22]14,11,6)([23]16,18,6)([24]23,18,4)([25]12,1,6)([26]15,18,6)([27]14,13,2)([28]17,23,7)([29]17,20,5)([30]26,29,3)([31]13,15,5)([32]7,15,4)([33]30,19,5)([34]23,16,6)([35]12,3,3)([36]9,5,5)([37]23,13,7)([38]11,10,0)([39]21,1,7)([40]12,18,6)([41]39,17,7)([42]35,36,4)([43]32,37,5)([44]15,34,0)([45]39,35,7)([46]24,4,4)([47]45,17,2)([48]41,6,7)([49]43,34,4)([50]27,27,0)([51]38,44,0)([52]42,7,6)([53]36,31,7)([54]30,45,2)([55]50,47,6)([56]6,55,5)([57]43,13,2)([58]15,29,4)([59]56,52,7)([60]0,37,3)([61]27,56,4)([62]54,49,5)([63]15,9,7)([64]13,44,4)([65]54,6,6)([66]47,16,6)([67]12,20,5)([68]18,10,3)([69]67,37,7)([70]62,69,7)([71]41,59,6)([72]71,70,3)([73]34,31,0)([74]2,69,0)([75]16,69,2)([76]29,23,5)([77]29,28,4)([78]9,57,7)([79]25,28,4)([80]20,5,1)([81]68,0,2)([82]31,39,2)([83]51,70,5)([84]0,23,0)([85]83,53,3)([86]85,72,5)(86)
optimized area: 140.53
time: 1402448 ms
seed: 1635702605
{7,1,80,1,2,1,8}([7]4,3,3)([8]6,4,4)([9]3,8,6)([10]7,2,7)([11]1,10,3)([12]6,2,4)([13]0,12,6)([14]5,1,7)([15]1,6,4)([16]6,7,7)([17]14,16,7)([18]11,0,4)([19]18,17,3)([20]7,15,5)([21]0,20,7)([22]2,1,2)([23]22,16,4)([24]0,23,2)([25]12,14,3)([26]3,23,7)([27]23,8,2)([28]10,11,5)([29]27,17,4)([30]5,26,7)([31]14,11,3)([32]2,9,5)([33]13,24,4)([34]24,7,4)([35]19,30,5)([36]33,8,3)([37]29,21,2)([38]34,13,3)([39]17,2,5)([40]31,2,4)([41]13,40,3)([42]36,22,0)([43]36,12,4)([44]27,15,7)([45]3,38,6)([46]27,9,7)([47]13,13,0)([48]35,36,2)([49]37,5,7)([50]5,43,3)([51]50,39,0)([52]42,14,4)([53]25,45,6)([54]44,4,0)([55]42,7,1)([56]54,41,2)([57]18,32,4)([58]43,57,0)([59]56,49,5)([60]31,50,5)([61]48,59,5)([62]60,21,3)([63]34,34,6)([64]34,2,1)([65]18,21,5)([66]45,57,4)([67]46,25,5)([68]61,62,5)([69]49,46,5)([70]29,21,3)([71]53,13,7)([72]0,9,1)([73]29,3,0)([74]62,32,1)([75]68,71,4)([76]40,27,6)([77]17,22,3)([78]71,76,3)([79]53,48,6)([80]66,9,7)([81]4,34,3)([82]46,22,6)([83]66,59,7)([84]29,35,6)([85]64,4,3)([86]70,8,0)(75)
evaluations: 21141530
first invidual area: 154.17
{7,1,80,1,2,1,8}([7]4,3,3)([8]6,4,4)([9]2,7,7)([10]0,2,0)([11]1,9,3)([12]2,6,4)([13]12,0,6)([14]5,1,7)([15]1,6,4)([16]6,7,7)([17]14,16,7)([18]0,11,4)([19]17,18,3)([20]15,7,5)([21]16,8,5)([22]1,2,5)([23]22,16,7)([24]10,23,2)([25]14,12,3)([26]5,23,4)([27]24,13,3)([28]17,0,2)([29]20,0,7)([30]3,26,4)([31]14,11,3)([32]21,15,4)([33]24,29,3)([34]28,1,5)([35]13,24,0)([36]8,27,3)([37]2,22,5)([38]33,17,3)([39]11,6,5)([40]35,5,1)([41]0,38,6)([42]37,13,3)([43]36,12,4)([44]16,25,4)([45]42,3,6)([46]11,8,5)([47]30,19,5)([48]36,47,2)([49]34,5,4)([50]5,43,3)([51]50,31,5)([52]17,24,3)([53]25,45,3)([54]23,44,6)([55]53,13,7)([56]42,32,2)([57]29,51,3)([58]21,50,7)([59]56,49,5)([60]34,40,6)([61]59,48,5)([62]56,8,3)([63]48,12,2)([64]13,7,2)([65]35,11,6)([66]35,1,1)([67]34,50,1)([68]57,61,5)([69]17,35,6)([70]53,35,2)([71]53,56,7)([72]6,60,2)([73]14,46,6)([74]3,5,5)([75]68,55,7)([76]69,29,6)([77]24,46,0)([78]60,77,7)([79]47,38,2)([80]1,19,3)([81]61,20,1)([82]34,80,5)([83]80,56,6)([84]42,13,7)([85]75,38,1)([86]14,60,7)(75)
optimized area: 138.21
time: 1213023 ms
seed: 1635749822
NOT FOUND
time: 1069398 ms
seed: 1635796822
NOT FOUND
time: 1078874 ms
seed: 1635839995
NOT FOUND
time: 1063295 ms
seed: 1635882070
NOT FOUND
time: 1055981 ms
