seed: 1633862639
{7,1,80,1,2,1,8}([7]4,5,7)([8]3,4,4)([9]5,3,7)([10]7,5,2)([11]3,0,6)([12]6,0,1)([13]6,1,4)([14]7,13,6)([15]4,2,5)([16]1,11,7)([17]12,7,7)([18]12,15,3)([19]4,2,5)([20]13,18,5)([21]0,17,5)([22]11,18,4)([23]19,2,7)([24]7,9,3)([25]21,18,2)([26]12,24,7)([27]19,15,6)([28]13,0,7)([29]16,21,7)([30]22,29,2)([31]8,14,4)([32]28,18,2)([33]17,27,3)([34]28,29,2)([35]4,11,1)([36]33,23,4)([37]26,14,6)([38]37,9,4)([39]9,10,3)([40]39,27,7)([41]26,4,6)([42]31,34,7)([43]40,42,6)([44]16,30,3)([45]37,8,5)([46]20,25,2)([47]0,41,7)([48]42,19,4)([49]23,30,4)([50]9,44,5)([51]20,41,3)([52]13,5,0)([53]45,51,4)([54]49,43,7)([55]33,40,0)([56]47,44,7)([57]4,46,0)([58]30,48,4)([59]54,57,2)([60]26,54,7)([61]36,28,6)([62]26,33,4)([63]3,31,5)([64]61,53,2)([65]36,23,7)([66]56,38,1)([67]29,37,7)([68]62,5,5)([69]54,64,4)([70]23,25,0)([71]62,68,1)([72]64,46,5)([73]1,68,4)([74]3,31,2)([75]65,50,3)([76]31,39,0)([77]69,75,2)([78]34,46,5)([79]23,30,7)([80]71,15,6)([81]79,32,7)([82]55,23,3)([83]77,80,1)([84]2,78,6)([85]32,49,4)([86]70,36,6)(77)
evaluations: 24873555
first invidual area: 150.88
{7,1,80,1,2,1,8}([7]4,5,7)([8]4,3,4)([9]5,3,7)([10]5,8,2)([11]0,3,6)([12]1,11,0)([13]1,6,4)([14]6,8,1)([15]4,2,5)([16]11,12,7)([17]7,14,7)([18]14,15,3)([19]7,13,3)([20]4,10,3)([21]9,10,3)([22]18,11,4)([23]15,2,2)([24]17,0,5)([25]21,15,4)([26]15,6,1)([27]7,17,0)([28]0,13,7)([29]16,24,7)([30]22,29,5)([31]8,19,4)([32]8,6,5)([33]17,26,6)([34]29,28,5)([35]23,19,0)([36]7,24,0)([37]28,3,1)([38]26,15,0)([39]23,33,7)([40]4,10,6)([41]21,13,6)([42]31,34,7)([43]25,42,6)([44]23,30,7)([45]38,27,7)([46]28,16,2)([47]40,10,0)([48]20,2,6)([49]43,16,3)([50]9,49,5)([51]0,48,6)([52]32,42,4)([53]32,51,7)([54]47,23,4)([55]49,15,1)([56]39,28,6)([57]3,21,1)([58]12,27,2)([59]44,43,4)([60]24,45,3)([61]56,53,5)([62]51,23,0)([63]35,19,3)([64]11,34,1)([65]24,51,4)([66]22,34,4)([67]2,21,4)([68]41,43,3)([69]59,61,4)([70]38,3,1)([71]46,12,6)([72]16,29,7)([73]41,2,6)([74]42,38,0)([75]33,50,3)([76]36,18,2)([77]75,69,2)([78]33,45,2)([79]35,16,1)([80]61,73,2)([81]35,34,3)([82]71,72,3)([83]47,11,3)([84]34,52,1)([85]78,78,6)([86]11,61,0)(77)
optimized area: 130.72
time: 604460 ms
seed: 1633949512
{7,1,80,1,2,1,8}([7]4,3,3)([8]7,0,4)([9]5,8,7)([10]2,7,4)([11]8,5,5)([12]6,3,7)([13]6,5,7)([14]2,1,3)([15]0,11,1)([16]5,0,6)([17]11,12,7)([18]13,4,2)([19]18,10,7)([20]5,19,2)([21]13,1,3)([22]3,18,3)([23]14,6,3)([24]21,17,2)([25]11,16,7)([26]23,22,2)([27]23,1,7)([28]8,24,2)([29]15,20,4)([30]20,3,2)([31]27,28,5)([32]14,16,5)([33]0,21,2)([34]13,2,4)([35]32,24,3)([36]34,33,0)([37]15,19,0)([38]31,16,0)([39]36,28,4)([40]29,26,3)([41]9,40,3)([42]4,40,4)([43]31,10,7)([44]31,42,2)([45]37,42,4)([46]20,36,6)([47]42,30,2)([48]46,13,3)([49]41,28,4)([50]28,11,0)([51]47,1,3)([52]43,30,7)([53]24,45,3)([54]51,40,7)([55]41,48,1)([56]28,9,1)([57]41,0,4)([58]54,36,7)([59]43,53,4)([60]49,58,2)([61]28,46,1)([62]50,61,2)([63]60,59,2)([64]56,0,2)([65]28,4,4)([66]7,52,0)([67]40,10,7)([68]66,35,3)([69]28,50,7)([70]52,21,5)([71]8,6,1)([72]28,24,2)([73]36,20,7)([74]0,28,7)([75]37,22,7)([76]30,68,3)([77]52,68,2)([78]19,45,7)([79]76,33,0)([80]77,63,4)([81]66,16,1)([82]40,26,0)([83]50,9,5)([84]13,57,0)([85]69,61,2)([86]48,8,4)(80)
evaluations: 41880126
first invidual area: 147.60
{7,1,80,1,2,1,8}([7]4,3,3)([8]7,0,4)([9]8,5,7)([10]2,7,4)([11]8,9,5)([12]9,2,4)([13]6,5,7)([14]2,1,3)([15]0,4,7)([16]3,6,4)([17]11,16,4)([18]4,13,2)([19]18,10,7)([20]5,19,2)([21]13,14,3)([22]3,18,3)([23]14,6,3)([24]21,17,2)([25]8,13,6)([26]22,23,2)([27]1,23,7)([28]8,24,2)([29]0,20,7)([30]3,20,2)([31]27,28,5)([32]21,25,5)([33]14,0,4)([34]13,2,7)([35]23,4,0)([36]22,3,4)([37]15,23,3)([38]15,14,7)([39]37,15,7)([40]29,26,3)([41]9,40,6)([42]24,33,5)([43]31,10,7)([44]4,30,2)([45]22,15,5)([46]20,43,3)([47]21,3,6)([48]26,0,2)([49]41,28,7)([50]15,40,4)([51]30,1,3)([52]23,37,4)([53]24,50,6)([54]51,34,4)([55]44,47,1)([56]51,49,3)([57]50,39,3)([58]54,40,7)([59]43,53,7)([60]49,58,2)([61]21,36,0)([62]3,14,6)([63]60,59,5)([64]22,38,5)([65]45,46,4)([66]60,64,5)([67]9,47,6)([68]59,32,3)([69]56,3,4)([70]44,25,7)([71]2,9,6)([72]70,54,2)([73]29,3,2)([74]25,73,2)([75]43,30,7)([76]43,30,3)([77]75,68,5)([78]9,16,6)([79]41,37,4)([80]77,63,4)([81]24,17,5)([82]12,5,5)([83]65,61,5)([84]32,43,4)([85]64,24,6)([86]19,57,2)(80)
optimized area: 140.58
time: 557212 ms
seed: 1633977224
NOT FOUND
time: 535234 ms
seed: 1634000122
NOT FOUND
time: 523395 ms
seed: 1634048974
NOT FOUND
time: 524258 ms
seed: 1634163225
{7,1,80,1,2,1,8}([7]4,5,5)([8]2,7,2)([9]1,3,4)([10]2,6,5)([11]0,8,4)([12]11,5,6)([13]7,1,3)([14]3,3,2)([15]4,12,7)([16]6,5,4)([17]4,2,5)([18]17,1,6)([19]17,15,4)([20]7,17,3)([21]19,8,6)([22]9,17,5)([23]11,15,5)([24]1,5,7)([25]22,0,5)([26]10,22,5)([27]24,9,6)([28]9,26,0)([29]3,7,2)([30]20,25,5)([31]20,25,3)([32]11,26,3)([33]24,32,2)([34]27,25,3)([35]21,14,4)([36]3,23,7)([37]21,12,5)([38]24,34,4)([39]26,24,2)([40]6,37,4)([41]9,39,1)([42]7,27,2)([43]19,20,2)([44]20,38,7)([45]29,28,2)([46]39,6,1)([47]20,16,6)([48]2,13,6)([49]38,16,4)([50]43,28,3)([51]37,42,7)([52]38,51,4)([53]43,6,7)([54]36,31,2)([55]32,44,1)([56]35,49,2)([57]14,8,1)([58]29,21,0)([59]44,54,7)([60]55,56,6)([61]57,3,0)([62]60,52,6)([63]29,40,7)([64]50,51,3)([65]63,18,3)([66]64,30,6)([67]55,36,5)([68]45,42,0)([69]66,3,1)([70]69,46,7)([71]30,30,5)([72]33,51,3)([73]17,12,4)([74]32,42,5)([75]65,59,2)([76]66,42,4)([77]25,70,4)([78]62,75,3)([79]71,52,5)([80]46,57,2)([81]57,32,3)([82]19,36,3)([83]28,81,7)([84]20,44,5)([85]36,12,1)([86]34,13,7)(78)
evaluations: 21250919
first invidual area: 133.52
{7,1,80,1,2,1,8}([7]5,4,5)([8]2,7,2)([9]3,1,4)([10]7,2,7)([11]0,8,4)([12]11,5,6)([13]6,8,0)([14]3,7,5)([15]4,12,7)([16]6,2,5)([17]2,4,5)([18]2,15,6)([19]3,10,1)([20]17,18,1)([21]8,18,6)([22]9,17,5)([23]22,16,5)([24]1,5,7)([25]22,0,5)([26]11,15,5)([27]9,24,6)([28]21,3,4)([29]25,27,3)([30]2,21,5)([31]23,11,6)([32]7,27,5)([33]22,31,2)([34]4,12,4)([35]3,26,7)([36]1,6,4)([37]21,12,5)([38]29,24,4)([39]23,30,3)([40]9,29,4)([41]37,13,7)([42]10,3,2)([43]28,23,2)([44]30,38,4)([45]17,1,6)([46]31,2,7)([47]36,28,2)([48]31,15,0)([49]25,45,6)([50]29,30,3)([51]38,37,4)([52]51,32,4)([53]10,23,2)([54]35,50,5)([55]1,46,6)([56]1,52,1)([57]4,25,7)([58]49,5,1)([59]1,30,7)([60]31,47,6)([61]33,43,6)([62]26,17,6)([63]14,41,7)([64]44,54,7)([65]45,63,3)([66]51,30,0)([67]62,12,0)([68]3,10,6)([69]64,65,2)([70]52,14,4)([71]45,10,5)([72]9,28,4)([73]35,68,2)([74]27,61,7)([75]66,29,7)([76]52,60,6)([77]55,47,4)([78]75,63,2)([79]41,77,5)([80]45,33,1)([81]27,47,4)([82]69,76,3)([83]82,14,6)([84]1,58,7)([85]61,58,6)([86]31,4,0)(82)
optimized area: 123.20
time: 643645 ms
seed: 1634210502
NOT FOUND
time: 535609 ms
seed: 1634307576
{7,1,80,1,2,1,8}([7]1,6,4)([8]4,0,4)([9]3,1,4)([10]4,7,7)([11]9,5,5)([12]8,11,7)([13]2,12,7)([14]5,2,4)([15]10,0,6)([16]7,11,2)([17]14,10,3)([18]6,10,4)([19]17,9,4)([20]15,3,2)([21]14,18,6)([22]16,3,5)([23]13,12,2)([24]20,5,6)([25]5,18,5)([26]10,10,6)([27]16,0,5)([28]25,10,1)([29]5,14,5)([30]9,0,6)([31]7,26,3)([32]10,14,2)([33]26,0,4)([34]22,15,1)([35]15,29,5)([36]11,3,0)([37]20,13,7)([38]13,26,1)([39]22,16,1)([40]22,10,0)([41]9,30,1)([42]35,38,2)([43]24,27,6)([44]41,21,6)([45]38,16,2)([46]25,14,5)([47]43,39,6)([48]47,11,2)([49]40,21,0)([50]23,47,0)([51]19,28,2)([52]36,34,4)([53]25,33,7)([54]30,17,1)([55]53,48,6)([56]47,37,2)([57]50,32,1)([58]20,51,0)([59]33,19,5)([60]23,44,5)([61]6,26,1)([62]30,42,3)([63]37,4,1)([64]62,39,3)([65]31,55,5)([66]61,30,5)([67]46,7,7)([68]46,9,5)([69]65,50,6)([70]0,26,1)([71]54,18,0)([72]26,44,1)([73]51,64,6)([74]45,22,6)([75]38,11,6)([76]71,55,4)([77]30,19,7)([78]1,53,4)([79]69,73,4)([80]56,19,2)([81]40,54,5)([82]80,79,6)([83]29,66,6)([84]68,54,2)([85]15,58,4)([86]37,24,1)(82)
evaluations: 19089883
first invidual area: 129.74
{7,1,80,1,2,1,8}([7]1,6,4)([8]2,4,4)([9]1,3,4)([10]7,4,7)([11]9,5,5)([12]11,8,4)([13]12,0,4)([14]5,2,4)([15]0,10,6)([16]11,3,2)([17]14,10,3)([18]7,4,3)([19]17,9,4)([20]15,11,3)([21]3,15,5)([22]16,7,5)([23]17,12,2)([24]6,10,4)([25]24,5,2)([26]13,25,1)([27]12,12,3)([28]13,2,2)([29]5,7,5)([30]13,21,4)([31]13,7,6)([32]9,6,1)([33]10,16,1)([34]5,16,2)([35]29,15,5)([36]25,0,7)([37]21,33,0)([38]14,32,4)([39]22,13,1)([40]9,0,3)([41]6,23,5)([42]41,20,5)([43]8,29,6)([44]24,12,7)([45]5,4,3)([46]20,31,7)([47]39,43,6)([48]22,11,2)([49]26,35,5)([50]27,6,5)([51]19,25,2)([52]17,47,5)([53]10,36,4)([54]53,50,2)([55]53,48,6)([56]47,30,2)([57]18,55,5)([58]9,10,7)([59]14,37,1)([60]34,31,7)([61]45,14,6)([62]40,49,5)([63]62,51,3)([64]59,33,5)([65]58,18,5)([66]8,12,2)([67]10,43,7)([68]67,12,7)([69]57,28,6)([70]28,10,6)([71]51,63,7)([72]43,23,4)([73]39,63,3)([74]73,52,0)([75]12,4,0)([76]42,32,3)([77]44,41,4)([78]23,66,4)([79]69,73,4)([80]19,56,5)([81]18,74,7)([82]80,79,2)([83]4,67,6)([84]69,0,6)([85]23,47,5)([86]49,83,3)(82)
optimized area: 120.38
time: 612906 ms
seed: 1634348082
NOT FOUND
time: 536355 ms
seed: 1634397045
NOT FOUND
time: 539782 ms
seed: 1634446009
NOT FOUND
time: 518249 ms
seed: 1634506288
{7,1,80,1,2,1,8}([7]4,6,1)([8]7,5,6)([9]6,0,3)([10]3,7,2)([11]7,6,3)([12]5,2,7)([13]9,6,6)([14]1,3,4)([15]12,11,7)([16]2,10,3)([17]12,8,2)([18]1,16,4)([19]14,2,4)([20]7,19,4)([21]4,18,6)([22]15,7,0)([23]0,8,5)([24]21,13,3)([25]23,2,0)([26]10,23,4)([27]26,14,7)([28]24,18,7)([29]3,8,4)([30]10,13,1)([31]5,16,7)([32]31,24,3)([33]27,6,4)([34]27,6,7)([35]34,32,3)([36]11,20,5)([37]7,21,3)([38]29,0,4)([39]16,4,7)([40]0,25,2)([41]6,35,7)([42]19,21,2)([43]0,35,2)([44]39,13,2)([45]10,31,4)([46]19,21,0)([47]25,14,5)([48]15,14,5)([49]1,43,7)([50]48,43,4)([51]30,17,1)([52]41,19,1)([53]41,21,4)([54]29,41,7)([55]30,33,1)([56]14,32,7)([57]53,26,1)([58]16,40,3)([59]33,38,5)([60]53,38,6)([61]3,25,5)([62]0,40,6)([63]22,56,7)([64]36,52,7)([65]54,44,7)([66]5,41,4)([67]52,8,3)([68]11,22,1)([69]39,8,6)([70]31,6,6)([71]58,66,3)([72]56,60,6)([73]68,58,3)([74]7,59,7)([75]33,23,6)([76]65,50,2)([77]52,48,2)([78]26,58,7)([79]29,64,6)([80]61,24,5)([81]68,20,4)([82]30,26,0)([83]4,41,3)([84]72,64,2)([85]76,84,3)([86]45,66,3)(85)
evaluations: 34211858
first invidual area: 141.99
{7,1,80,1,2,1,8}([7]4,5,1)([8]7,5,6)([9]6,0,6)([10]3,7,2)([11]7,6,3)([12]5,11,7)([13]2,7,7)([14]1,3,4)([15]8,0,2)([16]2,10,3)([17]12,1,7)([18]10,5,0)([19]16,4,7)([20]14,13,7)([21]4,17,6)([22]1,8,3)([23]18,15,6)([24]21,9,3)([25]18,6,4)([26]6,6,7)([27]25,9,1)([28]23,14,7)([29]3,8,4)([30]6,28,7)([31]5,16,7)([32]24,31,3)([33]11,20,5)([34]1,17,5)([35]32,30,3)([36]14,32,7)([37]0,35,5)([38]29,0,4)([39]23,5,0)([40]9,21,2)([41]6,35,7)([42]2,12,7)([43]3,36,4)([44]19,9,5)([45]24,22,1)([46]13,41,6)([47]15,38,6)([48]42,14,5)([49]43,47,5)([50]48,37,7)([51]17,18,2)([52]25,31,2)([53]23,40,0)([54]29,41,4)([55]31,48,3)([56]31,10,5)([57]30,33,5)([58]8,43,1)([59]26,39,6)([60]25,38,6)([61]32,8,6)([62]1,52,4)([63]44,54,7)([64]33,41,4)([65]18,22,6)([66]20,2,0)([67]30,46,0)([68]14,12,3)([69]28,39,0)([70]62,55,1)([71]36,16,2)([72]36,60,6)([73]41,44,1)([74]16,0,4)([75]39,3,0)([76]63,50,2)([77]36,59,1)([78]68,55,3)([79]52,10,7)([80]17,30,7)([81]47,55,1)([82]51,10,0)([83]63,1,4)([84]72,64,2)([85]76,84,3)([86]59,29,0)(85)
optimized area: 135.43
time: 573732 ms
seed: 1634605519
{7,1,80,1,2,1,8}([7]6,5,6)([8]7,3,4)([9]1,6,7)([10]5,1,3)([11]5,9,7)([12]2,1,1)([13]1,5,5)([14]8,2,4)([15]3,11,2)([16]9,10,4)([17]2,0,6)([18]2,13,4)([19]15,5,6)([20]3,8,3)([21]6,4,4)([22]16,21,4)([23]17,20,2)([24]21,1,1)([25]11,0,7)([26]19,18,6)([27]18,25,7)([28]2,2,1)([29]2,18,5)([30]8,23,4)([31]25,9,2)([32]16,8,5)([33]15,19,0)([34]30,26,6)([35]14,33,4)([36]27,22,3)([37]36,12,3)([38]36,17,4)([39]5,38,5)([40]4,31,6)([41]29,11,6)([42]30,10,4)([43]40,35,4)([44]37,43,2)([45]41,27,0)([46]21,44,2)([47]36,29,2)([48]46,19,3)([49]29,47,6)([50]27,9,7)([51]32,45,3)([52]47,32,3)([53]30,48,2)([54]52,39,4)([55]43,6,7)([56]49,12,2)([57]34,54,6)([58]31,6,7)([59]52,28,6)([60]7,16,1)([61]37,23,1)([62]8,25,4)([63]43,2,5)([64]50,56,4)([65]57,44,3)([66]42,33,1)([67]39,27,2)([68]38,28,7)([69]5,8,7)([70]38,60,0)([71]53,65,4)([72]68,4,6)([73]59,21,0)([74]45,17,3)([75]34,8,0)([76]60,24,3)([77]23,32,4)([78]45,46,6)([79]50,13,0)([80]6,28,1)([81]5,3,3)([82]38,52,0)([83]18,13,7)([84]60,3,4)([85]9,38,1)([86]46,27,7)(71)
evaluations: 29471161
first invidual area: 133.06
{7,1,80,1,2,1,8}([7]5,6,3)([8]7,3,7)([9]1,6,7)([10]2,4,5)([11]5,9,7)([12]5,1,6)([13]2,10,1)([14]8,8,3)([15]3,11,2)([16]12,9,7)([17]2,0,6)([18]3,14,3)([19]15,5,6)([20]0,16,0)([21]6,4,4)([22]16,21,4)([23]1,5,5)([24]13,23,7)([25]11,0,7)([26]16,8,5)([27]24,25,7)([28]18,17,5)([29]3,21,5)([30]8,28,7)([31]25,9,2)([32]10,16,1)([33]2,14,4)([34]16,10,7)([35]33,15,4)([36]22,27,3)([37]36,13,3)([38]17,36,4)([39]19,24,6)([40]31,4,3)([41]18,23,6)([42]37,16,7)([43]40,35,7)([44]43,37,2)([45]37,29,2)([46]44,21,2)([47]5,38,5)([48]46,19,3)([49]47,21,2)([50]14,16,2)([51]38,46,0)([52]26,45,6)([53]48,30,5)([54]47,52,7)([55]15,48,3)([56]26,9,2)([57]56,24,2)([58]23,6,6)([59]37,13,3)([60]33,14,7)([61]30,39,6)([62]54,61,6)([63]13,32,4)([64]7,11,1)([65]62,44,3)([66]62,60,4)([67]44,54,7)([68]67,35,6)([69]47,18,6)([70]25,27,1)([71]54,59,1)([72]15,8,5)([73]39,65,6)([74]65,53,7)([75]55,44,4)([76]9,34,6)([77]3,0,0)([78]63,47,1)([79]4,54,0)([80]42,29,3)([81]66,19,1)([82]43,1,4)([83]44,2,3)([84]67,65,2)([85]28,54,2)([86]49,10,1)(74)
optimized area: 132.12
time: 608705 ms
seed: 1634861752
{7,1,80,1,2,1,8}([7]3,2,3)([8]5,4,2)([9]3,6,5)([10]6,8,4)([11]10,6,2)([12]1,6,2)([13]7,4,6)([14]0,13,7)([15]13,9,4)([16]3,1,7)([17]16,5,3)([18]12,17,2)([19]16,11,7)([20]17,0,4)([21]2,12,1)([22]8,16,5)([23]18,21,4)([24]22,17,5)([25]9,23,2)([26]20,25,3)([27]18,4,3)([28]24,3,7)([29]27,14,4)([30]3,2,7)([31]19,7,4)([32]25,27,4)([33]30,29,6)([34]15,28,4)([35]15,16,1)([36]30,13,7)([37]12,34,3)([38]0,24,7)([39]4,25,4)([40]37,26,0)([41]40,31,4)([42]10,5,6)([43]29,42,2)([44]14,3,1)([45]35,38,6)([46]1,17,2)([47]31,32,1)([48]41,33,6)([49]32,32,5)([50]5,28,7)([51]33,21,3)([52]16,6,5)([53]46,8,0)([54]33,41,7)([55]16,51,3)([56]51,31,6)([57]47,29,6)([58]51,15,2)([59]17,10,1)([60]32,20,2)([61]60,48,3)([62]56,43,7)([63]49,44,2)([64]54,23,4)([65]0,48,3)([66]3,54,2)([67]20,28,3)([68]61,62,2)([69]63,45,5)([70]50,54,2)([71]28,25,4)([72]40,28,5)([73]70,16,2)([74]55,69,6)([75]42,36,2)([76]68,73,3)([77]41,26,6)([78]29,23,3)([79]17,50,2)([80]58,26,2)([81]19,22,6)([82]52,25,6)([83]3,25,1)([84]48,49,4)([85]22,26,2)([86]76,74,3)(86)
evaluations: 26626019
first invidual area: 161.15
{7,1,80,1,2,1,8}([7]3,2,3)([8]4,5,2)([9]3,6,5)([10]8,3,1)([11]6,10,5)([12]6,1,2)([13]7,4,6)([14]13,0,7)([15]4,0,7)([16]3,1,7)([17]16,5,3)([18]17,12,2)([19]11,16,7)([20]2,18,7)([21]3,9,5)([22]16,8,5)([23]19,8,6)([24]17,22,5)([25]20,9,5)([26]17,0,4)([27]4,18,3)([28]13,24,7)([29]27,14,4)([30]3,2,7)([31]7,19,4)([32]25,27,7)([33]30,29,6)([34]21,28,4)([35]1,26,5)([36]28,0,5)([37]34,12,3)([38]34,5,3)([39]36,32,3)([40]16,39,3)([41]37,31,7)([42]6,5,6)([43]42,29,5)([44]34,11,4)([45]41,33,6)([46]2,22,1)([47]43,7,0)([48]13,41,3)([49]32,10,7)([50]45,40,0)([51]19,46,3)([52]38,40,7)([53]36,46,4)([54]48,12,5)([55]41,33,7)([56]33,51,3)([57]15,17,5)([58]43,56,7)([59]18,3,2)([60]32,26,2)([61]60,50,3)([62]10,19,3)([63]34,26,1)([64]57,40,5)([65]20,63,4)([66]12,0,3)([67]26,64,7)([68]61,58,2)([69]60,52,6)([70]38,16,2)([71]31,61,2)([72]39,56,6)([73]70,55,2)([74]20,8,3)([75]57,28,3)([76]68,73,3)([77]7,60,1)([78]29,39,1)([79]29,54,4)([80]23,28,5)([81]53,47,6)([82]78,47,1)([83]67,41,2)([84]26,52,7)([85]19,73,1)([86]76,72,3)(86)
optimized area: 137.24
time: 1186843 ms
seed: 1635116361
{7,1,80,1,2,1,8}([7]5,6,6)([8]2,5,4)([9]3,7,2)([10]9,4,2)([11]1,6,5)([12]1,10,4)([13]12,6,4)([14]9,3,4)([15]5,6,2)([16]3,4,6)([17]2,3,7)([18]10,15,1)([19]11,5,5)([20]12,17,6)([21]4,13,7)([22]8,13,4)([23]22,20,6)([24]22,0,7)([25]19,17,2)([26]6,1,3)([27]0,10,3)([28]24,10,2)([29]12,8,6)([30]21,27,5)([31]15,25,1)([32]28,18,7)([33]26,4,7)([34]8,14,3)([35]34,21,3)([36]12,22,5)([37]19,16,2)([38]20,4,2)([39]35,37,4)([40]10,10,6)([41]39,34,2)([42]17,15,3)([43]36,16,7)([44]19,2,2)([45]26,39,4)([46]45,20,6)([47]42,39,7)([48]43,47,2)([49]25,17,3)([50]26,25,4)([51]45,24,2)([52]27,47,3)([53]50,4,3)([54]20,29,0)([55]53,13,6)([56]23,44,3)([57]44,38,7)([58]44,4,5)([59]22,50,4)([60]39,44,2)([61]48,30,2)([62]61,55,6)([63]45,17,5)([64]3,1,4)([65]62,52,2)([66]65,57,7)([67]25,36,6)([68]25,34,2)([69]68,62,4)([70]8,53,7)([71]30,20,5)([72]8,26,1)([73]69,37,4)([74]8,62,6)([75]50,73,4)([76]72,30,6)([77]51,66,6)([78]46,55,7)([79]65,12,1)([80]74,21,5)([81]48,76,3)([82]79,1,1)([83]78,68,4)([84]65,14,3)([85]39,58,6)([86]4,51,7)(77)
evaluations: 27834191
first invidual area: 133.99
seed: 1635132355
NOT FOUND
time: 531734 ms
seed: 1635181548
{7,1,80,1,2,1,8}([7]5,5,3)([8]4,4,0)([9]5,6,7)([10]2,4,7)([11]7,0,6)([12]9,0,7)([13]12,3,5)([14]5,13,7)([15]2,5,5)([16]4,0,3)([17]0,15,7)([18]14,1,5)([19]1,11,4)([20]3,13,2)([21]4,18,2)([22]14,12,3)([23]6,18,4)([24]17,19,4)([25]14,20,5)([26]21,16,4)([27]24,11,3)([28]9,24,2)([29]26,10,4)([30]25,27,3)([31]14,19,6)([32]11,22,2)([33]8,1,7)([34]33,12,4)([35]5,23,5)([36]34,32,6)([37]35,26,2)([38]29,37,7)([39]36,29,6)([40]32,16,5)([41]29,9,4)([42]18,20,5)([43]31,38,6)([44]3,28,4)([45]44,43,3)([46]15,34,7)([47]31,42,7)([48]1,23,6)([49]46,47,2)([50]16,46,3)([51]47,30,7)([52]2,44,5)([53]23,43,7)([54]7,13,3)([55]28,13,1)([56]3,36,0)([57]49,45,4)([58]11,29,2)([59]39,51,4)([60]39,3,4)([61]60,45,6)([62]43,22,2)([63]15,43,7)([64]2,58,3)([65]5,54,4)([66]50,59,2)([67]2,48,7)([68]27,32,5)([69]39,65,6)([70]62,56,2)([71]66,37,1)([72]65,16,3)([73]71,35,7)([74]51,2,6)([75]60,48,1)([76]15,59,3)([77]57,71,2)([78]30,62,1)([79]6,55,6)([80]52,19,2)([81]16,47,2)([82]28,76,6)([83]37,71,5)([84]0,25,0)([85]18,40,4)([86]17,78,4)(77)
evaluations: 36099103
first invidual area: 146.19
{7,1,80,1,2,1,8}([7]5,5,3)([8]4,1,7)([9]7,6,7)([10]2,4,7)([11]0,5,6)([12]0,9,7)([13]12,3,5)([14]5,13,7)([15]5,2,5)([16]0,4,3)([17]15,0,7)([18]1,14,5)([19]1,11,4)([20]3,13,2)([21]4,18,5)([22]3,13,1)([23]14,20,5)([24]17,19,4)([25]23,21,0)([26]21,16,2)([27]9,1,7)([28]9,24,5)([29]26,10,4)([30]25,24,6)([31]14,19,6)([32]1,11,2)([33]17,1,5)([34]8,12,4)([35]14,27,5)([36]34,32,6)([37]35,26,5)([38]29,37,4)([39]36,29,6)([40]26,3,3)([41]34,31,5)([42]18,20,5)([43]31,38,6)([44]3,28,7)([45]44,43,3)([46]15,34,7)([47]31,42,7)([48]30,30,3)([49]33,3,0)([50]5,34,7)([51]47,30,7)([52]20,21,2)([53]39,2,5)([54]29,4,4)([55]49,29,0)([56]47,46,5)([57]56,45,7)([58]46,16,3)([59]23,12,5)([60]15,16,7)([61]23,49,5)([62]10,12,7)([63]54,45,6)([64]58,35,2)([65]39,51,7)([66]41,30,7)([67]2,11,2)([68]58,65,5)([69]33,17,0)([70]61,52,7)([71]4,66,0)([72]48,24,7)([73]68,57,2)([74]24,50,6)([75]43,13,6)([76]6,52,0)([77]58,19,0)([78]64,4,7)([79]73,56,0)([80]54,14,3)([81]75,22,1)([82]24,58,3)([83]9,78,5)([84]5,18,5)([85]68,70,2)([86]72,27,5)(73)
optimized area: 135.41
time: 600347 ms
seed: 1635314601
NOT FOUND
time: 1021944 ms
seed: 1635472300
NOT FOUND
time: 1015377 ms
seed: 1635612808
NOT FOUND
time: 1083950 ms
seed: 1635660387
{7,1,80,1,2,1,8}([7]3,6,2)([8]2,4,4)([9]1,3,4)([10]7,4,7)([11]5,9,2)([12]6,2,0)([13]5,2,2)([14]6,10,5)([15]0,7,3)([16]11,5,4)([17]2,15,4)([18]11,15,4)([19]17,14,5)([20]15,11,4)([21]4,18,4)([22]0,16,1)([23]2,16,6)([24]0,17,2)([25]23,1,7)([26]10,9,1)([27]11,16,3)([28]2,2,0)([29]25,28,0)([30]13,19,3)([31]6,22,1)([32]27,24,7)([33]31,24,6)([34]32,32,7)([35]29,8,7)([36]33,17,4)([37]25,6,3)([38]9,13,3)([39]36,8,5)([40]21,28,6)([41]39,29,6)([42]11,3,3)([43]40,30,7)([44]37,32,5)([45]30,15,3)([46]21,44,5)([47]13,43,6)([48]38,15,6)([49]9,24,6)([50]12,46,7)([51]40,23,5)([52]11,34,6)([53]40,24,7)([54]5,24,6)([55]35,38,5)([56]45,35,5)([57]47,41,3)([58]50,54,1)([59]39,42,3)([60]45,34,4)([61]52,29,0)([62]49,34,2)([63]37,57,5)([64]41,2,3)([65]6,17,5)([66]49,63,4)([67]9,32,4)([68]2,50,7)([69]64,42,5)([70]68,55,6)([71]34,61,3)([72]51,47,2)([73]30,25,7)([74]7,59,4)([75]40,5,2)([76]0,15,1)([77]61,63,0)([78]66,70,7)([79]9,39,2)([80]59,78,2)([81]55,62,6)([82]31,73,2)([83]64,7,1)([84]3,16,4)([85]7,6,3)([86]26,34,1)(80)
evaluations: 34464489
first invidual area: 136.33
{7,1,80,1,2,1,8}([7]6,3,2)([8]2,4,4)([9]3,1,4)([10]3,4,7)([11]9,5,2)([12]5,0,1)([13]5,2,2)([14]6,10,5)([15]0,7,3)([16]9,12,6)([17]2,15,4)([18]8,11,7)([19]14,17,5)([20]1,4,7)([21]17,18,7)([22]2,9,0)([23]16,2,6)([24]0,17,2)([25]23,1,7)([26]6,21,7)([27]13,9,3)([28]14,15,0)([29]6,22,1)([30]2,7,7)([31]21,8,0)([32]24,5,7)([33]29,24,6)([34]21,26,2)([35]16,1,7)([36]33,17,4)([37]25,6,3)([38]25,36,0)([39]36,8,5)([40]21,22,6)([41]39,25,6)([42]39,3,3)([43]19,40,7)([44]37,32,5)([45]12,7,1)([46]21,44,5)([47]10,0,1)([48]40,44,6)([49]5,26,4)([50]18,5,5)([51]9,24,6)([52]19,38,5)([53]43,13,6)([54]0,14,0)([55]20,27,5)([56]45,28,7)([57]53,41,3)([58]27,44,5)([59]42,18,3)([60]6,23,7)([61]51,53,6)([62]54,56,6)([63]37,57,5)([64]40,54,7)([65]63,32,2)([66]51,63,7)([67]25,20,0)([68]46,60,4)([69]43,20,2)([70]68,55,3)([71]36,67,0)([72]56,27,5)([73]34,30,4)([74]48,3,2)([75]72,55,0)([76]60,53,4)([77]14,7,3)([78]66,70,7)([79]49,76,1)([80]59,78,2)([81]10,75,3)([82]77,8,2)([83]25,33,2)([84]53,10,2)([85]11,73,5)([86]37,33,2)(80)
optimized area: 130.70
time: 1135284 ms
seed: 1635708269
NOT FOUND
time: 1063665 ms
seed: 1635755559
NOT FOUND
time: 1068583 ms
seed: 1635802509
NOT FOUND
time: 1073562 ms
seed: 1635845689
NOT FOUND
time: 1095569 ms
seed: 1635887716
NOT FOUND
time: 1087363 ms
seed: 1635923814
NOT FOUND
time: 1079987 ms
seed: 1635960127
{7,1,80,1,2,1,8}([7]6,4,7)([8]3,1,6)([9]5,0,5)([10]4,5,2)([11]1,7,4)([12]4,8,1)([13]1,0,0)([14]13,9,2)([15]14,7,7)([16]4,5,6)([17]11,0,1)([18]12,2,4)([19]17,15,3)([20]3,19,5)([21]8,10,7)([22]7,16,6)([23]14,6,2)([24]9,16,4)([25]0,17,0)([26]11,22,6)([27]15,16,4)([28]10,25,3)([29]26,20,0)([30]18,8,4)([31]27,6,6)([32]2,3,0)([33]28,29,4)([34]16,32,7)([35]23,23,2)([36]27,7,3)([37]34,20,5)([38]19,9,7)([39]20,6,6)([40]36,6,7)([41]32,33,6)([42]1,15,0)([43]21,31,3)([44]17,21,0)([45]40,3,2)([46]21,33,6)([47]37,43,2)([48]28,45,7)([49]2,28,5)([50]17,46,7)([51]32,19,1)([52]30,20,4)([53]38,21,6)([54]29,17,0)([55]11,47,0)([56]50,18,3)([57]17,48,6)([58]14,39,1)([59]48,15,7)([60]19,0,4)([61]4,34,7)([62]59,49,6)([63]9,35,4)([64]44,27,0)([65]62,57,3)([66]25,64,2)([67]30,35,5)([68]7,62,6)([69]54,67,4)([70]25,45,2)([71]39,0,5)([72]20,41,3)([73]54,45,6)([74]69,72,3)([75]7,55,3)([76]65,47,7)([77]26,19,1)([78]20,36,1)([79]76,56,5)([80]47,72,6)([81]15,25,0)([82]1,4,5)([83]74,49,7)([84]83,34,1)([85]50,21,3)([86]74,79,5)(86)
evaluations: 26509953
first invidual area: 137.72
{7,1,80,1,2,1,8}([7]6,4,7)([8]2,4,7)([9]5,0,5)([10]5,4,2)([11]1,7,4)([12]1,3,6)([13]1,9,5)([14]5,9,6)([15]7,13,4)([16]5,4,6)([17]11,4,1)([18]16,2,7)([19]15,17,3)([20]19,3,5)([21]11,13,4)([22]1,16,6)([23]4,5,0)([24]21,11,7)([25]10,12,7)([26]22,11,6)([27]15,16,3)([28]10,0,3)([29]11,4,5)([30]28,17,0)([31]9,9,1)([32]26,13,0)([33]28,32,4)([34]27,6,6)([35]19,13,0)([36]22,27,6)([37]18,20,5)([38]36,6,4)([39]37,25,2)([40]7,9,5)([41]2,33,6)([42]12,6,6)([43]25,34,3)([44]38,3,5)([45]4,8,5)([46]25,33,6)([47]43,37,5)([48]28,44,4)([49]28,39,5)([50]3,41,0)([51]46,11,4)([52]22,2,2)([53]52,28,0)([54]53,22,3)([55]45,32,0)([56]51,8,3)([57]17,48,6)([58]49,41,3)([59]48,15,7)([60]30,2,5)([61]14,31,2)([62]59,60,6)([63]41,7,0)([64]45,35,1)([65]62,57,6)([66]22,65,5)([67]63,11,1)([68]65,47,7)([69]45,32,5)([70]22,29,3)([71]65,34,4)([72]20,69,3)([73]40,52,1)([74]63,72,3)([75]64,30,6)([76]71,46,4)([77]2,27,0)([78]27,26,0)([79]68,56,5)([80]75,47,5)([81]44,39,5)([82]13,9,6)([83]48,18,7)([84]51,82,3)([85]42,17,5)([86]74,79,5)(86)
optimized area: 122.71
time: 1227642 ms
seed: 1635995902
NOT FOUND
time: 1077180 ms
seed: 1636030524
NOT FOUND
time: 1061760 ms
seed: 1636064562
NOT FOUND
time: 1077196 ms
seed: 1636097632
NOT FOUND
time: 1050595 ms
