seed: 1634021775
{7,1,80,1,2,1,8}([7]1,4,2)([8]1,6,3)([9]8,5,5)([10]1,9,7)([11]2,6,1)([12]1,9,5)([13]9,6,5)([14]12,6,4)([15]5,4,5)([16]15,5,5)([17]6,0,4)([18]15,0,4)([19]14,16,4)([20]8,15,0)([21]2,12,7)([22]4,8,2)([23]22,13,7)([24]21,20,4)([25]22,19,3)([26]5,7,2)([27]17,7,4)([28]2,26,4)([29]22,16,7)([30]24,25,2)([31]4,2,3)([32]18,17,5)([33]21,13,5)([34]30,23,3)([35]31,17,5)([36]33,10,7)([37]26,13,3)([38]35,3,7)([39]38,38,5)([40]12,39,7)([41]19,38,0)([42]30,30,2)([43]40,26,7)([44]28,1,1)([45]18,40,7)([46]36,26,0)([47]9,39,4)([48]45,3,7)([49]43,13,7)([50]41,14,3)([51]8,17,4)([52]5,50,6)([53]6,35,1)([54]40,12,0)([55]48,30,7)([56]13,48,4)([57]3,31,1)([58]47,56,5)([59]27,55,5)([60]1,56,2)([61]36,35,1)([62]24,34,0)([63]40,31,7)([64]20,38,1)([65]43,59,3)([66]36,12,6)([67]41,53,0)([68]45,34,6)([69]63,10,0)([70]21,18,4)([71]13,17,7)([72]33,22,6)([73]58,46,2)([74]34,2,1)([75]4,35,7)([76]55,20,0)([77]63,17,4)([78]47,32,5)([79]1,77,2)([80]13,47,6)([81]73,16,1)([82]65,81,4)([83]65,38,6)([84]82,68,6)([85]5,12,1)([86]51,60,4)(84)
evaluations: 31535303
first invidual area: 137.29
{7,1,80,1,2,1,8}([7]4,1,2)([8]1,6,3)([9]5,8,5)([10]4,8,5)([11]2,4,3)([12]9,1,5)([13]9,6,5)([14]6,5,4)([15]4,5,5)([16]15,12,5)([17]6,0,4)([18]15,0,7)([19]16,14,4)([20]3,12,0)([21]12,2,7)([22]21,8,4)([23]10,13,4)([24]0,15,4)([25]7,19,3)([26]11,17,5)([27]9,1,4)([28]9,0,1)([29]18,7,0)([30]22,25,2)([31]7,17,4)([32]21,13,5)([33]30,22,0)([34]33,23,3)([35]32,27,1)([36]18,34,5)([37]8,22,5)([38]26,20,4)([39]24,16,0)([40]12,38,7)([41]6,12,0)([42]16,27,5)([43]40,42,4)([44]28,20,4)([45]29,40,4)([46]8,3,4)([47]9,38,4)([48]45,3,7)([49]27,32,4)([50]31,37,0)([51]26,21,3)([52]12,47,7)([53]26,10,6)([54]27,33,5)([55]48,30,7)([56]13,48,4)([57]35,20,6)([58]47,56,5)([59]31,55,5)([60]47,11,3)([61]32,0,0)([62]24,19,2)([63]8,37,7)([64]19,23,0)([65]43,59,3)([66]5,54,6)([67]64,58,2)([68]45,34,6)([69]44,22,6)([70]47,48,7)([71]56,6,0)([72]48,37,6)([73]49,58,5)([74]26,1,6)([75]29,55,1)([76]29,12,7)([77]33,67,6)([78]72,2,6)([79]27,32,7)([80]9,9,6)([81]5,12,5)([82]65,73,4)([83]27,6,1)([84]82,68,6)([85]1,66,5)([86]50,47,3)(84)
optimized area: 132.61
time: 595008 ms
seed: 1634070585
{7,1,80,1,2,1,8}([7]4,5,2)([8]4,7,3)([9]3,0,7)([10]7,1,0)([11]5,1,3)([12]0,3,3)([13]6,8,2)([14]8,11,2)([15]10,6,5)([16]0,1,7)([17]12,14,7)([18]6,3,4)([19]2,9,5)([20]17,1,6)([21]10,11,7)([22]17,16,7)([23]4,9,7)([24]6,6,2)([25]20,5,4)([26]9,25,4)([27]14,0,6)([28]9,7,0)([29]26,4,3)([30]2,16,2)([31]29,21,2)([32]18,13,6)([33]23,5,7)([34]20,2,4)([35]10,17,3)([36]32,23,1)([37]0,34,4)([38]2,21,2)([39]21,16,0)([40]6,26,7)([41]26,2,5)([42]38,2,7)([43]5,32,3)([44]34,17,2)([45]15,24,4)([46]1,37,2)([47]43,30,2)([48]26,36,6)([49]40,22,3)([50]20,46,5)([51]41,28,1)([52]47,23,4)([53]32,21,7)([54]26,9,3)([55]19,45,7)([56]37,33,4)([57]34,52,5)([58]8,37,5)([59]18,16,0)([60]49,55,2)([61]21,8,5)([62]40,48,7)([63]60,48,3)([64]5,39,4)([65]58,24,2)([66]31,65,5)([67]57,63,5)([68]15,48,3)([69]15,33,4)([70]7,40,0)([71]57,64,1)([72]4,64,7)([73]18,58,0)([74]66,67,5)([75]48,38,3)([76]26,30,1)([77]54,64,4)([78]64,17,6)([79]21,45,3)([80]44,12,3)([81]20,78,1)([82]7,79,1)([83]32,6,2)([84]79,78,7)([85]39,75,4)([86]58,74,0)(74)
evaluations: 34540507
first invidual area: 126.96
{7,1,80,1,2,1,8}([7]5,4,5)([8]3,0,3)([9]0,3,7)([10]4,7,0)([11]1,5,3)([12]6,3,4)([13]9,10,6)([14]10,11,5)([15]9,4,5)([16]0,1,7)([17]8,14,4)([18]5,9,4)([19]7,11,5)([20]1,17,6)([21]10,7,0)([22]16,17,7)([23]7,1,2)([24]6,19,2)([25]12,22,6)([26]20,18,4)([27]23,25,3)([28]19,15,2)([29]4,12,3)([30]22,7,0)([31]16,7,2)([32]2,16,5)([33]25,0,7)([34]2,20,4)([35]26,26,7)([36]30,30,4)([37]0,34,4)([38]36,30,1)([39]29,3,1)([40]19,6,1)([41]16,9,6)([42]6,26,7)([43]30,18,4)([44]9,2,5)([45]7,6,5)([46]12,30,5)([47]15,32,5)([48]26,29,6)([49]42,22,3)([50]14,24,7)([51]23,45,3)([52]47,13,4)([53]38,2,0)([54]13,7,2)([55]44,45,7)([56]18,39,6)([57]34,52,5)([58]37,4,5)([59]30,44,1)([60]49,55,2)([61]13,50,5)([62]11,2,6)([63]48,60,3)([64]59,25,1)([65]5,38,3)([66]24,58,5)([67]63,57,5)([68]35,37,5)([69]7,22,6)([70]53,6,3)([71]3,56,0)([72]70,61,6)([73]11,41,5)([74]66,67,5)([75]11,60,6)([76]35,35,1)([77]76,46,7)([78]29,53,1)([79]65,74,3)([80]8,8,7)([81]74,77,4)([82]80,5,3)([83]69,78,5)([84]44,29,1)([85]56,23,2)([86]49,17,0)(74)
optimized area: 103.99
time: 558341 ms
seed: 1634232173
NOT FOUND
time: 519221 ms
seed: 1634369665
NOT FOUND
time: 521605 ms
seed: 1634418713
{7,1,80,1,2,1,8}([7]6,4,4)([8]7,1,7)([9]5,2,4)([10]1,9,6)([11]1,9,2)([12]5,7,2)([13]12,0,6)([14]9,13,7)([15]3,8,5)([16]4,3,3)([17]8,0,5)([18]16,2,2)([19]3,14,3)([20]14,18,5)([21]6,19,4)([22]20,10,5)([23]21,22,4)([24]12,8,2)([25]0,15,6)([26]16,5,5)([27]23,1,0)([28]1,19,4)([29]3,26,7)([30]28,1,4)([31]11,5,7)([32]0,24,4)([33]31,28,2)([34]13,10,6)([35]1,29,7)([36]5,31,7)([37]25,18,6)([38]33,11,4)([39]16,23,0)([40]4,15,7)([41]19,6,6)([42]39,40,2)([43]5,17,3)([44]29,21,5)([45]7,34,4)([46]29,35,0)([47]6,43,5)([48]42,38,5)([49]25,37,3)([50]21,27,7)([51]41,16,3)([52]13,11,6)([53]45,49,5)([54]12,21,7)([55]48,27,5)([56]44,53,6)([57]50,32,2)([58]4,22,6)([59]45,45,6)([60]47,53,7)([61]24,55,3)([62]7,35,5)([63]53,31,7)([64]19,47,3)([65]36,15,4)([66]15,14,3)([67]64,2,4)([68]1,49,6)([69]32,11,4)([70]18,61,7)([71]67,37,5)([72]1,52,6)([73]49,64,1)([74]6,57,7)([75]22,23,7)([76]68,42,4)([77]7,12,7)([78]15,49,1)([79]71,61,7)([80]72,43,4)([81]59,80,6)([82]2,58,0)([83]44,4,7)([84]79,56,7)([85]74,82,7)([86]67,63,6)(84)
evaluations: 14463538
first invidual area: 133.04
{7,1,80,1,2,1,8}([7]6,4,4)([8]1,7,7)([9]5,2,4)([10]7,9,2)([11]1,9,2)([12]5,7,2)([13]12,0,6)([14]9,13,7)([15]3,8,5)([16]1,9,6)([17]4,3,3)([18]17,2,2)([19]14,3,3)([20]18,14,5)([21]6,19,4)([22]16,20,5)([23]22,21,4)([24]22,20,5)([25]15,0,6)([26]4,13,6)([27]9,20,5)([28]8,15,2)([29]8,15,1)([30]12,1,2)([31]1,19,7)([32]20,4,0)([33]5,31,6)([34]13,33,6)([35]7,34,4)([36]11,33,3)([37]25,18,6)([38]19,9,6)([39]33,21,4)([40]3,27,7)([41]6,21,5)([42]37,25,3)([43]8,7,2)([44]40,21,5)([45]33,4,5)([46]0,36,6)([47]26,9,7)([48]0,16,6)([49]4,15,7)([50]36,49,5)([51]31,47,7)([52]27,35,5)([53]48,3,1)([54]35,42,5)([55]54,44,3)([56]37,17,2)([57]32,43,2)([58]50,23,5)([59]30,31,4)([60]53,56,6)([61]21,31,4)([62]6,58,3)([63]1,46,1)([64]61,49,4)([65]15,40,6)([66]36,27,3)([67]41,2,4)([68]19,45,3)([69]33,24,0)([70]64,47,1)([71]67,37,5)([72]48,49,3)([73]39,17,0)([74]58,30,6)([75]61,65,0)([76]61,74,2)([77]17,9,5)([78]42,73,5)([79]71,55,7)([80]63,37,6)([81]48,19,5)([82]9,24,2)([83]26,66,3)([84]79,74,7)([85]4,55,3)([86]30,41,3)(84)
optimized area: 117.11
time: 646481 ms
seed: 1634626994
{7,1,80,1,2,1,8}([7]4,5,7)([8]1,3,1)([9]4,0,3)([10]5,4,5)([11]2,2,2)([12]0,3,7)([13]6,12,3)([14]10,13,7)([15]12,7,7)([16]2,5,6)([17]12,5,7)([18]1,16,7)([19]6,18,5)([20]15,18,3)([21]15,14,6)([22]9,1,5)([23]11,19,4)([24]3,20,5)([25]0,15,4)([26]24,16,4)([27]19,21,1)([28]5,23,0)([29]23,26,6)([30]18,3,5)([31]20,6,6)([32]30,15,6)([33]26,31,3)([34]2,15,6)([35]23,33,2)([36]26,14,6)([37]25,8,7)([38]14,9,7)([39]37,11,4)([40]6,15,4)([41]29,8,7)([42]33,21,4)([43]32,37,1)([44]30,43,7)([45]28,42,6)([46]20,19,3)([47]38,41,6)([48]47,9,7)([49]42,39,2)([50]21,23,6)([51]34,26,0)([52]27,1,5)([53]49,7,0)([54]2,9,3)([55]15,8,6)([56]10,22,7)([57]17,0,6)([58]42,16,3)([59]56,40,2)([60]28,57,4)([61]35,13,4)([62]25,37,4)([63]34,39,1)([64]27,36,4)([65]37,22,0)([66]59,18,7)([67]43,21,2)([68]8,14,6)([69]50,53,6)([70]48,66,2)([71]69,70,4)([72]58,27,7)([73]57,60,1)([74]26,22,7)([75]57,52,2)([76]49,20,3)([77]37,24,7)([78]4,39,5)([79]12,70,0)([80]10,20,5)([81]76,61,4)([82]50,70,7)([83]5,32,1)([84]12,51,3)([85]4,41,6)([86]40,85,4)(71)
evaluations: 17680384
first invidual area: 126.06
{7,1,80,1,2,1,8}([7]4,5,4)([8]5,4,5)([9]4,0,4)([10]1,4,5)([11]8,10,7)([12]0,3,7)([13]12,6,6)([14]8,13,4)([15]7,12,4)([16]2,5,6)([17]14,14,6)([18]16,1,7)([19]6,18,5)([20]15,18,3)([21]15,14,6)([22]6,20,6)([23]2,19,4)([24]3,20,5)([25]19,16,3)([26]24,16,4)([27]15,6,4)([28]7,3,7)([29]0,4,3)([30]1,2,3)([31]23,26,3)([32]17,5,5)([33]31,30,3)([34]13,9,7)([35]9,28,4)([36]17,6,0)([37]26,22,6)([38]14,29,7)([39]28,30,4)([40]21,37,7)([41]16,17,1)([42]9,13,3)([43]33,41,2)([44]31,1,4)([45]40,16,7)([46]38,20,3)([47]38,44,3)([48]47,14,4)([49]39,40,2)([50]21,23,6)([51]11,27,5)([52]38,33,2)([53]50,49,3)([54]51,20,5)([55]30,14,7)([56]40,39,0)([57]34,30,3)([58]45,29,2)([59]8,19,1)([60]57,31,2)([61]18,18,7)([62]18,40,7)([63]55,13,5)([64]44,43,5)([65]44,40,4)([66]51,18,4)([67]57,25,7)([68]16,42,1)([69]5,30,7)([70]48,66,5)([71]53,70,4)([72]27,71,2)([73]28,60,4)([74]43,67,5)([75]40,46,6)([76]62,7,6)([77]1,67,2)([78]22,72,3)([79]13,61,1)([80]13,2,1)([81]28,11,7)([82]4,24,7)([83]45,14,3)([84]67,38,6)([85]73,5,0)([86]21,7,1)(71)
optimized area: 121.37
time: 622547 ms
seed: 1635154050
NOT FOUND
time: 527572 ms
seed: 1635203135
{7,1,80,1,2,1,8}([7]6,3,7)([8]4,4,6)([9]5,1,4)([10]6,5,4)([11]7,0,2)([12]4,1,4)([13]0,10,0)([14]6,9,2)([15]10,11,7)([16]14,2,4)([17]9,11,3)([18]0,4,3)([19]18,9,2)([20]6,1,6)([21]3,20,5)([22]3,13,4)([23]17,0,5)([24]3,20,7)([25]24,16,7)([26]24,22,4)([27]8,5,0)([28]18,17,6)([29]22,25,2)([30]17,27,1)([31]30,27,6)([32]12,0,4)([33]10,31,6)([34]17,32,2)([35]27,15,2)([36]32,10,6)([37]28,29,6)([38]6,3,1)([39]22,22,6)([40]33,26,1)([41]27,6,5)([42]25,12,5)([43]35,37,2)([44]21,10,4)([45]14,44,1)([46]31,14,0)([47]19,33,6)([48]38,42,4)([49]2,4,3)([50]16,29,6)([51]50,47,5)([52]34,29,5)([53]48,47,5)([54]51,38,1)([55]44,43,4)([56]0,26,5)([57]16,52,3)([58]55,51,7)([59]28,34,3)([60]25,59,0)([61]40,17,5)([62]52,26,4)([63]12,35,2)([64]47,43,7)([65]63,52,4)([66]52,31,5)([67]48,62,2)([68]39,16,5)([69]56,53,7)([70]17,30,2)([71]34,18,4)([72]45,51,0)([73]2,44,0)([74]68,58,5)([75]74,53,5)([76]65,75,2)([77]36,74,3)([78]18,39,3)([79]22,55,0)([80]30,21,2)([81]40,36,6)([82]73,41,1)([83]31,55,7)([84]83,60,7)([85]45,61,4)([86]16,7,6)(76)
evaluations: 17588461
first invidual area: 134.91
{7,1,80,1,2,1,8}([7]6,3,7)([8]7,7,3)([9]1,5,4)([10]5,6,4)([11]7,0,2)([12]4,1,4)([13]0,6,6)([14]9,6,5)([15]4,0,1)([16]2,14,7)([17]11,9,3)([18]12,0,4)([19]0,4,3)([20]6,1,6)([21]20,10,3)([22]3,0,4)([23]17,18,2)([24]16,20,4)([25]24,3,4)([26]9,19,2)([27]18,4,1)([28]20,3,5)([29]25,22,2)([30]11,10,7)([31]29,13,6)([32]23,9,2)([33]10,23,6)([34]16,29,6)([35]30,15,2)([36]13,24,6)([37]32,7,1)([38]33,15,1)([39]7,0,1)([40]26,2,4)([41]17,36,6)([42]25,12,5)([43]35,31,5)([44]41,9,5)([45]28,10,7)([46]19,22,3)([47]26,33,6)([48]42,6,7)([49]23,20,2)([50]27,43,6)([51]34,47,5)([52]23,29,5)([53]48,47,5)([54]35,12,5)([55]43,45,4)([56]4,16,4)([57]26,44,3)([58]27,29,6)([59]31,26,4)([60]58,44,4)([61]2,56,2)([62]5,27,5)([63]46,17,1)([64]22,49,1)([65]52,54,7)([66]16,64,5)([67]45,34,3)([68]49,58,3)([69]17,24,6)([70]51,55,7)([71]37,31,3)([72]26,29,1)([73]51,54,2)([74]66,70,5)([75]74,53,5)([76]75,65,2)([77]57,31,1)([78]6,72,4)([79]2,71,1)([80]33,45,7)([81]60,70,0)([82]75,60,5)([83]68,67,2)([84]75,56,7)([85]16,79,3)([86]23,80,1)(76)
optimized area: 126.48
time: 639200 ms
seed: 1635380226
{7,1,80,1,2,1,8}([7]1,5,7)([8]3,4,2)([9]1,8,4)([10]5,1,4)([11]2,9,3)([12]5,7,6)([13]4,7,3)([14]5,8,5)([15]6,14,2)([16]2,14,5)([17]0,11,4)([18]11,12,5)([19]7,0,6)([20]13,13,7)([21]3,4,7)([22]7,21,4)([23]13,17,5)([24]3,23,7)([25]15,23,7)([26]3,19,3)([27]10,0,4)([28]1,25,2)([29]22,6,6)([30]28,1,3)([31]26,15,5)([32]17,6,6)([33]22,12,7)([34]32,5,7)([35]4,34,6)([36]18,29,4)([37]16,14,7)([38]36,2,5)([39]5,3,3)([40]25,3,5)([41]27,28,2)([42]38,31,4)([43]2,9,7)([44]32,9,4)([45]0,44,2)([46]42,45,7)([47]25,38,7)([48]32,35,5)([49]40,35,2)([50]36,20,1)([51]17,29,3)([52]28,38,2)([53]50,13,7)([54]37,33,4)([55]10,13,5)([56]7,12,2)([57]41,36,6)([58]13,56,4)([59]48,47,6)([60]25,58,1)([61]49,57,7)([62]19,42,3)([63]52,54,6)([64]46,54,3)([65]12,17,3)([66]34,17,2)([67]49,53,4)([68]11,46,2)([69]61,64,2)([70]1,52,6)([71]2,17,2)([72]44,49,0)([73]64,66,7)([74]41,1,7)([75]37,48,6)([76]54,35,1)([77]24,62,2)([78]31,36,3)([79]58,26,6)([80]65,38,2)([81]44,24,5)([82]66,40,0)([83]31,17,4)([84]4,64,4)([85]18,19,0)([86]9,28,4)(69)
evaluations: 9095849
first invidual area: 132.60
{7,1,80,1,2,1,8}([7]1,5,7)([8]3,4,2)([9]8,1,4)([10]7,7,0)([11]9,2,3)([12]7,5,6)([13]0,7,7)([14]11,12,5)([15]0,7,6)([16]14,6,2)([17]0,11,4)([18]8,5,5)([19]10,4,3)([20]4,3,4)([21]2,2,1)([22]20,10,7)([23]17,19,5)([24]9,3,5)([25]6,23,7)([26]15,3,3)([27]6,22,6)([28]13,1,2)([29]6,18,2)([30]15,3,4)([31]4,22,1)([32]17,6,6)([33]18,21,5)([34]32,5,7)([35]4,34,6)([36]14,27,4)([37]12,10,0)([38]36,2,5)([39]26,29,5)([40]35,25,7)([41]34,26,3)([42]39,38,4)([43]33,22,7)([44]9,32,4)([45]0,44,5)([46]42,45,4)([47]1,19,5)([48]25,3,5)([49]35,48,5)([50]21,42,4)([51]47,47,2)([52]41,43,6)([53]25,28,2)([54]43,12,7)([55]37,36,1)([56]48,25,1)([57]53,36,6)([58]21,41,2)([59]35,39,6)([60]29,17,6)([61]49,57,4)([62]32,45,2)([63]57,2,4)([64]46,54,3)([65]25,61,6)([66]57,49,7)([67]1,49,2)([68]57,46,7)([69]21,44,1)([70]31,15,3)([71]45,50,5)([72]9,62,1)([73]17,36,4)([74]28,48,3)([75]43,27,3)([76]73,72,5)([77]74,73,1)([78]55,50,5)([79]32,15,5)([80]72,39,3)([81]26,67,2)([82]51,55,1)([83]36,63,7)([84]61,64,2)([85]77,3,5)([86]75,66,6)(84)
optimized area: 123.68
time: 1206727 ms
seed: 1635633834
NOT FOUND
time: 1064310 ms
seed: 1635681622
{7,1,80,1,2,1,8}([7]3,1,3)([8]6,1,2)([9]3,0,3)([10]0,1,6)([11]5,8,3)([12]6,10,6)([13]8,6,3)([14]6,2,0)([15]5,12,3)([16]14,3,4)([17]4,1,7)([18]17,3,7)([19]6,7,4)([20]15,16,4)([21]19,2,4)([22]15,4,2)([23]0,7,7)([24]9,8,2)([25]19,18,4)([26]25,6,0)([27]22,12,3)([28]23,20,5)([29]7,17,6)([30]21,11,4)([31]20,18,5)([32]27,13,7)([33]24,4,3)([34]31,24,3)([35]26,12,4)([36]24,33,4)([37]21,32,7)([38]8,24,3)([39]34,14,4)([40]24,14,6)([41]12,37,4)([42]28,27,2)([43]36,1,6)([44]28,0,5)([45]27,26,0)([46]21,18,3)([47]6,11,3)([48]46,25,4)([49]6,5,5)([50]30,19,2)([51]40,48,4)([52]16,30,5)([53]6,27,3)([54]40,25,5)([55]0,49,7)([56]42,46,7)([57]39,30,3)([58]31,7,4)([59]44,35,7)([60]52,44,7)([61]49,52,7)([62]39,27,3)([63]11,32,5)([64]62,58,0)([65]19,51,4)([66]56,60,5)([67]55,51,4)([68]41,63,7)([69]54,2,4)([70]15,35,3)([71]57,4,2)([72]32,65,5)([73]2,24,4)([74]46,47,7)([75]56,58,1)([76]0,20,7)([77]66,67,6)([78]4,71,6)([79]15,26,3)([80]68,40,4)([81]57,77,4)([82]64,13,5)([83]37,81,4)([84]42,48,5)([85]63,4,1)([86]78,14,1)(83)
evaluations: 9699912
first invidual area: 144.80
{7,1,80,1,2,1,8}([7]1,0,6)([8]6,1,2)([9]1,5,6)([10]3,1,7)([11]8,5,6)([12]6,7,6)([13]5,4,2)([14]1,3,6)([15]12,5,3)([16]6,3,4)([17]15,16,4)([18]4,10,7)([19]14,2,7)([20]17,0,1)([21]6,19,4)([22]18,17,5)([23]18,21,3)([24]0,10,3)([25]2,2,2)([26]24,8,2)([27]12,13,3)([28]2,20,0)([29]16,16,2)([30]11,21,7)([31]15,12,4)([32]26,22,3)([33]0,12,2)([34]5,6,5)([35]29,30,5)([36]0,35,5)([37]0,14,6)([38]20,9,5)([39]32,6,4)([40]19,14,0)([41]2,25,3)([42]40,17,3)([43]9,31,4)([44]8,1,4)([45]44,18,7)([46]38,37,4)([47]13,30,4)([48]27,40,4)([49]46,8,2)([50]16,44,2)([51]50,5,5)([52]44,3,6)([53]49,13,0)([54]40,23,1)([55]36,27,5)([56]23,55,4)([57]9,25,3)([58]21,19,4)([59]0,14,0)([60]35,33,3)([61]29,46,2)([62]18,34,4)([63]53,47,4)([64]55,37,7)([65]18,16,1)([66]56,60,5)([67]60,38,5)([68]8,4,0)([69]23,37,1)([70]57,11,6)([71]20,48,3)([72]30,39,6)([73]10,29,1)([74]47,46,6)([75]62,64,4)([76]49,69,3)([77]66,75,6)([78]61,75,0)([79]75,12,5)([80]62,36,2)([81]72,77,7)([82]75,57,3)([83]48,81,4)([84]53,59,5)([85]28,56,0)([86]71,40,5)(83)
optimized area: 121.35
time: 1266815 ms
seed: 1635729478
NOT FOUND
time: 1061774 ms
seed: 1635776644
NOT FOUND
time: 1058868 ms
seed: 1635823603
NOT FOUND
time: 1045096 ms
seed: 1635866769
NOT FOUND
time: 1061432 ms
seed: 1635908732
{7,1,80,1,2,1,8}([7]2,3,5)([8]2,6,4)([9]7,4,2)([10]9,8,2)([11]6,1,4)([12]0,4,7)([13]5,0,7)([14]1,7,2)([15]5,4,2)([16]3,11,6)([17]16,6,6)([18]3,11,5)([19]4,14,3)([20]16,7,4)([21]8,13,2)([22]3,18,5)([23]3,4,0)([24]5,6,1)([25]5,20,2)([26]6,14,4)([27]1,25,6)([28]0,11,6)([29]8,9,5)([30]13,19,2)([31]28,25,7)([32]13,17,3)([33]12,12,5)([34]6,9,7)([35]18,11,2)([36]8,27,7)([37]34,10,4)([38]28,36,7)([39]30,35,1)([40]17,29,3)([41]27,1,1)([42]15,17,6)([43]38,18,4)([44]43,42,6)([45]20,17,3)([46]9,23,2)([47]38,37,5)([48]2,13,7)([49]15,41,0)([50]18,4,2)([51]43,33,0)([52]41,42,4)([53]50,32,2)([54]48,12,5)([55]16,52,3)([56]54,33,5)([57]45,54,4)([58]30,44,7)([59]41,31,3)([60]41,59,5)([61]12,19,2)([62]45,38,1)([63]43,40,2)([64]11,19,7)([65]53,57,3)([66]34,6,4)([67]48,42,5)([68]30,27,0)([69]35,9,1)([70]14,28,5)([71]3,3,6)([72]50,70,0)([73]42,4,1)([74]50,46,5)([75]34,58,0)([76]41,13,5)([77]23,52,1)([78]33,36,1)([79]71,61,3)([80]65,58,6)([81]47,52,2)([82]2,77,6)([83]59,67,1)([84]81,32,5)([85]81,84,6)([86]81,80,4)(86)
evaluations: 39785667
first invidual area: 126.03
{7,1,80,1,2,1,8}([7]2,3,5)([8]6,2,0)([9]7,4,2)([10]5,4,2)([11]1,8,4)([12]2,6,7)([13]5,0,7)([14]1,7,2)([15]3,0,2)([16]3,11,6)([17]16,8,6)([18]3,11,5)([19]7,10,0)([20]16,7,4)([21]19,19,3)([22]18,5,4)([23]20,5,2)([24]9,3,5)([25]13,20,1)([26]14,4,3)([27]1,23,6)([28]0,11,3)([29]2,9,2)([30]13,26,5)([31]20,17,6)([32]25,30,1)([33]30,8,5)([34]8,9,6)([35]0,4,7)([36]12,27,4)([37]35,15,7)([38]28,36,4)([39]15,10,5)([40]28,32,6)([41]37,2,7)([42]10,17,6)([43]38,18,4)([44]43,42,6)([45]21,42,3)([46]29,34,3)([47]38,46,5)([48]2,13,7)([49]42,34,0)([50]18,4,2)([51]10,35,4)([52]27,49,7)([53]50,33,2)([54]48,35,5)([55]5,5,7)([56]4,54,1)([57]54,31,7)([58]30,44,4)([59]37,54,5)([60]43,43,3)([61]36,31,5)([62]19,51,0)([63]53,53,2)([64]51,3,4)([65]53,57,3)([66]36,36,3)([67]29,60,3)([68]48,58,7)([69]34,37,0)([70]38,58,5)([71]31,55,2)([72]7,61,2)([73]37,41,0)([74]54,62,1)([75]50,25,3)([76]2,33,6)([77]16,75,3)([78]46,70,2)([79]74,60,3)([80]65,58,6)([81]47,52,5)([82]75,2,7)([83]34,6,0)([84]45,17,4)([85]48,39,5)([86]81,80,7)(86)
optimized area: 118.52
time: 1102490 ms
seed: 1635944978
{7,1,80,1,2,1,8}([7]5,6,5)([8]3,1,6)([9]8,4,4)([10]1,9,1)([11]8,0,2)([12]5,9,4)([13]2,7,5)([14]13,10,0)([15]4,0,4)([16]2,3,7)([17]7,11,7)([18]10,17,4)([19]11,3,1)([20]6,18,7)([21]18,12,4)([22]7,6,2)([23]12,2,2)([24]10,6,1)([25]24,21,2)([26]23,22,6)([27]15,20,2)([28]10,16,4)([29]27,15,3)([30]14,26,5)([31]4,28,5)([32]6,18,3)([33]23,16,4)([34]12,22,1)([35]30,32,2)([36]29,15,6)([37]17,30,7)([38]27,0,7)([39]2,28,3)([40]4,17,7)([41]30,5,1)([42]18,25,4)([43]31,39,5)([44]20,32,2)([45]7,37,0)([46]21,2,0)([47]43,41,2)([48]22,33,0)([49]29,35,3)([50]41,14,0)([51]28,38,4)([52]40,39,6)([53]46,41,4)([54]20,47,7)([55]33,49,4)([56]50,42,5)([57]14,56,6)([58]17,10,7)([59]37,44,4)([60]54,51,7)([61]40,27,3)([62]51,41,3)([63]55,62,2)([64]26,22,5)([65]12,44,5)([66]36,47,3)([67]61,63,5)([68]62,30,2)([69]34,46,2)([70]15,54,0)([71]67,56,7)([72]47,21,2)([73]40,8,4)([74]60,65,2)([75]36,28,5)([76]66,28,2)([77]72,71,6)([78]50,5,0)([79]21,40,1)([80]62,18,0)([81]72,30,4)([82]77,59,4)([83]70,67,0)([84]30,53,5)([85]45,17,2)([86]83,52,2)(82)
evaluations: 13359388
first invidual area: 150.86
{7,1,80,1,2,1,8}([7]5,6,5)([8]3,1,6)([9]4,8,4)([10]6,7,2)([11]0,8,5)([12]9,5,4)([13]7,2,5)([14]13,12,5)([15]4,0,4)([16]2,3,7)([17]7,11,4)([18]1,17,7)([19]17,4,7)([20]6,18,7)([21]18,14,7)([22]6,5,6)([23]12,2,2)([24]18,6,5)([25]10,23,6)([26]11,14,6)([27]20,15,2)([28]16,1,7)([29]2,28,3)([30]13,25,5)([31]22,29,5)([32]28,2,0)([33]11,32,3)([34]24,20,5)([35]30,34,2)([36]32,27,4)([37]21,1,5)([38]14,0,7)([39]9,28,5)([40]23,20,6)([41]30,18,1)([42]37,18,7)([43]29,39,5)([44]15,35,3)([45]44,42,1)([46]0,36,7)([47]29,23,0)([48]42,41,5)([49]43,21,2)([50]5,30,7)([51]19,5,7)([52]10,2,2)([53]46,41,3)([54]23,16,7)([55]54,44,7)([56]4,19,6)([57]25,27,4)([58]36,43,5)([59]17,41,4)([60]16,8,4)([61]19,27,3)([62]13,25,1)([63]55,53,2)([64]56,36,5)([65]34,25,1)([66]0,17,3)([67]61,63,5)([68]24,24,3)([69]67,28,5)([70]67,62,3)([71]48,67,7)([72]24,19,4)([73]43,62,5)([74]0,64,7)([75]19,24,4)([76]39,27,1)([77]49,71,3)([78]44,76,5)([79]24,59,7)([80]12,30,3)([81]1,45,5)([82]77,79,7)([83]63,8,1)([84]77,39,1)([85]39,13,6)([86]37,68,1)(82)
optimized area: 143.37
time: 1382322 ms
seed: 1635981229
NOT FOUND
time: 1075794 ms
seed: 1636017040
NOT FOUND
time: 1066731 ms
seed: 1636051853
{7,1,80,1,2,1,8}([7]0,4,4)([8]6,7,6)([9]0,1,7)([10]5,3,7)([11]4,8,1)([12]1,5,3)([13]5,4,4)([14]6,1,3)([15]9,10,6)([16]13,8,6)([17]3,13,5)([18]6,2,7)([19]2,11,3)([20]9,7,2)([21]9,4,7)([22]18,6,6)([23]17,20,6)([24]10,18,4)([25]10,21,6)([26]16,20,7)([27]1,0,0)([28]0,8,6)([29]24,5,4)([30]14,3,6)([31]6,15,2)([32]23,16,1)([33]11,29,5)([34]4,22,6)([35]23,24,3)([36]25,35,2)([37]31,30,2)([38]33,36,4)([39]38,12,5)([40]29,35,5)([41]28,22,4)([42]19,8,2)([43]35,34,4)([44]40,23,7)([45]43,33,4)([46]27,45,6)([47]5,35,0)([48]26,39,6)([49]43,42,4)([50]40,4,2)([51]6,15,4)([52]46,42,0)([53]46,48,7)([54]23,53,6)([55]2,17,4)([56]49,6,6)([57]49,50,6)([58]57,6,3)([59]44,27,2)([60]12,24,5)([61]45,44,2)([62]28,10,1)([63]8,49,2)([64]38,53,2)([65]39,6,2)([66]13,64,7)([67]53,58,7)([68]64,22,2)([69]55,59,1)([70]13,30,2)([71]28,18,7)([72]6,52,0)([73]21,11,5)([74]67,20,2)([75]40,68,5)([76]34,57,5)([77]0,21,3)([78]67,68,6)([79]63,1,7)([80]52,56,4)([81]57,37,0)([82]28,25,3)([83]63,78,5)([84]65,67,7)([85]31,37,7)([86]21,70,7)(78)
evaluations: 9438741
first invidual area: 126.03
{7,1,80,1,2,1,8}([7]0,4,4)([8]7,6,6)([9]0,1,7)([10]5,3,7)([11]9,4,2)([12]11,10,6)([13]4,5,4)([14]0,10,7)([15]10,10,6)([16]3,0,5)([17]3,13,5)([18]2,6,7)([19]10,18,4)([20]9,7,2)([21]16,8,5)([22]18,6,6)([23]22,9,6)([24]1,5,3)([25]8,13,3)([26]17,20,6)([27]5,25,1)([28]8,27,2)([29]4,22,6)([30]25,10,2)([31]5,19,4)([32]4,4,1)([33]32,31,5)([34]12,22,7)([35]26,19,3)([36]35,12,5)([37]10,6,2)([38]33,36,2)([39]38,24,5)([40]22,37,2)([41]20,25,4)([42]23,6,4)([43]35,29,4)([44]31,6,6)([45]43,33,4)([46]1,45,3)([47]39,41,6)([48]43,21,7)([49]29,38,4)([50]21,7,1)([51]31,27,3)([52]34,10,4)([53]46,47,7)([54]8,16,4)([55]22,29,6)([56]17,48,3)([57]48,55,6)([58]36,15,7)([59]32,57,1)([60]21,57,5)([61]1,48,3)([62]21,4,2)([63]27,57,4)([64]46,38,2)([65]6,57,6)([66]0,34,1)([67]53,65,7)([68]46,35,4)([69]43,44,3)([70]33,64,0)([71]53,6,2)([72]70,10,3)([73]59,51,6)([74]50,62,4)([75]69,5,7)([76]48,39,6)([77]51,64,3)([78]70,30,4)([79]53,39,7)([80]58,37,1)([81]64,22,2)([82]34,37,3)([83]73,26,3)([84]74,43,2)([85]81,67,6)([86]61,42,6)(85)
optimized area: 118.05
time: 1364398 ms
seed: 1636085672
NOT FOUND
time: 1066762 ms
seed: 1636118715
{7,1,80,1,2,1,8}([7]0,2,7)([8]1,5,2)([9]2,0,3)([10]3,6,5)([11]4,1,4)([12]11,7,2)([13]4,0,2)([14]10,12,6)([15]6,2,6)([16]4,3,2)([17]7,6,6)([18]16,13,3)([19]18,17,4)([20]12,9,2)([21]17,12,1)([22]20,17,6)([23]11,3,7)([24]3,8,3)([25]24,23,5)([26]20,5,6)([27]25,26,5)([28]26,12,1)([29]4,15,2)([30]14,1,1)([31]13,24,4)([32]6,3,7)([33]25,19,2)([34]31,2,5)([35]2,8,3)([36]26,34,4)([37]30,34,1)([38]30,26,7)([39]36,33,7)([40]27,33,4)([41]21,39,7)([42]31,10,2)([43]29,6,6)([44]38,2,5)([45]5,12,2)([46]10,35,5)([47]13,2,1)([48]11,25,6)([49]41,26,2)([50]46,23,5)([51]9,47,0)([52]5,24,2)([53]34,29,7)([54]49,39,4)([55]35,38,3)([56]1,7,3)([57]38,43,6)([58]46,50,2)([59]38,26,3)([60]2,31,1)([61]4,57,4)([62]12,48,4)([63]29,36,3)([64]44,43,1)([65]16,6,3)([66]40,5,6)([67]31,35,2)([68]54,61,6)([69]1,13,2)([70]66,53,2)([71]28,24,3)([72]49,58,6)([73]15,52,6)([74]70,58,6)([75]49,63,1)([76]16,22,3)([77]2,69,6)([78]68,74,7)([79]63,9,6)([80]72,64,3)([81]69,74,7)([82]15,44,2)([83]70,37,5)([84]41,71,5)([85]24,22,3)([86]21,41,7)(78)
evaluations: 19007477
first invidual area: 133.50
{7,1,80,1,2,1,8}([7]2,0,7)([8]1,5,2)([9]2,7,0)([10]3,1,2)([11]4,1,4)([12]7,11,2)([13]0,4,2)([14]6,3,5)([15]12,14,3)([16]13,15,4)([17]6,7,6)([18]13,10,6)([19]6,2,6)([20]3,8,4)([21]2,8,3)([22]12,0,2)([23]3,11,7)([24]8,3,3)([25]23,24,5)([26]5,22,6)([27]23,2,1)([28]27,19,5)([29]4,19,2)([30]26,27,0)([31]13,24,4)([32]17,18,7)([33]25,32,2)([34]31,9,5)([35]31,29,3)([36]19,9,3)([37]11,33,4)([38]15,26,7)([39]34,33,7)([40]14,37,4)([41]18,22,6)([42]21,15,5)([43]14,13,2)([44]6,29,6)([45]27,42,2)([46]39,17,4)([47]3,8,0)([48]22,15,7)([49]5,4,4)([50]37,5,6)([51]40,6,6)([52]30,40,4)([53]47,27,0)([54]30,46,5)([55]14,10,3)([56]7,6,5)([57]28,5,6)([58]28,39,2)([59]25,28,7)([60]44,38,6)([61]1,1,0)([62]4,36,1)([63]6,44,7)([64]4,60,4)([65]54,39,7)([66]61,41,5)([67]44,18,7)([68]65,64,3)([69]2,59,7)([70]50,35,2)([71]57,42,4)([72]35,11,4)([73]10,59,4)([74]35,21,3)([75]53,71,3)([76]70,45,7)([77]70,45,6)([78]77,68,4)([79]55,55,0)([80]8,33,6)([81]59,0,3)([82]61,0,2)([83]29,47,0)([84]39,69,1)([85]83,20,6)([86]35,20,2)(78)
optimized area: 118.51
time: 1237170 ms
seed: 1636151420
{7,1,80,1,2,1,8}([7]3,2,4)([8]1,4,3)([9]2,5,5)([10]0,8,4)([11]4,5,4)([12]6,11,4)([13]2,12,7)([14]6,13,5)([15]1,12,7)([16]7,15,7)([17]4,1,7)([18]15,14,5)([19]13,6,6)([20]1,3,5)([21]16,20,4)([22]9,14,7)([23]18,21,6)([24]7,19,4)([25]17,23,7)([26]23,10,7)([27]24,15,2)([28]24,16,6)([29]16,8,2)([30]26,17,7)([31]29,7,4)([32]9,25,4)([33]28,0,2)([34]0,31,4)([35]29,19,5)([36]10,25,3)([37]33,24,3)([38]30,37,4)([39]35,38,5)([40]34,38,2)([41]32,39,6)([42]17,24,4)([43]1,14,5)([44]3,33,0)([45]6,35,7)([46]8,0,3)([47]45,15,5)([48]11,41,4)([49]22,17,0)([50]48,19,7)([51]1,32,3)([52]17,0,6)([53]7,12,2)([54]8,37,2)([55]2,29,0)([56]43,32,7)([57]45,15,6)([58]18,24,4)([59]40,47,5)([60]7,46,4)([61]42,54,4)([62]50,59,2)([63]23,40,1)([64]51,14,0)([65]60,30,6)([66]38,17,2)([67]33,33,5)([68]23,26,7)([69]12,63,0)([70]29,36,0)([71]54,35,5)([72]48,22,7)([73]51,60,6)([74]29,37,7)([75]48,29,0)([76]66,64,2)([77]11,33,3)([78]28,59,2)([79]66,52,6)([80]42,21,2)([81]34,56,0)([82]23,11,2)([83]22,5,1)([84]34,1,3)([85]11,51,3)([86]65,50,3)(62)
evaluations: 14300058
first invidual area: 132.16
{7,1,80,1,2,1,8}([7]3,2,4)([8]1,4,3)([9]2,5,5)([10]0,8,4)([11]4,5,4)([12]6,11,4)([13]2,12,7)([14]13,6,5)([15]1,12,7)([16]15,7,7)([17]4,1,4)([18]15,14,5)([19]6,13,6)([20]3,12,5)([21]20,7,4)([22]7,19,4)([23]18,21,3)([24]8,10,4)([25]23,17,7)([26]25,10,7)([27]9,20,3)([28]13,0,7)([29]16,8,5)([30]6,7,1)([31]0,29,4)([32]7,31,7)([33]16,21,5)([34]32,7,5)([35]31,16,6)([36]9,25,4)([37]22,35,3)([38]26,37,4)([39]17,2,3)([40]38,32,2)([41]38,33,5)([42]36,41,3)([43]21,19,2)([44]32,19,0)([45]18,28,6)([46]42,11,4)([47]16,10,5)([48]6,47,1)([49]43,17,6)([50]15,23,2)([51]12,3,3)([52]5,31,3)([53]51,41,4)([54]51,39,4)([55]50,11,5)([56]55,14,1)([57]46,9,6)([58]40,55,5)([59]37,39,2)([60]34,31,6)([61]52,9,5)([62]0,13,7)([63]40,30,0)([64]56,23,1)([65]11,9,6)([66]0,47,6)([67]46,19,4)([68]52,8,1)([69]6,37,4)([70]55,12,6)([71]2,19,4)([72]40,52,2)([73]15,48,7)([74]32,60,4)([75]27,13,7)([76]43,21,7)([77]7,20,5)([78]67,58,2)([79]0,43,4)([80]35,48,5)([81]66,66,5)([82]18,27,7)([83]48,31,0)([84]35,52,5)([85]84,33,4)([86]43,55,6)(78)
optimized area: 122.31
time: 1315345 ms
seed: 1636183858
{7,1,80,1,2,1,8}([7]5,4,4)([8]6,7,4)([9]3,8,5)([10]2,8,4)([11]3,0,5)([12]11,0,2)([13]8,6,6)([14]12,6,3)([15]2,1,4)([16]6,8,4)([17]0,15,4)([18]2,5,4)([19]2,0,7)([20]12,10,7)([21]3,20,4)([22]14,19,3)([23]18,9,6)([24]18,5,3)([25]4,11,5)([26]21,25,4)([27]1,6,4)([28]24,14,2)([29]10,26,3)([30]15,27,5)([31]1,5,5)([32]10,25,7)([33]22,30,4)([34]29,25,6)([35]12,16,2)([36]27,29,7)([37]3,1,3)([38]17,23,5)([39]2,20,7)([40]25,7,3)([41]33,9,2)([42]31,13,5)([43]38,1,4)([44]3,21,0)([45]36,31,3)([46]40,42,5)([47]46,26,5)([48]1,14,4)([49]47,41,3)([50]43,36,3)([51]37,33,4)([52]41,46,3)([53]52,35,6)([54]41,20,5)([55]37,44,4)([56]46,23,5)([57]11,7,2)([58]51,57,2)([59]29,24,3)([60]50,49,2)([61]2,28,7)([62]42,15,2)([63]34,36,1)([64]60,61,4)([65]56,34,1)([66]54,35,1)([67]3,57,7)([68]33,2,1)([69]38,41,1)([70]45,17,5)([71]18,12,0)([72]60,22,6)([73]8,6,2)([74]13,42,6)([75]68,47,0)([76]64,58,6)([77]37,69,3)([78]34,22,2)([79]70,7,3)([80]41,33,1)([81]46,3,4)([82]78,15,4)([83]35,15,6)([84]0,47,4)([85]36,17,6)([86]73,79,1)(76)
evaluations: 12785069
first invidual area: 136.34
{7,1,80,1,2,1,8}([7]4,5,4)([8]7,6,4)([9]3,1,6)([10]2,8,4)([11]3,0,5)([12]0,11,2)([13]3,8,5)([14]12,6,3)([15]1,2,4)([16]15,0,5)([17]10,5,7)([18]4,11,5)([19]2,0,6)([20]10,3,7)([21]18,20,7)([22]8,19,7)([23]1,3,0)([24]5,2,3)([25]11,22,6)([26]12,21,7)([27]1,6,4)([28]19,14,6)([29]7,19,1)([30]27,15,5)([31]20,29,5)([32]5,29,6)([33]28,30,7)([34]17,29,5)([35]10,26,6)([36]29,12,5)([37]17,13,6)([38]16,37,5)([39]24,14,5)([40]22,19,5)([41]38,1,4)([42]24,15,7)([43]9,9,3)([44]11,7,2)([45]15,28,2)([46]34,31,5)([47]46,26,5)([48]27,35,4)([49]29,18,4)([50]34,28,5)([51]9,33,7)([52]33,47,3)([53]41,48,3)([54]24,36,6)([55]52,39,1)([56]6,19,1)([57]21,10,7)([58]42,10,5)([59]55,26,3)([60]53,52,5)([61]39,60,4)([62]3,58,4)([63]35,29,5)([64]0,24,4)([65]2,61,7)([66]57,60,5)([67]62,19,1)([68]1,27,3)([69]68,34,2)([70]51,44,2)([71]22,37,5)([72]62,32,2)([73]70,65,6)([74]11,44,0)([75]58,9,6)([76]7,1,7)([77]75,42,7)([78]36,23,7)([79]53,67,6)([80]68,78,3)([81]16,4,6)([82]67,14,5)([83]75,10,1)([84]38,25,7)([85]77,39,3)([86]30,28,4)(73)
optimized area: 124.61
time: 1246112 ms
seed: 1636214484
{7,1,80,1,2,1,8}([7]6,5,5)([8]0,1,6)([9]1,7,2)([10]8,3,4)([11]10,4,6)([12]7,4,6)([13]6,7,2)([14]12,6,7)([15]2,9,4)([16]3,11,7)([17]9,5,5)([18]5,0,4)([19]16,7,5)([20]0,8,4)([21]5,16,4)([22]11,16,4)([23]14,21,6)([24]2,21,4)([25]23,0,2)([26]15,11,7)([27]26,6,3)([28]27,9,4)([29]24,25,6)([30]23,20,3)([31]1,7,3)([32]28,12,4)([33]28,31,5)([34]10,30,5)([35]21,1,5)([36]33,23,2)([37]24,25,1)([38]4,9,7)([39]14,2,5)([40]12,29,7)([41]39,14,6)([42]35,39,7)([43]23,29,1)([44]22,42,3)([45]9,10,1)([46]28,5,4)([47]15,31,3)([48]18,18,2)([49]42,14,1)([50]34,18,6)([51]36,4,4)([52]27,48,1)([53]44,25,7)([54]18,3,4)([55]43,25,3)([56]50,33,7)([57]31,6,3)([58]0,56,2)([59]32,1,2)([60]53,0,2)([61]18,12,5)([62]56,33,2)([63]20,62,7)([64]40,63,7)([65]38,53,7)([66]6,10,2)([67]11,27,1)([68]58,32,7)([69]19,9,4)([70]21,20,0)([71]64,65,2)([72]5,19,5)([73]55,31,3)([74]69,29,1)([75]38,58,4)([76]9,45,1)([77]5,47,1)([78]28,75,6)([79]12,40,7)([80]32,71,4)([81]62,6,7)([82]21,69,6)([83]54,66,2)([84]69,26,1)([85]59,65,5)([86]59,47,2)(80)
evaluations: 6682501
first invidual area: 140.60
{7,1,80,1,2,1,8}([7]5,6,5)([8]0,1,6)([9]2,7,0)([10]3,8,4)([11]4,10,6)([12]7,4,6)([13]12,6,1)([14]6,13,5)([15]11,2,4)([16]1,15,7)([17]15,3,4)([18]11,2,5)([19]5,17,7)([20]1,7,2)([21]10,8,3)([22]20,4,4)([23]14,9,6)([24]1,5,5)([25]8,2,0)([26]9,14,5)([27]6,16,6)([28]27,20,4)([29]1,14,3)([30]22,27,3)([31]25,7,6)([32]28,12,6)([33]0,5,4)([34]18,13,6)([35]23,0,2)([36]10,22,4)([37]24,26,4)([38]19,35,6)([39]21,21,5)([40]10,30,5)([41]18,27,7)([42]3,36,4)([43]16,9,3)([44]37,3,5)([45]0,32,0)([46]8,45,3)([47]38,12,3)([48]12,41,6)([49]10,40,2)([50]33,40,6)([51]17,14,2)([52]26,35,7)([53]50,20,7)([54]4,36,3)([55]17,54,0)([56]48,32,7)([57]7,32,5)([58]23,15,1)([59]26,56,2)([60]22,44,7)([61]54,43,6)([62]57,50,5)([63]62,47,7)([64]46,63,7)([65]7,26,6)([66]24,54,7)([67]8,21,3)([68]7,19,2)([69]6,42,1)([70]17,59,6)([71]55,39,6)([72]26,28,3)([73]20,71,1)([74]60,64,5)([75]68,30,3)([76]33,55,6)([77]42,27,0)([78]48,65,7)([79]68,5,7)([80]54,59,2)([81]36,20,2)([82]57,61,0)([83]3,18,1)([84]74,32,7)([85]33,9,2)([86]20,46,6)(84)
optimized area: 109.62
time: 1281987 ms
seed: 1636244414
{7,1,80,1,2,1,8}([7]4,0,6)([8]5,2,6)([9]6,7,0)([10]2,0,4)([11]1,7,4)([12]5,6,4)([13]4,3,3)([14]3,10,2)([15]0,9,4)([16]2,13,2)([17]5,6,2)([18]8,1,3)([19]4,3,4)([20]11,17,3)([21]5,19,4)([22]7,21,6)([23]8,15,3)([24]11,2,7)([25]21,10,4)([26]13,24,5)([27]26,22,7)([28]18,14,5)([29]4,12,4)([30]27,23,6)([31]25,15,3)([32]31,8,0)([33]30,4,1)([34]31,11,4)([35]16,24,2)([36]17,31,3)([37]17,28,7)([38]34,1,3)([39]20,38,5)([40]31,3,6)([41]0,1,4)([42]14,8,3)([43]4,28,4)([44]24,27,3)([45]20,12,7)([46]20,28,2)([47]46,16,4)([48]19,9,5)([49]48,27,6)([50]19,33,5)([51]28,0,1)([52]25,47,6)([53]52,36,5)([54]45,3,5)([55]53,50,7)([56]1,30,2)([57]49,55,6)([58]48,54,2)([59]12,17,1)([60]3,37,4)([61]59,5,5)([62]23,54,1)([63]50,59,2)([64]43,61,7)([65]5,57,7)([66]64,3,0)([67]24,41,5)([68]26,57,5)([69]37,1,5)([70]39,63,4)([71]17,69,3)([72]64,42,0)([73]27,60,7)([74]13,30,1)([75]38,7,7)([76]64,27,3)([77]68,12,6)([78]38,13,2)([79]13,1,0)([80]56,55,6)([81]3,5,2)([82]33,8,3)([83]70,76,5)([84]26,73,5)([85]67,84,2)([86]68,83,4)(86)
evaluations: 45441623
first invidual area: 141.47
{7,1,80,1,2,1,8}([7]0,4,6)([8]2,5,6)([9]3,6,2)([10]0,2,4)([11]1,7,4)([12]6,5,7)([13]4,3,3)([14]10,3,2)([15]0,6,4)([16]2,13,2)([17]6,12,2)([18]1,8,3)([19]3,4,4)([20]11,17,3)([21]5,19,4)([22]7,21,6)([23]8,15,3)([24]11,16,7)([25]21,10,4)([26]13,24,5)([27]26,22,7)([28]18,14,5)([29]25,25,0)([30]27,23,3)([31]25,15,3)([32]31,12,2)([33]5,21,2)([34]31,7,4)([35]32,20,0)([36]31,20,3)([37]21,16,1)([38]34,1,3)([39]20,38,5)([40]24,33,5)([41]38,37,3)([42]33,1,7)([43]4,28,4)([44]37,34,3)([45]10,1,3)([46]20,28,2)([47]46,16,4)([48]19,6,5)([49]48,27,6)([50]19,30,5)([51]29,35,5)([52]29,47,6)([53]52,36,5)([54]34,23,4)([55]53,50,7)([56]48,39,7)([57]49,55,6)([58]6,25,3)([59]31,39,2)([60]29,34,4)([61]58,6,1)([62]45,21,1)([63]50,12,5)([64]43,17,4)([65]10,37,6)([66]44,55,3)([67]58,47,4)([68]26,57,5)([69]42,62,1)([70]39,63,7)([71]18,15,1)([72]10,20,0)([73]66,27,0)([74]12,60,0)([75]28,0,6)([76]64,27,3)([77]35,48,3)([78]75,24,0)([79]77,76,1)([80]67,13,1)([81]5,74,7)([82]51,49,2)([83]70,76,5)([84]12,65,7)([85]81,22,3)([86]68,83,4)(86)
optimized area: 136.33
time: 1099694 ms
seed: 1636263631
NOT FOUND
time: 1048221 ms
seed: 1636280141
{7,1,80,1,2,1,8}([7]6,0,3)([8]6,5,1)([9]2,5,4)([10]3,6,7)([11]9,4,7)([12]11,8,3)([13]10,10,0)([14]4,4,0)([15]5,2,5)([16]5,0,4)([17]1,0,5)([18]12,2,7)([19]18,8,3)([20]19,0,7)([21]7,15,7)([22]7,1,4)([23]11,13,2)([24]18,0,3)([25]20,9,3)([26]10,6,7)([27]21,9,7)([28]11,14,0)([29]11,21,6)([30]20,4,3)([31]10,20,0)([32]16,7,6)([33]32,0,6)([34]32,1,4)([35]13,12,5)([36]21,17,4)([37]34,24,7)([38]27,20,3)([39]33,37,2)([40]29,39,4)([41]40,36,2)([42]35,11,3)([43]30,40,4)([44]12,39,3)([45]27,30,2)([46]38,45,7)([47]17,38,6)([48]3,18,0)([49]42,22,2)([50]46,10,5)([51]47,18,6)([52]45,47,3)([53]3,5,5)([54]4,23,6)([55]50,40,7)([56]54,41,4)([57]55,52,7)([58]39,10,7)([59]21,51,6)([60]49,56,4)([61]19,36,5)([62]53,34,2)([63]62,1,4)([64]40,14,4)([65]17,57,0)([66]19,4,2)([67]20,27,5)([68]67,22,7)([69]57,60,2)([70]18,50,3)([71]19,55,5)([72]69,51,4)([73]36,29,2)([74]41,66,6)([75]62,3,1)([76]3,29,6)([77]29,42,7)([78]18,35,4)([79]67,3,0)([80]61,32,2)([81]51,62,1)([82]54,14,0)([83]20,30,3)([84]59,1,4)([85]0,25,3)([86]33,12,6)(72)
evaluations: 44800112
first invidual area: 144.79
{7,1,80,1,2,1,8}([7]0,6,3)([8]6,2,1)([9]2,5,4)([10]3,6,7)([11]9,4,7)([12]10,4,0)([13]8,0,0)([14]11,13,6)([15]5,2,5)([16]12,10,0)([17]1,0,5)([18]2,14,4)([19]18,8,6)([20]0,19,4)([21]7,15,7)([22]7,1,4)([23]11,12,2)([24]5,7,6)([25]17,24,0)([26]14,5,7)([27]21,9,7)([28]21,17,4)([29]11,21,6)([30]20,4,3)([31]15,20,0)([32]7,17,0)([33]24,0,6)([34]25,2,7)([35]16,8,5)([36]6,7,7)([37]1,18,7)([38]27,20,6)([39]33,37,5)([40]29,39,7)([41]40,28,5)([42]35,23,3)([43]19,31,2)([44]7,29,3)([45]27,30,2)([46]38,45,3)([47]17,30,6)([48]15,8,6)([49]42,22,5)([50]46,16,5)([51]47,18,3)([52]45,47,6)([53]25,3,7)([54]4,23,3)([55]50,40,4)([56]49,41,4)([57]55,52,7)([58]16,26,0)([59]54,51,5)([60]54,56,7)([61]0,19,3)([62]27,60,0)([63]6,3,2)([64]35,45,6)([65]63,37,2)([66]54,61,3)([67]19,60,1)([68]9,21,7)([69]57,60,5)([70]51,62,4)([71]70,61,0)([72]36,6,1)([73]26,68,2)([74]22,67,3)([75]1,53,1)([76]4,38,5)([77]66,16,0)([78]77,46,7)([79]74,12,1)([80]73,72,5)([81]32,55,5)([82]69,51,4)([83]26,2,2)([84]53,22,7)([85]57,56,1)([86]34,4,6)(82)
optimized area: 128.84
time: 1089172 ms
seed: 1636296551
NOT FOUND
time: 1058258 ms
seed: 1636312968
NOT FOUND
time: 1062339 ms
seed: 1636329181
{7,1,80,1,2,1,8}([7]4,3,3)([8]1,6,4)([9]2,8,7)([10]7,1,4)([11]8,5,6)([12]11,9,5)([13]6,4,3)([14]3,5,6)([15]14,0,0)([16]5,9,4)([17]1,3,3)([18]8,17,7)([19]13,13,2)([20]15,2,4)([21]0,4,3)([22]0,21,7)([23]18,1,4)([24]16,18,7)([25]18,3,7)([26]20,23,4)([27]22,16,4)([28]15,23,6)([29]25,4,3)([30]1,4,3)([31]29,11,2)([32]28,7,0)([33]27,3,2)([34]7,23,7)([35]0,4,7)([36]15,11,6)([37]35,9,3)([38]34,26,3)([39]21,25,6)([40]26,8,6)([41]38,31,5)([42]23,5,4)([43]6,36,2)([44]42,10,7)([45]37,2,0)([46]37,31,5)([47]33,43,4)([48]23,36,1)([49]42,5,4)([50]3,41,6)([51]31,47,6)([52]18,14,6)([53]41,52,6)([54]37,44,2)([55]21,52,0)([56]6,36,2)([57]19,40,4)([58]14,38,7)([59]50,45,1)([60]35,7,7)([61]22,42,3)([62]25,40,2)([63]30,48,7)([64]40,39,1)([65]57,46,0)([66]49,64,3)([67]53,54,5)([68]56,4,5)([69]43,33,3)([70]12,69,7)([71]62,24,2)([72]59,51,5)([73]51,54,6)([74]69,50,3)([75]8,9,5)([76]58,69,3)([77]20,47,1)([78]60,43,5)([79]39,76,7)([80]6,73,0)([81]8,56,4)([82]22,74,7)([83]79,73,6)([84]19,8,2)([85]50,25,0)([86]51,63,0)(83)
evaluations: 36242328
first invidual area: 128.88
{7,1,80,1,2,1,8}([7]4,3,3)([8]6,1,4)([9]8,2,7)([10]3,2,0)([11]8,5,6)([12]10,1,3)([13]3,5,0)([14]5,10,6)([15]4,6,1)([16]14,11,6)([17]0,15,6)([18]2,7,4)([19]12,8,4)([20]9,9,6)([21]6,11,1)([22]0,15,4)([23]14,18,7)([24]9,5,4)([25]19,7,4)([26]11,22,1)([27]11,8,0)([28]24,17,7)([29]25,4,3)([30]9,22,3)([31]27,29,2)([32]25,1,7)([33]28,3,2)([34]31,14,3)([35]2,31,1)([36]16,2,0)([37]29,0,6)([38]24,34,5)([39]5,25,7)([40]7,5,3)([41]33,30,3)([42]25,5,4)([43]6,36,5)([44]15,40,5)([45]19,39,7)([46]4,45,3)([47]33,43,7)([48]5,6,2)([49]45,35,1)([50]30,26,5)([51]31,17,5)([52]23,32,3)([53]31,43,5)([54]42,30,2)([55]39,37,7)([56]5,20,5)([57]13,9,7)([58]18,52,7)([59]23,49,1)([60]58,33,3)([61]44,0,0)([62]42,26,6)([63]50,62,6)([64]43,52,5)([65]24,61,7)([66]1,21,4)([67]28,22,4)([68]66,2,6)([69]47,31,6)([70]62,18,4)([71]50,46,0)([72]34,3,2)([73]69,54,6)([74]43,29,2)([75]26,46,4)([76]47,60,3)([77]20,4,3)([78]10,21,0)([79]37,76,7)([80]42,56,2)([81]40,48,4)([82]79,73,6)([83]20,14,1)([84]33,71,6)([85]75,16,7)([86]17,19,0)(82)
optimized area: 111.05
time: 1109018 ms
