seed: 1633858513
{7,1,80,1,2,1,8}([7]3,0,7)([8]7,1,7)([9]4,7,7)([10]2,6,7)([11]5,8,3)([12]9,1,6)([13]12,5,2)([14]13,3,7)([15]14,10,4)([16]15,7,2)([17]15,5,1)([18]3,6,2)([19]16,2,3)([20]8,17,2)([21]9,12,7)([22]19,9,2)([23]21,5,3)([24]2,19,5)([25]8,9,6)([26]22,2,6)([27]23,17,5)([28]5,25,4)([29]21,13,7)([30]20,5,3)([31]19,11,3)([32]12,20,0)([33]17,29,7)([34]31,3,4)([35]12,33,4)([36]18,34,7)([37]27,35,7)([38]29,34,5)([39]19,22,0)([40]26,30,7)([41]36,28,4)([42]28,31,0)([43]27,10,0)([44]4,5,6)([45]8,43,7)([46]29,35,1)([47]29,32,2)([48]22,24,2)([49]3,40,6)([50]46,17,7)([51]3,48,3)([52]21,8,3)([53]27,49,3)([54]4,53,3)([55]27,54,3)([56]23,17,5)([57]0,40,6)([58]51,41,5)([59]38,55,4)([60]21,15,0)([61]59,58,7)([62]29,34,6)([63]14,9,4)([64]41,38,1)([65]17,53,6)([66]52,64,7)([67]19,35,6)([68]44,9,7)([69]18,60,5)([70]43,15,6)([71]66,69,2)([72]61,71,3)([73]59,38,3)([74]14,53,2)([75]23,31,3)([76]55,18,6)([77]20,49,2)([78]73,68,5)([79]17,70,0)([80]23,69,5)([81]40,72,7)([82]55,15,4)([83]74,70,3)([84]60,13,3)([85]26,84,1)([86]12,62,5)(81)
evaluations: 15811943
first invidual area: 143.36
{7,1,80,1,2,1,8}([7]3,0,7)([8]1,7,7)([9]7,4,7)([10]8,9,6)([11]3,6,4)([12]1,9,6)([13]12,5,2)([14]11,13,4)([15]14,2,7)([16]4,14,2)([17]15,6,2)([18]6,3,2)([19]15,8,2)([20]7,16,2)([21]9,12,6)([22]21,15,0)([23]2,20,6)([24]18,21,6)([25]23,15,5)([26]15,12,5)([27]18,5,4)([28]9,22,6)([29]27,7,7)([30]19,5,3)([31]13,12,0)([32]25,30,3)([33]15,3,2)([34]32,3,4)([35]9,1,0)([36]10,27,4)([37]1,24,3)([38]22,18,5)([39]1,5,3)([40]30,23,7)([41]36,34,7)([42]30,33,2)([43]2,34,2)([44]33,12,3)([45]15,39,5)([46]4,43,3)([47]24,0,2)([48]47,33,2)([49]43,40,6)([50]44,4,6)([51]3,49,3)([52]25,21,4)([53]21,31,6)([54]0,36,0)([55]46,45,6)([56]52,27,6)([57]34,53,5)([58]51,41,5)([59]58,57,4)([60]8,22,3)([61]40,23,1)([62]60,41,4)([63]55,59,4)([64]21,17,5)([65]52,22,4)([66]21,33,7)([67]6,2,3)([68]20,29,4)([69]34,15,5)([70]7,19,2)([71]62,38,2)([72]63,71,3)([73]66,16,2)([74]15,24,4)([75]43,62,4)([76]5,51,4)([77]65,68,3)([78]15,28,0)([79]27,57,1)([80]40,72,7)([81]2,52,0)([82]5,16,0)([83]6,77,5)([84]27,36,3)([85]21,19,6)([86]18,67,7)(80)
optimized area: 128.84
time: 700087 ms
seed: 1633945421
{7,1,80,1,2,1,8}([7]6,4,5)([8]2,0,2)([9]0,5,6)([10]2,5,4)([11]3,7,4)([12]1,11,5)([13]10,1,5)([14]1,11,3)([15]0,4,4)([16]13,11,7)([17]6,9,4)([18]8,6,3)([19]13,2,2)([20]7,19,4)([21]2,5,6)([22]2,15,7)([23]15,6,0)([24]0,14,4)([25]18,22,4)([26]11,4,3)([27]5,3,3)([28]2,16,3)([29]18,22,4)([30]26,25,5)([31]28,10,5)([32]17,1,6)([33]28,27,7)([34]12,30,2)([35]12,20,2)([36]10,33,6)([37]26,20,4)([38]23,37,4)([39]5,6,6)([40]6,33,7)([41]4,10,5)([42]38,11,1)([43]26,8,1)([44]34,16,5)([45]23,36,2)([46]43,1,2)([47]40,46,7)([48]27,19,4)([49]24,3,7)([50]48,24,6)([51]50,34,6)([52]48,33,1)([53]31,18,0)([54]4,3,4)([55]52,10,5)([56]51,32,6)([57]0,34,5)([58]31,29,3)([59]31,6,7)([60]54,54,7)([61]50,28,0)([62]45,53,4)([63]57,28,1)([64]62,10,7)([65]20,29,3)([66]38,9,2)([67]53,27,3)([68]63,42,3)([69]64,59,7)([70]39,39,3)([71]64,46,5)([72]46,71,4)([73]47,68,5)([74]17,63,4)([75]58,56,2)([76]72,46,6)([77]44,12,1)([78]17,52,1)([79]10,48,3)([80]75,71,5)([81]56,39,0)([82]74,23,7)([83]65,78,5)([84]57,40,7)([85]5,75,7)([86]80,73,2)(86)
evaluations: 18699755
first invidual area: 152.25
{7,1,80,1,2,1,8}([7]4,6,5)([8]0,7,2)([9]2,0,2)([10]2,5,4)([11]3,7,4)([12]0,11,3)([13]1,10,5)([14]12,1,5)([15]4,0,4)([16]1,11,3)([17]16,1,3)([18]5,0,6)([19]2,13,2)([20]6,18,4)([21]6,9,6)([22]2,15,7)([23]13,7,7)([24]0,16,5)([25]11,13,7)([26]4,11,3)([27]5,3,6)([28]25,2,3)([29]21,22,7)([30]19,27,6)([31]28,10,5)([32]29,26,5)([33]28,27,4)([34]32,14,2)([35]7,15,4)([36]6,33,4)([37]19,35,7)([38]3,12,5)([39]25,22,3)([40]1,20,6)([41]30,33,5)([42]17,17,5)([43]10,37,6)([44]0,26,3)([45]15,21,5)([46]1,37,5)([47]36,46,7)([48]6,42,0)([49]6,4,2)([50]30,24,6)([51]50,34,6)([52]44,19,0)([53]11,38,3)([54]12,43,2)([55]26,37,4)([56]20,40,0)([57]0,34,2)([58]31,29,3)([59]17,19,3)([60]4,9,0)([61]28,29,2)([62]5,22,7)([63]18,12,1)([64]51,40,6)([65]57,55,3)([66]46,58,2)([67]57,56,0)([68]52,26,4)([69]29,2,0)([70]14,8,1)([71]70,35,3)([72]65,51,3)([73]11,47,7)([74]50,22,4)([75]58,64,5)([76]51,56,7)([77]48,6,3)([78]54,62,7)([79]67,40,6)([80]25,49,6)([81]76,18,3)([82]43,74,4)([83]33,79,0)([84]47,65,5)([85]84,75,2)([86]60,38,5)(85)
optimized area: 122.26
time: 619310 ms
seed: 1633973100
NOT FOUND
time: 526228 ms
seed: 1633996025
NOT FOUND
time: 540912 ms
seed: 1634044904
NOT FOUND
time: 519209 ms
seed: 1634159063
NOT FOUND
time: 530986 ms
seed: 1634206409
{7,1,80,1,2,1,8}([7]5,1,4)([8]4,2,2)([9]8,7,2)([10]6,3,7)([11]3,2,7)([12]7,0,6)([13]6,4,7)([14]12,4,4)([15]7,5,6)([16]7,4,2)([17]10,14,4)([18]11,14,5)([19]13,11,4)([20]6,0,4)([21]11,0,6)([22]21,16,7)([23]6,22,5)([24]4,23,4)([25]5,18,4)([26]24,5,6)([27]17,26,4)([28]9,3,5)([29]15,18,5)([30]12,0,3)([31]2,29,7)([32]8,3,4)([33]25,10,1)([34]0,6,5)([35]27,1,5)([36]21,15,3)([37]31,27,6)([38]19,0,2)([39]33,0,3)([40]30,20,4)([41]22,35,2)([42]41,38,6)([43]5,40,3)([44]33,39,3)([45]28,42,5)([46]8,45,5)([47]22,40,2)([48]17,15,3)([49]20,27,3)([50]41,20,3)([51]16,23,2)([52]22,34,2)([53]11,45,4)([54]22,6,0)([55]51,49,5)([56]33,29,5)([57]5,1,4)([58]45,32,6)([59]31,15,1)([60]6,58,4)([61]55,58,7)([62]37,43,4)([63]51,49,2)([64]11,54,4)([65]8,46,6)([66]23,40,3)([67]39,6,0)([68]67,61,2)([69]53,40,5)([70]27,5,2)([71]19,30,4)([72]21,18,6)([73]60,63,0)([74]71,22,4)([75]45,68,4)([76]63,51,2)([77]28,5,5)([78]48,61,7)([79]35,54,0)([80]0,38,5)([81]28,8,4)([82]68,62,7)([83]29,81,6)([84]16,11,2)([85]58,23,1)([86]31,57,2)(82)
evaluations: 35562430
first invidual area: 141.03
{7,1,80,1,2,1,8}([7]1,5,4)([8]2,4,5)([9]6,3,7)([10]0,7,6)([11]2,3,7)([12]5,7,6)([13]11,0,6)([14]4,10,4)([15]3,4,2)([16]7,14,2)([17]9,14,7)([18]14,11,5)([19]14,4,7)([20]6,0,4)([21]2,17,4)([22]13,16,7)([23]22,6,5)([24]4,23,4)([25]11,5,2)([26]24,5,3)([27]17,26,4)([28]18,5,7)([29]12,18,5)([30]10,0,6)([31]2,29,7)([32]8,3,7)([33]27,9,0)([34]0,19,2)([35]33,1,5)([36]4,19,1)([37]31,27,3)([38]21,0,2)([39]5,34,2)([40]30,20,7)([41]35,22,2)([42]41,38,6)([43]5,40,6)([44]16,31,5)([45]44,42,5)([46]45,32,6)([47]27,20,3)([48]34,30,3)([49]20,45,6)([50]27,49,3)([51]23,16,2)([52]42,47,5)([53]25,29,6)([54]1,2,2)([55]51,47,5)([56]47,55,5)([57]33,0,4)([58]35,50,5)([59]0,28,3)([60]27,13,4)([61]55,46,7)([62]37,43,7)([63]59,55,4)([64]4,33,1)([65]4,32,2)([66]32,45,3)([67]57,17,7)([68]61,59,5)([69]62,36,4)([70]46,8,7)([71]51,21,0)([72]25,14,5)([73]24,64,1)([74]53,71,5)([75]68,55,0)([76]1,18,5)([77]61,18,1)([78]7,68,2)([79]25,9,0)([80]26,32,6)([81]49,47,7)([82]68,62,7)([83]67,78,1)([84]46,36,3)([85]66,57,4)([86]1,70,1)(82)
optimized area: 131.66
time: 573384 ms
seed: 1634255356
NOT FOUND
time: 533163 ms
seed: 1634303493
{7,1,80,1,2,1,8}([7]4,6,3)([8]2,3,4)([9]2,0,0)([10]8,7,4)([11]4,5,5)([12]4,1,7)([13]4,0,4)([14]2,13,7)([15]6,13,7)([16]11,15,2)([17]16,8,7)([18]7,5,4)([19]1,15,2)([20]0,0,0)([21]6,14,6)([22]14,9,2)([23]16,12,3)([24]12,22,3)([25]23,9,7)([26]11,8,5)([27]16,21,3)([28]2,10,4)([29]24,25,6)([30]11,5,0)([31]10,29,3)([32]26,19,2)([33]32,20,2)([34]21,32,4)([35]3,18,4)([36]0,21,2)([37]35,2,5)([38]23,31,2)([39]38,34,5)([40]35,29,4)([41]17,36,6)([42]34,41,7)([43]35,19,7)([44]37,23,2)([45]11,12,5)([46]2,45,5)([47]32,43,6)([48]15,17,3)([49]43,9,3)([50]42,24,2)([51]13,25,7)([52]28,15,3)([53]44,0,6)([54]12,24,3)([55]5,2,6)([56]18,34,5)([57]36,45,5)([58]42,49,2)([59]23,45,5)([60]10,12,7)([61]57,38,5)([62]53,45,6)([63]55,58,3)([64]16,17,3)([65]51,4,7)([66]6,35,3)([67]10,62,3)([68]33,15,5)([69]67,40,7)([70]58,22,5)([71]16,1,6)([72]36,22,5)([73]32,0,5)([74]73,60,5)([75]74,58,2)([76]69,39,2)([77]27,75,4)([78]25,12,1)([79]57,75,7)([80]22,79,0)([81]32,50,5)([82]76,75,6)([83]50,15,7)([84]9,68,3)([85]75,26,4)([86]37,67,2)(82)
evaluations: 14152737
first invidual area: 139.61
{7,1,80,1,2,1,8}([7]6,4,3)([8]2,3,4)([9]7,5,4)([10]8,7,4)([11]4,5,5)([12]4,1,7)([13]0,4,4)([14]13,2,7)([15]13,6,7)([16]11,15,2)([17]16,8,7)([18]9,0,5)([19]1,15,2)([20]2,16,7)([21]6,14,6)([22]13,14,2)([23]13,14,6)([24]12,20,3)([25]21,0,2)([26]17,8,5)([27]21,16,1)([28]12,15,3)([29]22,10,5)([30]19,26,5)([31]9,9,5)([32]28,1,4)([33]10,0,0)([34]27,30,4)([35]3,9,4)([36]2,9,5)([37]22,24,3)([38]34,28,2)([39]25,17,6)([40]35,37,7)([41]30,39,6)([42]34,39,7)([43]19,35,7)([44]12,11,5)([45]14,34,3)([46]0,36,6)([47]12,33,7)([48]38,18,5)([49]30,40,5)([50]16,30,5)([51]23,40,0)([52]11,50,2)([53]7,38,2)([54]43,2,3)([55]53,38,7)([56]54,13,0)([57]49,12,1)([58]42,56,2)([59]28,33,1)([60]44,48,5)([61]15,9,7)([62]46,44,6)([63]36,3,5)([64]54,50,5)([65]39,39,7)([66]47,49,5)([67]10,62,3)([68]13,7,5)([69]67,40,7)([70]9,37,6)([71]35,3,6)([72]34,52,4)([73]26,13,1)([74]47,27,5)([75]74,58,2)([76]48,69,2)([77]9,13,6)([78]23,12,5)([79]50,57,4)([80]22,27,0)([81]17,60,6)([82]76,75,6)([83]72,69,4)([84]42,18,2)([85]84,14,2)([86]27,82,0)(82)
optimized area: 135.86
time: 672202 ms
seed: 1634344015
{7,1,80,1,2,1,8}([7]0,6,7)([8]2,5,5)([9]1,3,4)([10]3,9,4)([11]4,6,1)([12]7,0,2)([13]3,0,7)([14]7,2,5)([15]3,2,7)([16]3,6,5)([17]0,10,7)([18]11,13,2)([19]13,5,5)([20]19,12,7)([21]18,14,2)([22]6,19,7)([23]9,4,7)([24]8,23,7)([25]4,16,2)([26]20,4,7)([27]24,20,6)([28]25,0,4)([29]5,27,7)([30]26,1,2)([31]10,27,2)([32]6,11,0)([33]30,15,3)([34]33,17,2)([35]21,7,3)([36]7,27,2)([37]19,18,1)([38]8,10,2)([39]18,7,4)([40]0,7,4)([41]38,15,5)([42]36,10,3)([43]4,40,7)([44]42,21,7)([45]33,31,3)([46]22,41,3)([47]42,3,0)([48]46,46,3)([49]48,5,4)([50]18,26,5)([51]47,26,0)([52]49,6,2)([53]29,23,5)([54]12,31,2)([55]16,45,2)([56]6,31,7)([57]17,0,0)([58]41,21,7)([59]52,21,4)([60]44,28,0)([61]28,34,3)([62]27,54,4)([63]49,55,7)([64]63,15,0)([65]3,39,7)([66]2,15,2)([67]9,11,1)([68]42,61,7)([69]37,7,7)([70]40,47,6)([71]19,47,4)([72]64,60,3)([73]16,44,4)([74]39,8,5)([75]72,49,5)([76]6,62,1)([77]30,8,5)([78]26,68,0)([79]19,77,7)([80]0,27,6)([81]61,29,3)([82]15,56,5)([83]15,72,4)([84]34,70,6)([85]75,81,5)([86]74,85,7)(86)
evaluations: 7779907
first invidual area: 142.90
{7,1,80,1,2,1,8}([7]6,0,7)([8]2,5,5)([9]8,4,4)([10]7,2,5)([11]0,1,7)([12]0,7,5)([13]0,3,7)([14]1,3,7)([15]2,3,7)([16]3,6,5)([17]12,14,6)([18]13,9,2)([19]13,5,5)([20]12,19,5)([21]10,18,5)([22]7,18,4)([23]9,14,7)([24]19,6,7)([25]16,4,5)([26]20,4,7)([27]23,20,6)([28]4,19,3)([29]21,26,2)([30]22,8,5)([31]30,23,3)([32]27,31,4)([33]29,15,3)([34]0,30,4)([35]16,8,6)([36]22,27,5)([37]25,0,7)([38]1,8,2)([39]9,26,0)([40]21,36,5)([41]38,15,5)([42]0,28,4)([43]17,28,2)([44]11,30,0)([45]26,1,0)([46]41,24,6)([47]46,13,4)([48]33,11,2)([49]37,41,0)([50]5,46,7)([51]49,33,4)([52]24,51,6)([53]0,15,3)([54]40,38,7)([55]33,27,3)([56]5,27,7)([57]53,10,1)([58]45,32,5)([59]58,18,2)([60]5,10,1)([61]49,48,3)([62]42,22,7)([63]27,39,4)([64]5,29,6)([65]53,42,6)([66]28,7,0)([67]19,19,4)([68]38,54,7)([69]33,52,2)([70]16,33,2)([71]25,4,3)([72]70,54,3)([73]13,13,6)([74]70,33,7)([75]72,50,5)([76]6,54,1)([77]56,61,3)([78]47,22,7)([79]69,22,0)([80]51,71,7)([81]62,6,3)([82]72,4,0)([83]23,30,1)([84]40,58,5)([85]77,75,5)([86]30,85,7)(86)
optimized area: 122.27
time: 663692 ms
seed: 1634392909
{7,1,80,1,2,1,8}([7]4,3,6)([8]5,1,4)([9]4,6,6)([10]3,6,7)([11]0,2,7)([12]8,9,4)([13]7,0,4)([14]10,5,3)([15]3,1,2)([16]14,2,5)([17]15,4,5)([18]4,10,2)([19]4,12,2)([20]12,13,5)([21]6,11,4)([22]20,16,2)([23]22,3,6)([24]5,20,4)([25]1,23,3)([26]7,13,5)([27]25,22,0)([28]27,21,6)([29]0,26,6)([30]28,24,4)([31]3,24,2)([32]19,26,4)([33]2,23,3)([34]24,17,4)([35]27,12,2)([36]28,18,7)([37]19,16,2)([38]14,34,5)([39]12,11,1)([40]10,36,1)([41]31,18,5)([42]34,37,1)([43]40,34,5)([44]38,21,4)([45]5,44,2)([46]40,35,5)([47]17,21,6)([48]18,45,3)([49]7,29,5)([50]16,45,4)([51]0,8,4)([52]51,3,4)([53]48,30,3)([54]8,2,0)([55]15,53,4)([56]55,50,6)([57]53,42,1)([58]46,57,1)([59]33,56,4)([60]33,38,2)([61]39,47,3)([62]56,33,2)([63]37,43,4)([64]27,32,1)([65]50,50,4)([66]20,13,6)([67]47,63,5)([68]57,57,4)([69]43,24,7)([70]21,32,4)([71]32,35,4)([72]11,1,0)([73]59,26,7)([74]73,60,6)([75]47,32,4)([76]0,50,2)([77]2,49,2)([78]50,2,7)([79]75,1,4)([80]42,44,0)([81]31,67,6)([82]30,63,5)([83]74,62,4)([84]82,83,7)([85]21,18,7)([86]71,8,0)(84)
evaluations: 39404354
first invidual area: 138.68
{7,1,80,1,2,1,8}([7]3,4,6)([8]1,5,4)([9]4,6,6)([10]6,3,7)([11]2,0,7)([12]9,8,4)([13]7,0,4)([14]10,5,3)([15]1,3,2)([16]2,14,5)([17]15,4,5)([18]4,16,2)([19]7,16,4)([20]13,12,5)([21]11,6,4)([22]16,20,2)([23]22,3,6)([24]5,20,4)([25]23,1,3)([26]7,13,5)([27]25,21,3)([28]10,18,1)([29]4,6,2)([30]27,24,7)([31]26,5,0)([32]2,11,2)([33]2,23,3)([34]24,17,4)([35]14,6,3)([36]18,0,2)([37]18,8,5)([38]14,34,5)([39]15,28,6)([40]4,8,5)([41]40,18,2)([42]39,0,2)([43]28,34,5)([44]38,21,4)([45]5,44,5)([46]44,18,4)([47]19,3,4)([48]29,16,3)([49]11,35,3)([50]16,45,7)([51]5,8,7)([52]48,30,3)([53]25,38,3)([54]0,48,3)([55]15,52,4)([56]55,50,6)([57]53,49,6)([58]21,50,5)([59]33,56,7)([60]33,38,2)([61]18,14,7)([62]7,42,5)([63]37,43,7)([64]29,19,6)([65]57,0,3)([66]3,25,0)([67]49,51,2)([68]56,0,0)([69]12,16,5)([70]17,27,5)([71]29,28,4)([72]17,49,3)([73]59,26,4)([74]73,60,3)([75]3,70,0)([76]32,11,1)([77]45,68,5)([78]29,21,2)([79]0,28,4)([80]64,20,7)([81]80,58,4)([82]30,63,5)([83]74,77,4)([84]82,83,7)([85]76,57,2)([86]48,58,5)(84)
optimized area: 137.27
time: 586361 ms
seed: 1634441977
NOT FOUND
time: 527791 ms
seed: 1634502160
{7,1,80,1,2,1,8}([7]0,4,2)([8]5,2,4)([9]5,4,5)([10]9,5,2)([11]4,3,6)([12]2,3,4)([13]3,8,7)([14]11,7,3)([15]1,13,7)([16]2,0,3)([17]15,4,5)([18]2,17,7)([19]14,5,6)([20]16,12,5)([21]17,8,2)([22]6,12,6)([23]21,5,6)([24]6,2,6)([25]24,11,4)([26]15,22,7)([27]6,9,2)([28]15,19,4)([29]2,12,4)([30]20,28,5)([31]23,18,3)([32]31,5,5)([33]25,23,4)([34]4,26,2)([35]14,1,2)([36]15,13,3)([37]36,31,5)([38]0,37,7)([39]30,26,6)([40]9,34,2)([41]19,3,5)([42]33,9,0)([43]10,23,0)([44]41,2,7)([45]33,38,2)([46]22,3,2)([47]22,17,7)([48]28,3,4)([49]24,34,6)([50]0,1,5)([51]14,5,2)([52]44,38,2)([53]27,52,3)([54]15,11,7)([55]53,30,7)([56]19,43,3)([57]35,22,4)([58]28,33,2)([59]38,25,0)([60]52,34,7)([61]49,21,3)([62]0,50,2)([63]61,8,4)([64]14,27,7)([65]47,19,0)([66]43,3,5)([67]1,26,3)([68]15,57,1)([69]55,63,6)([70]19,6,6)([71]10,52,4)([72]40,63,0)([73]43,17,3)([74]69,45,3)([75]26,9,2)([76]14,48,4)([77]75,40,1)([78]0,56,6)([79]56,57,3)([80]23,4,6)([81]73,74,5)([82]23,32,4)([83]76,44,7)([84]45,61,6)([85]53,57,3)([86]55,36,2)(74)
evaluations: 20156825
first invidual area: 118.99
{7,1,80,1,2,1,8}([7]0,6,7)([8]2,5,4)([9]0,4,2)([10]2,0,3)([11]3,4,6)([12]3,2,4)([13]5,12,7)([14]12,6,3)([15]13,1,7)([16]4,5,5)([17]4,15,5)([18]9,5,3)([19]18,11,6)([20]12,10,5)([21]17,8,2)([22]20,16,5)([23]21,5,6)([24]2,6,6)([25]24,11,4)([26]15,14,4)([27]6,16,2)([28]15,19,4)([29]2,17,7)([30]29,23,3)([31]1,11,4)([32]18,3,5)([33]23,25,4)([34]4,26,2)([35]20,28,5)([36]13,15,3)([37]36,30,5)([38]0,37,7)([39]38,13,3)([40]17,36,3)([41]22,4,6)([42]37,7,6)([43]6,3,0)([44]32,12,7)([45]33,38,2)([46]44,38,2)([47]11,46,1)([48]12,32,7)([49]24,34,6)([50]15,45,3)([51]39,19,2)([52]28,24,3)([53]49,21,3)([54]46,27,6)([55]9,19,1)([56]11,28,1)([57]28,22,3)([58]19,54,1)([59]51,57,0)([60]1,52,7)([61]42,28,4)([62]35,54,4)([63]8,53,4)([64]34,1,3)([65]23,14,1)([66]23,37,5)([67]23,43,7)([68]64,32,2)([69]62,63,6)([70]27,64,3)([71]21,3,5)([72]16,60,7)([73]57,42,2)([74]69,45,3)([75]22,64,4)([76]35,50,6)([77]69,13,7)([78]72,61,7)([79]19,78,3)([80]40,27,7)([81]22,20,0)([82]19,63,6)([83]36,36,2)([84]19,71,5)([85]3,17,2)([86]67,43,3)(74)
optimized area: 118.99
time: 611178 ms
seed: 1634601434
{7,1,80,1,2,1,8}([7]4,0,2)([8]5,6,6)([9]1,7,5)([10]2,9,4)([11]5,1,4)([12]4,3,3)([13]3,11,3)([14]8,7,4)([15]1,13,4)([16]8,5,6)([17]16,1,2)([18]0,12,3)([19]8,3,7)([20]18,17,4)([21]10,0,5)([22]1,21,6)([23]18,21,3)([24]20,5,4)([25]20,2,2)([26]6,4,2)([27]10,19,7)([28]16,10,6)([29]26,2,5)([30]26,5,4)([31]25,8,0)([32]30,15,3)([33]14,6,4)([34]21,6,4)([35]29,10,7)([36]28,11,1)([37]6,11,4)([38]1,34,4)([39]14,25,2)([40]0,2,5)([41]38,24,4)([42]3,39,2)([43]22,41,4)([44]19,27,2)([45]14,17,4)([46]28,45,1)([47]42,38,3)([48]25,27,6)([49]7,11,4)([50]39,41,4)([51]43,4,3)([52]11,44,2)([53]3,51,2)([54]47,52,6)([55]52,28,3)([56]7,48,6)([57]53,56,6)([58]17,53,5)([59]46,39,1)([60]15,49,0)([61]32,52,5)([62]0,25,5)([63]32,57,4)([64]46,60,7)([65]50,54,3)([66]4,44,2)([67]45,8,0)([68]42,47,1)([69]59,37,4)([70]58,5,0)([71]65,63,2)([72]17,12,1)([73]71,55,5)([74]71,46,7)([75]14,68,6)([76]11,51,0)([77]34,27,1)([78]60,29,3)([79]65,59,2)([80]49,11,2)([81]6,2,2)([82]0,54,4)([83]71,47,2)([84]24,18,1)([85]48,30,0)([86]57,76,6)(74)
evaluations: 10564484
first invidual area: 138.68
{7,1,80,1,2,1,8}([7]4,0,2)([8]6,5,6)([9]1,7,5)([10]2,9,4)([11]1,5,4)([12]3,0,3)([13]3,11,3)([14]12,4,3)([15]13,1,4)([16]5,8,6)([17]6,4,5)([18]4,9,2)([19]16,11,5)([20]19,14,7)([21]10,0,5)([22]8,2,4)([23]7,22,7)([24]15,7,3)([25]23,6,4)([26]18,12,0)([27]3,22,7)([28]16,10,6)([29]15,0,5)([30]22,0,3)([31]24,11,6)([32]11,11,2)([33]2,20,2)([34]20,5,4)([35]27,33,6)([36]23,23,7)([37]1,21,4)([38]37,6,4)([39]2,23,5)([40]27,13,2)([41]34,38,4)([42]1,10,6)([43]29,41,7)([44]24,27,1)([45]5,17,7)([46]45,15,3)([47]43,4,3)([48]37,24,1)([49]4,30,6)([50]41,39,7)([51]2,24,5)([52]23,40,2)([53]3,47,2)([54]34,52,6)([55]31,19,3)([56]7,35,6)([57]53,56,6)([58]2,18,3)([59]26,5,7)([60]51,14,2)([61]20,21,0)([62]27,2,0)([63]38,29,1)([64]57,46,4)([65]54,50,3)([66]62,34,4)([67]63,59,6)([68]53,20,3)([69]60,50,7)([70]13,5,2)([71]51,6,4)([72]65,64,5)([73]24,0,5)([74]72,28,7)([75]23,65,0)([76]51,7,2)([77]22,22,7)([78]14,39,7)([79]77,67,3)([80]23,49,7)([81]53,3,4)([82]58,74,0)([83]27,70,1)([84]60,45,6)([85]23,10,6)([86]51,33,5)(74)
optimized area: 130.25
time: 656159 ms
seed: 1634650168
NOT FOUND
time: 525938 ms
seed: 1634706568
{7,1,80,1,2,1,8}([7]0,4,4)([8]7,7,2)([9]5,6,5)([10]9,3,5)([11]7,6,7)([12]3,1,2)([13]12,11,5)([14]1,3,3)([15]1,7,3)([16]15,0,4)([17]7,15,4)([18]14,6,7)([19]8,5,2)([20]1,2,7)([21]10,3,7)([22]11,16,5)([23]5,14,5)([24]23,0,7)([25]14,11,5)([26]10,1,5)([27]8,3,3)([28]7,14,2)([29]7,27,1)([30]25,6,3)([31]3,24,6)([32]18,26,5)([33]11,1,3)([34]11,23,7)([35]27,2,7)([36]25,16,2)([37]3,0,3)([38]28,9,4)([39]37,22,4)([40]17,21,4)([41]30,5,4)([42]10,9,5)([43]28,20,2)([44]5,43,3)([45]5,31,1)([46]36,32,6)([47]35,13,3)([48]44,46,7)([49]6,8,2)([50]32,41,2)([51]35,31,6)([52]13,1,6)([53]16,26,5)([54]19,20,4)([55]36,25,4)([56]5,51,4)([57]5,22,3)([58]36,2,3)([59]44,0,2)([60]49,30,7)([61]43,40,4)([62]50,55,2)([63]56,58,2)([64]37,63,2)([65]54,61,6)([66]63,4,1)([67]44,52,5)([68]26,3,7)([69]43,20,0)([70]47,46,3)([71]48,57,4)([72]71,70,4)([73]63,72,6)([74]65,39,2)([75]12,7,7)([76]73,74,3)([77]51,75,5)([78]3,73,0)([79]35,12,6)([80]6,73,4)([81]3,1,5)([82]27,16,3)([83]82,12,0)([84]38,39,6)([85]51,37,6)([86]79,25,1)(76)
evaluations: 28232901
first invidual area: 146.17
{7,1,80,1,2,1,8}([7]0,4,4)([8]5,1,5)([9]7,6,0)([10]7,1,6)([11]6,9,7)([12]3,8,5)([13]3,3,0)([14]1,6,0)([15]3,7,6)([16]10,0,7)([17]6,1,6)([18]6,13,7)([19]8,6,3)([20]1,2,7)([21]13,20,2)([22]11,16,5)([23]1,21,3)([24]2,18,6)([25]13,11,5)([26]12,1,5)([27]10,25,3)([28]23,20,2)([29]25,16,2)([30]0,8,7)([31]13,30,6)([32]26,18,5)([33]19,24,1)([34]31,27,6)([35]15,2,4)([36]21,29,5)([37]7,30,0)([38]7,35,3)([39]31,22,7)([40]21,24,3)([41]29,2,3)([42]5,2,6)([43]28,7,2)([44]5,43,3)([45]9,44,5)([46]16,32,6)([47]21,25,3)([48]44,46,4)([49]21,7,3)([50]22,5,3)([51]35,31,3)([52]39,39,5)([53]40,25,2)([54]20,45,7)([55]42,43,7)([56]51,5,7)([57]46,44,7)([58]47,30,5)([59]22,50,3)([60]54,48,6)([61]28,40,4)([62]56,41,2)([63]22,26,0)([64]12,44,7)([65]61,54,6)([66]60,25,4)([67]9,63,3)([68]58,11,7)([69]35,50,6)([70]47,65,3)([71]48,50,7)([72]71,70,4)([73]72,62,6)([74]65,39,2)([75]30,2,4)([76]73,74,3)([77]2,52,2)([78]77,2,7)([79]62,16,0)([80]31,73,7)([81]77,17,7)([82]52,6,0)([83]50,36,6)([84]34,37,1)([85]18,15,6)([86]70,66,6)(76)
optimized area: 130.23
time: 1067744 ms
seed: 1634784092
{7,1,80,1,2,1,8}([7]2,6,3)([8]3,2,4)([9]2,5,1)([10]8,5,7)([11]9,0,2)([12]0,5,4)([13]4,2,7)([14]5,6,6)([15]2,0,6)([16]7,4,3)([17]8,12,4)([18]16,16,2)([19]1,18,1)([20]13,10,2)([21]5,1,6)([22]20,11,4)([23]12,4,4)([24]3,11,6)([25]17,16,7)([26]21,15,3)([27]6,5,7)([28]14,26,7)([29]19,25,4)([30]4,28,4)([31]2,12,2)([32]21,15,5)([33]29,30,2)([34]30,26,4)([35]6,30,0)([36]1,7,5)([37]4,3,1)([38]17,25,6)([39]31,20,7)([40]3,34,1)([41]25,39,3)([42]31,35,4)([43]38,25,3)([44]28,22,7)([45]41,44,7)([46]24,22,6)([47]29,46,6)([48]15,44,7)([49]42,34,6)([50]12,46,2)([51]49,26,6)([52]33,14,3)([53]49,45,6)([54]52,45,5)([55]37,7,4)([56]54,21,0)([57]0,45,3)([58]22,23,2)([59]40,53,3)([60]57,36,4)([61]54,3,4)([62]25,26,2)([63]4,38,6)([64]62,29,0)([65]46,60,7)([66]10,55,6)([67]35,39,0)([68]47,30,0)([69]65,59,3)([70]30,69,6)([71]66,23,3)([72]71,47,5)([73]38,47,6)([74]46,31,5)([75]72,69,2)([76]16,65,3)([77]58,6,7)([78]54,75,5)([79]46,11,4)([80]21,41,7)([81]46,47,0)([82]76,58,7)([83]30,2,0)([84]50,75,7)([85]20,84,0)([86]34,13,2)(78)
evaluations: 21689081
first invidual area: 156.01
{7,1,80,1,2,1,8}([7]2,6,3)([8]2,3,4)([9]2,4,7)([10]8,5,7)([11]4,7,6)([12]5,0,4)([13]10,0,1)([14]6,5,6)([15]2,0,6)([16]2,12,2)([17]9,10,2)([18]11,8,4)([19]2,15,6)([20]12,2,0)([21]1,5,6)([22]17,19,4)([23]18,15,7)([24]3,19,6)([25]18,20,4)([26]21,15,6)([27]12,8,1)([28]26,14,4)([29]25,1,7)([30]28,4,4)([31]6,7,7)([32]1,7,5)([33]13,10,3)([34]28,22,7)([35]31,26,3)([36]29,30,2)([37]7,20,2)([38]16,17,6)([39]15,1,4)([40]6,25,4)([41]28,10,1)([42]28,35,7)([43]38,25,6)([44]4,23,3)([45]43,34,4)([46]24,22,6)([47]29,46,6)([48]7,6,5)([49]40,30,6)([50]11,10,3)([51]3,35,1)([52]36,14,3)([53]49,45,6)([54]45,52,5)([55]33,20,1)([56]1,17,0)([57]38,50,3)([58]11,40,3)([59]47,41,2)([60]32,57,4)([61]20,4,4)([62]58,8,4)([63]41,36,2)([64]55,44,3)([65]60,46,7)([66]37,50,6)([67]66,61,3)([68]53,51,3)([69]68,65,3)([70]64,2,0)([71]33,26,6)([72]47,67,5)([73]26,36,4)([74]16,66,6)([75]72,69,2)([76]61,8,6)([77]24,66,4)([78]54,75,5)([79]35,66,7)([80]45,50,3)([81]18,7,2)([82]8,55,3)([83]14,15,5)([84]77,38,1)([85]72,0,6)([86]68,85,7)(78)
optimized area: 144.76
time: 1175903 ms
seed: 1634849387
NOT FOUND
time: 989046 ms
seed: 1635103790
{7,1,80,1,2,1,8}([7]4,2,6)([8]5,1,0)([9]2,1,5)([10]2,8,4)([11]5,6,3)([12]5,11,2)([13]11,3,4)([14]10,3,4)([15]9,14,2)([16]1,15,7)([17]1,0,2)([18]11,7,4)([19]17,6,2)([20]9,18,7)([21]3,17,5)([22]18,13,2)([23]6,15,4)([24]8,16,5)([25]19,0,6)([26]6,24,5)([27]4,0,3)([28]17,18,1)([29]7,21,2)([30]29,23,1)([31]18,0,7)([32]1,14,2)([33]4,19,4)([34]0,33,2)([35]25,20,2)([36]22,4,4)([37]6,29,4)([38]8,34,5)([39]26,27,5)([40]36,23,2)([41]40,35,7)([42]10,38,2)([43]29,35,5)([44]37,34,6)([45]37,14,5)([46]12,4,3)([47]45,12,2)([48]25,16,6)([49]30,13,2)([50]49,39,5)([51]34,42,4)([52]45,43,2)([53]22,40,1)([54]23,50,3)([55]16,44,7)([56]48,14,2)([57]22,8,4)([58]46,20,5)([59]51,36,0)([60]50,59,4)([61]46,40,6)([62]17,51,4)([63]8,48,7)([64]43,27,6)([65]40,16,1)([66]55,41,5)([67]21,36,5)([68]63,23,7)([69]61,50,2)([70]13,21,5)([71]49,2,3)([72]55,22,4)([73]51,35,1)([74]51,34,1)([75]42,23,5)([76]68,47,3)([77]72,27,4)([78]41,64,6)([79]76,60,5)([80]66,79,2)([81]62,64,7)([82]46,0,1)([83]57,23,5)([84]48,77,1)([85]73,43,1)([86]12,47,3)(80)
evaluations: 37851349
first invidual area: 141.94
{7,1,80,1,2,1,8}([7]4,2,6)([8]1,3,0)([9]2,8,5)([10]5,2,4)([11]6,5,3)([12]10,3,4)([13]1,6,5)([14]3,11,5)([15]9,12,2)([16]15,1,7)([17]3,0,2)([18]11,7,4)([19]7,8,0)([20]9,18,2)([21]1,17,5)([22]18,14,2)([23]15,6,4)([24]5,16,5)([25]0,23,1)([26]24,6,5)([27]4,0,3)([28]20,25,5)([29]7,21,5)([30]26,17,0)([31]13,4,7)([32]14,2,0)([33]10,28,1)([34]0,31,2)([35]25,14,7)([36]22,4,4)([37]6,29,7)([38]30,34,5)([39]26,27,5)([40]36,23,5)([41]40,28,7)([42]10,38,5)([43]26,11,2)([44]37,34,6)([45]34,35,5)([46]41,1,4)([47]22,16,0)([48]25,16,3)([49]29,47,2)([50]49,39,5)([51]34,42,7)([52]19,39,2)([53]47,37,4)([54]44,14,0)([55]16,44,7)([56]1,20,6)([57]29,2,3)([58]53,12,5)([59]20,54,4)([60]50,51,4)([61]5,48,7)([62]12,60,6)([63]37,15,3)([64]57,41,3)([65]23,25,6)([66]55,41,5)([67]65,56,6)([68]61,23,4)([69]57,55,3)([70]20,20,4)([71]7,4,5)([72]63,14,6)([73]10,65,6)([74]68,34,6)([75]46,5,3)([76]68,43,3)([77]46,32,4)([78]73,40,7)([79]76,60,5)([80]66,79,2)([81]8,5,4)([82]50,53,0)([83]2,18,6)([84]56,65,6)([85]72,78,6)([86]39,23,3)(80)
optimized area: 127.87
time: 1037093 ms
seed: 1635128283
{7,1,80,1,2,1,8}([7]4,6,3)([8]6,4,5)([9]5,6,2)([10]4,5,5)([11]9,0,7)([12]5,2,7)([13]6,3,7)([14]3,0,4)([15]2,13,4)([16]5,8,5)([17]14,11,6)([18]17,10,7)([19]8,11,3)([20]18,15,3)([21]1,2,2)([22]8,17,4)([23]19,14,4)([24]23,7,2)([25]23,8,6)([26]13,24,4)([27]21,13,6)([28]26,16,6)([29]27,14,4)([30]1,19,4)([31]18,6,3)([32]1,0,0)([33]1,10,2)([34]18,26,0)([35]28,1,3)([36]7,27,5)([37]22,29,4)([38]10,14,6)([39]35,24,7)([40]38,20,4)([41]26,15,4)([42]24,35,3)([43]22,3,1)([44]43,5,3)([45]40,39,2)([46]21,23,6)([47]8,20,2)([48]6,21,7)([49]24,39,4)([50]12,8,0)([51]46,4,4)([52]7,26,4)([53]7,2,2)([54]26,37,5)([55]49,7,5)([56]33,37,0)([57]52,21,7)([58]45,54,6)([59]31,55,6)([60]53,54,7)([61]15,60,2)([62]30,52,3)([63]53,55,3)([64]62,47,3)([65]42,60,2)([66]64,35,1)([67]40,35,1)([68]47,20,7)([69]58,32,0)([70]45,50,7)([71]50,9,4)([72]2,6,2)([73]58,25,7)([74]6,56,6)([75]42,71,4)([76]4,9,0)([77]19,34,7)([78]27,53,5)([79]48,29,7)([80]1,33,5)([81]73,71,7)([82]58,57,0)([83]67,17,3)([84]64,70,2)([85]26,82,4)([86]69,84,3)(86)
evaluations: 45764232
first invidual area: 124.64
{7,1,80,1,2,1,8}([7]6,4,3)([8]6,4,5)([9]6,5,2)([10]5,4,5)([11]9,0,7)([12]2,5,7)([13]6,3,7)([14]3,0,4)([15]13,2,4)([16]5,8,5)([17]14,11,6)([18]17,10,7)([19]8,11,3)([20]18,15,3)([21]20,1,2)([22]8,17,7)([23]14,19,4)([24]23,7,2)([25]14,16,3)([26]13,24,4)([27]21,13,3)([28]26,16,6)([29]14,27,4)([30]1,19,4)([31]0,10,4)([32]31,13,2)([33]14,1,3)([34]29,22,4)([35]28,1,3)([36]16,23,1)([37]32,24,0)([38]10,14,6)([39]35,24,7)([40]38,20,4)([41]17,8,1)([42]17,12,0)([43]23,15,6)([44]37,3,6)([45]40,39,2)([46]39,41,5)([47]40,44,2)([48]25,9,0)([49]42,19,0)([50]49,29,6)([51]38,37,1)([52]26,7,4)([53]47,41,2)([54]26,34,5)([55]43,51,7)([56]4,49,1)([57]10,18,6)([58]45,54,6)([59]44,22,2)([60]53,20,3)([61]3,43,4)([62]30,52,3)([63]59,48,6)([64]62,21,3)([65]45,12,7)([66]12,21,4)([67]30,13,6)([68]23,2,4)([69]1,44,6)([70]43,43,7)([71]10,39,3)([72]7,4,4)([73]35,59,5)([74]64,34,3)([75]36,21,6)([76]0,11,2)([77]60,42,2)([78]1,4,7)([79]18,47,6)([80]78,62,2)([81]21,8,1)([82]49,3,4)([83]54,42,4)([84]64,65,2)([85]63,28,5)([86]84,58,3)(86)
optimized area: 122.30
time: 534450 ms
seed: 1635177273
NOT FOUND
time: 524158 ms
seed: 1635302216
NOT FOUND
time: 1005094 ms
seed: 1635459842
{7,1,80,1,2,1,8}([7]6,3,2)([8]0,1,4)([9]8,4,2)([10]5,0,5)([11]10,2,2)([12]3,6,7)([13]8,11,5)([14]5,13,4)([15]3,5,7)([16]1,4,6)([17]0,3,4)([18]2,4,4)([19]0,4,0)([20]17,9,4)([21]20,1,5)([22]14,8,2)([23]16,18,7)([24]15,17,2)([25]2,5,3)([26]11,6,5)([27]19,18,6)([28]5,19,6)([29]4,8,7)([30]23,15,7)([31]17,4,6)([32]1,26,5)([33]24,14,6)([34]31,26,4)([35]21,12,5)([36]28,12,4)([37]27,20,7)([38]30,35,7)([39]37,30,6)([40]38,20,1)([41]33,29,5)([42]11,15,4)([43]5,31,2)([44]39,16,0)([45]38,44,2)([46]40,25,7)([47]35,41,2)([48]6,43,6)([49]17,3,6)([50]32,26,7)([51]34,42,2)([52]45,23,7)([53]51,0,4)([54]30,36,2)([55]30,7,7)([56]10,5,5)([57]29,30,1)([58]52,53,5)([59]28,31,2)([60]54,41,6)([61]42,39,0)([62]19,60,7)([63]17,47,2)([64]48,22,6)([65]47,58,4)([66]16,49,4)([67]64,54,5)([68]49,36,5)([69]65,58,5)([70]58,51,6)([71]16,32,4)([72]67,65,7)([73]30,13,5)([74]16,3,2)([75]62,66,2)([76]12,47,7)([77]3,30,7)([78]38,40,5)([79]60,53,2)([80]16,75,6)([81]74,9,7)([82]75,48,7)([83]8,66,6)([84]47,49,4)([85]27,45,0)([86]11,62,0)(72)
evaluations: 44141337
first invidual area: 143.85
{7,1,80,1,2,1,8}([7]0,5,5)([8]1,0,4)([9]8,4,5)([10]4,1,3)([11]7,2,2)([12]3,6,7)([13]11,8,5)([14]5,13,4)([15]3,5,7)([16]0,1,0)([17]0,3,4)([18]4,2,4)([19]0,2,2)([20]17,9,7)([21]20,1,5)([22]14,8,2)([23]18,10,4)([24]15,17,2)([25]4,8,7)([26]6,11,5)([27]0,18,3)([28]5,16,3)([29]4,11,6)([30]23,15,7)([31]17,4,6)([32]8,2,1)([33]24,14,6)([34]31,26,4)([35]21,12,5)([36]21,24,6)([37]27,20,7)([38]30,35,6)([39]21,36,5)([40]28,12,7)([41]33,25,5)([42]11,15,4)([43]37,26,4)([44]42,13,2)([45]38,37,2)([46]38,2,5)([47]35,41,5)([48]6,31,6)([49]45,36,3)([50]38,4,5)([51]34,42,2)([52]45,23,7)([53]51,0,4)([54]30,40,2)([55]41,19,7)([56]14,4,7)([57]20,20,2)([58]52,53,5)([59]5,44,6)([60]53,20,2)([61]55,45,3)([62]23,8,5)([63]32,13,4)([64]48,22,6)([65]47,58,7)([66]49,6,5)([67]64,54,5)([68]7,67,7)([69]61,63,2)([70]18,16,7)([71]47,15,0)([72]67,65,7)([73]47,42,0)([74]14,35,5)([75]40,8,5)([76]6,39,7)([77]5,51,0)([78]1,43,0)([79]37,5,0)([80]21,3,1)([81]46,72,1)([82]32,19,1)([83]61,74,6)([84]52,67,4)([85]66,5,2)([86]76,27,2)(72)
optimized area: 135.88
time: 1039274 ms
seed: 1635566989
NOT FOUND
time: 981234 ms
seed: 1635608772
{7,1,80,1,2,1,8}([7]5,3,4)([8]6,7,3)([9]6,4,7)([10]8,1,5)([11]1,5,4)([12]9,11,3)([13]2,9,7)([14]6,9,0)([15]5,8,2)([16]10,10,5)([17]0,4,4)([18]7,1,3)([19]13,1,6)([20]9,13,6)([21]7,19,4)([22]21,5,2)([23]11,12,4)([24]17,18,2)([25]7,14,1)([26]0,8,6)([27]23,1,3)([28]12,26,7)([29]27,18,0)([30]9,4,6)([31]17,22,4)([32]4,7,4)([33]30,10,4)([34]28,17,3)([35]34,25,7)([36]1,19,3)([37]15,24,7)([38]16,9,6)([39]23,20,7)([40]15,3,3)([41]37,31,1)([42]37,34,1)([43]22,19,2)([44]31,39,3)([45]3,29,2)([46]45,15,4)([47]44,7,3)([48]41,22,3)([49]33,2,7)([50]44,34,7)([51]35,42,3)([52]45,49,4)([53]0,34,6)([54]18,43,3)([55]6,43,6)([56]48,3,1)([57]0,52,3)([58]50,5,1)([59]13,37,2)([60]51,54,5)([61]4,13,2)([62]56,23,1)([63]61,33,4)([64]63,57,6)([65]64,33,7)([66]37,59,6)([67]56,2,3)([68]65,44,5)([69]31,34,1)([70]42,61,6)([71]31,45,2)([72]68,51,5)([73]63,49,0)([74]61,10,7)([75]23,59,0)([76]3,67,7)([77]19,39,4)([78]54,54,3)([79]72,76,7)([80]17,14,4)([81]29,30,7)([82]32,11,0)([83]17,51,6)([84]3,76,2)([85]30,79,5)([86]1,49,3)(79)
evaluations: 26919924
first invidual area: 147.12
{7,1,80,1,2,1,8}([7]3,5,4)([8]6,7,3)([9]6,4,7)([10]1,2,0)([11]5,1,4)([12]11,9,3)([13]9,2,7)([14]1,8,5)([15]8,5,5)([16]7,10,3)([17]4,0,4)([18]13,10,3)([19]5,2,6)([20]13,15,5)([21]7,18,7)([22]5,21,2)([23]11,12,4)([24]23,1,3)([25]13,9,6)([26]4,8,3)([27]7,0,1)([28]12,26,5)([29]2,20,7)([30]4,9,6)([31]17,22,4)([32]26,0,2)([33]14,30,4)([34]17,28,6)([35]34,7,7)([36]16,17,5)([37]15,36,4)([38]37,35,3)([39]23,25,6)([40]37,35,4)([41]39,31,3)([42]33,20,7)([43]25,39,1)([44]20,34,0)([45]24,3,5)([46]7,26,3)([47]4,17,2)([48]29,45,4)([49]2,37,4)([50]37,22,6)([51]3,30,1)([52]28,48,5)([53]40,6,2)([54]41,7,2)([55]24,53,1)([56]29,47,5)([57]48,0,6)([58]35,21,2)([59]49,10,5)([60]50,24,2)([61]19,31,5)([62]4,7,7)([63]26,7,2)([64]42,57,3)([65]64,20,4)([66]26,11,1)([67]50,2,6)([68]65,41,5)([69]59,57,4)([70]30,35,3)([71]49,65,1)([72]68,38,5)([73]29,13,6)([74]64,19,6)([75]18,22,4)([76]3,67,4)([77]3,76,7)([78]19,27,7)([79]76,72,7)([80]30,19,0)([81]20,15,4)([82]31,47,1)([83]36,78,4)([84]16,5,2)([85]13,31,1)([86]1,71,0)(79)
optimized area: 134.47
time: 1176865 ms
seed: 1635656413
NOT FOUND
time: 1070577 ms
seed: 1635704291
NOT FOUND
time: 1073545 ms
seed: 1635751488
{7,1,80,1,2,1,8}([7]6,3,5)([8]7,5,2)([9]7,5,6)([10]0,3,4)([11]1,10,4)([12]5,8,5)([13]0,2,6)([14]12,10,5)([15]0,11,4)([16]2,5,4)([17]11,2,5)([18]14,15,4)([19]11,6,5)([20]18,16,4)([21]13,0,6)([22]17,5,3)([23]21,12,4)([24]16,3,2)([25]15,6,3)([26]20,17,5)([27]19,26,4)([28]4,24,7)([29]9,3,6)([30]15,11,3)([31]13,6,2)([32]27,24,4)([33]14,1,3)([34]4,21,3)([35]18,31,3)([36]3,9,5)([37]12,21,6)([38]23,19,1)([39]27,30,4)([40]9,37,2)([41]24,12,1)([42]32,20,3)([43]27,14,6)([44]7,37,3)([45]38,35,2)([46]31,29,2)([47]39,28,2)([48]2,47,3)([49]36,7,4)([50]19,0,1)([51]46,39,2)([52]25,8,2)([53]51,5,3)([54]25,53,6)([55]4,37,7)([56]37,35,6)([57]52,39,3)([58]9,34,7)([59]56,58,6)([60]57,9,7)([61]54,26,6)([62]1,55,2)([63]13,30,0)([64]17,36,6)([65]50,8,0)([66]29,15,1)([67]8,19,0)([68]48,53,5)([69]30,52,1)([70]61,4,2)([71]47,14,5)([72]30,39,0)([73]59,60,4)([74]56,62,1)([75]62,68,6)([76]70,75,7)([77]18,66,0)([78]23,20,3)([79]10,8,0)([80]56,14,6)([81]27,43,2)([82]42,67,2)([83]42,72,3)([84]73,76,4)([85]62,29,1)([86]2,38,3)(84)
evaluations: 42620884
first invidual area: 144.28
{7,1,80,1,2,1,8}([7]3,6,5)([8]7,5,2)([9]5,7,3)([10]3,0,4)([11]10,1,4)([12]8,8,1)([13]2,0,6)([14]10,12,5)([15]11,0,4)([16]5,2,4)([17]11,2,5)([18]14,15,4)([19]6,11,5)([20]16,18,4)([21]13,0,6)([22]14,10,2)([23]20,17,2)([24]4,19,2)([25]15,6,3)([26]17,20,5)([27]19,26,4)([28]4,3,7)([29]25,8,1)([30]0,15,6)([31]13,6,2)([32]4,7,4)([33]23,7,6)([34]5,20,5)([35]18,31,3)([36]4,21,6)([37]12,21,6)([38]33,24,4)([39]27,30,7)([40]33,27,6)([41]12,25,4)([42]39,1,3)([43]31,19,2)([44]35,37,1)([45]37,17,5)([46]42,38,2)([47]39,28,2)([48]2,47,3)([49]36,46,2)([50]5,25,6)([51]3,0,3)([52]25,8,2)([53]43,5,3)([54]11,36,2)([55]37,4,7)([56]37,35,6)([57]52,39,6)([58]9,36,7)([59]56,58,6)([60]57,9,4)([61]50,26,6)([62]1,55,2)([63]47,56,4)([64]42,11,0)([65]25,4,2)([66]20,31,2)([67]48,7,0)([68]67,53,5)([69]12,18,0)([70]50,34,4)([71]61,4,5)([72]71,37,5)([73]59,60,4)([74]14,44,7)([75]62,68,6)([76]71,75,7)([77]70,31,6)([78]25,63,5)([79]23,11,4)([80]12,37,6)([81]46,15,6)([82]39,67,2)([83]58,37,2)([84]73,76,4)([85]72,74,7)([86]44,20,4)(84)
optimized area: 136.32
time: 1124651 ms
seed: 1635798504
NOT FOUND
time: 1065498 ms
seed: 1635841641
{7,1,80,1,2,1,8}([7]5,1,7)([8]1,5,3)([9]2,5,6)([10]7,3,7)([11]10,5,2)([12]7,6,6)([13]0,6,4)([14]4,7,3)([15]4,3,4)([16]6,13,5)([17]6,15,2)([18]8,9,4)([19]2,8,2)([20]0,4,7)([21]14,13,2)([22]15,19,6)([23]20,16,7)([24]19,21,7)([25]0,4,6)([26]11,5,3)([27]11,23,5)([28]0,27,5)([29]25,13,0)([30]24,9,1)([31]22,30,4)([32]28,23,0)([33]5,22,3)([34]15,12,5)([35]29,13,6)([36]1,31,7)([37]27,5,5)([38]32,26,7)([39]23,18,3)([40]24,29,3)([41]36,35,3)([42]37,16,0)([43]37,41,5)([44]18,23,1)([45]16,8,7)([46]40,39,4)([47]31,0,1)([48]38,38,1)([49]9,33,4)([50]30,23,0)([51]45,41,7)([52]8,33,4)([53]3,19,4)([54]51,46,3)([55]22,43,3)([56]18,54,4)([57]6,35,4)([58]4,4,5)([59]23,18,2)([60]6,18,1)([61]21,43,6)([62]19,27,4)([63]55,46,5)([64]13,44,1)([65]6,30,5)([66]49,24,7)([67]21,56,7)([68]20,48,7)([69]51,11,2)([70]68,62,5)([71]63,54,7)([72]37,60,5)([73]21,47,4)([74]63,64,0)([75]52,67,0)([76]17,70,5)([77]22,55,6)([78]62,30,5)([79]76,71,2)([80]47,27,0)([81]79,78,7)([82]12,13,5)([83]82,43,5)([84]62,28,7)([85]58,59,2)([86]1,76,7)(81)
evaluations: 17747479
first invidual area: 143.83
{7,1,80,1,2,1,8}([7]5,6,2)([8]1,5,3)([9]2,5,6)([10]4,0,4)([11]1,5,7)([12]11,4,3)([13]0,6,4)([14]0,7,4)([15]4,3,4)([16]13,6,5)([17]8,9,4)([18]3,1,7)([19]17,2,2)([20]5,18,2)([21]12,13,5)([22]15,19,6)([23]10,16,4)([24]19,21,4)([25]4,10,6)([26]24,11,0)([27]20,23,5)([28]25,26,3)([29]25,13,6)([30]8,29,0)([31]22,24,7)([32]21,26,5)([33]20,29,5)([34]31,1,7)([35]6,21,3)([36]24,31,1)([37]27,5,5)([38]8,9,2)([39]23,17,3)([40]15,6,2)([41]34,29,3)([42]41,16,4)([43]41,37,5)([44]43,42,7)([45]10,31,5)([46]39,28,4)([47]30,24,4)([48]39,33,0)([49]20,35,0)([50]29,40,1)([51]42,30,4)([52]22,47,1)([53]42,1,3)([54]51,46,3)([55]22,43,3)([56]44,53,7)([57]44,18,0)([58]40,7,6)([59]21,49,2)([60]58,36,4)([61]47,41,5)([62]19,27,4)([63]55,46,5)([64]63,49,0)([65]53,57,7)([66]62,36,5)([67]66,21,5)([68]37,3,7)([69]2,53,5)([70]68,62,5)([71]63,54,2)([72]21,7,2)([73]58,62,7)([74]47,15,7)([75]37,66,6)([76]40,70,5)([77]40,31,6)([78]23,57,6)([79]76,71,5)([80]18,0,2)([81]79,66,4)([82]31,49,6)([83]58,77,4)([84]58,39,7)([85]15,71,7)([86]31,79,1)(81)
optimized area: 130.24
time: 1320262 ms
seed: 1635883777
{7,1,80,1,2,1,8}([7]1,0,0)([8]0,5,2)([9]6,3,3)([10]4,6,1)([11]2,5,2)([12]11,4,7)([13]0,6,3)([14]1,12,7)([15]14,5,6)([16]0,10,6)([17]4,3,4)([18]13,7,7)([19]8,17,3)([20]6,1,4)([21]9,11,6)([22]12,16,4)([23]10,7,3)([24]17,8,4)([25]16,2,7)([26]12,23,7)([27]8,4,5)([28]25,11,6)([29]5,3,7)([30]28,4,0)([31]11,13,2)([32]15,18,7)([33]2,32,3)([34]33,19,7)([35]29,4,5)([36]7,35,3)([37]8,16,5)([38]5,29,6)([39]3,27,5)([40]20,10,4)([41]36,34,7)([42]13,3,1)([43]20,18,0)([44]5,28,4)([45]21,37,5)([46]26,41,7)([47]1,20,1)([48]27,26,7)([49]0,46,6)([50]33,45,3)([51]27,39,2)([52]40,1,1)([53]30,10,4)([54]18,44,3)([55]9,39,5)([56]49,55,4)([57]56,43,4)([58]22,37,2)([59]19,53,6)([60]34,40,2)([61]8,21,0)([62]29,5,3)([63]17,45,0)([64]33,25,2)([65]16,60,3)([66]49,38,6)([67]48,28,3)([68]52,8,1)([69]45,6,7)([70]45,57,2)([71]52,66,6)([72]7,70,7)([73]62,70,7)([74]9,51,2)([75]25,35,4)([76]17,28,5)([77]43,35,2)([78]67,73,5)([79]41,54,5)([80]71,24,1)([81]46,38,2)([82]37,80,5)([83]39,70,7)([84]78,79,7)([85]80,29,0)([86]76,76,6)(84)
evaluations: 38661765
first invidual area: 140.56
{7,1,80,1,2,1,8}([7]1,4,4)([8]0,5,2)([9]3,6,3)([10]0,6,3)([11]2,5,2)([12]11,4,7)([13]12,12,3)([14]7,8,1)([15]5,7,3)([16]12,0,6)([17]3,4,4)([18]1,10,7)([19]8,17,3)([20]6,1,7)([21]9,11,6)([22]5,6,0)([23]14,1,3)([24]3,13,4)([25]16,2,7)([26]23,13,7)([27]8,4,5)([28]25,11,6)([29]3,5,4)([30]8,25,6)([31]13,6,7)([32]15,18,4)([33]2,32,3)([34]19,33,4)([35]3,29,5)([36]23,29,3)([37]28,5,4)([38]37,18,3)([39]3,27,5)([40]9,17,0)([41]36,34,4)([42]26,39,0)([43]38,0,5)([44]22,25,5)([45]37,32,1)([46]42,41,7)([47]15,42,2)([48]27,26,7)([49]0,46,3)([50]42,0,5)([51]25,45,5)([52]51,7,4)([53]6,28,5)([54]53,16,6)([55]9,39,5)([56]49,55,4)([57]56,20,7)([58]23,51,6)([59]20,19,3)([60]46,59,4)([61]25,29,4)([62]41,43,4)([63]5,35,1)([64]62,27,0)([65]20,18,2)([66]7,33,0)([67]48,28,3)([68]34,14,7)([69]34,38,5)([70]21,57,3)([71]6,55,6)([72]27,47,3)([73]35,70,4)([74]67,44,3)([75]50,22,1)([76]59,29,6)([77]26,48,1)([78]67,73,5)([79]41,38,5)([80]32,47,5)([81]23,23,3)([82]78,6,3)([83]59,29,4)([84]78,79,7)([85]45,30,4)([86]32,69,6)(84)
optimized area: 134.48
time: 1107247 ms
