seed: 1633868238
{7,1,80,1,2,1,8}([7]4,0,4)([8]2,5,2)([9]7,3,2)([10]6,2,3)([11]0,6,6)([12]3,8,7)([13]6,1,7)([14]13,10,5)([15]11,9,7)([16]14,15,6)([17]2,1,7)([18]12,2,4)([19]5,6,5)([20]7,17,3)([21]3,8,7)([22]20,8,4)([23]4,19,5)([24]16,23,6)([25]2,2,0)([26]5,18,4)([27]24,26,4)([28]16,24,6)([29]18,14,2)([30]28,14,7)([31]4,22,2)([32]0,1,7)([33]22,24,5)([34]17,15,7)([35]7,22,7)([36]7,17,5)([37]18,26,4)([38]5,32,0)([39]21,1,2)([40]35,30,2)([41]40,20,4)([42]34,21,5)([43]36,11,3)([44]40,27,2)([45]3,12,0)([46]32,15,5)([47]40,13,0)([48]41,12,7)([49]12,41,0)([50]26,46,6)([51]1,27,7)([52]27,28,3)([53]35,42,6)([54]48,8,1)([55]20,29,3)([56]22,48,4)([57]33,53,5)([58]13,44,7)([59]13,34,3)([60]36,39,1)([61]58,50,4)([62]13,30,6)([63]34,31,7)([64]38,29,7)([65]45,14,5)([66]25,35,6)([67]37,61,4)([68]54,19,3)([69]46,47,3)([70]27,24,2)([71]41,45,2)([72]50,43,4)([73]11,68,2)([74]63,36,5)([75]64,11,1)([76]25,64,6)([77]32,66,0)([78]27,57,4)([79]61,68,2)([80]55,57,2)([81]22,24,0)([82]57,1,0)([83]82,79,7)([84]71,0,3)([85]57,39,1)([86]7,14,7)(83)
evaluations: 13451338
first invidual area: 136.36
{7,1,80,1,2,1,8}([7]0,4,4)([8]2,5,5)([9]7,3,5)([10]2,1,3)([11]6,0,6)([12]8,3,4)([13]1,6,7)([14]13,10,5)([15]11,9,4)([16]15,14,6)([17]1,2,7)([18]2,5,3)([19]5,6,5)([20]17,7,6)([21]17,15,7)([22]13,18,0)([23]19,4,5)([24]23,16,6)([25]17,20,1)([26]18,3,7)([27]7,26,5)([28]24,16,6)([29]14,28,7)([30]27,9,7)([31]7,20,6)([32]25,31,4)([33]18,31,6)([34]23,5,4)([35]8,31,4)([36]3,13,6)([37]33,20,6)([38]1,0,7)([39]4,36,2)([40]35,29,2)([41]0,24,5)([42]41,12,5)([43]2,2,3)([44]15,11,2)([45]7,11,3)([46]24,26,4)([47]20,42,4)([48]42,35,6)([49]26,47,7)([50]47,40,4)([51]15,3,5)([52]18,2,6)([53]28,31,4)([54]50,32,1)([55]38,15,5)([56]1,38,0)([57]40,46,5)([58]57,22,7)([59]54,11,7)([60]21,30,0)([61]26,60,5)([62]13,10,2)([63]43,24,3)([64]52,35,1)([65]60,23,7)([66]50,19,3)([67]9,45,6)([68]26,55,6)([69]21,48,5)([70]42,58,6)([71]15,68,5)([72]46,30,4)([73]58,21,7)([74]4,63,3)([75]58,68,7)([76]73,62,6)([77]75,65,0)([78]73,16,5)([79]75,66,5)([80]3,21,1)([81]47,65,5)([82]69,79,4)([83]28,51,0)([84]5,78,6)([85]37,68,3)([86]84,32,7)(82)
optimized area: 123.69
time: 677169 ms
seed: 1634005860
{7,1,80,1,2,1,8}([7]5,1,3)([8]0,1,7)([9]5,8,7)([10]5,0,2)([11]7,0,7)([12]4,4,5)([13]12,11,4)([14]3,8,7)([15]10,2,6)([16]7,1,7)([17]16,3,6)([18]10,9,5)([19]18,12,5)([20]9,2,2)([21]6,20,4)([22]13,0,5)([23]18,14,7)([24]9,2,7)([25]1,21,6)([26]17,19,7)([27]0,25,4)([28]6,15,6)([29]22,23,2)([30]27,13,3)([31]26,24,5)([32]21,29,2)([33]22,26,7)([34]28,7,3)([35]28,31,4)([36]25,32,7)([37]35,36,2)([38]5,15,1)([39]1,21,4)([40]5,32,1)([41]1,36,6)([42]37,3,4)([43]42,30,2)([44]14,13,5)([45]43,8,7)([46]15,1,0)([47]45,4,0)([48]26,42,2)([49]36,48,1)([50]13,41,0)([51]23,39,7)([52]18,34,2)([53]42,44,5)([54]53,46,6)([55]38,33,6)([56]44,52,6)([57]20,56,3)([58]54,39,4)([59]56,42,1)([60]1,17,0)([61]15,33,0)([62]33,26,7)([63]6,44,0)([64]54,35,4)([65]16,60,0)([66]35,17,4)([67]60,25,7)([68]26,30,2)([69]18,64,7)([70]12,1,6)([71]47,58,6)([72]16,9,4)([73]58,57,3)([74]6,8,2)([75]19,36,4)([76]12,26,7)([77]73,47,2)([78]8,43,4)([79]29,3,5)([80]49,22,3)([81]71,66,4)([82]24,67,1)([83]18,37,5)([84]34,2,5)([85]57,37,2)([86]28,32,1)(77)
evaluations: 20281381
first invidual area: 137.28
{7,1,80,1,2,1,8}([7]5,1,3)([8]0,1,7)([9]5,8,7)([10]0,5,2)([11]0,7,7)([12]4,8,1)([13]11,12,4)([14]8,3,7)([15]10,2,6)([16]1,7,7)([17]16,3,3)([18]10,8,5)([19]18,12,5)([20]2,9,2)([21]6,20,4)([22]0,13,5)([23]6,9,4)([24]9,2,7)([25]21,1,6)([26]17,19,4)([27]25,0,4)([28]7,2,3)([29]22,21,2)([30]27,13,3)([31]14,18,7)([32]31,29,2)([33]6,15,3)([34]24,26,5)([35]33,34,7)([36]32,25,6)([37]35,36,5)([38]21,1,7)([39]38,12,2)([40]30,23,2)([41]21,16,3)([42]37,3,7)([43]42,30,5)([44]14,13,5)([45]43,8,4)([46]11,41,4)([47]23,44,0)([48]40,37,0)([49]8,30,7)([50]11,47,5)([51]15,13,0)([52]7,11,1)([53]42,44,5)([54]53,15,3)([55]13,43,7)([56]44,28,6)([57]48,46,3)([58]54,38,7)([59]35,40,1)([60]8,41,5)([61]45,18,0)([62]56,9,1)([63]42,23,0)([64]12,46,6)([65]2,34,6)([66]61,51,1)([67]20,56,6)([68]47,17,2)([69]8,10,1)([70]14,21,7)([71]31,16,5)([72]54,47,3)([73]58,67,5)([74]68,29,6)([75]5,73,2)([76]11,26,2)([77]73,45,2)([78]72,17,2)([79]50,58,5)([80]67,34,5)([81]14,41,6)([82]0,74,1)([83]64,69,7)([84]66,51,4)([85]31,39,0)([86]5,51,7)(77)
optimized area: 130.71
time: 664552 ms
seed: 1634054678
{7,1,80,1,2,1,8}([7]0,1,4)([8]0,6,5)([9]3,1,2)([10]3,8,2)([11]4,5,3)([12]4,7,5)([13]2,12,7)([14]5,13,3)([15]8,6,5)([16]2,7,7)([17]8,1,5)([18]7,4,7)([19]6,9,4)([20]0,16,0)([21]0,13,6)([22]21,10,2)([23]18,8,3)([24]20,3,3)([25]6,17,4)([26]3,14,7)([27]3,26,4)([28]26,25,7)([29]12,14,4)([30]6,16,5)([31]30,4,6)([32]3,1,6)([33]19,24,7)([34]31,26,4)([35]15,28,7)([36]31,6,5)([37]5,12,4)([38]35,33,2)([39]24,30,0)([40]12,37,2)([41]28,14,5)([42]13,32,4)([43]40,30,6)([44]28,39,4)([45]0,33,2)([46]35,37,1)([47]34,22,7)([48]33,1,5)([49]31,39,5)([50]21,36,3)([51]43,34,3)([52]11,45,7)([53]51,24,5)([54]30,53,3)([55]49,37,4)([56]46,53,3)([57]41,4,7)([58]23,57,2)([59]13,25,3)([60]19,17,4)([61]6,48,2)([62]50,4,4)([63]52,42,2)([64]38,10,5)([65]18,23,7)([66]4,12,6)([67]63,51,5)([68]37,44,3)([69]62,46,2)([70]64,47,4)([71]58,70,5)([72]42,8,1)([73]20,54,3)([74]71,67,2)([75]22,55,5)([76]73,6,2)([77]60,24,5)([78]51,30,2)([79]37,73,2)([80]59,45,2)([81]45,18,0)([82]66,33,3)([83]67,56,4)([84]38,74,7)([85]72,2,0)([86]29,50,0)(84)
evaluations: 20671683
first invidual area: 143.37
{7,1,80,1,2,1,8}([7]1,0,4)([8]0,6,5)([9]3,7,3)([10]6,8,5)([11]5,4,6)([12]4,7,5)([13]12,2,7)([14]13,5,3)([15]13,0,6)([16]7,2,7)([17]6,10,7)([18]6,1,4)([19]6,16,5)([20]15,15,2)([21]5,16,5)([22]9,1,5)([23]18,9,7)([24]3,20,5)([25]22,6,7)([26]14,3,7)([27]4,19,3)([28]26,25,4)([29]2,28,4)([30]14,10,4)([31]8,30,1)([32]9,4,3)([33]7,28,7)([34]27,26,7)([35]28,10,7)([36]1,27,4)([37]15,4,2)([38]23,35,2)([39]13,9,5)([40]13,35,6)([41]29,22,1)([42]40,7,5)([43]29,1,2)([44]38,3,5)([45]0,18,5)([46]3,21,5)([47]34,41,7)([48]38,1,0)([49]25,34,4)([50]15,19,1)([51]21,34,7)([52]24,34,7)([53]28,14,5)([54]29,8,3)([55]51,52,0)([56]48,30,4)([57]53,4,7)([58]54,57,2)([59]11,54,6)([60]1,31,1)([61]45,11,4)([62]28,29,3)([63]61,40,6)([64]39,33,2)([65]7,12,6)([66]55,32,0)([67]63,51,5)([68]62,66,6)([69]52,44,7)([70]25,8,1)([71]58,69,5)([72]42,16,7)([73]30,27,7)([74]71,67,5)([75]24,27,5)([76]43,69,5)([77]48,74,4)([78]28,21,3)([79]56,41,0)([80]4,53,2)([81]51,75,5)([82]41,33,5)([83]76,18,6)([84]50,64,2)([85]70,17,2)([86]76,7,3)(77)
optimized area: 127.44
time: 647423 ms
seed: 1634168930
NOT FOUND
time: 522640 ms
seed: 1634216239
NOT FOUND
time: 526028 ms
seed: 1634313268
NOT FOUND
time: 529273 ms
seed: 1634353759
{7,1,80,1,2,1,8}([7]2,6,4)([8]6,5,5)([9]0,2,6)([10]6,9,3)([11]8,4,4)([12]10,3,7)([13]8,0,7)([14]11,0,4)([15]8,7,3)([16]12,8,1)([17]5,15,4)([18]12,0,4)([19]16,11,2)([20]11,17,3)([21]10,19,7)([22]5,13,4)([23]20,3,2)([24]17,19,4)([25]19,6,7)([26]4,15,1)([27]7,5,3)([28]9,11,5)([29]25,1,7)([30]18,23,3)([31]27,30,7)([32]22,14,6)([33]25,29,2)([34]17,0,3)([35]24,22,5)([36]4,5,1)([37]36,3,3)([38]29,3,3)([39]22,29,7)([40]38,35,3)([41]31,19,2)([42]27,41,4)([43]9,31,6)([44]38,4,6)([45]25,38,6)([46]1,41,6)([47]31,25,6)([48]3,24,7)([49]16,12,4)([50]28,43,4)([51]25,22,4)([52]37,51,5)([53]32,50,7)([54]5,49,4)([55]52,7,7)([56]33,16,4)([57]29,55,6)([58]54,51,3)([59]1,57,4)([60]31,56,6)([61]57,5,7)([62]40,42,2)([63]33,60,1)([64]13,44,7)([65]58,15,5)([66]4,59,7)([67]29,50,2)([68]30,22,5)([69]61,39,3)([70]30,27,3)([71]27,33,7)([72]33,60,3)([73]62,66,3)([74]33,34,3)([75]29,62,2)([76]65,52,4)([77]32,46,6)([78]57,17,7)([79]4,46,1)([80]67,73,7)([81]52,74,2)([82]1,66,6)([83]11,72,4)([84]0,60,0)([85]57,3,6)([86]64,61,7)(80)
evaluations: 32682186
first invidual area: 134.48
{7,1,80,1,2,1,8}([7]6,2,4)([8]5,6,5)([9]2,0,6)([10]9,6,6)([11]8,4,4)([12]3,10,4)([13]12,0,4)([14]12,10,1)([15]5,8,2)([16]11,9,2)([17]5,7,5)([18]0,1,0)([19]14,11,2)([20]11,17,3)([21]8,4,3)([22]15,18,4)([23]20,3,2)([24]4,14,5)([25]6,19,7)([26]22,17,5)([27]7,5,3)([28]23,13,3)([29]25,1,7)([30]7,13,1)([31]27,28,7)([32]26,2,6)([33]13,14,4)([34]26,3,3)([35]22,1,7)([36]3,16,5)([37]17,19,0)([38]22,28,5)([39]4,36,3)([40]9,13,5)([41]7,35,3)([42]29,34,3)([43]9,31,6)([44]6,23,6)([45]1,4,6)([46]16,43,6)([47]1,35,4)([48]19,46,5)([49]15,17,7)([50]7,29,1)([51]49,7,3)([52]24,35,5)([53]6,7,7)([54]29,46,5)([55]52,7,4)([56]30,10,7)([57]29,55,3)([58]24,19,2)([59]25,57,4)([60]27,48,7)([61]1,42,5)([62]42,60,2)([63]15,24,6)([64]35,16,5)([65]20,47,0)([66]4,59,4)([67]65,25,5)([68]4,31,4)([69]11,12,0)([70]63,3,5)([71]22,62,5)([72]48,35,6)([73]62,66,6)([74]69,26,7)([75]66,46,7)([76]30,63,5)([77]18,11,4)([78]19,30,5)([79]64,25,7)([80]54,73,7)([81]56,36,4)([82]10,12,7)([83]53,45,7)([84]58,12,4)([85]77,61,6)([86]80,74,5)(80)
optimized area: 117.59
time: 581251 ms
seed: 1634402724
NOT FOUND
time: 515806 ms
seed: 1634451735
NOT FOUND
time: 522602 ms
seed: 1634511971
{7,1,80,1,2,1,8}([7]2,4,4)([8]7,7,3)([9]1,8,3)([10]2,2,1)([11]5,7,4)([12]10,11,2)([13]6,5,2)([14]12,3,7)([15]14,6,3)([16]12,0,4)([17]5,1,7)([18]16,13,4)([19]17,12,4)([20]2,9,7)([21]9,2,0)([22]14,0,5)([23]7,20,6)([24]17,15,3)([25]15,8,4)([26]22,21,7)([27]14,10,6)([28]9,26,7)([29]4,0,7)([30]5,3,7)([31]2,30,4)([32]4,18,6)([33]29,26,6)([34]17,15,2)([35]30,3,2)([36]21,8,5)([37]19,23,7)([38]27,1,7)([39]13,19,6)([40]31,7,5)([41]24,32,6)([42]40,6,4)([43]6,37,5)([44]25,39,2)([45]6,26,7)([46]12,45,4)([47]41,6,0)([48]44,31,5)([49]9,42,6)([50]43,45,2)([51]12,38,7)([52]50,38,4)([53]48,15,3)([54]13,51,7)([55]16,41,3)([56]54,14,6)([57]55,51,3)([58]40,52,2)([59]7,48,6)([60]39,57,0)([61]57,48,4)([62]50,61,6)([63]11,9,1)([64]21,34,3)([65]40,16,4)([66]2,52,3)([67]35,12,3)([68]5,11,7)([69]29,56,6)([70]13,18,3)([71]59,54,7)([72]42,12,5)([73]1,46,5)([74]73,42,2)([75]33,34,1)([76]7,30,6)([77]72,60,0)([78]58,69,7)([79]46,75,7)([80]31,49,6)([81]35,49,4)([82]41,59,4)([83]28,8,0)([84]61,44,6)([85]59,4,7)([86]60,57,7)(62)
evaluations: 3994855
first invidual area: 121.84
{7,1,80,1,2,1,8}([7]2,4,4)([8]5,7,4)([9]2,6,0)([10]1,7,3)([11]2,9,1)([12]11,8,2)([13]10,0,0)([14]12,3,7)([15]14,6,3)([16]6,13,7)([17]1,5,7)([18]13,9,5)([19]17,12,4)([20]4,1,7)([21]16,0,5)([22]2,7,4)([23]7,20,3)([24]7,15,4)([25]4,16,1)([26]6,3,5)([27]0,14,5)([28]12,0,4)([29]19,23,4)([30]15,25,3)([31]0,9,0)([32]4,23,4)([33]24,21,7)([34]1,0,7)([35]27,16,7)([36]2,3,5)([37]6,5,2)([38]29,6,5)([39]20,26,5)([40]27,11,7)([41]4,0,5)([42]28,31,2)([43]19,37,6)([44]19,9,5)([45]19,35,1)([46]30,17,6)([47]24,39,2)([48]44,3,4)([49]47,10,7)([50]46,37,0)([51]34,36,4)([52]41,4,7)([53]43,47,5)([54]36,9,7)([55]51,28,3)([56]52,9,5)([57]32,28,1)([58]55,46,3)([59]51,10,6)([60]1,10,3)([61]58,53,4)([62]61,2,1)([63]35,38,2)([64]24,11,6)([65]40,4,2)([66]7,13,7)([67]52,1,6)([68]39,33,0)([69]67,60,0)([70]22,13,6)([71]69,41,6)([72]44,62,7)([73]31,34,1)([74]51,10,5)([75]56,40,5)([76]41,61,0)([77]32,10,2)([78]19,37,0)([79]34,51,7)([80]14,74,5)([81]63,61,6)([82]78,65,6)([83]57,17,4)([84]65,73,1)([85]27,45,7)([86]33,80,7)(81)
optimized area: 110.10
time: 633136 ms
seed: 1634611170
NOT FOUND
time: 524833 ms
seed: 1635138066
NOT FOUND
time: 676115 ms
seed: 1635187300
NOT FOUND
time: 527667 ms
seed: 1635331921
NOT FOUND
time: 997064 ms
seed: 1635618438
NOT FOUND
time: 1050823 ms
seed: 1635666049
{7,1,80,1,2,1,8}([7]1,0,4)([8]5,2,3)([9]8,0,7)([10]2,3,5)([11]9,3,4)([12]9,0,0)([13]4,2,6)([14]10,9,5)([15]12,6,3)([16]1,6,7)([17]11,0,4)([18]14,5,7)([19]17,17,6)([20]15,6,3)([21]11,2,5)([22]4,20,4)([23]21,7,4)([24]12,16,1)([25]11,7,6)([26]5,23,2)([27]25,12,6)([28]4,19,6)([29]3,6,6)([30]24,1,5)([31]21,22,3)([32]13,10,7)([33]3,31,1)([34]32,29,6)([35]28,30,4)([36]6,18,5)([37]7,17,3)([38]27,8,6)([39]5,0,4)([40]32,35,1)([41]36,22,1)([42]25,31,1)([43]25,32,2)([44]14,34,4)([45]1,39,1)([46]27,13,4)([47]19,7,7)([48]41,35,3)([49]20,31,2)([50]31,48,2)([51]13,48,7)([52]20,37,5)([53]7,32,0)([54]44,53,6)([55]5,53,5)([56]31,3,0)([57]20,17,3)([58]40,3,4)([59]18,2,2)([60]47,52,2)([61]16,37,5)([62]52,9,4)([63]59,34,3)([64]63,5,0)([65]50,26,3)([66]61,49,5)([67]16,26,3)([68]57,10,3)([69]34,11,4)([70]23,21,4)([71]46,49,1)([72]49,39,6)([73]51,63,4)([74]6,4,3)([75]71,45,3)([76]49,8,4)([77]66,65,7)([78]38,41,3)([79]25,22,3)([80]54,70,3)([81]79,24,0)([82]73,78,4)([83]22,43,0)([84]30,15,0)([85]77,54,3)([86]85,24,1)(86)
evaluations: 26398719
first invidual area: 113.35
{7,1,80,1,2,1,8}([7]0,1,4)([8]5,2,6)([9]8,0,4)([10]3,2,5)([11]3,0,4)([12]7,5,7)([13]0,2,0)([14]10,9,5)([15]9,11,1)([16]6,1,7)([17]11,15,7)([18]17,9,1)([19]6,3,6)([20]6,9,3)([21]11,2,5)([22]4,20,4)([23]14,8,1)([24]5,15,4)([25]5,14,7)([26]11,23,3)([27]2,4,3)([28]14,2,0)([29]1,15,5)([30]7,17,3)([31]21,22,3)([32]10,27,5)([33]4,18,6)([34]28,27,3)([35]33,29,4)([36]17,24,0)([37]14,16,7)([38]1,21,1)([39]7,21,4)([40]19,32,6)([41]6,25,2)([42]7,14,0)([43]27,13,3)([44]25,30,1)([45]38,40,0)([46]24,24,4)([47]5,39,2)([48]35,41,3)([49]16,10,2)([50]31,48,2)([51]41,15,7)([52]17,17,3)([53]31,20,2)([54]23,44,2)([55]10,40,2)([56]40,28,4)([57]27,27,0)([58]26,10,2)([59]11,47,2)([60]31,56,1)([61]39,54,3)([62]1,24,6)([63]60,24,7)([64]16,30,5)([65]50,47,3)([66]53,64,5)([67]52,15,5)([68]66,65,7)([69]34,49,2)([70]46,38,5)([71]54,54,3)([72]5,21,2)([73]43,6,4)([74]20,60,0)([75]11,16,2)([76]68,47,6)([77]64,47,1)([78]64,17,0)([79]54,76,2)([80]72,22,0)([81]0,3,0)([82]35,74,0)([83]56,7,6)([84]45,60,2)([85]68,83,6)([86]76,9,7)(85)
optimized area: 104.92
time: 1127038 ms
seed: 1635713889
{7,1,80,1,2,1,8}([7]4,5,6)([8]3,3,3)([9]8,2,2)([10]5,6,7)([11]2,3,1)([12]5,0,7)([13]2,1,2)([14]1,10,5)([15]8,5,3)([16]6,0,7)([17]6,9,5)([18]15,17,5)([19]16,14,3)([20]4,13,3)([21]19,19,1)([22]9,19,3)([23]18,20,2)([24]8,7,4)([25]17,19,6)([26]9,0,6)([27]24,25,4)([28]18,20,4)([29]26,28,3)([30]6,21,4)([31]29,22,5)([32]16,25,4)([33]31,23,1)([34]9,23,0)([35]2,1,0)([36]7,20,4)([37]23,10,6)([38]35,1,5)([39]16,27,7)([40]1,35,7)([41]30,25,4)([42]40,29,4)([43]15,20,2)([44]30,32,7)([45]37,42,3)([46]41,24,2)([47]11,43,4)([48]30,45,4)([49]14,45,7)([50]26,3,2)([51]16,3,6)([52]43,16,4)([53]5,47,6)([54]43,30,2)([55]46,45,2)([56]31,55,6)([57]45,1,4)([58]24,35,7)([59]52,45,3)([60]1,56,4)([61]32,6,4)([62]55,53,6)([63]47,39,2)([64]38,60,2)([65]2,8,5)([66]48,48,7)([67]57,56,6)([68]65,54,1)([69]42,43,5)([70]53,39,4)([71]18,6,1)([72]59,10,4)([73]27,60,7)([74]51,64,3)([75]22,69,5)([76]74,63,3)([77]6,73,5)([78]31,76,3)([79]58,6,1)([80]22,34,4)([81]59,76,5)([82]71,10,5)([83]79,48,3)([84]38,0,7)([85]27,10,4)([86]83,56,3)(81)
evaluations: 14695283
first invidual area: 128.81
{7,1,80,1,2,1,8}([7]1,2,0)([8]5,4,6)([9]3,2,2)([10]6,5,7)([11]10,1,5)([12]6,9,5)([13]2,7,2)([14]0,9,6)([15]5,3,3)([16]6,0,7)([17]11,1,2)([18]15,12,5)([19]16,11,3)([20]13,4,3)([21]18,20,4)([22]16,10,5)([23]11,6,7)([24]8,3,4)([25]7,3,3)([26]7,2,4)([27]25,25,3)([28]7,21,5)([29]14,21,3)([30]19,12,3)([31]28,2,1)([32]30,24,5)([33]18,20,2)([34]17,6,2)([35]16,3,6)([36]26,27,6)([37]33,10,6)([38]17,18,7)([39]1,21,6)([40]22,29,4)([41]26,29,7)([42]17,21,4)([43]15,20,2)([44]38,24,0)([45]41,37,3)([46]5,28,2)([47]22,30,0)([48]43,16,4)([49]29,19,5)([50]43,2,7)([51]24,6,2)([52]16,32,4)([53]51,45,2)([54]12,35,4)([55]6,23,1)([56]49,53,3)([57]7,56,7)([58]13,49,1)([59]48,45,3)([60]30,18,6)([61]12,24,3)([62]52,7,7)([63]50,52,2)([64]58,57,2)([65]52,8,5)([66]41,14,7)([67]23,63,6)([68]30,60,0)([69]46,57,7)([70]2,19,7)([71]7,66,2)([72]55,67,1)([73]21,52,0)([74]35,64,3)([75]24,51,2)([76]74,63,3)([77]29,65,2)([78]12,38,4)([79]71,30,6)([80]8,49,3)([81]59,76,5)([82]47,81,0)([83]0,26,2)([84]79,15,0)([85]29,46,4)([86]44,2,2)(81)
optimized area: 111.00
time: 1248318 ms
seed: 1635761165
{7,1,80,1,2,1,8}([7]5,1,4)([8]4,1,7)([9]5,2,6)([10]6,9,3)([11]2,4,7)([12]8,0,5)([13]6,1,7)([14]13,10,0)([15]12,14,5)([16]9,15,3)([17]11,16,5)([18]3,7,5)([19]9,0,4)([20]0,4,1)([21]15,19,5)([22]4,16,4)([23]21,6,4)([24]23,3,4)([25]11,16,4)([26]17,21,6)([27]22,24,7)([28]11,24,3)([29]20,8,7)([30]11,18,6)([31]28,5,3)([32]27,30,6)([33]11,32,4)([34]2,0,7)([35]12,0,6)([36]29,5,4)([37]2,26,1)([38]28,0,0)([39]37,29,5)([40]33,36,0)([41]10,7,2)([42]24,40,6)([43]16,1,7)([44]25,37,7)([45]26,42,4)([46]45,36,3)([47]2,40,4)([48]17,45,1)([49]8,31,6)([50]25,31,5)([51]34,13,5)([52]27,41,3)([53]7,3,2)([54]43,18,3)([55]49,29,3)([56]53,15,4)([57]55,9,1)([58]39,15,3)([59]43,32,0)([60]53,45,6)([61]47,15,2)([62]52,55,4)([63]58,52,2)([64]37,55,2)([65]4,19,5)([66]39,15,0)([67]46,6,2)([68]41,20,4)([69]46,63,5)([70]69,62,3)([71]23,43,2)([72]65,61,6)([73]67,56,2)([74]17,11,2)([75]20,44,2)([76]31,72,2)([77]12,69,4)([78]61,70,7)([79]65,59,6)([80]40,49,6)([81]39,31,6)([82]4,39,3)([83]33,15,0)([84]32,67,4)([85]4,64,7)([86]80,30,7)(78)
evaluations: 12461520
first invidual area: 133.05
{7,1,80,1,2,1,8}([7]5,1,4)([8]1,4,7)([9]5,2,6)([10]8,0,5)([11]4,2,7)([12]7,3,5)([13]6,1,7)([14]11,7,0)([15]10,13,5)([16]12,14,6)([17]0,9,4)([18]5,8,3)([19]11,7,1)([20]2,15,2)([21]15,17,5)([22]14,20,7)([23]21,6,4)([24]3,23,4)([25]20,24,6)([26]19,19,3)([27]22,24,4)([28]10,9,2)([29]8,0,4)([30]16,27,6)([31]6,9,3)([32]24,25,0)([33]30,4,7)([34]7,31,2)([35]10,34,3)([36]29,5,4)([37]21,1,6)([38]2,35,2)([39]29,13,5)([40]39,2,3)([41]1,14,2)([42]23,21,0)([43]21,26,6)([44]10,31,7)([45]43,25,3)([46]36,45,3)([47]33,5,4)([48]8,47,2)([49]9,30,7)([50]16,41,1)([51]43,5,4)([52]27,34,3)([53]50,14,3)([54]18,14,6)([55]54,29,3)([56]33,46,1)([57]33,15,5)([58]17,24,4)([59]2,8,2)([60]13,34,7)([61]14,19,3)([62]40,55,5)([63]6,45,5)([64]52,20,6)([65]42,40,7)([66]58,45,3)([67]0,25,6)([68]40,60,3)([69]46,52,5)([70]62,69,3)([71]58,0,3)([72]0,57,0)([73]50,57,2)([74]14,21,6)([75]51,18,2)([76]16,24,3)([77]8,43,3)([78]21,29,4)([79]75,65,5)([80]13,56,4)([81]23,79,0)([82]57,70,4)([83]29,76,5)([84]13,4,2)([85]1,49,2)([86]37,32,0)(82)
optimized area: 114.77
time: 1377366 ms
seed: 1635808044
NOT FOUND
time: 1060573 ms
seed: 1635851243
{7,1,80,1,2,1,8}([7]3,5,7)([8]4,2,3)([9]5,2,6)([10]7,6,7)([11]10,1,4)([12]1,1,1)([13]0,8,7)([14]13,8,6)([15]10,11,7)([16]7,15,3)([17]4,6,7)([18]2,10,7)([19]17,14,4)([20]11,2,0)([21]18,13,6)([22]3,9,3)([23]21,3,2)([24]16,5,6)([25]22,0,3)([26]20,23,5)([27]26,12,4)([28]25,6,7)([29]26,12,5)([30]25,8,4)([31]14,9,6)([32]0,22,3)([33]20,5,2)([34]18,21,6)([35]16,30,5)([36]19,33,6)([37]13,24,2)([38]9,28,4)([39]10,3,3)([40]11,14,5)([41]36,27,6)([42]6,13,3)([43]24,14,3)([44]22,29,3)([45]10,31,3)([46]29,35,4)([47]21,20,3)([48]5,20,7)([49]28,46,3)([50]24,42,4)([51]9,30,4)([52]34,44,6)([53]6,10,6)([54]45,3,5)([55]22,6,7)([56]38,30,4)([57]17,40,6)([58]21,17,5)([59]49,55,7)([60]41,6,4)([61]16,4,1)([62]56,48,3)([63]8,46,0)([64]60,52,6)([65]59,64,4)([66]51,4,3)([67]37,45,2)([68]36,34,7)([69]1,32,4)([70]28,0,0)([71]3,17,3)([72]67,68,5)([73]65,65,3)([74]4,3,5)([75]15,22,7)([76]37,21,0)([77]55,42,1)([78]72,65,4)([79]40,78,2)([80]8,64,7)([81]49,63,4)([82]9,27,2)([83]70,48,1)([84]83,22,7)([85]53,7,4)([86]9,16,7)(79)
evaluations: 14326477
first invidual area: 146.65
{7,1,80,1,2,1,8}([7]5,3,7)([8]4,2,3)([9]8,6,7)([10]7,6,7)([11]1,10,4)([12]1,3,1)([13]8,0,7)([14]8,13,6)([15]11,14,5)([16]12,7,3)([17]14,4,6)([18]10,2,7)([19]2,5,6)([20]16,5,6)([21]18,13,6)([22]19,3,3)([23]11,21,2)([24]0,20,2)([25]22,0,3)([26]3,23,5)([27]4,3,4)([28]25,6,7)([29]12,26,5)([30]4,28,1)([31]6,17,4)([32]2,14,0)([33]11,5,2)([34]21,18,6)([35]33,31,6)([36]11,21,5)([37]31,12,7)([38]26,12,4)([39]6,31,5)([40]17,34,3)([41]35,38,6)([42]35,30,2)([43]9,7,2)([44]9,16,5)([45]29,33,0)([46]45,44,4)([47]38,33,6)([48]45,0,6)([49]28,46,6)([50]36,29,6)([51]1,14,1)([52]40,22,6)([53]3,5,5)([54]30,9,0)([55]19,26,6)([56]49,22,4)([57]29,3,3)([58]7,1,5)([59]41,56,4)([60]14,21,0)([61]39,24,2)([62]18,39,5)([63]38,60,4)([64]52,47,5)([65]59,64,4)([66]51,50,7)([67]30,14,4)([68]16,24,7)([69]13,40,7)([70]34,57,4)([71]37,26,4)([72]61,40,5)([73]72,65,7)([74]19,22,3)([75]57,47,0)([76]39,14,7)([77]39,26,4)([78]69,72,7)([79]15,73,2)([80]61,32,2)([81]80,38,3)([82]3,45,1)([83]51,28,3)([84]10,1,4)([85]70,19,7)([86]27,67,3)(79)
optimized area: 129.29
time: 1317834 ms
seed: 1635893341
{7,1,80,1,2,1,8}([7]3,3,6)([8]4,6,7)([9]6,7,4)([10]1,9,4)([11]0,4,2)([12]4,10,4)([13]7,1,3)([14]5,10,7)([15]10,6,6)([16]2,11,3)([17]3,12,5)([18]5,15,4)([19]5,16,3)([20]17,19,1)([21]9,15,4)([22]10,5,2)([23]10,4,4)([24]20,0,6)([25]7,24,7)([26]0,3,6)([27]1,22,4)([28]13,16,7)([29]9,13,2)([30]28,0,2)([31]20,5,3)([32]7,2,5)([33]30,27,4)([34]20,23,2)([35]17,4,7)([36]18,24,6)([37]2,36,4)([38]31,37,6)([39]32,11,4)([40]13,25,3)([41]25,29,7)([42]11,21,6)([43]0,34,0)([44]33,40,2)([45]28,23,3)([46]44,38,6)([47]42,3,7)([48]45,46,5)([49]48,15,0)([50]49,5,0)([51]19,35,3)([52]27,31,5)([53]51,48,7)([54]28,25,6)([55]9,36,7)([56]2,26,6)([57]40,14,4)([58]39,55,5)([59]11,26,3)([60]43,47,5)([61]22,19,7)([62]21,58,4)([63]4,5,7)([64]46,26,1)([65]57,32,6)([66]0,40,7)([67]31,47,1)([68]1,47,7)([69]2,20,7)([70]39,66,2)([71]62,68,3)([72]6,53,4)([73]71,53,2)([74]4,0,2)([75]1,15,7)([76]50,34,3)([77]68,48,4)([78]59,56,3)([79]34,73,7)([80]44,5,5)([81]24,54,0)([82]71,17,6)([83]4,31,6)([84]28,8,7)([85]43,69,5)([86]84,63,2)(73)
evaluations: 18140622
first invidual area: 140.10
{7,1,80,1,2,1,8}([7]3,0,1)([8]7,4,0)([9]3,6,7)([10]1,9,4)([11]0,4,2)([12]10,4,4)([13]5,10,5)([14]2,7,5)([15]6,10,6)([16]2,11,3)([17]3,12,2)([18]16,5,3)([19]15,0,0)([20]19,5,4)([21]9,19,4)([22]19,14,5)([23]21,11,3)([24]0,17,6)([25]5,17,3)([26]16,17,1)([27]1,8,3)([28]27,16,7)([29]24,21,5)([30]28,0,5)([31]19,21,6)([32]30,13,7)([33]4,6,0)([34]12,28,3)([35]12,20,1)([36]20,24,6)([37]36,2,4)([38]25,37,6)([39]14,11,4)([40]32,1,7)([41]23,8,4)([42]17,33,4)([43]20,35,1)([44]40,29,2)([45]22,40,1)([46]38,44,6)([47]37,13,7)([48]34,46,5)([49]20,17,2)([50]49,16,5)([51]42,18,3)([52]45,8,2)([53]48,51,7)([54]31,23,3)([55]36,9,7)([56]48,30,7)([57]19,51,2)([58]39,55,5)([59]32,35,3)([60]24,1,4)([61]4,37,5)([62]21,58,4)([63]58,57,4)([64]37,32,0)([65]29,13,2)([66]20,56,2)([67]53,49,6)([68]1,41,4)([69]17,31,2)([70]15,65,5)([71]62,68,3)([72]71,53,2)([73]69,69,7)([74]63,18,6)([75]72,30,6)([76]42,28,3)([77]69,76,7)([78]10,30,5)([79]59,25,3)([80]23,38,3)([81]78,53,1)([82]41,27,7)([83]30,16,3)([84]82,11,3)([85]24,83,0)([86]10,68,3)(72)
optimized area: 127.44
time: 1220080 ms
seed: 1635929436
{7,1,80,1,2,1,8}([7]1,0,4)([8]1,6,2)([9]1,6,4)([10]4,2,3)([11]5,2,3)([12]1,10,4)([13]4,5,6)([14]1,9,3)([15]3,7,6)([16]15,10,4)([17]0,1,7)([18]7,2,7)([19]4,18,2)([20]13,6,2)([21]3,13,5)([22]3,18,7)([23]3,2,6)([24]3,11,4)([25]18,21,7)([26]24,4,4)([27]26,6,6)([28]0,12,6)([29]16,14,5)([30]20,29,3)([31]28,6,2)([32]8,24,7)([33]10,22,3)([34]8,21,2)([35]19,5,5)([36]9,28,3)([37]33,11,7)([38]9,18,0)([39]0,36,2)([40]39,24,0)([41]2,4,6)([42]27,36,4)([43]30,8,7)([44]34,31,2)([45]14,19,4)([46]43,37,1)([47]21,9,0)([48]39,17,6)([49]45,43,6)([50]18,44,4)([51]1,22,0)([52]44,32,3)([53]24,39,4)([54]15,21,3)([55]30,32,2)([56]35,42,4)([57]43,53,5)([58]49,15,3)([59]4,39,0)([60]57,31,3)([61]55,31,4)([62]47,35,2)([63]58,61,7)([64]29,24,4)([65]62,33,7)([66]17,18,7)([67]57,47,7)([68]24,48,5)([69]25,63,5)([70]56,67,5)([71]69,56,3)([72]41,40,1)([73]53,16,7)([74]34,27,1)([75]46,74,3)([76]19,38,4)([77]63,42,0)([78]52,12,4)([79]34,6,5)([80]34,55,2)([81]54,3,2)([82]7,17,0)([83]58,80,3)([84]52,52,3)([85]41,15,7)([86]63,70,2)(86)
evaluations: 36044807
first invidual area: 126.51
{7,1,80,1,2,1,8}([7]1,0,4)([8]6,1,2)([9]1,6,4)([10]2,4,3)([11]7,2,7)([12]3,10,0)([13]4,5,6)([14]13,6,2)([15]12,7,6)([16]9,1,0)([17]5,2,6)([18]10,15,4)([19]11,4,2)([20]14,13,0)([21]6,16,3)([22]11,1,2)([23]10,1,4)([24]3,17,7)([25]20,13,3)([26]20,13,3)([27]19,8,4)([28]0,23,6)([29]21,18,5)([30]29,20,3)([31]13,12,1)([32]31,17,4)([33]9,21,0)([34]5,19,5)([35]4,24,4)([36]28,16,3)([37]8,24,7)([38]6,35,3)([39]7,26,5)([40]5,29,5)([41]35,30,0)([42]38,36,7)([43]13,6,0)([44]39,40,6)([45]0,37,7)([46]30,37,5)([47]28,6,5)([48]12,13,5)([49]27,16,6)([50]10,26,6)([51]34,49,1)([52]3,51,4)([53]15,9,3)([54]42,3,2)([55]28,35,0)([56]34,42,5)([57]45,53,5)([58]49,15,6)([59]33,36,0)([60]49,52,3)([61]46,47,4)([62]22,59,2)([63]58,61,4)([64]10,55,4)([65]10,45,0)([66]23,65,6)([67]57,48,7)([68]16,4,6)([69]22,64,5)([70]56,67,5)([71]43,44,0)([72]71,44,0)([73]23,54,0)([74]36,12,3)([75]40,15,1)([76]15,24,6)([77]22,30,5)([78]53,73,6)([79]61,54,6)([80]78,17,3)([81]38,14,0)([82]49,20,5)([83]15,21,0)([84]47,60,0)([85]8,50,7)([86]63,70,2)(86)
optimized area: 118.06
time: 1107250 ms
seed: 1635965689
NOT FOUND
time: 1050170 ms
seed: 1636001610
NOT FOUND
time: 1049831 ms
seed: 1636036135
NOT FOUND
time: 1044820 ms
seed: 1636070086
{7,1,80,1,2,1,8}([7]4,2,3)([8]6,1,7)([9]2,0,4)([10]4,9,2)([11]8,0,3)([12]11,5,4)([13]0,11,7)([14]2,1,4)([15]10,12,6)([16]13,14,7)([17]1,6,2)([18]14,15,4)([19]11,6,4)([20]0,7,7)([21]19,16,0)([22]20,20,7)([23]17,3,4)([24]12,23,4)([25]3,4,7)([26]11,10,2)([27]15,16,5)([28]14,27,7)([29]25,26,2)([30]27,8,6)([31]10,15,4)([32]21,25,5)([33]18,32,4)([34]30,23,4)([35]34,25,7)([36]15,19,3)([37]10,3,7)([38]31,22,6)([39]24,20,2)([40]35,17,3)([41]35,15,7)([42]29,34,4)([43]42,41,6)([44]43,38,2)([45]18,11,5)([46]33,3,7)([47]3,21,7)([48]5,43,3)([49]27,2,6)([50]18,23,6)([51]32,49,2)([52]36,44,4)([53]25,51,4)([54]42,10,2)([55]34,0,7)([56]53,54,7)([57]23,25,4)([58]23,4,7)([59]39,46,5)([60]2,21,6)([61]20,28,0)([62]24,1,0)([63]42,56,2)([64]22,1,2)([65]42,4,1)([66]19,63,4)([67]49,5,5)([68]54,39,0)([69]35,22,1)([70]69,27,6)([71]14,48,6)([72]17,66,3)([73]45,64,6)([74]11,28,6)([75]38,56,1)([76]69,9,4)([77]30,70,4)([78]38,4,4)([79]68,21,0)([80]72,59,2)([81]62,19,1)([82]71,77,7)([83]37,56,1)([84]68,50,0)([85]71,80,7)([86]80,42,0)(85)
evaluations: 32021943
first invidual area: 150.91
{7,1,80,1,2,1,8}([7]2,4,6)([8]1,6,7)([9]0,2,4)([10]4,9,2)([11]8,0,3)([12]11,5,4)([13]3,6,6)([14]1,2,4)([15]10,12,6)([16]8,15,6)([17]1,6,2)([18]1,11,7)([19]11,6,4)([20]18,9,7)([21]10,13,3)([22]15,20,5)([23]3,17,4)([24]12,23,4)([25]3,4,7)([26]21,7,0)([27]19,12,6)([28]3,14,7)([29]25,11,5)([30]21,8,0)([31]23,6,3)([32]19,25,5)([33]26,24,0)([34]29,23,7)([35]7,0,4)([36]28,32,4)([37]16,31,4)([38]36,21,4)([39]24,35,2)([40]18,37,0)([41]30,36,6)([42]22,34,7)([43]42,41,6)([44]15,34,7)([45]4,25,3)([46]15,36,4)([47]4,35,7)([48]43,5,3)([49]2,44,2)([50]29,33,5)([51]3,33,5)([52]17,51,6)([53]25,50,4)([54]43,2,4)([55]49,34,1)([56]9,48,2)([57]51,52,2)([58]15,19,7)([59]39,46,5)([60]0,12,6)([61]48,9,7)([62]59,50,6)([63]29,20,7)([64]34,22,4)([65]42,53,5)([66]19,65,7)([67]66,6,1)([68]6,40,6)([69]65,27,0)([70]26,25,7)([71]14,48,3)([72]17,66,3)([73]71,20,6)([74]46,40,6)([75]55,43,1)([76]30,32,7)([77]25,52,4)([78]41,66,5)([79]68,71,5)([80]72,59,5)([81]0,17,6)([82]16,81,2)([83]6,31,4)([84]72,32,4)([85]71,80,7)([86]39,8,1)(85)
optimized area: 132.62
time: 1143816 ms
seed: 1636103204
NOT FOUND
time: 1064558 ms
seed: 1636135863
NOT FOUND
time: 1068157 ms
seed: 1636168305
{7,1,80,1,2,1,8}([7]3,6,5)([8]7,1,2)([9]5,1,2)([10]2,5,6)([11]6,8,2)([12]4,7,4)([13]2,12,2)([14]3,11,4)([15]2,13,7)([16]14,10,7)([17]9,8,3)([18]15,17,6)([19]16,12,4)([20]4,9,6)([21]12,14,2)([22]10,7,3)([23]1,6,7)([24]3,14,6)([25]11,20,6)([26]18,9,3)([27]25,16,6)([28]19,13,4)([29]21,20,2)([30]4,5,7)([31]30,29,0)([32]0,16,6)([33]23,28,4)([34]6,3,3)([35]25,21,7)([36]30,35,4)([37]26,5,5)([38]11,11,3)([39]25,4,3)([40]26,16,3)([41]15,9,0)([42]0,20,0)([43]23,27,7)([44]30,17,7)([45]16,36,4)([46]27,20,3)([47]8,0,7)([48]28,47,5)([49]42,9,3)([50]31,37,2)([51]26,1,1)([52]38,4,2)([53]48,43,5)([54]15,42,7)([55]4,49,3)([56]14,37,6)([57]51,28,0)([58]56,37,3)([59]44,45,5)([60]49,49,0)([61]54,55,2)([62]26,60,1)([63]14,22,2)([64]42,24,7)([65]11,5,0)([66]10,22,5)([67]36,15,7)([68]59,61,3)([69]67,48,1)([70]41,8,5)([71]26,64,2)([72]71,53,3)([73]69,15,7)([74]1,51,5)([75]66,37,6)([76]61,29,3)([77]38,42,3)([78]72,13,5)([79]52,48,2)([80]72,68,5)([81]49,26,4)([82]49,43,2)([83]67,82,0)([84]65,56,4)([85]30,3,5)([86]54,22,2)(80)
evaluations: 22815911
first invidual area: 128.85
{7,1,80,1,2,1,8}([7]3,6,5)([8]7,1,2)([9]1,5,2)([10]5,2,3)([11]8,6,2)([12]7,4,4)([13]2,12,2)([14]3,11,3)([15]13,2,7)([16]10,14,4)([17]6,1,4)([18]16,4,0)([19]9,8,3)([20]4,9,6)([21]12,14,5)([22]12,16,4)([23]0,16,7)([24]22,13,4)([25]20,11,6)([26]8,8,0)([27]21,25,4)([28]8,0,7)([29]28,5,5)([30]25,16,3)([31]16,29,4)([32]20,26,5)([33]18,10,3)([34]13,22,6)([35]28,12,0)([36]16,27,7)([37]5,4,4)([38]31,10,1)([39]8,36,7)([40]13,34,2)([41]18,14,0)([42]23,21,3)([43]17,30,7)([44]6,4,0)([45]26,37,4)([46]37,15,6)([47]46,30,1)([48]24,35,5)([49]42,35,4)([50]0,15,7)([51]27,1,6)([52]30,27,6)([53]48,43,5)([54]44,25,3)([55]43,50,3)([56]36,22,1)([57]54,3,7)([58]7,1,6)([59]0,51,1)([60]59,36,7)([61]29,50,2)([62]9,21,5)([63]46,9,3)([64]41,16,2)([65]45,39,5)([66]28,51,3)([67]66,29,7)([68]65,61,3)([69]56,23,0)([70]13,4,6)([71]63,23,2)([72]71,53,3)([73]68,72,5)([74]72,12,3)([75]25,63,3)([76]17,68,7)([77]1,60,7)([78]34,69,4)([79]40,63,2)([80]55,1,1)([81]49,59,3)([82]35,15,2)([83]10,70,5)([84]77,29,2)([85]36,17,6)([86]72,43,1)(73)
optimized area: 118.54
time: 1204822 ms
seed: 1636198921
NOT FOUND
time: 1052387 ms
seed: 1636228963
NOT FOUND
time: 1097382 ms
