seed: 1633850085
{7,1,80,1,2,1,8}([7]4,2,3)([8]1,5,2)([9]8,2,4)([10]7,0,4)([11]5,10,3)([12]3,6,2)([13]4,6,3)([14]1,0,4)([15]4,9,2)([16]13,15,7)([17]1,15,2)([18]3,14,2)([19]12,17,6)([20]19,8,2)([21]8,6,4)([22]5,12,7)([23]4,22,2)([24]16,9,6)([25]10,1,6)([26]3,5,4)([27]26,14,6)([28]24,19,4)([29]4,25,2)([30]21,14,1)([31]28,29,6)([32]21,11,4)([33]18,32,6)([34]31,17,3)([35]11,31,3)([36]31,6,4)([37]35,3,7)([38]24,25,6)([39]30,38,0)([40]16,14,7)([41]33,26,4)([42]12,27,6)([43]8,2,2)([44]42,37,6)([45]9,26,0)([46]37,23,5)([47]40,28,7)([48]31,44,7)([49]10,41,6)([50]19,9,1)([51]42,33,6)([52]49,7,2)([53]13,20,1)([54]41,10,2)([55]52,46,7)([56]41,40,5)([57]21,56,2)([58]29,27,5)([59]1,48,4)([60]20,46,7)([61]43,55,2)([62]33,60,5)([63]25,34,4)([64]33,7,1)([65]9,36,5)([66]51,51,7)([67]23,48,2)([68]18,56,1)([69]8,41,5)([70]8,24,5)([71]2,25,5)([72]71,17,6)([73]56,62,7)([74]41,51,6)([75]67,67,2)([76]43,56,4)([77]37,21,7)([78]73,59,2)([79]24,16,7)([80]47,6,7)([81]71,65,6)([82]35,73,1)([83]5,49,6)([84]78,61,3)([85]15,83,3)([86]0,81,0)(84)
evaluations: 16478217
first invidual area: 146.18
{7,1,80,1,2,1,8}([7]4,2,3)([8]5,1,2)([9]8,2,4)([10]7,0,4)([11]8,10,6)([12]6,3,2)([13]6,4,6)([14]1,0,4)([15]4,9,2)([16]13,15,6)([17]15,1,2)([18]3,14,2)([19]12,17,3)([20]8,6,7)([21]5,10,3)([22]6,5,7)([23]4,22,2)([24]13,9,3)([25]2,20,2)([26]3,5,4)([27]14,26,6)([28]24,19,4)([29]4,11,2)([30]21,20,7)([31]28,29,6)([32]4,24,0)([33]18,30,6)([34]27,12,6)([35]21,31,6)([36]26,10,5)([37]3,35,4)([38]37,34,3)([39]13,7,6)([40]31,38,4)([41]26,33,4)([42]19,10,5)([43]8,2,2)([44]39,10,1)([45]40,25,0)([46]41,23,2)([47]10,4,1)([48]25,7,6)([49]23,41,3)([50]43,46,3)([51]6,20,0)([52]16,14,4)([53]26,31,0)([54]35,40,4)([55]7,40,1)([56]52,41,5)([57]42,20,2)([58]7,25,4)([59]1,45,4)([60]10,49,7)([61]43,60,2)([62]33,50,5)([63]40,57,0)([64]10,61,5)([65]21,9,7)([66]60,59,1)([67]61,15,7)([68]56,18,4)([69]54,60,0)([70]59,42,1)([71]10,16,4)([72]27,64,4)([73]62,56,7)([74]66,8,1)([75]62,39,0)([76]5,38,6)([77]36,26,7)([78]59,73,2)([79]37,24,7)([80]6,75,5)([81]45,47,5)([82]71,21,1)([83]69,53,7)([84]78,61,3)([85]19,0,5)([86]45,63,0)(84)
optimized area: 137.27
time: 658708 ms
seed: 1633936822
{7,1,80,1,2,1,8}([7]1,0,2)([8]5,1,6)([9]4,6,6)([10]3,2,6)([11]4,6,7)([12]3,8,3)([13]7,2,3)([14]0,3,7)([15]2,6,5)([16]12,11,2)([17]10,10,6)([18]6,12,4)([19]15,13,2)([20]14,1,7)([21]16,20,4)([22]14,3,3)([23]5,10,7)([24]21,19,3)([25]23,2,2)([26]23,19,3)([27]20,19,2)([28]8,20,5)([29]16,17,3)([30]27,28,7)([31]16,18,6)([32]9,22,7)([33]16,15,6)([34]24,12,3)([35]4,24,5)([36]5,30,6)([37]24,28,2)([38]28,33,4)([39]32,1,7)([40]23,37,7)([41]11,21,0)([42]34,1,3)([43]33,14,2)([44]16,14,2)([45]27,0,4)([46]33,15,4)([47]31,45,6)([48]24,2,6)([49]42,48,7)([50]25,10,7)([51]35,47,6)([52]34,51,2)([53]5,38,3)([54]24,51,6)([55]27,9,6)([56]54,8,2)([57]51,12,6)([58]36,15,7)([59]27,36,6)([60]47,0,5)([61]40,39,6)([62]20,55,6)([63]53,61,3)([64]38,36,4)([65]52,64,2)([66]42,61,5)([67]48,32,2)([68]8,16,3)([69]59,13,2)([70]34,1,5)([71]7,67,5)([72]64,32,2)([73]61,65,4)([74]29,14,3)([75]67,17,2)([76]75,73,4)([77]12,27,5)([78]31,55,2)([79]46,73,2)([80]69,49,0)([81]76,49,3)([82]13,68,3)([83]56,69,1)([84]35,30,4)([85]0,72,2)([86]24,34,2)(81)
evaluations: 17846859
first invidual area: 143.83
{7,1,80,1,2,1,8}([7]2,6,5)([8]5,1,6)([9]1,0,2)([10]3,2,3)([11]4,6,7)([12]3,8,3)([13]9,2,3)([14]0,3,7)([15]12,6,6)([16]12,11,5)([17]12,0,6)([18]4,17,1)([19]7,13,2)([20]1,14,7)([21]20,16,7)([22]3,14,3)([23]5,10,7)([24]21,19,3)([25]8,20,3)([26]13,7,5)([27]24,22,5)([28]20,8,5)([29]18,11,5)([30]20,13,5)([31]19,21,2)([32]29,22,7)([33]8,1,4)([34]13,21,6)([35]5,30,2)([36]30,0,7)([37]24,28,5)([38]12,24,3)([39]1,32,4)([40]37,23,7)([41]38,36,6)([42]12,30,0)([43]42,1,6)([44]35,38,2)([45]4,2,3)([46]40,39,3)([47]42,20,7)([48]28,18,5)([49]39,1,7)([50]15,36,6)([51]38,13,7)([52]5,34,7)([53]18,50,6)([54]41,34,4)([55]4,46,4)([56]26,41,2)([57]25,49,5)([58]54,28,6)([59]14,2,7)([60]12,16,0)([61]41,46,0)([62]57,53,0)([63]11,61,4)([64]44,31,3)([65]53,64,5)([66]46,65,4)([67]64,36,1)([68]5,43,6)([69]43,28,6)([70]34,22,3)([71]69,38,1)([72]38,18,5)([73]34,62,5)([74]2,40,4)([75]36,11,3)([76]12,10,6)([77]19,4,5)([78]42,49,3)([79]23,33,5)([80]17,67,6)([81]66,54,3)([82]19,18,4)([83]16,45,0)([84]27,68,0)([85]6,53,6)([86]46,81,5)(81)
optimized area: 112.88
time: 620882 ms
seed: 1633964587
NOT FOUND
time: 526586 ms
seed: 1633987503
NOT FOUND
time: 533274 ms
seed: 1634036493
{7,1,80,1,2,1,8}([7]2,0,4)([8]1,7,5)([9]1,2,7)([10]9,1,3)([11]6,7,3)([12]3,6,7)([13]5,7,4)([14]5,3,5)([15]14,12,0)([16]0,12,2)([17]6,1,4)([18]17,16,7)([19]16,13,2)([20]14,19,2)([21]13,16,3)([22]20,4,7)([23]18,4,3)([24]3,0,4)([25]7,17,3)([26]5,8,4)([27]7,15,4)([28]16,24,6)([29]9,22,4)([30]12,10,3)([31]10,7,1)([32]11,10,4)([33]2,11,0)([34]10,7,6)([35]16,27,5)([36]29,26,6)([37]23,36,2)([38]31,12,2)([39]22,25,4)([40]16,24,5)([41]36,2,3)([42]41,15,5)([43]40,22,3)([44]18,15,5)([45]40,13,7)([46]17,13,4)([47]42,28,2)([48]39,12,2)([49]24,46,6)([50]42,39,2)([51]11,40,7)([52]30,13,2)([53]52,48,7)([54]52,33,3)([55]30,43,2)([56]55,49,7)([57]53,21,1)([58]56,54,3)([59]37,12,5)([60]42,38,5)([61]6,47,2)([62]35,36,5)([63]16,7,1)([64]16,58,7)([65]61,50,4)([66]3,19,1)([67]14,17,4)([68]59,65,7)([69]60,62,5)([70]54,62,3)([71]24,44,2)([72]56,53,2)([73]61,30,3)([74]30,64,1)([75]63,66,2)([76]21,41,3)([77]72,68,3)([78]20,62,2)([79]52,2,0)([80]40,11,7)([81]10,36,6)([82]80,18,1)([83]12,38,6)([84]26,53,1)([85]56,28,2)([86]28,84,5)(77)
evaluations: 14294016
first invidual area: 133.53
{7,1,80,1,2,1,8}([7]2,4,0)([8]0,2,4)([9]2,1,7)([10]1,8,5)([11]9,1,3)([12]3,6,7)([13]5,8,4)([14]3,5,5)([15]0,12,2)([16]15,10,0)([17]1,6,4)([18]17,0,7)([19]14,13,2)([20]13,17,4)([21]19,15,5)([22]4,21,4)([23]10,18,5)([24]3,0,4)([25]17,8,6)([26]24,16,5)([27]8,22,7)([28]0,12,6)([29]5,10,4)([30]12,11,3)([31]4,18,3)([32]3,2,7)([33]15,1,1)([34]22,33,0)([35]34,9,4)([36]29,35,6)([37]31,12,2)([38]13,30,5)([39]25,34,7)([40]17,22,1)([41]36,2,3)([42]14,41,5)([43]26,34,3)([44]35,15,2)([45]20,12,0)([46]33,17,6)([47]42,6,2)([48]5,36,5)([49]20,24,3)([50]42,39,5)([51]28,47,5)([52]39,12,5)([53]52,38,7)([54]17,25,0)([55]49,43,5)([56]55,30,7)([57]36,24,7)([58]38,55,7)([59]47,23,3)([60]2,3,0)([61]31,44,6)([62]36,37,5)([63]1,59,0)([64]29,30,6)([65]51,50,4)([66]11,31,7)([67]16,53,4)([68]7,38,1)([69]38,59,3)([70]55,10,7)([71]19,69,4)([72]56,53,2)([73]3,30,4)([74]16,17,0)([75]62,65,7)([76]30,58,3)([77]72,75,3)([78]20,17,7)([79]15,12,1)([80]8,23,3)([81]30,8,4)([82]23,1,3)([83]33,17,2)([84]54,46,5)([85]0,69,3)([86]41,28,1)(77)
optimized area: 130.71
time: 658441 ms
seed: 1634150546
NOT FOUND
time: 525097 ms
seed: 1634197904
{7,1,80,1,2,1,8}([7]1,4,2)([8]1,6,4)([9]4,2,4)([10]4,9,5)([11]3,6,3)([12]2,8,2)([13]8,1,2)([14]8,7,4)([15]13,2,6)([16]4,9,7)([17]5,3,4)([18]5,12,7)([19]0,18,4)([20]6,14,7)([21]8,17,4)([22]5,14,2)([23]3,15,5)([24]10,11,5)([25]0,16,6)([26]17,8,3)([27]12,10,4)([28]9,11,6)([29]26,14,5)([30]13,25,3)([31]27,17,7)([32]24,2,1)([33]23,23,6)([34]7,23,5)([35]16,22,7)([36]5,28,3)([37]30,31,3)([38]31,1,6)([39]38,26,2)([40]37,18,2)([41]35,39,3)([42]38,23,6)([43]0,29,7)([44]17,31,6)([45]29,39,7)([46]35,42,5)([47]16,31,6)([48]3,18,7)([49]41,37,1)([50]29,0,2)([51]47,22,4)([52]35,28,1)([53]38,4,6)([54]39,43,4)([55]52,2,5)([56]9,52,1)([57]19,56,5)([58]19,23,3)([59]53,37,5)([60]16,19,4)([61]59,36,2)([62]24,41,7)([63]17,49,1)([64]5,52,5)([65]24,3,4)([66]62,60,5)([67]64,53,4)([68]58,66,7)([69]24,0,6)([70]51,54,6)([71]61,60,3)([72]70,61,3)([73]55,53,0)([74]47,8,2)([75]49,43,0)([76]33,32,3)([77]18,55,6)([78]72,68,2)([79]21,34,3)([80]40,65,1)([81]71,65,2)([82]57,54,3)([83]8,57,4)([84]43,18,4)([85]26,50,3)([86]67,28,5)(78)
evaluations: 34568363
first invidual area: 137.74
{7,1,80,1,2,1,8}([7]4,1,5)([8]6,1,4)([9]2,4,4)([10]9,4,5)([11]6,3,3)([12]2,8,2)([13]1,8,2)([14]7,8,7)([15]13,2,6)([16]2,15,1)([17]3,5,4)([18]12,5,4)([19]18,0,7)([20]19,16,1)([21]9,11,6)([22]5,14,2)([23]3,15,5)([24]10,20,6)([25]5,18,4)([26]17,8,3)([27]7,9,3)([28]10,12,7)([29]16,19,4)([30]26,20,3)([31]28,17,4)([32]10,16,6)([33]11,10,5)([34]4,33,4)([35]22,19,4)([36]5,21,3)([37]26,14,5)([38]31,1,6)([39]38,26,2)([40]23,19,6)([41]35,39,3)([42]25,13,6)([43]41,23,1)([44]28,42,3)([45]38,37,4)([46]22,9,0)([47]31,16,6)([48]16,5,1)([49]33,19,0)([50]46,12,5)([51]15,7,0)([52]15,43,6)([53]38,4,6)([54]0,45,7)([55]38,19,2)([56]33,21,2)([57]22,47,4)([58]6,38,0)([59]30,53,5)([60]46,3,1)([61]59,36,2)([62]33,41,7)([63]15,7,0)([64]56,58,3)([65]19,27,4)([66]62,29,5)([67]56,18,6)([68]40,66,4)([69]5,25,1)([70]54,57,6)([71]61,70,3)([72]61,11,3)([73]49,26,3)([74]8,42,0)([75]39,9,3)([76]21,40,6)([77]31,46,6)([78]71,68,2)([79]25,51,3)([80]66,58,3)([81]75,22,1)([82]57,36,6)([83]9,53,3)([84]76,21,7)([85]82,84,7)([86]47,21,7)(78)
optimized area: 130.70
time: 571115 ms
seed: 1634246855
NOT FOUND
time: 528576 ms
seed: 1634295026
NOT FOUND
time: 528269 ms
seed: 1634335501
NOT FOUND
time: 529072 ms
seed: 1634384396
NOT FOUND
time: 527165 ms
seed: 1634433413
NOT FOUND
time: 540561 ms
seed: 1634493779
NOT FOUND
time: 522744 ms
seed: 1634592866
NOT FOUND
time: 515623 ms
seed: 1634641725
NOT FOUND
time: 531859 ms
seed: 1634680641
{7,1,80,1,2,1,8}([7]0,4,4)([8]6,3,4)([9]8,0,7)([10]5,0,5)([11]2,9,4)([12]7,3,5)([13]5,8,7)([14]3,12,2)([15]14,5,1)([16]3,11,5)([17]7,7,5)([18]8,0,4)([19]2,3,6)([20]6,16,5)([21]9,13,2)([22]7,2,3)([23]1,13,7)([24]23,0,3)([25]3,12,0)([26]10,14,7)([27]1,13,4)([28]0,1,5)([29]28,24,2)([30]24,16,3)([31]15,20,7)([32]16,24,5)([33]16,3,0)([34]1,23,6)([35]23,26,2)([36]2,4,2)([37]36,29,7)([38]33,20,3)([39]24,31,7)([40]17,35,1)([41]31,37,2)([42]22,32,3)([43]0,26,6)([44]29,30,7)([45]44,41,2)([46]11,13,1)([47]19,35,6)([48]45,5,3)([49]18,20,7)([50]22,13,7)([51]32,1,3)([52]19,1,1)([53]38,48,3)([54]47,31,1)([55]1,37,0)([56]54,42,5)([57]17,4,0)([58]46,28,4)([59]53,46,3)([60]23,39,6)([61]44,24,5)([62]26,37,3)([63]46,37,3)([64]44,48,2)([65]21,39,6)([66]59,49,2)([67]64,53,3)([68]58,52,2)([69]54,27,4)([70]28,31,0)([71]24,30,0)([72]55,50,2)([73]1,4,6)([74]60,38,2)([75]22,41,2)([76]36,46,5)([77]56,48,4)([78]47,15,1)([79]68,72,6)([80]61,44,7)([81]2,13,4)([82]65,79,2)([83]36,7,7)([84]32,59,7)([85]77,82,7)([86]19,20,4)(85)
evaluations: 18293363
first invidual area: 133.50
{7,1,80,1,2,1,8}([7]0,4,4)([8]6,3,4)([9]8,0,7)([10]7,6,1)([11]9,2,4)([12]2,4,5)([13]8,5,7)([14]10,3,2)([15]6,11,2)([16]3,11,5)([17]1,4,0)([18]8,8,0)([19]2,3,6)([20]19,0,1)([21]3,9,0)([22]7,2,3)([23]13,1,7)([24]0,23,3)([25]5,0,5)([26]25,14,7)([27]24,15,3)([28]0,17,5)([29]6,16,5)([30]23,26,2)([31]7,4,2)([32]28,14,1)([33]11,28,7)([34]14,29,4)([35]16,24,5)([36]32,5,1)([37]24,12,5)([38]21,34,7)([39]27,34,7)([40]13,9,2)([41]34,28,2)([42]37,41,2)([43]25,21,4)([44]22,13,7)([45]42,39,2)([46]13,2,4)([47]19,30,3)([48]45,5,3)([49]33,20,2)([50]33,37,0)([51]39,34,0)([52]45,30,3)([53]21,44,7)([54]7,8,4)([55]35,22,3)([56]47,55,5)([57]9,45,6)([58]20,40,2)([59]16,2,0)([60]41,8,3)([61]56,48,4)([62]49,33,0)([63]51,50,5)([64]4,34,2)([65]40,51,6)([66]33,15,5)([67]48,39,5)([68]51,22,0)([69]40,62,4)([70]0,47,6)([71]57,57,5)([72]17,44,2)([73]34,53,2)([74]46,37,5)([75]52,10,6)([76]49,26,0)([77]9,8,0)([78]77,47,0)([79]62,72,6)([80]16,21,7)([81]54,37,2)([82]79,65,5)([83]26,80,1)([84]76,71,4)([85]61,82,4)([86]26,31,7)(85)
optimized area: 122.72
time: 1079078 ms
seed: 1634712672
NOT FOUND
time: 530054 ms
seed: 1634758378
{7,1,80,1,2,1,8}([7]6,3,4)([8]4,0,4)([9]3,2,0)([10]7,1,7)([11]3,0,3)([12]11,8,2)([13]8,5,2)([14]7,4,0)([15]12,9,4)([16]1,7,7)([17]12,2,4)([18]13,10,0)([19]18,7,2)([20]17,4,4)([21]18,12,7)([22]5,10,7)([23]5,0,3)([24]17,7,5)([25]18,17,4)([26]2,7,2)([27]12,10,1)([28]26,16,3)([29]15,7,3)([30]25,23,3)([31]28,29,4)([32]18,1,2)([33]26,20,2)([34]10,8,1)([35]31,17,5)([36]19,26,6)([37]17,12,7)([38]15,33,3)([39]18,14,6)([40]24,22,4)([41]30,29,5)([42]5,22,2)([43]28,19,1)([44]36,1,3)([45]20,38,0)([46]4,42,0)([47]39,4,7)([48]25,44,3)([49]14,47,7)([50]22,29,4)([51]44,1,4)([52]11,40,7)([53]45,9,6)([54]38,4,4)([55]15,5,7)([56]49,7,4)([57]31,30,4)([58]53,57,7)([59]2,20,3)([60]31,52,3)([61]0,58,7)([62]24,23,1)([63]16,35,4)([64]22,21,4)([65]12,41,2)([66]1,17,5)([67]15,4,4)([68]67,46,5)([69]40,39,6)([70]69,52,3)([71]58,64,6)([72]62,56,4)([73]63,70,4)([74]23,1,4)([75]63,59,0)([76]12,6,7)([77]13,31,1)([78]25,19,5)([79]56,71,5)([80]73,79,4)([81]12,72,4)([82]48,67,6)([83]28,19,6)([84]53,29,5)([85]82,80,4)([86]10,59,7)(85)
evaluations: 37939317
first invidual area: 160.29
{7,1,80,1,2,1,8}([7]3,6,4)([8]4,0,4)([9]5,0,3)([10]7,1,7)([11]0,3,3)([12]8,11,2)([13]5,8,2)([14]10,0,0)([15]12,6,4)([16]14,12,4)([17]2,12,4)([18]8,15,5)([19]5,10,7)([20]4,17,4)([21]17,10,3)([22]20,3,6)([23]7,15,6)([24]21,7,7)([25]12,13,4)([26]7,2,2)([27]17,22,5)([28]26,10,6)([29]1,7,0)([30]17,9,6)([31]28,23,4)([32]26,14,1)([33]12,20,2)([34]28,25,1)([35]24,13,5)([36]34,0,4)([37]23,5,5)([38]23,3,1)([39]13,7,6)([40]26,19,7)([41]19,25,7)([42]15,22,1)([43]40,26,1)([44]29,43,3)([45]3,28,2)([46]40,39,6)([47]39,4,4)([48]46,20,6)([49]18,44,3)([50]23,32,0)([51]19,19,6)([52]11,40,7)([53]31,17,5)([54]36,4,3)([55]53,25,5)([56]41,30,0)([57]31,30,7)([58]22,57,7)([59]53,10,7)([60]30,11,3)([61]5,48,3)([62]24,46,2)([63]51,30,2)([64]52,31,5)([65]22,30,5)([66]15,25,7)([67]31,39,5)([68]45,29,5)([69]12,5,3)([70]46,52,6)([71]58,41,6)([72]0,25,3)([73]59,70,7)([74]9,16,1)([75]73,44,6)([76]34,66,0)([77]8,2,7)([78]33,32,5)([79]47,71,5)([80]73,79,4)([81]43,32,3)([82]49,47,3)([83]9,77,2)([84]2,19,2)([85]82,80,4)([86]15,77,7)(85)
optimized area: 133.56
time: 1020657 ms
seed: 1634823468
NOT FOUND
time: 984591 ms
seed: 1634948175
{7,1,80,1,2,1,8}([7]2,4,4)([8]1,6,4)([9]7,4,6)([10]1,0,2)([11]6,10,2)([12]10,3,4)([13]10,7,6)([14]8,0,3)([15]5,14,7)([16]13,5,4)([17]5,0,6)([18]15,2,7)([19]12,5,7)([20]7,12,6)([21]16,8,5)([22]21,2,5)([23]18,20,4)([24]21,8,2)([25]11,0,4)([26]16,1,5)([27]5,9,7)([28]26,19,7)([29]7,24,6)([30]17,28,4)([31]9,23,2)([32]3,26,7)([33]6,20,0)([34]31,21,3)([35]27,1,1)([36]25,35,3)([37]24,0,7)([38]10,21,0)([39]33,38,4)([40]12,38,2)([41]19,34,7)([42]13,28,7)([43]9,25,2)([44]8,12,2)([45]12,43,6)([46]2,12,6)([47]23,27,0)([48]23,43,4)([49]41,37,2)([50]14,7,6)([51]23,32,7)([52]39,36,1)([53]51,49,2)([54]27,9,3)([55]45,29,2)([56]27,53,7)([57]25,19,6)([58]46,36,6)([59]48,30,5)([60]18,52,5)([61]9,6,4)([62]60,56,4)([63]17,26,7)([64]35,56,4)([65]18,20,5)([66]14,59,2)([67]3,39,5)([68]25,50,2)([69]58,62,6)([70]41,27,7)([71]68,61,3)([72]66,43,6)([73]52,39,4)([74]59,69,7)([75]2,39,6)([76]8,24,4)([77]36,49,1)([78]45,16,4)([79]11,23,6)([80]71,53,6)([81]2,12,7)([82]39,31,0)([83]60,58,5)([84]3,77,4)([85]19,53,5)([86]0,49,6)(74)
evaluations: 25551939
first invidual area: 148.55
{7,1,80,1,2,1,8}([7]2,4,4)([8]1,6,4)([9]5,2,1)([10]1,0,2)([11]8,10,0)([12]10,3,4)([13]10,7,6)([14]0,8,3)([15]5,14,4)([16]5,13,4)([17]0,5,6)([18]2,15,4)([19]12,5,7)([20]12,7,6)([21]1,6,5)([22]15,8,7)([23]20,18,4)([24]2,7,6)([25]21,0,2)([26]16,1,5)([27]5,24,4)([28]26,19,4)([29]6,10,7)([30]19,8,5)([31]30,0,4)([32]26,3,4)([33]2,12,6)([34]10,16,4)([35]24,25,5)([36]27,25,3)([37]8,16,5)([38]17,37,6)([39]17,28,7)([40]7,26,6)([41]19,38,4)([42]33,8,4)([43]41,31,2)([44]18,5,5)([45]7,15,3)([46]17,19,7)([47]2,12,3)([48]14,16,7)([49]14,21,3)([50]34,16,6)([51]23,32,4)([52]25,0,5)([53]51,43,5)([54]44,37,0)([55]27,43,7)([56]27,55,3)([57]14,52,5)([58]33,36,6)([59]53,27,4)([60]18,29,5)([61]35,23,7)([62]59,60,7)([63]19,54,4)([64]60,26,5)([65]39,61,5)([66]39,16,3)([67]17,11,1)([68]43,52,4)([69]62,58,3)([70]69,65,4)([71]62,18,7)([72]61,31,7)([73]16,59,1)([74]70,70,7)([75]59,63,4)([76]72,34,3)([77]50,27,5)([78]55,15,0)([79]24,62,0)([80]28,46,2)([81]25,14,2)([82]61,8,2)([83]10,44,2)([84]76,70,1)([85]76,81,5)([86]10,21,3)(70)
optimized area: 139.18
time: 1120193 ms
seed: 1635078374
{7,1,80,1,2,1,8}([7]4,2,7)([8]7,6,2)([9]8,3,5)([10]9,0,4)([11]10,3,5)([12]1,5,2)([13]3,1,4)([14]12,10,3)([15]4,8,7)([16]14,3,0)([17]12,13,4)([18]1,15,4)([19]5,11,4)([20]6,19,0)([21]2,20,7)([22]8,21,3)([23]14,4,0)([24]8,5,2)([25]19,15,3)([26]2,15,2)([27]22,17,7)([28]3,5,7)([29]0,6,7)([30]3,14,6)([31]10,25,3)([32]20,17,2)([33]32,20,4)([34]22,28,3)([35]27,18,7)([36]15,28,5)([37]7,19,5)([38]19,35,2)([39]36,15,1)([40]32,27,5)([41]4,40,6)([42]34,33,7)([43]36,34,7)([44]23,27,5)([45]34,18,5)([46]26,10,2)([47]33,31,2)([48]5,35,1)([49]31,22,2)([50]3,34,0)([51]29,43,6)([52]39,28,1)([53]51,43,0)([54]47,18,6)([55]51,37,5)([56]51,54,3)([57]40,38,4)([58]1,29,5)([59]16,41,5)([60]46,42,3)([61]56,60,4)([62]49,1,4)([63]57,61,5)([64]15,37,5)([65]4,58,5)([66]46,0,4)([67]46,63,7)([68]52,67,4)([69]66,22,7)([70]34,51,5)([71]52,13,0)([72]71,59,3)([73]67,14,4)([74]44,11,2)([75]39,1,4)([76]58,51,7)([77]75,70,1)([78]52,20,7)([79]38,64,0)([80]58,27,3)([81]19,33,1)([82]81,8,6)([83]37,82,3)([84]36,29,5)([85]65,2,3)([86]52,84,0)(73)
evaluations: 31157759
first invidual area: 135.90
{7,1,80,1,2,1,8}([7]4,2,7)([8]7,6,2)([9]8,3,5)([10]0,9,4)([11]3,10,5)([12]1,5,2)([13]12,3,7)([14]10,12,3)([15]4,8,7)([16]2,6,7)([17]13,1,7)([18]15,1,4)([19]5,11,4)([20]10,13,0)([21]5,20,0)([22]8,16,3)([23]6,0,7)([24]8,0,5)([25]20,15,2)([26]11,11,5)([27]14,19,3)([28]3,21,7)([29]17,15,3)([30]17,22,7)([31]14,5,6)([32]17,6,2)([33]32,6,4)([34]22,28,3)([35]18,30,7)([36]28,15,5)([37]2,35,7)([38]35,19,5)([39]38,24,6)([40]8,37,7)([41]15,31,7)([42]23,16,2)([43]36,34,2)([44]34,33,7)([45]23,43,6)([46]25,2,2)([47]33,27,2)([48]7,5,0)([49]28,37,5)([50]30,32,5)([51]41,28,0)([52]37,0,7)([53]5,19,0)([54]47,18,6)([55]3,12,3)([56]45,54,6)([57]50,38,7)([58]29,20,6)([59]51,55,2)([60]44,46,3)([61]56,60,7)([62]49,47,4)([63]57,61,5)([64]20,25,0)([65]17,27,0)([66]22,59,0)([67]4,37,5)([68]4,30,4)([69]0,35,5)([70]52,22,1)([71]46,63,7)([72]28,2,3)([73]71,14,4)([74]73,36,3)([75]42,63,1)([76]41,9,6)([77]19,65,3)([78]75,37,6)([79]47,77,0)([80]75,7,4)([81]75,72,3)([82]22,51,5)([83]31,27,6)([84]33,13,3)([85]82,83,5)([86]55,27,6)(73)
optimized area: 130.74
time: 1069287 ms
seed: 1635119800
{7,1,80,1,2,1,8}([7]0,6,4)([8]7,2,6)([9]1,0,3)([10]3,2,6)([11]4,3,4)([12]11,2,3)([13]5,11,4)([14]8,9,5)([15]13,7,3)([16]9,3,4)([17]6,12,7)([18]14,5,4)([19]3,6,3)([20]7,17,2)([21]7,14,0)([22]16,1,7)([23]20,16,7)([24]1,13,2)([25]4,24,5)([26]2,16,6)([27]4,23,5)([28]17,16,6)([29]10,22,6)([30]28,0,2)([31]2,2,3)([32]30,5,4)([33]19,24,4)([34]11,19,6)([35]33,34,3)([36]11,29,5)([37]36,18,0)([38]35,34,4)([39]35,5,3)([40]25,29,4)([41]39,21,4)([42]29,27,3)([43]12,10,0)([44]11,43,7)([45]42,27,2)([46]40,18,2)([47]46,28,6)([48]41,34,0)([49]47,42,5)([50]7,26,2)([51]48,50,6)([52]31,47,6)([53]42,42,4)([54]42,30,7)([55]5,40,5)([56]49,51,6)([57]28,29,3)([58]45,11,7)([59]23,8,6)([60]0,53,0)([61]59,41,7)([62]49,38,4)([63]58,2,6)([64]56,55,4)([65]1,5,4)([66]57,35,5)([67]12,54,7)([68]44,46,7)([69]56,10,1)([70]30,37,3)([71]46,23,4)([72]64,63,7)([73]42,47,4)([74]56,1,5)([75]50,27,1)([76]7,72,6)([77]43,24,1)([78]67,39,3)([79]75,77,7)([80]22,4,1)([81]66,60,4)([82]46,66,2)([83]24,10,3)([84]49,19,5)([85]11,11,2)([86]0,62,4)(72)
evaluations: 10002844
first invidual area: 124.15
{7,1,80,1,2,1,8}([7]6,0,4)([8]4,1,0)([9]0,1,3)([10]7,2,6)([11]3,8,4)([12]11,2,6)([13]5,1,0)([14]3,6,3)([15]9,10,5)([16]3,9,4)([17]12,6,4)([18]16,17,6)([19]11,18,6)([20]17,7,5)([21]1,16,7)([22]11,19,1)([23]5,21,4)([24]16,20,4)([25]14,2,6)([26]15,11,0)([27]8,24,5)([28]27,22,4)([29]25,21,6)([30]16,2,6)([31]4,23,2)([32]30,15,2)([33]31,1,5)([34]14,1,4)([35]34,22,3)([36]30,5,1)([37]21,12,0)([38]5,16,4)([39]15,13,4)([40]33,29,4)([41]22,30,6)([42]35,5,3)([43]42,7,4)([44]27,29,3)([45]14,40,0)([46]40,39,2)([47]46,18,6)([48]2,28,3)([49]13,40,5)([50]1,31,6)([51]31,30,4)([52]15,19,2)([53]40,10,2)([54]43,32,6)([55]37,8,0)([56]54,2,3)([57]44,47,5)([58]24,5,3)([59]21,13,7)([60]58,45,1)([61]57,54,3)([62]17,27,2)([63]46,60,0)([64]61,49,4)([65]55,34,2)([66]31,9,1)([67]24,27,7)([68]66,64,7)([69]59,52,6)([70]33,1,5)([71]56,37,4)([72]10,8,7)([73]5,2,0)([74]11,63,1)([75]8,20,0)([76]48,64,7)([77]1,4,2)([78]74,28,4)([79]35,61,4)([80]31,65,7)([81]25,5,3)([82]49,20,2)([83]37,67,7)([84]46,59,4)([85]60,56,2)([86]72,45,0)(76)
optimized area: 120.40
time: 639759 ms
seed: 1635168685
NOT FOUND
time: 519471 ms
seed: 1635276462
{7,1,80,1,2,1,8}([7]3,6,7)([8]1,7,5)([9]0,2,5)([10]3,1,5)([11]1,9,3)([12]5,11,7)([13]0,3,4)([14]2,13,3)([15]4,14,5)([16]6,13,2)([17]15,12,4)([18]0,3,6)([19]8,2,7)([20]8,13,7)([21]12,6,4)([22]7,17,5)([23]19,13,4)([24]18,3,3)([25]3,23,4)([26]19,25,3)([27]24,26,5)([28]6,20,5)([29]22,13,3)([30]4,6,3)([31]7,17,0)([32]25,10,7)([33]27,28,4)([34]5,20,3)([35]34,18,6)([36]27,35,6)([37]1,33,4)([38]14,28,5)([39]17,3,1)([40]12,26,2)([41]9,4,6)([42]4,36,3)([43]41,15,3)([44]30,27,3)([45]19,30,7)([46]0,39,1)([47]28,23,4)([48]29,37,7)([49]28,23,3)([50]40,1,0)([51]42,50,7)([52]37,30,3)([53]12,41,6)([54]38,18,3)([55]17,40,6)([56]52,34,2)([57]50,35,1)([58]40,34,4)([59]43,44,4)([60]59,53,1)([61]20,51,2)([62]45,49,6)([63]38,56,1)([64]36,41,3)([65]64,59,3)([66]31,25,2)([67]34,37,7)([68]49,51,2)([69]48,68,6)([70]65,56,4)([71]8,15,0)([72]26,19,3)([73]5,59,7)([74]69,70,6)([75]51,11,5)([76]49,62,2)([77]27,70,6)([78]69,52,1)([79]50,67,6)([80]53,40,1)([81]44,50,3)([82]4,20,5)([83]62,75,7)([84]0,31,0)([85]0,72,2)([86]27,51,4)(74)
evaluations: 18030564
first invidual area: 130.70
{7,1,80,1,2,1,8}([7]3,6,7)([8]7,1,5)([9]0,2,5)([10]2,8,7)([11]9,1,3)([12]5,11,7)([13]0,3,4)([14]13,2,3)([15]14,4,5)([16]6,5,1)([17]16,5,1)([18]15,12,4)([19]0,12,4)([20]13,8,7)([21]0,14,6)([22]7,18,5)([23]13,0,5)([24]22,8,2)([25]5,9,2)([26]0,10,3)([27]23,26,5)([28]6,20,2)([29]3,23,0)([30]6,4,3)([31]25,21,7)([32]26,12,5)([33]27,28,4)([34]5,20,3)([35]2,34,6)([36]35,27,6)([37]1,33,7)([38]35,7,6)([39]32,14,0)([40]2,13,6)([41]37,30,3)([42]11,35,1)([43]2,13,3)([44]2,28,5)([45]16,34,4)([46]36,16,1)([47]46,12,3)([48]13,22,6)([49]36,10,7)([50]47,0,1)([51]16,37,0)([52]15,9,5)([53]24,46,2)([54]4,36,6)([55]34,41,5)([56]48,37,4)([57]39,54,7)([58]27,30,3)([59]46,58,5)([60]15,52,3)([61]3,20,3)([62]31,23,0)([63]31,16,0)([64]49,35,0)([65]59,52,6)([66]59,52,4)([67]27,31,7)([68]44,57,2)([69]56,68,6)([70]65,55,4)([71]7,10,3)([72]26,9,4)([73]38,34,0)([74]73,49,0)([75]55,21,0)([76]44,0,0)([77]12,33,0)([78]34,16,7)([79]26,6,5)([80]70,69,6)([81]10,62,1)([82]25,3,2)([83]77,65,6)([84]64,9,3)([85]15,41,0)([86]84,48,5)(80)
optimized area: 111.00
time: 1180993 ms
seed: 1635433862
{7,1,80,1,2,1,8}([7]6,3,7)([8]0,1,7)([9]0,3,6)([10]7,1,7)([11]3,0,2)([12]10,5,3)([13]11,1,3)([14]10,0,5)([15]4,11,4)([16]5,10,4)([17]9,16,6)([18]15,16,7)([19]18,10,7)([20]6,4,7)([21]13,7,1)([22]5,9,4)([23]14,2,7)([24]13,12,2)([25]17,10,0)([26]1,5,3)([27]11,25,7)([28]19,24,2)([29]6,21,3)([30]20,2,3)([31]6,14,4)([32]16,5,7)([33]4,31,2)([34]27,31,4)([35]30,22,2)([36]21,34,3)([37]16,14,5)([38]2,29,4)([39]1,21,7)([40]13,38,0)([41]17,28,4)([42]2,25,4)([43]0,8,2)([44]23,42,1)([45]36,32,4)([46]10,2,3)([47]38,41,6)([48]5,19,0)([49]40,4,4)([50]47,0,5)([51]33,42,6)([52]4,26,2)([53]45,30,3)([54]52,37,3)([55]28,15,1)([56]41,24,3)([57]51,40,3)([58]22,35,6)([59]22,57,6)([60]52,59,4)([61]15,60,7)([62]54,53,4)([63]42,40,7)([64]59,62,4)([65]63,28,5)([66]37,20,1)([67]35,8,3)([68]6,28,3)([69]9,5,0)([70]38,53,4)([71]47,64,3)([72]35,71,4)([73]54,30,2)([74]19,54,0)([75]25,34,7)([76]24,52,5)([77]16,54,3)([78]72,5,0)([79]12,34,2)([80]27,27,7)([81]20,29,3)([82]60,16,2)([83]29,48,2)([84]69,78,6)([85]74,29,4)([86]68,44,7)(78)
evaluations: 20665583
first invidual area: 143.39
{7,1,80,1,2,1,8}([7]3,6,4)([8]4,6,7)([9]3,0,6)([10]1,7,4)([11]3,0,2)([12]5,10,3)([13]11,1,3)([14]10,0,5)([15]4,5,4)([16]10,5,4)([17]9,16,6)([18]14,6,2)([19]11,15,4)([20]13,12,2)([21]2,2,2)([22]9,5,4)([23]17,3,5)([24]20,11,1)([25]17,11,4)([26]24,1,7)([27]26,15,2)([28]6,1,1)([29]14,16,5)([30]8,21,3)([31]6,14,4)([32]2,18,7)([33]19,0,2)([34]25,31,4)([35]24,6,3)([36]13,34,5)([37]24,26,1)([38]12,0,0)([39]9,24,5)([40]19,20,5)([41]16,33,1)([42]4,39,2)([43]40,17,4)([44]35,21,7)([45]36,10,7)([46]30,15,0)([47]44,12,6)([48]18,40,6)([49]33,47,6)([50]21,34,5)([51]17,29,6)([52]37,35,1)([53]45,30,6)([54]29,42,6)([55]11,0,6)([56]29,9,1)([57]49,22,3)([58]55,17,5)([59]13,57,3)([60]44,43,5)([61]26,1,7)([62]54,53,4)([63]49,14,0)([64]59,62,4)([65]64,33,0)([66]7,32,0)([67]42,9,4)([68]30,22,5)([69]8,20,2)([70]65,35,6)([71]60,65,5)([72]68,71,7)([73]52,20,7)([74]7,30,6)([75]1,5,5)([76]49,49,7)([77]61,53,3)([78]11,35,2)([79]63,41,4)([80]77,13,7)([81]50,54,2)([82]64,9,7)([83]48,30,1)([84]5,51,3)([85]67,64,3)([86]8,21,2)(72)
optimized area: 128.84
time: 1116236 ms
seed: 1635541088
{7,1,80,1,2,1,8}([7]2,3,7)([8]7,1,3)([9]6,6,2)([10]9,1,2)([11]10,3,4)([12]4,11,7)([13]2,8,1)([14]2,10,3)([15]6,1,7)([16]8,0,4)([17]3,15,2)([18]14,5,7)([19]4,17,7)([20]16,10,1)([21]2,15,3)([22]15,7,2)([23]7,11,7)([24]3,16,6)([25]4,6,4)([26]18,22,6)([27]11,26,6)([28]11,26,2)([29]25,26,3)([30]23,29,6)([31]28,29,4)([32]22,27,5)([33]20,28,6)([34]9,20,7)([35]8,28,5)([36]5,32,4)([37]25,16,5)([38]31,22,7)([39]37,35,2)([40]29,17,3)([41]37,19,5)([42]19,38,0)([43]12,8,3)([44]7,24,4)([45]33,30,7)([46]10,16,2)([47]20,28,0)([48]9,44,7)([49]22,4,5)([50]12,27,5)([51]50,29,4)([52]46,35,7)([53]36,48,3)([54]53,0,0)([55]4,49,1)([56]15,17,0)([57]45,5,4)([58]16,32,1)([59]27,41,6)([60]49,59,5)([61]45,47,2)([62]48,52,0)([63]57,54,5)([64]10,3,3)([65]22,8,2)([66]12,55,3)([67]50,47,5)([68]22,33,6)([69]43,22,3)([70]42,1,0)([71]63,60,2)([72]17,40,4)([73]49,59,4)([74]45,18,0)([75]3,10,4)([76]69,36,2)([77]14,28,3)([78]69,42,5)([79]40,17,2)([80]26,37,4)([81]75,48,6)([82]71,71,6)([83]41,20,0)([84]30,76,7)([85]55,46,1)([86]46,27,4)(71)
evaluations: 12875914
first invidual area: 108.69
{7,1,80,1,2,1,8}([7]2,3,7)([8]6,1,5)([9]8,3,7)([10]7,1,6)([11]3,7,2)([12]10,8,2)([13]9,7,7)([14]13,2,6)([15]6,1,7)([16]0,10,7)([17]15,10,0)([18]3,16,6)([19]7,7,2)([20]10,4,1)([21]7,6,4)([22]14,5,4)([23]15,14,5)([24]17,7,2)([25]4,6,4)([26]24,22,6)([27]15,3,5)([28]5,23,4)([29]26,13,3)([30]29,25,6)([31]26,9,6)([32]18,6,7)([33]27,4,4)([34]10,11,3)([35]9,26,2)([36]16,2,1)([37]16,25,5)([38]35,36,3)([39]15,14,0)([40]33,37,5)([41]7,32,4)([42]8,19,2)([43]28,41,3)([44]11,22,5)([45]39,22,0)([46]17,37,2)([47]24,3,5)([48]30,19,4)([49]15,10,5)([50]26,35,0)([51]38,42,7)([52]4,6,1)([53]30,5,7)([54]51,20,5)([55]44,19,4)([56]43,1,3)([57]38,53,7)([58]42,50,4)([59]40,31,6)([60]34,22,5)([61]54,41,5)([62]40,51,1)([63]57,43,5)([64]31,26,3)([65]54,55,5)([66]37,5,0)([67]7,53,4)([68]23,15,5)([69]51,27,3)([70]47,59,5)([71]11,63,7)([72]0,28,5)([73]54,50,1)([74]43,52,6)([75]62,56,1)([76]3,19,2)([77]65,72,6)([78]70,10,0)([79]3,76,0)([80]21,47,7)([81]9,16,0)([82]63,45,5)([83]11,58,3)([84]40,72,5)([85]80,27,1)([86]70,63,2)(86)
optimized area: 107.75
time: 1142007 ms
seed: 1635600492
{7,1,80,1,2,1,8}([7]2,1,3)([8]4,7,3)([9]3,1,2)([10]6,7,7)([11]1,10,4)([12]5,11,4)([13]0,5,4)([14]2,0,7)([15]8,1,6)([16]8,3,4)([17]0,1,3)([18]0,5,0)([19]11,5,5)([20]1,19,1)([21]19,14,7)([22]17,4,2)([23]2,9,7)([24]3,2,3)([25]24,14,6)([26]21,16,2)([27]8,15,0)([28]18,26,3)([29]27,10,2)([30]4,0,7)([31]10,23,2)([32]24,28,3)([33]10,16,1)([34]26,13,0)([35]2,21,3)([36]28,13,2)([37]31,19,2)([38]17,2,7)([39]9,38,5)([40]3,37,2)([41]30,40,5)([42]22,16,6)([43]18,38,5)([44]42,25,7)([45]39,22,2)([46]36,1,2)([47]46,32,7)([48]15,26,4)([49]14,25,4)([50]22,24,6)([51]11,17,3)([52]50,46,4)([53]44,12,3)([54]3,23,2)([55]34,54,1)([56]19,34,0)([57]53,3,3)([58]38,5,6)([59]49,26,5)([60]52,41,4)([61]49,46,6)([62]4,32,3)([63]26,23,1)([64]5,57,2)([65]35,63,2)([66]64,46,3)([67]53,59,2)([68]28,45,4)([69]32,68,7)([70]51,29,7)([71]33,68,2)([72]29,10,3)([73]36,14,7)([74]48,71,0)([75]60,67,2)([76]47,69,1)([77]46,60,0)([78]66,71,6)([79]37,34,4)([80]6,73,1)([81]75,78,4)([82]34,38,4)([83]26,73,0)([84]76,9,0)([85]33,19,0)([86]67,51,3)(81)
evaluations: 37972144
first invidual area: 142.42
{7,1,80,1,2,1,8}([7]2,1,3)([8]7,4,6)([9]2,1,2)([10]6,7,7)([11]1,10,4)([12]8,0,5)([13]0,5,4)([14]0,2,7)([15]3,9,5)([16]3,8,7)([17]1,0,3)([18]15,6,5)([19]11,5,5)([20]10,11,1)([21]19,14,7)([22]17,4,2)([23]7,10,0)([24]2,3,3)([25]24,14,3)([26]16,21,2)([27]16,6,1)([28]0,26,3)([29]28,15,0)([30]4,0,7)([31]10,18,2)([32]13,28,2)([33]14,26,5)([34]9,1,2)([35]18,11,7)([36]14,16,4)([37]24,31,2)([38]8,15,5)([39]25,33,5)([40]19,37,2)([41]30,40,5)([42]16,22,3)([43]4,37,0)([44]42,25,7)([45]15,22,5)([46]32,1,2)([47]10,44,7)([48]44,10,5)([49]23,23,2)([50]22,24,6)([51]11,5,4)([52]50,46,7)([53]44,51,3)([54]35,38,3)([55]23,32,4)([56]43,3,4)([57]24,53,3)([58]8,48,5)([59]31,31,2)([60]41,52,7)([61]38,42,3)([62]57,40,2)([63]16,2,2)([64]5,57,2)([65]47,45,4)([66]64,46,3)([67]53,33,2)([68]29,45,7)([69]13,39,0)([70]32,6,1)([71]20,68,2)([72]32,47,4)([73]9,65,1)([74]34,7,0)([75]60,67,5)([76]10,33,6)([77]32,76,6)([78]66,71,6)([79]51,71,2)([80]23,53,7)([81]75,78,7)([82]77,10,3)([83]61,20,0)([84]36,64,3)([85]25,74,7)([86]66,82,2)(81)
optimized area: 129.28
time: 1115603 ms
seed: 1635648142
{7,1,80,1,2,1,8}([7]6,1,4)([8]3,1,6)([9]3,2,4)([10]3,0,2)([11]0,5,3)([12]4,7,7)([13]12,9,4)([14]2,13,3)([15]0,9,3)([16]14,4,0)([17]0,13,5)([18]0,6,4)([19]7,2,5)([20]10,13,5)([21]20,14,5)([22]15,8,7)([23]17,16,7)([24]10,5,6)([25]22,6,2)([26]22,16,5)([27]26,11,4)([28]21,18,3)([29]28,5,7)([30]25,24,6)([31]30,29,5)([32]9,17,7)([33]16,9,6)([34]30,8,3)([35]15,31,4)([36]34,6,3)([37]27,35,7)([38]18,20,7)([39]9,19,7)([40]13,27,3)([41]37,22,0)([42]36,40,4)([43]29,28,0)([44]17,20,4)([45]5,35,3)([46]4,25,4)([47]9,16,1)([48]44,35,1)([49]2,3,4)([50]26,32,0)([51]14,48,6)([52]39,30,5)([53]12,46,3)([54]0,36,4)([55]24,39,2)([56]39,32,0)([57]38,44,3)([58]18,13,4)([59]32,30,1)([60]42,32,3)([61]53,44,1)([62]43,30,7)([63]57,61,4)([64]55,59,7)([65]60,63,6)([66]5,30,7)([67]48,51,1)([68]55,23,2)([69]59,42,3)([70]61,37,3)([71]48,41,2)([72]70,68,6)([73]26,70,4)([74]36,18,0)([75]28,35,2)([76]58,75,2)([77]26,40,3)([78]58,39,0)([79]44,28,1)([80]75,68,0)([81]32,77,4)([82]7,48,6)([83]11,81,5)([84]3,15,4)([85]80,72,1)([86]72,65,3)(86)
evaluations: 36437547
first invidual area: 146.18
{7,1,80,1,2,1,8}([7]1,6,4)([8]3,1,6)([9]2,3,4)([10]0,3,2)([11]0,5,3)([12]7,4,7)([13]12,9,4)([14]13,2,3)([15]9,0,3)([16]2,8,0)([17]13,0,5)([18]6,0,4)([19]7,2,5)([20]10,13,5)([21]14,20,5)([22]15,8,7)([23]14,17,2)([24]10,5,6)([25]6,22,2)([26]22,14,5)([27]26,11,4)([28]21,18,3)([29]5,28,7)([30]25,24,6)([31]30,29,5)([32]9,17,7)([33]27,13,3)([34]30,25,3)([35]15,31,4)([36]8,34,6)([37]35,27,7)([38]20,0,2)([39]7,25,7)([40]18,36,0)([41]11,6,4)([42]36,33,7)([43]42,32,3)([44]23,30,0)([45]4,20,1)([46]19,27,7)([47]45,9,3)([48]35,37,3)([49]24,36,0)([50]8,22,2)([51]15,1,4)([52]3,27,2)([53]12,39,6)([54]24,31,3)([55]49,46,2)([56]46,20,7)([57]38,6,6)([58]36,6,5)([59]58,31,1)([60]36,45,2)([61]34,1,0)([62]54,24,7)([63]53,57,7)([64]57,63,0)([65]43,63,6)([66]28,49,0)([67]16,32,3)([68]55,23,2)([69]2,22,0)([70]53,37,3)([71]54,34,6)([72]70,68,6)([73]38,1,3)([74]0,38,3)([75]55,42,0)([76]75,65,1)([77]33,59,7)([78]64,8,7)([79]18,3,2)([80]42,33,0)([81]65,1,7)([82]29,33,4)([83]37,17,3)([84]48,40,5)([85]26,16,7)([86]72,65,3)(86)
optimized area: 135.39
time: 1155645 ms
seed: 1635695918
{7,1,80,1,2,1,8}([7]6,2,2)([8]2,3,1)([9]7,5,3)([10]3,7,4)([11]5,1,4)([12]7,4,6)([13]4,9,5)([14]5,10,5)([15]0,6,6)([16]2,12,3)([17]16,3,7)([18]14,5,2)([19]7,17,0)([20]3,12,3)([21]17,1,7)([22]7,7,2)([23]15,11,3)([24]0,18,3)([25]13,2,7)([26]4,21,3)([27]9,1,3)([28]6,27,7)([29]28,20,2)([30]15,17,4)([31]7,26,2)([32]27,16,4)([33]11,0,4)([34]26,23,0)([35]33,24,4)([36]28,23,3)([37]35,29,4)([38]36,25,7)([39]33,26,7)([40]2,9,5)([41]31,39,3)([42]21,11,6)([43]17,38,5)([44]32,23,2)([45]18,1,5)([46]44,17,7)([47]43,19,1)([48]24,2,4)([49]37,44,4)([50]48,43,7)([51]45,6,5)([52]40,15,1)([53]8,3,3)([54]36,10,2)([55]29,22,4)([56]50,51,2)([57]19,45,5)([58]56,39,5)([59]21,44,4)([60]49,50,6)([61]16,41,0)([62]14,60,7)([63]1,52,5)([64]39,0,6)([65]44,28,3)([66]17,20,5)([67]3,11,1)([68]54,35,4)([69]42,58,6)([70]23,27,2)([71]37,38,2)([72]41,59,5)([73]3,4,5)([74]33,68,0)([75]45,12,0)([76]12,68,5)([77]62,69,3)([78]23,18,3)([79]22,13,1)([80]36,0,7)([81]54,13,3)([82]39,57,1)([83]39,74,4)([84]77,41,3)([85]30,63,3)([86]26,59,4)(77)
evaluations: 15530483
first invidual area: 130.72
{7,1,80,1,2,1,8}([7]1,5,5)([8]2,6,2)([9]5,8,3)([10]3,8,4)([11]5,1,4)([12]8,4,6)([13]5,8,0)([14]5,10,5)([15]6,0,6)([16]12,2,3)([17]3,16,7)([18]1,11,1)([19]13,14,2)([20]6,7,5)([21]1,17,7)([22]3,12,3)([23]15,11,3)([24]19,0,6)([25]8,23,0)([26]4,9,5)([27]11,9,3)([28]6,27,7)([29]22,28,5)([30]22,12,5)([31]2,26,7)([32]27,16,4)([33]11,0,7)([34]23,32,5)([35]34,33,7)([36]28,23,3)([37]29,24,7)([38]36,31,7)([39]27,23,0)([40]16,34,4)([41]2,24,4)([42]21,11,6)([43]17,38,5)([44]20,40,0)([45]31,12,6)([46]15,20,3)([47]35,37,4)([48]21,4,6)([49]42,25,0)([50]41,43,4)([51]15,28,3)([52]47,50,6)([53]3,6,5)([54]33,48,7)([55]22,51,4)([56]50,20,2)([57]50,12,3)([58]30,45,6)([59]43,30,4)([60]58,4,5)([61]19,41,5)([62]14,52,4)([63]31,3,0)([64]43,62,0)([65]14,56,1)([66]43,16,6)([67]56,54,5)([68]15,4,0)([69]49,67,3)([70]56,68,1)([71]15,27,1)([72]69,62,5)([73]5,24,6)([74]66,43,7)([75]3,26,7)([76]55,74,7)([77]4,25,6)([78]66,25,0)([79]1,14,3)([80]59,60,6)([81]27,16,3)([82]22,41,4)([83]32,76,5)([84]24,30,4)([85]46,74,7)([86]53,62,3)(72)
optimized area: 129.31
time: 1289319 ms
seed: 1635743249
NOT FOUND
time: 1085720 ms
seed: 1635790100
{7,1,80,1,2,1,8}([7]4,6,4)([8]2,0,4)([9]7,8,2)([10]4,3,7)([11]1,10,4)([12]10,6,3)([13]5,4,5)([14]5,1,5)([15]12,11,7)([16]0,11,2)([17]16,9,6)([18]6,4,1)([19]15,0,7)([20]2,14,7)([21]19,10,7)([22]14,18,2)([23]1,5,6)([24]20,12,2)([25]2,13,5)([26]20,5,3)([27]6,24,4)([28]22,2,4)([29]3,20,4)([30]25,10,7)([31]9,25,4)([32]9,13,3)([33]11,32,5)([34]26,18,5)([35]22,5,7)([36]24,7,3)([37]19,27,2)([38]21,5,7)([39]15,17,5)([40]19,7,6)([41]33,36,7)([42]40,31,3)([43]14,11,3)([44]18,17,2)([45]22,44,5)([46]17,5,2)([47]6,28,2)([48]44,42,4)([49]40,47,5)([50]13,49,2)([51]38,49,7)([52]25,5,6)([53]40,16,0)([54]11,22,2)([55]50,39,7)([56]21,26,1)([57]28,5,4)([58]5,26,4)([59]33,52,6)([60]25,36,6)([61]37,1,3)([62]56,27,2)([63]28,35,3)([64]9,0,6)([65]30,14,6)([66]7,65,5)([67]48,29,7)([68]32,23,4)([69]48,54,5)([70]64,39,4)([71]17,43,4)([72]30,18,7)([73]56,67,6)([74]35,41,3)([75]63,40,4)([76]59,35,0)([77]38,68,2)([78]21,74,6)([79]34,11,1)([80]78,55,4)([81]5,73,3)([82]65,37,1)([83]55,20,3)([84]39,50,4)([85]73,34,5)([86]80,85,5)(86)
evaluations: 14284467
first invidual area: 139.14
{7,1,80,1,2,1,8}([7]6,4,4)([8]0,2,4)([9]7,8,2)([10]4,3,7)([11]1,10,4)([12]10,6,3)([13]5,4,5)([14]1,5,5)([15]12,11,7)([16]11,0,2)([17]0,11,1)([18]6,5,1)([19]15,0,7)([20]2,14,7)([21]10,19,7)([22]10,0,2)([23]2,9,7)([24]18,2,7)([25]9,16,6)([26]12,20,2)([27]19,14,6)([28]18,14,5)([29]25,15,5)([30]13,9,3)([31]22,4,1)([32]21,13,1)([33]30,11,5)([34]5,28,7)([35]14,26,0)([36]7,26,3)([37]20,34,0)([38]18,10,0)([39]16,28,0)([40]7,19,6)([41]24,12,7)([42]40,23,3)([43]13,26,7)([44]21,41,2)([45]5,2,3)([46]35,30,2)([47]6,40,2)([48]44,18,0)([49]20,47,5)([50]49,13,5)([51]26,3,7)([52]10,45,6)([53]25,38,5)([54]53,42,5)([55]29,50,4)([56]38,45,5)([57]40,36,1)([58]32,16,0)([59]36,57,1)([60]24,55,0)([61]47,1,4)([62]28,57,7)([63]18,4,2)([64]22,18,4)([65]54,1,7)([66]9,65,1)([67]54,56,0)([68]48,64,2)([69]33,36,4)([70]1,26,3)([71]32,0,1)([72]54,51,7)([73]72,58,6)([74]34,69,5)([75]18,12,2)([76]8,2,3)([77]35,7,5)([78]74,21,3)([79]2,14,1)([80]78,55,7)([81]19,25,6)([82]50,80,1)([83]49,49,4)([84]63,40,0)([85]73,56,5)([86]80,85,5)(86)
optimized area: 127.88
time: 1297788 ms
