seed: 1633865524
{7,1,80,1,2,1,8}([7]0,4,7)([8]1,3,5)([9]8,5,5)([10]3,1,7)([11]2,10,6)([12]5,0,6)([13]3,11,4)([14]13,4,7)([15]9,2,5)([16]13,7,6)([17]6,7,6)([18]11,12,6)([19]5,4,2)([20]7,9,6)([21]12,6,7)([22]15,0,4)([23]14,9,2)([24]22,8,5)([25]21,16,7)([26]2,21,5)([27]2,0,4)([28]24,25,5)([29]6,21,1)([30]18,17,3)([31]20,30,6)([32]31,11,4)([33]27,14,5)([34]3,9,4)([35]7,33,2)([36]19,12,0)([37]29,1,7)([38]20,37,3)([39]20,37,2)([40]16,22,5)([41]35,32,1)([42]9,26,7)([43]13,23,5)([44]28,10,2)([45]32,26,6)([46]19,15,6)([47]13,1,6)([48]45,39,0)([49]44,38,3)([50]12,5,7)([51]28,8,6)([52]46,28,7)([53]49,51,5)([54]49,22,7)([55]32,45,3)([56]33,34,3)([57]36,17,5)([58]47,10,2)([59]20,29,6)([60]22,36,3)([61]49,22,4)([62]56,52,5)([63]0,32,4)([64]54,55,5)([65]16,15,6)([66]4,8,4)([67]16,32,7)([68]32,1,4)([69]46,16,4)([70]54,61,0)([71]36,11,6)([72]9,15,0)([73]46,15,0)([74]11,61,1)([75]62,64,2)([76]68,6,2)([77]41,1,6)([78]68,62,7)([79]76,21,4)([80]59,22,0)([81]56,25,7)([82]4,56,6)([83]78,47,7)([84]15,38,6)([85]74,33,5)([86]37,56,4)(75)
evaluations: 13848467
first invidual area: 118.98
{7,1,80,1,2,1,8}([7]0,4,7)([8]3,1,5)([9]5,8,5)([10]1,3,7)([11]2,10,6)([12]5,0,6)([13]11,3,4)([14]9,11,0)([15]9,2,5)([16]6,7,3)([17]7,13,3)([18]4,5,2)([19]0,2,4)([20]14,7,6)([21]6,12,7)([22]0,15,4)([23]22,8,5)([24]21,11,0)([25]17,21,4)([26]12,11,3)([27]26,16,5)([28]23,25,5)([29]18,15,3)([30]28,12,5)([31]20,27,3)([32]31,11,7)([33]3,14,4)([34]14,10,2)([35]33,14,7)([36]2,21,2)([37]4,13,7)([38]6,1,4)([39]36,32,3)([40]8,38,2)([41]37,19,5)([42]26,7,5)([43]38,20,3)([44]10,28,2)([45]0,43,2)([46]7,18,4)([47]43,44,6)([48]5,43,6)([49]3,40,3)([50]22,47,4)([51]33,41,3)([52]15,0,7)([53]31,37,1)([54]8,46,7)([55]44,49,6)([56]33,5,5)([57]26,44,7)([58]43,25,1)([59]47,55,5)([60]8,14,0)([61]28,29,4)([62]51,61,5)([63]57,15,7)([64]50,39,5)([65]57,7,2)([66]46,39,7)([67]17,38,4)([68]64,61,7)([69]48,0,4)([70]53,55,5)([71]44,66,0)([72]36,35,2)([73]70,48,4)([74]10,0,2)([75]47,65,0)([76]52,63,0)([77]39,52,6)([78]62,64,2)([79]77,62,4)([80]36,22,0)([81]57,21,6)([82]66,53,4)([83]49,78,6)([84]38,62,6)([85]71,53,2)([86]18,1,7)(78)
optimized area: 115.24
time: 632164 ms
seed: 1633952514
{7,1,80,1,2,1,8}([7]4,2,6)([8]7,4,6)([9]7,1,3)([10]8,0,3)([11]6,8,7)([12]11,9,7)([13]3,11,3)([14]5,9,4)([15]11,10,7)([16]15,12,6)([17]16,4,7)([18]15,3,6)([19]13,17,6)([20]3,10,0)([21]10,10,2)([22]8,6,4)([23]2,2,0)([24]15,17,6)([25]9,19,3)([26]6,19,6)([27]23,24,3)([28]2,25,2)([29]17,7,6)([30]3,22,5)([31]18,10,3)([32]13,14,2)([33]31,22,3)([34]20,19,6)([35]21,26,1)([36]22,34,1)([37]28,32,7)([38]23,23,6)([39]5,1,7)([40]7,25,4)([41]39,37,7)([42]27,27,0)([43]34,15,7)([44]24,43,7)([45]44,0,5)([46]39,4,5)([47]6,42,7)([48]45,39,6)([49]43,47,3)([50]48,5,4)([51]41,18,0)([52]45,11,4)([53]40,46,6)([54]19,3,4)([55]16,50,4)([56]40,3,7)([57]31,42,5)([58]54,13,0)([59]29,20,1)([60]14,0,1)([61]22,31,6)([62]43,13,2)([63]15,29,0)([64]31,41,7)([65]49,10,7)([66]40,45,6)([67]31,11,7)([68]18,49,0)([69]60,68,3)([70]2,17,3)([71]22,67,0)([72]30,63,7)([73]49,55,2)([74]20,20,2)([75]11,38,3)([76]51,6,2)([77]74,13,3)([78]41,9,2)([79]4,25,6)([80]40,66,4)([81]64,53,3)([82]57,81,2)([83]74,69,5)([84]41,79,4)([85]52,28,1)([86]73,82,3)(86)
evaluations: 34899044
first invidual area: 127.44
{7,1,80,1,2,1,8}([7]2,4,6)([8]7,4,6)([9]1,7,3)([10]8,0,3)([11]8,6,7)([12]6,3,6)([13]11,3,3)([14]10,9,4)([15]11,10,7)([16]15,14,6)([17]4,16,7)([18]5,9,5)([19]13,17,6)([20]1,19,3)([21]4,1,0)([22]19,3,6)([23]15,10,7)([24]15,17,6)([25]10,10,2)([26]18,13,5)([27]24,2,3)([28]20,2,5)([29]7,15,2)([30]25,8,3)([31]10,12,3)([32]12,27,0)([33]9,15,4)([34]8,28,4)([35]11,28,7)([36]13,4,4)([37]28,26,7)([38]20,32,2)([39]5,1,7)([40]27,6,7)([41]39,37,7)([42]12,17,4)([43]15,22,7)([44]43,24,7)([45]0,44,5)([46]17,5,7)([47]24,26,3)([48]39,45,3)([49]43,40,3)([50]48,5,4)([51]4,5,6)([52]9,25,0)([53]44,48,4)([54]16,50,7)([55]17,52,1)([56]27,26,6)([57]52,2,0)([58]41,31,7)([59]45,40,5)([60]37,50,4)([61]52,46,7)([62]59,45,3)([63]31,51,7)([64]49,54,2)([65]57,50,3)([66]61,46,3)([67]1,40,2)([68]65,22,7)([69]68,35,5)([70]9,62,0)([71]8,64,3)([72]20,71,0)([73]36,50,3)([74]0,0,3)([75]66,67,2)([76]70,41,6)([77]31,70,2)([78]57,65,1)([79]38,73,0)([80]27,31,5)([81]58,76,3)([82]80,81,2)([83]12,11,6)([84]44,38,0)([85]34,55,5)([86]64,82,3)(86)
optimized area: 117.12
time: 615378 ms
seed: 1634003174
NOT FOUND
time: 525094 ms
seed: 1634051956
NOT FOUND
time: 524659 ms
seed: 1634166209
NOT FOUND
time: 535628 ms
seed: 1634213478
NOT FOUND
time: 525108 ms
seed: 1634310510
{7,1,80,1,2,1,8}([7]2,6,6)([8]3,6,7)([9]3,1,7)([10]8,2,6)([11]6,4,7)([12]10,3,3)([13]2,0,4)([14]2,1,6)([15]4,13,5)([16]13,9,3)([17]10,16,6)([18]1,6,7)([19]1,15,7)([20]0,5,3)([21]8,19,3)([22]3,5,7)([23]22,20,6)([24]21,20,0)([25]2,13,1)([26]21,17,7)([27]20,17,7)([28]21,12,6)([29]25,14,6)([30]15,20,4)([31]5,11,2)([32]21,16,7)([33]11,18,2)([34]4,22,2)([35]6,27,6)([36]11,12,6)([37]7,30,3)([38]18,16,2)([39]32,2,7)([40]34,22,3)([41]21,5,5)([42]34,4,5)([43]6,19,0)([44]27,38,2)([45]23,36,3)([46]30,43,4)([47]31,42,0)([48]45,14,7)([49]35,39,7)([50]46,31,7)([51]49,38,5)([52]22,49,5)([53]40,31,2)([54]37,48,4)([55]5,3,6)([56]26,29,6)([57]34,26,6)([58]51,1,3)([59]36,36,0)([60]20,45,3)([61]50,44,3)([62]7,56,6)([63]62,22,2)([64]27,12,3)([65]27,53,2)([66]21,16,4)([67]35,23,4)([68]39,29,4)([69]0,56,5)([70]1,19,7)([71]61,49,6)([72]12,16,2)([73]51,28,2)([74]63,54,6)([75]51,42,5)([76]22,62,4)([77]71,74,3)([78]24,13,2)([79]25,35,3)([80]7,30,2)([81]33,80,7)([82]71,67,3)([83]40,76,6)([84]27,35,1)([85]1,38,7)([86]79,32,1)(77)
evaluations: 34777507
first invidual area: 139.16
{7,1,80,1,2,1,8}([7]6,2,6)([8]6,3,7)([9]3,1,7)([10]2,4,6)([11]4,6,7)([12]7,0,0)([13]0,2,4)([14]2,1,6)([15]13,4,5)([16]9,13,3)([17]16,12,3)([18]11,3,3)([19]15,1,7)([20]0,5,3)([21]8,19,6)([22]3,5,7)([23]10,1,6)([24]18,10,6)([25]22,17,4)([26]21,2,4)([27]17,20,5)([28]1,1,5)([29]26,23,6)([30]15,20,4)([31]11,19,2)([32]17,23,2)([33]20,31,6)([34]5,11,5)([35]27,6,6)([36]9,2,6)([37]29,13,2)([38]30,7,0)([39]26,16,7)([40]30,6,7)([41]20,22,6)([42]7,38,3)([43]34,26,4)([44]7,6,1)([45]41,24,3)([46]13,15,2)([47]35,15,6)([48]45,14,4)([49]35,39,7)([50]40,34,7)([51]44,46,2)([52]9,34,7)([53]24,26,2)([54]42,48,7)([55]54,17,0)([56]9,25,7)([57]7,10,2)([58]35,11,5)([59]34,5,2)([60]49,29,5)([61]49,33,3)([62]12,29,6)([63]22,62,2)([64]18,18,5)([65]3,1,2)([66]23,3,4)([67]55,63,6)([68]24,60,2)([69]66,42,1)([70]36,69,3)([71]61,50,6)([72]69,36,2)([73]26,46,6)([74]31,68,1)([75]46,72,7)([76]31,40,1)([77]71,67,3)([78]24,74,3)([79]46,47,3)([80]18,44,2)([81]28,15,1)([82]74,42,6)([83]49,22,2)([84]20,75,6)([85]37,27,4)([86]75,8,7)(77)
optimized area: 125.09
time: 568882 ms
seed: 1634351032
NOT FOUND
time: 523601 ms
seed: 1634400023
NOT FOUND
time: 523545 ms
seed: 1634449049
{7,1,80,1,2,1,8}([7]0,2,2)([8]7,6,4)([9]1,3,2)([10]4,1,6)([11]2,10,3)([12]0,9,4)([13]8,4,7)([14]1,9,6)([15]3,5,4)([16]9,15,2)([17]0,15,7)([18]7,8,3)([19]9,6,7)([20]0,13,6)([21]11,18,4)([22]21,12,6)([23]8,5,2)([24]13,17,2)([25]24,2,3)([26]22,19,5)([27]0,3,3)([28]17,10,2)([29]9,16,7)([30]23,10,7)([31]28,6,7)([32]30,0,7)([33]15,13,5)([34]14,13,3)([35]22,14,5)([36]27,7,7)([37]5,8,7)([38]21,25,2)([39]25,1,7)([40]33,34,5)([41]4,37,7)([42]39,40,4)([43]36,33,2)([44]31,22,3)([45]31,27,2)([46]37,29,4)([47]39,20,2)([48]21,42,2)([49]47,32,7)([50]13,22,2)([51]27,26,7)([52]15,26,3)([53]8,49,7)([54]44,32,2)([55]54,35,4)([56]55,43,2)([57]5,38,4)([58]53,57,6)([59]37,7,0)([60]58,56,3)([61]48,60,7)([62]44,5,2)([63]52,59,7)([64]62,8,5)([65]28,5,2)([66]41,52,3)([67]23,60,6)([68]54,28,0)([69]61,65,4)([70]69,58,5)([71]44,40,7)([72]35,60,2)([73]31,21,0)([74]12,62,3)([75]45,13,2)([76]66,61,7)([77]50,72,4)([78]70,76,7)([79]34,45,5)([80]44,68,5)([81]17,58,6)([82]0,70,1)([83]79,73,1)([84]62,65,5)([85]30,3,4)([86]21,25,4)(78)
evaluations: 21718607
first invidual area: 178.06
{7,1,80,1,2,1,8}([7]0,2,2)([8]6,7,4)([9]3,1,5)([10]1,4,6)([11]2,10,3)([12]0,9,7)([13]8,4,7)([14]1,5,1)([15]3,5,4)([16]6,7,3)([17]0,15,7)([18]10,3,2)([19]6,17,4)([20]13,0,6)([21]11,16,4)([22]12,21,6)([23]5,8,5)([24]13,17,2)([25]24,2,3)([26]19,22,5)([27]0,3,6)([28]8,25,3)([29]18,22,3)([30]0,10,4)([31]25,5,0)([32]30,23,7)([33]15,13,5)([34]14,13,3)([35]22,14,5)([36]7,27,3)([37]22,15,4)([38]21,25,5)([39]25,1,7)([40]33,34,5)([41]18,21,0)([42]40,39,4)([43]33,36,2)([44]4,3,4)([45]20,39,5)([46]25,8,6)([47]40,5,0)([48]42,21,5)([49]45,32,4)([50]16,19,6)([51]32,29,5)([52]37,8,1)([53]49,8,7)([54]23,22,1)([55]51,35,7)([56]55,43,2)([57]5,38,7)([58]53,57,6)([59]29,17,2)([60]58,56,3)([61]48,60,7)([62]31,5,1)([63]15,26,3)([64]49,11,0)([65]17,48,6)([66]54,64,4)([67]27,47,1)([68]2,16,5)([69]21,33,2)([70]69,58,5)([71]69,46,6)([72]63,44,3)([73]47,3,1)([74]53,30,4)([75]6,72,7)([76]61,72,4)([77]30,16,7)([78]70,76,2)([79]56,2,7)([80]19,9,7)([81]44,19,0)([82]75,2,1)([83]63,81,5)([84]7,59,6)([85]69,6,0)([86]77,35,0)(78)
optimized area: 155.53
time: 693890 ms
seed: 1634509237
NOT FOUND
time: 524404 ms
seed: 1634608456
{7,1,80,1,2,1,8}([7]1,2,7)([8]6,4,2)([9]7,5,5)([10]4,7,2)([11]4,5,7)([12]0,3,6)([13]2,8,7)([14]6,1,5)([15]5,13,3)([16]7,5,2)([17]16,12,3)([18]14,13,2)([19]2,9,0)([20]15,6,5)([21]12,7,0)([22]0,0,5)([23]20,5,2)([24]0,18,4)([25]11,22,2)([26]1,23,3)([27]7,20,3)([28]26,24,2)([29]12,19,7)([30]27,12,2)([31]10,2,7)([32]13,29,2)([33]32,25,4)([34]3,0,2)([35]1,25,5)([36]24,16,6)([37]4,34,4)([38]37,23,6)([39]33,34,3)([40]15,6,7)([41]19,38,2)([42]0,19,4)([43]37,13,3)([44]27,23,4)([45]36,37,6)([46]33,36,4)([47]41,14,6)([48]28,7,7)([49]30,33,7)([50]4,47,3)([51]5,41,5)([52]37,51,2)([53]10,48,4)([54]30,35,6)([55]41,18,0)([56]27,36,7)([57]46,32,4)([58]51,35,7)([59]28,44,2)([60]49,46,5)([61]22,18,1)([62]42,33,5)([63]49,7,2)([64]32,1,6)([65]11,21,4)([66]47,60,7)([67]58,6,0)([68]27,40,5)([69]51,66,5)([70]59,64,0)([71]13,69,7)([72]26,63,2)([73]53,40,3)([74]30,50,4)([75]45,73,3)([76]29,63,3)([77]50,43,3)([78]76,8,0)([79]36,22,5)([80]41,2,1)([81]58,71,4)([82]81,75,4)([83]40,15,3)([84]22,82,1)([85]26,65,4)([86]50,64,0)(82)
evaluations: 29617141
first invidual area: 141.96
{7,1,80,1,2,1,8}([7]1,2,7)([8]4,5,7)([9]7,5,2)([10]1,9,5)([11]6,4,5)([12]3,0,6)([13]2,11,4)([14]6,1,5)([15]5,1,3)([16]13,3,1)([17]13,5,3)([18]14,13,5)([19]0,9,1)([20]2,12,7)([21]2,0,1)([22]16,8,3)([23]8,7,5)([24]18,0,7)([25]8,19,2)([26]6,17,7)([27]14,23,6)([28]3,0,5)([29]15,24,5)([30]11,0,1)([31]22,10,5)([32]13,20,5)([33]32,25,7)([34]19,0,7)([35]15,32,2)([36]24,9,6)([37]4,28,7)([38]21,37,6)([39]30,4,5)([40]12,31,2)([41]40,29,0)([42]36,33,4)([43]38,6,2)([44]22,12,5)([45]29,24,7)([46]44,33,4)([47]43,14,6)([48]25,26,3)([49]25,1,5)([50]29,9,4)([51]5,43,5)([52]49,10,0)([53]23,50,7)([54]36,6,0)([55]47,41,5)([56]41,46,4)([57]26,6,2)([58]45,21,2)([59]56,1,6)([60]46,42,5)([61]5,17,1)([62]38,5,3)([63]37,54,6)([64]52,53,7)([65]53,26,3)([66]60,47,4)([67]60,11,0)([68]3,38,2)([69]51,66,5)([70]20,22,0)([71]69,13,7)([72]41,28,5)([73]40,24,1)([74]69,3,1)([75]63,65,3)([76]65,6,5)([77]58,26,4)([78]3,55,5)([79]16,16,3)([80]53,67,1)([81]49,71,4)([82]81,75,7)([83]1,50,5)([84]56,60,1)([85]28,46,7)([86]57,68,5)(82)
optimized area: 132.10
time: 603531 ms
seed: 1635135371
{7,1,80,1,2,1,8}([7]0,5,4)([8]7,2,2)([9]3,2,6)([10]2,8,3)([11]1,5,3)([12]6,11,7)([13]1,10,6)([14]3,0,2)([15]4,12,7)([16]14,9,7)([17]8,4,6)([18]17,2,3)([19]0,11,0)([20]3,16,7)([21]15,18,2)([22]17,5,6)([23]20,15,5)([24]0,13,5)([25]23,1,4)([26]21,5,5)([27]14,17,7)([28]19,20,0)([29]17,25,2)([30]10,25,7)([31]27,20,4)([32]16,23,7)([33]24,30,5)([34]8,29,7)([35]24,19,4)([36]19,20,4)([37]33,6,5)([38]13,25,6)([39]26,14,3)([40]20,38,2)([41]17,35,7)([42]29,34,1)([43]40,6,6)([44]34,32,7)([45]14,17,7)([46]40,12,3)([47]40,19,3)([48]39,37,2)([49]22,48,4)([50]44,49,2)([51]2,50,7)([52]22,20,3)([53]29,11,0)([54]9,34,5)([55]43,41,6)([56]0,26,7)([57]19,42,1)([58]35,49,2)([59]5,12,5)([60]21,29,4)([61]55,51,4)([62]37,46,0)([63]15,62,2)([64]62,57,0)([65]6,30,6)([66]24,18,4)([67]46,62,2)([68]20,56,2)([69]30,26,2)([70]18,25,0)([71]42,34,3)([72]8,1,2)([73]52,65,3)([74]49,71,0)([75]23,58,0)([76]75,75,3)([77]53,71,6)([78]68,6,7)([79]41,48,4)([80]23,30,7)([81]59,71,5)([82]27,22,6)([83]11,74,7)([84]17,52,4)([85]11,13,6)([86]17,7,4)(61)
evaluations: 23142917
first invidual area: 121.82
{7,1,80,1,2,1,8}([7]0,5,4)([8]7,2,2)([9]6,4,4)([10]1,5,3)([11]3,2,6)([12]0,11,6)([13]9,10,4)([14]3,0,2)([15]1,2,6)([16]14,11,6)([17]8,4,6)([18]11,6,5)([19]18,13,2)([20]16,3,7)([21]17,5,0)([22]14,1,2)([23]20,13,5)([24]5,17,6)([25]23,1,4)([26]5,19,5)([27]23,0,2)([28]15,25,6)([29]17,25,2)([30]25,2,4)([31]23,16,7)([32]16,31,2)([33]15,30,5)([34]8,29,3)([35]33,0,5)([36]24,0,1)([37]18,13,2)([38]14,17,1)([39]26,14,3)([40]6,30,5)([41]3,5,0)([42]20,28,2)([43]42,6,6)([44]34,31,4)([45]3,36,6)([46]35,21,7)([47]40,39,5)([48]15,46,1)([49]24,47,7)([50]44,49,5)([51]41,31,7)([52]13,10,3)([53]39,50,6)([54]49,26,4)([55]46,43,3)([56]18,29,3)([57]35,50,5)([58]6,22,0)([59]44,43,5)([60]50,2,7)([61]14,36,4)([62]47,44,7)([63]24,16,2)([64]15,26,7)([65]24,16,0)([66]64,55,2)([67]45,11,2)([68]20,67,6)([69]55,60,4)([70]66,67,0)([71]23,37,4)([72]57,28,1)([73]5,30,1)([74]23,5,4)([75]19,41,2)([76]5,41,5)([77]29,24,7)([78]50,29,3)([79]74,65,6)([80]9,61,0)([81]56,78,5)([82]1,37,3)([83]62,30,6)([84]67,10,4)([85]64,26,3)([86]29,46,5)(69)
optimized area: 108.68
time: 599090 ms
seed: 1635184566
{7,1,80,1,2,1,8}([7]4,1,4)([8]4,0,4)([9]3,8,5)([10]6,7,2)([11]7,5,7)([12]11,9,2)([13]10,2,7)([14]12,0,6)([15]3,12,7)([16]15,5,0)([17]13,16,3)([18]6,1,6)([19]11,1,3)([20]4,17,2)([21]10,4,5)([22]0,7,1)([23]14,13,4)([24]2,18,1)([25]18,2,1)([26]11,25,0)([27]22,6,5)([28]19,3,1)([29]27,2,7)([30]18,29,3)([31]19,6,2)([32]8,26,1)([33]0,31,7)([34]23,27,0)([35]16,20,6)([36]33,17,5)([37]28,3,2)([38]24,18,6)([39]19,31,6)([40]33,2,4)([41]16,7,5)([42]36,1,5)([43]32,30,4)([44]20,32,1)([45]5,16,4)([46]0,5,5)([47]18,45,0)([48]19,29,7)([49]43,5,5)([50]38,30,4)([51]29,48,7)([52]28,41,4)([53]31,46,7)([54]23,53,3)([55]19,19,3)([56]17,54,4)([57]45,30,6)([58]50,35,7)([59]26,30,7)([60]30,58,2)([61]42,49,2)([62]29,54,6)([63]57,1,2)([64]63,14,4)([65]43,27,4)([66]10,49,1)([67]58,62,6)([68]33,33,1)([69]64,61,5)([70]68,12,7)([71]32,68,0)([72]40,50,2)([73]65,67,6)([74]63,38,4)([75]43,0,3)([76]54,60,2)([77]69,76,4)([78]58,0,1)([79]49,73,4)([80]57,51,2)([81]45,77,1)([82]13,75,5)([83]14,34,2)([84]36,53,5)([85]34,77,7)([86]61,52,1)(85)
evaluations: 40691422
first invidual area: 132.11
{7,1,80,1,2,1,8}([7]4,1,4)([8]0,4,4)([9]8,3,5)([10]6,7,5)([11]5,7,7)([12]11,9,2)([13]2,10,4)([14]12,0,6)([15]3,12,7)([16]11,4,3)([17]2,0,3)([18]6,1,6)([19]15,5,4)([20]4,13,2)([21]0,0,1)([22]21,6,4)([23]14,13,4)([24]14,17,6)([25]0,12,1)([26]21,7,6)([27]21,6,5)([28]16,6,5)([29]2,27,7)([30]18,29,3)([31]24,8,2)([32]27,10,1)([33]5,0,5)([34]33,33,3)([35]15,20,3)([36]22,35,5)([37]5,11,0)([38]32,18,3)([39]8,30,7)([40]7,33,5)([41]7,10,4)([42]36,1,5)([43]27,15,7)([44]13,12,6)([45]8,17,4)([46]23,45,0)([47]9,1,1)([48]26,37,2)([49]39,37,5)([50]40,11,4)([51]12,5,2)([52]17,47,7)([53]28,34,4)([54]15,45,5)([55]35,38,4)([56]19,13,3)([57]47,34,4)([58]52,7,6)([59]53,23,3)([60]30,55,2)([61]42,49,2)([62]60,19,6)([63]62,1,5)([64]63,14,7)([65]56,8,5)([66]15,13,7)([67]41,39,4)([68]38,3,6)([69]64,61,5)([70]54,55,7)([71]23,22,0)([72]6,61,6)([73]61,7,4)([74]19,9,2)([75]29,18,4)([76]60,59,5)([77]69,76,7)([78]63,42,4)([79]59,76,1)([80]39,11,3)([81]62,17,2)([82]76,32,5)([83]38,75,6)([84]20,50,2)([85]23,77,7)([86]26,42,6)(85)
optimized area: 121.80
time: 545325 ms
seed: 1635323662
{7,1,80,1,2,1,8}([7]1,3,0)([8]0,4,0)([9]3,1,4)([10]6,2,7)([11]0,5,6)([12]6,3,6)([13]11,9,2)([14]2,8,4)([15]0,10,2)([16]14,13,4)([17]13,5,4)([18]3,5,4)([19]7,0,0)([20]2,7,2)([21]1,15,4)([22]4,2,4)([23]11,4,6)([24]4,17,2)([25]24,7,7)([26]21,23,7)([27]26,20,3)([28]25,21,6)([29]28,18,5)([30]27,6,3)([31]29,0,1)([32]2,0,7)([33]9,25,5)([34]28,6,4)([35]18,10,4)([36]22,12,2)([37]12,23,1)([38]10,13,3)([39]23,12,4)([40]34,4,2)([41]9,4,3)([42]12,34,1)([43]38,33,5)([44]5,36,7)([45]27,0,2)([46]26,36,4)([47]26,31,6)([48]10,6,4)([49]45,42,7)([50]31,27,4)([51]6,21,3)([52]43,41,3)([53]16,52,5)([54]5,34,1)([55]40,44,3)([56]1,42,3)([57]29,55,2)([58]26,28,4)([59]25,35,6)([60]59,49,3)([61]57,53,5)([62]60,43,5)([63]23,13,5)([64]4,52,4)([65]39,16,2)([66]39,26,1)([67]66,44,4)([68]24,13,5)([69]12,63,5)([70]61,59,1)([71]68,41,7)([72]20,7,0)([73]71,42,2)([74]41,51,0)([75]52,62,6)([76]8,17,5)([77]25,43,7)([78]60,53,3)([79]42,50,1)([80]15,66,6)([81]14,6,0)([82]62,61,2)([83]3,82,6)([84]16,33,3)([85]36,51,4)([86]16,49,1)(82)
evaluations: 20851314
first invidual area: 125.08
{7,1,80,1,2,1,8}([7]5,0,6)([8]4,2,4)([9]3,1,4)([10]6,2,7)([11]8,6,6)([12]3,6,6)([13]7,9,2)([14]6,8,4)([15]0,10,5)([16]10,13,3)([17]13,0,6)([18]3,5,4)([19]5,13,3)([20]12,8,5)([21]1,15,7)([22]19,4,5)([23]12,18,0)([24]2,8,2)([25]1,22,4)([26]4,21,4)([27]25,6,5)([28]25,21,6)([29]17,2,7)([30]25,9,5)([31]5,10,0)([32]21,27,5)([33]32,9,5)([34]0,3,1)([35]24,18,2)([36]9,18,1)([37]29,7,3)([38]28,23,0)([39]24,14,0)([40]11,26,3)([41]21,11,7)([42]28,6,3)([43]16,30,5)([44]31,20,4)([45]40,0,5)([46]4,9,3)([47]29,28,5)([48]42,4,2)([49]45,12,7)([50]28,18,5)([51]14,26,3)([52]43,46,3)([53]29,52,5)([54]11,44,3)([55]48,44,3)([56]52,44,6)([57]50,55,2)([58]38,8,6)([59]25,18,6)([60]59,49,3)([61]57,53,5)([62]60,43,5)([63]1,10,2)([64]5,7,3)([65]13,31,1)([66]14,16,6)([67]25,9,5)([68]42,1,1)([69]30,18,5)([70]8,22,4)([71]40,40,7)([72]47,36,7)([73]45,70,1)([74]56,73,2)([75]3,70,2)([76]11,38,5)([77]33,11,0)([78]63,58,4)([79]5,73,4)([80]55,58,1)([81]28,72,7)([82]62,61,2)([83]31,34,2)([84]18,53,4)([85]40,54,1)([86]58,67,0)(82)
optimized area: 107.72
time: 1121176 ms
seed: 1635615696
NOT FOUND
time: 1079415 ms
seed: 1635663335
{7,1,80,1,2,1,8}([7]2,0,4)([8]6,3,5)([9]4,0,5)([10]1,2,6)([11]4,6,6)([12]7,11,6)([13]0,3,1)([14]10,12,7)([15]13,3,2)([16]12,5,4)([17]12,6,7)([18]16,1,3)([19]6,18,2)([20]1,17,5)([21]8,2,5)([22]21,17,7)([23]15,9,5)([24]16,4,3)([25]19,15,3)([26]4,4,2)([27]3,5,6)([28]14,15,2)([29]3,5,5)([30]13,19,2)([31]27,18,2)([32]17,0,5)([33]22,9,5)([34]12,4,7)([35]34,31,7)([36]24,32,5)([37]9,33,6)([38]9,30,2)([39]28,15,1)([40]11,3,7)([41]30,24,1)([42]27,36,3)([43]40,42,3)([44]9,17,1)([45]15,22,7)([46]38,29,7)([47]26,28,7)([48]9,24,4)([49]36,27,5)([50]5,45,6)([51]49,13,4)([52]5,25,5)([53]11,35,5)([54]41,41,7)([55]52,20,4)([56]18,8,7)([57]25,5,4)([58]10,39,4)([59]36,51,0)([60]51,37,0)([61]28,4,5)([62]46,50,6)([63]48,53,0)([64]31,53,7)([65]54,2,7)([66]35,60,2)([67]55,61,7)([68]50,15,0)([69]46,27,2)([70]11,46,5)([71]65,9,3)([72]66,10,7)([73]1,47,4)([74]62,37,4)([75]19,59,4)([76]63,61,3)([77]34,73,3)([78]26,42,4)([79]45,72,2)([80]75,73,5)([81]67,74,6)([82]43,6,5)([83]77,81,5)([84]43,78,4)([85]84,79,6)([86]83,79,4)(86)
evaluations: 45946449
first invidual area: 150.37
{7,1,80,1,2,1,8}([7]2,0,4)([8]5,4,0)([9]2,3,0)([10]1,9,3)([11]6,4,6)([12]7,11,6)([13]0,12,1)([14]3,5,0)([15]13,14,2)([16]14,6,5)([17]12,6,7)([18]7,1,3)([19]18,6,2)([20]1,17,5)([21]16,2,5)([22]21,17,7)([23]11,1,5)([24]1,18,1)([25]13,19,3)([26]4,15,6)([27]14,8,6)([28]26,16,2)([29]3,8,5)([30]13,19,2)([31]27,1,5)([32]27,9,0)([33]27,21,1)([34]12,4,7)([35]34,31,4)([36]15,24,2)([37]30,7,3)([38]20,4,5)([39]22,37,4)([40]39,3,0)([41]13,3,6)([42]4,22,1)([43]13,29,0)([44]42,23,5)([45]15,22,7)([46]30,29,7)([47]15,38,3)([48]26,13,4)([49]47,27,5)([50]5,45,6)([51]49,13,4)([52]8,25,5)([53]52,32,6)([54]11,38,3)([55]47,52,0)([56]24,47,7)([57]8,31,3)([58]56,49,2)([59]58,34,3)([60]52,20,4)([61]36,4,5)([62]46,50,6)([63]42,46,5)([64]38,20,7)([65]24,31,0)([66]35,51,5)([67]60,61,7)([68]36,12,6)([69]27,37,1)([70]45,16,6)([71]62,59,6)([72]66,10,7)([73]46,28,5)([74]71,70,2)([75]41,23,0)([76]57,15,4)([77]34,56,3)([78]21,47,4)([79]45,72,5)([80]35,79,6)([81]67,62,6)([82]67,13,3)([83]77,81,5)([84]18,46,7)([85]17,47,7)([86]83,79,7)(86)
optimized area: 121.31
time: 1076204 ms
seed: 1635711154
{7,1,80,1,2,1,8}([7]2,0,5)([8]6,1,7)([9]6,8,5)([10]4,2,7)([11]1,0,7)([12]10,10,6)([13]3,5,7)([14]9,3,2)([15]11,13,4)([16]5,15,6)([17]16,2,7)([18]4,5,7)([19]14,13,3)([20]10,7,2)([21]20,8,4)([22]21,13,4)([23]10,5,5)([24]16,3,6)([25]12,22,3)([26]15,0,3)([27]26,18,6)([28]8,15,3)([29]6,2,4)([30]15,11,2)([31]24,22,0)([32]7,11,2)([33]26,20,4)([34]21,32,6)([35]29,4,1)([36]18,30,0)([37]17,21,5)([38]37,5,1)([39]5,20,1)([40]0,23,7)([41]38,30,5)([42]34,19,5)([43]32,26,2)([44]25,41,4)([45]29,37,5)([46]19,23,3)([47]20,44,1)([48]35,11,7)([49]17,40,4)([50]45,14,6)([51]5,20,1)([52]48,36,3)([53]7,49,6)([54]18,46,4)([55]44,0,3)([56]22,13,1)([57]53,50,7)([58]4,34,5)([59]18,19,2)([60]25,40,3)([61]12,18,2)([62]26,19,5)([63]28,26,0)([64]5,39,0)([65]14,37,5)([66]12,65,2)([67]55,27,4)([68]42,4,4)([69]22,59,6)([70]16,64,1)([71]48,50,6)([72]44,13,4)([73]57,42,2)([74]36,56,2)([75]67,54,3)([76]14,12,4)([77]68,10,6)([78]55,40,7)([79]52,9,1)([80]30,29,6)([81]1,66,3)([82]75,73,7)([83]27,55,4)([84]74,33,6)([85]33,16,1)([86]24,51,4)(82)
evaluations: 22961703
first invidual area: 134.00
{7,1,80,1,2,1,8}([7]2,0,5)([8]6,1,7)([9]1,6,5)([10]4,2,7)([11]1,0,7)([12]11,7,2)([13]3,5,7)([14]9,3,2)([15]13,11,4)([16]15,5,3)([17]2,16,4)([18]4,15,0)([19]0,15,3)([20]10,7,5)([21]8,20,7)([22]10,5,5)([23]10,21,4)([24]21,6,2)([25]18,6,5)([26]3,22,3)([27]16,25,1)([28]16,21,0)([29]22,16,2)([30]12,4,5)([31]17,18,2)([32]5,18,1)([33]20,0,7)([34]29,17,0)([35]34,7,6)([36]32,30,3)([37]17,21,5)([38]37,13,6)([39]20,22,3)([40]29,27,0)([41]6,2,4)([42]6,20,3)([43]38,15,5)([44]42,43,5)([45]41,37,5)([46]12,21,6)([47]5,4,4)([48]14,45,3)([49]22,32,2)([50]12,10,1)([51]26,18,2)([52]14,13,3)([53]24,8,3)([54]47,26,7)([55]22,16,4)([56]32,40,5)([57]47,54,0)([58]2,0,0)([59]22,53,4)([60]17,19,3)([61]34,57,6)([62]0,29,3)([63]3,44,1)([64]14,34,3)([65]52,43,0)([66]0,44,6)([67]0,62,5)([68]65,46,5)([69]39,63,5)([70]35,48,4)([71]60,66,4)([72]59,49,6)([73]68,70,5)([74]23,72,0)([75]71,54,3)([76]75,73,3)([77]1,28,2)([78]41,40,0)([79]65,54,6)([80]45,75,1)([81]10,32,3)([82]73,75,4)([83]0,52,1)([84]69,62,5)([85]40,10,7)([86]22,30,7)(82)
optimized area: 114.77
time: 1196396 ms
seed: 1635758481
NOT FOUND
time: 1074073 ms
seed: 1635805355
{7,1,80,1,2,1,8}([7]1,4,3)([8]1,2,6)([9]7,5,4)([10]4,6,7)([11]10,0,5)([12]9,1,5)([13]2,4,4)([14]5,3,3)([15]3,14,5)([16]3,13,3)([17]4,1,5)([18]3,11,4)([19]1,0,6)([20]6,7,5)([21]12,18,5)([22]7,21,2)([23]21,8,4)([24]0,23,4)([25]24,16,5)([26]0,13,2)([27]12,22,2)([28]14,17,5)([29]8,6,6)([30]15,25,7)([31]24,20,7)([32]24,9,7)([33]28,15,0)([34]19,32,2)([35]30,0,4)([36]13,35,6)([37]10,18,2)([38]31,9,2)([39]34,13,2)([40]2,3,4)([41]35,39,6)([42]40,2,1)([43]42,21,1)([44]30,43,4)([45]43,27,3)([46]28,1,4)([47]20,11,0)([48]38,41,4)([49]36,8,7)([50]36,1,7)([51]39,29,6)([52]13,26,6)([53]8,44,7)([54]26,1,0)([55]7,3,1)([56]43,26,3)([57]56,13,1)([58]45,51,2)([59]49,17,1)([60]58,48,3)([61]33,35,5)([62]42,60,4)([63]2,61,4)([64]57,57,1)([65]23,29,0)([66]51,5,2)([67]23,7,6)([68]38,56,2)([69]27,60,3)([70]61,53,3)([71]63,17,3)([72]70,62,5)([73]4,60,5)([74]59,51,0)([75]72,52,0)([76]17,1,7)([77]0,40,3)([78]71,40,1)([79]42,67,6)([80]72,23,7)([81]39,74,5)([82]80,43,0)([83]80,71,6)([84]72,42,5)([85]17,0,0)([86]17,37,3)(82)
evaluations: 29514452
first invidual area: 136.32
{7,1,80,1,2,1,8}([7]4,1,3)([8]2,1,6)([9]5,7,4)([10]4,6,7)([11]6,7,5)([12]9,1,5)([13]4,2,4)([14]3,8,0)([15]5,2,0)([16]13,14,3)([17]15,3,3)([18]1,4,5)([19]10,0,5)([20]14,19,4)([21]20,12,5)([22]12,7,2)([23]21,8,4)([24]23,0,4)([25]16,24,5)([26]24,21,1)([27]22,16,2)([28]17,18,5)([29]27,27,7)([30]14,25,4)([31]24,11,7)([32]20,15,4)([33]0,1,6)([34]33,32,2)([35]0,30,4)([36]9,31,5)([37]32,17,7)([38]28,19,6)([39]34,13,2)([40]2,14,4)([41]35,39,6)([42]36,41,7)([43]3,29,1)([44]2,25,7)([45]40,27,3)([46]8,6,6)([47]31,5,1)([48]45,11,0)([49]24,38,3)([50]34,31,6)([51]39,46,6)([52]28,35,5)([53]29,6,1)([54]8,52,6)([55]3,26,3)([56]10,24,0)([57]33,44,3)([58]45,51,2)([59]56,18,5)([60]58,42,6)([61]40,17,2)([62]40,60,4)([63]60,55,0)([64]5,12,4)([65]57,57,3)([66]38,64,4)([67]55,51,3)([68]13,19,3)([69]10,49,7)([70]52,65,3)([71]63,69,1)([72]70,62,5)([73]5,56,4)([74]28,14,7)([75]67,62,7)([76]22,67,7)([77]13,72,4)([78]45,65,3)([79]51,33,7)([80]72,23,7)([81]62,77,0)([82]2,24,6)([83]62,19,6)([84]18,42,5)([85]15,53,0)([86]54,31,7)(80)
optimized area: 128.83
time: 1186890 ms
seed: 1635848537
NOT FOUND
time: 1067853 ms
seed: 1635890668
{7,1,80,1,2,1,8}([7]6,0,4)([8]3,4,7)([9]6,1,4)([10]5,8,5)([11]3,1,2)([12]6,11,6)([13]8,2,3)([14]11,0,4)([15]8,14,4)([16]0,2,7)([17]16,4,3)([18]17,12,7)([19]5,16,5)([20]18,2,2)([21]19,9,2)([22]21,5,4)([23]21,12,6)([24]18,0,4)([25]13,22,5)([26]5,18,2)([27]3,2,6)([28]8,12,0)([29]1,25,2)([30]24,22,7)([31]27,20,6)([32]24,14,4)([33]29,23,6)([34]17,15,3)([35]14,31,3)([36]3,26,5)([37]30,4,5)([38]0,0,2)([39]32,16,2)([40]34,25,6)([41]36,3,7)([42]17,41,5)([43]42,39,7)([44]36,30,5)([45]43,15,5)([46]44,45,1)([47]22,33,4)([48]19,39,3)([49]7,45,7)([50]47,35,6)([51]43,31,3)([52]42,1,3)([53]2,21,1)([54]21,49,6)([55]35,4,5)([56]54,37,2)([57]12,40,5)([58]2,29,4)([59]40,13,1)([60]33,48,0)([61]16,56,4)([62]59,58,7)([63]51,25,5)([64]45,28,0)([65]17,18,1)([66]17,35,3)([67]18,21,6)([68]56,55,2)([69]32,62,6)([70]61,69,7)([71]26,8,7)([72]43,24,0)([73]17,0,0)([74]35,61,4)([75]5,25,0)([76]16,15,2)([77]23,76,7)([78]77,28,2)([79]21,78,0)([80]33,29,6)([81]41,59,1)([82]50,70,3)([83]12,9,2)([84]70,50,4)([85]28,58,3)([86]39,58,3)(84)
evaluations: 22690896
first invidual area: 153.22
{7,1,80,1,2,1,8}([7]6,1,4)([8]4,3,7)([9]8,2,3)([10]3,2,6)([11]3,1,2)([12]11,6,6)([13]0,8,0)([14]11,13,4)([15]14,8,4)([16]2,0,7)([17]4,16,3)([18]12,17,7)([19]5,16,5)([20]17,6,4)([21]19,7,2)([22]5,21,4)([23]12,21,6)([24]13,23,7)([25]9,22,5)([26]18,2,2)([27]26,17,3)([28]6,13,4)([29]1,25,2)([30]24,5,7)([31]26,10,6)([32]11,18,4)([33]23,29,3)([34]27,25,0)([35]31,14,3)([36]12,22,5)([37]30,4,5)([38]16,14,7)([39]16,32,5)([40]15,36,6)([41]17,36,2)([42]3,41,5)([43]42,39,4)([44]11,25,4)([45]15,43,5)([46]40,29,3)([47]13,20,1)([48]45,10,4)([49]45,28,7)([50]30,8,5)([51]5,1,1)([52]14,51,2)([53]43,5,0)([54]21,49,6)([55]50,6,4)([56]54,37,5)([57]48,22,7)([58]22,33,7)([59]23,27,1)([60]24,39,7)([61]56,16,4)([62]2,46,4)([63]24,18,0)([64]2,5,3)([65]58,35,6)([66]39,36,7)([67]31,33,4)([68]53,11,2)([69]32,62,3)([70]61,69,4)([71]57,56,5)([72]5,53,4)([73]48,67,7)([74]27,72,0)([75]14,16,2)([76]32,16,5)([77]55,10,4)([78]19,33,7)([79]54,4,4)([80]78,47,2)([81]70,65,7)([82]23,43,4)([83]28,70,6)([84]81,48,3)([85]5,74,0)([86]22,52,4)(81)
optimized area: 141.50
time: 1244314 ms
seed: 1635926782
{7,1,80,1,2,1,8}([7]6,5,7)([8]1,6,5)([9]6,2,6)([10]1,0,0)([11]4,6,6)([12]3,11,4)([13]4,5,3)([14]13,7,4)([15]6,0,4)([16]0,12,5)([17]1,13,4)([18]14,16,0)([19]12,17,7)([20]7,3,3)([21]20,15,5)([22]13,21,2)([23]18,19,7)([24]5,22,1)([25]17,4,7)([26]23,20,2)([27]8,19,1)([28]16,17,5)([29]28,23,6)([30]9,21,7)([31]12,5,1)([32]27,7,1)([33]19,1,1)([34]26,2,3)([35]6,31,6)([36]4,31,7)([37]34,0,7)([38]36,15,4)([39]37,31,7)([40]29,21,5)([41]22,24,2)([42]14,16,7)([43]16,34,4)([44]4,39,5)([45]2,28,2)([46]37,32,4)([47]16,38,4)([48]32,45,4)([49]14,47,6)([50]34,34,6)([51]49,43,2)([52]4,29,0)([53]2,0,4)([54]8,48,1)([55]40,22,5)([56]30,47,3)([57]22,44,5)([58]53,57,4)([59]46,5,6)([60]21,32,0)([61]1,20,6)([62]9,51,4)([63]45,29,7)([64]44,46,4)([65]48,44,1)([66]21,9,0)([67]34,19,5)([68]59,7,6)([69]59,58,2)([70]44,55,3)([71]51,48,4)([72]65,55,4)([73]67,20,7)([74]50,37,6)([75]65,7,7)([76]56,22,6)([77]70,71,7)([78]62,55,1)([79]36,4,0)([80]72,17,3)([81]1,56,6)([82]71,36,6)([83]81,69,6)([84]22,54,6)([85]83,77,2)([86]21,55,3)(85)
evaluations: 34118959
first invidual area: 155.08
{7,1,80,1,2,1,8}([7]5,6,7)([8]6,1,5)([9]2,6,3)([10]6,4,6)([11]4,0,0)([12]10,3,4)([13]5,4,3)([14]13,7,4)([15]6,0,4)([16]12,0,5)([17]1,13,4)([18]3,0,7)([19]12,17,7)([20]7,3,3)([21]15,20,5)([22]18,21,7)([23]19,14,7)([24]20,23,2)([25]0,22,6)([26]25,7,5)([27]11,12,4)([28]17,16,5)([29]0,8,0)([30]9,21,4)([31]20,24,1)([32]26,10,7)([33]5,21,0)([34]24,2,3)([35]1,24,6)([36]21,4,2)([37]34,29,7)([38]27,15,7)([39]37,12,4)([40]3,9,0)([41]36,39,5)([42]1,5,3)([43]16,34,5)([44]37,37,3)([45]2,28,5)([46]44,8,4)([47]16,38,7)([48]8,45,7)([49]46,15,6)([50]47,14,6)([51]50,43,5)([52]15,41,7)([53]2,0,7)([54]47,19,5)([55]29,11,3)([56]1,47,3)([57]40,34,1)([58]53,54,7)([59]46,5,6)([60]35,39,2)([61]20,22,5)([62]31,1,0)([63]48,51,7)([64]62,18,4)([65]11,14,6)([66]23,13,2)([67]29,37,0)([68]52,46,3)([69]59,58,2)([70]41,35,3)([71]34,63,7)([72]40,4,7)([73]41,11,6)([74]3,31,7)([75]56,30,6)([76]11,7,3)([77]70,63,7)([78]71,50,4)([79]40,70,1)([80]46,39,3)([81]45,67,6)([82]42,66,1)([83]75,69,6)([84]26,19,5)([85]83,77,2)([86]40,29,4)(85)
optimized area: 143.38
time: 1186366 ms
seed: 1635962986
NOT FOUND
time: 1065885 ms
seed: 1635998930
{7,1,80,1,2,1,8}([7]5,3,6)([8]0,2,4)([9]3,6,6)([10]4,8,5)([11]1,0,7)([12]3,11,5)([13]1,10,7)([14]9,5,7)([15]14,4,6)([16]10,2,7)([17]13,7,6)([18]17,11,4)([19]16,2,3)([20]11,1,5)([21]5,10,7)([22]3,1,6)([23]3,8,6)([24]6,13,5)([25]19,6,7)([26]18,25,2)([27]15,17,2)([28]5,12,7)([29]15,26,7)([30]27,0,2)([31]26,18,4)([32]0,29,7)([33]6,28,3)([34]0,25,3)([35]4,21,5)([36]25,22,0)([37]35,16,0)([38]17,2,5)([39]7,29,2)([40]31,25,6)([41]33,2,7)([42]2,7,7)([43]14,37,4)([44]5,1,1)([45]24,23,6)([46]36,0,3)([47]28,22,1)([48]38,37,5)([49]37,40,7)([50]30,7,1)([51]47,10,2)([52]5,6,3)([53]17,5,1)([54]36,27,7)([55]5,43,0)([56]23,31,3)([57]33,56,7)([58]32,42,7)([59]3,13,6)([60]2,24,4)([61]38,50,4)([62]19,29,2)([63]53,49,5)([64]28,32,3)([65]63,22,6)([66]65,30,6)([67]57,40,1)([68]66,67,3)([69]11,56,7)([70]21,56,7)([71]53,59,4)([72]61,43,5)([73]56,13,4)([74]43,42,0)([75]64,60,5)([76]32,0,5)([77]75,68,7)([78]77,72,4)([79]59,1,7)([80]23,50,1)([81]14,43,7)([82]45,55,5)([83]73,5,7)([84]79,62,4)([85]23,9,4)([86]39,36,3)(78)
evaluations: 46326882
first invidual area: 148.05
{7,1,80,1,2,1,8}([7]5,3,6)([8]0,2,4)([9]3,6,3)([10]4,8,5)([11]1,0,7)([12]3,11,5)([13]1,10,7)([14]9,5,4)([15]14,4,6)([16]10,7,1)([17]13,7,6)([18]17,11,4)([19]16,2,6)([20]18,12,5)([21]5,10,7)([22]13,17,4)([23]8,3,6)([24]6,13,5)([25]19,6,4)([26]18,25,2)([27]26,17,2)([28]5,12,7)([29]0,26,7)([30]27,15,2)([31]28,2,0)([32]15,29,7)([33]6,28,3)([34]1,12,6)([35]4,21,5)([36]31,22,1)([37]11,25,3)([38]17,2,2)([39]24,11,2)([40]18,25,6)([41]37,13,4)([42]14,33,0)([43]14,35,4)([44]40,18,6)([45]1,37,2)([46]32,37,2)([47]6,4,3)([48]5,35,0)([49]35,40,7)([50]38,9,7)([51]24,27,5)([52]42,9,3)([53]41,23,5)([54]33,30,5)([55]3,13,3)([56]23,39,3)([57]33,56,4)([58]15,36,5)([59]55,18,7)([60]2,24,4)([61]38,30,4)([62]41,26,0)([63]13,49,2)([64]28,32,3)([65]29,35,4)([66]63,30,6)([67]43,61,0)([68]66,57,6)([69]60,24,7)([70]16,39,1)([71]59,64,6)([72]61,43,5)([73]37,14,7)([74]41,49,7)([75]64,60,5)([76]26,41,1)([77]75,68,4)([78]77,72,4)([79]70,36,7)([80]20,76,1)([81]79,8,1)([82]78,55,3)([83]67,6,3)([84]61,25,3)([85]36,83,6)([86]49,11,1)(78)
optimized area: 134.47
time: 1069669 ms
seed: 1636033468
{7,1,80,1,2,1,8}([7]0,2,4)([8]2,2,1)([9]6,2,7)([10]7,3,6)([11]10,4,0)([12]5,0,7)([13]4,12,5)([14]3,4,5)([15]14,2,2)([16]10,14,4)([17]1,13,5)([18]9,3,7)([19]1,16,0)([20]17,11,7)([21]12,11,4)([22]13,6,7)([23]18,5,0)([24]17,21,5)([25]21,17,7)([26]15,3,7)([27]5,22,4)([28]14,20,7)([29]8,28,6)([30]20,5,6)([31]29,19,2)([32]12,7,0)([33]10,10,7)([34]1,8,5)([35]13,5,6)([36]35,2,7)([37]28,23,3)([38]25,30,4)([39]24,22,5)([40]9,4,7)([41]29,0,6)([42]8,22,7)([43]7,40,4)([44]21,41,2)([45]41,25,0)([46]45,27,4)([47]7,12,3)([48]27,21,6)([49]20,3,2)([50]40,47,7)([51]36,50,5)([52]37,10,6)([53]31,51,3)([54]47,41,6)([55]25,43,1)([56]7,28,1)([57]44,34,4)([58]11,6,0)([59]57,53,5)([60]28,10,1)([61]36,18,5)([62]10,8,3)([63]14,45,2)([64]55,34,2)([65]52,27,5)([66]20,60,1)([67]39,65,7)([68]21,13,3)([69]3,19,1)([70]36,66,4)([71]67,30,3)([72]71,59,7)([73]51,8,2)([74]14,61,3)([75]14,55,1)([76]47,0,3)([77]5,47,6)([78]24,70,3)([79]8,10,1)([80]65,35,7)([81]42,55,7)([82]57,0,0)([83]42,46,0)([84]70,66,2)([85]4,41,1)([86]8,24,0)(72)
evaluations: 29048563
first invidual area: 116.66
{7,1,80,1,2,1,8}([7]2,0,4)([8]2,7,1)([9]8,6,4)([10]7,3,6)([11]8,1,5)([12]5,0,7)([13]12,4,5)([14]3,4,5)([15]12,0,3)([16]4,15,7)([17]13,1,5)([18]4,6,0)([19]9,16,7)([20]17,10,7)([21]10,12,4)([22]13,6,7)([23]19,22,5)([24]21,17,5)([25]9,3,7)([26]1,13,0)([27]25,10,7)([28]20,14,7)([29]28,8,6)([30]1,7,2)([31]0,13,6)([32]20,5,6)([33]9,9,6)([34]22,5,4)([35]20,18,5)([36]2,31,7)([37]25,28,3)([38]27,18,1)([39]27,1,4)([40]22,24,5)([41]29,0,6)([42]2,8,1)([43]16,14,5)([44]21,41,5)([45]14,8,2)([46]44,34,5)([47]36,19,5)([48]10,34,2)([49]47,30,3)([50]32,39,3)([51]4,47,2)([52]37,41,6)([53]17,7,1)([54]0,48,5)([55]43,47,5)([56]28,53,0)([57]44,11,7)([58]41,0,5)([59]57,49,5)([60]56,56,2)([61]34,52,5)([62]59,1,5)([63]54,37,1)([64]36,45,2)([65]15,38,3)([66]24,48,2)([67]61,40,7)([68]33,14,4)([69]17,41,2)([70]46,49,1)([71]67,32,3)([72]71,59,7)([73]69,57,1)([74]72,28,3)([75]73,19,1)([76]67,71,0)([77]39,13,6)([78]45,29,2)([79]50,56,7)([80]5,8,0)([81]67,71,3)([82]0,67,2)([83]43,81,0)([84]59,48,1)([85]51,26,4)([86]62,65,6)(72)
optimized area: 116.19
time: 1163286 ms
seed: 1636067444
NOT FOUND
time: 1059101 ms
seed: 1636100470
NOT FOUND
time: 1065425 ms
seed: 1636133234
{7,1,80,1,2,1,8}([7]1,2,6)([8]7,3,7)([9]0,2,4)([10]0,4,3)([11]4,1,6)([12]0,10,4)([13]8,9,4)([14]13,8,5)([15]14,3,7)([16]5,12,4)([17]8,1,2)([18]13,5,3)([19]6,3,7)([20]11,10,5)([21]12,19,7)([22]13,5,4)([23]1,16,4)([24]6,14,7)([25]14,10,7)([26]0,5,5)([27]8,4,7)([28]18,18,7)([29]15,22,3)([30]21,5,3)([31]29,27,5)([32]30,17,3)([33]24,20,7)([34]14,21,5)([35]34,31,4)([36]16,24,1)([37]18,19,4)([38]33,35,5)([39]1,14,2)([40]32,6,6)([41]26,24,6)([42]1,39,6)([43]16,25,3)([44]10,7,2)([45]36,32,3)([46]13,33,7)([47]19,43,5)([48]37,36,3)([49]43,26,7)([50]38,38,6)([51]2,50,7)([52]45,51,7)([53]24,13,6)([54]41,35,0)([55]52,43,5)([56]39,36,7)([57]17,2,7)([58]34,33,0)([59]31,17,0)([60]2,3,4)([61]58,53,0)([62]37,35,5)([63]31,39,3)([64]54,13,3)([65]37,56,5)([66]32,58,4)([67]40,57,3)([68]39,28,0)([69]65,35,3)([70]19,26,1)([71]55,69,5)([72]47,28,2)([73]56,46,1)([74]44,13,7)([75]25,43,7)([76]67,53,4)([77]12,34,5)([78]75,20,0)([79]35,5,7)([80]71,7,4)([81]13,3,1)([82]33,39,1)([83]73,52,6)([84]53,2,7)([85]2,20,7)([86]11,85,3)(71)
evaluations: 14637618
first invidual area: 131.20
{7,1,80,1,2,1,8}([7]1,2,3)([8]7,3,4)([9]0,2,7)([10]0,4,3)([11]3,9,3)([12]10,0,4)([13]8,9,6)([14]9,8,5)([15]13,5,4)([16]5,12,4)([17]1,6,2)([18]6,0,0)([19]3,6,7)([20]14,10,7)([21]12,19,7)([22]14,18,7)([23]12,16,5)([24]4,8,7)([25]4,1,6)([26]17,21,3)([27]26,23,6)([28]11,15,3)([29]21,14,5)([30]20,16,3)([31]24,28,5)([32]25,20,5)([33]32,22,7)([34]7,1,5)([35]29,31,4)([36]19,1,5)([37]30,10,2)([38]14,1,5)([39]12,14,7)([40]25,27,1)([41]2,14,0)([42]16,38,7)([43]33,35,5)([44]11,12,1)([45]3,34,0)([46]12,26,1)([47]26,5,1)([48]22,22,5)([49]37,47,2)([50]5,13,3)([51]2,43,4)([52]27,51,4)([53]10,19,4)([54]52,30,5)([55]22,29,3)([56]40,33,5)([57]47,41,7)([58]12,28,2)([59]39,20,3)([60]35,42,1)([61]19,50,4)([62]2,6,7)([63]42,26,4)([64]45,43,2)([65]61,42,5)([66]10,8,2)([67]6,1,0)([68]43,10,4)([69]65,35,3)([70]18,46,7)([71]63,41,1)([72]33,59,1)([73]53,54,6)([74]54,69,5)([75]44,65,3)([76]55,6,7)([77]4,53,7)([78]31,70,2)([79]23,38,1)([80]21,26,6)([81]9,5,2)([82]74,68,1)([83]3,79,4)([84]22,68,4)([85]59,79,5)([86]13,17,1)(74)
optimized area: 121.82
time: 1284316 ms
seed: 1636165619
NOT FOUND
time: 1058544 ms
seed: 1636196238
NOT FOUND
time: 1057782 ms
