seed: 1634027656
NOT FOUND
time: 531082 ms
seed: 1634076433
NOT FOUND
time: 482277 ms
seed: 1634238087
NOT FOUND
time: 531786 ms
seed: 1634375559
NOT FOUND
time: 532095 ms
seed: 1634424556
NOT FOUND
time: 536322 ms
seed: 1634632863
NOT FOUND
time: 529878 ms
seed: 1635159878
NOT FOUND
time: 522435 ms
seed: 1635209037
{7,1,80,1,2,1,8}([7]5,1,4)([8]2,5,4)([9]0,6,0)([10]6,3,4)([11]10,2,6)([12]0,4,4)([13]11,9,7)([14]7,10,7)([15]9,7,2)([16]4,3,7)([17]10,1,7)([18]13,7,4)([19]13,8,6)([20]6,2,5)([21]4,14,3)([22]2,13,2)([23]20,19,1)([24]12,17,6)([25]22,10,2)([26]16,24,3)([27]18,21,7)([28]17,7,0)([29]26,27,2)([30]26,8,2)([31]29,14,7)([32]18,10,3)([33]21,2,7)([34]19,32,3)([35]7,8,6)([36]16,30,7)([37]35,33,5)([38]12,2,7)([39]34,32,5)([40]34,28,4)([41]27,6,5)([42]16,27,3)([43]28,31,2)([44]37,1,4)([45]23,18,3)([46]25,16,2)([47]41,40,6)([48]41,23,6)([49]48,3,4)([50]44,49,5)([51]31,25,6)([52]35,3,1)([53]38,28,6)([54]2,13,5)([55]45,34,4)([56]11,9,7)([57]48,24,1)([58]55,36,3)([59]7,55,6)([60]28,16,7)([61]8,23,4)([62]7,51,7)([63]2,48,5)([64]21,18,5)([65]31,13,5)([66]4,25,7)([67]40,64,7)([68]53,43,5)([69]30,36,3)([70]65,45,2)([71]29,3,7)([72]66,64,4)([73]0,47,4)([74]5,33,7)([75]58,65,5)([76]41,70,4)([77]1,74,3)([78]73,42,0)([79]1,77,5)([80]2,10,4)([81]50,51,6)([82]67,63,1)([83]73,22,0)([84]75,81,4)([85]15,6,6)([86]71,15,3)(84)
evaluations: 8625563
first invidual area: 132.13
{7,1,80,1,2,1,8}([7]1,5,4)([8]5,2,4)([9]3,0,7)([10]3,6,4)([11]2,10,6)([12]4,4,2)([13]0,11,7)([14]7,10,7)([15]2,10,5)([16]4,3,7)([17]11,15,0)([18]13,7,4)([19]8,7,6)([20]17,17,5)([21]14,12,3)([22]21,5,7)([23]1,10,7)([24]9,23,6)([25]11,15,5)([26]16,24,3)([27]18,21,7)([28]15,9,6)([29]26,27,5)([30]8,26,5)([31]14,29,4)([32]10,6,4)([33]20,31,7)([34]6,2,2)([35]10,18,3)([36]16,30,4)([37]31,13,5)([38]35,19,3)([39]36,8,4)([40]31,28,6)([41]6,27,5)([42]22,19,5)([43]1,42,4)([44]5,30,0)([45]18,34,3)([46]14,15,0)([47]34,41,6)([48]28,10,3)([49]14,46,1)([50]9,23,0)([51]45,38,4)([52]20,47,7)([53]9,10,0)([54]3,47,4)([55]20,28,3)([56]22,54,1)([57]34,19,2)([58]20,54,6)([59]30,33,4)([60]44,25,0)([61]18,56,0)([62]38,8,5)([63]36,51,3)([64]1,14,2)([65]32,50,6)([66]42,58,2)([67]4,33,5)([68]50,10,5)([69]67,9,5)([70]68,62,7)([71]33,2,4)([72]43,54,5)([73]18,11,7)([74]28,64,5)([75]37,63,5)([76]31,74,4)([77]15,67,2)([78]4,15,3)([79]78,47,5)([80]6,41,3)([81]72,40,6)([82]52,6,5)([83]66,66,5)([84]81,75,4)([85]27,49,2)([86]83,37,1)(84)
optimized area: 127.45
time: 675457 ms
seed: 1635397795
seed: 1635639593
{7,1,80,1,2,1,8}([7]0,4,7)([8]0,5,7)([9]3,1,5)([10]1,2,6)([11]6,8,7)([12]10,3,6)([13]1,6,7)([14]3,4,7)([15]8,5,2)([16]9,5,2)([17]7,6,3)([18]11,4,7)([19]7,18,5)([20]13,3,7)([21]18,17,3)([22]12,16,3)([23]9,10,7)([24]23,18,5)([25]8,0,6)([26]4,23,2)([27]25,22,4)([28]13,2,4)([29]20,8,2)([30]5,20,3)([31]1,3,7)([32]29,27,3)([33]8,26,7)([34]30,2,4)([35]33,12,4)([36]33,28,4)([37]25,17,0)([38]13,10,5)([39]24,32,2)([40]2,21,4)([41]36,34,6)([42]40,11,6)([43]14,41,5)([44]35,8,2)([45]42,13,2)([46]13,43,7)([47]44,12,7)([48]21,30,7)([49]20,20,3)([50]31,23,4)([51]35,44,0)([52]47,50,5)([53]19,52,3)([54]46,39,4)([55]9,13,2)([56]7,12,4)([57]42,52,2)([58]43,56,2)([59]46,49,6)([60]4,13,7)([61]57,47,5)([62]45,19,6)([63]3,60,2)([64]61,54,5)([65]3,57,6)([66]37,40,1)([67]60,38,2)([68]38,53,4)([69]4,22,6)([70]52,26,6)([71]64,68,7)([72]66,65,7)([73]13,63,1)([74]1,34,3)([75]44,53,2)([76]57,53,4)([77]59,30,1)([78]8,1,2)([79]46,6,5)([80]45,31,0)([81]77,33,0)([82]61,73,2)([83]10,8,7)([84]19,8,3)([85]46,69,1)([86]71,53,5)(71)
evaluations: 19670930
first invidual area: 157.92
{7,1,80,1,2,1,8}([7]0,6,3)([8]5,0,7)([9]1,3,5)([10]2,1,6)([11]8,6,7)([12]3,10,6)([13]1,6,7)([14]3,4,7)([15]0,8,6)([16]9,5,2)([17]9,4,1)([18]4,11,7)([19]4,0,7)([20]3,13,7)([21]19,7,3)([22]16,12,6)([23]10,17,3)([24]18,23,5)([25]13,11,1)([26]4,23,5)([27]15,22,7)([28]13,2,7)([29]20,8,2)([30]5,20,3)([31]19,18,5)([32]29,27,3)([33]8,26,4)([34]30,2,4)([35]33,12,3)([36]28,33,7)([37]16,2,1)([38]10,13,5)([39]24,32,5)([40]2,21,4)([41]34,36,6)([42]11,40,6)([43]14,41,5)([44]35,8,5)([45]13,14,5)([46]39,43,7)([47]44,12,4)([48]3,1,3)([49]13,46,7)([50]48,10,7)([51]16,21,6)([52]47,50,5)([53]12,27,7)([54]52,31,3)([55]25,12,1)([56]14,23,0)([57]52,42,2)([58]9,56,4)([59]25,20,0)([60]35,53,2)([61]57,47,5)([62]17,31,5)([63]47,8,3)([64]61,49,5)([65]46,60,1)([66]10,57,5)([67]51,34,3)([68]38,64,7)([69]38,21,5)([70]54,68,4)([71]45,9,5)([72]56,29,5)([73]58,9,5)([74]43,54,0)([75]30,63,4)([76]20,65,1)([77]16,26,4)([78]40,68,3)([79]77,3,5)([80]30,65,3)([81]52,75,4)([82]13,81,5)([83]77,43,6)([84]61,17,4)([85]39,29,2)([86]9,26,4)(70)
optimized area: 150.86
time: 1335651 ms
seed: 1635687350
{7,1,80,1,2,1,8}([7]1,3,6)([8]2,3,3)([9]4,8,7)([10]2,6,2)([11]6,7,5)([12]5,11,2)([13]10,12,4)([14]0,12,6)([15]9,5,4)([16]1,6,7)([17]0,15,6)([18]3,0,4)([19]4,5,0)([20]14,0,6)([21]7,13,4)([22]15,16,4)([23]21,20,7)([24]19,18,5)([25]18,1,5)([26]21,2,4)([27]12,9,1)([28]15,23,2)([29]14,28,7)([30]22,2,6)([31]26,25,2)([32]25,10,2)([33]32,31,6)([34]25,27,5)([35]30,18,7)([36]35,31,2)([37]22,4,4)([38]24,36,5)([39]6,21,4)([40]25,16,0)([41]25,12,2)([42]11,30,1)([43]17,1,4)([44]29,38,4)([45]6,15,4)([46]27,31,2)([47]42,21,2)([48]41,47,2)([49]9,20,4)([50]48,42,4)([51]33,43,2)([52]51,28,6)([53]40,43,5)([54]13,2,4)([55]33,29,3)([56]18,17,2)([57]53,4,3)([58]17,7,0)([59]2,50,7)([60]11,48,6)([61]50,53,7)([62]33,59,1)([63]53,13,2)([64]17,55,2)([65]62,27,2)([66]7,17,1)([67]2,1,5)([68]41,49,5)([69]44,0,1)([70]34,10,4)([71]10,1,5)([72]13,37,7)([73]52,38,2)([74]13,9,4)([75]31,2,0)([76]44,40,0)([77]76,57,5)([78]47,42,1)([79]77,28,3)([80]73,68,7)([81]68,72,7)([82]19,28,1)([83]77,81,2)([84]83,73,6)([85]25,60,4)([86]69,67,7)(84)
evaluations: 15589280
first invidual area: 139.62
{7,1,80,1,2,1,8}([7]1,3,6)([8]2,3,3)([9]8,4,7)([10]6,2,2)([11]6,7,5)([12]5,11,2)([13]10,12,4)([14]0,12,6)([15]5,9,4)([16]15,6,4)([17]15,14,0)([18]0,3,4)([19]17,0,6)([20]14,0,6)([21]7,13,4)([22]1,16,7)([23]21,20,7)([24]18,4,5)([25]18,1,5)([26]2,21,4)([27]10,25,2)([28]17,23,2)([29]28,14,4)([30]22,2,3)([31]26,25,2)([32]14,8,2)([33]27,31,6)([34]27,27,2)([35]18,30,4)([36]35,31,2)([37]22,13,7)([38]24,36,5)([39]35,8,2)([40]15,24,5)([41]17,20,7)([42]29,41,4)([43]19,1,4)([44]27,30,6)([45]33,35,7)([46]29,38,7)([47]33,43,2)([48]39,4,5)([49]39,4,1)([50]0,34,6)([51]28,47,6)([52]35,43,5)([53]4,48,4)([54]41,22,6)([55]9,52,3)([56]45,5,2)([57]12,2,6)([58]47,6,3)([59]1,20,7)([60]37,4,7)([61]43,18,3)([62]38,51,2)([63]15,7,2)([64]49,49,1)([65]25,28,7)([66]62,1,6)([67]41,12,2)([68]67,25,5)([69]2,42,4)([70]24,8,1)([71]55,22,5)([72]15,0,6)([73]47,70,1)([74]20,1,4)([75]41,49,0)([76]16,54,6)([77]46,55,5)([78]20,77,3)([79]28,59,0)([80]75,12,1)([81]68,60,4)([82]14,50,2)([83]81,77,2)([84]83,62,6)([85]57,4,5)([86]20,41,2)(84)
optimized area: 139.62
time: 1347859 ms
seed: 1635735195
{7,1,80,1,2,1,8}([7]3,4,7)([8]0,5,7)([9]8,7,6)([10]1,5,4)([11]3,8,3)([12]2,5,4)([13]7,12,7)([14]6,13,2)([15]6,1,3)([16]3,10,6)([17]8,4,2)([18]16,5,3)([19]15,0,4)([20]5,2,4)([21]4,6,4)([22]14,0,2)([23]16,19,3)([24]15,2,0)([25]9,4,4)([26]20,7,3)([27]11,22,1)([28]10,4,1)([29]23,7,4)([30]1,11,7)([31]18,9,3)([32]2,8,4)([33]25,23,5)([34]6,18,4)([35]18,26,4)([36]1,34,2)([37]36,35,5)([38]37,19,4)([39]22,30,5)([40]12,33,7)([41]40,3,0)([42]40,5,4)([43]38,41,7)([44]31,23,6)([45]29,24,3)([46]18,19,7)([47]13,0,0)([48]30,34,6)([49]25,31,4)([50]28,28,0)([51]39,23,4)([52]21,42,2)([53]21,37,2)([54]48,49,2)([55]52,51,6)([56]13,45,5)([57]39,42,7)([58]10,24,5)([59]55,38,5)([60]41,54,6)([61]37,30,3)([62]44,53,6)([63]59,54,4)([64]22,25,7)([65]30,49,6)([66]14,60,4)([67]12,58,0)([68]55,21,1)([69]26,50,1)([70]51,42,6)([71]48,6,1)([72]69,7,5)([73]72,72,5)([74]10,6,6)([75]66,56,2)([76]9,60,0)([77]75,32,7)([78]21,34,7)([79]45,74,4)([80]75,63,7)([81]29,14,3)([82]40,8,2)([83]48,0,5)([84]73,15,5)([85]78,55,2)([86]51,35,5)(80)
evaluations: 35017875
first invidual area: 149.96
{7,1,80,1,2,1,8}([7]4,3,7)([8]5,0,7)([9]8,7,6)([10]3,8,6)([11]4,6,4)([12]2,5,4)([13]12,7,7)([14]1,5,4)([15]1,6,3)([16]3,14,6)([17]0,13,2)([18]5,16,3)([19]0,15,4)([20]6,17,2)([21]13,1,5)([22]1,16,3)([23]16,19,3)([24]17,8,6)([25]4,9,4)([26]5,9,5)([27]5,7,0)([28]12,7,6)([29]23,28,2)([30]10,1,4)([31]3,11,5)([32]15,29,3)([33]25,23,5)([34]18,6,4)([35]28,27,7)([36]34,35,2)([37]36,1,5)([38]19,37,4)([39]20,30,5)([40]33,12,7)([41]30,34,6)([42]40,27,3)([43]19,21,4)([44]39,23,4)([45]1,9,1)([46]43,12,7)([47]32,4,0)([48]22,23,5)([49]11,26,7)([50]4,37,3)([51]38,38,1)([52]11,42,2)([53]48,5,5)([54]41,49,2)([55]52,44,6)([56]13,32,5)([57]22,27,7)([58]10,55,1)([59]55,38,2)([60]40,54,6)([61]14,24,4)([62]56,56,5)([63]59,54,6)([64]16,56,5)([65]43,28,0)([66]20,8,1)([67]41,58,4)([68]63,19,5)([69]64,38,4)([70]26,47,4)([71]4,30,5)([72]6,3,4)([73]59,11,5)([74]42,25,4)([75]60,56,5)([76]9,60,7)([77]34,21,2)([78]7,5,3)([79]10,46,2)([80]75,63,4)([81]22,27,4)([82]38,37,4)([83]16,42,1)([84]18,70,1)([85]4,63,1)([86]29,36,5)(80)
optimized area: 133.06
time: 1148423 ms
seed: 1635782440
NOT FOUND
time: 1077026 ms
seed: 1635829303
{7,1,80,1,2,1,8}([7]6,0,3)([8]0,4,2)([9]5,0,4)([10]7,3,2)([11]3,6,4)([12]6,2,5)([13]12,4,5)([14]8,11,6)([15]9,5,6)([16]0,1,7)([17]2,1,4)([18]6,15,4)([19]17,7,0)([20]0,10,2)([21]9,6,6)([22]13,5,5)([23]11,22,2)([24]19,16,5)([25]0,15,0)([26]24,22,4)([27]20,4,4)([28]14,6,0)([29]13,28,7)([30]11,25,7)([31]17,27,4)([32]13,3,7)([33]5,16,7)([34]33,29,5)([35]22,1,4)([36]10,21,6)([37]17,34,6)([38]19,31,0)([39]1,0,3)([40]16,26,5)([41]31,14,4)([42]32,36,6)([43]21,41,5)([44]18,16,3)([45]13,28,5)([46]2,25,3)([47]17,27,3)([48]33,25,0)([49]2,14,2)([50]8,5,1)([51]35,11,4)([52]46,10,7)([53]35,13,3)([54]27,42,6)([55]10,44,7)([56]39,54,7)([57]55,56,3)([58]30,48,6)([59]2,6,6)([60]31,14,3)([61]9,45,5)([62]26,37,6)([63]50,52,7)([64]41,51,3)([65]57,62,5)([66]65,43,7)([67]19,8,0)([68]64,49,0)([69]6,22,5)([70]64,63,5)([71]28,36,2)([72]69,45,3)([73]70,58,3)([74]68,9,5)([75]9,25,7)([76]1,35,4)([77]18,47,6)([78]47,74,5)([79]27,21,2)([80]58,22,6)([81]18,31,5)([82]74,16,7)([83]66,73,2)([84]64,46,2)([85]5,71,4)([86]72,66,6)(83)
evaluations: 12969613
first invidual area: 156.96
{7,1,80,1,2,1,8}([7]6,0,3)([8]4,0,2)([9]7,5,4)([10]6,9,6)([11]3,6,4)([12]6,2,5)([13]9,8,6)([14]8,11,6)([15]1,1,3)([16]0,1,7)([17]7,3,2)([18]11,0,7)([19]2,15,4)([20]4,12,5)([21]13,16,6)([22]20,5,5)([23]1,20,3)([24]0,3,5)([25]19,16,5)([26]25,22,4)([27]24,4,7)([28]26,1,2)([29]8,14,3)([30]2,0,6)([31]19,27,4)([32]12,3,4)([33]5,16,7)([34]33,29,5)([35]34,18,2)([36]29,14,1)([37]31,34,6)([38]15,22,4)([39]27,35,4)([40]10,11,6)([41]31,14,4)([42]36,40,6)([43]10,41,5)([44]7,28,4)([45]33,18,6)([46]41,15,7)([47]21,17,4)([48]0,29,2)([49]42,1,6)([50]47,13,2)([51]2,25,4)([52]47,31,5)([53]30,8,3)([54]4,42,3)([55]11,38,4)([56]49,54,7)([57]56,47,3)([58]8,57,1)([59]53,17,4)([60]56,25,7)([61]41,26,4)([62]37,26,6)([63]55,41,3)([64]56,59,1)([65]57,62,5)([66]65,43,7)([67]22,36,7)([68]12,3,4)([69]10,42,1)([70]63,59,5)([71]31,48,0)([72]13,33,1)([73]45,70,3)([74]66,73,2)([75]67,55,6)([76]41,33,4)([77]56,8,7)([78]25,45,5)([79]30,44,7)([80]4,58,4)([81]4,1,4)([82]77,72,1)([83]7,77,0)([84]0,20,5)([85]63,25,4)([86]64,4,6)(74)
optimized area: 142.41
time: 1317419 ms
seed: 1635872495
{7,1,80,1,2,1,8}([7]5,4,4)([8]6,5,7)([9]1,5,4)([10]9,0,6)([11]2,6,6)([12]9,11,7)([13]4,3,2)([14]4,10,5)([15]0,6,6)([16]15,1,6)([17]16,4,7)([18]17,2,5)([19]9,6,7)([20]12,3,2)([21]16,7,2)([22]17,19,2)([23]22,4,5)([24]7,8,5)([25]23,20,4)([26]20,24,6)([27]3,2,7)([28]18,19,7)([29]0,25,7)([30]29,21,4)([31]28,0,2)([32]10,26,3)([33]32,13,7)([34]27,15,7)([35]34,7,2)([36]1,10,7)([37]9,25,1)([38]1,16,3)([39]35,2,1)([40]33,38,5)([41]16,31,2)([42]2,18,7)([43]6,3,3)([44]36,13,3)([45]2,21,4)([46]0,15,0)([47]7,31,7)([48]41,40,6)([49]21,44,6)([50]45,14,5)([51]0,22,2)([52]14,37,0)([53]6,44,4)([54]42,1,7)([55]50,0,2)([56]46,52,4)([57]6,31,2)([58]33,35,6)([59]13,26,3)([60]36,32,5)([61]47,0,4)([62]7,29,2)([63]43,50,5)([64]51,6,2)([65]44,62,2)([66]14,15,6)([67]55,26,1)([68]63,50,4)([69]13,66,4)([70]39,30,2)([71]64,4,2)([72]56,71,2)([73]11,60,7)([74]22,68,6)([75]48,70,3)([76]58,45,5)([77]12,36,5)([78]31,16,4)([79]69,20,0)([80]64,57,5)([81]63,18,1)([82]68,75,7)([83]42,35,7)([84]38,56,3)([85]66,23,5)([86]80,82,4)(86)
evaluations: 21147015
first invidual area: 145.23
{7,1,80,1,2,1,8}([7]4,5,4)([8]5,6,7)([9]1,5,4)([10]9,0,6)([11]2,6,6)([12]9,11,7)([13]4,3,5)([14]10,4,5)([15]6,0,6)([16]15,1,6)([17]4,1,4)([18]4,13,6)([19]16,8,7)([20]12,3,2)([21]7,16,2)([22]17,19,2)([23]22,16,5)([24]8,7,5)([25]17,2,5)([26]20,24,6)([27]2,3,7)([28]25,19,7)([29]24,6,0)([30]10,26,3)([31]28,0,2)([32]6,3,6)([33]30,13,4)([34]27,15,7)([35]34,7,5)([36]31,16,2)([37]11,29,6)([38]16,1,3)([39]24,29,6)([40]33,38,5)([41]23,20,7)([42]40,36,6)([43]15,40,1)([44]16,36,6)([45]2,21,4)([46]11,14,7)([47]11,10,2)([48]41,37,7)([49]24,39,5)([50]14,45,5)([51]0,21,7)([52]49,9,7)([53]38,52,6)([54]36,52,5)([55]10,51,3)([56]1,11,2)([57]51,41,7)([58]40,31,7)([59]4,49,6)([60]15,23,5)([61]20,60,5)([62]22,31,2)([63]4,34,3)([64]11,52,7)([65]62,6,5)([66]24,29,0)([67]44,45,1)([68]32,50,5)([69]65,11,5)([70]35,57,2)([71]11,51,0)([72]62,36,3)([73]14,70,1)([74]72,72,7)([75]42,70,3)([76]56,52,5)([77]60,34,1)([78]38,24,7)([79]45,41,2)([80]61,2,7)([81]33,13,4)([82]68,75,7)([83]43,16,4)([84]54,7,6)([85]39,21,0)([86]65,82,4)(86)
optimized area: 133.52
time: 1226697 ms
seed: 1635914609
NOT FOUND
time: 1051154 ms
seed: 1635950713
NOT FOUND
time: 1059251 ms
seed: 1635986929
{7,1,80,1,2,1,8}([7]2,0,7)([8]3,0,2)([9]7,2,3)([10]1,1,2)([11]10,9,2)([12]4,3,4)([13]7,12,5)([14]11,1,5)([15]6,11,4)([16]7,6,7)([17]10,1,4)([18]11,7,3)([19]4,16,7)([20]12,2,5)([21]15,4,4)([22]18,12,7)([23]22,5,7)([24]16,15,3)([25]24,4,5)([26]7,5,2)([27]8,19,7)([28]13,25,2)([29]21,27,6)([30]18,23,3)([31]19,10,7)([32]3,3,5)([33]31,13,2)([34]2,33,3)([35]34,22,0)([36]5,34,7)([37]10,35,6)([38]27,3,7)([39]24,30,7)([40]20,25,3)([41]31,4,1)([42]23,20,0)([43]29,21,3)([44]40,36,4)([45]29,5,1)([46]36,44,3)([47]39,38,4)([48]21,41,3)([49]40,41,0)([50]1,31,5)([51]14,25,0)([52]22,18,2)([53]19,44,2)([54]44,2,7)([55]16,46,4)([56]42,28,2)([57]52,12,1)([58]56,53,6)([59]58,55,5)([60]41,21,7)([61]2,32,1)([62]37,26,4)([63]29,59,7)([64]43,41,1)([65]32,53,4)([66]46,4,2)([67]34,62,0)([68]34,42,3)([69]17,55,3)([70]66,45,5)([71]51,62,1)([72]12,16,2)([73]36,6,4)([74]54,39,2)([75]60,28,3)([76]67,14,0)([77]74,63,6)([78]27,12,0)([79]27,75,1)([80]54,39,3)([81]70,78,7)([82]48,1,2)([83]78,46,1)([84]57,71,1)([85]76,80,3)([86]48,49,6)(77)
evaluations: 25726586
first invidual area: 122.30
{7,1,80,1,2,1,8}([7]2,0,7)([8]7,0,7)([9]7,2,3)([10]7,6,7)([11]9,1,2)([12]3,4,4)([13]7,12,5)([14]12,5,4)([15]6,11,4)([16]0,3,5)([17]4,15,4)([18]7,11,3)([19]4,10,7)([20]2,7,0)([21]16,19,4)([22]19,1,7)([23]4,0,2)([24]10,15,3)([25]24,4,5)([26]14,18,3)([27]20,12,5)([28]2,27,5)([29]18,14,4)([30]13,2,7)([31]17,7,4)([32]13,25,1)([33]22,13,2)([34]33,20,3)([35]14,32,6)([36]34,5,7)([37]27,10,0)([38]25,13,2)([39]19,11,0)([40]37,25,6)([41]14,26,1)([42]35,33,1)([43]21,17,6)([44]40,36,7)([45]26,5,0)([46]44,19,2)([47]34,22,6)([48]44,36,3)([49]29,38,2)([50]38,15,4)([51]26,19,4)([52]45,24,2)([53]3,30,5)([54]7,37,1)([55]48,10,4)([56]45,3,7)([57]32,22,4)([58]49,46,6)([59]58,55,5)([60]31,21,3)([61]10,6,0)([62]17,33,4)([63]59,43,7)([64]45,62,6)([65]24,46,5)([66]48,46,3)([67]30,29,4)([68]10,34,1)([69]48,52,5)([70]36,45,5)([71]20,44,7)([72]24,57,6)([73]54,15,7)([74]71,52,2)([75]38,13,6)([76]57,40,3)([77]74,63,6)([78]41,51,3)([79]11,11,3)([80]11,71,0)([81]49,41,0)([82]7,34,2)([83]39,11,0)([84]69,42,4)([85]35,83,1)([86]17,9,1)(77)
optimized area: 119.48
time: 1210499 ms
seed: 1636022776
{7,1,80,1,2,1,8}([7]0,5,4)([8]7,2,5)([9]4,7,5)([10]0,1,6)([11]7,2,6)([12]8,3,5)([13]1,7,7)([14]6,2,6)([15]1,0,2)([16]2,0,7)([17]14,7,7)([18]15,3,4)([19]17,12,7)([20]1,6,1)([21]6,16,4)([22]10,5,6)([23]12,21,5)([24]21,11,3)([25]17,3,0)([26]4,20,3)([27]10,10,3)([28]2,7,7)([29]4,25,3)([30]12,4,4)([31]24,18,2)([32]5,1,4)([33]25,9,6)([34]19,5,7)([35]22,31,4)([36]6,8,1)([37]14,24,3)([38]34,30,3)([39]33,38,7)([40]14,35,7)([41]3,10,7)([42]7,40,7)([43]42,36,6)([44]34,39,4)([45]23,32,4)([46]38,45,3)([47]30,16,1)([48]42,16,5)([49]14,38,7)([50]25,23,2)([51]30,39,1)([52]46,22,0)([53]18,37,4)([54]38,20,2)([55]39,8,2)([56]39,38,4)([57]35,18,3)([58]53,34,0)([59]27,41,6)([60]26,11,7)([61]52,48,7)([62]32,58,3)([63]39,23,6)([64]26,7,3)([65]24,5,1)([66]61,47,7)([67]47,42,3)([68]18,9,6)([69]37,64,1)([70]31,30,0)([71]21,47,6)([72]62,49,3)([73]14,61,1)([74]0,33,4)([75]40,39,6)([76]73,54,0)([77]40,5,0)([78]72,66,2)([79]5,1,7)([80]33,40,1)([81]80,78,3)([82]77,78,1)([83]19,51,7)([84]52,20,5)([85]13,16,5)([86]75,78,6)(86)
evaluations: 34589227
first invidual area: 132.61
{7,1,80,1,2,1,8}([7]5,0,4)([8]0,1,6)([9]0,4,7)([10]2,2,2)([11]10,7,5)([12]6,10,5)([13]8,5,6)([14]10,6,6)([15]1,0,5)([16]0,10,7)([17]3,15,7)([18]14,14,3)([19]9,14,4)([20]4,7,5)([21]16,6,4)([22]10,7,6)([23]21,18,6)([24]21,22,3)([25]3,11,5)([26]17,10,2)([27]12,20,1)([28]12,23,4)([29]4,21,5)([30]25,4,4)([31]24,17,5)([32]1,5,4)([33]13,18,4)([34]23,12,6)([35]32,13,7)([36]19,19,3)([37]4,4,4)([38]30,19,3)([39]34,34,7)([40]31,33,4)([41]16,23,7)([42]7,40,7)([43]10,25,6)([44]43,37,6)([45]32,29,4)([46]38,45,3)([47]20,46,4)([48]42,16,5)([49]10,7,4)([50]13,16,3)([51]31,42,5)([52]45,18,5)([53]17,23,7)([54]53,32,3)([55]23,46,3)([56]18,38,7)([57]22,4,1)([58]41,46,0)([59]52,30,6)([60]24,16,4)([61]48,46,7)([62]20,25,3)([63]61,7,3)([64]54,55,1)([65]61,30,4)([66]55,1,1)([67]54,17,0)([68]1,9,4)([69]16,62,7)([70]2,31,2)([71]23,37,2)([72]54,56,3)([73]8,12,6)([74]0,37,6)([75]40,47,3)([76]69,29,0)([77]50,74,4)([78]72,65,5)([79]45,52,2)([80]60,37,5)([81]5,16,7)([82]41,53,1)([83]57,77,7)([84]55,52,4)([85]78,58,2)([86]75,78,2)(86)
optimized area: 122.77
time: 1138657 ms
seed: 1636057514
{7,1,80,1,2,1,8}([7]5,3,7)([8]6,1,4)([9]2,3,2)([10]3,6,7)([11]1,10,2)([12]10,7,2)([13]7,8,7)([14]13,5,6)([15]2,13,1)([16]2,13,7)([17]8,0,5)([18]10,16,3)([19]4,8,4)([20]17,19,6)([21]17,4,4)([22]14,19,4)([23]5,2,3)([24]11,22,6)([25]18,15,5)([26]9,16,6)([27]0,12,4)([28]24,2,3)([29]22,18,4)([30]20,1,1)([31]27,20,3)([32]29,28,7)([33]25,19,3)([34]22,9,4)([35]32,29,1)([36]35,31,2)([37]24,28,1)([38]29,6,3)([39]32,23,0)([40]26,6,7)([41]14,8,0)([42]40,36,1)([43]35,4,3)([44]41,38,5)([45]37,4,5)([46]13,2,6)([47]25,0,7)([48]29,11,5)([49]32,32,5)([50]1,45,6)([51]47,50,2)([52]31,33,1)([53]47,24,7)([54]36,51,4)([55]21,49,2)([56]33,54,4)([57]22,50,2)([58]41,29,7)([59]47,29,7)([60]22,57,6)([61]26,34,7)([62]53,59,2)([63]53,38,0)([64]56,62,3)([65]29,3,0)([66]50,4,0)([67]50,36,2)([68]47,16,6)([69]21,10,3)([70]61,62,3)([71]56,41,4)([72]38,25,7)([73]18,13,6)([74]33,38,5)([75]31,68,1)([76]70,55,3)([77]72,73,1)([78]2,20,4)([79]47,40,6)([80]52,16,5)([81]16,43,0)([82]58,24,2)([83]11,3,5)([84]6,73,1)([85]76,71,2)([86]26,28,4)(85)
evaluations: 8788811
first invidual area: 145.25
{7,1,80,1,2,1,8}([7]3,5,7)([8]6,1,4)([9]2,8,1)([10]3,6,7)([11]7,10,5)([12]11,0,7)([13]8,7,7)([14]13,5,6)([15]3,2,5)([16]9,13,4)([17]0,8,5)([18]10,16,3)([19]8,4,4)([20]13,4,5)([21]10,1,2)([22]14,19,4)([23]18,15,2)([24]21,22,6)([25]18,9,5)([26]15,16,5)([27]9,17,5)([28]17,22,6)([29]22,18,7)([30]12,28,3)([31]24,2,3)([32]27,5,4)([33]25,19,3)([34]27,10,1)([35]29,31,7)([36]35,30,5)([37]14,21,7)([38]33,15,7)([39]29,20,3)([40]36,29,4)([41]9,20,4)([42]8,23,6)([43]22,26,7)([44]0,25,7)([45]29,6,5)([46]10,2,0)([47]4,31,4)([48]44,22,5)([49]29,24,4)([50]48,1,6)([51]50,4,5)([52]16,24,0)([53]17,4,4)([54]36,51,4)([55]35,53,2)([56]14,33,4)([57]54,56,4)([58]49,37,0)([59]5,9,7)([60]35,0,4)([61]45,56,4)([62]49,60,2)([63]26,0,5)([64]13,4,0)([65]59,54,3)([66]55,62,3)([67]31,22,2)([68]27,22,5)([69]18,9,2)([70]10,38,3)([71]22,56,0)([72]49,22,6)([73]58,8,4)([74]28,57,1)([75]40,18,2)([76]43,66,3)([77]61,56,3)([78]2,11,5)([79]78,23,5)([80]63,64,7)([81]0,34,7)([82]65,4,4)([83]80,8,4)([84]2,73,3)([85]76,57,2)([86]12,77,0)(85)
optimized area: 133.54
time: 1439787 ms
seed: 1636091370
{7,1,80,1,2,1,8}([7]3,0,7)([8]4,7,6)([9]8,5,4)([10]6,2,3)([11]6,3,2)([12]1,4,7)([13]8,4,3)([14]10,3,6)([15]6,12,4)([16]3,15,4)([17]14,10,3)([18]5,13,4)([19]7,10,7)([20]11,9,4)([21]12,10,4)([22]5,13,5)([23]13,0,3)([24]13,4,0)([25]10,15,0)([26]21,20,3)([27]16,23,7)([28]11,6,4)([29]15,19,5)([30]29,1,3)([31]17,5,2)([32]30,31,7)([33]16,4,4)([34]5,33,7)([35]5,7,4)([36]12,33,4)([37]28,18,1)([38]17,30,5)([39]23,2,7)([40]27,37,5)([41]7,21,2)([42]29,22,2)([43]39,26,5)([44]41,42,0)([45]26,43,7)([46]14,39,0)([47]9,44,6)([48]12,35,6)([49]5,34,5)([50]16,33,1)([51]10,3,4)([52]47,19,3)([53]32,43,2)([54]11,41,1)([55]0,48,2)([56]20,8,1)([57]25,23,1)([58]29,12,3)([59]34,53,6)([60]55,35,6)([61]33,36,1)([62]57,54,6)([63]23,62,6)([64]59,52,4)([65]56,51,6)([66]16,8,5)([67]45,50,0)([68]20,9,0)([69]20,38,3)([70]60,58,2)([71]15,54,7)([72]50,71,4)([73]67,65,7)([74]68,16,1)([75]73,60,3)([76]33,0,2)([77]75,59,4)([78]60,31,3)([79]64,77,2)([80]20,48,6)([81]42,13,5)([82]40,75,3)([83]74,79,6)([84]72,50,3)([85]55,71,4)([86]58,82,5)(79)
evaluations: 7244947
first invidual area: 138.70
{7,1,80,1,2,1,8}([7]3,0,7)([8]7,4,6)([9]3,5,0)([10]2,6,3)([11]9,6,5)([12]4,1,7)([13]8,5,4)([14]0,4,3)([15]14,2,1)([16]9,6,4)([17]12,2,1)([18]10,12,4)([19]10,7,7)([20]11,13,7)([21]20,4,1)([22]14,3,1)([23]14,17,0)([24]4,9,5)([25]24,5,5)([26]20,18,3)([27]7,26,2)([28]17,15,0)([29]12,21,2)([30]5,27,4)([31]23,9,6)([32]2,31,4)([33]32,20,0)([34]28,11,6)([35]14,17,2)([36]13,27,6)([37]27,16,6)([38]25,28,6)([39]0,28,0)([40]25,26,7)([41]35,27,4)([42]1,16,7)([43]33,26,5)([44]14,31,4)([45]0,32,1)([46]5,42,7)([47]46,35,0)([48]13,2,0)([49]16,41,3)([50]25,33,1)([51]25,9,1)([52]36,19,3)([53]25,49,5)([54]15,15,3)([55]21,0,7)([56]35,27,0)([57]27,43,5)([58]43,53,2)([59]46,58,6)([60]30,35,6)([61]1,60,0)([62]3,55,4)([63]26,43,5)([64]52,59,4)([65]27,34,4)([66]13,64,2)([67]8,36,6)([68]53,39,2)([69]9,10,4)([70]12,53,3)([71]21,69,6)([72]9,69,3)([73]63,71,4)([74]7,70,1)([75]60,73,3)([76]74,32,1)([77]52,75,7)([78]67,8,1)([79]64,77,2)([80]3,67,6)([81]37,6,7)([82]81,59,5)([83]63,73,5)([84]78,76,5)([85]61,66,3)([86]39,57,6)(79)
optimized area: 126.50
time: 1317995 ms
seed: 1636124483
NOT FOUND
time: 1071528 ms
seed: 1636157067
NOT FOUND
time: 1068515 ms
seed: 1636189572
{7,1,80,1,2,1,8}([7]2,1,4)([8]3,0,5)([9]2,0,7)([10]0,8,5)([11]8,6,5)([12]4,2,3)([13]11,0,6)([14]6,10,6)([15]6,13,7)([16]1,12,3)([17]4,1,5)([18]9,12,2)([19]4,6,5)([20]4,3,6)([21]17,6,7)([22]13,5,5)([23]18,13,6)([24]8,20,7)([25]16,5,7)([26]22,3,7)([27]10,12,0)([28]20,11,3)([29]2,28,6)([30]9,2,4)([31]29,25,3)([32]17,14,7)([33]21,31,2)([34]8,15,1)([35]4,33,7)([36]32,1,2)([37]31,11,1)([38]21,26,7)([39]20,23,4)([40]7,24,5)([41]20,39,6)([42]38,33,4)([43]24,17,7)([44]37,15,4)([45]42,8,3)([46]40,17,1)([47]41,45,4)([48]41,21,6)([49]39,31,7)([50]3,35,6)([51]25,6,2)([52]5,28,1)([53]23,21,4)([54]52,4,2)([55]44,46,3)([56]37,8,3)([57]16,1,7)([58]37,33,5)([59]1,18,4)([60]33,9,4)([61]14,8,0)([62]16,60,4)([63]11,41,5)([64]35,38,6)([65]31,30,4)([66]55,9,6)([67]64,11,7)([68]28,29,1)([69]33,62,3)([70]11,29,0)([71]55,47,2)([72]49,33,2)([73]36,28,7)([74]68,42,4)([75]36,49,7)([76]38,51,3)([77]71,64,6)([78]54,34,0)([79]17,58,1)([80]19,68,2)([81]17,29,2)([82]12,21,7)([83]75,60,2)([84]77,83,6)([85]10,60,5)([86]50,13,2)(84)
evaluations: 40915079
first invidual area: 140.55
{7,1,80,1,2,1,8}([7]2,1,4)([8]3,0,5)([9]0,2,7)([10]0,8,5)([11]6,8,1)([12]4,2,3)([13]0,11,6)([14]11,12,5)([15]6,0,5)([16]12,7,6)([17]1,4,5)([18]9,12,2)([19]10,6,3)([20]4,3,6)([21]17,6,7)([22]13,5,5)([23]13,18,6)([24]8,20,7)([25]0,13,0)([26]22,3,7)([27]22,14,1)([28]2,11,3)([29]24,28,6)([30]16,5,4)([31]30,29,3)([32]17,19,4)([33]21,31,2)([34]28,19,6)([35]33,4,7)([36]32,1,5)([37]21,31,1)([38]21,26,7)([39]20,23,7)([40]7,24,2)([41]20,23,6)([42]37,31,6)([43]39,31,7)([44]15,31,7)([45]42,8,3)([46]21,29,6)([47]41,45,4)([48]33,41,0)([49]11,48,4)([50]42,18,5)([51]5,9,1)([52]48,50,7)([53]29,25,4)([54]34,30,5)([55]44,40,3)([56]43,29,3)([57]36,19,0)([58]54,36,3)([59]13,4,7)([60]42,27,5)([61]11,25,5)([62]12,32,1)([63]31,36,7)([64]35,38,6)([65]22,16,7)([66]4,27,4)([67]29,18,5)([68]45,31,6)([69]50,34,6)([70]9,33,4)([71]55,47,2)([72]47,71,0)([73]47,37,7)([74]12,36,7)([75]57,43,7)([76]29,60,5)([77]71,64,6)([78]1,60,1)([79]4,24,0)([80]40,64,2)([81]51,70,3)([82]58,20,2)([83]75,70,2)([84]77,83,6)([85]43,24,0)([86]9,44,6)(84)
optimized area: 133.51
time: 1132959 ms
seed: 1636220188
{7,1,80,1,2,1,8}([7]6,1,4)([8]7,3,7)([9]2,0,4)([10]5,7,6)([11]5,3,4)([12]4,9,5)([13]12,1,4)([14]6,8,3)([15]0,9,3)([16]9,6,1)([17]14,15,0)([18]5,6,3)([19]0,10,3)([20]17,18,4)([21]19,4,2)([22]21,3,7)([23]5,18,5)([24]6,15,2)([25]12,18,2)([26]16,13,4)([27]24,1,4)([28]11,21,1)([29]2,20,4)([30]5,27,2)([31]14,22,5)([32]25,24,7)([33]2,31,5)([34]14,0,5)([35]10,8,0)([36]16,28,5)([37]4,34,5)([38]7,20,4)([39]15,25,1)([40]26,5,3)([41]16,35,7)([42]31,41,6)([43]11,19,7)([44]4,31,7)([45]42,0,2)([46]43,39,1)([47]29,36,7)([48]32,1,2)([49]16,20,2)([50]30,12,4)([51]24,35,5)([52]42,40,4)([53]30,50,5)([54]37,52,5)([55]19,54,4)([56]41,16,1)([57]22,56,4)([58]34,22,4)([59]20,24,7)([60]50,55,2)([61]33,32,6)([62]2,29,0)([63]14,31,7)([64]42,3,7)([65]37,47,4)([66]59,36,2)([67]30,61,0)([68]65,32,4)([69]45,35,5)([70]59,0,3)([71]29,34,2)([72]54,36,3)([73]60,49,3)([74]63,54,7)([75]2,54,2)([76]31,49,6)([77]3,53,3)([78]30,13,7)([79]63,68,2)([80]18,15,1)([81]10,32,4)([82]73,79,3)([83]38,75,4)([84]69,78,4)([85]82,69,5)([86]1,39,6)(85)
evaluations: 15586187
first invidual area: 146.65
{7,1,80,1,2,1,8}([7]6,1,4)([8]7,3,7)([9]0,2,4)([10]7,5,6)([11]9,2,0)([12]4,11,5)([13]2,11,1)([14]8,6,3)([15]1,10,7)([16]9,7,1)([17]16,14,0)([18]6,5,3)([19]0,10,3)([20]0,11,3)([21]4,19,5)([22]3,21,4)([23]11,11,1)([24]6,20,2)([25]12,18,5)([26]1,16,7)([27]24,1,4)([28]25,14,7)([29]2,18,4)([30]5,27,5)([31]14,22,5)([32]11,10,4)([33]28,29,4)([34]14,0,5)([35]5,26,6)([36]17,28,2)([37]4,34,5)([38]6,2,3)([39]7,22,0)([40]17,2,6)([41]9,0,3)([42]32,31,6)([43]1,33,4)([44]37,41,1)([45]5,3,7)([46]44,18,0)([47]37,33,7)([48]45,16,5)([49]6,29,4)([50]30,12,7)([51]47,40,2)([52]42,35,7)([53]51,5,5)([54]37,52,5)([55]19,54,4)([56]0,49,0)([57]46,23,2)([58]3,2,1)([59]36,7,3)([60]50,55,2)([61]42,49,5)([62]24,47,4)([63]14,31,2)([64]50,5,2)([65]63,21,4)([66]62,48,7)([67]16,48,2)([68]45,32,5)([69]43,56,3)([70]36,58,0)([71]60,70,3)([72]13,33,6)([73]40,42,5)([74]3,16,2)([75]50,22,6)([76]60,69,2)([77]74,24,2)([78]72,49,6)([79]66,63,2)([80]6,60,2)([81]74,2,5)([82]71,79,3)([83]67,47,4)([84]46,83,0)([85]82,73,5)([86]12,41,2)(85)
optimized area: 136.80
time: 1268545 ms
seed: 1636250195
NOT FOUND
time: 1054440 ms
seed: 1636269280
NOT FOUND
time: 1077434 ms
seed: 1636285918
NOT FOUND
time: 1078361 ms
seed: 1636302403
NOT FOUND
time: 1047764 ms
seed: 1636318669
NOT FOUND
time: 1065729 ms
seed: 1636334899
NOT FOUND
time: 1058701 ms
seed: 1636341528
{7,1,80,1,2,1,8}([7]6,4,4)([8]6,3,6)([9]2,1,7)([10]7,1,7)([11]1,0,4)([12]10,7,6)([13]0,10,6)([14]4,3,7)([15]2,10,5)([16]3,13,5)([17]15,16,5)([18]7,15,7)([19]8,5,2)([20]19,15,4)([21]4,16,2)([22]2,3,3)([23]9,5,5)([24]20,11,5)([25]21,22,7)([26]23,12,7)([27]26,20,6)([28]12,0,5)([29]18,24,4)([30]25,12,2)([31]6,12,6)([32]18,13,7)([33]25,11,3)([34]14,27,7)([35]5,28,4)([36]34,31,4)([37]5,33,4)([38]1,13,1)([39]26,4,6)([40]19,2,2)([41]26,9,5)([42]23,35,2)([43]34,34,5)([44]42,37,4)([45]32,37,3)([46]36,42,1)([47]33,41,3)([48]47,16,6)([49]41,12,5)([50]0,18,7)([51]41,17,3)([52]32,38,3)([53]43,51,2)([54]18,32,3)([55]9,41,6)([56]9,50,0)([57]8,36,2)([58]24,47,5)([59]3,23,1)([60]45,53,4)([61]48,48,6)([62]3,25,5)([63]62,12,6)([64]5,3,3)([65]0,62,6)([66]31,43,3)([67]2,27,4)([68]58,32,2)([69]64,23,5)([70]21,64,2)([71]8,22,5)([72]1,35,6)([73]10,5,2)([74]29,6,1)([75]60,65,3)([76]61,75,7)([77]63,25,4)([78]29,66,2)([79]71,23,4)([80]39,78,2)([81]3,14,1)([82]37,49,0)([83]44,68,0)([84]80,76,7)([85]80,49,5)([86]49,24,1)(84)
evaluations: 20980555
first invidual area: 139.14
{7,1,80,1,2,1,8}([7]4,6,4)([8]3,6,6)([9]2,1,7)([10]7,1,7)([11]0,1,4)([12]7,10,6)([13]0,10,6)([14]3,4,7)([15]2,10,5)([16]6,13,5)([17]16,15,5)([18]15,7,7)([19]5,8,5)([20]15,19,7)([21]5,9,5)([22]5,19,6)([23]19,22,5)([24]3,0,2)([25]6,2,7)([26]12,21,7)([27]26,20,6)([28]11,14,5)([29]6,24,4)([30]28,18,7)([31]26,9,5)([32]31,1,7)([33]29,11,6)([34]14,27,4)([35]30,31,6)([36]27,15,5)([37]5,33,7)([38]13,0,6)([39]12,34,1)([40]38,34,6)([41]40,2,4)([42]13,18,7)([43]37,42,6)([44]31,17,3)([45]40,38,7)([46]42,28,7)([47]26,7,5)([48]37,6,2)([49]12,34,6)([50]7,36,2)([51]16,29,6)([52]43,44,3)([53]34,44,5)([54]32,0,3)([55]2,23,0)([56]47,16,6)([57]48,13,5)([58]14,38,2)([59]2,58,6)([60]43,53,4)([61]53,17,3)([62]10,7,3)([63]44,41,6)([64]4,58,2)([65]0,2,1)([66]5,4,5)([67]53,33,3)([68]5,6,0)([69]68,42,5)([70]37,52,2)([71]30,40,6)([72]18,54,6)([73]3,16,6)([74]66,69,7)([75]60,64,3)([76]75,56,4)([77]38,68,1)([78]26,4,6)([79]21,75,4)([80]71,78,5)([81]79,16,2)([82]58,66,1)([83]5,13,0)([84]80,76,4)([85]51,58,7)([86]0,44,1)(84)
optimized area: 131.18
time: 1300880 ms
seed: 1636347898
{7,1,80,1,2,1,8}([7]5,3,4)([8]3,6,6)([9]0,3,5)([10]4,9,7)([11]6,0,3)([12]2,2,2)([13]2,11,4)([14]8,0,3)([15]3,9,3)([16]7,6,4)([17]3,6,3)([18]4,14,2)([19]11,5,5)([20]14,1,1)([21]5,2,7)([22]10,15,6)([23]5,4,7)([24]5,6,2)([25]6,16,5)([26]24,13,6)([27]25,4,3)([28]10,26,6)([29]10,18,3)([30]16,1,4)([31]23,7,6)([32]3,18,3)([33]17,11,4)([34]32,12,4)([35]16,27,6)([36]29,1,5)([37]33,13,2)([38]21,27,5)([39]20,13,2)([40]11,28,6)([41]5,40,5)([42]2,32,2)([43]6,9,6)([44]36,40,4)([45]26,26,0)([46]2,39,2)([47]30,37,3)([48]31,39,7)([49]11,7,1)([50]21,40,0)([51]25,3,0)([52]1,27,5)([53]44,32,5)([54]42,31,7)([55]8,5,2)([56]47,53,2)([57]39,38,4)([58]24,30,5)([59]56,37,4)([60]51,36,6)([61]25,40,5)([62]12,58,5)([63]57,49,3)([64]57,14,2)([65]62,54,7)([66]30,40,1)([67]46,59,4)([68]48,28,5)([69]10,17,7)([70]30,64,2)([71]64,27,7)([72]29,9,4)([73]12,9,5)([74]42,30,6)([75]65,34,3)([76]75,56,5)([77]40,18,7)([78]76,68,5)([79]74,6,6)([80]70,78,4)([81]28,29,4)([82]1,48,2)([83]56,5,1)([84]74,35,6)([85]58,57,1)([86]33,48,5)(80)
evaluations: 8537828
first invidual area: 139.59
{7,1,80,1,2,1,8}([7]5,3,4)([8]3,6,6)([9]3,0,5)([10]4,9,7)([11]6,0,3)([12]8,2,3)([13]11,2,4)([14]8,0,3)([15]7,6,4)([16]2,1,0)([17]14,4,2)([18]4,10,3)([19]1,8,3)([20]16,19,0)([21]15,6,5)([22]10,19,6)([23]5,2,7)([24]6,23,2)([25]13,24,6)([26]22,15,1)([27]15,21,2)([28]25,10,6)([29]3,4,7)([30]1,15,4)([31]29,7,3)([32]0,24,2)([33]14,30,2)([34]17,21,3)([35]12,13,2)([36]13,0,7)([37]32,36,3)([38]17,3,3)([39]25,28,4)([40]28,11,3)([41]30,18,6)([42]1,18,5)([43]7,2,0)([44]39,5,6)([45]39,40,5)([46]28,5,3)([47]35,30,3)([48]16,22,0)([49]42,40,7)([50]4,11,7)([51]2,33,3)([52]37,31,7)([53]38,49,5)([54]41,33,4)([55]15,24,2)([56]47,53,2)([57]19,42,6)([58]42,48,5)([59]16,6,1)([60]20,45,6)([61]23,34,5)([62]37,26,0)([63]0,41,3)([64]25,1,1)([65]34,6,6)([66]63,4,5)([67]33,33,6)([68]52,28,5)([69]36,10,1)([70]61,33,5)([71]50,31,2)([72]63,55,3)([73]49,56,2)([74]52,65,1)([75]74,36,3)([76]75,56,5)([77]0,8,3)([78]76,68,5)([79]41,46,0)([80]78,70,7)([81]67,49,5)([82]52,4,2)([83]65,45,6)([84]80,36,7)([85]22,64,3)([86]17,30,6)(80)
optimized area: 116.62
time: 1267476 ms
