seed: 1633867706
{7,1,80,1,2,1,8}([7]6,4,2)([8]5,3,7)([9]0,8,7)([10]0,9,5)([11]4,5,3)([12]3,1,4)([13]4,7,4)([14]1,4,4)([15]6,10,5)([16]14,9,5)([17]2,0,4)([18]2,12,3)([19]13,17,7)([20]13,1,6)([21]14,17,4)([22]13,2,0)([23]21,18,6)([24]15,21,3)([25]19,8,7)([26]10,24,7)([27]25,15,7)([28]25,26,6)([29]7,9,6)([30]24,20,7)([31]8,28,5)([32]5,20,7)([33]22,20,6)([34]0,19,3)([35]19,1,2)([36]14,32,0)([37]5,30,6)([38]35,27,5)([39]15,18,0)([40]23,11,7)([41]38,37,4)([42]1,24,6)([43]2,31,7)([44]6,41,4)([45]35,3,6)([46]32,44,2)([47]1,18,1)([48]44,11,6)([49]16,4,2)([50]24,16,1)([51]42,35,3)([52]36,13,4)([53]39,49,2)([54]48,25,2)([55]29,46,1)([56]43,46,4)([57]56,23,3)([58]11,2,0)([59]38,45,1)([60]10,9,0)([61]39,57,6)([62]37,54,7)([63]20,60,4)([64]38,36,3)([65]51,13,2)([66]41,21,6)([67]21,47,2)([68]34,54,2)([69]53,62,4)([70]48,41,3)([71]57,69,5)([72]26,12,3)([73]65,51,3)([74]38,0,4)([75]50,54,1)([76]71,68,6)([77]30,14,3)([78]74,70,6)([79]77,69,6)([80]23,63,1)([81]75,45,0)([82]56,21,4)([83]76,74,4)([84]79,17,3)([85]6,43,0)([86]79,2,0)(83)
evaluations: 34688230
first invidual area: 151.83
{7,1,80,1,2,1,8}([7]4,5,3)([8]3,5,7)([9]8,0,7)([10]0,8,5)([11]6,1,1)([12]3,1,4)([13]4,11,2)([14]1,4,4)([15]10,6,5)([16]9,14,5)([17]2,0,4)([18]12,2,3)([19]13,17,7)([20]1,18,0)([21]14,17,4)([22]18,4,1)([23]21,18,6)([24]15,21,3)([25]19,3,3)([26]10,24,2)([27]15,8,7)([28]19,26,6)([29]2,1,0)([30]1,13,6)([31]28,8,5)([32]30,5,7)([33]6,16,2)([34]19,20,2)([35]2,32,1)([36]30,24,7)([37]5,36,6)([38]34,27,5)([39]10,3,2)([40]5,17,0)([41]11,37,4)([42]12,41,6)([43]31,29,4)([44]38,41,7)([45]34,5,2)([46]44,32,5)([47]44,31,7)([48]44,7,6)([49]16,4,2)([50]25,42,0)([51]34,35,6)([52]11,41,4)([53]15,49,5)([54]48,50,2)([55]15,7,7)([56]43,46,4)([57]56,23,3)([58]0,31,0)([59]55,19,0)([60]24,9,3)([61]44,48,5)([62]37,54,4)([63]21,7,6)([64]19,41,5)([65]28,28,3)([66]35,22,1)([67]7,1,1)([68]58,54,2)([69]62,53,4)([70]49,16,3)([71]57,69,5)([72]11,11,1)([73]37,27,7)([74]38,58,4)([75]24,23,3)([76]71,68,6)([77]25,75,3)([78]14,13,2)([79]3,55,3)([80]74,2,7)([81]73,63,0)([82]74,43,3)([83]76,74,4)([84]31,18,1)([85]68,74,7)([86]43,53,0)(83)
optimized area: 140.56
time: 610502 ms
seed: 1634005364
{7,1,80,1,2,1,8}([7]0,1,5)([8]6,7,2)([9]5,3,7)([10]1,5,7)([11]1,3,7)([12]4,0,7)([13]10,7,7)([14]0,2,7)([15]4,5,7)([16]12,8,6)([17]0,5,5)([18]9,6,7)([19]8,10,5)([20]16,6,3)([21]4,20,7)([22]19,2,7)([23]8,17,6)([24]21,22,4)([25]5,17,4)([26]25,7,7)([27]9,4,2)([28]18,14,7)([29]14,17,2)([30]8,26,2)([31]18,2,2)([32]11,22,7)([33]29,15,4)([34]33,31,7)([35]22,7,2)([36]11,24,3)([37]35,8,4)([38]22,2,3)([39]37,34,3)([40]38,14,5)([41]20,28,6)([42]39,9,3)([43]40,32,2)([44]42,25,5)([45]28,16,0)([46]38,22,1)([47]26,27,2)([48]43,40,1)([49]42,41,5)([50]47,2,1)([51]29,17,5)([52]30,30,1)([53]41,5,0)([54]1,24,0)([55]42,24,4)([56]44,46,7)([57]40,14,5)([58]14,17,6)([59]38,32,6)([60]9,31,1)([61]51,30,2)([62]48,55,2)([63]11,38,4)([64]49,61,4)([65]33,48,5)([66]51,64,4)([67]66,35,1)([68]24,41,2)([69]56,17,2)([70]8,28,1)([71]15,11,2)([72]71,39,2)([73]41,25,2)([74]62,50,2)([75]17,4,0)([76]67,59,3)([77]25,43,2)([78]64,75,3)([79]20,33,7)([80]2,70,1)([81]36,49,3)([82]66,74,7)([83]72,52,0)([84]63,81,4)([85]37,26,7)([86]82,73,6)(86)
evaluations: 9270646
first invidual area: 156.97
{7,1,80,1,2,1,8}([7]0,1,5)([8]6,7,2)([9]5,3,7)([10]1,5,7)([11]3,4,7)([12]2,0,7)([13]0,4,4)([14]3,1,4)([15]4,9,2)([16]13,6,6)([17]0,5,5)([18]2,15,3)([19]8,10,5)([20]13,14,6)([21]16,4,4)([22]19,2,7)([23]14,22,4)([24]2,8,1)([25]17,5,5)([26]22,0,0)([27]7,22,5)([28]21,26,4)([29]12,17,2)([30]29,9,7)([31]30,11,4)([32]6,28,1)([33]32,22,5)([34]31,33,4)([35]18,12,5)([36]7,25,2)([37]8,27,7)([38]37,34,3)([39]22,22,5)([40]17,11,7)([41]16,30,2)([42]15,25,7)([43]35,23,5)([44]0,21,3)([45]27,36,0)([46]6,29,5)([47]36,15,5)([48]25,8,2)([49]8,29,1)([50]6,36,5)([51]4,27,1)([52]44,28,7)([53]9,38,6)([54]41,48,3)([55]28,53,7)([56]53,1,6)([57]52,54,0)([58]18,18,7)([59]11,25,7)([60]36,21,6)([61]43,26,1)([62]55,43,2)([63]25,17,3)([64]46,54,5)([65]22,34,4)([66]14,4,3)([67]8,50,1)([68]43,24,7)([69]54,38,7)([70]8,55,5)([71]66,38,0)([72]29,64,4)([73]41,25,2)([74]62,47,5)([75]12,37,7)([76]8,11,2)([77]41,55,4)([78]5,28,7)([79]65,76,3)([80]45,36,5)([81]68,48,7)([82]72,74,7)([83]44,64,6)([84]28,50,4)([85]11,29,4)([86]82,73,6)(86)
optimized area: 136.33
time: 685468 ms
seed: 1634054156
NOT FOUND
time: 521650 ms
seed: 1634168394
NOT FOUND
time: 534583 ms
seed: 1634215657
NOT FOUND
time: 536671 ms
seed: 1634312769
{7,1,80,1,2,1,8}([7]4,5,3)([8]1,4,4)([9]6,3,6)([10]7,0,2)([11]2,10,6)([12]2,2,2)([13]9,0,5)([14]5,8,4)([15]11,7,4)([16]4,11,7)([17]12,1,7)([18]17,3,5)([19]3,17,4)([20]19,1,2)([21]12,5,4)([22]1,0,7)([23]16,6,7)([24]0,19,5)([25]8,20,5)([26]21,23,7)([27]23,15,2)([28]10,7,3)([29]27,9,4)([30]8,1,4)([31]23,14,0)([32]24,21,6)([33]29,6,2)([34]12,29,0)([35]33,9,4)([36]2,16,3)([37]19,21,2)([38]25,22,2)([39]31,0,3)([40]12,23,6)([41]20,35,1)([42]38,29,2)([43]29,15,7)([44]32,17,4)([45]13,4,7)([46]17,42,7)([47]6,32,3)([48]37,45,6)([49]32,16,0)([50]6,9,3)([51]18,15,5)([52]46,47,2)([53]51,52,4)([54]4,6,5)([55]22,26,7)([56]53,50,4)([57]51,9,2)([58]39,19,6)([59]21,45,7)([60]42,51,2)([61]58,36,7)([62]14,51,7)([63]53,62,5)([64]55,58,6)([65]50,9,1)([66]26,16,6)([67]35,54,7)([68]23,34,2)([69]6,42,3)([70]61,69,5)([71]56,70,7)([72]43,66,4)([73]52,13,1)([74]49,68,7)([75]43,38,5)([76]64,65,5)([77]12,4,3)([78]59,41,1)([79]48,64,6)([80]76,42,2)([81]67,40,1)([82]78,69,2)([83]79,72,5)([84]39,34,2)([85]83,71,5)([86]55,27,3)(85)
evaluations: 40125273
first invidual area: 153.21
{7,1,80,1,2,1,8}([7]5,4,3)([8]0,7,2)([9]3,6,6)([10]8,2,6)([11]10,0,3)([12]6,4,3)([13]3,11,0)([14]4,3,6)([15]7,10,4)([16]4,10,7)([17]2,1,7)([18]17,13,5)([19]17,3,4)([20]0,9,5)([21]5,2,4)([22]1,0,7)([23]16,6,7)([24]19,8,5)([25]22,24,2)([26]21,23,7)([27]23,15,5)([28]10,9,6)([29]27,9,7)([30]22,27,3)([31]14,0,6)([32]24,21,6)([33]9,31,4)([34]32,6,3)([35]23,13,4)([36]2,16,3)([37]18,3,2)([38]16,28,6)([39]23,19,3)([40]4,20,7)([41]22,26,7)([42]25,29,2)([43]29,16,3)([44]34,7,4)([45]40,37,6)([46]17,42,7)([47]39,35,3)([48]29,8,6)([49]37,24,5)([50]9,6,6)([51]18,15,5)([52]46,34,5)([53]51,52,4)([54]21,18,6)([55]29,35,3)([56]53,50,7)([57]35,2,6)([58]39,0,6)([59]56,4,5)([60]46,30,7)([61]58,36,7)([62]34,31,6)([63]35,19,2)([64]41,58,6)([65]50,39,4)([66]26,16,6)([67]14,16,0)([68]59,42,3)([69]6,42,3)([70]61,69,5)([71]56,70,4)([72]43,66,4)([73]24,57,5)([74]68,22,7)([75]5,1,5)([76]55,42,6)([77]38,60,1)([78]57,70,1)([79]45,64,6)([80]40,61,1)([81]39,53,3)([82]10,65,2)([83]79,72,5)([84]3,67,7)([85]83,71,5)([86]29,81,5)(85)
optimized area: 141.02
time: 573009 ms
seed: 1634353230
NOT FOUND
time: 530212 ms
seed: 1634402187
NOT FOUND
time: 536538 ms
seed: 1634451266
NOT FOUND
time: 528981 ms
seed: 1634511453
NOT FOUND
time: 519853 ms
seed: 1634610661
NOT FOUND
time: 528639 ms
seed: 1635137561
NOT FOUND
time: 535869 ms
seed: 1635186763
NOT FOUND
time: 528400 ms
seed: 1635330342
{7,1,80,1,2,1,8}([7]1,2,4)([8]4,0,4)([9]2,4,4)([10]4,1,6)([11]3,7,2)([12]9,8,2)([13]0,7,6)([14]12,11,4)([15]3,11,7)([16]8,0,6)([17]0,10,2)([18]5,13,4)([19]6,17,4)([20]18,10,5)([21]20,14,4)([22]19,15,0)([23]4,22,0)([24]14,9,4)([25]6,21,6)([26]23,18,1)([27]13,8,4)([28]18,12,4)([29]13,21,7)([30]3,19,7)([31]12,22,3)([32]14,6,6)([33]27,1,3)([34]13,28,3)([35]33,15,5)([36]35,32,4)([37]2,18,1)([38]35,25,2)([39]2,9,2)([40]16,38,7)([41]1,9,1)([42]9,13,6)([43]1,16,7)([44]23,18,6)([45]16,2,2)([46]42,21,7)([47]35,15,7)([48]35,45,7)([49]6,33,2)([50]5,30,6)([51]33,26,5)([52]10,3,6)([53]25,19,3)([54]44,42,4)([55]36,34,1)([56]52,54,3)([57]40,49,6)([58]5,49,5)([59]28,57,7)([60]34,58,2)([61]59,60,2)([62]12,54,2)([63]35,13,5)([64]53,56,5)([65]36,8,7)([66]11,63,5)([67]30,56,2)([68]18,47,4)([69]18,4,5)([70]3,18,4)([71]25,47,4)([72]60,67,6)([73]65,42,7)([74]11,34,0)([75]63,61,5)([76]43,50,5)([77]68,41,1)([78]53,17,1)([79]48,65,4)([80]33,44,5)([81]56,21,5)([82]78,75,4)([83]76,72,2)([84]4,34,3)([85]34,24,1)([86]82,83,4)(86)
evaluations: 18554618
first invidual area: 146.17
{7,1,80,1,2,1,8}([7]1,2,4)([8]0,4,4)([9]2,4,4)([10]4,1,6)([11]3,7,5)([12]9,8,2)([13]7,0,6)([14]2,10,6)([15]11,12,4)([16]0,8,6)([17]12,10,5)([18]5,13,4)([19]6,17,7)([20]10,18,5)([21]9,13,3)([22]2,15,5)([23]20,15,2)([24]16,1,7)([25]6,23,6)([26]10,19,6)([27]13,8,4)([28]18,12,4)([29]27,8,3)([30]19,3,7)([31]30,7,3)([32]10,11,3)([33]1,27,3)([34]29,27,3)([35]33,31,5)([36]17,12,7)([37]28,13,3)([38]35,25,5)([39]13,20,0)([40]16,38,4)([41]4,18,6)([42]28,18,6)([43]27,37,2)([44]33,26,1)([45]0,2,1)([46]30,5,6)([47]18,24,2)([48]25,19,6)([49]6,33,2)([50]26,14,5)([51]49,5,5)([52]19,35,6)([53]27,19,5)([54]41,21,7)([55]3,35,6)([56]54,26,3)([57]40,49,3)([58]28,56,0)([59]58,57,4)([60]37,51,2)([61]59,60,2)([62]2,3,2)([63]40,0,6)([64]15,42,1)([65]46,24,5)([66]32,2,0)([67]30,56,2)([68]13,35,5)([69]39,7,0)([70]6,45,7)([71]61,68,5)([72]23,23,4)([73]60,67,6)([74]37,61,7)([75]70,61,6)([76]57,56,0)([77]48,10,0)([78]11,67,2)([79]65,73,5)([80]76,28,1)([81]61,0,0)([82]48,71,7)([83]72,67,7)([84]43,57,7)([85]7,17,0)([86]79,82,4)(86)
optimized area: 138.19
time: 1238000 ms
seed: 1635617827
NOT FOUND
time: 1073617 ms
seed: 1635665532
NOT FOUND
time: 1086900 ms
seed: 1635713360
NOT FOUND
time: 1066770 ms
seed: 1635760564
{7,1,80,1,2,1,8}([7]6,2,3)([8]1,0,7)([9]5,2,4)([10]0,6,4)([11]4,3,3)([12]8,4,7)([13]9,3,5)([14]3,13,2)([15]3,2,2)([16]2,4,3)([17]6,11,4)([18]15,10,4)([19]12,14,6)([20]4,6,5)([21]15,0,0)([22]17,0,2)([23]1,13,3)([24]9,0,4)([25]0,13,5)([26]6,4,5)([27]21,1,1)([28]1,2,3)([29]17,1,5)([30]26,1,1)([31]22,19,4)([32]18,31,3)([33]9,1,7)([34]25,5,2)([35]1,25,5)([36]30,33,3)([37]29,1,7)([38]34,16,7)([39]23,24,5)([40]38,14,4)([41]6,34,4)([42]8,7,7)([43]15,3,6)([44]37,39,6)([45]41,32,2)([46]44,11,2)([47]27,12,3)([48]42,26,4)([49]45,37,4)([50]25,11,4)([51]45,36,5)([52]45,44,0)([53]43,12,0)([54]40,44,3)([55]29,27,3)([56]11,16,1)([57]47,48,6)([58]10,54,2)([59]28,54,2)([60]48,53,3)([61]35,50,5)([62]23,40,6)([63]45,57,4)([64]60,15,4)([65]34,0,3)([66]63,59,7)([67]35,37,0)([68]66,61,5)([69]14,9,7)([70]51,68,5)([71]27,70,2)([72]34,63,1)([73]59,65,4)([74]14,36,5)([75]32,1,6)([76]57,54,3)([77]8,61,0)([78]76,70,4)([79]67,59,3)([80]41,26,6)([81]56,42,4)([82]2,7,2)([83]14,40,0)([84]38,16,4)([85]79,14,0)([86]46,63,0)(70)
evaluations: 23019965
first invidual area: 148.04
{7,1,80,1,2,1,8}([7]1,1,0)([8]1,0,7)([9]2,5,4)([10]0,8,0)([11]3,4,3)([12]4,8,2)([13]9,3,5)([14]13,3,2)([15]3,2,2)([16]4,2,3)([17]6,11,4)([18]17,13,0)([19]9,10,4)([20]8,15,5)([21]6,0,4)([22]4,17,5)([23]7,14,3)([24]1,9,7)([25]0,13,5)([26]6,4,5)([27]21,2,2)([28]2,7,3)([29]9,13,6)([30]21,15,3)([31]22,23,4)([32]30,31,3)([33]18,31,6)([34]5,25,2)([35]6,20,4)([36]6,34,4)([37]28,30,7)([38]14,34,4)([39]20,19,5)([40]38,16,7)([41]22,36,0)([42]26,1,1)([43]20,26,2)([44]39,33,6)([45]36,32,2)([46]42,24,3)([47]12,38,3)([48]29,2,1)([49]28,46,6)([50]25,11,4)([51]45,46,5)([52]19,27,0)([53]47,43,3)([54]40,44,3)([55]46,0,5)([56]23,25,5)([57]21,8,7)([58]48,27,4)([59]28,54,5)([60]5,33,0)([61]33,7,6)([62]50,56,5)([63]45,53,7)([64]48,26,6)([65]41,30,3)([66]63,59,4)([67]40,46,4)([68]66,62,5)([69]58,17,4)([70]34,45,6)([71]43,41,0)([72]68,51,5)([73]24,23,4)([74]61,38,5)([75]69,50,7)([76]63,39,2)([77]19,31,1)([78]27,2,3)([79]60,71,5)([80]20,55,5)([81]31,7,4)([82]13,71,6)([83]71,51,0)([84]78,51,1)([85]84,70,7)([86]63,85,2)(72)
optimized area: 126.93
time: 1217664 ms
seed: 1635807589
NOT FOUND
time: 1059244 ms
seed: 1635850748
{7,1,80,1,2,1,8}([7]5,6,4)([8]3,7,4)([9]7,0,7)([10]1,5,2)([11]6,7,2)([12]9,8,7)([13]8,6,6)([14]12,10,3)([15]7,4,4)([16]14,3,4)([17]8,6,2)([18]2,3,0)([19]10,11,3)([20]11,17,6)([21]18,12,4)([22]6,14,3)([23]18,17,7)([24]9,23,3)([25]14,9,5)([26]13,15,4)([27]10,2,2)([28]14,8,5)([29]4,21,3)([30]20,19,4)([31]2,29,0)([32]4,1,3)([33]29,12,2)([34]11,26,6)([35]1,33,7)([36]35,24,5)([37]32,34,2)([38]25,27,6)([39]14,2,6)([40]39,38,6)([41]30,12,3)([42]19,33,0)([43]29,18,6)([44]36,17,1)([45]29,33,0)([46]31,17,2)([47]28,39,3)([48]27,41,3)([49]12,33,2)([50]34,39,4)([51]37,36,7)([52]10,51,3)([53]28,20,5)([54]4,40,7)([55]8,3,3)([56]16,18,6)([57]44,6,5)([58]47,2,2)([59]54,21,4)([60]30,19,4)([61]8,28,4)([62]44,39,4)([63]48,59,5)([64]6,47,4)([65]12,23,7)([66]50,24,2)([67]52,66,3)([68]55,50,1)([69]29,33,2)([70]25,38,7)([71]53,40,2)([72]26,12,1)([73]71,56,3)([74]1,16,2)([75]73,63,5)([76]72,59,1)([77]45,49,5)([78]23,11,0)([79]68,10,1)([80]13,27,4)([81]73,30,3)([82]75,67,5)([83]72,11,5)([84]49,67,3)([85]9,75,1)([86]22,8,2)(82)
evaluations: 21889493
first invidual area: 141.94
{7,1,80,1,2,1,8}([7]6,5,4)([8]7,3,4)([9]7,0,7)([10]5,1,2)([11]10,8,5)([12]3,0,4)([13]6,8,3)([14]10,12,3)([15]13,4,4)([16]3,14,4)([17]8,6,2)([18]6,3,2)([19]11,11,2)([20]15,2,5)([21]2,17,7)([22]21,15,7)([23]5,17,1)([24]2,23,7)([25]14,9,5)([26]15,7,7)([27]2,1,2)([28]2,12,4)([29]9,21,3)([30]0,2,4)([31]17,28,0)([32]4,27,3)([33]20,12,5)([34]26,17,6)([35]0,4,0)([36]17,35,7)([37]33,1,4)([38]25,27,6)([39]14,28,6)([40]39,38,6)([41]34,32,2)([42]17,18,6)([43]32,0,7)([44]30,19,0)([45]29,37,2)([46]16,2,6)([47]7,16,3)([48]26,43,3)([49]36,3,2)([50]34,39,3)([51]45,41,3)([52]10,51,3)([53]22,30,0)([54]4,28,7)([55]21,49,5)([56]10,0,0)([57]7,51,5)([58]44,43,0)([59]40,54,4)([60]20,0,3)([61]45,58,0)([62]16,0,1)([63]45,0,0)([64]6,55,3)([65]42,19,5)([66]29,50,2)([67]52,66,3)([68]48,59,5)([69]28,14,0)([70]29,5,6)([71]65,40,2)([72]44,1,2)([73]71,46,3)([74]72,53,2)([75]68,73,5)([76]29,56,3)([77]47,35,5)([78]61,32,6)([79]75,31,2)([80]63,37,1)([81]51,42,7)([82]75,67,5)([83]16,27,3)([84]77,4,6)([85]45,33,7)([86]67,77,2)(82)
optimized area: 132.09
time: 1278480 ms
seed: 1635892818
{7,1,80,1,2,1,8}([7]2,0,7)([8]5,0,3)([9]8,1,5)([10]3,9,4)([11]7,2,2)([12]11,8,0)([13]11,1,2)([14]3,6,2)([15]3,4,7)([16]8,6,5)([17]10,6,4)([18]5,3,3)([19]5,17,5)([20]2,5,7)([21]14,15,7)([22]15,7,3)([23]8,21,2)([24]23,20,4)([25]4,20,6)([26]13,4,7)([27]21,20,3)([28]5,1,0)([29]11,18,4)([30]23,16,0)([31]29,22,2)([32]16,21,4)([33]29,1,7)([34]2,1,7)([35]0,23,5)([36]15,5,5)([37]13,6,3)([38]32,34,5)([39]17,31,3)([40]2,38,7)([41]29,20,5)([42]40,26,4)([43]29,38,6)([44]24,14,7)([45]32,31,5)([46]6,9,2)([47]33,0,5)([48]29,40,3)([49]8,42,5)([50]22,27,0)([51]21,25,5)([52]11,23,3)([53]46,5,6)([54]47,51,6)([55]40,39,7)([56]55,25,3)([57]54,26,2)([58]46,41,2)([59]58,17,6)([60]23,4,5)([61]56,32,4)([62]11,10,6)([63]61,0,6)([64]43,57,4)([65]27,31,4)([66]63,59,5)([67]27,62,3)([68]58,63,3)([69]68,67,7)([70]50,17,3)([71]59,61,1)([72]11,24,1)([73]68,10,0)([74]62,4,3)([75]61,65,0)([76]56,64,2)([77]29,74,0)([78]52,46,7)([79]38,3,6)([80]55,63,5)([81]14,46,5)([82]74,7,7)([83]79,31,7)([84]75,75,2)([85]66,44,3)([86]76,69,4)(86)
evaluations: 19659436
first invidual area: 140.09
{7,1,80,1,2,1,8}([7]3,5,3)([8]0,5,3)([9]1,8,5)([10]3,9,4)([11]2,0,2)([12]11,10,6)([13]2,1,1)([14]3,5,0)([15]4,14,7)([16]6,10,4)([17]14,6,5)([18]13,6,3)([19]8,10,5)([20]2,5,7)([21]17,15,4)([22]21,9,0)([23]9,9,6)([24]9,6,2)([25]8,6,5)([26]1,2,7)([27]22,20,3)([28]0,10,0)([29]11,7,4)([30]15,13,3)([31]29,26,6)([32]21,25,4)([33]30,29,2)([34]21,10,7)([35]6,3,1)([36]28,3,5)([37]6,36,3)([38]32,26,5)([39]33,16,3)([40]38,39,7)([41]4,29,1)([42]17,15,6)([43]38,29,6)([44]5,38,0)([45]2,40,7)([46]45,43,4)([47]17,45,5)([48]22,29,6)([49]28,21,3)([50]34,5,1)([51]50,21,1)([52]20,29,5)([53]20,4,6)([54]37,26,6)([55]24,37,0)([56]45,53,3)([57]38,36,4)([58]38,20,1)([59]37,10,5)([60]31,34,7)([61]56,32,4)([62]52,55,2)([63]61,0,6)([64]43,54,3)([65]12,53,7)([66]45,7,0)([67]27,12,6)([68]62,63,6)([69]67,68,7)([70]58,13,5)([71]24,6,7)([72]4,56,6)([73]54,11,6)([74]66,12,1)([75]0,59,0)([76]56,64,5)([77]6,35,6)([78]62,54,3)([79]76,69,7)([80]52,39,5)([81]65,68,1)([82]30,56,1)([83]26,75,4)([84]74,36,6)([85]57,19,0)([86]85,78,4)(79)
optimized area: 119.92
time: 1235870 ms
seed: 1635928880
{7,1,80,1,2,1,8}([7]6,1,7)([8]5,6,2)([9]2,6,2)([10]2,7,6)([11]5,1,4)([12]8,3,2)([13]5,0,4)([14]2,11,4)([15]3,5,7)([16]0,9,7)([17]12,13,6)([18]3,15,1)([19]9,10,6)([20]14,3,6)([21]17,4,6)([22]1,15,7)([23]20,10,6)([24]21,0,3)([25]23,21,3)([26]23,21,4)([27]4,18,5)([28]15,17,3)([29]14,27,2)([30]25,4,7)([31]19,26,5)([32]6,14,6)([33]22,11,6)([34]10,15,6)([35]7,15,1)([36]33,34,2)([37]2,10,1)([38]26,19,7)([39]5,27,6)([40]16,26,4)([41]19,17,5)([42]24,17,2)([43]42,8,3)([44]42,19,5)([45]34,41,4)([46]24,29,7)([47]4,8,4)([48]38,16,5)([49]42,30,6)([50]22,49,4)([51]48,12,7)([52]5,37,3)([53]46,44,4)([54]35,8,4)([55]21,45,3)([56]48,27,2)([57]9,55,0)([58]19,39,2)([59]29,17,6)([60]16,44,3)([61]4,42,2)([62]27,27,0)([63]1,50,1)([64]36,50,3)([65]5,35,2)([66]9,2,2)([67]64,55,2)([68]66,60,3)([69]3,64,3)([70]67,53,2)([71]9,34,0)([72]55,37,6)([73]38,1,2)([74]58,51,3)([75]60,19,7)([76]17,19,1)([77]74,52,7)([78]70,77,4)([79]56,46,7)([80]13,75,6)([81]37,50,7)([82]78,49,1)([83]71,6,1)([84]20,31,2)([85]12,83,5)([86]65,82,5)(78)
evaluations: 39503483
first invidual area: 148.51
{7,1,80,1,2,1,8}([7]6,1,7)([8]6,3,2)([9]2,6,2)([10]7,2,6)([11]2,5,4)([12]8,5,2)([13]0,5,4)([14]11,1,4)([15]5,3,7)([16]0,9,7)([17]12,13,6)([18]3,4,1)([19]9,10,6)([20]3,14,6)([21]17,4,6)([22]1,15,4)([23]10,20,6)([24]21,7,0)([25]17,2,5)([26]23,24,3)([27]4,18,5)([28]0,21,3)([29]14,27,5)([30]6,17,5)([31]28,28,3)([32]26,4,7)([33]5,27,6)([34]10,23,0)([35]34,15,6)([36]23,20,2)([37]21,19,4)([38]23,37,7)([39]29,37,0)([40]17,6,0)([41]40,37,5)([42]5,40,2)([43]42,42,3)([44]42,35,5)([45]35,41,4)([46]39,28,4)([47]26,35,7)([48]38,16,5)([49]43,32,3)([50]22,49,4)([51]48,12,7)([52]38,12,7)([53]16,3,0)([54]48,23,6)([55]21,45,3)([56]23,55,5)([57]32,39,7)([58]37,33,2)([59]47,50,0)([60]42,54,6)([61]58,9,4)([62]33,44,1)([63]35,29,0)([64]46,50,3)([65]36,4,0)([66]58,2,0)([67]64,55,2)([68]61,19,7)([69]44,46,4)([70]67,69,5)([71]35,4,4)([72]35,62,4)([73]63,3,6)([74]66,51,3)([75]45,20,7)([76]2,11,5)([77]74,76,7)([78]38,53,3)([79]74,69,5)([80]26,63,7)([81]77,70,7)([82]15,77,3)([83]65,58,1)([84]8,41,7)([85]65,57,7)([86]47,26,2)(81)
optimized area: 141.02
time: 1134793 ms
seed: 1635965178
NOT FOUND
time: 1074399 ms
seed: 1636001053
{7,1,80,1,2,1,8}([7]6,0,6)([8]2,4,7)([9]2,5,2)([10]1,2,6)([11]9,8,6)([12]1,0,4)([13]8,3,4)([14]2,5,1)([15]4,3,4)([16]15,1,4)([17]12,2,7)([18]7,4,2)([19]6,12,3)([20]0,9,3)([21]10,18,7)([22]20,6,2)([23]16,21,0)([24]9,13,7)([25]3,21,5)([26]11,17,4)([27]2,12,1)([28]21,5,3)([29]22,26,7)([30]21,7,2)([31]11,23,5)([32]6,9,3)([33]7,5,7)([34]23,0,3)([35]4,33,7)([36]20,20,4)([37]4,25,2)([38]28,20,7)([39]3,30,4)([40]24,35,2)([41]31,35,3)([42]22,27,6)([43]40,25,3)([44]10,38,7)([45]4,13,2)([46]44,29,3)([47]45,39,0)([48]42,3,7)([49]44,4,2)([50]48,28,7)([51]40,28,3)([52]18,6,0)([53]1,41,5)([54]5,44,1)([55]10,9,1)([56]37,43,7)([57]40,17,4)([58]51,53,2)([59]39,34,6)([60]24,14,2)([61]57,47,3)([62]10,52,0)([63]33,44,2)([64]18,47,4)([65]11,26,3)([66]12,4,1)([67]8,40,2)([68]0,13,4)([69]30,59,3)([70]14,54,5)([71]8,48,3)([72]52,22,6)([73]71,71,3)([74]57,7,3)([75]58,29,2)([76]6,8,5)([77]36,36,0)([78]75,67,7)([79]78,63,0)([80]50,61,3)([81]67,35,4)([82]44,15,4)([83]27,23,4)([84]80,63,4)([85]84,78,5)([86]38,47,2)(85)
evaluations: 40608181
first invidual area: 140.58
{7,1,80,1,2,1,8}([7]0,6,6)([8]2,4,7)([9]2,5,2)([10]1,2,6)([11]9,8,6)([12]2,8,1)([13]3,8,4)([14]0,2,4)([15]4,13,2)([16]4,4,3)([17]1,14,7)([18]14,11,6)([19]7,4,5)([20]0,9,3)([21]10,19,4)([22]6,20,2)([23]11,21,3)([24]9,13,7)([25]4,7,3)([26]11,17,7)([27]13,4,6)([28]21,5,3)([29]22,26,4)([30]3,11,0)([31]22,30,0)([32]21,17,4)([33]7,5,7)([34]24,17,5)([35]4,33,7)([36]34,11,5)([37]4,31,3)([38]10,1,1)([39]22,38,7)([40]24,35,2)([41]36,35,3)([42]12,31,3)([43]10,20,4)([44]28,43,4)([45]40,4,1)([46]4,35,3)([47]44,33,5)([48]42,3,4)([49]0,47,3)([50]28,48,7)([51]40,28,3)([52]45,11,4)([53]1,41,5)([54]10,25,4)([55]45,10,3)([56]46,8,6)([57]40,17,4)([58]51,53,2)([59]22,12,0)([60]47,50,5)([61]50,57,3)([62]43,42,0)([63]11,24,3)([64]38,47,4)([65]13,10,1)([66]14,11,7)([67]8,40,5)([68]16,60,6)([69]19,31,7)([70]20,37,2)([71]21,54,6)([72]61,48,1)([73]57,52,1)([74]70,25,0)([75]58,29,5)([76]47,58,2)([77]76,64,5)([78]75,67,7)([79]32,56,7)([80]15,61,6)([81]52,15,3)([82]32,30,0)([83]11,29,4)([84]47,80,4)([85]84,78,5)([86]12,68,4)(85)
optimized area: 131.19
time: 1097959 ms
seed: 1636035535
NOT FOUND
time: 1079142 ms
seed: 1636069540
NOT FOUND
time: 1079594 ms
seed: 1636102658
{7,1,80,1,2,1,8}([7]6,1,2)([8]0,1,7)([9]4,6,6)([10]1,7,4)([11]4,2,6)([12]8,10,3)([13]3,1,7)([14]5,3,4)([15]8,3,4)([16]14,4,6)([17]2,6,4)([18]12,9,7)([19]8,5,6)([20]18,13,7)([21]10,11,7)([22]18,6,5)([23]19,0,4)([24]2,12,5)([25]23,3,7)([26]25,17,6)([27]24,20,6)([28]20,5,6)([29]15,4,5)([30]27,23,7)([31]22,10,7)([32]1,29,4)([33]23,2,2)([34]28,28,6)([35]3,25,0)([36]22,30,7)([37]28,11,2)([38]29,13,5)([39]28,25,1)([40]15,22,1)([41]29,34,7)([42]11,25,3)([43]14,20,2)([44]38,21,6)([45]7,32,1)([46]0,2,4)([47]22,1,2)([48]20,44,3)([49]38,33,3)([50]19,16,4)([51]27,9,1)([52]26,27,6)([53]24,6,6)([54]50,44,6)([55]14,18,5)([56]14,8,5)([57]49,52,5)([58]2,56,3)([59]33,3,1)([60]41,20,6)([61]11,8,0)([62]44,9,1)([63]6,28,2)([64]31,13,4)([65]63,4,1)([66]17,37,2)([67]41,57,2)([68]65,54,5)([69]67,68,5)([70]53,26,7)([71]28,27,0)([72]66,4,1)([73]36,69,7)([74]54,10,5)([75]32,24,2)([76]37,43,3)([77]5,57,1)([78]35,38,0)([79]72,74,4)([80]31,37,7)([81]71,45,6)([82]71,21,6)([83]68,10,3)([84]16,66,7)([85]12,7,5)([86]56,37,0)(73)
evaluations: 26583603
first invidual area: 129.31
{7,1,80,1,2,1,8}([7]6,0,1)([8]0,1,7)([9]5,3,4)([10]1,7,2)([11]4,6,3)([12]8,10,3)([13]1,3,7)([14]0,13,4)([15]14,14,0)([16]4,2,6)([17]6,2,4)([18]12,11,4)([19]5,8,6)([20]13,18,7)([21]4,9,3)([22]6,18,5)([23]0,19,4)([24]12,2,5)([25]3,23,2)([26]17,25,1)([27]24,20,6)([28]20,5,6)([29]14,4,5)([30]23,27,4)([31]25,17,6)([32]27,31,6)([33]3,21,0)([34]11,22,6)([35]30,29,2)([36]30,22,7)([37]31,31,5)([38]29,13,5)([39]34,13,1)([40]2,25,2)([41]16,10,7)([42]32,7,3)([43]30,26,7)([44]38,41,6)([45]34,30,3)([46]0,14,2)([47]43,34,2)([48]17,11,1)([49]38,40,3)([50]19,21,7)([51]29,28,5)([52]29,3,5)([53]38,13,1)([54]50,44,6)([55]41,46,3)([56]6,28,5)([57]32,49,5)([58]50,9,5)([59]6,49,4)([60]24,59,0)([61]57,35,0)([62]37,6,0)([63]61,18,5)([64]56,54,5)([65]30,52,5)([66]60,26,1)([67]51,57,2)([68]24,43,1)([69]67,64,5)([70]35,37,1)([71]69,36,4)([72]69,7,0)([73]26,14,7)([74]41,22,4)([75]7,17,2)([76]56,41,3)([77]15,60,4)([78]41,50,3)([79]57,74,0)([80]16,68,3)([81]41,48,0)([82]72,15,0)([83]13,77,3)([84]56,64,2)([85]46,78,2)([86]69,40,7)(71)
optimized area: 116.64
time: 1203262 ms
seed: 1636135310
NOT FOUND
time: 1083200 ms
seed: 1636167750
{7,1,80,1,2,1,8}([7]0,0,6)([8]6,0,7)([9]6,5,5)([10]6,3,4)([11]2,5,7)([12]4,8,2)([13]1,3,7)([14]13,2,5)([15]4,11,6)([16]4,10,3)([17]7,2,4)([18]13,17,7)([19]11,7,5)([20]12,5,7)([21]20,1,2)([22]12,8,6)([23]7,16,5)([24]16,4,2)([25]18,19,6)([26]17,20,6)([27]25,15,4)([28]1,22,3)([29]21,1,4)([30]27,29,3)([31]28,23,2)([32]15,31,7)([33]9,30,6)([34]33,16,6)([35]3,32,3)([36]12,23,3)([37]27,29,6)([38]32,6,7)([39]37,23,6)([40]15,5,7)([41]11,25,4)([42]35,39,4)([43]28,34,5)([44]18,42,5)([45]18,23,7)([46]32,31,2)([47]9,22,2)([48]44,17,0)([49]48,36,3)([50]14,11,7)([51]18,36,2)([52]40,29,7)([53]7,4,4)([54]52,21,3)([55]54,48,4)([56]39,34,1)([57]15,10,0)([58]46,25,1)([59]42,53,0)([60]47,54,7)([61]34,27,4)([62]61,11,6)([63]9,24,7)([64]14,26,1)([65]61,24,4)([66]61,50,2)([67]29,31,4)([68]32,55,6)([69]8,55,7)([70]9,20,6)([71]45,26,2)([72]41,3,1)([73]20,48,2)([74]54,62,2)([75]16,37,6)([76]42,51,6)([77]66,59,4)([78]23,4,2)([79]68,71,7)([80]18,26,4)([81]77,79,2)([82]11,25,5)([83]3,19,5)([84]10,69,3)([85]36,40,2)([86]34,61,7)(81)
evaluations: 18648617
first invidual area: 147.60
{7,1,80,1,2,1,8}([7]0,6,1)([8]0,6,7)([9]3,7,0)([10]3,6,4)([11]5,2,7)([12]4,8,5)([13]1,9,7)([14]13,2,5)([15]11,4,6)([16]10,4,3)([17]2,7,4)([18]17,13,7)([19]11,7,5)([20]12,5,4)([21]20,1,2)([22]19,18,6)([23]7,16,5)([24]14,11,7)([25]20,10,0)([26]8,23,1)([27]15,22,3)([28]26,1,3)([29]21,1,4)([30]23,28,5)([31]8,8,3)([32]30,15,4)([33]6,5,2)([34]30,1,1)([35]9,32,6)([36]16,33,6)([37]11,36,6)([38]27,29,6)([39]38,23,3)([40]22,2,1)([41]5,29,7)([42]35,39,4)([43]9,31,5)([44]5,23,7)([45]13,23,4)([46]35,18,2)([47]36,27,4)([48]44,38,1)([49]24,42,0)([50]42,11,5)([51]18,42,5)([52]41,15,7)([53]6,44,3)([54]52,21,3)([55]51,54,4)([56]0,1,4)([57]45,56,1)([58]17,25,6)([59]7,15,7)([60]55,23,0)([61]45,12,2)([62]31,34,1)([63]49,0,1)([64]2,1,2)([65]32,24,2)([66]47,24,5)([67]16,9,7)([68]32,55,3)([69]37,18,4)([70]60,55,2)([71]58,45,5)([72]32,48,5)([73]10,55,3)([74]19,51,1)([75]6,45,7)([76]13,28,7)([77]66,42,7)([78]29,48,1)([79]68,71,7)([80]41,8,7)([81]77,37,5)([82]19,45,6)([83]73,39,5)([84]31,8,6)([85]61,7,5)([86]79,77,2)(86)
optimized area: 137.28
time: 1317874 ms
seed: 1636198433
{7,1,80,1,2,1,8}([7]4,1,3)([8]3,7,5)([9]0,3,1)([10]8,9,4)([11]1,8,4)([12]3,5,7)([13]1,12,4)([14]2,5,4)([15]6,10,6)([16]15,1,6)([17]4,16,1)([18]11,14,2)([19]17,14,2)([20]17,10,4)([21]4,19,4)([22]6,18,7)([23]9,20,2)([24]2,10,6)([25]16,19,3)([26]25,7,6)([27]6,23,4)([28]15,9,7)([29]11,27,5)([30]25,2,7)([31]5,5,4)([32]19,13,7)([33]20,30,3)([34]33,15,2)([35]24,11,0)([36]26,14,0)([37]25,21,2)([38]11,35,7)([39]5,26,5)([40]27,38,3)([41]4,16,5)([42]19,22,3)([43]4,10,7)([44]19,38,4)([45]15,13,3)([46]44,40,7)([47]35,26,2)([48]16,27,0)([49]12,11,2)([50]35,11,5)([51]49,36,4)([52]35,32,1)([53]46,14,6)([54]49,53,7)([55]21,30,4)([56]28,54,6)([57]49,39,2)([58]13,42,7)([59]19,47,0)([60]40,11,1)([61]33,60,6)([62]33,47,7)([63]30,59,6)([64]40,63,7)([65]58,62,5)([66]12,60,4)([67]6,13,1)([68]65,32,4)([69]5,0,4)([70]56,68,6)([71]8,18,2)([72]69,62,7)([73]50,21,5)([74]8,50,5)([75]70,66,4)([76]9,8,4)([77]54,70,6)([78]55,37,0)([79]1,8,5)([80]18,23,6)([81]58,36,4)([82]35,50,4)([83]81,49,1)([84]62,44,3)([85]50,12,7)([86]43,50,1)(75)
evaluations: 29176393
first invidual area: 141.52
{7,1,80,1,2,1,8}([7]1,4,3)([8]3,7,5)([9]0,6,1)([10]8,0,7)([11]1,8,4)([12]5,3,7)([13]1,12,4)([14]5,2,4)([15]10,6,6)([16]1,15,6)([17]4,16,1)([18]11,14,5)([19]17,14,2)([20]10,17,4)([21]9,20,5)([22]15,9,7)([23]4,10,7)([24]10,2,6)([25]16,19,6)([26]7,2,6)([27]6,21,7)([28]22,20,2)([29]25,2,4)([30]29,3,6)([31]4,2,7)([32]19,13,4)([33]14,18,5)([34]11,12,5)([35]6,18,4)([36]5,16,7)([37]32,7,6)([38]11,24,7)([39]13,8,0)([40]36,22,1)([41]35,26,5)([42]35,19,3)([43]38,14,3)([44]1,9,2)([45]11,9,6)([46]27,38,6)([47]29,20,3)([48]17,7,1)([49]37,44,5)([50]21,38,7)([51]39,42,7)([52]0,35,6)([53]43,46,6)([54]34,53,4)([55]1,28,3)([56]22,54,6)([57]6,27,7)([58]39,21,2)([59]6,50,3)([60]12,7,4)([61]29,43,2)([62]41,47,5)([63]21,42,5)([64]0,12,5)([65]51,62,5)([66]64,58,7)([67]46,12,7)([68]65,32,7)([69]42,53,0)([70]56,68,3)([71]36,47,6)([72]71,43,6)([73]44,2,1)([74]2,8,0)([75]70,67,4)([76]13,4,7)([77]45,10,1)([78]66,36,5)([79]50,1,2)([80]44,67,7)([81]18,15,2)([82]38,68,3)([83]41,11,7)([84]79,58,0)([85]28,61,0)([86]16,49,5)(75)
optimized area: 128.38
time: 1195676 ms
seed: 1636228385
NOT FOUND
time: 1067279 ms
