seed: 1634030975
NOT FOUND
time: 525047 ms
seed: 1634241345
NOT FOUND
time: 530473 ms
seed: 1634378877
NOT FOUND
time: 531010 ms
seed: 1634427927
{7,1,80,1,2,1,8}([7]1,3,4)([8]5,2,5)([9]7,2,0)([10]1,6,6)([11]9,3,2)([12]2,10,6)([13]2,5,4)([14]10,9,4)([15]0,1,7)([16]7,2,5)([17]13,3,4)([18]4,15,7)([19]4,8,4)([20]5,6,2)([21]2,9,6)([22]10,13,2)([23]20,16,6)([24]19,13,3)([25]21,22,6)([26]11,6,7)([27]7,8,5)([28]0,25,4)([29]18,3,7)([30]19,28,5)([31]20,27,5)([32]27,24,5)([33]23,3,3)([34]24,25,0)([35]26,30,4)([36]35,4,1)([37]11,12,4)([38]37,29,6)([39]19,7,0)([40]32,38,5)([41]33,37,0)([42]0,14,7)([43]17,38,3)([44]3,14,4)([45]22,9,3)([46]36,41,7)([47]43,6,5)([48]10,33,5)([49]25,16,2)([50]45,18,7)([51]25,5,1)([52]51,13,3)([53]31,35,1)([54]12,50,6)([55]53,3,2)([56]20,20,1)([57]56,51,3)([58]38,13,1)([59]37,15,2)([60]3,24,0)([61]15,14,2)([62]61,39,3)([63]33,26,6)([64]8,11,5)([65]61,19,7)([66]3,6,7)([67]3,3,2)([68]50,13,6)([69]33,65,4)([70]50,34,6)([71]30,44,2)([72]35,19,0)([73]50,59,6)([74]73,47,2)([75]18,12,1)([76]13,20,3)([77]18,9,0)([78]40,46,2)([79]57,51,1)([80]1,34,0)([81]74,78,3)([82]48,30,0)([83]26,42,4)([84]39,21,5)([85]81,15,0)([86]34,12,0)(85)
evaluations: 17919755
first invidual area: 117.58
{7,1,80,1,2,1,8}([7]3,1,4)([8]5,2,5)([9]5,2,3)([10]6,1,6)([11]3,7,2)([12]2,10,3)([13]7,4,1)([14]8,4,4)([15]1,0,7)([16]12,1,5)([17]9,8,2)([18]15,4,7)([19]5,6,2)([20]16,19,6)([21]7,2,6)([22]17,10,2)([23]10,16,4)([24]22,21,3)([25]20,3,6)([26]3,18,7)([27]21,19,3)([28]27,5,0)([29]1,0,1)([30]7,8,5)([31]17,14,3)([32]31,30,5)([33]29,17,4)([34]20,2,7)([35]17,3,4)([36]14,25,6)([37]11,12,7)([38]26,37,6)([39]13,24,7)([40]38,32,5)([41]22,7,6)([42]15,37,5)([43]35,38,3)([44]11,25,3)([45]28,42,0)([46]0,24,7)([47]43,6,5)([48]32,46,2)([49]34,9,7)([50]10,22,0)([51]16,5,3)([52]41,18,7)([53]14,46,5)([54]18,25,5)([55]6,44,7)([56]15,11,6)([57]50,37,7)([58]51,8,5)([59]2,27,7)([60]50,14,4)([61]57,15,1)([62]53,55,7)([63]19,18,1)([64]22,46,2)([65]14,44,1)([66]9,5,6)([67]66,64,7)([68]53,39,3)([69]48,20,0)([70]52,42,2)([71]27,22,2)([72]39,25,3)([73]67,72,2)([74]47,70,2)([75]22,62,4)([76]16,9,1)([77]21,3,2)([78]40,62,2)([79]35,62,5)([80]42,74,4)([81]74,78,3)([82]14,9,1)([83]25,27,5)([84]32,4,4)([85]7,70,2)([86]35,2,2)(81)
optimized area: 113.35
time: 613147 ms
seed: 1634636225
NOT FOUND
time: 528803 ms
seed: 1635163214
{7,1,80,1,2,1,8}([7]5,2,6)([8]4,3,4)([9]2,6,7)([10]2,5,2)([11]10,3,7)([12]4,6,5)([13]4,9,4)([14]13,11,7)([15]13,13,0)([16]8,0,5)([17]1,5,6)([18]17,16,5)([19]12,10,7)([20]13,10,2)([21]3,20,6)([22]1,0,7)([23]0,3,7)([24]4,14,3)([25]23,14,5)([26]18,22,7)([27]11,18,4)([28]25,9,4)([29]8,6,2)([30]7,21,4)([31]13,1,2)([32]22,20,4)([33]19,16,5)([34]31,9,0)([35]22,5,0)([36]27,24,3)([37]34,28,2)([38]16,29,4)([39]37,21,4)([40]11,10,3)([41]35,2,1)([42]39,18,2)([43]0,24,2)([44]37,6,2)([45]15,33,5)([46]22,36,4)([47]12,0,4)([48]39,38,7)([49]32,7,7)([50]21,48,7)([51]27,39,5)([52]19,4,0)([53]33,46,4)([54]1,42,2)([55]3,28,4)([56]8,17,4)([57]50,51,7)([58]57,49,6)([59]53,58,6)([60]41,25,5)([61]32,56,2)([62]25,59,1)([63]40,58,0)([64]19,20,4)([65]24,52,5)([66]64,37,3)([67]51,25,4)([68]29,43,0)([69]29,29,7)([70]67,27,3)([71]48,31,0)([72]63,52,3)([73]34,51,3)([74]1,32,4)([75]59,67,6)([76]72,10,1)([77]15,33,1)([78]52,20,0)([79]36,70,1)([80]69,29,0)([81]44,75,7)([82]47,65,1)([83]21,5,6)([84]64,26,7)([85]72,44,6)([86]22,79,5)(81)
evaluations: 28396412
first invidual area: 142.47
{7,1,80,1,2,1,8}([7]0,3,7)([8]4,3,4)([9]2,4,7)([10]5,2,2)([11]10,3,7)([12]6,4,5)([13]9,6,4)([14]13,11,7)([15]13,1,6)([16]0,8,5)([17]16,4,5)([18]1,5,6)([19]10,12,7)([20]13,19,2)([21]20,3,6)([22]1,0,7)([23]13,1,2)([24]16,18,5)([25]14,7,5)([26]24,20,6)([27]11,24,4)([28]8,6,5)([29]13,9,7)([30]4,25,7)([31]5,9,2)([32]20,22,4)([33]19,16,5)([34]28,10,4)([35]30,14,3)([36]35,27,3)([37]23,30,2)([38]28,16,7)([39]37,21,3)([40]38,14,5)([41]22,36,4)([42]17,36,7)([43]42,30,4)([44]26,18,5)([45]40,44,2)([46]34,13,4)([47]8,0,1)([48]2,5,6)([49]32,48,6)([50]6,37,5)([51]27,39,5)([52]51,25,4)([53]27,2,7)([54]38,51,2)([55]28,48,2)([56]4,14,3)([57]33,41,4)([58]54,49,6)([59]57,58,6)([60]36,49,5)([61]24,36,3)([62]3,23,7)([63]44,51,3)([64]19,1,2)([65]8,31,4)([66]7,62,1)([67]43,23,0)([68]46,57,6)([69]59,9,7)([70]12,42,3)([71]29,15,4)([72]38,44,3)([73]35,53,2)([74]33,41,3)([75]59,52,6)([76]45,52,7)([77]64,6,0)([78]3,37,3)([79]75,38,0)([80]11,23,7)([81]50,75,4)([82]56,2,6)([83]25,6,0)([84]49,59,3)([85]84,15,1)([86]11,15,2)(81)
optimized area: 125.10
time: 602824 ms
seed: 1635212389
{7,1,80,1,2,1,8}([7]0,6,1)([8]6,2,4)([9]1,5,6)([10]5,2,2)([11]2,7,2)([12]11,3,6)([13]0,12,4)([14]11,3,2)([15]11,8,4)([16]7,1,2)([17]0,4,7)([18]7,5,6)([19]4,10,4)([20]19,15,7)([21]2,18,2)([22]13,12,1)([23]14,16,1)([24]3,15,3)([25]6,10,3)([26]15,6,6)([27]13,7,4)([28]22,18,7)([29]10,23,6)([30]13,20,4)([31]20,25,2)([32]1,28,3)([33]23,9,7)([34]8,31,2)([35]5,15,2)([36]21,34,7)([37]25,9,3)([38]31,18,4)([39]23,8,6)([40]30,16,7)([41]32,24,5)([42]15,37,0)([43]42,0,4)([44]41,36,5)([45]1,43,5)([46]38,45,5)([47]0,0,3)([48]45,44,7)([49]35,33,3)([50]20,48,6)([51]27,37,3)([52]9,35,5)([53]40,24,5)([54]10,39,6)([55]18,30,2)([56]31,20,1)([57]37,6,3)([58]30,33,4)([59]53,25,7)([60]47,43,2)([61]49,4,6)([62]2,30,3)([63]12,2,1)([64]24,55,6)([65]6,32,6)([66]30,56,5)([67]49,49,5)([68]60,37,5)([69]3,34,5)([70]4,58,1)([71]9,10,5)([72]8,24,4)([73]48,69,2)([74]38,17,7)([75]59,51,3)([76]55,49,0)([77]40,61,6)([78]23,32,2)([79]42,60,1)([80]79,43,7)([81]77,73,3)([82]62,28,6)([83]61,47,0)([84]73,11,2)([85]75,81,7)([86]27,62,7)(85)
evaluations: 41035942
first invidual area: 135.38
{7,1,80,1,2,1,8}([7]0,1,1)([8]6,2,4)([9]5,1,6)([10]5,2,2)([11]7,2,2)([12]3,11,6)([13]7,12,7)([14]1,1,2)([15]11,8,4)([16]7,1,5)([17]16,15,4)([18]7,5,6)([19]4,10,7)([20]19,15,4)([21]18,2,2)([22]11,3,5)([23]18,18,0)([24]3,15,3)([25]6,10,3)([26]17,14,5)([27]12,12,1)([28]13,23,4)([29]8,8,6)([30]13,20,4)([31]20,25,2)([32]14,28,3)([33]9,22,7)([34]22,26,1)([35]5,15,2)([36]21,31,6)([37]25,9,3)([38]15,18,7)([39]28,14,4)([40]16,30,4)([41]32,24,5)([42]8,8,0)([43]29,29,1)([44]41,36,5)([45]33,5,4)([46]6,5,1)([47]35,33,3)([48]26,44,7)([49]37,46,3)([50]7,31,1)([51]27,37,3)([52]41,36,3)([53]44,7,6)([54]26,18,1)([55]1,49,6)([56]20,54,1)([57]31,8,2)([58]26,46,4)([59]4,35,4)([60]43,53,2)([61]47,4,6)([62]21,31,3)([63]58,7,7)([64]18,60,4)([65]43,50,4)([66]42,0,3)([67]23,40,5)([68]34,59,4)([69]3,57,5)([70]25,9,6)([71]19,2,2)([72]14,36,1)([73]48,69,2)([74]45,4,1)([75]71,51,3)([76]73,64,2)([77]40,61,6)([78]19,9,1)([79]72,30,0)([80]20,45,7)([81]77,73,3)([82]28,22,5)([83]57,45,4)([84]21,60,3)([85]75,81,7)([86]43,5,0)(85)
optimized area: 121.78
time: 546916 ms
seed: 1635642846
{7,1,80,1,2,1,8}([7]1,2,4)([8]3,4,3)([9]6,2,7)([10]3,4,7)([11]0,3,5)([12]11,4,7)([13]12,5,5)([14]1,7,0)([15]9,5,2)([16]8,13,7)([17]16,2,5)([18]6,14,1)([19]9,7,2)([20]16,5,4)([21]7,20,2)([22]5,3,6)([23]2,0,2)([24]10,17,5)([25]13,23,6)([26]15,21,6)([27]21,15,2)([28]5,16,6)([29]25,19,6)([30]0,27,3)([31]26,6,4)([32]25,20,5)([33]24,30,7)([34]7,31,4)([35]34,33,3)([36]13,35,7)([37]24,26,2)([38]17,0,5)([39]34,29,2)([40]28,29,2)([41]37,29,4)([42]3,9,0)([43]12,15,4)([44]41,18,6)([45]39,1,0)([46]4,8,0)([47]1,11,2)([48]33,6,5)([49]1,46,2)([50]45,49,6)([51]44,47,5)([52]40,43,7)([53]42,42,1)([54]21,8,7)([55]16,13,6)([56]54,21,6)([57]1,50,2)([58]11,29,7)([59]34,21,2)([60]0,41,4)([61]21,43,7)([62]52,36,6)([63]16,25,4)([64]16,12,2)([65]48,21,2)([66]33,8,4)([67]47,50,6)([68]16,19,2)([69]15,14,5)([70]45,21,2)([71]31,16,0)([72]65,18,6)([73]17,41,4)([74]62,60,4)([75]8,69,5)([76]74,14,4)([77]76,67,4)([78]24,48,6)([79]47,45,3)([80]39,0,1)([81]7,11,1)([82]43,57,5)([83]40,9,6)([84]5,74,3)([85]12,15,1)([86]25,71,5)(77)
evaluations: 37944500
first invidual area: 134.01
{7,1,80,1,2,1,8}([7]1,2,4)([8]7,1,4)([9]2,6,7)([10]3,4,3)([11]3,0,5)([12]11,4,7)([13]5,12,5)([14]2,0,2)([15]5,9,2)([16]13,10,2)([17]16,2,5)([18]16,5,6)([19]9,7,2)([20]16,5,4)([21]7,20,2)([22]19,17,2)([23]4,3,7)([24]23,17,5)([25]13,14,6)([26]15,21,6)([27]24,14,7)([28]4,1,2)([29]25,19,6)([30]0,22,3)([31]26,6,4)([32]12,9,7)([33]24,30,7)([34]7,31,4)([35]34,33,3)([36]5,25,5)([37]24,26,5)([38]29,37,4)([39]34,29,2)([40]29,18,2)([41]2,19,1)([42]40,34,4)([43]12,15,4)([44]4,35,7)([45]13,35,7)([46]33,0,5)([47]1,11,2)([48]47,35,3)([49]48,19,0)([50]39,28,6)([51]27,12,5)([52]40,43,6)([53]41,28,0)([54]31,43,7)([55]29,15,0)([56]54,11,7)([57]52,32,0)([58]43,21,3)([59]45,54,0)([60]0,38,4)([61]1,51,5)([62]52,59,3)([63]38,4,3)([64]25,19,3)([65]56,53,6)([66]54,39,2)([67]47,50,6)([68]45,39,4)([69]31,8,3)([70]8,29,5)([71]47,21,1)([72]3,53,5)([73]19,33,4)([74]62,60,4)([75]1,59,6)([76]74,1,4)([77]76,67,4)([78]16,22,0)([79]73,58,1)([80]74,32,1)([81]40,78,1)([82]36,29,1)([83]17,35,1)([84]43,18,6)([85]36,13,3)([86]32,52,5)(77)
optimized area: 128.84
time: 1139351 ms
seed: 1635690589
{7,1,80,1,2,1,8}([7]3,4,7)([8]3,0,7)([9]4,7,3)([10]9,0,2)([11]4,2,5)([12]1,9,1)([13]2,8,1)([14]6,0,7)([15]4,6,7)([16]15,10,2)([17]16,6,1)([18]5,10,4)([19]13,8,4)([20]9,6,1)([21]3,18,6)([22]18,9,3)([23]13,5,0)([24]19,22,6)([25]2,18,2)([26]16,11,4)([27]15,21,6)([28]27,19,2)([29]11,0,7)([30]16,13,4)([31]15,1,7)([32]22,20,5)([33]31,13,4)([34]28,29,0)([35]24,1,3)([36]30,16,4)([37]17,6,5)([38]14,28,7)([39]5,38,6)([40]39,29,3)([41]40,35,7)([42]11,29,7)([43]1,24,3)([44]22,32,6)([45]14,23,2)([46]7,41,7)([47]0,28,1)([48]20,8,5)([49]0,35,3)([50]22,36,1)([51]34,14,1)([52]46,49,1)([53]50,6,7)([54]46,13,0)([55]48,22,0)([56]35,26,2)([57]49,24,6)([58]29,52,4)([59]57,50,1)([60]25,31,7)([61]56,45,7)([62]34,30,4)([63]3,31,0)([64]33,26,3)([65]63,34,2)([66]39,21,5)([67]61,54,3)([68]62,60,6)([69]65,47,7)([70]49,18,5)([71]52,27,3)([72]53,30,3)([73]26,43,7)([74]63,40,0)([75]67,68,4)([76]48,23,6)([77]17,27,7)([78]57,50,6)([79]11,62,7)([80]43,76,7)([81]50,24,1)([82]4,6,7)([83]67,81,1)([84]82,71,2)([85]62,75,2)([86]26,0,5)(75)
evaluations: 33832742
first invidual area: 120.44
{7,1,80,1,2,1,8}([7]4,3,7)([8]4,2,5)([9]4,7,3)([10]0,9,2)([11]8,4,5)([12]2,8,1)([13]3,2,4)([14]6,0,7)([15]4,6,7)([16]15,1,7)([17]12,14,5)([18]10,5,4)([19]0,13,4)([20]19,9,3)([21]3,18,6)([22]10,15,5)([23]0,8,2)([24]20,5,6)([25]5,11,7)([26]15,21,6)([27]22,19,1)([28]19,26,2)([29]28,10,3)([30]22,2,7)([31]18,2,5)([32]28,14,7)([33]32,5,6)([34]24,32,5)([35]24,1,3)([36]24,11,6)([37]23,16,5)([38]23,33,6)([39]18,21,0)([40]36,20,0)([41]7,38,4)([42]17,1,0)([43]30,4,5)([44]42,22,5)([45]0,28,4)([46]35,41,7)([47]16,33,0)([48]37,35,7)([49]33,20,7)([50]13,3,3)([51]37,46,1)([52]49,30,5)([53]30,5,6)([54]19,16,2)([55]18,31,3)([56]43,35,5)([57]14,47,0)([58]56,26,3)([59]16,31,4)([60]48,17,4)([61]42,12,1)([62]0,1,5)([63]50,10,4)([64]50,38,5)([65]28,30,7)([66]56,42,7)([67]66,46,6)([68]65,59,6)([69]6,29,6)([70]2,10,6)([71]54,22,5)([72]45,48,0)([73]64,63,4)([74]66,19,6)([75]67,68,7)([76]42,63,0)([77]52,33,4)([78]69,43,4)([79]50,67,1)([80]64,65,0)([81]20,67,2)([82]47,19,2)([83]36,18,1)([84]47,18,6)([85]9,11,4)([86]20,78,6)(75)
optimized area: 113.39
time: 1114914 ms
seed: 1635738464
NOT FOUND
time: 1082257 ms
seed: 1635785660
{7,1,80,1,2,1,8}([7]4,0,3)([8]2,6,3)([9]1,2,2)([10]2,8,1)([11]5,0,4)([12]11,2,5)([13]0,8,4)([14]4,12,4)([15]10,5,5)([16]5,2,1)([17]4,13,7)([18]15,13,5)([19]4,14,2)([20]3,1,4)([21]20,7,7)([22]21,7,5)([23]8,22,0)([24]7,14,5)([25]0,14,4)([26]6,1,4)([27]17,3,3)([28]8,20,5)([29]26,28,2)([30]13,2,7)([31]30,24,2)([32]24,22,2)([33]29,32,7)([34]13,6,4)([35]28,4,3)([36]5,21,7)([37]31,36,7)([38]2,9,5)([39]17,26,2)([40]25,26,7)([41]37,23,4)([42]35,18,5)([43]27,29,3)([44]36,38,6)([45]39,19,3)([46]40,16,4)([47]17,35,7)([48]0,23,4)([49]46,24,4)([50]34,20,3)([51]47,9,4)([52]50,1,5)([53]52,41,2)([54]53,42,2)([55]47,7,7)([56]40,54,2)([57]44,31,6)([58]53,54,0)([59]7,54,5)([60]45,43,7)([61]60,32,3)([62]34,7,3)([63]61,57,3)([64]22,7,1)([65]28,44,3)([66]58,33,6)([67]5,39,2)([68]54,63,0)([69]45,10,2)([70]8,44,6)([71]67,50,0)([72]7,68,5)([73]19,42,2)([74]27,66,4)([75]71,72,5)([76]46,5,7)([77]63,66,7)([78]53,70,5)([79]77,56,6)([80]69,12,7)([81]68,68,0)([82]2,65,7)([83]2,10,5)([84]75,36,6)([85]9,34,7)([86]16,67,0)(79)
evaluations: 35237791
first invidual area: 149.44
{7,1,80,1,2,1,8}([7]0,4,3)([8]6,2,3)([9]4,0,0)([10]5,9,1)([11]5,0,4)([12]2,11,5)([13]8,0,4)([14]9,12,4)([15]13,10,5)([16]10,13,5)([17]0,4,2)([18]0,14,4)([19]9,14,2)([20]3,1,4)([21]7,20,0)([22]7,20,5)([23]7,20,4)([24]14,21,5)([25]8,3,7)([26]6,1,4)([27]0,13,7)([28]8,20,5)([29]26,28,5)([30]2,13,7)([31]30,24,2)([32]24,22,2)([33]29,32,4)([34]20,1,0)([35]28,17,3)([36]10,23,4)([37]31,36,7)([38]2,1,5)([39]30,37,2)([40]18,26,7)([41]37,8,7)([42]35,15,5)([43]8,26,2)([44]41,38,6)([45]43,19,3)([46]43,35,1)([47]28,28,5)([48]12,3,6)([49]26,13,7)([50]49,20,3)([51]38,0,5)([52]50,1,5)([53]52,41,2)([54]53,42,2)([55]9,7,2)([56]40,54,2)([57]44,31,6)([58]20,18,1)([59]2,57,5)([60]45,17,4)([61]60,32,3)([62]5,46,5)([63]61,57,6)([64]56,27,3)([65]53,33,6)([66]23,41,2)([67]65,43,4)([68]30,47,6)([69]3,2,0)([70]52,30,6)([71]15,62,3)([72]61,68,7)([73]49,2,3)([74]4,33,0)([75]62,0,7)([76]42,31,2)([77]63,65,4)([78]48,12,3)([79]77,56,6)([80]12,3,5)([81]34,8,1)([82]10,28,5)([83]6,77,6)([84]56,65,4)([85]39,47,7)([86]63,9,6)(79)
optimized area: 137.73
time: 1182228 ms
seed: 1635832552
{7,1,80,1,2,1,8}([7]2,1,2)([8]2,5,2)([9]6,8,3)([10]4,9,2)([11]8,6,2)([12]10,0,6)([13]4,2,7)([14]5,9,1)([15]3,12,7)([16]4,7,6)([17]11,15,3)([18]9,15,2)([19]3,14,6)([20]17,9,7)([21]15,13,6)([22]17,19,1)([23]7,11,4)([24]20,4,6)([25]13,14,5)([26]5,18,4)([27]6,18,5)([28]21,15,5)([29]24,12,3)([30]23,10,6)([31]23,26,0)([32]31,20,5)([33]25,15,2)([34]29,16,5)([35]27,1,2)([36]8,35,6)([37]9,22,5)([38]12,37,5)([39]36,13,3)([40]24,1,3)([41]37,40,4)([42]34,27,7)([43]33,4,4)([44]35,21,6)([45]19,41,0)([46]9,21,4)([47]0,39,5)([48]44,5,4)([49]8,10,5)([50]37,4,3)([51]38,45,3)([52]31,26,6)([53]31,37,3)([54]39,18,0)([55]18,21,6)([56]41,47,4)([57]51,32,4)([58]32,40,4)([59]41,56,5)([60]57,44,7)([61]35,52,2)([62]57,2,6)([63]15,44,1)([64]45,21,1)([65]43,42,7)([66]44,26,5)([67]59,26,3)([68]61,56,0)([69]10,21,1)([70]33,52,2)([71]27,3,7)([72]68,24,0)([73]9,17,2)([74]35,5,1)([75]68,35,5)([76]70,69,1)([77]14,4,1)([78]34,51,0)([79]67,60,7)([80]24,75,2)([81]56,65,5)([82]35,49,5)([83]79,3,6)([84]81,79,5)([85]67,7,5)([86]30,10,2)(84)
evaluations: 44137559
first invidual area: 131.61
{7,1,80,1,2,1,8}([7]1,2,2)([8]2,5,2)([9]8,6,3)([10]4,9,2)([11]8,6,2)([12]10,0,6)([13]4,2,7)([14]5,1,1)([15]12,3,7)([16]7,4,6)([17]11,15,3)([18]16,3,7)([19]17,15,1)([20]9,17,7)([21]15,13,6)([22]19,3,3)([23]7,11,4)([24]4,20,6)([25]13,14,5)([26]5,9,4)([27]6,15,5)([28]16,9,2)([29]1,24,3)([30]17,2,3)([31]7,6,0)([32]20,23,5)([33]15,25,5)([34]29,16,5)([35]1,27,2)([36]8,1,6)([37]9,19,5)([38]12,37,5)([39]36,13,3)([40]15,15,0)([41]37,29,4)([42]34,27,7)([43]33,4,7)([44]35,21,3)([45]16,11,1)([46]14,40,6)([47]0,39,5)([48]26,27,0)([49]18,12,2)([50]34,15,6)([51]38,46,3)([52]5,23,6)([53]23,32,7)([54]35,9,4)([55]23,42,0)([56]41,47,4)([57]51,32,4)([58]48,5,3)([59]41,56,5)([60]57,44,7)([61]49,43,7)([62]10,51,0)([63]24,16,6)([64]26,39,2)([65]43,42,7)([66]65,40,7)([67]59,26,3)([68]8,2,6)([69]61,41,5)([70]24,21,4)([71]50,31,2)([72]53,37,6)([73]45,68,7)([74]21,11,6)([75]5,34,6)([76]75,49,1)([77]41,38,3)([78]57,53,3)([79]67,60,4)([80]40,27,1)([81]56,65,5)([82]4,14,2)([83]64,31,7)([84]81,79,5)([85]55,82,0)([86]19,14,1)(84)
optimized area: 126.46
time: 1097030 ms
seed: 1635875662
NOT FOUND
time: 1060879 ms
seed: 1635917711
{7,1,80,1,2,1,8}([7]4,2,4)([8]0,1,2)([9]0,3,5)([10]0,7,7)([11]9,4,4)([12]3,1,5)([13]2,3,3)([14]2,6,4)([15]1,13,7)([16]10,4,6)([17]13,6,4)([18]4,9,3)([19]16,15,4)([20]18,6,5)([21]5,14,7)([22]15,10,5)([23]5,13,2)([24]22,17,2)([25]21,1,6)([26]17,8,7)([27]19,12,7)([28]3,27,2)([29]13,11,4)([30]17,25,4)([31]3,20,3)([32]28,7,2)([33]16,6,3)([34]16,25,7)([35]2,21,2)([36]34,32,2)([37]20,0,4)([38]29,22,5)([39]1,10,3)([40]7,20,3)([41]38,30,2)([42]27,35,2)([43]15,39,5)([44]26,25,6)([45]12,37,5)([46]36,23,6)([47]27,11,0)([48]21,42,2)([49]44,43,4)([50]17,20,2)([51]34,46,2)([52]27,19,1)([53]6,12,0)([54]49,2,5)([55]49,42,4)([56]40,45,4)([57]29,41,5)([58]40,42,3)([59]22,55,2)([60]11,2,7)([61]46,6,3)([62]56,57,4)([63]29,41,0)([64]3,63,3)([65]25,54,3)([66]57,43,3)([67]28,54,2)([68]8,23,4)([69]51,62,6)([70]61,24,1)([71]8,15,1)([72]41,30,5)([73]59,58,2)([74]73,57,3)([75]38,29,2)([76]25,31,5)([77]41,59,3)([78]64,11,4)([79]77,69,4)([80]17,75,4)([81]53,20,6)([82]72,22,7)([83]81,21,5)([84]71,59,5)([85]74,23,4)([86]0,81,6)(79)
evaluations: 28741733
first invidual area: 150.87
{7,1,80,1,2,1,8}([7]4,2,4)([8]0,1,5)([9]3,0,5)([10]0,7,7)([11]3,2,3)([12]3,1,5)([13]1,6,0)([14]5,2,7)([15]1,11,7)([16]4,10,6)([17]6,11,4)([18]4,9,3)([19]1,16,4)([20]18,6,5)([21]14,20,7)([22]15,10,5)([23]5,11,5)([24]20,7,6)([25]21,1,6)([26]9,4,7)([27]12,19,7)([28]3,16,5)([29]11,26,7)([30]25,17,4)([31]19,21,3)([32]11,13,5)([33]23,28,2)([34]33,0,7)([35]2,21,2)([36]32,16,7)([37]0,20,4)([38]22,29,5)([39]8,30,4)([40]12,36,1)([41]30,38,2)([42]27,35,5)([43]19,3,4)([44]39,25,3)([45]12,37,5)([46]32,44,4)([47]25,24,7)([48]44,1,2)([49]31,12,2)([50]6,40,4)([51]42,23,3)([52]1,24,3)([53]46,5,0)([54]7,32,4)([55]46,42,4)([56]24,45,7)([57]29,41,5)([58]22,48,7)([59]55,22,2)([60]31,33,2)([61]58,39,6)([62]56,57,4)([63]33,15,7)([64]62,60,3)([65]35,12,0)([66]21,60,7)([67]31,59,0)([68]14,2,4)([69]56,31,4)([70]57,38,7)([71]31,42,2)([72]29,39,7)([73]45,47,1)([74]55,61,5)([75]39,44,4)([76]63,32,0)([77]41,59,3)([78]63,39,4)([79]77,64,7)([80]3,0,6)([81]76,22,4)([82]41,6,2)([83]52,34,1)([84]21,3,0)([85]67,8,2)([86]12,71,1)(79)
optimized area: 139.62
time: 1203288 ms
seed: 1635954018
NOT FOUND
time: 1076529 ms
seed: 1635990141
{7,1,80,1,2,1,8}([7]0,1,6)([8]7,2,4)([9]5,8,7)([10]0,4,7)([11]9,1,4)([12]6,2,5)([13]6,9,4)([14]11,2,2)([15]4,10,6)([16]3,14,7)([17]10,3,4)([18]2,17,4)([19]0,17,6)([20]4,6,7)([21]12,16,2)([22]14,8,4)([23]9,18,5)([24]4,3,5)([25]4,18,3)([26]21,0,4)([27]17,0,2)([28]20,11,3)([29]20,22,7)([30]6,3,3)([31]24,12,5)([32]17,28,6)([33]11,24,7)([34]10,12,2)([35]26,18,5)([36]27,12,5)([37]8,13,5)([38]6,16,6)([39]19,7,3)([40]1,34,7)([41]39,1,4)([42]41,37,2)([43]23,30,1)([44]17,42,5)([45]37,31,3)([46]29,21,6)([47]9,28,3)([48]18,30,6)([49]37,26,5)([50]4,0,5)([51]46,39,5)([52]36,35,7)([53]27,29,0)([54]16,41,6)([55]42,17,1)([56]5,53,5)([57]3,38,6)([58]29,52,7)([59]55,30,7)([60]33,41,3)([61]0,43,0)([62]1,13,0)([63]42,32,4)([64]21,40,6)([65]23,63,6)([66]43,45,7)([67]64,63,3)([68]25,42,3)([69]17,57,4)([70]8,13,1)([71]52,57,3)([72]41,8,6)([73]4,6,1)([74]33,58,6)([75]67,66,3)([76]28,25,1)([77]4,24,5)([78]48,18,3)([79]68,58,5)([80]42,66,0)([81]51,50,6)([82]4,79,0)([83]14,10,0)([84]46,47,6)([85]79,75,5)([86]48,49,1)(85)
evaluations: 4151015
first invidual area: 140.09
{7,1,80,1,2,1,8}([7]0,1,6)([8]7,2,4)([9]8,5,4)([10]0,4,7)([11]9,1,7)([12]2,6,5)([13]5,0,2)([14]11,2,2)([15]14,4,4)([16]12,9,5)([17]3,10,4)([18]2,17,4)([19]17,18,3)([20]3,14,7)([21]20,12,2)([22]6,15,7)([23]11,18,5)([24]21,17,1)([25]0,3,0)([26]25,7,2)([27]16,8,6)([28]12,14,5)([29]25,21,4)([30]22,17,3)([31]10,12,5)([32]30,11,3)([33]25,17,6)([34]22,8,4)([35]29,18,5)([36]30,16,7)([37]8,16,5)([38]0,12,2)([39]7,33,3)([40]9,27,4)([41]39,1,4)([42]41,37,2)([43]1,31,4)([44]15,16,6)([45]35,39,3)([46]38,17,5)([47]42,32,7)([48]41,2,0)([49]22,16,7)([50]4,0,6)([51]24,37,3)([52]43,21,6)([53]23,51,4)([54]49,50,1)([55]43,6,3)([56]35,46,7)([57]47,7,7)([58]56,34,4)([59]18,42,3)([60]50,53,3)([61]60,57,0)([62]10,34,5)([63]43,7,7)([64]43,21,6)([65]42,60,6)([66]25,4,1)([67]52,47,3)([68]61,48,5)([69]2,48,7)([70]50,41,7)([71]11,20,5)([72]4,59,3)([73]38,72,0)([74]5,34,2)([75]67,53,3)([76]1,12,7)([77]73,63,2)([78]23,64,1)([79]72,58,5)([80]68,0,1)([81]68,79,4)([82]12,77,7)([83]53,46,4)([84]3,69,6)([85]79,75,5)([86]47,5,5)(85)
optimized area: 133.06
time: 1366352 ms
seed: 1636025988
NOT FOUND
time: 1070009 ms
seed: 1636060753
{7,1,80,1,2,1,8}([7]4,3,7)([8]5,2,2)([9]6,4,4)([10]7,5,6)([11]0,10,6)([12]11,6,6)([13]4,7,2)([14]6,7,7)([15]0,14,5)([16]13,2,6)([17]15,2,3)([18]14,5,4)([19]18,2,4)([20]2,17,6)([21]15,2,7)([22]21,4,0)([23]5,20,0)([24]9,12,6)([25]1,19,3)([26]23,14,3)([27]4,8,0)([28]7,1,6)([29]24,8,4)([30]9,22,5)([31]29,0,3)([32]1,31,7)([33]12,16,7)([34]3,28,6)([35]31,30,5)([36]34,21,0)([37]35,23,6)([38]2,25,4)([39]21,29,4)([40]28,26,5)([41]33,34,4)([42]36,23,5)([43]12,26,3)([44]37,41,7)([45]43,11,1)([46]7,15,2)([47]40,23,5)([48]41,12,1)([49]13,37,0)([50]35,34,2)([51]45,15,5)([52]13,33,7)([53]29,45,2)([54]4,13,6)([55]22,12,0)([56]43,31,7)([57]38,31,5)([58]56,32,3)([59]58,46,4)([60]49,14,4)([61]56,13,0)([62]27,14,2)([63]43,54,2)([64]52,62,1)([65]5,17,0)([66]41,13,6)([67]59,57,5)([68]51,48,7)([69]62,41,1)([70]63,16,7)([71]56,16,6)([72]22,68,0)([73]33,3,1)([74]69,58,7)([75]44,16,6)([76]60,9,7)([77]10,56,5)([78]16,47,0)([79]20,32,3)([80]31,13,1)([81]78,20,6)([82]33,79,5)([83]51,6,7)([84]46,44,3)([85]75,67,6)([86]82,85,4)(86)
evaluations: 25852737
first invidual area: 130.71
{7,1,80,1,2,1,8}([7]4,3,7)([8]7,4,2)([9]1,7,6)([10]5,7,6)([11]0,10,6)([12]6,11,6)([13]4,6,4)([14]7,6,7)([15]14,0,5)([16]2,8,6)([17]2,2,2)([18]17,14,4)([19]18,5,4)([20]12,5,3)([21]15,7,5)([22]14,20,3)([23]17,13,1)([24]13,12,3)([25]17,1,3)([26]6,12,3)([27]5,2,5)([28]1,19,6)([29]27,24,4)([30]24,15,2)([31]29,0,3)([32]31,1,7)([33]12,16,7)([34]28,17,7)([35]31,34,5)([36]17,7,0)([37]9,3,6)([38]5,30,3)([39]14,27,1)([40]1,38,4)([41]8,29,4)([42]18,18,3)([43]16,18,7)([44]4,22,5)([45]32,35,6)([46]37,38,7)([47]46,12,4)([48]20,24,3)([49]33,19,5)([50]8,1,6)([51]35,40,6)([52]32,5,5)([53]20,43,2)([54]22,11,0)([55]32,26,1)([56]22,1,4)([57]35,38,1)([58]56,32,3)([59]10,56,3)([60]37,9,7)([61]8,60,6)([62]36,48,4)([63]21,58,7)([64]63,35,5)([65]33,0,3)([66]6,38,0)([67]51,51,4)([68]34,36,5)([69]66,68,5)([70]44,60,0)([71]32,57,5)([72]1,35,5)([73]69,13,1)([74]51,15,7)([75]47,16,6)([76]15,36,6)([77]38,2,6)([78]76,32,3)([79]64,58,4)([80]71,65,0)([81]20,51,0)([82]33,78,5)([83]19,71,4)([84]50,74,4)([85]75,64,6)([86]82,85,4)(86)
optimized area: 121.34
time: 1183319 ms
seed: 1636094644
NOT FOUND
time: 1060934 ms
seed: 1636127774
{7,1,80,1,2,1,8}([7]0,6,3)([8]1,3,7)([9]1,6,7)([10]4,2,4)([11]2,1,7)([12]4,5,7)([13]10,8,5)([14]6,2,3)([15]11,8,2)([16]0,15,4)([17]4,11,5)([18]16,15,4)([19]2,14,6)([20]9,0,7)([21]16,13,5)([22]16,20,5)([23]2,3,5)([24]21,11,7)([25]15,13,1)([26]14,21,4)([27]26,17,7)([28]21,9,2)([29]3,5,2)([30]22,24,5)([31]29,4,3)([32]13,22,3)([33]12,2,2)([34]4,13,5)([35]4,7,0)([36]12,7,4)([37]16,33,4)([38]8,33,5)([39]23,17,2)([40]18,27,3)([41]3,32,6)([42]27,4,5)([43]41,38,4)([44]17,29,5)([45]7,24,4)([46]34,29,0)([47]37,23,4)([48]9,47,5)([49]15,14,5)([50]2,42,5)([51]31,13,4)([52]1,29,7)([53]1,44,1)([54]47,44,0)([55]50,2,7)([56]5,50,0)([57]27,46,0)([58]36,25,6)([59]52,43,2)([60]59,48,3)([61]37,32,5)([62]58,27,6)([63]18,19,2)([64]51,9,1)([65]37,32,6)([66]23,28,6)([67]25,39,4)([68]49,7,5)([69]48,61,3)([70]61,45,4)([71]70,19,7)([72]39,60,3)([73]62,2,0)([74]73,7,1)([75]74,60,5)([76]62,71,5)([77]45,42,7)([78]31,2,0)([79]29,3,4)([80]0,61,7)([81]22,50,3)([82]51,76,3)([83]56,35,0)([84]58,13,1)([85]14,13,5)([86]82,75,5)(86)
evaluations: 42358760
first invidual area: 145.24
{7,1,80,1,2,1,8}([7]6,0,3)([8]1,3,7)([9]6,1,7)([10]2,4,4)([11]1,2,7)([12]4,5,7)([13]10,8,5)([14]9,3,3)([15]8,11,2)([16]0,15,4)([17]12,1,7)([18]4,11,5)([19]6,2,3)([20]15,19,1)([21]16,13,5)([22]19,13,6)([23]3,2,5)([24]7,6,2)([25]9,5,5)([26]19,21,4)([27]26,18,7)([28]26,20,4)([29]3,5,2)([30]29,24,0)([31]5,7,6)([32]16,0,0)([33]12,2,2)([34]21,24,0)([35]2,3,4)([36]12,7,4)([37]16,33,4)([38]9,37,1)([39]37,18,6)([40]6,12,4)([41]30,3,1)([42]29,4,3)([43]17,9,3)([44]25,13,3)([45]21,28,3)([46]9,31,5)([47]37,23,4)([48]28,39,4)([49]47,9,5)([50]0,13,3)([51]42,13,4)([52]33,1,6)([53]49,4,2)([54]5,22,6)([55]36,37,6)([56]3,30,0)([57]4,41,6)([58]36,20,6)([59]52,41,2)([60]59,49,3)([61]37,44,5)([62]58,27,6)([63]50,48,2)([64]44,22,1)([65]24,43,3)([66]11,7,4)([67]54,40,1)([68]19,21,6)([69]62,61,1)([70]61,66,7)([71]70,18,7)([72]67,43,0)([73]29,43,6)([74]47,43,3)([75]69,60,5)([76]66,30,2)([77]67,7,2)([78]59,55,1)([79]13,6,6)([80]71,62,5)([81]72,29,7)([82]51,80,3)([83]73,0,0)([84]48,67,5)([85]2,69,7)([86]82,75,5)(86)
optimized area: 123.67
time: 1139494 ms
seed: 1636160387
NOT FOUND
time: 1078092 ms
seed: 1636192776
{7,1,80,1,2,1,8}([7]4,2,6)([8]2,6,5)([9]0,0,6)([10]3,7,4)([11]4,1,3)([12]2,5,5)([13]3,1,5)([14]12,13,4)([15]1,10,6)([16]11,0,4)([17]6,4,7)([18]2,15,6)([19]3,17,4)([20]10,8,6)([21]19,18,7)([22]4,20,4)([23]12,15,6)([24]5,21,2)([25]15,24,5)([26]5,22,3)([27]18,15,7)([28]10,21,7)([29]17,23,1)([30]26,15,6)([31]13,17,7)([32]17,26,0)([33]32,9,4)([34]19,31,2)([35]22,29,2)([36]1,35,7)([37]36,36,0)([38]4,3,4)([39]16,38,7)([40]2,31,6)([41]25,30,4)([42]9,13,3)([43]5,6,6)([44]13,28,4)([45]4,30,7)([46]25,39,7)([47]41,15,5)([48]3,23,7)([49]18,24,4)([50]14,17,4)([51]14,33,5)([52]35,42,3)([53]41,50,4)([54]45,39,5)([55]49,21,1)([56]8,25,1)([57]39,48,6)([58]23,24,6)([59]53,33,3)([60]43,44,3)([61]52,46,2)([62]27,54,2)([63]56,42,4)([64]34,35,1)([65]62,40,3)([66]51,49,3)([67]11,22,6)([68]42,30,2)([69]66,59,2)([70]34,51,4)([71]65,61,4)([72]49,47,7)([73]63,14,6)([74]51,56,4)([75]11,9,3)([76]24,39,2)([77]35,49,7)([78]8,58,2)([79]2,74,4)([80]22,40,1)([81]69,71,5)([82]67,59,7)([83]74,13,6)([84]46,55,1)([85]70,73,3)([86]33,69,5)(81)
evaluations: 26949947
first invidual area: 148.06
{7,1,80,1,2,1,8}([7]2,0,0)([8]7,4,3)([9]6,7,5)([10]3,8,7)([11]3,9,6)([12]5,2,5)([13]1,3,5)([14]13,12,4)([15]10,1,6)([16]11,4,4)([17]6,4,7)([18]1,9,1)([19]13,3,5)([20]16,5,3)([21]19,17,4)([22]17,14,4)([23]2,13,1)([24]5,21,2)([25]24,15,5)([26]15,0,1)([27]2,5,1)([28]3,10,1)([29]4,18,3)([30]11,21,2)([31]15,20,3)([32]14,22,1)([33]17,0,7)([34]15,23,6)([35]0,15,5)([36]25,31,5)([37]10,9,0)([38]3,0,7)([39]29,38,4)([40]7,22,6)([41]24,23,1)([42]24,0,1)([43]24,34,7)([44]31,6,4)([45]38,20,1)([46]25,39,4)([47]16,19,5)([48]4,36,7)([49]36,28,1)([50]0,15,1)([51]14,33,5)([52]43,44,0)([53]36,22,7)([54]48,46,5)([55]48,36,4)([56]47,21,3)([57]30,40,1)([58]21,49,3)([59]53,33,3)([60]5,7,0)([61]56,46,5)([62]34,54,2)([63]42,14,6)([64]18,57,2)([65]62,40,3)([66]51,52,3)([67]1,37,1)([68]41,42,0)([69]66,59,2)([70]47,35,0)([71]65,61,7)([72]5,55,0)([73]45,8,3)([74]37,5,1)([75]60,11,3)([76]64,11,5)([77]65,66,4)([78]12,48,3)([79]37,1,1)([80]39,13,0)([81]61,32,3)([82]19,31,5)([83]47,20,2)([84]53,64,4)([85]71,69,5)([86]27,61,1)(85)
optimized area: 124.13
time: 1186415 ms
seed: 1636223507
{7,1,80,1,2,1,8}([7]6,1,7)([8]1,5,3)([9]4,6,2)([10]6,0,6)([11]2,7,7)([12]0,4,2)([13]10,4,3)([14]2,5,7)([15]2,8,5)([16]15,3,5)([17]3,5,7)([18]16,12,6)([19]16,5,2)([20]18,11,3)([21]3,1,7)([22]3,0,6)([23]20,11,0)([24]8,6,7)([25]18,24,3)([26]9,0,4)([27]25,26,2)([28]23,22,7)([29]13,21,7)([30]10,4,7)([31]27,21,4)([32]28,4,4)([33]19,32,7)([34]5,31,7)([35]28,31,6)([36]7,30,5)([37]29,20,3)([38]7,37,7)([39]14,21,1)([40]17,34,2)([41]40,31,1)([42]1,38,5)([43]42,22,0)([44]41,0,6)([45]38,28,1)([46]2,44,5)([47]21,15,7)([48]5,24,3)([49]12,29,5)([50]33,44,4)([51]47,31,3)([52]35,49,2)([53]7,23,5)([54]6,45,3)([55]1,7,3)([56]25,16,4)([57]38,48,4)([58]45,46,5)([59]20,11,5)([60]19,50,6)([61]59,10,5)([62]60,25,1)([63]47,14,3)([64]18,0,2)([65]10,50,1)([66]48,4,1)([67]19,9,4)([68]50,58,2)([69]55,31,7)([70]27,17,5)([71]63,68,5)([72]25,39,6)([73]62,35,2)([74]55,42,2)([75]42,1,5)([76]46,57,4)([77]71,52,4)([78]1,53,0)([79]29,4,2)([80]50,31,4)([81]30,25,2)([82]33,7,6)([83]36,4,0)([84]16,82,6)([85]31,43,3)([86]11,70,7)(77)
evaluations: 23108871
first invidual area: 135.87
{7,1,80,1,2,1,8}([7]1,6,7)([8]5,1,3)([9]7,2,7)([10]0,3,6)([11]6,0,6)([12]4,0,2)([13]4,6,5)([14]6,8,7)([15]8,2,5)([16]15,3,5)([17]14,1,3)([18]16,12,6)([19]5,16,5)([20]9,18,3)([21]3,1,7)([22]11,4,3)([23]5,8,1)([24]7,22,4)([25]14,18,3)([26]0,13,7)([27]25,26,5)([28]10,20,7)([29]22,21,7)([30]15,21,7)([31]27,21,7)([32]28,4,7)([33]19,32,4)([34]10,5,4)([35]31,28,6)([36]24,34,5)([37]29,20,6)([38]2,5,7)([39]1,37,5)([40]38,30,3)([41]36,0,3)([42]26,25,7)([43]31,22,1)([44]8,33,1)([45]35,28,0)([46]32,33,5)([47]11,10,6)([48]11,40,0)([49]12,29,5)([50]29,3,5)([51]2,25,3)([52]45,49,5)([53]6,32,5)([54]37,7,7)([55]8,12,3)([56]28,54,1)([57]41,33,4)([58]54,46,5)([59]53,17,1)([60]30,31,3)([61]15,7,0)([62]5,33,3)([63]15,5,0)([64]53,6,0)([65]62,40,0)([66]4,60,1)([67]40,41,0)([68]57,58,2)([69]7,9,2)([70]60,40,7)([71]68,67,5)([72]47,67,1)([73]45,29,3)([74]5,23,7)([75]70,56,7)([76]42,53,3)([77]71,52,7)([78]31,74,7)([79]54,31,1)([80]75,71,2)([81]68,14,6)([82]65,1,2)([83]80,17,2)([84]33,44,3)([85]40,62,7)([86]15,4,7)(77)
optimized area: 130.72
time: 1251213 ms
seed: 1636253458
NOT FOUND
time: 1071316 ms
seed: 1636272527
{7,1,80,1,2,1,8}([7]6,2,4)([8]2,5,5)([9]0,6,6)([10]0,4,1)([11]0,6,4)([12]7,5,2)([13]0,7,5)([14]1,9,4)([15]5,7,6)([16]3,2,3)([17]4,8,7)([18]8,9,6)([19]2,14,6)([20]15,11,6)([21]18,17,6)([22]21,17,3)([23]13,14,5)([24]20,16,0)([25]21,0,4)([26]22,23,7)([27]26,11,5)([28]3,27,5)([29]4,20,7)([30]5,21,7)([31]29,29,5)([32]28,24,7)([33]9,12,2)([34]25,29,2)([35]1,12,6)([36]8,23,6)([37]14,20,7)([38]34,3,5)([39]21,38,0)([40]15,20,3)([41]1,12,2)([42]11,38,2)([43]41,24,2)([44]26,38,4)([45]42,40,4)([46]35,7,4)([47]32,39,6)([48]25,32,5)([49]37,3,6)([50]10,41,7)([51]44,43,6)([52]16,30,7)([53]11,35,4)([54]44,53,5)([55]44,48,2)([56]48,41,7)([57]49,31,2)([58]19,1,4)([59]26,12,3)([60]6,30,3)([61]46,46,6)([62]29,0,4)([63]33,49,6)([64]14,32,2)([65]46,19,7)([66]57,55,3)([67]15,53,6)([68]52,45,6)([69]34,4,1)([70]13,39,6)([71]46,57,2)([72]71,55,4)([73]7,62,5)([74]51,10,1)([75]8,19,0)([76]68,72,6)([77]68,76,7)([78]69,29,5)([79]39,26,4)([80]3,71,0)([81]42,15,7)([82]79,44,7)([83]17,71,7)([84]4,17,6)([85]47,48,5)([86]18,44,5)(76)
evaluations: 29601465
first invidual area: 127.43
{7,1,80,1,2,1,8}([7]2,6,4)([8]2,5,5)([9]0,6,6)([10]8,4,7)([11]0,6,4)([12]8,5,2)([13]7,0,5)([14]9,1,4)([15]7,5,6)([16]1,12,6)([17]5,3,4)([18]8,9,6)([19]3,2,6)([20]15,11,6)([21]10,18,3)([22]18,16,7)([23]14,13,5)([24]4,18,5)([25]21,0,7)([26]24,23,7)([27]26,11,5)([28]3,27,5)([29]4,20,7)([30]5,23,0)([31]7,16,4)([32]28,20,7)([33]0,17,0)([34]3,25,2)([35]23,25,4)([36]13,18,1)([37]28,11,5)([38]34,29,5)([39]14,20,7)([40]15,20,3)([41]34,26,7)([42]5,9,7)([43]36,29,6)([44]26,38,4)([45]37,40,4)([46]1,30,6)([47]25,32,5)([48]3,3,2)([49]48,39,6)([50]18,16,7)([51]21,36,6)([52]29,31,1)([53]30,4,3)([54]19,39,0)([55]44,47,5)([56]7,36,5)([57]49,52,2)([58]56,38,6)([59]54,53,7)([60]16,37,7)([61]2,44,0)([62]7,46,4)([63]48,35,7)([64]49,28,5)([65]59,42,0)([66]41,48,3)([67]50,12,6)([68]61,5,7)([69]12,10,2)([70]55,9,2)([71]31,57,5)([72]55,71,4)([73]45,65,2)([74]41,18,5)([75]69,70,6)([76]73,72,6)([77]25,45,3)([78]19,29,4)([79]67,62,2)([80]56,74,0)([81]28,77,0)([82]74,12,5)([83]0,63,5)([84]74,47,3)([85]27,12,7)([86]42,41,5)(76)
optimized area: 122.73
time: 1188325 ms
seed: 1636289139
NOT FOUND
time: 1066258 ms
seed: 1636305612
NOT FOUND
time: 1079860 ms
seed: 1636321853
{7,1,80,1,2,1,8}([7]2,4,5)([8]5,2,5)([9]1,0,7)([10]4,8,4)([11]9,8,7)([12]7,9,3)([13]11,6,4)([14]3,3,1)([15]7,2,2)([16]7,8,3)([17]13,15,4)([18]10,12,4)([19]18,11,6)([20]14,18,3)([21]17,18,6)([22]3,6,7)([23]19,0,1)([24]13,22,4)([25]24,0,2)([26]25,20,4)([27]17,20,1)([28]26,23,6)([29]2,6,2)([30]15,0,7)([31]15,16,4)([32]27,26,7)([33]14,12,5)([34]25,27,3)([35]7,33,7)([36]11,11,4)([37]32,28,3)([38]24,5,7)([39]20,31,2)([40]1,24,7)([41]3,19,1)([42]33,40,6)([43]42,3,1)([44]20,13,4)([45]21,10,2)([46]38,31,7)([47]41,30,2)([48]7,33,7)([49]45,9,7)([50]42,5,0)([51]48,18,1)([52]41,27,5)([53]35,30,3)([54]40,49,5)([55]19,53,5)([56]42,0,1)([57]43,1,2)([58]46,54,5)([59]53,0,4)([60]59,27,7)([61]58,60,3)([62]17,18,7)([63]38,1,3)([64]18,51,5)([65]63,64,7)([66]26,31,6)([67]47,25,6)([68]1,19,1)([69]36,52,6)([70]65,67,3)([71]43,32,1)([72]61,37,5)([73]21,4,1)([74]49,61,2)([75]36,38,7)([76]37,55,2)([77]13,55,7)([78]36,19,5)([79]44,67,3)([80]25,24,1)([81]72,70,5)([82]72,46,0)([83]1,33,4)([84]47,63,5)([85]74,76,2)([86]23,1,5)(81)
evaluations: 12769133
first invidual area: 157.89
{7,1,80,1,2,1,8}([7]4,2,5)([8]5,2,5)([9]1,0,7)([10]7,2,2)([11]9,8,7)([12]9,7,3)([13]3,5,6)([14]3,2,1)([15]11,10,4)([16]8,0,1)([17]4,12,5)([18]17,8,4)([19]11,18,3)([20]12,14,5)([21]6,15,7)([22]14,18,3)([23]20,0,2)([24]11,3,7)([25]24,0,2)([26]22,25,4)([27]20,22,4)([28]19,26,6)([29]16,13,3)([30]0,10,6)([31]29,25,1)([32]21,26,7)([33]32,8,2)([34]19,16,7)([35]25,23,4)([36]1,35,3)([37]11,18,5)([38]5,24,7)([39]16,10,3)([40]29,0,4)([41]18,33,4)([42]24,29,1)([43]25,7,4)([44]1,38,6)([45]28,32,3)([46]23,1,1)([47]31,25,5)([48]7,20,7)([49]36,43,1)([50]39,38,4)([51]30,14,2)([52]33,23,5)([53]48,30,3)([54]5,43,2)([55]0,30,1)([56]45,50,7)([57]48,42,1)([58]50,52,5)([59]53,0,4)([60]59,21,2)([61]58,60,3)([62]8,54,5)([63]47,52,3)([64]18,57,5)([65]45,61,5)([66]50,40,1)([67]51,25,6)([68]64,44,4)([69]65,7,6)([70]68,67,3)([71]39,25,2)([72]56,4,4)([73]71,56,0)([74]53,50,7)([75]5,65,6)([76]69,9,0)([77]1,67,6)([78]68,74,3)([79]20,48,3)([80]61,69,5)([81]65,70,5)([82]76,30,2)([83]53,20,4)([84]78,56,0)([85]12,10,7)([86]36,59,1)(81)
optimized area: 124.12
time: 1338623 ms
seed: 1636338139
{7,1,80,1,2,1,8}([7]1,5,6)([8]4,5,3)([9]6,2,1)([10]9,5,7)([11]0,6,7)([12]4,6,7)([13]12,7,3)([14]11,4,4)([15]8,0,4)([16]2,10,2)([17]16,4,7)([18]3,13,4)([19]11,8,3)([20]1,17,4)([21]18,20,2)([22]8,19,4)([23]2,7,4)([24]10,2,4)([25]20,24,2)([26]8,20,5)([27]2,12,5)([28]1,11,5)([29]9,4,0)([30]5,28,5)([31]21,11,1)([32]23,30,5)([33]19,18,2)([34]24,14,6)([35]4,33,7)([36]27,17,0)([37]10,1,2)([38]32,15,6)([39]34,38,3)([40]14,22,6)([41]33,39,5)([42]35,21,5)([43]30,26,2)([44]12,11,7)([45]31,14,1)([46]22,0,6)([47]21,28,2)([48]16,34,2)([49]9,25,5)([50]15,35,2)([51]39,16,5)([52]14,27,5)([53]29,9,6)([54]14,26,4)([55]39,12,6)([56]48,20,4)([57]35,38,1)([58]1,9,2)([59]41,17,4)([60]56,40,7)([61]18,22,2)([62]30,16,3)([63]32,52,4)([64]27,54,7)([65]45,41,4)([66]17,64,4)([67]45,66,6)([68]28,46,6)([69]68,48,6)([70]60,19,3)([71]47,14,3)([72]67,69,2)([73]57,47,1)([74]48,4,5)([75]59,16,2)([76]44,22,6)([77]8,76,4)([78]44,36,5)([79]0,38,4)([80]13,66,1)([81]25,59,2)([82]81,40,3)([83]59,42,5)([84]55,50,6)([85]33,63,6)([86]72,83,4)(86)
evaluations: 21783751
first invidual area: 136.33
{7,1,80,1,2,1,8}([7]1,5,6)([8]4,5,3)([9]7,2,3)([10]5,6,4)([11]10,2,5)([12]6,4,7)([13]2,2,0)([14]0,12,4)([15]12,7,3)([16]12,2,6)([17]4,11,4)([18]3,15,4)([19]14,8,3)([20]1,17,4)([21]20,18,2)([22]10,14,7)([23]21,4,1)([24]0,22,1)([25]2,12,5)([26]4,18,3)([27]14,4,4)([28]1,27,5)([29]4,19,7)([30]2,28,5)([31]17,9,1)([32]9,30,5)([33]13,10,4)([34]14,33,6)([35]33,8,6)([36]34,23,2)([37]19,18,2)([38]32,22,6)([39]34,38,3)([40]31,24,4)([41]7,26,1)([42]29,21,5)([43]37,39,5)([44]26,43,0)([45]8,20,5)([46]16,27,3)([47]13,20,1)([48]19,25,7)([49]17,43,4)([50]47,38,1)([51]8,33,5)([52]7,28,0)([53]13,39,2)([54]12,21,4)([55]27,11,4)([56]45,25,7)([57]56,55,4)([58]56,37,4)([59]6,47,7)([60]34,16,4)([61]36,60,0)([62]21,16,3)([63]9,58,6)([64]49,29,4)([65]37,7,0)([66]19,36,5)([67]21,57,6)([68]28,24,6)([69]68,53,6)([70]18,37,3)([71]2,20,6)([72]67,69,5)([73]12,37,1)([74]15,33,0)([75]6,50,1)([76]64,60,0)([77]46,9,6)([78]43,34,1)([79]30,1,4)([80]40,40,1)([81]11,27,6)([82]55,27,5)([83]49,42,5)([84]13,67,1)([85]14,57,3)([86]72,83,7)(86)
optimized area: 123.21
time: 1230167 ms
seed: 1636344792
{7,1,80,1,2,1,8}([7]5,2,5)([8]3,7,5)([9]4,8,4)([10]6,8,2)([11]9,6,2)([12]2,10,6)([13]1,4,0)([14]12,10,7)([15]11,7,0)([16]1,3,4)([17]12,16,7)([18]8,16,7)([19]9,11,4)([20]13,14,3)([21]20,5,4)([22]9,6,3)([23]17,5,4)([24]4,23,3)([25]1,11,7)([26]18,15,6)([27]23,19,4)([28]27,7,2)([29]16,24,5)([30]24,7,2)([31]2,29,6)([32]3,22,4)([33]17,25,6)([34]25,4,6)([35]0,25,4)([36]26,35,6)([37]17,19,2)([38]10,27,6)([39]31,0,2)([40]32,30,5)([41]38,1,5)([42]6,11,6)([43]23,21,0)([44]10,41,7)([45]1,16,2)([46]21,45,4)([47]22,36,4)([48]42,36,2)([49]46,37,2)([50]40,31,3)([51]5,1,0)([52]25,5,2)([53]50,33,7)([54]24,42,0)([55]15,8,1)([56]49,47,4)([57]41,46,2)([58]56,24,0)([59]3,44,4)([60]41,55,5)([61]58,18,2)([62]31,60,4)([63]11,33,1)([64]61,50,3)([65]51,55,5)([66]55,7,3)([67]58,57,6)([68]54,25,7)([69]46,60,0)([70]53,65,1)([71]68,2,3)([72]70,35,2)([73]31,40,0)([74]71,67,2)([75]33,10,1)([76]40,53,3)([77]6,22,5)([78]49,16,6)([79]22,14,0)([80]34,10,3)([81]79,38,3)([82]67,11,2)([83]53,79,1)([84]72,74,7)([85]70,65,5)([86]30,60,7)(84)
evaluations: 19740574
first invidual area: 144.31
{7,1,80,1,2,1,8}([7]5,2,5)([8]7,3,5)([9]4,8,4)([10]6,8,2)([11]9,6,2)([12]2,10,6)([13]1,11,7)([14]1,1,3)([15]5,11,3)([16]1,3,4)([17]12,16,7)([18]8,16,7)([19]15,3,4)([20]13,9,4)([21]3,14,5)([22]6,9,3)([23]5,17,4)([24]7,14,4)([25]23,4,3)([26]11,18,6)([27]20,12,4)([28]2,27,6)([29]12,14,3)([30]25,7,2)([31]12,30,5)([32]22,3,4)([33]13,17,3)([34]7,33,5)([35]0,13,4)([36]26,35,3)([37]36,33,3)([38]11,19,0)([39]5,23,3)([40]30,32,5)([41]29,10,6)([42]41,5,4)([43]34,22,5)([44]27,14,5)([45]13,25,7)([46]29,15,6)([47]36,22,7)([48]45,44,3)([49]24,34,2)([50]40,28,6)([51]21,42,7)([52]35,37,3)([53]44,28,1)([54]34,7,1)([55]5,22,5)([56]11,30,2)([57]44,51,5)([58]17,51,5)([59]50,33,4)([60]47,58,4)([61]37,56,1)([62]13,14,0)([63]35,59,5)([64]18,22,2)([65]43,54,0)([66]7,65,6)([67]60,57,2)([68]45,9,3)([69]37,40,4)([70]2,52,3)([71]45,2,3)([72]55,37,6)([73]25,67,5)([74]71,67,5)([75]8,11,4)([76]44,48,0)([77]3,41,5)([78]74,61,1)([79]20,58,6)([80]34,10,7)([81]32,55,2)([82]2,11,4)([83]21,32,3)([84]50,65,4)([85]5,18,0)([86]63,74,7)(86)
optimized area: 131.66
time: 1285080 ms
seed: 1636351093
{7,1,80,1,2,1,8}([7]2,6,7)([8]4,5,3)([9]2,5,2)([10]3,9,7)([11]1,9,7)([12]3,7,3)([13]0,5,1)([14]12,0,2)([15]4,6,0)([16]6,8,7)([17]8,11,3)([18]10,13,4)([19]10,7,6)([20]0,6,6)([21]7,18,7)([22]1,13,2)([23]6,8,2)([24]22,15,7)([25]14,19,7)([26]14,6,6)([27]0,26,3)([28]27,17,7)([29]8,3,2)([30]28,16,2)([31]27,22,7)([32]3,30,2)([33]8,18,7)([34]7,24,7)([35]11,24,7)([36]16,4,1)([37]18,20,0)([38]3,11,7)([39]38,5,3)([40]13,14,6)([41]25,15,6)([42]16,40,5)([43]29,41,0)([44]4,29,4)([45]0,14,3)([46]23,21,1)([47]39,34,1)([48]38,6,5)([49]4,42,3)([50]16,47,3)([51]27,43,6)([52]22,20,7)([53]15,51,2)([54]26,7,4)([55]41,41,2)([56]55,52,5)([57]44,50,4)([58]7,22,7)([59]10,34,3)([60]2,58,3)([61]49,33,2)([62]57,60,6)([63]32,56,7)([64]54,49,7)([65]17,59,4)([66]55,8,6)([67]51,44,2)([68]63,62,6)([69]25,58,5)([70]65,28,5)([71]61,11,6)([72]64,35,5)([73]72,68,4)([74]12,69,0)([75]14,51,7)([76]47,39,5)([77]73,44,5)([78]37,40,0)([79]30,8,1)([80]73,70,5)([81]80,52,7)([82]22,62,2)([83]37,61,2)([84]1,51,3)([85]82,27,2)([86]27,64,6)(81)
evaluations: 17900024
first invidual area: 157.43
{7,1,80,1,2,1,8}([7]2,6,7)([8]5,4,3)([9]5,2,2)([10]3,9,7)([11]9,1,4)([12]7,3,3)([13]11,5,6)([14]12,0,2)([15]13,8,6)([16]0,6,1)([17]8,0,3)([18]4,14,6)([19]8,6,7)([20]18,19,5)([21]7,10,3)([22]1,16,2)([23]0,6,6)([24]22,4,7)([25]21,18,7)([26]6,14,6)([27]0,23,6)([28]15,27,7)([29]24,11,4)([30]19,28,2)([31]22,23,4)([32]25,4,6)([33]29,5,0)([34]7,24,7)([35]34,18,4)([36]2,35,3)([37]29,22,3)([38]5,10,6)([39]0,18,5)([40]1,19,7)([41]32,5,6)([42]10,22,0)([43]28,23,4)([44]10,24,5)([45]25,30,1)([46]31,14,0)([47]3,30,5)([48]16,20,6)([49]7,27,5)([50]13,44,4)([51]47,37,6)([52]22,49,1)([53]2,4,1)([54]37,20,5)([55]44,24,2)([56]2,32,4)([57]52,7,0)([58]7,26,7)([59]42,34,6)([60]8,50,2)([61]58,13,0)([62]50,36,6)([63]47,32,7)([64]58,48,7)([65]15,59,4)([66]25,61,2)([67]32,9,6)([68]63,62,6)([69]1,46,1)([70]28,65,5)([71]54,66,5)([72]64,29,5)([73]72,68,4)([74]43,39,2)([75]5,36,6)([76]15,45,2)([77]5,54,0)([78]71,7,0)([79]24,4,4)([80]73,70,5)([81]80,31,4)([82]37,39,1)([83]60,61,0)([84]59,37,0)([85]8,3,5)([86]34,70,5)(81)
optimized area: 141.50
time: 1273158 ms
