seed: 1633851821
NOT FOUND
time: 521424 ms
seed: 1633938688
{7,1,80,1,2,1,8}([7]1,2,2)([8]3,1,0)([9]7,6,7)([10]4,6,4)([11]3,7,6)([12]3,11,1)([13]10,1,3)([14]5,2,4)([15]1,10,2)([16]13,0,3)([17]5,11,4)([18]15,6,5)([19]7,8,5)([20]17,0,3)([21]10,11,7)([22]7,10,7)([23]18,1,2)([24]18,20,4)([25]16,24,4)([26]8,9,5)([27]4,18,6)([28]22,19,7)([29]26,16,2)([30]26,27,7)([31]27,26,7)([32]28,29,5)([33]15,18,4)([34]14,13,5)([35]8,4,6)([36]19,35,1)([37]9,11,4)([38]29,9,5)([39]4,8,2)([40]25,22,5)([41]32,14,3)([42]0,34,5)([43]2,41,5)([44]24,38,7)([45]14,35,7)([46]45,42,4)([47]0,0,0)([48]43,9,3)([49]30,47,0)([50]40,37,7)([51]14,9,3)([52]47,49,3)([53]27,22,2)([54]45,8,0)([55]28,50,1)([56]34,46,5)([57]8,38,3)([58]52,29,3)([59]5,44,4)([60]58,25,4)([61]59,50,6)([62]48,36,6)([63]62,60,4)([64]56,33,4)([65]48,64,2)([66]65,63,6)([67]46,34,7)([68]3,5,3)([69]13,42,3)([70]61,9,7)([71]64,37,1)([72]15,5,6)([73]40,50,7)([74]23,61,6)([75]21,1,2)([76]44,11,5)([77]9,68,5)([78]45,28,3)([79]54,14,1)([80]39,66,6)([81]61,66,3)([82]18,7,2)([83]69,73,7)([84]83,80,5)([85]29,39,6)([86]50,43,5)(81)
evaluations: 32721719
first invidual area: 151.33
{7,1,80,1,2,1,8}([7]2,1,2)([8]5,2,4)([9]6,7,7)([10]4,6,4)([11]7,3,6)([12]4,3,3)([13]10,1,3)([14]5,11,4)([15]10,1,2)([16]0,13,3)([17]7,11,7)([18]15,6,5)([19]11,12,0)([20]14,0,6)([21]1,14,3)([22]20,8,6)([23]4,19,4)([24]18,20,7)([25]24,16,4)([26]3,9,5)([27]12,0,5)([28]15,26,6)([29]26,13,2)([30]1,1,2)([31]9,11,7)([32]7,10,7)([33]27,31,7)([34]8,13,5)([35]2,5,3)([36]27,7,0)([37]19,14,6)([38]29,9,5)([39]30,3,2)([40]25,32,5)([41]36,8,3)([42]18,13,5)([43]2,41,5)([44]24,38,4)([45]12,0,7)([46]45,8,4)([47]3,45,2)([48]43,9,3)([49]7,4,2)([50]40,31,4)([51]19,35,1)([52]0,28,3)([53]15,18,5)([54]27,30,6)([55]0,1,6)([56]34,46,5)([57]33,54,5)([58]52,29,3)([59]5,44,7)([60]58,25,7)([61]59,50,6)([62]48,39,3)([63]62,60,4)([64]56,53,4)([65]48,64,2)([66]65,63,6)([67]61,37,1)([68]14,37,5)([69]58,49,0)([70]69,3,2)([71]30,67,0)([72]58,1,4)([73]41,26,0)([74]65,17,1)([75]11,29,5)([76]21,63,2)([77]4,41,7)([78]44,66,7)([79]29,43,0)([80]61,41,3)([81]61,66,3)([82]43,11,2)([83]9,13,6)([84]39,42,3)([85]66,22,0)([86]48,44,5)(81)
optimized area: 136.33
time: 588930 ms
seed: 1633966431
{7,1,80,1,2,1,8}([7]2,4,6)([8]4,5,7)([9]5,2,5)([10]5,7,5)([11]7,6,4)([12]1,7,4)([13]12,11,6)([14]10,3,4)([15]9,12,7)([16]3,2,5)([17]13,9,7)([18]1,7,2)([19]3,17,2)([20]17,8,6)([21]9,19,0)([22]16,1,3)([23]8,3,7)([24]6,21,6)([25]23,12,5)([26]18,6,3)([27]2,24,7)([28]0,22,0)([29]20,0,4)([30]14,19,6)([31]1,28,2)([32]5,29,3)([33]27,26,4)([34]25,10,4)([35]33,32,7)([36]17,24,0)([37]25,20,6)([38]7,35,2)([39]21,22,4)([40]17,0,4)([41]38,21,5)([42]20,39,5)([43]16,3,0)([44]37,27,6)([45]17,14,7)([46]11,39,7)([47]30,33,3)([48]14,44,4)([49]41,15,5)([50]22,16,7)([51]37,34,7)([52]39,8,1)([53]33,49,2)([54]48,35,4)([55]12,46,4)([56]54,28,7)([57]55,8,5)([58]57,47,7)([59]4,17,5)([60]44,20,2)([61]53,3,5)([62]10,35,5)([63]42,58,5)([64]34,35,7)([65]63,40,6)([66]35,61,7)([67]51,11,4)([68]27,58,6)([69]55,24,3)([70]57,2,2)([71]56,66,2)([72]64,30,2)([73]65,71,6)([74]54,33,5)([75]47,41,1)([76]28,43,4)([77]16,22,2)([78]75,44,1)([79]58,51,1)([80]38,33,5)([81]79,53,4)([82]62,27,1)([83]27,44,7)([84]22,6,4)([85]11,77,5)([86]66,85,6)(73)
evaluations: 28347091
first invidual area: 154.62
{7,1,80,1,2,1,8}([7]4,2,6)([8]5,4,7)([9]5,2,5)([10]5,7,5)([11]6,7,4)([12]1,7,4)([13]12,11,6)([14]10,3,4)([15]12,9,6)([16]10,0,2)([17]7,10,4)([18]1,11,2)([19]16,7,5)([20]13,8,3)([21]20,16,7)([22]20,14,5)([23]12,9,7)([24]6,9,3)([25]22,18,2)([26]9,1,5)([27]2,24,5)([28]9,13,4)([29]3,2,5)([30]0,10,0)([31]25,6,3)([32]5,21,6)([33]27,31,4)([34]24,25,1)([35]32,33,4)([36]14,16,6)([37]1,29,6)([38]28,26,7)([39]24,7,1)([40]28,30,7)([41]30,31,4)([42]37,9,5)([43]25,27,6)([44]2,34,0)([45]0,43,5)([46]36,44,2)([47]36,33,3)([48]43,14,7)([49]19,23,5)([50]30,42,2)([51]35,27,2)([52]39,6,4)([53]33,49,2)([54]48,35,7)([55]6,26,4)([56]54,30,7)([57]55,8,5)([58]47,57,7)([59]49,17,6)([60]51,23,5)([61]53,3,5)([62]44,9,1)([63]42,58,5)([64]54,6,4)([65]63,40,6)([66]35,61,7)([67]6,47,2)([68]33,6,7)([69]18,66,7)([70]66,56,2)([71]24,58,3)([72]29,53,4)([73]65,70,6)([74]48,28,1)([75]36,27,2)([76]55,19,2)([77]18,19,6)([78]21,52,7)([79]44,34,4)([80]49,73,4)([81]20,68,6)([82]39,21,1)([83]27,78,7)([84]62,70,7)([85]36,49,7)([86]69,44,2)(73)
optimized area: 137.26
time: 636221 ms
seed: 1633989335
{7,1,80,1,2,1,8}([7]4,2,4)([8]0,7,7)([9]5,8,3)([10]9,3,4)([11]3,4,3)([12]3,7,7)([13]0,6,5)([14]0,4,2)([15]14,7,5)([16]0,6,6)([17]16,7,6)([18]11,10,2)([19]9,13,5)([20]4,17,6)([21]14,12,2)([22]5,20,4)([23]13,11,4)([24]10,6,5)([25]2,24,0)([26]19,17,2)([27]26,3,6)([28]13,1,2)([29]16,4,7)([30]17,8,0)([31]28,18,3)([32]26,28,6)([33]18,12,7)([34]27,26,4)([35]27,29,7)([36]31,16,4)([37]21,36,7)([38]29,0,4)([39]26,5,5)([40]22,36,7)([41]19,34,2)([42]26,40,0)([43]30,39,6)([44]37,32,6)([45]28,0,2)([46]45,35,3)([47]7,2,2)([48]19,11,6)([49]7,46,1)([50]38,44,2)([51]23,12,3)([52]1,46,4)([53]52,15,5)([54]33,53,6)([55]24,50,5)([56]22,41,3)([57]37,35,5)([58]57,56,4)([59]54,58,3)([60]14,44,7)([61]0,31,6)([62]37,34,6)([63]2,15,7)([64]29,60,5)([65]31,6,6)([66]41,39,7)([67]63,26,7)([68]59,55,6)([69]30,39,1)([70]30,9,7)([71]44,21,7)([72]25,56,6)([73]52,1,2)([74]19,65,0)([75]59,55,5)([76]8,26,7)([77]20,18,3)([78]38,2,4)([79]44,35,2)([80]52,75,5)([81]25,46,1)([82]23,46,5)([83]71,62,2)([84]51,18,7)([85]72,2,7)([86]54,38,6)(75)
evaluations: 12098534
first invidual area: 129.76
{7,1,80,1,2,1,8}([7]4,2,4)([8]7,0,7)([9]8,5,3)([10]3,9,4)([11]0,7,0)([12]7,3,7)([13]0,6,5)([14]4,12,2)([15]14,11,5)([16]11,6,6)([17]7,16,6)([18]16,4,7)([19]13,9,5)([20]4,17,3)([21]10,20,2)([22]20,5,7)([23]15,12,4)([24]6,12,0)([25]1,1,6)([26]19,17,2)([27]3,26,6)([28]13,1,2)([29]2,28,2)([30]3,12,5)([31]28,21,3)([32]8,2,5)([33]25,11,7)([34]26,28,6)([35]18,27,7)([36]31,16,7)([37]15,36,7)([38]15,9,6)([39]9,7,6)([40]8,35,2)([41]30,19,2)([42]29,25,0)([43]39,1,6)([44]37,34,6)([45]44,32,2)([46]42,35,3)([47]1,46,4)([48]6,10,5)([49]35,37,5)([50]36,46,5)([51]8,21,0)([52]12,45,6)([53]47,50,5)([54]52,53,6)([55]48,45,5)([56]41,22,3)([57]3,35,5)([58]49,56,4)([59]54,58,3)([60]47,1,0)([61]42,39,6)([62]39,61,5)([63]62,20,1)([64]52,52,1)([65]63,6,5)([66]29,38,2)([67]50,19,5)([68]25,50,7)([69]18,58,5)([70]46,36,7)([71]51,44,2)([72]31,20,5)([73]48,42,1)([74]32,61,6)([75]59,55,5)([76]44,63,7)([77]53,44,7)([78]62,35,7)([79]61,37,3)([80]70,44,2)([81]6,30,6)([82]54,50,2)([83]73,70,4)([84]63,32,2)([85]15,10,3)([86]0,61,2)(75)
optimized area: 118.96
time: 729123 ms
seed: 1634038251
NOT FOUND
time: 526034 ms
seed: 1634152379
{7,1,80,1,2,1,8}([7]3,1,2)([8]6,1,2)([9]8,2,2)([10]3,9,3)([11]5,10,7)([12]1,4,7)([13]8,9,0)([14]5,13,7)([15]8,9,7)([16]11,6,3)([17]15,2,7)([18]0,2,2)([19]12,10,4)([20]14,2,3)([21]16,12,2)([22]0,6,7)([23]11,20,5)([24]7,22,6)([25]17,24,6)([26]3,19,5)([27]23,1,7)([28]17,24,7)([29]16,18,0)([30]4,23,6)([31]2,1,4)([32]19,25,4)([33]14,5,2)([34]30,25,4)([35]33,30,0)([36]25,6,7)([37]32,31,6)([38]5,26,4)([39]35,0,4)([40]32,18,4)([41]39,33,3)([42]2,23,3)([43]28,21,6)([44]41,2,4)([45]34,12,7)([46]29,2,5)([47]6,28,0)([48]41,36,3)([49]16,2,7)([50]11,45,7)([51]27,37,3)([52]17,29,3)([53]50,39,7)([54]47,44,3)([55]41,46,7)([56]2,26,1)([57]40,48,2)([58]43,53,3)([59]49,12,4)([60]52,51,7)([61]14,6,7)([62]58,56,7)([63]61,51,0)([64]41,33,3)([65]36,21,1)([66]19,60,5)([67]20,52,1)([68]50,19,4)([69]57,38,5)([70]56,42,6)([71]62,60,2)([72]37,11,5)([73]15,64,2)([74]62,51,6)([75]4,31,4)([76]55,71,7)([77]68,61,7)([78]55,0,5)([79]15,14,2)([80]46,49,6)([81]57,6,3)([82]19,73,6)([83]49,31,6)([84]19,62,4)([85]41,60,3)([86]76,69,5)(86)
evaluations: 34062846
first invidual area: 167.76
{7,1,80,1,2,1,8}([7]2,1,0)([8]6,1,2)([9]8,7,2)([10]3,9,3)([11]10,5,7)([12]1,4,7)([13]1,10,2)([14]5,8,7)([15]7,12,0)([16]6,11,3)([17]8,15,3)([18]0,15,5)([19]12,10,4)([20]15,14,3)([21]16,12,2)([22]0,6,7)([23]11,20,5)([24]22,13,6)([25]24,17,6)([26]2,23,7)([27]16,26,3)([28]17,24,7)([29]23,1,7)([30]23,4,5)([31]19,3,5)([32]22,19,4)([33]14,5,2)([34]0,30,7)([35]19,18,7)([36]33,1,0)([37]5,31,4)([38]25,36,3)([39]27,22,2)([40]21,7,0)([41]0,33,3)([42]24,20,2)([43]28,40,6)([44]26,32,6)([45]38,29,7)([46]16,15,5)([47]31,7,3)([48]41,44,3)([49]35,48,2)([50]11,45,7)([51]29,44,3)([52]24,26,7)([53]50,34,4)([54]43,36,6)([55]41,46,4)([56]55,18,5)([57]14,30,0)([58]53,43,6)([59]40,2,3)([60]27,51,7)([61]18,8,1)([62]58,7,7)([63]39,1,2)([64]5,34,7)([65]1,17,4)([66]62,53,3)([67]38,7,6)([68]8,49,3)([69]49,37,5)([70]63,4,4)([71]62,60,5)([72]41,31,6)([73]28,24,3)([74]30,64,0)([75]18,25,2)([76]71,55,7)([77]42,69,6)([78]6,18,1)([79]12,3,6)([80]9,7,7)([81]0,40,4)([82]67,6,0)([83]74,60,0)([84]50,18,1)([85]54,14,4)([86]76,69,5)(86)
optimized area: 150.87
time: 591552 ms
seed: 1634199681
NOT FOUND
time: 530274 ms
seed: 1634248668
NOT FOUND
time: 533007 ms
seed: 1634296823
NOT FOUND
time: 532920 ms
seed: 1634337267
{7,1,80,1,2,1,8}([7]1,5,7)([8]0,2,4)([9]6,5,4)([10]8,6,2)([11]10,4,4)([12]4,8,3)([13]0,10,4)([14]9,2,3)([15]9,5,4)([16]13,1,2)([17]2,13,2)([18]16,0,6)([19]16,3,3)([20]17,15,4)([21]6,13,4)([22]20,19,7)([23]7,11,1)([24]23,11,7)([25]11,7,2)([26]22,0,4)([27]20,8,7)([28]11,14,3)([29]14,24,3)([30]14,3,3)([31]20,9,4)([32]31,24,2)([33]4,23,6)([34]3,6,6)([35]11,34,0)([36]26,3,6)([37]25,14,6)([38]32,34,7)([39]26,37,3)([40]11,18,7)([41]31,1,5)([42]9,37,4)([43]9,40,2)([44]24,21,5)([45]29,40,7)([46]8,5,5)([47]44,19,7)([48]27,45,5)([49]28,14,6)([50]49,40,2)([51]42,13,1)([52]49,36,4)([53]23,14,2)([54]42,47,5)([55]2,40,6)([56]55,12,3)([57]51,39,4)([58]20,53,2)([59]40,52,6)([60]24,3,0)([61]59,54,5)([62]57,44,3)([63]61,11,4)([64]56,28,4)([65]57,6,5)([66]57,63,4)([67]2,0,1)([68]4,35,7)([69]8,48,6)([70]38,22,3)([71]66,69,3)([72]0,61,1)([73]2,65,5)([74]49,54,1)([75]37,7,2)([76]41,23,1)([77]65,54,2)([78]71,70,5)([79]18,49,0)([80]63,9,6)([81]13,25,6)([82]78,45,4)([83]32,66,5)([84]63,78,7)([85]62,54,0)([86]43,25,2)(78)
evaluations: 12222098
first invidual area: 159.79
{7,1,80,1,2,1,8}([7]1,5,7)([8]0,2,4)([9]6,5,4)([10]6,8,2)([11]10,4,4)([12]4,2,6)([13]0,10,4)([14]1,5,3)([15]13,2,5)([16]1,13,2)([17]8,12,1)([18]3,16,6)([19]7,4,7)([20]15,6,7)([21]9,2,3)([22]20,18,4)([23]16,0,3)([24]11,7,4)([25]18,2,5)([26]0,22,4)([27]14,17,5)([28]1,27,5)([29]26,3,3)([30]23,21,3)([31]9,20,4)([32]24,31,5)([33]11,7,2)([34]32,25,7)([35]1,33,7)([36]30,0,1)([37]21,33,6)([38]37,9,0)([39]26,37,6)([40]37,9,6)([41]24,32,5)([42]41,4,2)([43]16,5,2)([44]30,29,4)([45]34,16,7)([46]41,3,7)([47]16,9,0)([48]8,4,3)([49]33,44,4)([50]23,11,4)([51]17,38,3)([52]33,51,3)([53]43,32,0)([54]46,9,5)([55]18,38,2)([56]39,40,7)([57]31,20,5)([58]40,54,2)([59]50,44,6)([60]54,6,7)([61]59,54,5)([62]9,9,0)([63]11,61,4)([64]54,19,1)([65]15,11,6)([66]56,63,4)([67]28,47,7)([68]59,2,1)([69]20,27,6)([70]22,34,3)([71]66,69,3)([72]64,12,6)([73]35,32,0)([74]11,22,0)([75]24,25,2)([76]28,8,6)([77]70,71,5)([78]34,50,4)([79]28,23,5)([80]53,32,1)([81]17,42,3)([82]60,49,3)([83]58,58,5)([84]37,31,6)([85]32,12,1)([86]27,73,7)(77)
optimized area: 133.53
time: 665546 ms
seed: 1634386213
NOT FOUND
time: 525552 ms
seed: 1634435216
NOT FOUND
time: 530745 ms
seed: 1634495534
NOT FOUND
time: 516065 ms
seed: 1634594698
NOT FOUND
time: 533835 ms
seed: 1634643511
{7,1,80,1,2,1,8}([7]4,1,4)([8]2,0,7)([9]5,3,7)([10]1,0,7)([11]0,6,4)([12]10,6,2)([13]7,3,4)([14]4,5,6)([15]11,13,5)([16]8,13,5)([17]14,16,7)([18]13,17,4)([19]5,10,6)([20]2,18,6)([21]3,6,7)([22]5,6,0)([23]13,19,7)([24]21,16,2)([25]19,17,7)([26]20,1,6)([27]22,22,3)([28]22,2,4)([29]0,24,4)([30]29,29,6)([31]23,24,4)([32]23,5,3)([33]4,20,4)([34]25,0,4)([35]24,11,7)([36]34,9,5)([37]30,27,7)([38]28,31,7)([39]26,36,4)([40]22,25,5)([41]38,20,2)([42]34,11,6)([43]11,10,2)([44]42,17,3)([45]32,28,3)([46]15,2,2)([47]37,41,7)([48]39,12,6)([49]31,43,7)([50]43,8,3)([51]46,1,1)([52]49,45,4)([53]46,26,5)([54]8,11,2)([55]0,36,2)([56]50,42,4)([57]56,52,6)([58]48,53,2)([59]22,29,3)([60]49,29,7)([61]46,21,6)([62]47,57,6)([63]44,23,4)([64]48,51,0)([65]17,48,3)([66]28,11,4)([67]57,5,2)([68]26,47,2)([69]12,49,3)([70]57,40,0)([71]28,33,1)([72]9,38,3)([73]61,12,6)([74]13,14,7)([75]62,58,3)([76]13,59,5)([77]6,76,0)([78]49,25,7)([79]51,30,7)([80]71,48,5)([81]66,10,1)([82]62,24,3)([83]11,15,7)([84]23,33,2)([85]60,6,5)([86]67,84,2)(75)
evaluations: 11757211
first invidual area: 155.12
{7,1,80,1,2,1,8}([7]3,4,4)([8]2,0,7)([9]5,0,0)([10]1,0,7)([11]0,6,4)([12]9,3,0)([13]1,7,4)([14]4,5,6)([15]11,13,5)([16]13,8,5)([17]13,16,5)([18]14,17,7)([19]5,10,3)([20]18,2,6)([21]19,13,7)([22]6,3,7)([23]10,6,2)([24]22,16,2)([25]5,3,7)([26]10,11,2)([27]18,21,4)([28]20,1,6)([29]24,9,4)([30]9,27,0)([31]24,21,3)([32]9,31,4)([33]19,14,0)([34]27,0,7)([35]33,15,3)([36]25,34,5)([37]7,11,1)([38]29,0,7)([39]36,28,4)([40]23,39,6)([41]20,32,5)([42]36,15,2)([43]40,33,6)([44]2,42,5)([45]5,37,3)([46]9,16,0)([47]38,41,7)([48]7,17,0)([49]9,39,6)([50]26,8,6)([51]11,34,6)([52]31,45,5)([53]41,4,5)([54]44,40,2)([55]54,45,3)([56]50,51,7)([57]52,56,6)([58]9,55,0)([59]49,48,4)([60]5,7,3)([61]60,51,4)([62]47,57,6)([63]38,19,1)([64]51,27,1)([65]39,31,3)([66]62,54,3)([67]10,15,4)([68]64,50,4)([69]55,7,5)([70]54,68,2)([71]16,67,2)([72]47,46,1)([73]66,62,6)([74]34,73,5)([75]16,67,3)([76]55,31,6)([77]15,72,3)([78]22,54,3)([79]34,37,1)([80]28,71,1)([81]53,71,1)([82]64,61,2)([83]55,34,6)([84]22,16,4)([85]50,75,0)([86]74,76,0)(66)
optimized area: 134.00
time: 684106 ms
seed: 1634686032
{7,1,80,1,2,1,8}([7]4,3,3)([8]1,4,7)([9]3,7,7)([10]3,6,3)([11]7,0,3)([12]4,11,4)([13]12,10,6)([14]12,9,0)([15]0,12,4)([16]5,13,4)([17]0,15,3)([18]16,17,7)([19]3,15,5)([20]6,9,2)([21]8,20,7)([22]2,2,6)([23]8,21,1)([24]22,1,6)([25]3,11,1)([26]24,19,6)([27]21,23,6)([28]7,16,4)([29]27,7,7)([30]23,28,6)([31]16,27,1)([32]10,29,6)([33]22,31,4)([34]33,29,5)([35]16,34,2)([36]31,12,7)([37]21,27,3)([38]33,32,7)([39]10,32,2)([40]33,20,7)([41]35,37,7)([42]6,17,2)([43]13,9,6)([44]38,18,2)([45]36,27,7)([46]0,35,2)([47]29,24,3)([48]43,42,3)([49]45,26,2)([50]41,9,1)([51]30,23,5)([52]20,37,5)([53]40,48,2)([54]50,53,5)([55]50,44,6)([56]49,55,3)([57]16,22,6)([58]56,0,7)([59]46,58,4)([60]21,48,3)([61]0,47,0)([62]11,25,7)([63]54,59,2)([64]46,32,5)([65]44,40,3)([66]52,23,2)([67]43,22,3)([68]51,64,0)([69]62,31,6)([70]67,6,0)([71]44,58,2)([72]18,21,4)([73]57,30,2)([74]3,12,4)([75]50,43,2)([76]23,63,2)([77]73,51,5)([78]11,41,4)([79]73,63,6)([80]40,57,0)([81]70,57,4)([82]47,60,7)([83]30,29,2)([84]58,79,7)([85]17,74,5)([86]17,52,5)(79)
evaluations: 10802586
first invidual area: 152.72
{7,1,80,1,2,1,8}([7]4,3,3)([8]1,4,7)([9]3,7,7)([10]3,6,3)([11]3,0,6)([12]4,11,6)([13]0,12,4)([14]12,10,6)([15]13,0,3)([16]14,5,4)([17]0,5,0)([18]9,13,5)([19]2,10,1)([20]6,9,2)([21]8,9,1)([22]19,16,7)([23]22,19,5)([24]1,19,6)([25]16,15,7)([26]18,24,6)([27]21,20,6)([28]20,10,1)([29]7,27,7)([30]21,5,5)([31]8,28,6)([32]0,14,5)([33]1,10,6)([34]19,29,5)([35]34,16,2)([36]33,22,7)([37]36,20,5)([38]25,17,3)([39]37,6,2)([40]1,14,5)([41]35,31,7)([42]22,41,5)([43]15,42,4)([44]0,35,5)([45]37,29,6)([46]25,4,4)([47]46,29,4)([48]24,39,4)([49]26,47,2)([50]25,36,2)([51]46,12,7)([52]31,34,5)([53]8,40,6)([54]43,39,5)([55]50,41,6)([56]49,55,6)([57]56,18,2)([58]0,56,7)([59]52,7,3)([60]44,58,4)([61]25,22,1)([62]54,60,2)([63]55,51,3)([64]34,62,5)([65]27,53,6)([66]51,42,1)([67]23,41,5)([68]3,36,2)([69]1,11,7)([70]36,55,5)([71]32,55,3)([72]7,35,6)([73]24,72,2)([74]62,73,6)([75]53,52,4)([76]48,58,7)([77]14,12,1)([78]1,9,4)([79]65,54,1)([80]21,34,6)([81]5,5,0)([82]50,32,7)([83]79,14,5)([84]29,66,2)([85]70,20,2)([86]61,73,5)(74)
optimized area: 132.56
time: 1173094 ms
seed: 1634714454
NOT FOUND
time: 528821 ms
seed: 1634763753
NOT FOUND
time: 992469 ms
seed: 1634828904
NOT FOUND
time: 983239 ms
seed: 1634953571
{7,1,80,1,2,1,8}([7]1,6,7)([8]3,0,3)([9]6,2,5)([10]7,2,2)([11]9,2,7)([12]11,7,3)([13]0,12,3)([14]5,13,7)([15]0,3,7)([16]1,6,2)([17]0,9,4)([18]15,7,7)([19]5,8,2)([20]19,2,7)([21]20,4,7)([22]21,1,4)([23]17,10,3)([24]22,19,6)([25]24,11,6)([26]18,22,3)([27]3,4,7)([28]25,4,6)([29]8,16,7)([30]0,28,4)([31]6,29,5)([32]13,21,3)([33]8,5,7)([34]1,33,3)([35]10,8,1)([36]29,25,0)([37]3,31,3)([38]26,32,4)([39]24,36,3)([40]14,17,4)([41]27,38,6)([42]36,18,3)([43]26,42,4)([44]2,17,4)([45]10,13,5)([46]43,23,6)([47]41,46,3)([48]7,43,1)([49]20,1,3)([50]7,37,7)([51]6,34,7)([52]9,38,1)([53]44,1,7)([54]5,30,4)([55]34,52,5)([56]13,0,2)([57]47,55,2)([58]47,13,3)([59]21,54,5)([60]12,0,4)([61]54,12,2)([62]17,39,1)([63]1,35,2)([64]32,21,5)([65]20,5,7)([66]52,8,7)([67]14,51,2)([68]55,12,3)([69]66,68,3)([70]34,55,7)([71]67,10,4)([72]15,50,5)([73]51,52,5)([74]36,42,7)([75]57,51,7)([76]47,38,3)([77]3,10,7)([78]57,61,4)([79]32,64,2)([80]5,18,1)([81]75,26,6)([82]51,9,2)([83]56,71,2)([84]27,81,5)([85]3,19,3)([86]53,22,2)(78)
evaluations: 36807373
first invidual area: 124.64
{7,1,80,1,2,1,8}([7]6,1,7)([8]0,3,3)([9]2,6,5)([10]7,2,2)([11]9,2,2)([12]7,11,3)([13]0,12,3)([14]9,0,4)([15]3,7,4)([16]0,15,4)([17]0,9,0)([18]1,6,5)([19]8,5,2)([20]19,2,7)([21]4,20,7)([22]1,21,4)([23]14,10,3)([24]22,19,6)([25]24,11,6)([26]22,16,3)([27]4,3,7)([28]25,4,6)([29]5,26,7)([30]13,21,3)([31]5,28,4)([32]9,2,1)([33]8,31,7)([34]19,0,7)([35]18,15,5)([36]24,0,1)([37]20,33,7)([38]26,30,4)([39]12,33,3)([40]33,14,4)([41]27,38,6)([42]29,3,6)([43]35,38,7)([44]28,41,7)([45]19,1,5)([46]43,23,6)([47]41,46,3)([48]0,31,4)([49]40,13,4)([50]10,47,7)([51]49,27,2)([52]12,26,5)([53]45,11,6)([54]6,45,3)([55]39,32,5)([56]17,19,0)([57]47,55,5)([58]34,30,1)([59]56,18,5)([60]36,19,6)([61]48,12,5)([62]30,36,4)([63]58,8,2)([64]51,63,2)([65]18,24,0)([66]39,45,7)([67]40,26,3)([68]36,29,3)([69]41,64,2)([70]23,39,4)([71]2,3,4)([72]53,68,2)([73]66,26,4)([74]8,65,4)([75]60,63,4)([76]52,16,2)([77]60,64,0)([78]57,61,4)([79]12,71,3)([80]66,21,1)([81]68,17,4)([82]58,23,1)([83]18,12,5)([84]41,55,7)([85]72,24,5)([86]78,47,1)(78)
optimized area: 115.72
time: 1043009 ms
seed: 1635083657
NOT FOUND
time: 973097 ms
seed: 1635121567
{7,1,80,1,2,1,8}([7]2,3,2)([8]3,4,4)([9]7,4,6)([10]5,3,7)([11]1,6,2)([12]0,5,2)([13]7,4,7)([14]8,12,1)([15]1,14,6)([16]1,13,5)([17]3,6,5)([18]11,13,6)([19]16,2,7)([20]18,1,2)([21]12,12,2)([22]9,6,4)([23]10,17,5)([24]19,3,4)([25]15,12,4)([26]25,17,7)([27]10,22,2)([28]1,26,7)([29]27,24,7)([30]21,21,7)([31]15,7,2)([32]20,29,6)([33]32,2,7)([34]27,2,6)([35]6,19,5)([36]22,15,5)([37]33,2,5)([38]13,23,3)([39]4,22,5)([40]26,11,5)([41]34,25,5)([42]41,33,4)([43]30,4,1)([44]0,10,6)([45]39,22,7)([46]44,36,5)([47]35,38,0)([48]25,17,4)([49]6,26,5)([50]45,10,6)([51]19,44,6)([52]34,40,6)([53]52,19,0)([54]23,38,5)([55]21,11,7)([56]52,32,4)([57]42,0,7)([58]31,57,3)([59]56,50,7)([60]11,39,6)([61]39,8,4)([62]59,58,5)([63]52,27,3)([64]12,1,7)([65]42,48,3)([66]51,14,2)([67]24,60,0)([68]28,11,5)([69]52,1,1)([70]46,62,2)([71]67,46,6)([72]14,1,2)([73]11,61,4)([74]53,34,1)([75]67,57,7)([76]11,59,1)([77]53,12,3)([78]47,1,3)([79]29,55,2)([80]73,31,5)([81]33,15,3)([82]70,35,7)([83]73,44,3)([84]40,46,0)([85]25,64,1)([86]11,22,6)(82)
evaluations: 31547858
first invidual area: 130.71
{7,1,80,1,2,1,8}([7]2,3,2)([8]4,1,0)([9]8,8,1)([10]3,5,7)([11]2,4,2)([12]1,4,5)([13]7,12,4)([14]4,3,7)([15]1,14,6)([16]1,13,5)([17]6,2,0)([18]17,13,6)([19]16,2,7)([20]9,13,5)([21]0,5,2)([22]20,6,7)([23]3,19,7)([24]6,1,2)([25]15,21,3)([26]0,23,4)([27]10,22,2)([28]22,9,2)([29]23,27,4)([30]0,10,6)([31]11,30,4)([32]18,29,6)([33]10,0,5)([34]2,27,6)([35]6,19,5)([36]22,15,5)([37]35,6,0)([38]36,30,5)([39]32,2,4)([40]33,24,5)([41]34,25,5)([42]41,39,7)([43]15,7,2)([44]2,16,0)([45]8,30,1)([46]29,25,3)([47]22,5,5)([48]16,22,0)([49]44,24,6)([50]28,10,6)([51]48,11,7)([52]34,40,6)([53]14,9,5)([54]27,37,2)([55]10,2,6)([56]52,32,4)([57]42,0,7)([58]43,57,3)([59]56,50,7)([60]34,43,7)([61]48,35,6)([62]59,58,5)([63]54,10,0)([64]33,15,0)([65]27,63,5)([66]11,32,0)([67]31,37,2)([68]0,19,3)([69]24,63,6)([70]38,62,5)([71]7,70,4)([72]46,40,1)([73]38,42,7)([74]5,25,6)([75]55,20,3)([76]22,74,4)([77]68,44,7)([78]27,43,3)([79]56,27,6)([80]35,17,3)([81]47,46,7)([82]70,35,4)([83]74,47,0)([84]70,30,5)([85]52,50,5)([86]68,85,5)(82)
optimized area: 118.04
time: 587072 ms
seed: 1635170524
NOT FOUND
time: 524958 ms
seed: 1635281986
NOT FOUND
time: 980203 ms
seed: 1635439417
{7,1,80,1,2,1,8}([7]5,2,7)([8]1,6,4)([9]8,4,3)([10]6,1,2)([11]10,3,3)([12]8,4,4)([13]2,3,0)([14]0,9,7)([15]4,12,5)([16]7,1,4)([17]14,10,3)([18]7,12,3)([19]9,16,6)([20]1,7,7)([21]17,18,2)([22]13,19,6)([23]12,3,7)([24]14,4,4)([25]6,7,5)([26]22,21,3)([27]16,15,1)([28]1,15,3)([29]23,12,0)([30]29,21,2)([31]9,1,4)([32]30,6,3)([33]16,8,6)([34]5,31,5)([35]32,0,3)([36]26,7,7)([37]24,15,5)([38]13,33,6)([39]9,32,7)([40]20,32,4)([41]22,35,2)([42]13,34,7)([43]31,2,2)([44]42,38,3)([45]10,25,2)([46]39,11,4)([47]16,37,5)([48]3,25,1)([49]47,38,2)([50]1,24,6)([51]36,46,7)([52]23,41,2)([53]14,52,6)([54]40,45,2)([55]49,51,3)([56]31,29,5)([57]44,3,6)([58]47,28,3)([59]1,7,6)([60]2,49,1)([61]58,54,3)([62]1,13,4)([63]10,45,6)([64]54,0,4)([65]56,19,7)([66]53,57,3)([67]26,6,1)([68]55,52,5)([69]16,63,3)([70]20,21,5)([71]65,35,0)([72]68,45,5)([73]55,47,0)([74]0,23,1)([75]39,56,4)([76]66,55,4)([77]49,39,6)([78]22,72,0)([79]40,29,6)([80]17,61,5)([81]74,78,2)([82]34,72,4)([83]79,74,2)([84]32,58,5)([85]9,19,7)([86]7,20,3)(76)
evaluations: 17198255
first invidual area: 124.62
{7,1,80,1,2,1,8}([7]5,2,7)([8]6,1,4)([9]8,4,3)([10]6,1,2)([11]1,0,4)([12]4,8,4)([13]5,1,6)([14]0,9,7)([15]12,4,5)([16]7,1,4)([17]14,10,3)([18]3,10,3)([19]9,16,6)([20]7,12,3)([21]17,20,2)([22]2,19,6)([23]3,12,7)([24]14,4,4)([25]21,23,2)([26]9,9,5)([27]16,8,6)([28]21,22,3)([29]11,5,5)([30]3,26,0)([31]25,6,3)([32]19,27,2)([33]15,11,1)([34]11,0,5)([35]0,6,3)([36]18,7,7)([37]24,15,5)([38]2,27,6)([39]28,36,4)([40]17,20,2)([41]35,23,2)([42]3,37,0)([43]28,40,7)([44]38,3,3)([45]20,25,2)([46]31,9,7)([47]16,37,5)([48]47,38,2)([49]17,6,3)([50]41,22,6)([51]39,46,7)([52]22,41,2)([53]2,29,7)([54]22,38,2)([55]48,51,3)([56]4,27,0)([57]44,53,6)([58]4,54,0)([59]14,52,6)([60]11,15,1)([61]24,13,3)([62]57,59,3)([63]41,28,6)([64]7,31,5)([65]39,56,0)([66]13,33,1)([67]4,16,3)([68]9,58,7)([69]3,7,1)([70]29,28,7)([71]68,27,1)([72]54,18,5)([73]72,50,3)([74]62,14,5)([75]62,55,4)([76]60,62,5)([77]32,76,3)([78]73,14,1)([79]63,4,4)([80]45,75,7)([81]58,38,3)([82]49,53,6)([83]44,38,3)([84]12,24,6)([85]37,31,0)([86]70,8,1)(75)
optimized area: 124.62
time: 1152283 ms
seed: 1635546559
{7,1,80,1,2,1,8}([7]1,3,7)([8]2,3,4)([9]0,7,2)([10]4,3,7)([11]8,0,6)([12]4,6,2)([13]3,5,5)([14]11,4,4)([15]0,5,7)([16]7,11,6)([17]8,0,5)([18]4,15,4)([19]17,18,7)([20]10,13,6)([21]18,6,7)([22]9,21,5)([23]17,6,5)([24]23,0,0)([25]17,12,7)([26]0,8,7)([27]18,21,3)([28]27,23,7)([29]16,12,7)([30]27,14,4)([31]0,21,1)([32]26,10,2)([33]30,1,2)([34]15,1,2)([35]1,15,7)([36]25,19,3)([37]24,22,4)([38]37,29,5)([39]35,28,4)([40]35,25,5)([41]38,20,7)([42]26,2,7)([43]40,38,2)([44]37,9,6)([45]2,18,6)([46]16,21,3)([47]36,43,7)([48]33,20,3)([49]33,43,1)([50]2,21,3)([51]25,16,2)([52]2,33,4)([53]28,52,7)([54]50,48,5)([55]0,53,3)([56]39,9,2)([57]12,55,4)([58]7,54,6)([59]34,47,7)([60]39,32,7)([61]11,19,7)([62]50,13,7)([63]19,0,0)([64]29,61,4)([65]47,58,3)([66]60,53,3)([67]50,26,3)([68]66,27,1)([69]66,65,2)([70]9,17,5)([71]54,24,2)([72]61,44,2)([73]6,70,6)([74]19,24,2)([75]8,62,0)([76]38,23,2)([77]41,69,6)([78]10,69,7)([79]75,61,5)([80]61,41,2)([81]63,78,5)([82]1,39,6)([83]67,46,0)([84]53,25,7)([85]79,45,7)([86]82,0,3)(78)
evaluations: 35269235
first invidual area: 149.02
{7,1,80,1,2,1,8}([7]3,1,7)([8]2,3,4)([9]7,0,2)([10]3,4,7)([11]0,8,6)([12]6,4,2)([13]5,3,5)([14]11,4,4)([15]0,5,7)([16]11,7,3)([17]0,8,5)([18]4,15,4)([19]18,18,2)([20]13,15,6)([21]6,18,7)([22]9,21,5)([23]6,17,5)([24]17,19,7)([25]17,12,7)([26]8,0,7)([27]21,18,3)([28]27,23,4)([29]16,12,4)([30]14,27,4)([31]22,13,1)([32]10,26,5)([33]30,1,2)([34]17,12,5)([35]1,15,7)([36]25,24,3)([37]23,22,4)([38]37,29,5)([39]9,32,0)([40]35,25,5)([41]5,37,5)([42]28,2,7)([43]40,38,5)([44]41,37,6)([45]36,14,1)([46]20,40,7)([47]11,6,4)([48]20,33,3)([49]23,41,1)([50]36,43,4)([51]23,32,2)([52]16,34,5)([53]33,42,4)([54]41,48,5)([55]35,28,4)([56]32,23,4)([57]36,8,6)([58]7,54,6)([59]33,28,4)([60]55,32,4)([61]0,3,3)([62]10,10,7)([63]33,57,3)([64]11,8,5)([65]50,58,3)([66]60,53,5)([67]64,5,4)([68]25,66,5)([69]66,65,5)([70]16,32,0)([71]48,8,3)([72]69,10,4)([73]51,32,5)([74]19,43,1)([75]60,27,3)([76]21,39,1)([77]34,26,5)([78]71,69,5)([79]2,25,1)([80]69,61,1)([81]23,29,3)([82]60,61,7)([83]55,8,1)([84]0,62,4)([85]62,81,0)([86]51,8,3)(72)
optimized area: 146.67
time: 1088004 ms
seed: 1635602262
{7,1,80,1,2,1,8}([7]5,0,7)([8]2,0,4)([9]4,8,7)([10]3,5,4)([11]3,6,6)([12]1,10,3)([13]4,8,2)([14]7,8,2)([15]6,5,4)([16]2,13,7)([17]15,2,6)([18]11,5,7)([19]0,8,1)([20]12,14,0)([21]0,4,4)([22]5,20,4)([23]2,3,2)([24]18,17,6)([25]12,20,2)([26]16,1,7)([27]22,21,7)([28]27,24,4)([29]13,7,7)([30]24,5,7)([31]13,29,2)([32]22,27,4)([33]1,24,3)([34]24,20,5)([35]23,7,2)([36]3,5,4)([37]28,23,2)([38]28,26,3)([39]1,29,5)([40]14,30,7)([41]37,28,3)([42]41,6,3)([43]27,6,2)([44]30,24,3)([45]9,3,6)([46]8,4,5)([47]14,6,1)([48]40,31,3)([49]6,39,2)([50]49,10,2)([51]43,40,3)([52]27,0,1)([53]43,38,3)([54]14,53,7)([55]18,45,3)([56]1,15,3)([57]19,36,7)([58]57,49,1)([59]35,44,1)([60]51,50,4)([61]41,5,4)([62]61,60,3)([63]59,22,2)([64]60,55,5)([65]13,2,5)([66]62,2,6)([67]46,48,7)([68]21,35,6)([69]63,19,7)([70]24,34,7)([71]33,42,0)([72]66,69,6)([73]27,44,5)([74]20,73,3)([75]72,54,6)([76]70,17,1)([77]64,37,1)([78]75,62,1)([79]54,16,2)([80]31,35,5)([81]75,64,4)([82]44,17,6)([83]44,48,6)([84]63,28,6)([85]80,73,4)([86]23,63,5)(81)
evaluations: 40779060
first invidual area: 154.16
{7,1,80,1,2,1,8}([7]5,0,7)([8]2,0,4)([9]0,4,4)([10]3,5,4)([11]6,3,6)([12]10,1,3)([13]4,8,2)([14]7,8,2)([15]11,6,6)([16]2,1,7)([17]2,15,6)([18]11,5,7)([19]1,14,1)([20]16,13,7)([21]17,9,4)([22]12,5,4)([23]8,8,6)([24]18,17,6)([25]3,3,3)([26]25,2,2)([27]9,22,7)([28]7,27,0)([29]13,7,7)([30]24,5,4)([31]29,1,5)([32]27,24,4)([33]15,2,3)([34]6,1,0)([35]26,28,5)([36]8,22,3)([37]32,17,3)([38]32,20,3)([39]1,16,1)([40]14,30,4)([41]20,12,0)([42]5,22,1)([43]27,34,2)([44]4,5,3)([45]21,3,6)([46]4,25,1)([47]12,40,1)([48]20,26,5)([49]34,31,2)([50]49,10,5)([51]43,40,6)([52]4,40,6)([53]43,38,6)([54]14,53,4)([55]18,45,3)([56]39,52,7)([57]26,18,0)([58]48,19,5)([59]11,28,1)([60]51,50,4)([61]39,42,2)([62]52,26,3)([63]35,22,5)([64]60,55,5)([65]42,21,7)([66]62,60,6)([67]53,11,4)([68]5,22,1)([69]63,0,7)([70]31,50,7)([71]32,20,4)([72]66,69,6)([73]8,6,0)([74]26,66,6)([75]72,54,6)([76]4,4,7)([77]0,35,2)([78]65,15,7)([79]45,31,4)([80]41,5,6)([81]75,64,4)([82]46,58,4)([83]15,33,0)([84]10,63,6)([85]64,56,5)([86]21,64,1)(81)
optimized area: 140.57
time: 1123761 ms
seed: 1635649939
NOT FOUND
time: 1073996 ms
seed: 1635697673
NOT FOUND
time: 1073238 ms
seed: 1635744986
NOT FOUND
time: 1078825 ms
seed: 1635791903
{7,1,80,1,2,1,8}([7]3,5,5)([8]6,5,3)([9]0,8,5)([10]4,9,3)([11]1,6,4)([12]4,6,2)([13]9,12,5)([14]11,9,7)([15]7,13,7)([16]6,10,7)([17]14,7,6)([18]16,5,7)([19]16,2,2)([20]17,3,7)([21]3,10,7)([22]17,19,4)([23]20,18,4)([24]23,10,2)([25]24,22,3)([26]3,4,4)([27]25,11,4)([28]27,22,5)([29]26,2,7)([30]0,14,3)([31]29,30,4)([32]14,2,2)([33]31,20,3)([34]28,15,7)([35]32,5,3)([36]33,25,4)([37]36,27,5)([38]34,37,7)([39]20,36,2)([40]7,15,2)([41]1,25,5)([42]7,16,4)([43]35,33,7)([44]36,16,2)([45]41,16,5)([46]1,44,7)([47]17,25,1)([48]6,41,7)([49]37,33,7)([50]15,26,0)([51]26,48,3)([52]9,16,6)([53]24,50,5)([54]38,52,4)([55]52,47,5)([56]48,46,4)([57]7,0,5)([58]0,24,7)([59]44,44,6)([60]28,51,3)([61]38,2,6)([62]50,10,0)([63]13,23,3)([64]41,53,5)([65]29,11,2)([66]30,16,6)([67]57,21,3)([68]44,14,4)([69]61,58,4)([70]48,15,2)([71]53,22,4)([72]4,13,3)([73]31,35,4)([74]54,48,5)([75]64,28,2)([76]18,25,2)([77]37,40,5)([78]67,73,6)([79]20,13,1)([80]69,60,7)([81]3,30,3)([82]78,80,3)([83]18,56,6)([84]68,8,0)([85]73,21,5)([86]42,19,0)(82)
evaluations: 13847097
first invidual area: 151.36
{7,1,80,1,2,1,8}([7]5,3,5)([8]5,6,3)([9]8,0,5)([10]4,9,3)([11]6,1,4)([12]6,9,2)([13]4,12,5)([14]9,11,7)([15]13,7,7)([16]10,1,7)([17]7,14,6)([18]0,11,3)([19]2,16,5)([20]3,17,7)([21]6,20,7)([22]19,17,7)([23]21,5,4)([24]10,23,2)([25]24,22,6)([26]3,4,4)([27]11,25,7)([28]27,22,5)([29]25,9,1)([30]4,20,0)([31]4,18,4)([32]1,2,2)([33]20,31,3)([34]29,1,2)([35]15,28,4)([36]33,11,7)([37]36,27,5)([38]35,37,4)([39]32,21,3)([40]10,39,5)([41]36,33,0)([42]15,19,5)([43]2,38,3)([44]26,19,0)([45]37,9,6)([46]0,40,1)([47]22,1,1)([48]21,20,6)([49]11,48,2)([50]42,31,6)([51]8,33,6)([52]32,26,6)([53]2,26,4)([54]46,7,5)([55]24,46,4)([56]8,46,6)([57]46,44,2)([58]26,28,3)([59]39,53,4)([60]53,45,0)([61]14,36,2)([62]0,4,6)([63]6,48,3)([64]3,1,0)([65]64,10,7)([66]31,58,3)([67]46,65,3)([68]67,67,0)([69]43,55,7)([70]56,33,3)([71]69,58,4)([72]44,11,1)([73]71,23,0)([74]29,33,0)([75]0,57,0)([76]55,29,2)([77]28,33,7)([78]59,68,3)([79]67,76,7)([80]55,22,3)([81]80,15,6)([82]78,71,5)([83]46,77,3)([84]32,16,6)([85]76,64,2)([86]41,58,5)(82)
optimized area: 141.05
time: 1397743 ms
