seed: 1633863831
{7,1,80,1,2,1,8}([7]2,4,0)([8]2,5,3)([9]3,5,7)([10]8,4,4)([11]4,6,4)([12]4,5,4)([13]9,12,7)([14]0,9,7)([15]2,3,5)([16]15,10,2)([17]16,1,7)([18]6,16,5)([19]15,14,4)([20]10,3,2)([21]1,2,6)([22]6,14,6)([23]16,22,3)([24]16,17,5)([25]12,22,6)([26]7,11,6)([27]25,17,7)([28]9,6,5)([29]19,2,5)([30]28,20,4)([31]11,19,5)([32]20,28,7)([33]23,11,4)([34]21,18,7)([35]24,13,2)([36]0,34,3)([37]19,32,6)([38]22,30,3)([39]7,1,2)([40]20,12,3)([41]6,17,4)([42]17,29,7)([43]21,12,2)([44]36,21,5)([45]20,30,4)([46]42,36,2)([47]2,36,7)([48]28,22,7)([49]47,33,5)([50]46,32,6)([51]34,4,0)([52]17,4,7)([53]50,31,2)([54]36,17,7)([55]41,53,6)([56]8,15,0)([57]17,36,1)([58]55,44,7)([59]0,48,0)([60]8,54,3)([61]48,46,5)([62]17,55,5)([63]0,49,3)([64]62,26,7)([65]64,52,6)([66]8,63,7)([67]63,61,5)([68]13,30,7)([69]19,68,5)([70]49,2,3)([71]39,51,0)([72]48,62,0)([73]68,32,2)([74]32,36,4)([75]27,56,4)([76]55,20,2)([77]63,73,7)([78]56,36,5)([79]21,17,4)([80]62,47,2)([81]49,38,4)([82]67,58,6)([83]49,75,2)([84]43,20,3)([85]18,33,1)([86]85,13,4)(82)
evaluations: 44841798
first invidual area: 112.91
{7,1,80,1,2,1,8}([7]5,0,0)([8]5,2,3)([9]5,3,7)([10]8,4,4)([11]6,4,4)([12]9,4,0)([13]12,6,7)([14]12,0,7)([15]2,3,5)([16]15,10,2)([17]16,1,7)([18]16,6,5)([19]15,14,4)([20]3,8,0)([21]1,2,6)([22]13,9,5)([23]13,14,6)([24]11,19,5)([25]23,16,3)([26]0,6,3)([27]18,26,3)([28]21,9,4)([29]2,19,5)([30]20,10,5)([31]5,10,7)([32]30,22,4)([33]25,11,4)([34]18,21,7)([35]2,33,1)([36]0,34,3)([37]27,13,1)([38]19,16,0)([39]13,29,1)([40]36,10,0)([41]6,17,4)([42]17,29,7)([43]41,40,2)([44]40,21,5)([45]11,8,4)([46]42,36,2)([47]44,23,3)([48]41,41,5)([49]35,33,5)([50]46,32,6)([51]37,9,0)([52]3,30,2)([53]50,24,2)([54]13,11,7)([55]41,53,6)([56]26,29,6)([57]43,11,1)([58]55,44,7)([59]13,23,6)([60]19,34,4)([61]13,46,5)([62]51,13,4)([63]36,49,3)([64]48,52,4)([65]40,49,3)([66]50,36,3)([67]63,61,5)([68]58,3,2)([69]48,65,5)([70]62,65,4)([71]62,8,7)([72]21,5,0)([73]42,52,6)([74]29,67,6)([75]16,6,7)([76]24,72,0)([77]19,46,0)([78]67,71,7)([79]74,42,3)([80]28,52,3)([81]75,13,1)([82]67,58,6)([83]24,2,3)([84]20,20,7)([85]79,80,7)([86]40,74,7)(82)
optimized area: 109.15
time: 539025 ms
seed: 1633950733
{7,1,80,1,2,1,8}([7]5,1,4)([8]2,1,0)([9]8,3,2)([10]4,7,4)([11]9,1,6)([12]4,9,6)([13]5,6,7)([14]11,0,6)([15]11,10,3)([16]8,13,7)([17]16,14,7)([18]0,17,5)([19]16,18,7)([20]1,18,4)([21]3,16,7)([22]12,21,4)([23]13,2,6)([24]20,14,4)([25]8,15,7)([26]8,20,6)([27]5,3,5)([28]4,19,6)([29]22,7,7)([30]6,21,7)([31]21,4,5)([32]24,9,0)([33]32,30,3)([34]19,3,4)([35]31,21,5)([36]33,25,3)([37]17,28,7)([38]3,36,4)([39]8,12,1)([40]8,31,6)([41]38,8,4)([42]22,38,7)([43]16,42,3)([44]21,18,6)([45]37,6,0)([46]45,16,2)([47]27,41,7)([48]27,31,5)([49]20,2,6)([50]25,37,2)([51]19,26,6)([52]46,40,1)([53]24,28,7)([54]26,38,5)([55]11,38,6)([56]3,9,1)([57]29,36,7)([58]50,57,4)([59]0,23,1)([60]48,43,3)([61]35,27,3)([62]21,25,6)([63]25,41,0)([64]13,23,7)([65]3,31,5)([66]33,50,7)([67]21,20,4)([68]58,5,1)([69]54,46,4)([70]61,58,5)([71]70,69,2)([72]71,40,6)([73]28,21,4)([74]4,9,2)([75]31,27,3)([76]64,13,5)([77]48,17,2)([78]4,24,6)([79]43,27,0)([80]42,10,1)([81]32,43,0)([82]4,55,5)([83]6,33,5)([84]41,72,4)([85]77,10,1)([86]21,66,0)(84)
evaluations: 27676315
first invidual area: 140.12
{7,1,80,1,2,1,8}([7]5,1,4)([8]3,2,2)([9]4,7,4)([10]5,2,4)([11]1,8,6)([12]4,8,3)([13]7,9,3)([14]11,0,6)([15]11,10,7)([16]10,6,4)([17]16,14,7)([18]0,17,5)([19]0,16,3)([20]18,1,4)([21]3,16,7)([22]12,21,7)([23]14,20,3)([24]9,11,6)([25]2,24,4)([26]21,6,7)([27]22,22,3)([28]4,19,6)([29]7,27,7)([30]21,22,5)([31]3,6,6)([32]26,12,2)([33]23,26,3)([34]25,26,1)([35]5,16,5)([36]33,25,3)([37]17,28,7)([38]36,3,4)([39]20,2,6)([40]2,30,6)([41]14,40,0)([42]39,38,5)([43]14,17,7)([44]25,1,7)([45]37,25,5)([46]38,17,0)([47]4,2,2)([48]46,47,3)([49]25,35,1)([50]20,1,0)([51]7,25,7)([52]0,14,0)([53]38,2,7)([54]16,5,6)([55]5,26,2)([56]8,0,3)([57]29,36,5)([58]45,57,4)([59]48,47,2)([60]25,43,6)([61]35,4,3)([62]27,34,6)([63]33,5,3)([64]8,57,1)([65]60,0,6)([66]38,0,1)([67]16,37,5)([68]52,55,1)([69]42,67,2)([70]61,58,5)([71]70,69,2)([72]40,71,3)([73]33,18,3)([74]4,73,5)([75]50,34,3)([76]47,29,5)([77]28,66,1)([78]20,72,5)([79]41,36,4)([80]51,58,7)([81]6,79,3)([82]21,31,6)([83]47,58,5)([84]53,72,4)([85]39,63,4)([86]37,39,1)(84)
optimized area: 127.44
time: 630306 ms
seed: 1634001396
{7,1,80,1,2,1,8}([7]3,6,4)([8]2,1,4)([9]1,3,6)([10]8,0,7)([11]7,0,3)([12]3,5,0)([13]2,3,5)([14]4,13,2)([15]9,0,4)([16]3,1,0)([17]8,9,6)([18]5,15,4)([19]14,11,4)([20]6,19,7)([21]14,3,7)([22]20,13,4)([23]8,0,2)([24]18,4,2)([25]20,23,7)([26]21,6,4)([27]26,3,2)([28]24,22,6)([29]26,17,4)([30]17,5,4)([31]22,26,2)([32]2,27,6)([33]6,21,4)([34]23,6,6)([35]17,34,4)([36]18,10,1)([37]28,19,7)([38]7,0,1)([39]33,5,4)([40]32,17,0)([41]25,30,3)([42]28,27,4)([43]25,18,6)([44]6,33,5)([45]20,42,3)([46]32,30,5)([47]35,42,6)([48]46,43,4)([49]48,43,3)([50]20,5,5)([51]46,48,0)([52]0,32,3)([53]2,16,1)([54]52,37,6)([55]10,51,2)([56]30,4,7)([57]47,56,5)([58]43,12,5)([59]6,41,4)([60]58,59,4)([61]35,50,2)([62]60,18,1)([63]12,9,3)([64]18,60,5)([65]54,57,7)([66]59,34,2)([67]7,58,6)([68]41,49,4)([69]16,13,6)([70]39,13,2)([71]19,64,1)([72]29,51,0)([73]68,63,6)([74]36,56,3)([75]17,10,5)([76]57,26,0)([77]71,31,2)([78]27,21,6)([79]48,34,1)([80]23,70,5)([81]35,18,5)([82]43,5,6)([83]72,68,6)([84]83,65,3)([85]4,27,4)([86]55,33,4)(84)
evaluations: 28386115
first invidual area: 136.84
{7,1,80,1,2,1,8}([7]6,3,4)([8]1,2,4)([9]5,0,4)([10]0,7,3)([11]9,4,2)([12]7,0,0)([13]2,3,5)([14]4,13,2)([15]3,2,6)([16]1,5,0)([17]8,15,6)([18]8,15,0)([19]6,14,4)([20]19,10,4)([21]4,14,6)([22]20,13,7)([23]0,18,2)([24]6,23,6)([25]20,23,4)([26]7,14,7)([27]26,3,2)([28]22,11,3)([29]1,0,4)([30]17,5,4)([31]12,20,6)([32]2,27,6)([33]28,26,7)([34]14,15,1)([35]23,1,2)([36]4,30,7)([37]13,35,0)([38]12,35,5)([39]17,24,4)([40]0,32,3)([41]30,32,5)([42]28,27,7)([43]25,29,6)([44]30,25,3)([45]22,1,6)([46]32,28,5)([47]39,42,6)([48]1,0,2)([49]41,43,3)([50]0,9,1)([51]21,43,1)([52]36,33,1)([53]33,52,6)([54]40,33,6)([55]46,44,2)([56]17,26,4)([57]47,36,5)([58]41,4,4)([59]8,19,6)([60]8,45,2)([61]3,52,3)([62]0,1,0)([63]45,33,2)([64]37,55,5)([65]27,25,0)([66]64,16,6)([67]13,19,7)([68]44,49,5)([69]29,29,6)([70]48,66,1)([71]10,66,7)([72]23,61,2)([73]10,27,7)([74]53,57,7)([75]1,27,1)([76]63,7,4)([77]74,19,1)([78]47,22,5)([79]58,42,6)([80]57,54,7)([81]25,27,6)([82]73,32,2)([83]56,68,6)([84]83,80,3)([85]12,5,4)([86]50,40,0)(84)
optimized area: 124.64
time: 597251 ms
seed: 1634050200
NOT FOUND
time: 546249 ms
seed: 1634164446
NOT FOUND
time: 531847 ms
seed: 1634211714
{7,1,80,1,2,1,8}([7]5,1,3)([8]1,0,3)([9]4,3,3)([10]2,9,7)([11]6,5,7)([12]4,1,7)([13]9,10,3)([14]1,10,7)([15]6,1,4)([16]3,13,4)([17]14,0,4)([18]8,14,2)([19]18,17,4)([20]14,5,7)([21]16,11,4)([22]9,12,4)([23]18,6,4)([24]15,21,4)([25]17,11,5)([26]3,19,2)([27]10,17,5)([28]27,12,5)([29]20,26,2)([30]0,21,6)([31]15,25,2)([32]12,21,3)([33]28,7,5)([34]32,33,4)([35]33,25,7)([36]29,34,1)([37]23,2,7)([38]26,11,3)([39]37,5,0)([40]22,37,7)([41]39,6,0)([42]38,34,7)([43]31,4,3)([44]13,1,2)([45]1,39,3)([46]24,29,0)([47]0,36,2)([48]27,39,7)([49]48,30,7)([50]49,20,6)([51]21,5,5)([52]37,6,2)([53]37,16,4)([54]29,18,1)([55]8,25,5)([56]21,18,7)([57]6,46,5)([58]42,23,5)([59]44,46,1)([60]24,7,3)([61]32,14,4)([62]43,38,2)([63]58,60,0)([64]44,58,0)([65]52,45,5)([66]32,30,6)([67]50,34,5)([68]52,7,3)([69]67,62,7)([70]2,69,6)([71]68,54,5)([72]59,6,7)([73]61,1,3)([74]70,36,4)([75]63,74,2)([76]70,31,5)([77]53,16,7)([78]28,21,2)([79]60,24,5)([80]54,76,3)([81]14,42,1)([82]46,4,5)([83]60,20,6)([84]33,18,7)([85]33,59,6)([86]36,16,1)(75)
evaluations: 12748342
first invidual area: 134.48
{7,1,80,1,2,1,8}([7]4,3,6)([8]1,2,2)([9]8,3,3)([10]2,7,4)([11]6,5,7)([12]4,1,7)([13]12,6,7)([14]1,10,7)([15]0,8,3)([16]9,6,7)([17]0,14,4)([18]14,15,5)([19]17,18,7)([20]5,14,7)([21]10,17,5)([22]18,6,7)([23]17,11,5)([24]9,6,4)([25]12,21,5)([26]3,19,2)([27]20,18,6)([28]5,4,3)([29]13,23,2)([30]12,16,6)([31]13,0,1)([32]3,28,5)([33]28,25,5)([34]30,33,7)([35]5,17,7)([36]20,26,5)([37]11,17,0)([38]26,11,3)([39]31,33,6)([40]6,9,0)([41]7,6,0)([42]37,26,2)([43]34,38,7)([44]28,43,7)([45]42,36,6)([46]4,29,3)([47]13,27,4)([48]32,33,1)([49]44,25,6)([50]34,27,5)([51]4,48,1)([52]15,39,5)([53]8,3,7)([54]31,49,2)([55]6,18,1)([56]46,38,5)([57]22,43,5)([58]55,15,2)([59]56,6,3)([60]54,32,0)([61]10,12,2)([62]29,43,4)([63]54,20,7)([64]45,24,4)([65]13,35,1)([66]36,21,4)([67]50,27,6)([68]60,42,0)([69]50,56,4)([70]2,69,6)([71]30,27,3)([72]27,17,0)([73]57,36,3)([74]36,70,4)([75]33,47,6)([76]24,36,1)([77]8,66,2)([78]57,74,2)([79]35,10,2)([80]60,23,7)([81]61,52,2)([82]16,44,2)([83]21,71,0)([84]75,44,2)([85]6,40,1)([86]58,59,2)(78)
optimized area: 112.91
time: 653641 ms
seed: 1634308807
{7,1,80,1,2,1,8}([7]2,1,5)([8]5,6,7)([9]3,1,4)([10]2,8,4)([11]3,4,6)([12]3,9,2)([13]7,2,2)([14]11,13,7)([15]12,8,6)([16]10,8,6)([17]0,4,7)([18]8,14,6)([19]16,4,7)([20]6,10,2)([21]12,17,2)([22]19,21,6)([23]5,18,5)([24]11,6,0)([25]21,23,4)([26]12,15,1)([27]17,0,7)([28]25,26,1)([29]2,11,2)([30]5,22,2)([31]20,22,6)([32]10,25,4)([33]13,20,4)([34]14,3,2)([35]31,9,7)([36]29,32,3)([37]33,0,6)([38]37,14,5)([39]36,3,5)([40]35,11,4)([41]39,20,4)([42]35,1,3)([43]36,38,4)([44]24,10,3)([45]40,37,6)([46]35,26,4)([47]0,27,3)([48]26,30,2)([49]41,15,7)([50]43,45,6)([51]26,13,7)([52]25,49,4)([53]2,48,4)([54]30,36,6)([55]16,1,5)([56]45,2,4)([57]42,32,2)([58]46,21,3)([59]56,53,6)([60]59,51,6)([61]22,16,1)([62]46,59,6)([63]54,6,3)([64]16,60,6)([65]63,60,5)([66]34,47,2)([67]65,42,7)([68]22,47,7)([69]43,65,7)([70]60,39,5)([71]24,16,3)([72]50,63,4)([73]68,52,6)([74]47,0,1)([75]57,37,1)([76]3,35,6)([77]52,68,5)([78]2,43,5)([79]69,73,6)([80]18,37,5)([81]31,80,0)([82]2,67,4)([83]8,80,6)([84]54,20,2)([85]52,4,6)([86]23,53,6)(79)
evaluations: 29078040
first invidual area: 163.06
{7,1,80,1,2,1,8}([7]1,2,1)([8]6,5,7)([9]7,3,3)([10]2,8,4)([11]3,4,6)([12]3,7,2)([13]2,7,2)([14]13,11,7)([15]10,8,3)([16]0,7,4)([17]4,0,7)([18]14,6,6)([19]15,4,4)([20]10,6,2)([21]17,12,2)([22]21,19,6)([23]18,5,2)([24]12,8,3)([25]21,23,6)([26]3,9,5)([27]25,20,7)([28]8,7,2)([29]11,2,2)([30]5,22,2)([31]24,4,2)([32]10,25,4)([33]29,20,4)([34]30,26,7)([35]19,9,7)([36]29,32,3)([37]0,33,6)([38]37,14,5)([39]32,3,5)([40]35,14,4)([41]40,29,6)([42]16,17,7)([43]36,38,4)([44]32,14,6)([45]40,37,6)([46]7,32,1)([47]2,20,6)([48]4,0,3)([49]27,24,7)([50]34,43,1)([51]12,13,4)([52]39,49,4)([53]45,5,7)([54]32,30,6)([55]45,40,6)([56]27,3,5)([57]23,36,5)([58]30,2,7)([59]58,53,2)([60]59,51,6)([61]55,43,0)([62]47,20,6)([63]54,6,3)([64]27,35,4)([65]63,60,5)([66]47,47,2)([67]6,29,0)([68]22,48,7)([69]65,43,7)([70]57,61,2)([71]52,60,1)([72]57,50,5)([73]68,52,6)([74]71,69,0)([75]44,14,3)([76]59,8,0)([77]15,2,7)([78]55,63,0)([79]73,69,6)([80]0,27,2)([81]60,7,7)([82]66,8,2)([83]30,19,3)([84]48,2,2)([85]82,13,5)([86]81,65,7)(79)
optimized area: 147.59
time: 628361 ms
seed: 1634349307
{7,1,80,1,2,1,8}([7]4,3,7)([8]5,0,6)([9]2,6,4)([10]7,0,3)([11]5,6,7)([12]4,6,2)([13]1,4,6)([14]11,2,7)([15]10,6,2)([16]4,10,2)([17]3,13,6)([18]1,8,7)([19]3,1,7)([20]10,6,3)([21]14,12,7)([22]2,7,2)([23]4,11,4)([24]22,16,7)([25]9,18,2)([26]22,14,7)([27]26,23,2)([28]17,0,6)([29]13,22,6)([30]16,25,2)([31]17,15,6)([32]25,1,2)([33]18,27,6)([34]20,24,5)([35]2,23,3)([36]4,22,4)([37]33,19,3)([38]20,0,1)([39]24,27,2)([40]39,19,6)([41]4,25,4)([42]28,6,4)([43]37,31,7)([44]34,41,6)([45]24,12,5)([46]14,28,4)([47]8,44,4)([48]39,0,5)([49]29,23,6)([50]18,27,5)([51]46,47,3)([52]43,21,6)([53]17,38,0)([54]8,48,7)([55]51,40,6)([56]52,55,3)([57]34,5,2)([58]42,34,2)([59]35,38,3)([60]51,23,4)([61]28,42,2)([62]12,32,7)([63]9,6,7)([64]32,43,5)([65]17,10,0)([66]29,23,0)([67]56,9,4)([68]15,28,5)([69]23,37,7)([70]2,49,4)([71]64,24,5)([72]61,14,3)([73]22,12,2)([74]18,11,6)([75]52,62,1)([76]74,4,3)([77]16,21,5)([78]44,38,3)([79]75,58,7)([80]36,41,0)([81]29,67,4)([82]26,74,7)([83]60,4,2)([84]34,71,1)([85]36,1,6)([86]70,1,1)(81)
evaluations: 8704654
first invidual area: 130.73
{7,1,80,1,2,1,8}([7]4,3,7)([8]0,5,6)([9]6,2,4)([10]7,0,3)([11]6,5,7)([12]4,6,5)([13]1,4,6)([14]11,2,7)([15]4,11,5)([16]9,10,0)([17]3,13,6)([18]8,1,7)([19]3,1,7)([20]10,11,3)([21]12,5,2)([22]7,2,2)([23]20,2,5)([24]10,6,2)([25]18,9,5)([26]22,14,7)([27]15,26,2)([28]22,25,4)([29]2,0,0)([30]0,17,6)([31]4,22,4)([32]28,20,5)([33]18,27,6)([34]32,31,3)([35]23,27,2)([36]14,30,4)([37]33,19,6)([38]12,14,4)([39]24,17,6)([40]35,19,6)([41]25,22,0)([42]17,15,3)([43]39,37,4)([44]27,38,0)([45]22,16,6)([46]13,7,0)([47]8,34,7)([48]31,37,1)([49]29,26,3)([50]43,38,6)([51]47,40,3)([52]31,21,6)([53]20,52,7)([54]46,22,6)([55]51,36,6)([56]50,55,3)([57]5,24,5)([58]38,21,6)([59]39,53,0)([60]9,56,4)([61]4,43,2)([62]55,1,2)([63]27,22,6)([64]50,10,5)([65]29,20,7)([66]43,23,3)([67]17,52,3)([68]52,27,3)([69]65,60,7)([70]58,39,7)([71]20,39,5)([72]17,64,1)([73]13,33,0)([74]29,9,7)([75]56,4,2)([76]53,40,7)([77]69,32,2)([78]0,59,2)([79]45,78,7)([80]14,49,5)([81]54,60,4)([82]79,47,4)([83]79,51,1)([84]29,72,2)([85]57,79,5)([86]40,6,6)(81)
optimized area: 126.50
time: 638307 ms
seed: 1634398262
NOT FOUND
time: 527083 ms
seed: 1634447264
{7,1,80,1,2,1,8}([7]6,4,7)([8]1,5,7)([9]0,6,6)([10]1,7,4)([11]10,1,6)([12]5,3,2)([13]3,5,7)([14]0,12,4)([15]4,10,6)([16]2,6,5)([17]15,13,7)([18]5,15,4)([19]15,3,5)([20]19,2,7)([21]8,20,7)([22]0,19,1)([23]14,11,5)([24]9,17,6)([25]18,21,6)([26]7,18,4)([27]17,23,5)([28]20,27,5)([29]24,14,4)([30]4,24,7)([31]24,6,7)([32]28,26,7)([33]0,25,4)([34]4,29,6)([35]22,31,6)([36]20,16,2)([37]1,0,6)([38]21,29,5)([39]35,12,2)([40]3,3,6)([41]10,31,2)([42]36,25,7)([43]6,33,3)([44]42,34,5)([45]19,13,7)([46]45,0,5)([47]23,16,1)([48]42,46,6)([49]41,43,5)([50]49,38,1)([51]39,20,3)([52]15,25,0)([53]5,5,5)([54]29,1,7)([55]2,41,5)([56]18,46,0)([57]30,43,5)([58]27,4,6)([59]50,44,7)([60]49,58,7)([61]38,51,5)([62]35,47,3)([63]29,31,5)([64]16,61,6)([65]6,8,3)([66]14,42,7)([67]40,8,2)([68]50,52,0)([69]7,56,4)([70]48,32,3)([71]47,68,2)([72]67,39,6)([73]2,33,3)([74]13,20,5)([75]61,70,2)([76]57,59,5)([77]76,55,2)([78]53,21,4)([79]38,71,3)([80]59,75,6)([81]63,33,4)([82]78,32,3)([83]8,63,0)([84]13,6,6)([85]68,53,2)([86]36,46,4)(80)
evaluations: 8281383
first invidual area: 141.01
{7,1,80,1,2,1,8}([7]6,4,7)([8]0,6,6)([9]2,6,5)([10]7,1,4)([11]10,1,3)([12]3,5,5)([13]1,5,4)([14]5,3,4)([15]4,10,6)([16]12,0,4)([17]14,15,4)([18]15,10,3)([19]3,15,5)([20]19,2,7)([21]13,20,4)([22]11,17,5)([23]21,2,0)([24]17,8,6)([25]21,7,6)([26]13,18,4)([27]20,22,5)([28]19,16,0)([29]24,16,7)([30]27,2,0)([31]24,6,7)([32]26,30,7)([33]25,8,7)([34]4,29,6)([35]33,6,3)([36]9,20,5)([37]5,24,2)([38]30,27,2)([39]18,0,2)([40]16,31,3)([41]31,35,2)([42]36,25,4)([43]31,39,2)([44]42,34,5)([45]29,15,4)([46]23,29,5)([47]37,20,3)([48]42,31,6)([49]10,41,5)([50]16,25,0)([51]45,10,5)([52]48,48,0)([53]51,18,0)([54]53,11,1)([55]44,49,4)([56]46,47,5)([57]29,51,6)([58]40,35,3)([59]49,25,1)([60]30,12,0)([61]51,26,2)([62]27,32,7)([63]20,54,2)([64]40,34,2)([65]46,14,3)([66]15,8,5)([67]32,11,2)([68]15,51,2)([69]65,2,7)([70]52,32,3)([71]50,29,7)([72]3,26,3)([73]8,43,4)([74]68,16,4)([75]56,70,2)([76]24,43,0)([77]4,69,4)([78]3,37,5)([79]33,13,2)([80]55,75,6)([81]49,14,0)([82]11,77,6)([83]22,39,6)([84]73,6,6)([85]3,66,2)([86]63,83,2)(80)
optimized area: 124.15
time: 698617 ms
seed: 1634507480
{7,1,80,1,2,1,8}([7]5,6,7)([8]1,6,7)([9]5,1,3)([10]0,3,5)([11]3,4,3)([12]2,8,2)([13]3,11,6)([14]0,12,3)([15]12,11,7)([16]11,1,3)([17]14,15,1)([18]2,9,5)([19]14,11,3)([20]6,10,2)([21]4,7,4)([22]10,19,2)([23]1,18,4)([24]15,22,7)([25]23,20,1)([26]2,10,5)([27]21,15,1)([28]15,8,6)([29]23,20,4)([30]5,28,2)([31]24,6,4)([32]31,9,5)([33]20,19,0)([34]0,25,2)([35]1,10,3)([36]24,26,2)([37]21,30,7)([38]1,8,3)([39]7,28,4)([40]17,22,7)([41]37,4,1)([42]41,3,2)([43]24,8,0)([44]20,42,2)([45]44,41,5)([46]32,29,3)([47]2,33,5)([48]16,28,2)([49]24,35,2)([50]6,46,0)([51]39,27,7)([52]16,29,4)([53]24,37,5)([54]25,32,7)([55]34,40,6)([56]51,33,7)([57]30,55,7)([58]23,44,7)([59]16,45,2)([60]23,57,7)([61]49,27,5)([62]7,17,2)([63]58,60,5)([64]37,57,5)([65]0,60,3)([66]48,54,0)([67]30,42,3)([68]49,45,0)([69]42,44,3)([70]2,58,3)([71]5,70,4)([72]51,69,5)([73]61,22,0)([74]70,63,7)([75]52,16,6)([76]26,46,2)([77]56,49,6)([78]64,76,7)([79]38,29,7)([80]38,50,4)([81]77,74,2)([82]81,52,7)([83]6,9,7)([84]34,30,1)([85]78,81,7)([86]52,42,0)(85)
evaluations: 34464212
first invidual area: 152.73
{7,1,80,1,2,1,8}([7]4,6,7)([8]1,6,7)([9]1,5,3)([10]0,3,5)([11]4,3,3)([12]2,8,2)([13]0,12,3)([14]6,10,2)([15]12,11,7)([16]12,15,3)([17]5,9,0)([18]9,2,5)([19]11,13,3)([20]4,1,6)([21]7,5,4)([22]19,10,2)([23]1,18,4)([24]22,15,7)([25]23,10,1)([26]6,24,4)([27]2,20,6)([28]15,8,6)([29]23,14,4)([30]17,28,2)([31]21,5,6)([32]9,26,5)([33]30,32,5)([34]0,25,2)([35]7,22,3)([36]23,29,3)([37]21,30,7)([38]37,13,1)([39]19,18,4)([40]13,22,4)([41]3,35,6)([42]38,3,5)([43]29,2,3)([44]14,42,5)([45]44,23,6)([46]32,29,3)([47]3,35,4)([48]20,47,3)([49]24,35,2)([50]3,29,3)([51]43,5,3)([52]4,28,4)([53]34,37,6)([54]53,39,7)([55]34,40,6)([56]52,14,7)([57]30,55,7)([58]29,44,4)([59]41,26,2)([60]23,57,7)([61]27,20,2)([62]6,8,1)([63]58,60,5)([64]37,57,5)([65]55,17,7)([66]24,53,0)([67]2,10,5)([68]10,55,4)([69]4,31,0)([70]2,58,3)([71]63,64,0)([72]63,14,3)([73]28,56,4)([74]70,71,2)([75]1,16,7)([76]67,46,5)([77]56,49,6)([78]59,54,2)([79]12,38,5)([80]60,39,1)([81]77,74,5)([82]64,38,1)([83]64,76,7)([84]56,13,3)([85]83,81,7)([86]51,47,3)(85)
optimized area: 141.01
time: 613658 ms
seed: 1634606737
NOT FOUND
time: 526911 ms
seed: 1635133636
{7,1,80,1,2,1,8}([7]3,3,3)([8]1,7,3)([9]3,0,5)([10]5,1,4)([11]1,7,4)([12]11,5,2)([13]4,2,1)([14]10,0,4)([15]7,13,4)([16]1,15,2)([17]1,15,6)([18]17,6,0)([19]4,8,5)([20]18,4,6)([21]10,19,5)([22]9,10,1)([23]8,18,3)([24]8,10,7)([25]0,15,2)([26]2,0,3)([27]5,9,7)([28]25,27,4)([29]9,5,0)([30]2,18,6)([31]22,30,4)([32]27,6,4)([33]1,2,4)([34]6,11,4)([35]28,10,2)([36]4,12,3)([37]18,32,7)([38]6,21,6)([39]36,2,3)([40]25,6,2)([41]25,10,2)([42]22,17,3)([43]41,31,7)([44]38,14,2)([45]9,13,6)([46]45,32,6)([47]20,7,2)([48]35,19,4)([49]38,38,1)([50]43,46,6)([51]32,5,7)([52]14,51,5)([53]39,14,4)([54]28,14,4)([55]40,8,3)([56]7,42,2)([57]39,55,4)([58]0,28,0)([59]13,33,6)([60]56,57,2)([61]53,31,6)([62]34,57,7)([63]52,49,5)([64]38,9,4)([65]58,36,6)([66]59,63,2)([67]57,10,7)([68]13,13,6)([69]48,62,2)([70]50,66,3)([71]60,63,6)([72]33,52,2)([73]51,41,1)([74]24,29,4)([75]74,44,0)([76]54,49,3)([77]74,33,4)([78]69,70,6)([79]75,46,5)([80]69,20,7)([81]2,79,4)([82]1,53,7)([83]74,30,1)([84]46,47,6)([85]79,13,5)([86]53,74,7)(78)
evaluations: 14760371
first invidual area: 130.70
{7,1,80,1,2,1,8}([7]2,2,2)([8]6,6,0)([9]0,3,5)([10]5,1,4)([11]1,3,4)([12]6,2,7)([13]4,2,1)([14]11,5,2)([15]4,3,7)([16]1,15,6)([17]7,1,4)([18]14,2,6)([19]16,5,1)([20]13,9,6)([21]10,3,0)([22]5,9,7)([23]18,13,5)([24]15,19,2)([25]15,0,2)([26]7,16,3)([27]25,21,5)([28]22,25,4)([29]26,9,4)([30]25,27,0)([31]25,6,2)([32]8,22,4)([33]32,16,5)([34]14,17,4)([35]13,17,6)([36]31,9,0)([37]36,33,3)([38]36,1,6)([39]19,4,5)([40]28,10,5)([41]0,21,4)([42]6,9,4)([43]29,27,4)([44]4,27,1)([45]2,5,6)([46]20,27,7)([47]11,13,6)([48]40,39,7)([49]20,32,6)([50]43,49,6)([51]48,34,1)([52]44,10,1)([53]41,42,5)([54]5,51,7)([55]53,49,2)([56]38,11,6)([57]56,8,4)([58]28,41,7)([59]48,16,0)([60]15,47,2)([61]0,46,4)([62]33,53,5)([63]25,20,2)([64]19,54,2)([65]32,52,5)([66]35,62,2)([67]13,62,4)([68]56,6,3)([69]19,36,2)([70]4,8,4)([71]23,57,7)([72]66,50,3)([73]38,34,5)([74]1,33,3)([75]2,22,6)([76]59,71,2)([77]7,56,2)([78]33,47,6)([79]32,5,5)([80]70,7,3)([81]26,48,4)([82]76,72,6)([83]15,46,3)([84]9,83,4)([85]27,0,7)([86]71,79,3)(82)
optimized area: 120.86
time: 612482 ms
seed: 1635182822
{7,1,80,1,2,1,8}([7]4,3,6)([8]5,5,0)([9]2,7,2)([10]9,1,6)([11]9,2,3)([12]0,11,5)([13]1,4,7)([14]8,2,1)([15]5,10,6)([16]10,6,7)([17]11,12,5)([18]0,6,6)([19]3,5,3)([20]15,17,4)([21]7,20,3)([22]3,12,4)([23]4,21,3)([24]8,0,0)([25]8,17,3)([26]11,16,3)([27]14,9,7)([28]10,23,4)([29]0,4,6)([30]27,4,7)([31]30,23,2)([32]30,1,1)([33]20,26,4)([34]14,15,2)([35]25,6,4)([36]35,32,4)([37]22,18,3)([38]28,37,2)([39]37,19,5)([40]13,2,7)([41]36,38,6)([42]19,33,3)([43]10,17,7)([44]12,6,4)([45]0,15,6)([46]16,29,7)([47]40,1,3)([48]31,3,4)([49]44,22,4)([50]47,39,5)([51]29,5,2)([52]41,49,5)([53]52,20,4)([54]50,44,5)([55]45,9,2)([56]8,9,4)([57]46,56,4)([58]0,14,3)([59]24,0,3)([60]35,36,4)([61]40,59,2)([62]30,46,6)([63]35,36,6)([64]46,1,0)([65]8,31,3)([66]43,43,0)([67]35,13,6)([68]65,24,3)([69]61,62,6)([70]1,1,7)([71]1,38,2)([72]43,34,2)([73]1,30,1)([74]69,54,2)([75]74,53,4)([76]2,31,0)([77]76,44,6)([78]20,11,6)([79]61,11,0)([80]38,51,7)([81]45,70,3)([82]77,45,6)([83]5,73,3)([84]49,82,3)([85]17,25,3)([86]52,38,4)(75)
evaluations: 24238104
first invidual area: 131.17
{7,1,80,1,2,1,8}([7]3,4,6)([8]4,1,4)([9]2,7,2)([10]1,9,6)([11]2,8,0)([12]0,5,3)([13]6,3,0)([14]10,6,4)([15]5,10,6)([16]0,15,1)([17]16,2,5)([18]12,3,3)([19]11,0,5)([20]17,6,0)([21]15,17,3)([22]3,19,4)([23]5,21,3)([24]16,17,0)([25]0,4,6)([26]13,3,4)([27]22,13,0)([28]9,4,6)([29]18,18,0)([30]5,28,4)([31]20,8,0)([32]21,6,3)([33]13,23,5)([34]10,32,4)([35]31,23,6)([36]33,30,7)([37]24,22,3)([38]34,37,2)([39]37,18,5)([40]11,8,4)([41]36,38,6)([42]25,6,2)([43]22,26,4)([44]14,25,4)([45]18,29,2)([46]13,25,0)([47]1,40,3)([48]5,23,1)([49]47,35,2)([50]7,34,3)([51]0,35,7)([52]41,26,5)([53]7,12,2)([54]10,5,6)([55]17,15,7)([56]49,51,2)([57]7,38,7)([58]54,49,7)([59]39,47,5)([60]45,52,3)([61]40,12,2)([62]30,44,6)([63]25,11,0)([64]19,55,1)([65]45,61,1)([66]42,58,1)([67]59,43,5)([68]49,57,6)([69]61,62,6)([70]28,57,1)([71]52,55,4)([72]43,22,1)([73]32,69,6)([74]69,67,5)([75]74,71,4)([76]31,63,5)([77]43,65,5)([78]16,40,1)([79]63,7,4)([80]0,7,3)([81]22,40,5)([82]19,71,6)([83]20,28,0)([84]53,70,6)([85]60,32,2)([86]82,36,4)(75)
optimized area: 119.45
time: 594565 ms
seed: 1635318248
{7,1,80,1,2,1,8}([7]3,1,4)([8]4,7,6)([9]5,8,4)([10]9,0,4)([11]5,1,4)([12]9,6,2)([13]4,6,4)([14]2,1,4)([15]14,3,1)([16]0,13,4)([17]7,9,7)([18]12,15,6)([19]8,17,7)([20]19,0,2)([21]14,17,3)([22]3,7,7)([23]22,8,3)([24]17,7,0)([25]18,4,3)([26]18,9,4)([27]3,5,2)([28]18,2,6)([29]7,22,5)([30]21,6,4)([31]25,29,7)([32]12,29,5)([33]30,8,5)([34]21,13,4)([35]22,9,1)([36]31,11,2)([37]26,34,5)([38]25,10,1)([39]15,35,4)([40]20,39,4)([41]27,9,5)([42]41,37,4)([43]20,8,5)([44]31,13,6)([45]25,23,7)([46]10,13,2)([47]16,6,0)([48]5,42,1)([49]35,28,1)([50]26,36,5)([51]46,42,6)([52]23,29,6)([53]6,9,0)([54]0,18,7)([55]1,50,6)([56]44,30,6)([57]52,32,5)([58]51,56,3)([59]51,53,3)([60]2,54,4)([61]46,45,6)([62]61,50,4)([63]58,40,3)([64]18,29,7)([65]26,32,2)([66]28,34,7)([67]65,20,6)([68]67,67,4)([69]53,62,7)([70]69,31,2)([71]17,20,5)([72]10,58,0)([73]59,44,5)([74]69,58,2)([75]72,70,6)([76]74,58,7)([77]3,66,7)([78]31,64,0)([79]12,70,1)([80]71,12,4)([81]21,24,4)([82]3,36,5)([83]22,70,2)([84]76,63,5)([85]30,65,0)([86]83,30,7)(84)
evaluations: 47621837
first invidual area: 145.73
{7,1,80,1,2,1,8}([7]1,3,4)([8]4,7,6)([9]5,8,4)([10]9,0,4)([11]5,1,4)([12]9,6,2)([13]4,6,4)([14]2,1,4)([15]14,0,1)([16]12,6,3)([17]7,9,7)([18]12,15,6)([19]8,17,7)([20]19,0,2)([21]14,17,3)([22]3,7,7)([23]22,8,3)([24]23,22,3)([25]18,4,3)([26]18,9,4)([27]3,5,2)([28]21,14,5)([29]7,22,5)([30]21,6,4)([31]25,29,7)([32]11,24,7)([33]2,23,1)([34]21,13,4)([35]11,4,0)([36]31,11,2)([37]34,26,5)([38]19,13,0)([39]3,38,6)([40]20,33,4)([41]27,9,5)([42]41,37,4)([43]7,42,4)([44]29,27,6)([45]25,23,7)([46]10,13,2)([47]20,21,3)([48]3,41,1)([49]20,41,0)([50]26,36,5)([51]46,42,6)([52]11,23,2)([53]6,9,1)([54]29,46,0)([55]10,20,5)([56]44,30,6)([57]29,48,1)([58]51,56,3)([59]39,20,3)([60]31,59,1)([61]46,45,6)([62]61,50,7)([63]58,40,3)([64]1,63,7)([65]3,16,4)([66]43,10,3)([67]0,28,2)([68]2,1,0)([69]53,62,4)([70]61,62,2)([71]45,51,2)([72]9,66,4)([73]27,50,1)([74]69,58,2)([75]15,17,0)([76]74,61,1)([77]12,49,1)([78]12,62,0)([79]18,32,0)([80]41,52,2)([81]32,24,1)([82]12,66,6)([83]47,7,4)([84]76,63,5)([85]24,82,7)([86]37,26,5)(84)
optimized area: 139.15
time: 992694 ms
seed: 1635476043
NOT FOUND
time: 998471 ms
seed: 1635614003
{7,1,80,1,2,1,8}([7]1,5,7)([8]4,3,4)([9]8,5,2)([10]6,0,4)([11]1,6,5)([12]10,11,5)([13]2,4,6)([14]5,2,6)([15]4,2,4)([16]8,6,0)([17]13,5,7)([18]17,6,2)([19]14,17,2)([20]15,12,6)([21]7,12,3)([22]20,1,5)([23]3,14,4)([24]18,7,1)([25]3,21,7)([26]10,3,4)([27]1,12,4)([28]0,7,3)([29]25,16,6)([30]0,23,5)([31]29,19,6)([32]7,31,2)([33]28,22,5)([34]6,31,4)([35]34,28,0)([36]33,18,4)([37]8,13,1)([38]35,29,6)([39]9,30,3)([40]39,35,7)([41]36,8,2)([42]36,11,6)([43]33,12,1)([44]3,22,0)([45]7,13,3)([46]1,17,7)([47]2,38,3)([48]46,7,5)([49]36,15,3)([50]40,49,5)([51]41,45,5)([52]27,50,3)([53]42,47,3)([54]21,8,3)([55]33,54,0)([56]32,39,3)([57]13,21,7)([58]36,52,0)([59]39,39,1)([60]0,28,5)([61]31,31,6)([62]10,37,5)([63]34,4,4)([64]51,30,2)([65]64,61,6)([66]54,40,4)([67]47,8,1)([68]50,43,6)([69]52,6,4)([70]66,25,6)([71]29,38,7)([72]8,51,1)([73]38,15,5)([74]49,73,7)([75]17,64,6)([76]25,36,4)([77]53,52,2)([78]75,77,7)([79]42,53,3)([80]54,61,2)([81]77,65,4)([82]30,13,0)([83]52,25,5)([84]70,76,4)([85]79,81,0)([86]74,68,1)(81)
evaluations: 11909155
first invidual area: 123.19
{7,1,80,1,2,1,8}([7]1,5,7)([8]4,3,4)([9]0,7,3)([10]0,6,4)([11]1,6,5)([12]10,11,5)([13]2,4,6)([14]5,2,6)([15]2,4,5)([16]15,2,1)([17]3,14,4)([18]5,8,2)([19]1,12,4)([20]12,15,6)([21]9,11,2)([22]5,15,0)([23]13,7,3)([24]12,7,6)([25]24,4,4)([26]5,13,7)([27]14,25,2)([28]6,26,5)([29]8,25,6)([30]0,17,5)([31]29,27,6)([32]19,20,5)([33]32,9,5)([34]6,31,4)([35]15,3,7)([36]28,33,7)([37]31,6,1)([38]2,4,7)([39]18,30,6)([40]39,34,4)([41]40,33,5)([42]29,34,6)([43]42,2,3)([44]1,14,0)([45]2,28,2)([46]1,45,4)([47]26,11,6)([48]44,22,4)([49]15,36,3)([50]40,49,5)([51]20,44,4)([52]19,50,3)([53]8,36,2)([54]5,41,5)([55]23,53,5)([56]47,43,3)([57]28,43,3)([58]12,38,6)([59]23,12,7)([60]14,11,0)([61]53,7,5)([62]40,24,6)([63]31,34,7)([64]55,30,2)([65]33,33,5)([66]38,62,4)([67]24,63,4)([68]16,13,4)([69]19,45,2)([70]61,64,7)([71]52,30,7)([72]58,14,6)([73]70,41,3)([74]28,40,1)([75]38,42,1)([76]52,60,0)([77]37,64,6)([78]28,5,2)([79]3,1,6)([80]52,56,5)([81]59,33,2)([82]2,31,2)([83]80,77,7)([84]24,21,4)([85]75,22,7)([86]54,56,2)(83)
optimized area: 118.49
time: 1332037 ms
seed: 1635661612
{7,1,80,1,2,1,8}([7]1,2,7)([8]2,5,5)([9]3,2,4)([10]4,1,7)([11]8,0,5)([12]3,6,2)([13]6,9,4)([14]10,7,5)([15]11,4,0)([16]10,12,6)([17]0,14,4)([18]1,16,6)([19]7,13,7)([20]16,0,7)([21]3,17,3)([22]6,1,4)([23]10,13,3)([24]18,21,2)([25]1,15,7)([26]0,22,2)([27]21,26,5)([28]14,0,0)([29]8,16,6)([30]27,8,4)([31]4,29,6)([32]10,29,7)([33]9,10,4)([34]20,9,3)([35]7,30,4)([36]24,30,4)([37]12,8,1)([38]21,10,0)([39]30,21,2)([40]36,4,7)([41]22,18,7)([42]4,31,2)([43]31,4,4)([44]20,35,5)([45]5,39,1)([46]43,19,3)([47]43,13,6)([48]42,43,6)([49]23,34,5)([50]2,32,1)([51]44,19,6)([52]49,25,2)([53]50,2,6)([54]48,6,7)([55]29,51,7)([56]5,32,1)([57]36,26,2)([58]49,3,0)([59]17,58,0)([60]32,23,7)([61]24,30,3)([62]14,5,4)([63]62,55,2)([64]21,9,6)([65]49,16,7)([66]58,38,0)([67]52,11,1)([68]18,54,4)([69]33,27,3)([70]54,40,6)([71]22,6,0)([72]46,28,4)([73]31,29,2)([74]30,70,4)([75]74,63,7)([76]43,46,4)([77]66,31,4)([78]69,58,0)([79]75,52,6)([80]40,45,5)([81]51,53,0)([82]22,30,0)([83]31,46,0)([84]51,54,1)([85]10,61,4)([86]3,32,4)(79)
evaluations: 35092756
first invidual area: 140.11
{7,1,80,1,2,1,8}([7]2,1,7)([8]5,2,5)([9]2,3,4)([10]4,1,7)([11]3,10,0)([12]6,3,2)([13]6,9,4)([14]10,7,5)([15]1,12,3)([16]10,12,6)([17]0,14,4)([18]0,8,5)([19]15,12,7)([20]16,0,7)([21]11,17,3)([22]1,16,6)([23]8,16,3)([24]22,21,5)([25]18,3,6)([26]15,0,2)([27]26,21,5)([28]27,7,7)([29]10,13,3)([30]27,8,4)([31]1,18,7)([32]27,25,5)([33]23,9,0)([34]20,9,3)([35]14,32,0)([36]4,24,7)([37]3,15,3)([38]30,36,7)([39]5,14,4)([40]20,33,6)([41]13,27,2)([42]13,9,3)([43]12,24,0)([44]20,28,5)([45]21,42,5)([46]44,41,3)([47]32,32,2)([48]4,33,3)([49]3,23,5)([50]43,6,4)([51]49,37,6)([52]15,34,3)([53]34,29,5)([54]4,11,0)([55]23,46,2)([56]27,48,2)([57]55,50,6)([58]35,24,2)([59]11,26,5)([60]53,31,2)([61]21,34,4)([62]27,34,1)([63]39,55,5)([64]48,6,4)([65]8,53,0)([66]21,48,6)([67]56,1,7)([68]35,45,0)([69]60,11,7)([70]35,6,6)([71]38,64,6)([72]45,68,5)([73]66,25,1)([74]30,71,4)([75]74,63,4)([76]3,4,6)([77]28,34,6)([78]64,56,7)([79]75,60,6)([80]50,16,5)([81]68,68,6)([82]4,43,3)([83]78,1,5)([84]7,35,1)([85]82,74,6)([86]21,62,2)(79)
optimized area: 122.75
time: 1117161 ms
seed: 1635709526
NOT FOUND
time: 1043802 ms
seed: 1635756706
NOT FOUND
time: 1078669 ms
seed: 1635803677
NOT FOUND
time: 1078906 ms
seed: 1635846884
{7,1,80,1,2,1,8}([7]1,6,4)([8]7,4,5)([9]4,6,5)([10]2,3,1)([11]4,1,3)([12]5,0,4)([13]7,3,4)([14]5,1,6)([15]14,12,2)([16]9,14,6)([17]1,0,5)([18]4,12,6)([19]13,18,2)([20]8,10,7)([21]12,20,2)([22]0,6,4)([23]21,16,3)([24]1,12,3)([25]24,22,7)([26]10,19,3)([27]11,25,1)([28]11,26,4)([29]27,13,3)([30]5,17,7)([31]20,7,2)([32]5,27,7)([33]23,1,4)([34]27,16,3)([35]16,4,0)([36]9,31,3)([37]29,8,2)([38]29,30,3)([39]28,23,0)([40]3,0,5)([41]10,30,3)([42]26,29,0)([43]19,40,2)([44]22,39,6)([45]32,9,4)([46]25,37,2)([47]13,1,5)([48]19,14,5)([49]4,45,5)([50]13,41,5)([51]44,46,3)([52]28,42,1)([53]40,51,5)([54]29,33,6)([55]11,21,4)([56]10,25,7)([57]3,39,4)([58]43,45,3)([59]23,3,0)([60]21,16,1)([61]50,54,4)([62]4,35,0)([63]52,31,5)([64]35,21,7)([65]33,34,5)([66]12,50,2)([67]1,10,6)([68]49,7,0)([69]20,37,5)([70]27,43,1)([71]53,61,2)([72]71,69,3)([73]58,10,2)([74]34,19,5)([75]45,12,4)([76]21,55,3)([77]51,58,4)([78]1,36,0)([79]37,70,3)([80]1,76,5)([81]25,52,6)([82]14,71,3)([83]72,65,2)([84]23,44,5)([85]79,2,6)([86]73,71,7)(86)
evaluations: 8042141
first invidual area: 121.79
{7,1,80,1,2,1,8}([7]1,6,4)([8]7,4,5)([9]6,4,5)([10]2,7,1)([11]1,4,3)([12]0,5,4)([13]7,3,4)([14]11,4,3)([15]12,4,6)([16]10,8,7)([17]5,8,6)([18]9,17,6)([19]13,15,2)([20]11,13,1)([21]16,12,2)([22]21,18,3)([23]9,11,5)([24]0,6,4)([25]7,5,4)([26]19,10,6)([27]26,22,6)([28]0,1,5)([29]20,13,3)([30]20,9,7)([31]26,20,4)([32]13,20,3)([33]1,22,4)([34]8,29,5)([35]29,9,3)([36]20,0,6)([37]33,3,6)([38]10,22,4)([39]5,28,7)([40]3,0,5)([41]10,36,6)([42]9,11,4)([43]10,39,3)([44]31,24,3)([45]42,40,6)([46]6,15,7)([47]29,33,3)([48]23,5,4)([49]34,25,3)([50]37,2,0)([51]49,44,5)([52]36,40,6)([53]40,51,5)([54]29,22,6)([55]9,27,0)([56]19,40,2)([57]5,32,3)([58]56,48,3)([59]58,10,5)([60]43,13,5)([61]26,6,6)([62]42,7,3)([63]5,7,7)([64]17,22,4)([65]12,22,4)([66]6,10,6)([67]15,43,5)([68]17,25,3)([69]60,47,2)([70]67,58,4)([71]53,69,5)([72]58,24,0)([73]54,42,2)([74]58,2,0)([75]30,36,3)([76]28,57,4)([77]42,56,6)([78]40,64,0)([79]60,36,0)([80]13,9,5)([81]24,41,1)([82]51,45,4)([83]13,73,2)([84]29,60,1)([85]10,58,3)([86]59,71,7)(86)
optimized area: 112.40
time: 1248714 ms
seed: 1635888958
{7,1,80,1,2,1,8}([7]3,0,2)([8]7,2,7)([9]2,0,7)([10]5,2,5)([11]6,5,7)([12]11,4,6)([13]1,12,4)([14]2,2,1)([15]11,2,7)([16]2,10,2)([17]7,12,7)([18]5,9,6)([19]11,12,6)([20]17,14,2)([21]17,9,4)([22]16,4,7)([23]6,19,2)([24]3,8,7)([25]22,17,0)([26]6,4,4)([27]26,19,7)([28]25,15,3)([29]18,13,2)([30]9,14,7)([31]27,3,3)([32]13,7,1)([33]22,32,3)([34]27,17,6)([35]29,24,3)([36]20,31,2)([37]18,22,5)([38]27,0,3)([39]34,22,5)([40]8,28,2)([41]39,32,4)([42]9,26,2)([43]10,41,7)([44]19,16,6)([45]23,36,7)([46]33,4,4)([47]43,32,6)([48]45,32,2)([49]42,33,6)([50]9,41,1)([51]50,19,2)([52]24,46,3)([53]43,25,5)([54]40,34,6)([55]15,0,5)([56]46,29,6)([57]0,6,3)([58]52,25,6)([59]11,14,2)([60]49,58,2)([61]48,35,4)([62]50,40,2)([63]19,1,6)([64]53,57,4)([65]62,64,7)([66]61,65,5)([67]56,35,0)([68]10,59,2)([69]19,59,5)([70]1,5,5)([71]46,30,6)([72]15,16,5)([73]56,71,1)([74]55,51,3)([75]73,52,6)([76]31,35,4)([77]6,51,1)([78]14,43,7)([79]46,10,7)([80]56,10,2)([81]49,66,6)([82]81,54,7)([83]10,30,5)([84]22,74,4)([85]60,82,6)([86]83,49,2)(85)
evaluations: 17515887
first invidual area: 156.94
{7,1,80,1,2,1,8}([7]3,0,2)([8]2,7,7)([9]0,2,7)([10]5,2,5)([11]6,5,7)([12]4,11,6)([13]12,1,4)([14]2,3,1)([15]6,0,6)([16]8,3,7)([17]7,12,7)([18]9,5,6)([19]11,12,6)([20]14,17,2)([21]2,10,5)([22]21,4,4)([23]17,19,7)([24]22,9,0)([25]4,14,1)([26]4,6,4)([27]26,19,7)([28]24,23,3)([29]6,19,5)([30]9,0,1)([31]3,27,3)([32]13,1,1)([33]32,24,3)([34]17,27,6)([35]13,18,2)([36]19,28,0)([37]14,1,5)([38]20,31,5)([39]35,24,7)([40]28,8,2)([41]10,34,4)([42]26,9,2)([43]32,41,4)([44]23,20,3)([45]38,29,7)([46]38,20,3)([47]18,28,2)([48]45,32,5)([49]42,33,6)([50]16,35,3)([51]15,43,4)([52]49,3,2)([53]43,22,5)([54]40,34,3)([55]52,48,3)([56]15,36,0)([57]8,33,7)([58]19,34,6)([59]29,22,0)([60]35,52,2)([61]48,50,7)([62]30,40,5)([63]55,0,3)([64]53,62,4)([65]15,64,7)([66]61,65,5)([67]25,52,2)([68]47,47,7)([69]1,32,4)([70]49,48,5)([71]51,70,2)([72]43,48,5)([73]56,28,0)([74]0,52,2)([75]20,44,7)([76]38,60,5)([77]42,58,1)([78]5,43,3)([79]60,19,2)([80]47,3,5)([81]49,66,3)([82]81,54,7)([83]57,4,0)([84]74,1,0)([85]60,82,6)([86]3,55,2)(85)
optimized area: 145.69
time: 1306576 ms
seed: 1635925019
{7,1,80,1,2,1,8}([7]4,1,6)([8]0,3,2)([9]1,4,7)([10]5,3,7)([11]10,8,3)([12]7,0,7)([13]5,6,4)([14]12,11,6)([15]2,14,3)([16]9,5,4)([17]12,16,4)([18]11,1,7)([19]2,4,5)([20]13,4,7)([21]16,12,2)([22]18,9,6)([23]17,16,3)([24]12,5,2)([25]8,13,4)([26]25,22,4)([27]8,1,2)([28]26,27,6)([29]23,2,7)([30]21,18,6)([31]22,15,6)([32]8,7,1)([33]31,28,6)([34]19,33,2)([35]24,34,6)([36]25,20,3)([37]35,5,3)([38]18,1,6)([39]19,23,4)([40]6,37,1)([41]39,37,4)([42]22,6,5)([43]32,35,1)([44]33,18,5)([45]14,24,5)([46]36,17,6)([47]17,18,2)([48]41,36,5)([49]33,28,5)([50]9,21,5)([51]45,31,2)([52]48,34,7)([53]27,17,2)([54]30,23,2)([55]48,16,0)([56]42,30,0)([57]52,37,5)([58]18,40,3)([59]55,52,0)([60]1,17,0)([61]20,50,6)([62]13,25,1)([63]40,28,3)([64]25,40,4)([65]42,49,1)([66]47,14,4)([67]55,42,5)([68]26,5,6)([69]28,2,4)([70]67,25,1)([71]48,7,2)([72]45,3,5)([73]59,36,3)([74]52,23,1)([75]49,55,7)([76]27,52,6)([77]71,27,5)([78]39,9,2)([79]1,7,2)([80]10,11,0)([81]74,61,7)([82]81,29,5)([83]70,82,7)([84]11,19,6)([85]20,70,0)([86]70,31,5)(83)
evaluations: 17202095
first invidual area: 131.18
{7,1,80,1,2,1,8}([7]1,4,6)([8]3,0,2)([9]4,1,7)([10]5,3,7)([11]8,10,3)([12]0,7,7)([13]6,5,4)([14]1,0,1)([15]11,12,6)([16]9,5,4)([17]1,11,7)([18]13,12,1)([19]4,2,5)([20]4,13,7)([21]12,16,2)([22]17,9,6)([23]12,16,3)([24]2,22,3)([25]8,13,4)([26]25,22,4)([27]17,13,2)([28]26,27,6)([29]27,6,0)([30]6,22,5)([31]21,21,3)([32]24,15,6)([33]32,28,6)([34]33,19,5)([35]31,26,4)([36]31,9,5)([37]5,34,3)([38]12,16,1)([39]37,19,5)([40]31,3,2)([41]10,3,3)([42]23,23,2)([43]27,29,3)([44]25,20,3)([45]42,39,4)([46]30,22,4)([47]31,44,2)([48]44,45,5)([49]48,8,3)([50]45,38,6)([51]30,40,0)([52]39,14,1)([53]24,27,6)([54]13,9,2)([55]26,2,3)([56]25,46,5)([57]44,19,7)([58]20,36,3)([59]8,45,3)([60]13,23,3)([61]35,15,3)([62]52,1,3)([63]1,47,3)([64]57,16,3)([65]28,9,6)([66]4,15,1)([67]48,30,5)([68]38,66,0)([69]58,48,5)([70]61,8,3)([71]68,49,3)([72]45,28,0)([73]28,44,6)([74]14,51,4)([75]9,56,1)([76]24,0,1)([77]14,60,3)([78]50,51,1)([79]23,2,7)([80]13,20,5)([81]34,69,7)([82]81,79,5)([83]22,10,4)([84]67,82,4)([85]42,43,0)([86]78,21,6)(84)
optimized area: 112.90
time: 1298493 ms
seed: 1635961300
{7,1,80,1,2,1,8}([7]1,4,4)([8]4,3,6)([9]3,8,3)([10]6,5,6)([11]7,1,1)([12]8,4,3)([13]6,5,4)([14]6,0,3)([15]11,6,4)([16]14,1,0)([17]2,12,4)([18]13,8,3)([19]15,3,7)([20]11,0,3)([21]3,10,6)([22]19,0,2)([23]17,9,3)([24]3,0,5)([25]9,0,7)([26]13,2,7)([27]14,12,3)([28]2,24,5)([29]12,18,5)([30]26,20,5)([31]27,16,7)([32]4,0,5)([33]2,29,7)([34]29,22,6)([35]5,20,4)([36]20,31,7)([37]30,36,4)([38]22,4,7)([39]25,35,7)([40]17,39,3)([41]16,9,5)([42]27,11,2)([43]28,16,2)([44]15,38,2)([45]21,34,7)([46]28,19,4)([47]17,7,2)([48]46,40,2)([49]37,45,2)([50]48,37,5)([51]28,33,2)([52]43,19,7)([53]14,22,2)([54]44,1,2)([55]54,49,3)([56]16,6,1)([57]20,21,3)([58]57,11,7)([59]49,41,4)([60]40,43,0)([61]18,37,2)([62]10,0,6)([63]10,39,1)([64]23,15,2)([65]31,63,0)([66]21,38,5)([67]23,34,1)([68]55,50,5)([69]60,10,1)([70]21,19,3)([71]19,20,1)([72]49,68,0)([73]68,51,4)([74]2,53,2)([75]10,43,4)([76]50,7,7)([77]32,70,1)([78]2,32,5)([79]75,42,5)([80]22,37,2)([81]44,45,7)([82]81,20,4)([83]81,15,5)([84]16,32,0)([85]58,36,6)([86]78,46,3)(73)
evaluations: 38504294
first invidual area: 134.47
{7,1,80,1,2,1,8}([7]4,1,7)([8]4,3,6)([9]5,6,6)([10]2,2,4)([11]5,1,6)([12]8,4,3)([13]5,6,4)([14]6,7,4)([15]6,6,7)([16]0,6,3)([17]12,2,4)([18]13,8,3)([19]14,3,7)([20]7,0,3)([21]3,9,3)([22]0,19,2)([23]12,3,1)([24]3,0,5)([25]0,1,3)([26]13,2,7)([27]7,8,7)([28]2,24,5)([29]12,18,5)([30]20,26,5)([31]16,23,6)([32]4,27,0)([33]2,29,7)([34]29,22,3)([35]5,25,4)([36]30,31,4)([37]20,36,4)([38]37,29,0)([39]26,35,2)([40]17,39,3)([41]6,24,7)([42]25,30,1)([43]26,21,3)([44]14,41,2)([45]21,34,7)([46]28,19,4)([47]15,6,3)([48]46,40,2)([49]38,45,2)([50]2,32,1)([51]28,33,5)([52]24,28,6)([53]2,16,5)([54]44,1,2)([55]54,49,3)([56]27,44,5)([57]26,19,4)([58]34,22,4)([59]53,39,5)([60]48,38,5)([61]20,46,5)([62]46,4,1)([63]58,62,6)([64]3,21,5)([65]13,44,3)([66]55,60,5)([67]4,40,4)([68]45,38,3)([69]37,35,6)([70]0,15,6)([71]25,61,7)([72]23,40,0)([73]66,51,7)([74]38,49,0)([75]40,37,0)([76]48,60,2)([77]15,56,5)([78]34,71,3)([79]34,45,1)([80]76,20,3)([81]63,72,2)([82]0,41,0)([83]31,15,6)([84]30,78,2)([85]19,41,4)([86]77,26,0)(73)
optimized area: 122.27
time: 1112464 ms
seed: 1635997118
{7,1,80,1,2,1,8}([7]6,4,7)([8]1,6,0)([9]5,7,7)([10]0,6,4)([11]9,3,7)([12]10,5,4)([13]7,0,7)([14]4,3,3)([15]8,1,3)([16]1,6,4)([17]16,10,3)([18]11,1,7)([19]18,13,2)([20]12,18,5)([21]9,16,3)([22]15,10,5)([23]14,13,2)([24]20,17,4)([25]7,20,5)([26]16,11,2)([27]2,10,3)([28]15,6,3)([29]11,13,4)([30]8,9,3)([31]19,23,1)([32]1,30,4)([33]32,25,2)([34]5,1,0)([35]29,6,6)([36]15,23,4)([37]0,32,7)([38]21,14,2)([39]21,19,1)([40]24,21,5)([41]1,10,5)([42]2,14,7)([43]19,13,3)([44]38,40,7)([45]42,24,4)([46]3,45,4)([47]41,34,5)([48]43,33,0)([49]28,36,3)([50]17,4,1)([51]0,19,0)([52]7,40,4)([53]14,4,7)([54]17,32,4)([55]26,38,4)([56]15,52,7)([57]35,45,7)([58]45,37,5)([59]58,25,2)([60]40,26,0)([61]32,25,1)([62]36,58,5)([63]11,38,0)([64]49,58,7)([65]56,57,2)([66]44,39,0)([67]1,25,2)([68]59,34,4)([69]52,26,4)([70]25,34,7)([71]25,46,4)([72]46,61,7)([73]47,35,3)([74]63,25,0)([75]25,63,3)([76]55,68,2)([77]2,65,2)([78]56,36,2)([79]13,29,7)([80]76,45,4)([81]2,66,7)([82]81,65,6)([83]82,76,3)([84]77,26,3)([85]78,82,1)([86]16,81,2)(83)
evaluations: 40206986
first invidual area: 136.39
{7,1,80,1,2,1,8}([7]6,4,7)([8]3,6,4)([9]7,5,7)([10]0,6,4)([11]3,9,7)([12]5,10,4)([13]2,2,2)([14]4,3,3)([15]1,2,0)([16]6,15,4)([17]16,10,3)([18]1,11,7)([19]13,9,7)([20]12,18,5)([21]16,9,3)([22]18,13,6)([23]20,2,3)([24]20,17,4)([25]24,2,6)([26]9,9,1)([27]15,4,2)([28]26,20,4)([29]12,3,7)([30]9,12,6)([31]6,29,6)([32]26,1,6)([33]5,3,1)([34]32,0,2)([35]19,25,4)([36]7,20,5)([37]0,32,7)([38]21,14,2)([39]28,38,0)([40]24,21,5)([41]28,33,6)([42]13,14,7)([43]26,21,3)([44]38,40,7)([45]24,42,4)([46]5,45,2)([47]31,32,7)([48]26,36,2)([49]23,43,4)([50]9,2,7)([51]37,45,5)([52]15,40,4)([53]2,44,7)([54]11,12,6)([55]38,45,5)([56]7,52,7)([57]31,45,6)([58]48,37,2)([59]51,36,5)([60]16,11,5)([61]56,26,0)([62]46,14,1)([63]35,36,0)([64]60,38,7)([65]56,57,2)([66]0,41,5)([67]38,46,2)([68]5,59,7)([69]63,0,7)([70]17,27,6)([71]64,46,0)([72]7,16,0)([73]25,67,1)([74]58,27,3)([75]2,16,6)([76]64,68,2)([77]30,39,5)([78]54,55,0)([79]13,27,5)([80]16,36,2)([81]45,25,3)([82]53,65,6)([83]82,76,3)([84]45,44,5)([85]33,46,2)([86]54,79,2)(83)
optimized area: 122.78
time: 1113233 ms
seed: 1636031733
NOT FOUND
time: 1062659 ms
seed: 1636065698
{7,1,80,1,2,1,8}([7]5,1,4)([8]6,5,4)([9]4,8,7)([10]2,3,6)([11]1,4,4)([12]6,2,2)([13]2,5,5)([14]11,6,2)([15]6,0,3)([16]14,3,7)([17]0,2,7)([18]5,6,4)([19]10,7,7)([20]7,9,4)([21]14,3,0)([22]13,7,4)([23]20,0,5)([24]22,4,3)([25]15,19,5)([26]19,0,2)([27]23,25,7)([28]2,10,1)([29]1,17,6)([30]27,14,0)([31]24,25,5)([32]12,3,2)([33]27,32,3)([34]4,33,7)([35]3,8,4)([36]13,29,7)([37]16,31,5)([38]17,29,6)([39]11,14,4)([40]38,39,3)([41]35,27,4)([42]28,37,7)([43]13,0,5)([44]14,8,4)([45]32,11,1)([46]11,36,6)([47]8,26,5)([48]27,10,5)([49]29,44,6)([50]31,42,4)([51]49,32,5)([52]49,34,2)([53]15,35,5)([54]36,27,1)([55]28,14,0)([56]16,15,5)([57]39,6,5)([58]39,4,5)([59]53,53,0)([60]46,11,2)([61]37,51,2)([62]28,8,3)([63]40,53,3)([64]52,50,4)([65]4,18,0)([66]46,19,0)([67]64,33,4)([68]66,29,4)([69]34,31,6)([70]20,65,2)([71]60,48,4)([72]39,12,4)([73]21,37,7)([74]36,40,4)([75]9,68,6)([76]50,6,4)([77]63,66,6)([78]16,33,1)([79]14,67,6)([80]41,46,7)([81]76,68,6)([82]56,77,1)([83]29,5,4)([84]74,40,4)([85]64,77,6)([86]55,50,1)(85)
evaluations: 25012983
first invidual area: 134.48
{7,1,80,1,2,1,8}([7]5,1,4)([8]3,2,2)([9]6,5,7)([10]8,6,2)([11]1,4,4)([12]11,6,5)([13]5,2,5)([14]4,11,4)([15]0,6,3)([16]3,2,6)([17]0,2,7)([18]12,3,7)([19]16,7,7)([20]6,11,7)([21]7,13,4)([22]14,1,4)([23]20,0,5)([24]8,21,4)([25]19,15,5)([26]4,21,3)([27]23,25,7)([28]8,20,2)([29]17,1,6)([30]11,7,7)([31]24,29,2)([32]25,26,5)([33]27,10,3)([34]33,17,3)([35]9,3,7)([36]13,29,7)([37]1,2,4)([38]29,17,6)([39]6,20,6)([40]38,39,3)([41]33,30,6)([42]11,36,6)([43]26,42,7)([44]18,35,4)([45]18,32,5)([46]13,11,6)([47]13,16,0)([48]4,33,7)([49]29,44,6)([50]10,29,1)([51]19,35,2)([52]31,29,1)([53]15,35,5)([54]49,48,5)([55]49,5,5)([56]52,4,7)([57]17,13,4)([58]9,30,4)([59]18,53,1)([60]19,22,1)([61]45,2,7)([62]56,38,7)([63]40,42,3)([64]26,30,1)([65]2,10,0)([66]19,59,1)([67]42,19,3)([68]28,3,4)([69]20,50,7)([70]58,65,5)([71]21,12,6)([72]16,28,1)([73]67,10,0)([74]66,43,6)([75]66,50,6)([76]55,65,0)([77]63,53,6)([78]61,54,4)([79]29,78,6)([80]22,1,1)([81]47,63,0)([82]74,25,3)([83]27,53,5)([84]23,81,5)([85]78,77,6)([86]9,19,7)(85)
optimized area: 120.41
time: 1165032 ms
seed: 1636098787
NOT FOUND
time: 1050985 ms
seed: 1636131485
NOT FOUND
time: 1062888 ms
seed: 1636163823
{7,1,80,1,2,1,8}([7]3,2,7)([8]4,0,3)([9]6,5,7)([10]1,8,4)([11]0,6,4)([12]5,6,4)([13]5,10,4)([14]13,0,5)([15]8,9,2)([16]11,4,6)([17]2,0,6)([18]8,3,4)([19]18,15,6)([20]14,2,5)([21]4,15,4)([22]13,7,4)([23]22,12,5)([24]21,20,2)([25]1,18,5)([26]16,23,7)([27]17,7,5)([28]5,16,2)([29]2,11,7)([30]29,19,7)([31]30,10,6)([32]0,25,3)([33]13,16,3)([34]8,7,5)([35]34,32,2)([36]27,35,5)([37]9,33,2)([38]26,6,2)([39]31,21,4)([40]35,18,5)([41]27,17,2)([42]30,23,7)([43]38,30,3)([44]7,5,3)([45]15,32,5)([46]24,31,4)([47]8,38,7)([48]39,10,1)([49]5,15,5)([50]27,37,5)([51]20,28,3)([52]40,33,4)([53]32,21,7)([54]42,36,7)([55]34,47,7)([56]24,48,2)([57]33,42,0)([58]12,25,6)([59]40,31,4)([60]13,49,1)([61]24,36,6)([62]41,21,7)([63]8,7,6)([64]39,54,6)([65]63,61,2)([66]50,15,7)([67]33,1,4)([68]61,51,7)([69]25,1,7)([70]68,66,4)([71]62,57,6)([72]8,55,4)([73]59,38,6)([74]46,22,3)([75]71,7,3)([76]46,52,2)([77]55,41,4)([78]33,22,5)([79]56,56,6)([80]39,42,3)([81]65,21,0)([82]71,34,0)([83]80,73,2)([84]53,42,2)([85]70,83,3)([86]45,31,7)(85)
evaluations: 14457029
first invidual area: 145.71
{7,1,80,1,2,1,8}([7]0,3,6)([8]0,4,3)([9]6,5,7)([10]1,8,4)([11]6,0,4)([12]5,2,1)([13]10,5,4)([14]0,13,5)([15]8,9,2)([16]4,11,6)([17]3,4,0)([18]8,17,4)([19]15,18,6)([20]2,14,5)([21]4,9,4)([22]11,20,3)([23]12,22,5)([24]20,21,2)([25]2,17,7)([26]23,16,7)([27]25,7,5)([28]26,5,2)([29]11,2,4)([30]29,19,4)([31]18,1,5)([32]31,0,3)([33]30,10,3)([34]8,25,5)([35]32,34,2)([36]27,35,5)([37]11,13,0)([38]7,8,2)([39]14,30,3)([40]35,18,5)([41]16,20,2)([42]21,33,7)([43]27,9,2)([44]37,16,2)([45]6,26,2)([46]41,19,2)([47]15,27,3)([48]13,28,3)([49]3,7,3)([50]48,43,5)([51]20,28,3)([52]28,43,2)([53]49,13,1)([54]24,25,0)([55]53,9,6)([56]15,40,1)([57]3,8,6)([58]8,53,4)([59]40,33,2)([60]8,40,6)([61]24,36,3)([62]50,31,5)([63]50,15,4)([64]5,44,1)([65]0,48,2)([66]22,30,5)([67]33,57,0)([68]61,51,7)([69]5,4,5)([70]68,63,4)([71]58,13,4)([72]65,49,4)([73]45,59,6)([74]71,29,1)([75]28,2,3)([76]34,17,0)([77]36,33,1)([78]53,42,1)([79]27,5,6)([80]42,29,3)([81]29,14,3)([82]45,28,2)([83]80,73,2)([84]64,53,4)([85]70,83,3)([86]55,78,4)(85)
optimized area: 133.03
time: 1284567 ms
