seed: 1633855747
NOT FOUND
time: 526453 ms
seed: 1633942581
NOT FOUND
time: 520802 ms
seed: 1633970302
{7,1,80,1,2,1,8}([7]6,3,2)([8]1,5,6)([9]8,0,2)([10]5,2,4)([11]1,10,7)([12]6,3,6)([13]7,1,3)([14]9,4,6)([15]2,8,7)([16]1,14,4)([17]6,2,4)([18]14,2,6)([19]0,10,6)([20]0,1,6)([21]16,12,4)([22]12,0,7)([23]18,13,3)([24]23,3,2)([25]21,17,3)([26]10,17,4)([27]3,22,4)([28]15,3,2)([29]26,28,4)([30]8,21,2)([31]0,11,7)([32]5,31,5)([33]17,22,7)([34]5,19,5)([35]29,17,1)([36]24,15,3)([37]33,21,7)([38]11,25,3)([39]26,10,3)([40]9,28,1)([41]0,6,4)([42]4,36,7)([43]19,37,3)([44]38,42,7)([45]26,32,0)([46]45,22,3)([47]41,9,3)([48]40,11,2)([49]13,46,7)([50]22,35,6)([51]39,31,2)([52]42,24,5)([53]31,9,3)([54]46,37,7)([55]50,31,5)([56]6,0,3)([57]51,49,5)([58]29,43,3)([59]58,44,5)([60]59,30,6)([61]7,20,0)([62]16,7,0)([63]20,35,2)([64]59,4,4)([65]15,24,0)([66]29,40,2)([67]28,64,2)([68]5,52,7)([69]48,19,5)([70]2,69,3)([71]67,5,4)([72]14,15,7)([73]63,58,7)([74]15,1,2)([75]17,48,5)([76]73,10,1)([77]50,50,1)([78]3,53,0)([79]73,57,6)([80]7,0,3)([81]42,70,5)([82]4,20,3)([83]18,44,4)([84]22,44,4)([85]59,57,5)([86]54,84,0)(85)
evaluations: 10907305
first invidual area: 120.42
{7,1,80,1,2,1,8}([7]6,3,2)([8]5,1,6)([9]0,8,2)([10]2,5,4)([11]10,1,7)([12]3,6,6)([13]7,1,6)([14]4,9,3)([15]8,2,7)([16]12,1,7)([17]2,6,4)([18]17,3,0)([19]0,11,7)([20]15,3,5)([21]16,14,4)([22]1,0,4)([23]13,16,0)([24]4,11,6)([25]17,21,3)([26]5,6,4)([27]18,10,3)([28]3,27,5)([29]27,0,6)([30]25,3,0)([31]7,17,2)([32]26,20,4)([33]25,23,5)([34]26,16,6)([35]33,3,2)([36]11,2,7)([37]30,11,3)([38]35,15,6)([39]34,23,7)([40]22,14,4)([41]40,17,4)([42]41,13,3)([43]38,37,4)([44]4,43,7)([45]41,29,6)([46]40,6,6)([47]4,1,6)([48]30,11,1)([49]43,29,2)([50]19,27,2)([51]49,19,2)([52]26,18,4)([53]43,50,3)([54]39,7,0)([55]35,25,2)([56]21,21,3)([57]54,50,5)([58]32,45,5)([59]56,44,2)([60]47,56,0)([61]26,50,1)([62]31,51,5)([63]24,10,5)([64]24,31,0)([65]32,13,6)([66]51,37,4)([67]7,6,5)([68]21,63,2)([69]22,54,0)([70]15,60,5)([71]36,27,6)([72]43,64,5)([73]28,16,6)([74]69,47,3)([75]66,6,7)([76]5,44,2)([77]44,58,5)([78]43,61,3)([79]45,48,7)([80]41,14,7)([81]18,44,2)([82]30,47,0)([83]47,81,2)([84]8,74,4)([85]77,57,5)([86]81,81,5)(85)
optimized area: 116.67
time: 618649 ms
seed: 1633993215
NOT FOUND
time: 541031 ms
seed: 1634042132
{7,1,80,1,2,1,8}([7]2,1,6)([8]5,4,4)([9]3,1,1)([10]9,4,4)([11]1,5,6)([12]7,0,4)([13]2,10,6)([14]12,5,3)([15]8,9,0)([16]12,6,7)([17]8,13,7)([18]2,5,6)([19]1,18,7)([20]2,12,6)([21]17,2,0)([22]0,1,7)([23]1,6,2)([24]5,6,5)([25]3,11,3)([26]14,19,7)([27]26,20,6)([28]6,7,3)([29]25,11,3)([30]25,28,7)([31]22,6,2)([32]16,1,5)([33]6,27,3)([34]22,3,3)([35]6,8,5)([36]21,34,0)([37]30,27,5)([38]24,30,5)([39]22,16,6)([40]22,25,6)([41]8,11,3)([42]16,40,4)([43]12,2,2)([44]38,1,4)([45]31,21,6)([46]38,32,6)([47]19,35,2)([48]26,42,7)([49]0,18,2)([50]12,47,7)([51]40,50,7)([52]39,6,5)([53]10,46,3)([54]37,47,4)([55]8,30,5)([56]51,45,2)([57]53,33,2)([58]45,57,6)([59]17,22,5)([60]16,34,2)([61]24,29,5)([62]54,41,2)([63]50,60,2)([64]62,51,2)([65]63,0,2)([66]31,57,2)([67]65,58,3)([68]45,6,1)([69]56,36,0)([70]67,64,7)([71]36,63,7)([72]10,27,0)([73]48,16,5)([74]9,37,4)([75]3,37,6)([76]63,69,7)([77]67,18,3)([78]18,63,2)([79]44,72,4)([80]33,77,4)([81]49,46,2)([82]44,33,7)([83]75,44,5)([84]70,37,0)([85]39,29,2)([86]74,77,0)(84)
evaluations: 30628922
first invidual area: 132.56
{7,1,80,1,2,1,8}([7]2,1,6)([8]4,5,4)([9]4,3,7)([10]2,9,3)([11]5,1,6)([12]0,7,4)([13]0,1,7)([14]8,12,0)([15]12,2,6)([16]6,12,7)([17]10,8,4)([18]2,5,6)([19]18,1,7)([20]5,12,3)([21]8,11,3)([22]20,19,7)([23]8,6,5)([24]13,7,0)([25]3,11,3)([26]15,11,2)([27]22,15,6)([28]7,6,3)([29]6,10,3)([30]25,28,7)([31]13,6,2)([32]27,5,3)([33]19,31,0)([34]31,25,6)([35]2,3,5)([36]27,30,5)([37]36,22,0)([38]18,3,3)([39]30,16,5)([40]26,26,4)([41]27,27,1)([42]8,22,6)([43]2,0,5)([44]6,27,3)([45]31,17,6)([46]21,39,6)([47]23,33,2)([48]26,42,6)([49]46,5,6)([50]12,47,7)([51]8,46,5)([52]34,50,7)([53]9,46,3)([54]37,47,4)([55]10,38,2)([56]52,32,0)([57]53,44,2)([58]45,57,6)([59]53,46,0)([60]16,38,2)([61]48,50,2)([62]54,21,2)([63]0,60,2)([64]62,52,5)([65]63,50,2)([66]1,39,0)([67]65,58,3)([68]35,39,4)([69]43,62,5)([70]67,64,4)([71]64,36,7)([72]59,37,3)([73]15,29,6)([74]33,43,3)([75]18,46,6)([76]24,29,3)([77]13,39,6)([78]19,34,4)([79]20,44,6)([80]8,44,6)([81]1,46,4)([82]26,75,3)([83]35,63,7)([84]14,17,0)([85]54,74,4)([86]84,38,6)(70)
optimized area: 126.95
time: 590787 ms
seed: 1634156256
NOT FOUND
time: 528178 ms
seed: 1634203616
NOT FOUND
time: 533205 ms
seed: 1634252587
{7,1,80,1,2,1,8}([7]6,0,6)([8]1,6,4)([9]0,3,5)([10]4,9,4)([11]3,5,4)([12]6,8,2)([13]3,7,4)([14]8,13,2)([15]14,0,3)([16]15,3,2)([17]13,14,4)([18]6,3,3)([19]10,6,4)([20]11,19,4)([21]11,3,0)([22]15,10,7)([23]18,5,7)([24]23,22,2)([25]13,22,6)([26]12,17,4)([27]15,2,3)([28]3,2,4)([29]13,10,5)([30]15,9,3)([31]17,24,5)([32]4,12,4)([33]28,32,4)([34]25,21,4)([35]18,0,2)([36]26,20,5)([37]1,24,2)([38]15,3,6)([39]31,23,6)([40]2,37,3)([41]40,14,7)([42]5,35,0)([43]35,41,4)([44]22,20,3)([45]14,26,4)([46]36,45,1)([47]9,33,2)([48]38,18,3)([49]4,35,0)([50]38,25,1)([51]37,47,4)([52]24,25,7)([53]9,23,2)([54]46,15,7)([55]46,50,5)([56]36,14,1)([57]12,21,6)([58]4,22,1)([59]56,32,4)([60]12,38,7)([61]33,21,5)([62]43,51,3)([63]57,41,2)([64]61,46,2)([65]46,46,3)([66]60,57,4)([67]50,20,5)([68]63,14,5)([69]57,40,3)([70]22,44,0)([71]2,55,0)([72]64,36,1)([73]72,62,5)([74]5,71,1)([75]37,17,7)([76]11,9,6)([77]39,1,5)([78]46,55,5)([79]64,1,5)([80]53,73,7)([81]69,30,0)([82]61,38,1)([83]9,81,3)([84]45,8,6)([85]46,76,6)([86]39,25,1)(80)
evaluations: 13877100
first invidual area: 120.43
{7,1,80,1,2,1,8}([7]6,0,6)([8]6,1,4)([9]3,0,5)([10]9,4,4)([11]4,8,2)([12]8,6,2)([13]3,7,4)([14]13,8,2)([15]8,9,1)([16]0,14,6)([17]0,11,7)([18]6,3,3)([19]10,6,7)([20]0,18,5)([21]10,16,4)([22]13,15,2)([23]5,18,7)([24]19,5,4)([25]24,3,7)([26]6,6,7)([27]6,10,6)([28]10,0,1)([29]10,6,2)([30]3,12,4)([31]30,2,4)([32]25,25,0)([33]4,31,4)([34]22,12,3)([35]1,21,2)([36]9,33,5)([37]33,1,0)([38]11,20,2)([39]23,35,2)([40]39,2,3)([41]14,40,7)([42]20,41,7)([43]10,26,2)([44]12,19,6)([45]31,4,5)([46]18,8,4)([47]11,24,0)([48]30,20,2)([49]35,34,7)([50]14,10,2)([51]39,36,7)([52]9,13,2)([53]1,8,7)([54]42,51,3)([55]52,36,6)([56]17,26,2)([57]19,37,5)([58]13,0,3)([59]21,38,6)([60]25,30,1)([61]34,32,2)([62]45,7,3)([63]39,22,4)([64]57,61,5)([65]51,19,0)([66]5,16,2)([67]45,17,6)([68]16,39,3)([69]38,1,4)([70]13,56,3)([71]64,54,5)([72]11,59,0)([73]61,33,5)([74]58,16,6)([75]21,6,5)([76]11,66,4)([77]39,25,1)([78]49,49,3)([79]23,9,5)([80]71,79,4)([81]57,73,7)([82]6,27,3)([83]7,74,6)([84]80,28,6)([85]29,32,6)([86]75,34,5)(80)
optimized area: 112.92
time: 606882 ms
seed: 1634300636
NOT FOUND
time: 524946 ms
seed: 1634341222
NOT FOUND
time: 524137 ms
seed: 1634390100
{7,1,80,1,2,1,8}([7]4,3,2)([8]6,4,4)([9]5,6,3)([10]4,5,6)([11]1,7,5)([12]3,0,4)([13]3,1,7)([14]2,2,1)([15]12,4,2)([16]5,8,4)([17]16,7,7)([18]5,7,1)([19]7,1,3)([20]9,2,4)([21]15,14,7)([22]21,20,6)([23]13,22,6)([24]9,2,5)([25]21,19,3)([26]5,8,3)([27]10,17,6)([28]11,4,4)([29]18,16,6)([30]23,29,4)([31]27,13,3)([32]2,12,4)([33]2,31,7)([34]7,10,6)([35]23,6,3)([36]13,4,4)([37]32,34,4)([38]0,12,2)([39]15,9,2)([40]23,21,5)([41]30,33,6)([42]35,20,5)([43]32,19,7)([44]42,1,7)([45]41,24,7)([46]4,1,3)([47]16,8,0)([48]45,28,4)([49]44,43,3)([50]12,30,4)([51]26,49,5)([52]5,34,3)([53]25,52,1)([54]0,44,6)([55]36,48,7)([56]37,32,6)([57]46,31,4)([58]49,52,6)([59]48,27,1)([60]22,3,5)([61]37,55,3)([62]35,6,6)([63]57,49,1)([64]59,58,4)([65]61,57,3)([66]53,20,7)([67]14,55,1)([68]20,20,0)([69]17,27,3)([70]54,29,0)([71]60,21,4)([72]70,58,4)([73]48,54,2)([74]52,16,3)([75]73,5,6)([76]74,10,7)([77]67,5,6)([78]55,9,5)([79]65,51,3)([80]16,18,6)([81]64,79,7)([82]11,43,1)([83]60,31,1)([84]60,75,3)([85]23,84,3)([86]17,65,3)(81)
evaluations: 5083025
first invidual area: 159.31
{7,1,80,1,2,1,8}([7]4,3,2)([8]4,6,7)([9]6,5,3)([10]4,5,6)([11]1,7,6)([12]0,3,4)([13]1,3,7)([14]9,5,1)([15]12,4,5)([16]5,8,7)([17]2,15,2)([18]1,16,4)([19]7,7,0)([20]1,2,0)([21]14,18,6)([22]17,21,6)([23]13,22,6)([24]9,2,5)([25]12,1,0)([26]15,8,1)([27]3,20,5)([28]11,18,6)([29]8,16,6)([30]23,29,4)([31]13,28,3)([32]2,25,4)([33]2,31,7)([34]7,10,6)([35]6,23,3)([36]4,13,7)([37]25,22,4)([38]8,1,6)([39]29,16,3)([40]27,4,5)([41]30,33,6)([42]35,24,5)([43]11,32,4)([44]42,20,7)([45]20,39,0)([46]24,41,4)([47]10,19,1)([48]46,40,7)([49]43,44,3)([50]35,13,2)([51]39,49,5)([52]5,34,3)([53]48,29,3)([54]50,18,3)([55]48,36,4)([56]11,45,3)([57]38,31,7)([58]49,52,3)([59]21,39,6)([60]22,20,2)([61]51,55,3)([62]33,44,1)([63]34,19,5)([64]58,48,7)([65]61,57,3)([66]35,33,6)([67]35,41,7)([68]42,61,7)([69]16,25,2)([70]43,0,2)([71]15,42,5)([72]61,36,6)([73]53,72,1)([74]32,34,4)([75]32,29,2)([76]54,68,4)([77]9,48,2)([78]25,73,6)([79]65,74,6)([80]71,16,5)([81]64,79,7)([82]1,60,2)([83]67,8,4)([84]24,60,3)([85]40,30,7)([86]70,30,7)(81)
optimized area: 148.52
time: 752315 ms
seed: 1634439141
NOT FOUND
time: 525697 ms
seed: 1634499381
NOT FOUND
time: 522094 ms
seed: 1634598569
{7,1,80,1,2,1,8}([7]3,4,7)([8]6,1,4)([9]4,6,6)([10]6,5,7)([11]7,9,1)([12]3,10,7)([13]4,8,4)([14]11,10,2)([15]0,13,7)([16]4,15,4)([17]3,12,4)([18]2,5,6)([19]8,7,5)([20]15,7,7)([21]8,9,6)([22]18,8,3)([23]17,22,3)([24]2,9,4)([25]12,12,1)([26]4,6,4)([27]8,3,5)([28]27,0,7)([29]18,23,7)([30]0,18,2)([31]6,15,2)([32]2,31,7)([33]26,9,6)([34]8,24,5)([35]21,7,1)([36]0,32,4)([37]36,26,4)([38]37,28,0)([39]15,29,3)([40]29,0,5)([41]5,3,3)([42]0,6,2)([43]9,37,5)([44]13,27,1)([45]12,33,6)([46]29,20,7)([47]3,41,4)([48]9,43,3)([49]22,25,4)([50]3,40,3)([51]30,8,1)([52]35,51,3)([53]27,42,2)([54]32,40,2)([55]51,24,7)([56]34,20,6)([57]29,3,5)([58]13,20,6)([59]54,24,4)([60]39,58,7)([61]45,6,1)([62]53,11,2)([63]21,60,3)([64]38,23,4)([65]52,11,4)([66]64,63,6)([67]38,43,1)([68]61,66,6)([69]32,60,5)([70]61,34,5)([71]2,41,6)([72]65,54,3)([73]68,72,7)([74]53,6,7)([75]16,49,6)([76]51,49,5)([77]50,31,1)([78]23,35,2)([79]73,56,7)([80]1,18,2)([81]52,24,0)([82]19,2,5)([83]5,71,2)([84]41,42,4)([85]39,59,3)([86]3,27,1)(79)
evaluations: 8512506
first invidual area: 140.57
{7,1,80,1,2,1,8}([7]4,3,7)([8]6,1,4)([9]6,4,2)([10]6,5,7)([11]6,4,6)([12]11,2,4)([13]8,4,4)([14]3,11,3)([15]13,0,7)([16]15,7,7)([17]10,12,1)([18]2,5,6)([19]6,15,3)([20]8,19,0)([21]11,8,6)([22]20,11,1)([23]3,22,7)([24]6,15,5)([25]2,12,0)([26]21,25,0)([27]17,20,6)([28]12,8,5)([29]18,27,3)([30]19,28,4)([31]29,0,5)([32]24,25,4)([33]22,6,2)([34]3,28,1)([35]14,18,2)([36]0,18,2)([37]36,26,5)([38]25,19,4)([39]29,15,3)([40]28,16,3)([41]10,3,7)([42]1,25,7)([43]16,13,6)([44]28,8,2)([45]41,9,3)([46]31,0,4)([47]16,6,5)([48]32,31,2)([49]24,46,5)([50]43,22,0)([51]42,20,1)([52]25,9,6)([53]20,38,2)([54]51,12,4)([55]31,47,4)([56]0,46,2)([57]7,2,5)([58]49,10,6)([59]7,26,4)([60]39,43,7)([61]54,49,2)([62]52,57,2)([63]21,60,3)([64]39,25,6)([65]37,7,7)([66]63,53,6)([67]24,6,0)([68]45,66,3)([69]20,11,0)([70]36,5,3)([71]43,59,2)([72]48,65,6)([73]68,40,7)([74]34,22,7)([75]58,46,7)([76]36,72,4)([77]41,34,3)([78]29,30,1)([79]5,66,3)([80]22,15,0)([81]42,49,4)([82]64,9,3)([83]73,72,4)([84]56,19,6)([85]41,15,4)([86]52,58,1)(83)
optimized area: 116.66
time: 624218 ms
seed: 1634647337
NOT FOUND
time: 535791 ms
seed: 1634698054
{7,1,80,1,2,1,8}([7]6,2,5)([8]6,3,2)([9]5,8,6)([10]2,7,7)([11]1,2,7)([12]8,2,6)([13]0,3,5)([14]1,0,4)([15]10,3,7)([16]4,2,4)([17]0,15,4)([18]10,13,7)([19]15,9,4)([20]1,7,7)([21]20,13,6)([22]19,18,6)([23]3,4,4)([24]14,19,2)([25]24,16,5)([26]21,22,7)([27]14,25,2)([28]23,27,6)([29]28,4,6)([30]16,5,7)([31]22,29,0)([32]28,17,2)([33]14,17,5)([34]32,7,6)([35]11,12,7)([36]10,3,0)([37]6,8,1)([38]16,24,2)([39]11,19,1)([40]25,32,7)([41]34,30,7)([42]32,2,2)([43]22,7,4)([44]30,38,2)([45]30,43,6)([46]11,43,7)([47]9,31,7)([48]26,3,6)([49]26,37,7)([50]17,35,6)([51]32,35,7)([52]3,29,1)([53]6,22,1)([54]50,41,4)([55]4,22,2)([56]51,39,2)([57]24,0,1)([58]38,2,2)([59]44,19,6)([60]56,23,4)([61]40,30,5)([62]35,38,7)([63]53,16,1)([64]32,52,4)([65]60,54,5)([66]48,44,2)([67]35,7,1)([68]30,28,6)([69]51,53,0)([70]46,52,4)([71]65,49,5)([72]1,42,6)([73]14,55,6)([74]36,46,7)([75]6,52,6)([76]40,8,7)([77]21,73,4)([78]45,45,1)([79]44,28,2)([80]58,71,3)([81]28,7,3)([82]49,79,1)([83]6,48,2)([84]80,61,5)([85]21,79,7)([86]42,50,3)(84)
evaluations: 32362712
first invidual area: 140.10
{7,1,80,1,2,1,8}([7]6,2,5)([8]3,6,2)([9]5,8,6)([10]7,2,2)([11]1,2,7)([12]2,8,6)([13]0,3,5)([14]0,1,4)([15]3,10,7)([16]2,4,4)([17]15,0,4)([18]17,14,2)([19]15,9,4)([20]11,9,4)([21]20,13,3)([22]10,19,6)([23]3,4,4)([24]19,16,2)([25]14,24,2)([26]11,21,1)([27]18,8,4)([28]23,18,6)([29]16,8,4)([30]16,5,7)([31]26,0,0)([32]28,17,2)([33]26,19,7)([34]28,7,3)([35]11,12,7)([36]13,1,2)([37]30,12,1)([38]17,35,3)([39]2,16,7)([40]25,32,3)([41]34,30,7)([42]41,41,0)([43]0,30,1)([44]9,10,0)([45]18,31,5)([46]42,40,5)([47]27,34,5)([48]17,7,7)([49]14,18,6)([50]22,9,6)([51]40,35,7)([52]22,6,4)([53]3,1,5)([54]38,42,4)([55]10,25,2)([56]51,26,5)([57]23,56,7)([58]2,17,4)([59]6,47,5)([60]37,52,7)([61]54,11,0)([62]22,25,1)([63]40,55,5)([64]59,43,2)([65]57,61,5)([66]48,34,3)([67]65,59,7)([68]37,21,1)([69]10,10,4)([70]21,52,4)([71]65,70,5)([72]57,54,3)([73]13,11,1)([74]73,73,3)([75]68,20,1)([76]37,59,3)([77]5,5,1)([78]75,51,3)([79]68,70,6)([80]55,71,3)([81]52,29,3)([82]47,45,7)([83]46,36,5)([84]80,46,5)([85]60,81,2)([86]82,54,6)(84)
optimized area: 126.97
time: 796228 ms
seed: 1634775524
{7,1,80,1,2,1,8}([7]1,2,4)([8]3,1,3)([9]5,3,3)([10]6,9,7)([11]4,7,7)([12]4,2,5)([13]8,7,2)([14]0,10,3)([15]12,10,3)([16]0,7,2)([17]5,8,7)([18]11,5,1)([19]3,15,4)([20]12,6,0)([21]16,19,3)([22]9,8,7)([23]16,8,2)([24]4,6,2)([25]3,18,6)([26]0,22,1)([27]12,24,5)([28]15,14,0)([29]8,27,5)([30]7,12,7)([31]7,17,3)([32]2,6,6)([33]32,14,7)([34]7,2,3)([35]28,22,3)([36]18,26,7)([37]32,0,5)([38]33,5,4)([39]1,27,6)([40]8,15,3)([41]20,2,2)([42]0,22,7)([43]30,33,5)([44]11,42,1)([45]43,8,4)([46]36,38,7)([47]31,34,2)([48]11,47,6)([49]11,17,7)([50]22,1,6)([51]21,10,4)([52]1,20,4)([53]42,18,6)([54]47,32,1)([55]45,24,4)([56]46,25,1)([57]51,8,0)([58]29,49,2)([59]23,8,5)([60]22,19,2)([61]51,48,2)([62]42,57,3)([63]58,51,3)([64]20,1,3)([65]25,55,4)([66]56,60,7)([67]56,65,3)([68]21,35,5)([69]37,59,4)([70]23,40,3)([71]62,38,6)([72]3,38,3)([73]70,63,7)([74]37,21,1)([75]23,11,6)([76]67,73,5)([77]75,12,2)([78]12,77,7)([79]45,5,1)([80]38,27,1)([81]9,12,6)([82]59,79,6)([83]9,66,1)([84]78,79,5)([85]0,44,3)([86]71,76,7)(86)
evaluations: 14706614
first invidual area: 142.44
{7,1,80,1,2,1,8}([7]2,1,4)([8]1,3,3)([9]5,3,3)([10]9,6,7)([11]4,7,7)([12]2,4,5)([13]7,12,7)([14]0,7,2)([15]10,12,3)([16]15,4,0)([17]6,2,6)([18]4,11,0)([19]0,10,6)([20]13,17,2)([21]9,0,4)([22]15,3,4)([23]3,21,0)([24]6,18,5)([25]6,3,3)([26]19,9,2)([27]3,2,6)([28]11,11,1)([29]13,5,5)([30]0,11,4)([31]8,6,4)([32]24,22,6)([33]19,17,4)([34]15,3,3)([35]12,9,2)([36]20,30,1)([37]8,21,4)([38]33,5,4)([39]0,17,2)([40]22,14,6)([41]6,30,3)([42]5,39,0)([43]29,8,5)([44]18,17,1)([45]30,38,4)([46]13,9,0)([47]13,33,5)([48]28,31,7)([49]21,24,7)([50]3,28,3)([51]40,10,7)([52]50,24,7)([53]42,22,2)([54]38,51,5)([55]52,8,4)([56]19,10,7)([57]38,31,0)([58]43,48,2)([59]9,27,7)([60]24,1,4)([61]22,46,1)([62]37,51,3)([63]58,51,3)([64]47,55,4)([65]45,23,0)([66]61,58,5)([67]65,64,5)([68]6,60,5)([69]57,62,3)([70]35,41,7)([71]64,4,4)([72]49,12,7)([73]15,70,7)([74]34,63,2)([75]43,10,1)([76]74,67,5)([77]25,65,0)([78]31,32,0)([79]6,60,6)([80]65,57,2)([81]34,38,1)([82]4,32,6)([83]15,79,5)([84]27,26,3)([85]49,65,3)([86]69,76,5)(86)
optimized area: 128.85
time: 1128572 ms
seed: 1634840798
NOT FOUND
time: 984825 ms
seed: 1635095453
NOT FOUND
time: 988608 ms
seed: 1635125479
NOT FOUND
time: 527552 ms
seed: 1635174491
NOT FOUND
time: 550396 ms
seed: 1635293683
{7,1,80,1,2,1,8}([7]2,3,5)([8]1,5,4)([9]3,2,2)([10]7,5,3)([11]6,5,5)([12]0,8,4)([13]10,8,7)([14]12,8,4)([15]12,2,6)([16]4,3,7)([17]16,5,4)([18]9,6,1)([19]11,17,4)([20]6,15,4)([21]4,15,2)([22]19,5,5)([23]9,6,4)([24]0,6,5)([25]19,18,7)([26]19,13,6)([27]26,16,5)([28]8,21,6)([29]8,3,7)([30]3,28,6)([31]25,7,0)([32]17,15,2)([33]6,29,2)([34]32,9,7)([35]30,1,4)([36]23,29,3)([37]28,2,3)([38]12,4,4)([39]18,25,6)([40]26,15,6)([41]2,22,2)([42]41,33,6)([43]9,1,6)([44]15,43,6)([45]29,39,3)([46]6,34,5)([47]35,46,7)([48]7,32,3)([49]19,47,6)([50]49,43,2)([51]7,11,5)([52]37,30,6)([53]36,38,3)([54]53,25,7)([55]54,35,3)([56]55,22,5)([57]5,29,4)([58]42,5,5)([59]43,24,3)([60]42,59,7)([61]36,9,5)([62]16,7,0)([63]0,40,3)([64]41,38,0)([65]63,47,4)([66]28,65,6)([67]60,56,6)([68]64,59,6)([69]21,39,0)([70]65,54,4)([71]39,38,3)([72]65,68,6)([73]57,19,4)([74]0,48,0)([75]3,12,0)([76]33,38,2)([77]56,35,3)([78]7,38,7)([79]62,52,2)([80]3,69,2)([81]27,66,3)([82]77,78,4)([83]55,23,4)([84]81,35,7)([85]80,35,5)([86]72,67,4)(86)
evaluations: 25463894
first invidual area: 141.49
{7,1,80,1,2,1,8}([7]3,2,5)([8]5,1,4)([9]7,8,1)([10]5,7,6)([11]8,0,4)([12]4,7,0)([13]10,8,4)([14]3,4,7)([15]2,11,6)([16]15,12,2)([17]5,14,4)([18]5,6,5)([19]18,17,4)([20]3,11,4)([21]19,12,5)([22]19,5,5)([23]9,6,4)([24]6,19,4)([25]13,15,6)([26]13,19,6)([27]4,20,5)([28]13,16,6)([29]14,20,4)([30]3,28,6)([31]3,13,7)([32]17,15,2)([33]17,19,7)([34]28,9,6)([35]30,1,4)([36]23,28,3)([37]31,6,2)([38]0,14,4)([39]32,9,6)([40]26,15,6)([41]2,22,2)([42]14,22,5)([43]0,25,1)([44]2,37,3)([45]21,44,2)([46]39,6,5)([47]35,46,4)([48]36,38,3)([49]9,19,7)([50]48,49,4)([51]8,13,4)([52]40,44,7)([53]1,6,5)([54]40,35,1)([55]50,35,3)([56]55,22,5)([57]5,47,0)([58]2,36,1)([59]53,43,3)([60]44,59,4)([61]13,12,3)([62]52,58,2)([63]40,0,6)([64]48,19,7)([65]63,47,4)([66]28,59,7)([67]60,56,6)([68]41,59,6)([69]3,14,6)([70]53,42,2)([71]40,70,3)([72]65,68,3)([73]26,55,7)([74]12,58,1)([75]36,30,3)([76]65,3,1)([77]38,59,0)([78]1,28,4)([79]39,72,1)([80]58,40,7)([81]69,11,3)([82]31,13,0)([83]57,82,1)([84]66,26,3)([85]73,47,5)([86]67,72,7)(86)
optimized area: 135.86
time: 1134309 ms
seed: 1635451342
NOT FOUND
time: 983947 ms
seed: 1635558510
{7,1,80,1,2,1,8}([7]6,0,3)([8]6,7,6)([9]3,0,7)([10]5,1,7)([11]3,5,4)([12]4,0,4)([13]9,12,4)([14]1,6,7)([15]10,9,2)([16]3,9,3)([17]11,13,2)([18]17,6,7)([19]18,2,4)([20]0,14,7)([21]20,5,7)([22]4,18,6)([23]14,9,7)([24]15,9,4)([25]9,21,5)([26]12,25,2)([27]19,15,6)([28]26,11,3)([29]15,13,4)([30]12,20,6)([31]19,10,4)([32]2,30,6)([33]32,18,6)([34]32,5,2)([35]33,29,3)([36]33,7,1)([37]27,28,7)([38]17,34,6)([39]3,7,4)([40]37,7,1)([41]23,22,2)([42]16,26,5)([43]34,42,6)([44]1,39,2)([45]18,28,1)([46]19,44,6)([47]46,21,6)([48]16,24,6)([49]40,41,7)([50]17,30,2)([51]50,0,1)([52]38,46,4)([53]33,37,3)([54]43,53,6)([55]24,54,2)([56]49,35,5)([57]56,50,4)([58]35,46,4)([59]54,50,5)([60]49,25,1)([61]52,47,4)([62]60,40,0)([63]0,21,1)([64]54,13,7)([65]57,61,3)([66]49,50,4)([67]55,65,0)([68]13,64,0)([69]65,64,4)([70]36,5,4)([71]11,50,7)([72]39,55,4)([73]8,72,6)([74]33,49,2)([75]36,0,3)([76]1,71,0)([77]62,27,0)([78]45,29,0)([79]28,71,5)([80]36,35,7)([81]12,69,7)([82]9,30,4)([83]44,68,6)([84]77,41,1)([85]51,8,7)([86]36,9,1)(69)
evaluations: 12151330
first invidual area: 154.63
{7,1,80,1,2,1,8}([7]5,4,3)([8]4,7,1)([9]0,3,7)([10]5,1,7)([11]5,3,4)([12]8,0,7)([13]12,9,4)([14]1,0,7)([15]10,9,2)([16]11,3,5)([17]13,11,2)([18]6,17,7)([19]2,18,4)([20]6,14,7)([21]5,20,7)([22]9,14,6)([23]16,1,2)([24]20,3,7)([25]21,9,5)([26]12,25,2)([27]19,15,6)([28]26,11,3)([29]13,15,4)([30]12,20,6)([31]30,9,0)([32]2,31,6)([33]32,18,6)([34]5,32,2)([35]20,31,2)([36]8,24,5)([37]28,27,7)([38]17,34,3)([39]26,7,5)([40]39,34,6)([41]33,29,3)([42]24,39,2)([43]37,12,2)([44]10,25,6)([45]27,12,1)([46]19,23,3)([47]46,21,5)([48]33,22,2)([49]37,36,7)([50]31,38,5)([51]50,8,4)([52]38,47,7)([53]33,37,3)([54]40,53,6)([55]38,52,6)([56]49,41,5)([57]0,32,0)([58]3,32,0)([59]52,10,2)([60]55,25,5)([61]45,41,4)([62]56,50,2)([63]39,31,4)([64]54,13,7)([65]62,52,3)([66]1,54,2)([67]2,5,0)([68]6,35,5)([69]59,8,7)([70]5,60,1)([71]44,5,2)([72]28,53,5)([73]38,71,2)([74]22,68,1)([75]45,59,0)([76]42,73,7)([77]30,1,1)([78]23,69,5)([79]11,19,1)([80]30,53,2)([81]58,59,4)([82]47,37,6)([83]64,65,4)([84]42,57,5)([85]71,81,3)([86]62,71,6)(83)
optimized area: 138.68
time: 1317857 ms
seed: 1635606011
{7,1,80,1,2,1,8}([7]5,6,7)([8]1,2,2)([9]1,6,2)([10]4,9,4)([11]3,9,7)([12]11,6,4)([13]7,8,6)([14]6,0,2)([15]12,0,4)([16]0,10,3)([17]15,8,2)([18]14,5,6)([19]2,12,4)([20]18,11,6)([21]10,11,0)([22]2,19,3)([23]11,16,4)([24]22,5,4)([25]21,3,2)([26]18,10,4)([27]20,17,6)([28]12,4,4)([29]7,1,4)([30]3,24,4)([31]30,21,3)([32]23,26,3)([33]27,31,2)([34]7,19,6)([35]13,30,7)([36]28,31,7)([37]16,22,5)([38]29,32,2)([39]33,11,4)([40]24,3,3)([41]33,1,4)([42]15,38,2)([43]16,36,2)([44]39,6,0)([45]18,0,7)([46]9,41,2)([47]35,19,5)([48]5,29,2)([49]48,25,1)([50]8,44,3)([51]22,44,2)([52]47,37,0)([53]42,8,7)([54]6,8,1)([55]53,35,6)([56]17,38,1)([57]46,38,0)([58]46,52,4)([59]18,48,0)([60]13,36,2)([61]0,42,4)([62]19,44,6)([63]58,51,0)([64]55,39,7)([65]62,18,4)([66]39,34,4)([67]1,35,1)([68]43,50,4)([69]27,59,0)([70]46,16,0)([71]62,6,6)([72]52,71,3)([73]31,68,0)([74]68,65,3)([75]38,10,0)([76]48,68,3)([77]62,55,4)([78]66,10,3)([79]58,77,3)([80]6,17,1)([81]62,8,5)([82]36,58,2)([83]27,67,5)([84]45,38,7)([85]73,56,2)([86]74,64,5)(86)
evaluations: 9024569
first invidual area: 137.78
{7,1,80,1,2,1,8}([7]5,6,7)([8]2,1,2)([9]6,1,2)([10]9,4,4)([11]9,3,7)([12]11,6,4)([13]4,6,2)([14]0,6,2)([15]0,12,4)([16]0,10,3)([17]8,15,2)([18]14,5,6)([19]7,8,3)([20]11,16,4)([21]11,18,6)([22]2,12,6)([23]3,11,4)([24]5,3,4)([25]20,13,3)([26]21,17,6)([27]12,18,7)([28]4,12,4)([29]24,16,7)([30]24,22,7)([31]30,10,3)([32]19,30,4)([33]26,31,5)([34]28,8,6)([35]7,1,4)([36]28,31,7)([37]24,13,1)([38]15,25,2)([39]11,33,7)([40]17,37,0)([41]38,6,3)([42]40,16,0)([43]38,35,5)([44]16,36,5)([45]10,30,5)([46]41,45,6)([47]43,8,4)([48]42,38,5)([49]5,27,2)([50]22,43,0)([51]39,2,6)([52]18,25,1)([53]37,27,6)([54]0,0,7)([55]32,47,6)([56]32,55,4)([57]24,10,2)([58]39,55,7)([59]33,0,3)([60]40,28,5)([61]6,6,3)([62]21,39,4)([63]17,44,7)([64]38,53,0)([65]27,51,7)([66]65,63,3)([67]40,24,0)([68]50,67,0)([69]65,33,7)([70]40,63,2)([71]36,54,4)([72]7,0,7)([73]60,34,1)([74]41,45,1)([75]16,50,4)([76]32,29,1)([77]66,31,5)([78]26,16,5)([79]25,29,3)([80]42,58,3)([81]40,52,1)([82]10,71,3)([83]26,52,4)([84]68,24,4)([85]8,7,3)([86]66,58,5)(86)
optimized area: 131.68
time: 1314821 ms
seed: 1635653701
NOT FOUND
time: 1055351 ms
seed: 1635701578
{7,1,80,1,2,1,8}([7]1,0,7)([8]4,1,6)([9]8,1,4)([10]3,9,4)([11]10,2,6)([12]5,9,7)([13]11,6,3)([14]5,3,6)([15]9,13,4)([16]8,2,6)([17]7,2,4)([18]13,12,7)([19]0,15,4)([20]2,17,3)([21]3,8,6)([22]6,18,3)([23]12,20,4)([24]19,3,2)([25]6,0,7)([26]17,17,5)([27]23,25,0)([28]3,22,6)([29]25,13,6)([30]6,23,2)([31]25,26,6)([32]29,1,6)([33]4,24,5)([34]27,0,6)([35]4,31,4)([36]31,16,1)([37]29,28,2)([38]33,36,5)([39]14,35,5)([40]34,22,6)([41]30,35,5)([42]35,9,7)([43]30,40,4)([44]30,18,7)([45]29,21,7)([46]35,37,4)([47]3,38,7)([48]24,21,3)([49]37,11,4)([50]38,46,7)([51]14,14,2)([52]50,26,5)([53]43,14,4)([54]23,4,6)([55]20,45,3)([56]26,19,7)([57]2,12,5)([58]25,51,2)([59]48,8,1)([60]15,10,2)([61]52,39,5)([62]43,61,5)([63]45,9,1)([64]6,51,0)([65]4,15,0)([66]36,43,2)([67]3,59,7)([68]41,47,5)([69]63,68,6)([70]38,19,1)([71]44,10,3)([72]38,71,2)([73]44,69,6)([74]27,24,4)([75]52,71,2)([76]4,55,0)([77]44,13,0)([78]8,27,3)([79]30,42,4)([80]62,73,4)([81]62,60,7)([82]54,3,3)([83]42,69,5)([84]29,64,1)([85]64,57,2)([86]24,40,5)(80)
evaluations: 32833493
first invidual area: 143.83
{7,1,80,1,2,1,8}([7]2,4,0)([8]1,4,6)([9]1,8,3)([10]3,9,4)([11]2,10,6)([12]5,8,4)([13]6,11,3)([14]5,3,6)([15]1,13,4)([16]7,1,4)([17]7,2,2)([18]15,12,4)([19]0,15,4)([20]19,7,6)([21]7,6,6)([22]19,4,5)([23]18,20,7)([24]10,3,0)([25]0,6,7)([26]0,16,4)([27]11,1,5)([28]19,0,6)([29]13,25,6)([30]23,6,2)([31]26,25,6)([32]8,3,6)([33]31,9,1)([34]6,18,3)([35]4,31,4)([36]27,14,1)([37]24,29,5)([38]33,22,5)([39]14,35,5)([40]28,34,6)([41]36,18,3)([42]14,8,0)([43]30,40,3)([44]18,30,7)([45]29,32,4)([46]4,37,4)([47]39,19,7)([48]4,19,3)([49]3,19,2)([50]49,46,3)([51]27,2,0)([52]50,26,5)([53]34,16,1)([54]30,21,2)([55]53,8,4)([56]52,39,5)([57]39,42,4)([58]23,35,5)([59]22,46,6)([60]32,20,1)([61]58,5,3)([62]43,56,5)([63]54,8,3)([64]17,43,5)([65]39,27,4)([66]47,22,2)([67]38,3,7)([68]58,67,5)([69]45,68,6)([70]24,19,0)([71]2,57,5)([72]52,70,5)([73]44,69,6)([74]67,9,3)([75]67,45,2)([76]4,8,7)([77]65,31,6)([78]16,51,4)([79]24,6,0)([80]62,73,4)([81]14,20,7)([82]26,2,1)([83]23,55,7)([84]49,32,5)([85]46,8,0)([86]63,55,7)(80)
optimized area: 130.70
time: 1186416 ms
seed: 1635748754
NOT FOUND
time: 1067054 ms
seed: 1635795761
NOT FOUND
time: 1061166 ms
seed: 1635838994
{7,1,80,1,2,1,8}([7]2,0,7)([8]5,0,0)([9]7,6,2)([10]1,9,7)([11]4,8,2)([12]6,5,4)([13]9,7,7)([14]6,0,5)([15]13,1,5)([16]3,15,2)([17]5,9,6)([18]8,13,7)([19]2,17,7)([20]5,19,7)([21]16,1,7)([22]11,5,6)([23]16,5,2)([24]19,19,2)([25]18,21,3)([26]2,12,5)([27]24,1,3)([28]23,27,2)([29]26,16,7)([30]24,16,3)([31]11,10,5)([32]8,2,5)([33]20,4,7)([34]12,33,2)([35]34,8,1)([36]25,25,3)([37]21,0,2)([38]14,20,4)([39]11,25,1)([40]29,24,4)([41]24,23,1)([42]9,28,0)([43]32,34,2)([44]35,3,7)([45]12,6,6)([46]38,25,4)([47]45,37,2)([48]36,35,1)([49]6,0,7)([50]29,16,7)([51]36,31,5)([52]4,27,7)([53]9,28,3)([54]27,47,4)([55]54,44,4)([56]13,31,2)([57]33,42,1)([58]13,3,3)([59]6,51,4)([60]34,42,2)([61]41,40,3)([62]10,49,6)([63]33,40,1)([64]31,47,2)([65]55,0,6)([66]63,56,2)([67]8,55,7)([68]42,55,3)([69]57,62,7)([70]59,64,6)([71]2,20,3)([72]0,65,5)([73]60,27,0)([74]62,52,6)([75]74,55,6)([76]6,48,3)([77]44,28,7)([78]70,40,2)([79]43,3,3)([80]75,6,7)([81]31,79,5)([82]37,11,0)([83]2,35,0)([84]69,27,3)([85]78,75,3)([86]56,64,6)(85)
evaluations: 29932062
first invidual area: 128.39
{7,1,80,1,2,1,8}([7]0,2,7)([8]1,3,0)([9]7,6,2)([10]9,1,7)([11]2,3,1)([12]5,6,4)([13]9,7,7)([14]13,1,5)([15]13,5,7)([16]3,14,5)([17]5,9,3)([18]5,4,7)([19]2,17,4)([20]12,6,6)([21]16,1,4)([22]4,10,2)([23]19,16,7)([24]15,21,3)([25]17,22,5)([26]10,5,0)([27]8,19,3)([28]12,2,5)([29]19,1,1)([30]26,2,0)([31]6,10,6)([32]20,10,4)([33]18,19,7)([34]12,33,5)([35]27,34,7)([36]14,34,5)([37]6,36,4)([38]11,20,2)([39]0,20,2)([40]28,23,7)([41]11,11,6)([42]15,29,3)([43]6,0,7)([44]27,4,7)([45]16,33,1)([46]6,6,1)([47]21,39,2)([48]38,23,3)([49]8,21,0)([50]24,25,5)([51]10,42,4)([52]50,6,4)([53]33,25,4)([54]3,47,7)([55]54,35,7)([56]43,41,0)([57]0,22,2)([58]2,31,1)([59]5,47,5)([60]24,3,2)([61]28,30,3)([62]26,56,6)([63]23,15,4)([64]56,23,5)([65]39,20,7)([66]35,47,3)([67]31,16,2)([68]4,56,4)([69]43,25,7)([70]6,38,6)([71]30,33,6)([72]6,5,5)([73]58,69,1)([74]62,44,6)([75]74,55,6)([76]73,31,2)([77]52,47,6)([78]77,40,2)([79]78,75,3)([80]24,20,5)([81]35,75,7)([82]74,8,5)([83]72,11,3)([84]37,78,5)([85]19,2,7)([86]72,67,4)(79)
optimized area: 123.71
time: 1158000 ms
seed: 1635880965
{7,1,80,1,2,1,8}([7]2,6,2)([8]5,2,6)([9]2,2,5)([10]1,7,1)([11]8,6,7)([12]9,11,7)([13]7,10,6)([14]10,12,7)([15]14,6,3)([16]9,5,3)([17]5,15,2)([18]16,4,7)([19]15,8,6)([20]17,0,6)([21]4,1,7)([22]19,3,3)([23]13,17,3)([24]14,18,2)([25]20,21,4)([26]18,22,7)([27]26,22,5)([28]17,27,4)([29]11,25,2)([30]3,23,2)([31]3,30,1)([32]27,30,2)([33]29,6,7)([34]22,0,4)([35]21,31,5)([36]33,27,7)([37]9,24,4)([38]23,26,3)([39]25,13,6)([40]26,20,1)([41]2,38,4)([42]7,37,7)([43]41,22,6)([44]34,17,2)([45]6,10,2)([46]39,32,3)([47]37,11,2)([48]14,8,3)([49]40,44,5)([50]35,19,5)([51]38,35,4)([52]51,38,3)([53]45,21,5)([54]0,16,4)([55]46,47,3)([56]55,17,3)([57]54,21,6)([58]37,54,3)([59]56,36,7)([60]44,41,6)([61]49,51,7)([62]12,50,6)([63]6,32,2)([64]55,20,5)([65]48,35,7)([66]56,61,5)([67]10,15,2)([68]65,27,7)([69]66,0,4)([70]28,39,5)([71]63,62,1)([72]42,65,2)([73]58,3,5)([74]60,57,5)([75]31,14,5)([76]29,73,6)([77]63,28,1)([78]68,66,6)([79]74,59,2)([80]65,29,1)([81]79,78,3)([82]72,45,0)([83]53,50,2)([84]35,77,5)([85]39,12,4)([86]38,2,3)(81)
evaluations: 13896776
first invidual area: 163.02
{7,1,80,1,2,1,8}([7]1,3,1)([8]2,5,6)([9]0,3,4)([10]8,5,6)([11]6,8,7)([12]2,7,7)([13]7,6,6)([14]12,11,5)([15]10,4,4)([16]14,8,1)([17]5,14,2)([18]10,16,0)([19]9,8,4)([20]17,0,6)([21]7,4,4)([22]3,16,3)([23]15,22,5)([24]14,15,5)([25]20,21,4)([26]22,15,7)([27]24,3,5)([28]25,11,5)([29]9,21,0)([30]1,5,3)([31]17,3,5)([32]13,22,2)([33]6,28,4)([34]5,5,0)([35]21,27,5)([36]33,23,4)([37]6,24,7)([38]26,30,3)([39]25,13,6)([40]26,11,1)([41]2,38,4)([42]37,11,2)([43]34,37,2)([44]9,34,2)([45]32,4,6)([46]32,17,3)([47]40,9,5)([48]11,12,6)([49]21,35,6)([50]15,40,2)([51]38,47,5)([52]35,7,0)([53]45,44,6)([54]51,50,0)([55]39,42,3)([56]55,46,3)([57]36,56,4)([58]42,53,6)([59]6,9,1)([60]21,41,6)([61]54,35,7)([62]51,16,3)([63]15,18,3)([64]36,61,5)([65]48,54,4)([66]8,41,4)([67]48,4,6)([68]32,46,1)([69]27,37,3)([70]16,16,5)([71]3,56,5)([72]68,61,2)([73]1,32,3)([74]60,53,5)([75]44,61,2)([76]71,67,4)([77]72,22,7)([78]65,64,6)([79]74,57,2)([80]44,40,3)([81]79,78,3)([82]79,34,2)([83]56,35,6)([84]53,8,0)([85]15,77,0)([86]13,43,7)(81)
optimized area: 140.04
time: 1533841 ms
