seed: 1633874231
{7,1,80,1,2,1,8}([7]2,3,1)([8]3,6,4)([9]7,2,3)([10]0,8,6)([11]8,2,4)([12]3,4,2)([13]6,5,5)([14]4,5,0)([15]11,4,3)([16]10,15,2)([17]11,10,4)([18]4,11,5)([19]5,12,6)([20]13,17,7)([21]20,0,6)([22]1,4,7)([23]1,12,1)([24]1,19,3)([25]0,7,3)([26]6,25,4)([27]5,18,7)([28]26,27,7)([29]26,12,2)([30]9,23,4)([31]22,0,4)([32]13,25,7)([33]15,8,2)([34]17,31,3)([35]14,2,1)([36]14,29,6)([37]24,28,5)([38]21,33,4)([39]20,15,5)([40]27,14,0)([41]1,37,4)([42]3,18,4)([43]41,24,1)([44]33,14,6)([45]0,42,2)([46]39,42,5)([47]22,16,1)([48]1,0,6)([49]46,0,7)([50]43,46,7)([51]22,45,5)([52]4,27,7)([53]23,3,1)([54]3,31,5)([55]53,53,7)([56]8,16,5)([57]48,11,2)([58]41,51,1)([59]34,49,7)([60]51,50,2)([61]52,53,0)([62]36,34,1)([63]60,33,7)([64]11,3,5)([65]54,28,1)([66]45,35,5)([67]27,53,3)([68]60,12,5)([69]67,49,6)([70]48,55,5)([71]31,68,6)([72]70,0,1)([73]13,16,0)([74]65,2,5)([75]63,43,0)([76]0,71,0)([77]12,0,7)([78]75,60,5)([79]35,61,5)([80]62,64,6)([81]49,35,3)([82]78,70,3)([83]4,59,6)([84]75,83,3)([85]84,69,6)([86]76,63,7)(85)
evaluations: 26276477
first invidual area: 122.27
{7,1,80,1,2,1,8}([7]4,3,2)([8]6,3,4)([9]4,1,2)([10]8,1,0)([11]2,10,4)([12]0,9,0)([13]11,4,5)([14]12,8,3)([15]4,11,3)([16]7,5,6)([17]14,11,7)([18]17,0,3)([19]8,8,5)([20]0,0,3)([21]5,5,6)([22]1,4,7)([23]22,15,0)([24]8,11,4)([25]5,6,0)([26]6,18,4)([27]13,25,7)([28]27,26,7)([29]16,1,3)([30]25,6,5)([31]17,28,0)([32]1,27,3)([33]15,10,5)([34]30,17,7)([35]25,32,6)([36]21,31,1)([37]29,28,5)([38]4,29,5)([39]34,15,5)([40]22,18,4)([41]32,16,0)([42]13,3,4)([43]39,4,0)([44]42,20,2)([45]11,21,1)([46]43,42,5)([47]27,19,6)([48]1,37,4)([49]46,0,7)([50]48,46,4)([51]17,40,3)([52]51,33,3)([53]7,13,1)([54]10,32,1)([55]53,5,4)([56]22,44,5)([57]50,56,5)([58]11,11,6)([59]51,49,7)([60]43,28,1)([61]33,57,7)([62]40,45,7)([63]15,32,3)([64]0,21,7)([65]9,11,4)([66]34,30,5)([67]64,18,5)([68]49,32,6)([69]8,34,2)([70]59,18,2)([71]49,4,5)([72]11,17,5)([73]0,32,5)([74]45,25,1)([75]31,67,5)([76]68,6,6)([77]5,56,3)([78]42,45,4)([79]74,60,4)([80]10,74,2)([81]66,63,2)([82]50,69,1)([83]4,59,6)([84]61,83,3)([85]84,68,6)([86]68,7,4)(85)
optimized area: 115.73
time: 676361 ms
seed: 1634011853
{7,1,80,1,2,1,8}([7]1,4,2)([8]7,3,3)([9]0,1,2)([10]2,6,0)([11]7,6,4)([12]5,10,6)([13]7,4,7)([14]9,12,3)([15]14,5,7)([16]13,1,7)([17]16,0,6)([18]13,15,4)([19]11,15,5)([20]19,7,6)([21]3,2,1)([22]1,15,6)([23]12,8,4)([24]4,12,3)([25]22,10,7)([26]0,4,2)([27]25,5,7)([28]16,7,7)([29]11,25,6)([30]12,7,6)([31]0,22,7)([32]13,16,0)([33]21,25,4)([34]5,29,5)([35]30,14,3)([36]3,12,2)([37]33,31,3)([38]18,34,7)([39]24,29,3)([40]39,15,4)([41]39,6,2)([42]37,28,4)([43]3,36,6)([44]41,17,7)([45]27,32,3)([46]9,39,7)([47]44,23,7)([48]42,38,2)([49]20,3,4)([50]33,49,3)([51]48,10,5)([52]45,37,1)([53]27,18,2)([54]15,35,6)([55]15,27,2)([56]50,9,4)([57]40,45,5)([58]40,38,2)([59]26,19,5)([60]57,59,2)([61]48,47,3)([62]60,50,5)([63]62,61,2)([64]10,32,0)([65]39,59,7)([66]22,23,0)([67]38,60,5)([68]52,58,7)([69]28,16,3)([70]26,6,0)([71]10,45,2)([72]63,30,7)([73]26,19,4)([74]68,48,1)([75]40,1,7)([76]62,64,3)([77]1,1,3)([78]60,7,2)([79]67,14,4)([80]18,62,3)([81]35,62,7)([82]21,26,1)([83]40,47,7)([84]72,11,2)([85]14,21,5)([86]17,49,0)(72)
evaluations: 33023128
first invidual area: 144.31
{7,1,80,1,2,1,8}([7]4,1,2)([8]3,7,6)([9]0,1,2)([10]7,4,1)([11]6,7,4)([12]5,2,6)([13]10,4,5)([14]9,12,3)([15]14,5,7)([16]1,13,7)([17]15,1,0)([18]17,17,0)([19]0,4,0)([20]16,10,5)([21]7,12,6)([22]1,15,6)([23]12,8,4)([24]4,12,3)([25]2,22,7)([26]24,19,2)([27]2,20,3)([28]8,26,2)([29]25,11,6)([30]10,28,4)([31]30,13,0)([32]22,19,7)([33]3,25,7)([34]5,29,5)([35]15,13,4)([36]23,15,1)([37]6,13,1)([38]35,34,7)([39]24,29,6)([40]18,39,7)([41]24,6,2)([42]32,33,3)([43]19,16,3)([44]23,43,4)([45]27,14,3)([46]20,42,4)([47]44,41,4)([48]0,28,3)([49]41,25,6)([50]33,49,3)([51]7,7,0)([52]48,7,2)([53]15,11,5)([54]46,38,2)([55]19,11,2)([56]54,12,1)([57]40,45,5)([58]13,22,0)([59]26,53,5)([60]57,59,2)([61]54,47,3)([62]60,50,5)([63]62,61,5)([64]5,53,1)([65]1,17,5)([66]9,23,2)([67]51,63,2)([68]28,24,7)([69]60,5,0)([70]37,12,7)([71]35,40,3)([72]63,21,4)([73]6,61,6)([74]23,39,2)([75]50,69,1)([76]10,28,3)([77]33,61,0)([78]37,16,3)([79]15,39,5)([80]53,49,1)([81]26,37,3)([82]67,80,2)([83]37,20,2)([84]17,54,2)([85]12,70,3)([86]30,76,1)(72)
optimized area: 131.16
time: 588901 ms
seed: 1634060671
NOT FOUND
time: 530767 ms
seed: 1634174943
{7,1,80,1,2,1,8}([7]5,1,4)([8]0,6,2)([9]6,5,6)([10]7,4,6)([11]5,8,5)([12]0,1,6)([13]2,10,5)([14]5,6,5)([15]12,0,4)([16]7,4,5)([17]4,14,4)([18]16,2,4)([19]18,11,4)([20]3,16,5)([21]14,5,1)([22]12,4,7)([23]13,6,4)([24]22,19,2)([25]20,23,3)([26]2,15,2)([27]9,1,2)([28]18,9,4)([29]4,25,7)([30]0,29,6)([31]6,19,2)([32]18,17,6)([33]24,27,7)([34]10,21,2)([35]25,13,5)([36]27,3,3)([37]32,32,6)([38]15,35,7)([39]31,10,4)([40]26,9,3)([41]38,1,1)([42]3,1,2)([43]30,23,7)([44]36,32,3)([45]19,18,3)([46]19,2,3)([47]12,16,6)([48]31,13,5)([49]28,19,5)([50]0,6,2)([51]2,34,5)([52]51,39,4)([53]50,44,4)([54]42,7,1)([55]44,34,6)([56]38,44,5)([57]26,15,0)([58]43,55,7)([59]55,37,6)([60]33,48,6)([61]40,32,7)([62]33,56,7)([63]54,36,2)([64]63,58,6)([65]38,10,5)([66]57,53,1)([67]41,46,1)([68]67,54,5)([69]22,26,3)([70]61,42,2)([71]33,36,0)([72]10,21,3)([73]62,58,5)([74]7,70,7)([75]46,70,5)([76]19,7,1)([77]33,74,1)([78]22,55,5)([79]63,68,5)([80]54,75,4)([81]63,22,2)([82]42,8,4)([83]48,76,3)([84]75,73,5)([85]18,55,1)([86]44,63,4)(84)
evaluations: 2179679
first invidual area: 127.88
{7,1,80,1,2,1,8}([7]1,5,4)([8]5,6,2)([9]1,3,2)([10]7,4,6)([11]0,8,5)([12]0,1,6)([13]2,0,2)([14]4,12,7)([15]3,14,0)([16]4,7,5)([17]0,12,0)([18]2,16,4)([19]11,18,5)([20]15,16,5)([21]0,10,2)([22]10,19,5)([23]6,22,4)([24]5,6,6)([25]23,20,6)([26]10,8,2)([27]24,7,2)([28]4,8,7)([29]24,3,5)([30]25,4,4)([31]11,9,6)([32]28,18,6)([33]30,17,3)([34]27,15,3)([35]21,19,3)([36]11,2,6)([37]17,17,1)([38]19,14,5)([39]15,5,3)([40]3,37,4)([41]33,27,5)([42]6,34,5)([43]34,16,3)([44]32,34,3)([45]23,33,4)([46]0,12,6)([47]17,8,2)([48]36,44,1)([49]27,38,7)([50]13,24,3)([51]9,23,4)([52]24,47,6)([53]0,6,6)([54]46,42,7)([55]44,26,6)([56]45,15,7)([57]6,20,0)([58]55,45,7)([59]44,54,5)([60]50,32,7)([61]50,50,7)([62]49,59,4)([63]17,33,0)([64]21,25,2)([65]56,55,3)([66]35,58,1)([67]2,55,7)([68]21,10,5)([69]32,63,3)([70]60,9,2)([71]47,42,7)([72]19,2,3)([73]62,58,5)([74]55,20,2)([75]72,70,5)([76]63,43,7)([77]70,3,1)([78]12,73,0)([79]71,46,0)([80]43,77,3)([81]15,71,1)([82]26,63,7)([83]49,74,5)([84]75,73,5)([85]38,72,6)([86]18,66,0)(84)
optimized area: 118.97
time: 678877 ms
seed: 1634222207
NOT FOUND
time: 525842 ms
seed: 1634319253
{7,1,80,1,2,1,8}([7]3,1,4)([8]2,5,3)([9]7,2,4)([10]6,4,7)([11]8,0,2)([12]8,4,6)([13]12,11,3)([14]4,12,4)([15]14,3,6)([16]10,1,6)([17]11,13,6)([18]15,11,3)([19]9,18,4)([20]1,4,5)([21]6,4,2)([22]21,0,3)([23]3,6,4)([24]16,17,6)([25]3,22,2)([26]23,5,3)([27]14,16,5)([28]7,2,2)([29]22,8,4)([30]5,6,2)([31]29,3,3)([32]15,22,7)([33]0,28,3)([34]32,26,4)([35]33,6,2)([36]0,6,1)([37]25,20,0)([38]21,1,1)([39]29,24,7)([40]6,5,7)([41]23,30,2)([42]35,19,6)([43]9,25,5)([44]1,9,7)([45]26,3,2)([46]20,40,4)([47]30,41,2)([48]12,31,4)([49]7,27,7)([50]34,42,4)([51]45,44,2)([52]47,49,3)([53]5,31,0)([54]50,52,5)([55]0,37,4)([56]51,46,5)([57]53,51,7)([58]56,34,7)([59]4,7,5)([60]22,56,6)([61]9,28,1)([62]34,51,5)([63]56,58,4)([64]60,61,1)([65]46,7,6)([66]7,29,3)([67]2,48,7)([68]26,54,6)([69]58,39,6)([70]9,68,2)([71]15,69,1)([72]13,2,5)([73]60,25,5)([74]48,54,4)([75]32,34,7)([76]59,49,1)([77]23,2,7)([78]22,68,4)([79]74,69,6)([80]64,41,7)([81]4,13,6)([82]12,18,5)([83]66,26,7)([84]70,32,1)([85]84,51,7)([86]3,73,3)(79)
evaluations: 5651460
first invidual area: 150.40
{7,1,80,1,2,1,8}([7]1,3,4)([8]5,2,3)([9]7,2,7)([10]4,6,7)([11]2,9,2)([12]4,8,6)([13]10,4,2)([14]4,12,3)([15]14,3,6)([16]10,1,6)([17]8,0,2)([18]17,15,3)([19]18,9,7)([20]12,17,6)([21]14,16,5)([22]13,0,3)([23]6,3,4)([24]20,16,6)([25]8,6,0)([26]23,5,6)([27]10,19,7)([28]14,21,5)([29]8,22,4)([30]3,29,6)([31]0,11,3)([32]15,26,7)([33]25,32,7)([34]22,32,7)([35]31,6,2)([36]34,34,3)([37]36,15,2)([38]35,4,0)([39]37,17,4)([40]23,5,2)([41]6,40,2)([42]35,19,6)([43]32,3,2)([44]42,34,4)([45]1,20,1)([46]40,28,7)([47]45,24,2)([48]37,16,1)([49]7,21,7)([50]7,38,4)([51]43,46,2)([52]41,49,3)([53]2,51,5)([54]43,24,6)([55]24,29,6)([56]28,22,1)([57]12,20,0)([58]53,34,7)([59]26,55,2)([60]52,44,5)([61]51,26,7)([62]46,29,3)([63]30,14,6)([64]15,2,6)([65]53,11,6)([66]36,17,2)([67]30,57,7)([68]27,31,3)([69]60,17,2)([70]12,40,1)([71]39,26,5)([72]53,35,6)([73]33,72,1)([74]60,67,4)([75]4,49,6)([76]52,57,6)([77]55,58,6)([78]59,58,3)([79]74,77,6)([80]26,58,0)([81]6,62,0)([82]70,44,5)([83]80,22,7)([84]17,68,1)([85]7,77,1)([86]74,53,7)(79)
optimized area: 131.64
time: 672560 ms
seed: 1634359785
{7,1,80,1,2,1,8}([7]0,2,7)([8]5,3,1)([9]1,3,6)([10]6,5,3)([11]1,2,4)([12]6,5,2)([13]0,1,5)([14]7,3,4)([15]14,5,2)([16]12,11,3)([17]12,4,2)([18]9,10,4)([19]3,0,2)([20]3,12,3)([21]15,18,4)([22]19,6,7)([23]8,20,2)([24]4,18,7)([25]0,22,5)([26]4,20,4)([27]13,24,7)([28]5,11,5)([29]10,0,6)([30]7,16,2)([31]28,2,0)([32]7,25,2)([33]31,2,4)([34]27,23,6)([35]29,31,5)([36]30,17,7)([37]4,21,5)([38]26,16,5)([39]22,36,5)([40]20,30,3)([41]16,27,7)([42]39,39,3)([43]1,4,4)([44]36,41,4)([45]22,5,0)([46]39,25,5)([47]34,33,6)([48]15,7,5)([49]47,0,7)([50]32,38,4)([51]35,21,2)([52]39,32,3)([53]49,45,3)([54]44,51,3)([55]48,34,6)([56]53,54,5)([57]31,37,4)([58]34,46,1)([59]7,6,5)([60]54,13,6)([61]41,50,2)([62]38,49,3)([63]56,57,1)([64]24,31,2)([65]25,55,4)([66]50,65,3)([67]43,45,0)([68]63,66,5)([69]62,68,2)([70]30,49,1)([71]5,22,3)([72]43,20,6)([73]69,47,0)([74]1,69,7)([75]35,72,4)([76]30,7,7)([77]68,53,1)([78]14,28,3)([79]28,1,7)([80]43,14,3)([81]48,27,2)([82]16,48,1)([83]11,0,3)([84]0,71,6)([85]10,70,0)([86]4,19,1)(69)
evaluations: 41685381
first invidual area: 141.94
{7,1,80,1,2,1,8}([7]2,0,7)([8]5,3,3)([9]1,3,6)([10]6,5,3)([11]1,2,4)([12]6,5,2)([13]1,0,5)([14]3,7,4)([15]14,5,2)([16]12,11,3)([17]12,4,2)([18]9,10,4)([19]3,0,5)([20]3,12,6)([21]3,6,2)([22]6,19,4)([23]18,4,7)([24]0,1,0)([25]24,22,5)([26]4,20,7)([27]13,23,7)([28]5,11,5)([29]1,8,1)([30]7,16,2)([31]10,0,3)([32]20,15,5)([33]28,2,4)([34]27,21,6)([35]11,26,5)([36]30,17,3)([37]26,24,0)([38]26,16,5)([39]16,19,3)([40]18,15,4)([41]16,27,7)([42]1,20,3)([43]9,37,0)([44]36,41,7)([45]41,13,7)([46]39,25,1)([47]33,34,3)([48]0,25,5)([49]47,0,4)([50]32,38,2)([51]31,40,2)([52]16,15,4)([53]49,22,3)([54]44,51,3)([55]10,13,1)([56]53,54,2)([57]1,28,3)([58]46,45,4)([59]55,43,4)([60]57,18,2)([61]11,21,7)([62]38,49,3)([63]4,13,2)([64]7,22,5)([65]25,26,7)([66]51,55,6)([67]50,65,3)([68]56,67,5)([69]62,68,2)([70]56,65,7)([71]33,43,0)([72]50,4,7)([73]33,12,0)([74]53,50,6)([75]31,23,5)([76]35,42,6)([77]58,20,6)([78]68,72,1)([79]3,59,5)([80]11,26,5)([81]76,7,7)([82]55,19,2)([83]66,47,3)([84]64,32,3)([85]3,54,5)([86]69,55,2)(69)
optimized area: 127.89
time: 539782 ms
seed: 1634408717
{7,1,80,1,2,1,8}([7]3,1,2)([8]5,6,2)([9]3,6,4)([10]5,5,1)([11]5,0,6)([12]7,9,3)([13]7,9,4)([14]7,8,7)([15]8,13,4)([16]11,2,4)([17]4,10,0)([18]0,17,7)([19]16,1,3)([20]4,12,2)([21]16,17,4)([22]16,8,3)([23]7,21,3)([24]23,1,1)([25]4,18,4)([26]13,5,3)([27]15,19,4)([28]20,27,7)([29]24,12,4)([30]18,9,4)([31]8,1,1)([32]23,29,5)([33]8,7,3)([34]1,32,4)([35]28,3,6)([36]25,20,5)([37]30,26,5)([38]13,36,7)([39]26,13,5)([40]11,5,3)([41]18,10,3)([42]20,32,4)([43]23,22,4)([44]14,24,2)([45]35,34,2)([46]40,29,6)([47]15,30,6)([48]4,26,4)([49]41,45,5)([50]11,1,3)([51]21,38,2)([52]5,12,3)([53]6,14,7)([54]19,38,1)([55]43,32,4)([56]36,22,4)([57]55,48,7)([58]51,42,5)([59]37,22,3)([60]33,31,0)([61]3,23,2)([62]33,33,6)([63]55,46,4)([64]10,59,3)([65]49,59,4)([66]35,61,7)([67]45,4,1)([68]58,44,4)([69]37,47,6)([70]15,47,6)([71]60,27,4)([72]66,58,4)([73]47,57,4)([74]73,72,5)([75]33,52,6)([76]67,71,4)([77]63,74,6)([78]53,50,1)([79]22,75,1)([80]65,20,4)([81]34,45,6)([82]80,77,4)([83]59,43,1)([84]16,20,0)([85]22,43,4)([86]52,77,0)(82)
evaluations: 39228254
first invidual area: 175.73
{7,1,80,1,2,1,8}([7]1,3,2)([8]5,6,2)([9]3,6,4)([10]0,3,6)([11]5,0,6)([12]7,9,3)([13]7,9,7)([14]4,0,3)([15]8,13,6)([16]11,2,4)([17]12,8,3)([18]0,4,7)([19]15,13,0)([20]4,12,2)([21]4,16,4)([22]8,16,3)([23]7,21,3)([24]16,1,6)([25]5,1,1)([26]15,5,3)([27]20,24,4)([28]27,15,4)([29]23,12,7)([30]18,9,4)([31]24,8,4)([32]29,21,5)([33]9,21,2)([34]1,32,4)([35]3,28,6)([36]35,34,2)([37]30,26,5)([38]30,22,3)([39]33,29,7)([40]11,5,3)([41]18,25,3)([42]40,14,7)([43]21,22,7)([44]16,32,4)([45]15,19,6)([46]40,29,6)([47]19,30,3)([48]4,26,4)([49]41,36,5)([50]13,27,3)([51]6,16,1)([52]43,18,7)([53]21,3,7)([54]7,6,7)([55]32,43,4)([56]15,42,7)([57]46,48,4)([58]43,28,2)([59]37,22,3)([60]27,38,2)([61]3,23,2)([62]14,5,2)([63]55,46,7)([64]32,34,1)([65]49,59,4)([66]35,61,6)([67]51,3,2)([68]5,40,2)([69]13,62,3)([70]8,16,2)([71]40,37,6)([72]66,58,6)([73]47,57,4)([74]73,72,5)([75]48,64,2)([76]59,50,1)([77]63,74,6)([78]2,27,5)([79]19,6,2)([80]65,20,4)([81]72,24,6)([82]80,77,4)([83]20,35,1)([84]37,76,0)([85]53,56,6)([86]30,42,4)(82)
optimized area: 149.47
time: 574034 ms
seed: 1634457800
NOT FOUND
time: 527903 ms
seed: 1634517940
{7,1,80,1,2,1,8}([7]6,4,7)([8]0,6,4)([9]3,1,6)([10]7,5,3)([11]8,10,2)([12]3,11,4)([13]4,3,6)([14]7,2,5)([15]4,5,7)([16]15,12,5)([17]7,12,7)([18]14,1,7)([19]2,3,3)([20]13,14,7)([21]19,13,7)([22]11,21,5)([23]8,21,4)([24]16,18,7)([25]22,0,4)([26]19,8,5)([27]23,18,4)([28]19,20,7)([29]0,2,4)([30]6,28,4)([31]30,24,6)([32]5,31,6)([33]25,20,4)([34]32,33,7)([35]7,6,5)([36]24,5,2)([37]1,29,7)([38]6,27,3)([39]32,36,1)([40]35,39,0)([41]29,3,2)([42]24,28,7)([43]12,16,5)([44]25,5,4)([45]37,35,0)([46]8,42,5)([47]37,10,7)([48]17,34,6)([49]27,46,5)([50]41,42,6)([51]30,8,2)([52]7,48,5)([53]1,31,3)([54]53,27,5)([55]47,27,6)([56]39,37,6)([57]31,16,2)([58]37,34,7)([59]49,51,0)([60]18,53,2)([61]56,22,0)([62]36,59,4)([63]9,57,2)([64]55,9,3)([65]20,62,3)([66]43,50,4)([67]44,65,2)([68]65,34,2)([69]22,9,0)([70]22,59,4)([71]46,29,2)([72]5,70,5)([73]65,61,2)([74]48,64,5)([75]73,6,2)([76]53,75,4)([77]21,8,1)([78]36,71,2)([79]60,53,3)([80]34,76,5)([81]63,56,3)([82]35,50,5)([83]7,26,4)([84]74,80,4)([85]1,39,7)([86]60,79,3)(84)
evaluations: 3874033
first invidual area: 159.80
{7,1,80,1,2,1,8}([7]6,4,7)([8]6,0,4)([9]2,1,7)([10]5,7,3)([11]8,10,5)([12]3,11,7)([13]4,3,6)([14]7,2,5)([15]4,5,7)([16]12,15,5)([17]6,16,7)([18]1,14,7)([19]3,2,3)([20]18,16,7)([21]19,13,7)([22]12,21,5)([23]12,7,7)([24]13,14,7)([25]24,0,4)([26]3,1,3)([27]0,18,0)([28]19,25,7)([29]26,15,7)([30]28,8,4)([31]30,20,6)([32]5,31,3)([33]22,32,4)([34]25,33,4)([35]17,1,2)([36]17,31,5)([37]27,9,4)([38]1,9,1)([39]32,7,3)([40]23,1,1)([41]25,39,4)([42]9,25,5)([43]36,40,2)([44]37,32,6)([45]37,10,7)([46]38,8,4)([47]20,12,5)([48]34,23,6)([49]16,25,3)([50]11,16,2)([51]47,44,2)([52]24,21,0)([53]8,18,4)([54]31,1,6)([55]45,53,3)([56]6,51,5)([57]24,16,3)([58]4,16,7)([59]50,0,1)([60]24,58,2)([61]55,26,5)([62]48,10,0)([63]34,7,1)([64]42,62,1)([65]37,17,0)([66]23,44,7)([67]63,0,2)([68]17,45,5)([69]34,20,7)([70]63,33,7)([71]54,13,1)([72]64,56,2)([73]34,71,5)([74]48,61,5)([75]41,20,4)([76]56,54,4)([77]12,57,1)([78]66,76,3)([79]76,62,4)([80]34,76,5)([81]15,63,3)([82]52,58,5)([83]4,33,0)([84]74,80,5)([85]58,45,5)([86]50,50,2)(84)
optimized area: 133.55
time: 734536 ms
seed: 1634617089
NOT FOUND
time: 535632 ms
seed: 1635144106
NOT FOUND
time: 528315 ms
seed: 1635193285
{7,1,80,1,2,1,8}([7]3,0,5)([8]7,4,2)([9]6,1,7)([10]5,9,7)([11]9,2,2)([12]0,5,4)([13]12,4,2)([14]11,0,6)([15]11,6,5)([16]7,10,4)([17]7,3,7)([18]5,3,0)([19]1,12,7)([20]14,16,7)([21]17,2,4)([22]20,6,7)([23]8,1,7)([24]21,9,3)([25]13,6,1)([26]22,25,2)([27]17,26,4)([28]24,1,0)([29]14,27,2)([30]29,6,2)([31]0,25,6)([32]18,9,1)([33]9,16,2)([34]23,18,7)([35]23,10,5)([36]34,19,2)([37]27,20,4)([38]22,26,2)([39]26,31,3)([40]4,35,4)([41]2,30,1)([42]38,21,7)([43]40,30,4)([44]5,37,6)([45]37,32,7)([46]40,35,3)([47]10,43,7)([48]10,7,3)([49]4,40,4)([50]45,23,4)([51]32,14,4)([52]35,42,7)([53]48,15,1)([54]36,43,4)([55]17,1,1)([56]2,48,5)([57]31,49,3)([58]44,36,4)([59]39,49,7)([60]52,1,4)([61]58,35,2)([62]61,59,6)([63]62,20,5)([64]22,40,0)([65]24,8,6)([66]56,54,6)([67]66,62,3)([68]51,18,3)([69]53,13,0)([70]19,40,7)([71]11,52,5)([72]54,18,3)([73]61,8,1)([74]53,73,0)([75]74,7,4)([76]58,14,3)([77]52,47,3)([78]67,77,2)([79]44,62,1)([80]7,61,6)([81]6,70,1)([82]77,34,7)([83]63,33,2)([84]80,52,0)([85]35,4,7)([86]5,56,2)(78)
evaluations: 7200685
first invidual area: 154.65
{7,1,80,1,2,1,8}([7]0,3,5)([8]4,7,5)([9]1,6,7)([10]9,5,7)([11]9,2,2)([12]0,5,4)([13]12,4,5)([14]0,11,6)([15]7,3,5)([16]7,10,7)([17]14,16,4)([18]14,9,7)([19]17,6,7)([20]14,16,7)([21]16,19,5)([22]0,14,5)([23]8,1,4)([24]0,8,7)([25]6,18,1)([26]19,13,2)([27]15,26,7)([28]5,2,0)([29]6,21,2)([30]27,29,5)([31]0,13,6)([32]31,26,3)([33]23,5,7)([34]17,27,4)([35]23,10,5)([36]33,24,2)([37]27,2,4)([38]27,13,6)([39]7,9,7)([40]35,4,7)([41]35,32,7)([42]23,19,1)([43]30,40,4)([44]28,34,6)([45]8,24,2)([46]22,27,2)([47]43,30,6)([48]24,6,0)([49]38,37,3)([50]38,37,6)([51]10,43,7)([52]35,37,4)([53]23,18,2)([54]36,43,4)([55]37,7,7)([56]54,13,0)([57]25,28,1)([58]30,35,3)([59]36,44,4)([60]35,59,2)([61]39,30,2)([62]60,41,6)([63]25,47,0)([64]21,2,5)([65]26,3,3)([66]56,64,6)([67]62,37,1)([68]15,4,0)([69]58,49,2)([70]19,64,4)([71]35,64,4)([72]48,60,6)([73]62,66,3)([74]56,6,0)([75]28,53,3)([76]73,23,4)([77]52,51,3)([78]73,77,2)([79]24,63,1)([80]51,31,3)([81]50,15,5)([82]78,20,2)([83]43,39,4)([84]62,49,3)([85]62,49,6)([86]48,74,6)(78)
optimized area: 136.83
time: 749416 ms
seed: 1635349962
NOT FOUND
time: 981839 ms
seed: 1635624220
{7,1,80,1,2,1,8}([7]4,1,4)([8]0,7,6)([9]8,3,3)([10]9,7,3)([11]5,1,6)([12]6,7,7)([13]10,2,7)([14]0,9,4)([15]5,4,2)([16]1,5,5)([17]0,5,2)([18]13,8,5)([19]16,14,4)([20]13,15,7)([21]6,0,4)([22]21,11,6)([23]9,5,6)([24]12,14,0)([25]21,13,3)([26]12,2,7)([27]18,20,4)([28]17,11,3)([29]22,7,6)([30]29,19,4)([31]29,14,2)([32]4,9,1)([33]25,1,2)([34]9,6,4)([35]0,3,4)([36]19,19,0)([37]35,23,7)([38]0,26,1)([39]22,24,3)([40]31,9,2)([41]14,2,1)([42]37,17,4)([43]30,20,3)([44]22,17,1)([45]34,8,0)([46]45,3,1)([47]29,42,1)([48]23,28,4)([49]4,37,6)([50]20,39,7)([51]41,36,5)([52]17,21,0)([53]32,15,3)([54]34,33,1)([55]25,36,6)([56]45,43,7)([57]21,14,2)([58]48,50,6)([59]49,58,7)([60]49,18,6)([61]55,56,3)([62]22,15,4)([63]15,1,7)([64]39,34,5)([65]23,31,2)([66]36,65,0)([67]61,59,5)([68]7,46,3)([69]60,9,2)([70]4,42,7)([71]4,50,4)([72]54,41,2)([73]57,4,7)([74]24,26,3)([75]67,60,7)([76]35,43,2)([77]64,57,1)([78]7,53,7)([79]26,0,3)([80]1,78,0)([81]79,49,6)([82]60,18,1)([83]37,69,4)([84]60,16,4)([85]0,37,7)([86]5,85,7)(75)
evaluations: 38611970
first invidual area: 122.77
{7,1,80,1,2,1,8}([7]4,1,4)([8]7,0,6)([9]8,3,3)([10]9,7,6)([11]1,5,6)([12]5,4,3)([13]10,2,4)([14]9,0,4)([15]6,2,1)([16]5,1,5)([17]5,4,5)([18]8,2,5)([19]16,14,4)([20]13,17,4)([21]0,6,4)([22]21,11,6)([23]5,9,6)([24]0,12,2)([25]19,2,3)([26]1,0,5)([27]25,21,6)([28]23,20,0)([29]7,22,3)([30]19,29,7)([31]29,6,2)([32]14,21,4)([33]8,5,7)([34]22,20,2)([35]0,3,7)([36]31,22,3)([37]35,23,4)([38]24,3,5)([39]24,11,6)([40]39,23,7)([41]9,31,5)([42]21,2,1)([43]30,20,6)([44]8,10,1)([45]19,42,7)([46]25,25,4)([47]16,40,3)([48]7,24,6)([49]4,37,6)([50]20,36,7)([51]42,42,7)([52]45,16,7)([53]43,51,6)([54]34,9,1)([55]45,16,1)([56]32,43,4)([57]14,13,1)([58]40,50,6)([59]49,58,7)([60]49,18,6)([61]27,56,3)([62]6,46,4)([63]48,54,3)([64]31,20,5)([65]6,35,4)([66]13,28,2)([67]61,59,5)([68]4,11,5)([69]32,11,5)([70]48,24,1)([71]34,69,1)([72]6,58,1)([73]28,4,1)([74]53,29,7)([75]67,60,7)([76]67,59,1)([77]51,52,4)([78]32,11,5)([79]24,19,3)([80]44,20,6)([81]58,26,5)([82]27,15,1)([83]42,0,3)([84]54,3,3)([85]15,5,6)([86]77,7,1)(75)
optimized area: 122.29
time: 1110704 ms
seed: 1635671889
NOT FOUND
time: 1072290 ms
seed: 1635719715
{7,1,80,1,2,1,8}([7]2,5,4)([8]4,0,4)([9]3,8,2)([10]3,6,4)([11]1,3,3)([12]2,1,5)([13]4,9,6)([14]0,5,2)([15]11,7,4)([16]2,0,6)([17]9,10,4)([18]14,6,0)([19]10,5,4)([20]8,6,3)([21]13,1,5)([22]15,6,4)([23]12,20,4)([24]0,6,7)([25]18,2,0)([26]1,20,0)([27]26,4,2)([28]17,15,3)([29]15,6,5)([30]14,22,6)([31]26,17,0)([32]27,26,4)([33]24,22,7)([34]6,2,7)([35]16,24,2)([36]12,9,3)([37]10,27,3)([38]23,26,2)([39]37,28,1)([40]38,30,4)([41]28,4,4)([42]22,22,5)([43]34,5,3)([44]10,5,7)([45]39,39,4)([46]25,22,3)([47]30,43,5)([48]11,11,1)([49]12,27,7)([50]46,37,2)([51]13,46,4)([52]1,18,5)([53]16,51,2)([54]28,51,5)([55]17,51,5)([56]8,24,0)([57]6,32,5)([58]26,30,0)([59]1,1,1)([60]58,0,4)([61]50,11,6)([62]18,49,3)([63]50,42,6)([64]55,53,3)([65]61,29,7)([66]50,23,7)([67]60,5,4)([68]33,31,0)([69]21,67,7)([70]64,7,1)([71]47,69,4)([72]57,40,0)([73]72,60,2)([74]10,38,0)([75]64,66,2)([76]44,36,3)([77]7,72,6)([78]44,15,1)([79]13,54,6)([80]8,56,2)([81]71,41,2)([82]0,81,3)([83]64,42,0)([84]75,81,6)([85]6,11,5)([86]84,83,4)(84)
evaluations: 17106665
first invidual area: 119.95
{7,1,80,1,2,1,8}([7]5,0,7)([8]4,0,4)([9]3,8,2)([10]2,1,5)([11]3,1,3)([12]7,5,2)([13]3,6,4)([14]11,5,4)([15]14,2,4)([16]15,10,6)([17]11,13,2)([18]15,8,6)([19]15,6,4)([20]9,13,4)([21]9,4,4)([22]4,3,0)([23]4,16,5)([24]2,22,6)([25]6,12,5)([26]14,21,5)([27]9,22,3)([28]0,7,6)([29]27,1,2)([30]26,2,3)([31]29,7,7)([32]0,27,0)([33]26,17,2)([34]4,14,3)([35]4,25,4)([36]14,27,7)([37]29,13,3)([38]17,26,6)([39]33,24,0)([40]8,14,5)([41]8,6,3)([42]31,14,4)([43]10,41,7)([44]1,27,4)([45]15,26,4)([46]12,19,3)([47]45,13,3)([48]27,46,7)([49]2,32,4)([50]46,37,5)([51]20,15,6)([52]43,6,4)([53]15,52,0)([54]12,19,1)([55]20,48,5)([56]28,51,1)([57]5,9,5)([58]20,14,4)([59]34,35,4)([60]46,11,1)([61]34,48,3)([62]40,56,1)([63]7,6,1)([64]55,28,3)([65]46,14,6)([66]50,43,7)([67]49,42,2)([68]60,27,5)([69]9,63,6)([70]51,22,7)([71]65,31,7)([72]2,61,0)([73]44,7,0)([74]71,70,2)([75]64,66,2)([76]29,1,2)([77]75,35,2)([78]3,72,2)([79]11,62,3)([80]58,25,5)([81]56,79,7)([82]47,49,1)([83]74,75,6)([84]21,66,1)([85]70,62,0)([86]34,6,0)(83)
optimized area: 101.68
time: 1157298 ms
seed: 1635766951
{7,1,80,1,2,1,8}([7]5,1,4)([8]0,5,1)([9]7,3,3)([10]1,7,5)([11]10,1,7)([12]6,5,5)([13]4,3,3)([14]10,9,4)([15]10,0,4)([16]8,14,0)([17]4,10,2)([18]2,6,0)([19]4,18,0)([20]9,2,4)([21]3,20,3)([22]6,4,5)([23]14,19,7)([24]6,12,0)([25]6,21,4)([26]6,14,6)([27]25,19,4)([28]19,16,0)([29]23,2,7)([30]15,22,2)([31]13,30,7)([32]29,12,2)([33]12,17,1)([34]21,5,6)([35]33,26,4)([36]4,33,2)([37]0,24,0)([38]19,11,7)([39]32,7,7)([40]37,27,5)([41]38,39,6)([42]3,8,3)([43]42,42,4)([44]3,18,0)([45]13,11,1)([46]41,3,5)([47]19,24,2)([48]21,38,0)([49]6,2,6)([50]28,35,6)([51]44,20,3)([52]40,19,7)([53]42,12,3)([54]25,26,3)([55]46,31,2)([56]40,20,6)([57]39,13,5)([58]48,7,1)([59]56,55,4)([60]21,51,2)([61]12,48,6)([62]20,61,4)([63]40,37,6)([64]32,44,4)([65]53,57,5)([66]65,54,6)([67]5,7,5)([68]56,66,3)([69]5,7,0)([70]66,38,7)([71]50,68,4)([72]22,34,3)([73]16,26,3)([74]66,27,3)([75]20,40,6)([76]59,71,6)([77]46,68,7)([78]29,10,7)([79]59,0,4)([80]56,57,3)([81]34,42,5)([82]9,62,1)([83]2,43,2)([84]4,9,3)([85]20,13,4)([86]81,72,1)(76)
evaluations: 26099423
first invidual area: 123.68
{7,1,80,1,2,1,8}([7]1,5,4)([8]2,5,4)([9]7,3,3)([10]7,1,5)([11]10,0,4)([12]5,6,5)([13]4,3,3)([14]13,3,6)([15]10,9,5)([16]12,7,1)([17]15,6,6)([18]4,17,0)([19]6,4,5)([20]9,2,4)([21]20,3,6)([22]13,3,1)([23]15,4,7)([24]9,11,2)([25]6,21,7)([26]2,23,7)([27]18,25,4)([28]3,17,0)([29]28,24,4)([30]19,11,5)([31]13,30,4)([32]26,12,5)([33]14,32,6)([34]27,0,5)([35]13,26,1)([36]16,19,4)([37]4,17,3)([38]23,10,6)([39]32,7,4)([40]15,1,0)([41]8,39,6)([42]23,28,3)([43]9,14,7)([44]10,43,2)([45]42,11,3)([46]41,3,5)([47]32,37,7)([48]16,37,6)([49]14,27,6)([50]21,18,3)([51]31,19,4)([52]26,45,1)([53]9,43,5)([54]31,46,5)([55]1,12,6)([56]34,20,6)([57]18,35,7)([58]42,39,5)([59]54,56,7)([60]3,47,3)([61]22,20,3)([62]49,49,6)([63]14,38,7)([64]49,53,5)([65]45,58,5)([66]65,25,6)([67]34,17,5)([68]56,66,6)([69]52,25,7)([70]1,9,3)([71]48,68,7)([72]35,66,0)([73]8,58,3)([74]56,57,4)([75]30,59,7)([76]70,68,6)([77]67,70,2)([78]53,28,3)([79]38,65,2)([80]68,66,1)([81]35,57,6)([82]33,33,3)([83]59,71,6)([84]68,74,3)([85]84,73,2)([86]35,39,2)(83)
optimized area: 108.67
time: 1191570 ms
seed: 1635813920
NOT FOUND
time: 1069362 ms
seed: 1635857072
NOT FOUND
time: 1069715 ms
seed: 1635899133
{7,1,80,1,2,1,8}([7]6,5,4)([8]0,7,4)([9]0,3,5)([10]4,1,4)([11]8,10,6)([12]1,7,6)([13]9,1,4)([14]8,2,6)([15]12,7,1)([16]4,2,6)([17]14,9,7)([18]16,13,6)([19]4,16,4)([20]16,14,7)([21]5,6,0)([22]3,18,3)([23]7,5,2)([24]5,0,4)([25]3,24,0)([26]17,15,5)([27]10,22,5)([28]18,21,6)([29]7,6,2)([30]2,19,5)([31]4,26,7)([32]23,25,7)([33]32,31,6)([34]27,6,7)([35]26,25,4)([36]26,7,6)([37]26,0,2)([38]37,2,3)([39]35,18,4)([40]28,38,4)([41]11,34,6)([42]35,41,2)([43]8,20,7)([44]12,39,4)([45]24,40,0)([46]33,41,4)([47]17,13,5)([48]46,30,2)([49]29,29,3)([50]8,14,3)([51]45,42,4)([52]19,51,6)([53]41,52,4)([54]29,36,2)([55]48,30,2)([56]43,36,6)([57]2,19,7)([58]20,53,4)([59]11,23,7)([60]30,12,7)([61]50,56,1)([62]48,14,1)([63]53,40,4)([64]21,11,6)([65]61,57,2)([66]19,24,1)([67]59,34,0)([68]62,63,5)([69]9,50,4)([70]27,40,7)([71]58,43,6)([72]1,52,5)([73]70,56,6)([74]70,66,1)([75]60,51,7)([76]67,75,1)([77]16,50,4)([78]38,63,6)([79]68,36,4)([80]27,63,3)([81]19,56,2)([82]55,14,4)([83]69,54,7)([84]79,71,6)([85]44,31,6)([86]35,69,7)(84)
evaluations: 47650193
first invidual area: 148.07
{7,1,80,1,2,1,8}([7]6,5,4)([8]0,7,4)([9]3,0,5)([10]4,1,4)([11]8,10,6)([12]1,7,6)([13]9,1,4)([14]8,2,6)([15]14,8,7)([16]4,2,6)([17]14,9,7)([18]16,13,6)([19]4,16,3)([20]16,14,7)([21]10,18,2)([22]3,18,3)([23]7,5,2)([24]5,0,4)([25]12,20,1)([26]17,25,5)([27]10,22,5)([28]18,5,6)([29]6,16,7)([30]2,4,5)([31]4,26,7)([32]23,3,7)([33]32,31,6)([34]27,6,7)([35]0,12,5)([36]26,7,6)([37]26,0,2)([38]37,2,3)([39]8,18,1)([40]28,38,7)([41]11,34,6)([42]35,6,2)([43]8,20,7)([44]13,33,2)([45]36,27,0)([46]33,41,4)([47]29,46,0)([48]46,30,2)([49]1,37,4)([50]46,40,2)([51]24,44,4)([52]19,51,6)([53]41,52,4)([54]33,27,5)([55]48,15,4)([56]2,33,5)([57]27,46,1)([58]20,53,4)([59]55,28,7)([60]27,56,2)([61]48,46,1)([62]33,38,7)([63]53,40,7)([64]16,43,5)([65]14,55,1)([66]53,62,0)([67]45,59,5)([68]61,63,5)([69]60,54,4)([70]55,21,5)([71]58,43,6)([72]58,5,2)([73]30,39,6)([74]57,39,0)([75]40,25,4)([76]29,17,6)([77]2,64,0)([78]20,60,6)([79]68,36,4)([80]48,24,5)([81]43,61,1)([82]4,15,4)([83]48,42,7)([84]79,71,6)([85]84,40,3)([86]19,5,3)(84)
optimized area: 141.03
time: 1073975 ms
seed: 1635935302
{7,1,80,1,2,1,8}([7]3,4,6)([8]7,0,7)([9]1,0,4)([10]8,6,4)([11]8,5,5)([12]3,8,6)([13]4,3,2)([14]9,6,5)([15]9,10,2)([16]9,13,6)([17]5,14,4)([18]12,10,4)([19]8,14,4)([20]2,11,2)([21]20,9,7)([22]2,5,5)([23]5,18,1)([24]18,1,7)([25]5,18,5)([26]11,25,7)([27]2,7,2)([28]12,19,3)([29]21,16,7)([30]11,22,7)([31]9,4,1)([32]26,9,2)([33]22,30,2)([34]24,29,7)([35]30,5,3)([36]32,34,4)([37]30,27,7)([38]4,31,0)([39]0,16,6)([40]34,37,6)([41]19,4,2)([42]40,37,4)([43]12,40,2)([44]1,23,2)([45]11,1,0)([46]28,44,4)([47]39,36,6)([48]24,46,6)([49]4,14,6)([50]48,47,6)([51]15,3,5)([52]43,38,7)([53]25,12,3)([54]49,39,6)([55]52,35,5)([56]55,25,4)([57]26,15,0)([58]51,31,6)([59]2,7,3)([60]37,31,7)([61]4,1,0)([62]56,50,5)([63]44,6,7)([64]42,49,1)([65]21,31,0)([66]47,55,0)([67]54,18,2)([68]26,15,0)([69]13,50,3)([70]68,40,6)([71]53,50,3)([72]67,42,6)([73]25,1,3)([74]30,14,1)([75]68,51,3)([76]0,0,0)([77]46,72,3)([78]50,54,2)([79]1,45,6)([80]35,52,2)([81]62,77,2)([82]23,19,7)([83]61,19,4)([84]56,75,4)([85]1,5,1)([86]56,23,5)(81)
evaluations: 19342376
first invidual area: 143.83
{7,1,80,1,2,1,8}([7]4,3,6)([8]7,0,7)([9]0,1,4)([10]6,8,7)([11]5,8,5)([12]3,8,6)([13]4,3,2)([14]6,9,5)([15]5,2,5)([16]13,9,6)([17]7,13,4)([18]10,12,7)([19]14,8,4)([20]11,2,5)([21]5,3,1)([22]9,20,4)([23]15,11,7)([24]1,18,7)([25]5,18,5)([26]25,11,2)([27]5,0,1)([28]19,12,3)([29]16,22,4)([30]27,13,3)([31]29,7,5)([32]9,26,5)([33]17,0,2)([34]24,29,4)([35]14,15,0)([36]32,34,7)([37]23,31,4)([38]36,7,4)([39]16,0,6)([40]34,37,6)([41]40,12,5)([42]40,37,3)([43]24,13,7)([44]27,1,5)([45]3,10,6)([46]44,28,7)([47]36,39,6)([48]46,24,6)([49]4,36,6)([50]47,48,6)([51]15,41,0)([52]41,4,4)([53]31,33,2)([54]21,26,1)([55]35,34,7)([56]25,52,7)([57]8,55,3)([58]49,39,6)([59]4,29,0)([60]34,33,4)([61]8,45,0)([62]57,4,3)([63]5,47,0)([64]34,30,0)([65]56,21,0)([66]1,27,5)([67]58,18,2)([68]40,43,1)([69]20,8,1)([70]50,65,5)([71]44,19,2)([72]42,67,6)([73]6,67,1)([74]22,44,1)([75]30,32,5)([76]58,9,5)([77]46,72,3)([78]53,55,7)([79]47,50,6)([80]62,61,1)([81]70,77,2)([82]56,68,6)([83]80,63,4)([84]54,42,7)([85]83,56,7)([86]40,54,5)(81)
optimized area: 132.57
time: 1365912 ms
seed: 1635971487
NOT FOUND
time: 1073148 ms
seed: 1636007367
NOT FOUND
time: 1046685 ms
seed: 1636041981
NOT FOUND
time: 1075062 ms
seed: 1636075950
NOT FOUND
time: 1046738 ms
seed: 1636108988
NOT FOUND
time: 1064294 ms
seed: 1636141697
NOT FOUND
time: 1060353 ms
seed: 1636174184
NOT FOUND
time: 1052629 ms
seed: 1636204735
NOT FOUND
time: 1077046 ms
seed: 1636234754
{7,1,80,1,2,1,8}([7]1,4,0)([8]0,4,7)([9]7,5,4)([10]6,3,4)([11]8,9,6)([12]10,11,4)([13]7,8,4)([14]1,9,3)([15]2,6,4)([16]15,14,3)([17]4,12,5)([18]5,8,3)([19]15,4,6)([20]19,5,0)([21]4,8,2)([22]2,14,2)([23]15,7,5)([24]0,3,4)([25]16,13,4)([26]1,15,2)([27]17,26,3)([28]19,18,3)([29]22,20,6)([30]20,20,0)([31]3,28,7)([32]22,21,7)([33]32,25,3)([34]19,22,5)([35]28,27,5)([36]1,35,6)([37]22,33,7)([38]15,2,1)([39]38,5,4)([40]3,2,6)([41]40,17,5)([42]29,25,0)([43]24,37,4)([44]30,16,5)([45]3,28,7)([46]39,43,2)([47]42,17,0)([48]26,6,2)([49]41,22,4)([50]37,34,0)([51]28,2,3)([52]1,39,2)([53]23,37,3)([54]12,31,0)([55]44,41,1)([56]52,50,4)([57]14,2,4)([58]46,21,7)([59]56,29,4)([60]28,17,5)([61]58,5,4)([62]17,43,2)([63]38,4,7)([64]54,57,3)([65]62,59,6)([66]49,58,5)([67]28,51,5)([68]35,66,2)([69]58,60,1)([70]13,29,3)([71]5,46,5)([72]15,16,2)([73]22,3,5)([74]39,32,2)([75]43,35,0)([76]58,49,5)([77]68,65,3)([78]29,1,6)([79]69,32,2)([80]7,67,0)([81]28,5,3)([82]64,73,0)([83]23,27,7)([84]74,54,7)([85]53,26,6)([86]44,0,4)(77)
evaluations: 5992096
first invidual area: 128.38
{7,1,80,1,2,1,8}([7]2,3,6)([8]0,4,7)([9]5,1,4)([10]9,1,3)([11]0,9,6)([12]6,11,7)([13]3,0,4)([14]12,3,7)([15]2,6,4)([16]8,1,4)([17]4,14,5)([18]10,15,3)([19]15,4,6)([20]8,0,5)([21]8,2,0)([22]2,10,2)([23]16,18,5)([24]1,15,2)([25]22,19,6)([26]5,19,3)([27]17,24,3)([28]26,21,3)([29]16,13,6)([30]26,16,1)([31]11,25,2)([32]17,7,2)([33]20,22,4)([34]10,5,6)([35]23,33,6)([36]28,10,3)([37]35,22,4)([38]29,34,2)([39]15,5,7)([40]17,4,1)([41]30,25,0)([42]25,38,0)([43]13,37,4)([44]32,22,6)([45]27,33,5)([46]38,5,3)([47]43,17,5)([48]39,1,5)([49]14,5,3)([50]39,43,5)([51]46,19,4)([52]44,24,0)([53]48,37,7)([54]27,28,5)([55]47,44,6)([56]13,39,4)([57]44,41,0)([58]10,30,0)([59]42,53,7)([60]20,50,7)([61]32,20,1)([62]42,12,4)([63]41,6,4)([64]16,38,5)([65]47,59,2)([66]44,60,5)([67]56,45,0)([68]54,66,2)([69]62,6,0)([70]68,65,3)([71]13,21,0)([72]30,11,4)([73]10,27,2)([74]16,38,4)([75]8,36,0)([76]17,12,2)([77]48,29,7)([78]69,36,1)([79]11,9,7)([80]78,74,5)([81]55,13,1)([82]26,54,7)([83]6,29,5)([84]30,51,6)([85]8,62,1)([86]22,82,0)(70)
optimized area: 120.40
time: 1320091 ms
