seed: 1633847831
NOT FOUND
time: 527589 ms
seed: 1633934643
NOT FOUND
time: 524526 ms
seed: 1633960683
seed: 1633961057
seed: 1633961566
{7,1,80,1,2,1,8}([7]6,4,3)([8]1,4,2)([9]3,7,7)([10]4,5,3)([11]6,5,4)([12]9,2,4)([13]2,0,3)([14]11,1,7)([15]12,13,3)([16]8,12,7)([17]16,10,5)([18]9,14,3)([19]11,18,2)([20]15,17,4)([21]0,14,7)([22]11,8,2)([23]19,21,6)([24]23,15,7)([25]22,0,6)([26]18,11,7)([27]15,25,7)([28]24,26,5)([29]10,12,4)([30]23,29,5)([31]22,18,7)([32]21,25,2)([33]32,5,3)([34]25,26,7)([35]3,34,7)([36]23,29,6)([37]27,6,2)([38]2,18,4)([39]33,10,3)([40]37,4,2)([41]35,28,4)([42]33,31,7)([43]40,20,7)([44]36,39,6)([45]36,41,6)([46]25,43,4)([47]18,5,0)([48]45,37,4)([49]0,35,5)([50]23,33,1)([51]38,42,5)([52]13,20,2)([53]11,27,3)([54]45,25,4)([55]50,8,0)([56]8,21,3)([57]30,52,7)([58]17,49,0)([59]12,20,4)([60]38,25,3)([61]45,46,1)([62]42,59,1)([63]26,20,5)([64]51,15,0)([65]51,33,0)([66]15,55,6)([67]23,31,5)([68]39,44,3)([69]3,36,7)([70]61,43,2)([71]7,7,6)([72]62,53,6)([73]65,57,3)([74]30,3,0)([75]55,6,1)([76]39,64,2)([77]48,65,0)([78]23,76,4)([79]73,70,7)([80]77,56,7)([81]65,79,4)([82]49,62,5)([83]69,35,3)([84]9,67,2)([85]65,47,5)([86]13,7,4)(81)
evaluations: 12656791
first invidual area: 151.83
{7,1,80,1,2,1,8}([7]4,6,3)([8]4,1,2)([9]3,7,7)([10]5,4,3)([11]5,6,4)([12]9,2,4)([13]0,2,3)([14]1,11,7)([15]13,9,3)([16]12,8,7)([17]10,16,5)([18]14,9,3)([19]11,18,2)([20]15,17,4)([21]14,0,7)([22]14,8,2)([23]19,21,6)([24]23,15,4)([25]22,0,6)([26]18,11,7)([27]15,25,7)([28]24,26,5)([29]12,10,4)([30]25,25,6)([31]22,2,3)([32]27,4,2)([33]5,32,3)([34]19,24,7)([35]28,3,4)([36]30,33,7)([37]29,23,2)([38]13,20,2)([39]2,18,4)([40]32,6,5)([41]25,35,4)([42]33,31,7)([43]18,25,0)([44]16,38,7)([45]43,40,4)([46]14,34,7)([47]8,1,1)([48]40,20,4)([49]34,15,7)([50]7,10,7)([51]0,41,1)([52]42,39,5)([53]29,23,6)([54]8,32,4)([55]36,9,6)([56]53,41,3)([57]37,38,6)([58]32,20,7)([59]14,8,3)([60]50,21,6)([61]46,13,6)([62]4,7,2)([63]30,38,1)([64]42,53,1)([65]16,3,0)([66]55,22,4)([67]56,48,5)([68]29,52,5)([69]32,50,3)([70]53,6,6)([71]70,17,3)([72]48,46,7)([73]52,57,6)([74]25,64,3)([75]28,2,6)([76]21,62,0)([77]73,67,4)([78]57,33,6)([79]40,44,6)([80]54,48,5)([81]49,58,2)([82]19,78,3)([83]59,55,1)([84]48,72,1)([85]16,27,7)([86]69,38,3)(77)
optimized area: 133.54
time: 690965 ms
seed: 1633962357
{7,1,80,1,2,1,8}([7]6,4,4)([8]1,2,0)([9]5,2,6)([10]1,2,7)([11]6,5,7)([12]11,1,6)([13]3,1,1)([14]12,0,4)([15]9,11,6)([16]9,1,3)([17]5,3,4)([18]11,16,5)([19]9,13,3)([20]11,5,1)([21]6,12,6)([22]4,14,4)([23]2,22,4)([24]8,1,2)([25]11,22,4)([26]22,14,5)([27]26,17,5)([28]7,19,4)([29]18,0,7)([30]8,15,4)([31]13,30,1)([32]30,19,4)([33]23,27,2)([34]28,14,3)([35]27,12,0)([36]6,5,4)([37]29,32,3)([38]13,12,3)([39]28,18,4)([40]6,35,5)([41]14,27,6)([42]25,26,0)([43]10,29,2)([44]12,7,7)([45]10,34,7)([46]8,10,2)([47]24,9,4)([48]38,24,0)([49]41,28,5)([50]45,22,6)([51]0,15,5)([52]16,12,7)([53]20,50,5)([54]23,27,1)([55]17,48,2)([56]49,43,5)([57]18,21,7)([58]53,56,4)([59]0,19,4)([60]32,39,0)([61]6,49,6)([62]33,61,6)([63]37,62,6)([64]25,15,3)([65]10,55,0)([66]55,27,3)([67]44,28,3)([68]22,35,0)([69]40,4,3)([70]40,68,1)([71]20,58,6)([72]27,41,3)([73]63,12,4)([74]63,59,4)([75]57,39,3)([76]22,72,0)([77]4,68,4)([78]67,25,3)([79]65,52,0)([80]54,46,6)([81]44,6,1)([82]63,79,4)([83]22,22,5)([84]18,43,0)([85]46,12,3)([86]74,58,4)(86)
evaluations: 26790611
first invidual area: 121.82
{7,1,80,1,2,1,8}([7]5,3,4)([8]0,0,3)([9]2,5,6)([10]1,2,7)([11]5,6,7)([12]6,4,4)([13]1,11,3)([14]0,13,7)([15]11,9,3)([16]9,2,3)([17]1,9,3)([18]3,8,1)([19]9,18,3)([20]11,17,5)([21]1,15,4)([22]14,4,4)([23]22,12,4)([24]19,21,7)([25]19,21,0)([26]22,14,5)([27]7,26,5)([28]25,12,4)([29]8,20,7)([30]25,29,1)([31]2,22,4)([32]9,24,5)([33]29,24,3)([34]28,4,6)([35]5,8,3)([36]31,0,1)([37]22,22,2)([38]34,10,7)([39]1,13,4)([40]21,21,6)([41]8,32,2)([42]25,23,5)([43]16,41,6)([44]29,10,2)([45]27,14,6)([46]31,27,2)([47]7,43,2)([48]16,5,4)([49]45,28,5)([50]28,15,1)([51]22,11,6)([52]43,13,3)([53]46,42,3)([54]28,46,0)([55]50,22,0)([56]49,44,5)([57]6,49,6)([58]55,12,1)([59]8,25,4)([60]35,0,4)([61]41,18,6)([62]46,57,6)([63]33,62,3)([64]8,22,0)([65]10,17,2)([66]38,51,5)([67]66,31,6)([68]9,44,5)([69]14,39,7)([70]42,48,1)([71]56,66,4)([72]60,1,3)([73]12,55,3)([74]63,59,7)([75]61,37,1)([76]22,70,2)([77]6,3,3)([78]34,16,5)([79]59,70,6)([80]22,74,5)([81]4,59,0)([82]79,66,4)([83]60,10,2)([84]59,29,0)([85]75,62,2)([86]74,71,4)(86)
optimized area: 120.42
time: 596773 ms
seed: 1633985312
NOT FOUND
time: 536594 ms
seed: 1634034193
{7,1,80,1,2,1,8}([7]0,2,4)([8]4,5,4)([9]8,3,6)([10]6,8,2)([11]10,4,3)([12]2,3,7)([13]1,6,7)([14]7,8,6)([15]5,9,2)([16]4,3,4)([17]10,14,4)([18]13,11,2)([19]16,3,6)([20]18,0,6)([21]2,17,7)([22]4,6,4)([23]0,19,3)([24]5,21,5)([25]2,16,6)([26]7,6,6)([27]17,5,6)([28]14,14,3)([29]20,27,3)([30]13,27,4)([31]29,14,7)([32]15,0,3)([33]12,23,1)([34]23,5,7)([35]33,24,2)([36]13,18,4)([37]11,35,3)([38]1,37,6)([39]36,22,3)([40]17,3,2)([41]2,39,7)([42]26,12,4)([43]34,12,4)([44]18,16,5)([45]3,6,3)([46]29,42,6)([47]22,31,4)([48]1,47,5)([49]41,34,6)([50]25,14,3)([51]48,46,4)([52]29,35,0)([53]10,15,2)([54]17,19,4)([55]31,45,2)([56]32,44,7)([57]25,3,4)([58]52,49,5)([59]9,40,0)([60]44,59,5)([61]26,38,3)([62]47,45,7)([63]36,52,6)([64]51,61,4)([65]55,48,3)([66]11,26,7)([67]38,41,1)([68]61,20,6)([69]40,25,0)([70]64,58,5)([71]1,16,5)([72]12,20,3)([73]20,28,4)([74]11,39,0)([75]44,30,4)([76]19,40,2)([77]55,56,7)([78]28,36,0)([79]9,72,3)([80]67,50,2)([81]13,60,6)([82]18,57,7)([83]13,82,5)([84]77,21,3)([85]50,80,0)([86]70,84,5)(86)
evaluations: 47529107
first invidual area: 150.86
{7,1,80,1,2,1,8}([7]0,2,4)([8]4,5,4)([9]3,1,1)([10]6,8,2)([11]10,4,3)([12]2,3,4)([13]1,6,7)([14]7,8,6)([15]5,9,2)([16]4,3,5)([17]10,14,3)([18]13,11,2)([19]8,3,6)([20]18,0,6)([21]17,2,7)([22]4,6,4)([23]0,19,3)([24]0,6,2)([25]12,14,2)([26]7,6,6)([27]5,17,6)([28]12,1,3)([29]20,27,3)([30]11,12,6)([31]29,14,7)([32]15,0,3)([33]12,16,0)([34]23,5,6)([35]26,16,4)([36]11,10,1)([37]11,19,3)([38]1,37,6)([39]13,22,3)([40]13,2,3)([41]2,39,7)([42]26,12,7)([43]14,23,5)([44]18,16,5)([45]3,6,3)([46]29,42,6)([47]22,31,4)([48]1,47,5)([49]41,34,6)([50]24,26,4)([51]48,46,4)([52]37,0,3)([53]41,51,0)([54]26,50,4)([55]31,45,2)([56]32,44,7)([57]21,15,7)([58]29,49,5)([59]0,50,7)([60]40,12,5)([61]26,38,3)([62]41,30,3)([63]49,50,0)([64]51,61,4)([65]13,43,7)([66]11,28,4)([67]3,33,3)([68]60,62,4)([69]46,45,6)([70]64,58,5)([71]67,68,0)([72]43,4,6)([73]5,22,1)([74]30,0,1)([75]56,36,0)([76]61,0,2)([77]55,75,7)([78]71,32,2)([79]30,61,0)([80]74,57,6)([81]18,66,2)([82]64,55,7)([83]56,55,6)([84]77,21,3)([85]15,41,5)([86]70,84,5)(86)
optimized area: 132.10
time: 532445 ms
seed: 1634143987
NOT FOUND
time: 512523 ms
seed: 1634147242
{7,1,80,1,2,1,8}([7]1,5,6)([8]4,7,6)([9]6,4,5)([10]2,0,5)([11]9,5,5)([12]0,11,2)([13]7,3,7)([14]13,4,2)([15]6,8,3)([16]3,5,7)([17]14,3,3)([18]16,9,2)([19]14,18,4)([20]16,6,3)([21]10,15,2)([22]5,2,5)([23]11,17,4)([24]13,19,2)([25]12,3,6)([26]24,9,3)([27]1,12,7)([28]7,27,7)([29]0,20,4)([30]20,24,5)([31]6,21,4)([32]28,31,6)([33]26,31,4)([34]32,0,0)([35]31,29,7)([36]32,33,5)([37]35,26,5)([38]34,24,6)([39]20,26,1)([40]25,38,7)([41]3,30,6)([42]23,3,0)([43]0,4,7)([44]22,40,4)([45]37,44,2)([46]32,23,5)([47]17,16,5)([48]5,33,0)([49]37,29,7)([50]44,22,4)([51]21,18,7)([52]32,24,4)([53]15,28,2)([54]6,45,4)([55]27,16,2)([56]55,52,5)([57]46,2,5)([58]48,35,0)([59]54,36,5)([60]27,41,3)([61]47,44,7)([62]19,40,7)([63]46,17,0)([64]11,32,3)([65]12,13,3)([66]54,51,0)([67]18,46,1)([68]56,57,7)([69]27,26,3)([70]63,59,4)([71]26,30,0)([72]55,3,4)([73]16,34,0)([74]68,61,4)([75]11,52,5)([76]24,57,5)([77]59,74,5)([78]61,36,6)([79]31,76,5)([80]73,27,7)([81]69,42,0)([82]0,37,2)([83]57,9,7)([84]19,60,1)([85]3,42,2)([86]60,53,6)(77)
evaluations: 13149361
first invidual area: 139.61
seed: 1634147569
seed: 1634147755
seed: 1634147924
{7,1,80,1,2,1,8}([7]5,1,6)([8]4,7,6)([9]4,6,5)([10]8,6,3)([11]5,9,5)([12]11,0,2)([13]7,3,7)([14]4,13,2)([15]0,2,5)([16]3,5,7)([17]14,3,3)([18]9,16,5)([19]14,18,7)([20]3,12,3)([21]15,10,5)([22]11,3,5)([23]11,17,4)([24]13,19,2)([25]18,6,3)([26]9,13,3)([27]12,1,7)([28]0,25,4)([29]1,14,7)([30]27,7,7)([31]21,6,7)([32]31,30,6)([33]32,23,5)([34]9,2,2)([35]28,21,7)([36]26,32,5)([37]29,31,7)([38]35,9,5)([39]24,32,3)([40]39,20,4)([41]5,2,5)([42]16,21,7)([43]31,0,5)([44]41,40,7)([45]27,16,2)([46]26,31,6)([47]16,17,5)([48]0,39,0)([49]9,6,7)([50]38,44,5)([51]27,26,1)([52]32,24,4)([53]9,16,4)([54]6,50,7)([55]41,0,3)([56]52,45,5)([57]33,2,5)([58]38,15,0)([59]36,30,6)([60]53,6,3)([61]47,57,4)([62]21,10,6)([63]54,36,5)([64]11,25,5)([65]56,21,0)([66]58,25,0)([67]49,35,3)([68]44,56,4)([69]22,13,1)([70]44,23,5)([71]58,32,5)([72]26,61,1)([73]30,9,3)([74]25,19,3)([75]73,62,5)([76]61,68,4)([77]1,18,7)([78]46,58,7)([79]64,55,6)([80]75,45,5)([81]61,7,7)([82]54,36,4)([83]12,51,7)([84]76,63,5)([85]40,56,6)([86]48,2,2)(84)
optimized area: 133.51
time: 719121 ms
seed: 1634148036
seed: 1634148359
NOT FOUND
time: 531074 ms
seed: 1634195667
NOT FOUND
time: 532889 ms
seed: 1634244543
NOT FOUND
time: 527644 ms
seed: 1634291205
seed: 1634291346
seed: 1634291426
seed: 1634291557
{7,1,80,1,2,1,8}([7]4,1,5)([8]5,2,3)([9]5,6,4)([10]2,7,5)([11]5,0,2)([12]4,10,7)([13]12,7,5)([14]13,0,7)([15]3,8,2)([16]11,15,6)([17]0,1,5)([18]16,8,5)([19]6,13,6)([20]1,6,7)([21]12,9,5)([22]18,19,4)([23]5,20,6)([24]10,21,2)([25]2,14,6)([26]16,14,6)([27]5,23,3)([28]15,21,4)([29]20,10,2)([30]27,24,4)([31]17,3,0)([32]25,22,5)([33]28,32,7)([34]10,1,6)([35]30,0,7)([36]29,3,2)([37]35,34,4)([38]6,37,4)([39]36,29,3)([40]14,18,2)([41]38,40,3)([42]26,35,4)([43]36,42,6)([44]36,19,4)([45]41,22,6)([46]4,45,6)([47]3,7,7)([48]47,28,3)([49]46,26,0)([50]17,45,5)([51]46,36,5)([52]43,24,7)([53]49,37,7)([54]51,28,0)([55]36,22,2)([56]48,9,2)([57]47,26,4)([58]28,32,0)([59]14,2,0)([60]35,28,3)([61]40,21,0)([62]2,19,1)([63]56,53,6)([64]63,52,5)([65]20,52,6)([66]15,38,7)([67]33,63,1)([68]45,65,5)([69]55,49,2)([70]65,22,5)([71]13,18,7)([72]11,23,0)([73]37,12,5)([74]45,67,6)([75]25,16,6)([76]38,46,1)([77]24,34,0)([78]21,19,3)([79]74,64,4)([80]49,68,3)([81]69,72,1)([82]47,21,6)([83]71,81,3)([84]44,26,6)([85]19,12,3)([86]70,47,3)(79)
evaluations: 17922679
first invidual area: 141.01
{7,1,80,1,2,1,8}([7]5,2,3)([8]1,2,4)([9]5,2,7)([10]0,1,7)([11]8,9,3)([12]2,1,5)([13]11,6,4)([14]0,6,3)([15]14,13,2)([16]2,6,5)([17]7,4,4)([18]15,0,6)([19]7,3,5)([20]19,9,7)([21]12,4,5)([22]18,19,4)([23]1,16,7)([24]17,3,7)([25]8,1,0)([26]6,18,5)([27]5,10,3)([28]2,25,6)([29]16,12,7)([30]11,22,4)([31]29,23,6)([32]6,20,7)([33]13,1,5)([34]33,4,2)([35]33,30,2)([36]14,32,3)([37]36,33,1)([38]17,1,0)([39]5,18,3)([40]4,34,0)([41]23,35,6)([42]32,8,2)([43]27,42,4)([44]36,34,1)([45]6,11,2)([46]38,43,2)([47]7,46,2)([48]37,24,5)([49]47,17,6)([50]38,39,7)([51]10,47,3)([52]48,51,4)([53]22,31,6)([54]24,16,7)([55]53,16,7)([56]44,35,7)([57]44,27,0)([58]32,21,4)([59]54,39,7)([60]4,59,5)([61]60,52,5)([62]36,10,0)([63]13,45,6)([64]36,61,3)([65]56,46,6)([66]49,12,0)([67]29,4,7)([68]55,61,4)([69]24,48,3)([70]61,58,2)([71]41,11,6)([72]26,49,0)([73]69,44,7)([74]19,71,4)([75]70,15,7)([76]68,69,1)([77]31,3,7)([78]35,77,4)([79]70,65,3)([80]16,24,5)([81]26,24,1)([82]73,10,3)([83]50,31,0)([84]58,21,1)([85]15,46,0)([86]71,10,5)(79)
evaluations: 16873099
first invidual area: 130.24
seed: 1634292438
{7,1,80,1,2,1,8}([7]0,4,7)([8]6,3,4)([9]7,4,2)([10]1,0,0)([11]10,8,5)([12]11,0,7)([13]2,9,3)([14]5,8,0)([15]6,1,3)([16]2,3,7)([17]3,5,3)([18]0,15,2)([19]14,11,0)([20]15,13,6)([21]13,10,2)([22]20,9,1)([23]16,22,7)([24]21,23,4)([25]10,4,4)([26]23,5,2)([27]15,26,3)([28]20,24,6)([29]25,28,6)([30]4,6,7)([31]24,23,4)([32]7,17,2)([33]10,30,5)([34]21,15,5)([35]32,18,3)([36]16,6,5)([37]5,8,4)([38]35,26,3)([39]37,1,5)([40]29,38,4)([41]30,10,7)([42]41,37,2)([43]32,12,6)([44]14,43,4)([45]42,12,6)([46]13,40,4)([47]5,31,6)([48]14,14,1)([49]40,38,3)([50]46,28,6)([51]16,16,5)([52]50,40,4)([53]52,50,4)([54]16,45,6)([55]17,37,1)([56]38,54,2)([57]52,48,6)([58]40,44,3)([59]0,53,0)([60]12,40,1)([61]58,22,7)([62]47,44,7)([63]10,58,5)([64]51,56,7)([65]5,24,5)([66]35,10,3)([67]57,30,5)([68]39,59,0)([69]65,4,7)([70]11,40,0)([71]26,40,0)([72]36,3,1)([73]34,42,0)([74]67,0,6)([75]41,17,2)([76]69,68,3)([77]47,46,7)([78]31,74,4)([79]31,0,1)([80]78,56,3)([81]61,80,7)([82]14,71,7)([83]81,39,4)([84]44,76,3)([85]17,24,6)([86]9,20,3)(83)
evaluations: 12326738
first invidual area: 151.34
seed: 1634292803
{7,1,80,1,2,1,8}([7]2,1,7)([8]4,6,1)([9]1,3,4)([10]6,9,7)([11]0,3,4)([12]5,10,7)([13]1,12,5)([14]8,13,4)([15]2,6,5)([16]1,5,6)([17]1,13,2)([18]7,17,4)([19]7,11,5)([20]19,4,1)([21]19,16,5)([22]4,12,4)([23]19,17,6)([24]18,0,5)([25]22,18,2)([26]25,24,7)([27]12,21,2)([28]16,25,6)([29]14,9,6)([30]8,3,7)([31]27,9,6)([32]0,29,7)([33]19,11,5)([34]10,32,2)([35]33,28,5)([36]32,0,1)([37]24,34,2)([38]10,35,5)([39]6,21,2)([40]26,12,3)([41]19,5,6)([42]25,11,5)([43]36,15,2)([44]19,23,3)([45]8,9,4)([46]38,15,4)([47]6,26,6)([48]14,39,1)([49]47,46,6)([50]31,30,3)([51]37,5,3)([52]9,41,1)([53]31,22,6)([54]51,48,2)([55]54,21,2)([56]31,10,6)([57]11,21,6)([58]32,7,3)([59]49,33,7)([60]34,8,3)([61]41,53,3)([62]37,61,2)([63]62,18,7)([64]59,50,5)([65]15,52,7)([66]57,24,1)([67]7,19,7)([68]27,8,5)([69]63,64,7)([70]23,69,0)([71]10,6,6)([72]0,57,6)([73]50,41,1)([74]29,42,4)([75]14,31,5)([76]63,18,5)([77]43,21,0)([78]2,53,0)([79]16,1,6)([80]33,26,6)([81]60,47,5)([82]29,34,4)([83]43,63,1)([84]43,15,3)([85]56,82,0)([86]43,34,7)(69)
evaluations: 8314661
first invidual area: 126.02
{7,1,80,1,2,1,8}([7]3,6,0)([8]6,6,3)([9]7,1,4)([10]9,6,7)([11]7,0,4)([12]10,5,7)([13]12,1,5)([14]2,6,5)([15]8,13,3)([16]5,1,6)([17]1,2,7)([18]2,13,4)([19]11,17,5)([20]19,16,5)([21]15,0,4)([22]4,12,4)([23]18,15,2)([24]0,18,5)([25]22,18,2)([26]25,24,7)([27]12,20,2)([28]25,16,6)([29]26,4,0)([30]4,3,4)([31]9,27,6)([32]10,21,2)([33]19,11,5)([34]30,31,3)([35]28,33,5)([36]22,7,7)([37]24,32,2)([38]10,35,5)([39]0,29,4)([40]14,38,4)([41]24,19,7)([42]20,21,2)([43]22,31,6)([44]26,8,6)([45]7,19,2)([46]45,10,2)([47]31,27,2)([48]43,17,0)([49]6,13,7)([50]40,34,0)([51]15,40,4)([52]32,19,1)([53]50,44,3)([54]34,13,1)([55]40,38,2)([56]8,7,1)([57]5,5,7)([58]30,19,6)([59]53,33,4)([60]23,45,1)([61]58,48,3)([62]37,61,5)([63]21,46,7)([64]34,59,5)([65]59,44,1)([66]5,25,0)([67]9,1,5)([68]23,23,4)([69]60,45,4)([70]12,49,3)([71]42,20,0)([72]62,18,4)([73]16,45,4)([74]35,3,6)([75]46,18,6)([76]52,31,4)([77]17,44,0)([78]2,13,2)([79]72,64,7)([80]42,56,7)([81]45,28,1)([82]53,8,1)([83]3,58,6)([84]63,50,3)([85]3,6,2)([86]42,17,1)(79)
optimized area: 117.12
time: 672297 ms
seed: 1634333281
{7,1,80,1,2,1,8}([7]4,3,1)([8]0,3,4)([9]0,6,7)([10]2,9,3)([11]6,7,3)([12]8,5,2)([13]1,10,2)([14]1,8,7)([15]11,2,4)([16]9,13,7)([17]0,7,4)([18]13,12,6)([19]16,8,6)([20]14,7,6)([21]11,19,0)([22]9,18,3)([23]8,11,7)([24]17,22,4)([25]20,0,3)([26]5,2,5)([27]26,13,2)([28]27,22,7)([29]16,2,5)([30]25,8,1)([31]28,15,3)([32]21,1,2)([33]23,22,0)([34]17,32,4)([35]24,30,5)([36]13,35,2)([37]29,23,6)([38]34,5,3)([39]33,11,3)([40]18,38,2)([41]3,10,4)([42]36,12,5)([43]40,26,2)([44]43,20,7)([45]19,38,2)([46]31,5,2)([47]24,35,2)([48]21,39,4)([49]34,7,7)([50]15,15,2)([51]27,47,3)([52]37,31,7)([53]35,16,7)([54]11,12,2)([55]48,21,1)([56]18,53,1)([57]52,21,2)([58]46,47,7)([59]31,21,0)([60]23,14,6)([61]44,2,7)([62]45,11,2)([63]33,60,6)([64]58,4,0)([65]22,12,1)([66]58,61,6)([67]66,39,2)([68]30,41,7)([69]1,41,3)([70]23,50,7)([71]19,62,1)([72]32,20,6)([73]0,45,5)([74]63,70,4)([75]16,59,0)([76]52,45,4)([77]12,4,3)([78]22,36,5)([79]67,76,7)([80]11,46,1)([81]41,44,6)([82]77,72,6)([83]53,82,1)([84]43,49,3)([85]8,82,7)([86]51,7,0)(79)
evaluations: 45057032
first invidual area: 134.93
{7,1,80,1,2,1,8}([7]4,4,1)([8]0,3,4)([9]6,0,7)([10]2,9,3)([11]6,7,3)([12]5,8,2)([13]1,10,2)([14]1,8,7)([15]12,13,0)([16]13,9,7)([17]0,4,7)([18]13,15,6)([19]8,16,6)([20]7,14,6)([21]17,20,2)([22]9,18,3)([23]8,11,7)([24]17,22,4)([25]20,0,3)([26]2,5,5)([27]26,13,2)([28]27,22,7)([29]16,2,5)([30]11,2,4)([31]28,30,3)([32]11,1,5)([33]7,24,3)([34]17,32,7)([35]20,15,6)([36]25,24,2)([37]29,23,3)([38]34,5,3)([39]23,11,3)([40]18,38,2)([41]29,11,1)([42]27,0,0)([43]40,26,5)([44]43,20,7)([45]19,38,5)([46]31,5,5)([47]24,25,5)([48]40,46,7)([49]18,29,0)([50]5,38,6)([51]0,41,3)([52]37,31,4)([53]29,40,3)([54]51,17,5)([55]52,14,2)([56]15,26,3)([57]43,23,5)([58]46,47,7)([59]1,41,0)([60]23,3,1)([61]44,2,4)([62]32,51,5)([63]39,17,4)([64]36,16,4)([65]4,44,1)([66]58,61,6)([67]66,39,5)([68]26,1,2)([69]66,61,7)([70]12,2,4)([71]63,33,2)([72]15,14,3)([73]14,10,6)([74]16,2,4)([75]9,4,3)([76]52,45,4)([77]25,43,6)([78]23,70,0)([79]67,76,7)([80]39,16,1)([81]67,57,0)([82]1,72,3)([83]20,0,5)([84]55,17,2)([85]79,2,6)([86]6,12,4)(79)
optimized area: 128.84
time: 539794 ms
seed: 1634382077
NOT FOUND
time: 528540 ms
seed: 1634431115
NOT FOUND
time: 525604 ms
seed: 1634490853
seed: 1634491517
{7,1,80,1,2,1,8}([7]5,6,7)([8]7,3,7)([9]8,0,7)([10]9,5,6)([11]2,1,2)([12]7,2,7)([13]12,4,4)([14]11,4,3)([15]13,3,3)([16]14,13,3)([17]14,8,5)([18]12,3,3)([19]0,4,4)([20]5,19,7)([21]8,2,7)([22]2,16,5)([23]1,14,7)([24]6,0,5)([25]9,11,4)([26]5,21,2)([27]4,14,1)([28]23,2,4)([29]18,9,2)([30]6,24,2)([31]15,13,0)([32]17,9,5)([33]21,25,5)([34]15,23,4)([35]32,20,5)([36]23,18,4)([37]23,28,3)([38]35,36,6)([39]23,15,4)([40]15,11,4)([41]39,30,2)([42]16,25,2)([43]41,17,4)([44]23,12,6)([45]20,40,5)([46]43,44,7)([47]15,22,7)([48]36,33,6)([49]37,1,3)([50]10,0,6)([51]20,15,1)([52]48,30,4)([53]27,1,3)([54]50,49,2)([55]38,47,5)([56]46,55,7)([57]39,4,3)([58]4,6,4)([59]48,19,2)([60]21,12,2)([61]11,60,6)([62]54,42,5)([63]27,26,2)([64]2,45,6)([65]5,49,0)([66]24,30,6)([67]5,33,7)([68]24,35,0)([69]51,14,7)([70]59,56,4)([71]58,60,2)([72]51,18,5)([73]59,62,4)([74]21,37,5)([75]63,62,7)([76]51,3,2)([77]34,22,4)([78]19,58,4)([79]41,68,2)([80]65,20,2)([81]52,72,3)([82]31,66,6)([83]75,70,3)([84]48,58,2)([85]76,83,2)([86]15,58,3)(83)
evaluations: 33773524
first invidual area: 152.27
{7,1,80,1,2,1,8}([7]5,6,7)([8]7,3,7)([9]0,8,7)([10]9,5,6)([11]2,1,2)([12]7,2,7)([13]4,12,4)([14]4,11,3)([15]3,13,3)([16]13,14,3)([17]8,14,5)([18]8,0,5)([19]0,4,4)([20]19,5,7)([21]12,3,7)([22]16,2,5)([23]14,1,7)([24]0,11,1)([25]11,9,4)([26]16,25,2)([27]24,8,0)([28]3,12,6)([29]12,2,0)([30]24,6,2)([31]21,29,4)([32]9,17,5)([33]21,19,5)([34]22,32,5)([35]32,20,5)([36]23,28,7)([37]16,32,5)([38]36,35,6)([39]23,15,4)([40]4,7,1)([41]39,30,5)([42]17,10,7)([43]41,17,7)([44]23,29,6)([45]1,37,5)([46]43,44,7)([47]15,22,7)([48]36,33,6)([49]1,33,3)([50]10,0,6)([51]50,8,6)([52]5,40,2)([53]16,2,3)([54]49,50,2)([55]38,47,5)([56]46,55,4)([57]36,14,0)([58]45,10,1)([59]23,7,5)([60]14,37,2)([61]29,50,2)([62]54,26,5)([63]21,52,5)([64]19,46,4)([65]57,54,4)([66]55,54,2)([67]6,41,6)([68]25,48,5)([69]16,46,1)([70]68,56,4)([71]49,35,4)([72]6,18,1)([73]22,33,0)([74]38,31,2)([75]63,62,4)([76]54,14,4)([77]17,59,0)([78]59,18,0)([79]32,12,4)([80]61,68,2)([81]15,21,2)([82]10,1,2)([83]75,70,3)([84]64,10,2)([85]1,26,3)([86]60,32,2)(83)
optimized area: 143.36
time: 581724 ms
seed: 1634590729
NOT FOUND
time: 521698 ms
seed: 1634639463
{7,1,80,1,2,1,8}([7]0,1,6)([8]4,6,3)([9]7,2,4)([10]3,7,7)([11]4,6,5)([12]6,1,7)([13]2,12,3)([14]5,12,5)([15]9,5,6)([16]13,3,5)([17]10,11,2)([18]0,12,3)([19]18,6,4)([20]18,11,2)([21]18,14,7)([22]17,15,5)([23]17,16,5)([24]6,0,4)([25]23,5,7)([26]22,17,6)([27]22,10,2)([28]8,9,4)([29]0,21,5)([30]20,25,1)([31]18,27,5)([32]17,24,4)([33]32,25,0)([34]21,14,0)([35]29,33,2)([36]14,16,7)([37]3,15,2)([38]34,14,6)([39]36,20,3)([40]25,32,4)([41]8,12,7)([42]27,24,2)([43]1,36,3)([44]5,25,4)([45]28,38,4)([46]35,37,7)([47]30,0,7)([48]45,39,2)([49]9,12,7)([50]5,20,7)([51]5,16,3)([52]50,49,3)([53]52,25,6)([54]34,49,4)([55]45,44,0)([56]4,52,0)([57]12,46,2)([58]53,57,7)([59]8,5,3)([60]58,19,7)([61]9,40,3)([62]33,0,2)([63]61,60,2)([64]9,18,0)([65]48,16,3)([66]31,29,4)([67]2,47,5)([68]0,37,5)([69]66,59,4)([70]48,63,3)([71]33,39,3)([72]1,2,3)([73]70,69,7)([74]6,21,3)([75]26,1,4)([76]56,54,7)([77]3,29,7)([78]67,62,5)([79]49,6,5)([80]38,6,0)([81]19,39,6)([82]27,17,7)([83]71,8,3)([84]46,30,2)([85]35,1,6)([86]11,79,0)(73)
evaluations: 36855090
first invidual area: 153.69
{7,1,80,1,2,1,8}([7]0,1,6)([8]6,4,3)([9]2,7,4)([10]7,3,7)([11]6,4,5)([12]6,1,7)([13]2,12,3)([14]5,12,5)([15]9,5,6)([16]3,13,5)([17]10,11,2)([18]0,12,3)([19]16,14,7)([20]18,11,2)([21]2,19,0)([22]6,4,2)([23]20,15,5)([24]17,16,5)([25]5,24,7)([26]6,0,7)([27]23,10,2)([28]9,14,4)([29]0,14,5)([30]5,20,7)([31]18,27,5)([32]17,26,7)([33]18,1,7)([34]3,8,7)([35]29,32,5)([36]28,8,7)([37]24,15,5)([38]31,10,2)([39]19,20,3)([40]33,26,2)([41]7,16,2)([42]12,8,7)([43]20,29,0)([44]16,34,1)([45]13,29,3)([46]35,37,4)([47]25,32,4)([48]36,39,2)([49]6,35,4)([50]13,44,6)([51]22,25,0)([52]25,42,3)([53]52,30,6)([54]22,29,1)([55]20,54,0)([56]53,49,3)([57]12,46,5)([58]53,57,4)([59]8,5,3)([60]58,33,7)([61]9,47,3)([62]54,60,3)([63]61,60,2)([64]50,5,0)([65]13,44,7)([66]31,29,7)([67]17,0,6)([68]13,39,3)([69]66,59,7)([70]48,63,3)([71]70,55,4)([72]21,46,0)([73]70,69,7)([74]35,47,3)([75]63,49,6)([76]16,37,2)([77]76,57,2)([78]27,46,3)([79]76,1,0)([80]71,36,4)([81]12,73,7)([82]77,66,4)([83]20,9,1)([84]7,16,7)([85]19,56,7)([86]1,11,7)(73)
optimized area: 145.25
time: 578900 ms
seed: 1634665261
NOT FOUND
time: 508785 ms
seed: 1634670297
seed: 1634670314
seed: 1634673250
seed: 1634673511
{7,1,80,1,2,1,8}([7]0,5,3)([8]6,5,7)([9]3,6,6)([10]1,3,4)([11]3,1,3)([12]0,4,7)([13]7,4,5)([14]8,1,4)([15]9,5,4)([16]8,10,5)([17]3,16,7)([18]1,12,7)([19]11,5,6)([20]13,10,4)([21]4,15,0)([22]18,15,5)([23]21,17,2)([24]6,12,7)([25]18,1,0)([26]24,12,0)([27]10,2,4)([28]22,20,4)([29]18,19,4)([30]23,20,7)([31]7,17,3)([32]30,6,5)([33]26,32,4)([34]21,30,2)([35]16,34,5)([36]1,2,7)([37]26,34,4)([38]24,3,7)([39]36,28,3)([40]16,27,7)([41]32,38,6)([42]31,14,7)([43]17,40,2)([44]34,26,1)([45]18,6,3)([46]32,19,2)([47]11,30,3)([48]22,8,2)([49]24,2,6)([50]27,21,3)([51]8,30,5)([52]34,42,6)([53]23,23,5)([54]31,46,5)([55]32,24,0)([56]21,32,7)([57]17,54,0)([58]52,27,4)([59]37,48,3)([60]58,39,5)([61]7,20,1)([62]30,43,7)([63]59,38,6)([64]22,62,3)([65]11,15,0)([66]19,61,0)([67]44,31,0)([68]63,62,5)([69]39,12,2)([70]23,29,7)([71]54,8,7)([72]60,68,7)([73]10,53,2)([74]24,35,0)([75]74,23,5)([76]47,74,2)([77]5,20,2)([78]29,10,4)([79]72,54,2)([80]71,78,2)([81]40,75,3)([82]42,60,7)([83]66,68,2)([84]18,43,6)([85]6,17,4)([86]25,31,2)(79)
evaluations: 28509524
first invidual area: 141.99
{7,1,80,1,2,1,8}([7]0,5,3)([8]6,5,7)([9]6,3,3)([10]3,1,4)([11]8,6,2)([12]0,4,7)([13]1,7,0)([14]1,8,7)([15]9,5,7)([16]8,10,5)([17]16,3,7)([18]4,7,5)([19]13,5,6)([20]18,10,4)([21]12,2,4)([22]21,15,5)([23]17,4,5)([24]10,6,0)([25]8,16,2)([26]1,20,6)([27]7,17,3)([28]12,6,7)([29]14,27,4)([30]20,23,4)([31]29,20,4)([32]22,26,4)([33]24,2,4)([34]4,30,2)([35]20,22,4)([36]33,3,7)([37]28,34,4)([38]34,22,5)([39]36,35,3)([40]16,38,7)([41]15,17,6)([42]4,0,4)([43]36,40,5)([44]19,0,2)([45]37,25,3)([46]31,20,1)([47]29,34,3)([48]18,15,0)([49]12,47,2)([50]17,46,7)([51]15,46,3)([52]34,13,3)([53]37,23,6)([54]40,44,5)([55]36,6,4)([56]8,11,5)([57]23,4,1)([58]47,33,7)([59]25,47,7)([60]39,58,5)([61]7,3,1)([62]30,43,4)([63]45,41,6)([64]19,59,0)([65]18,46,0)([66]4,44,0)([67]25,2,0)([68]63,62,5)([69]10,22,5)([70]68,60,7)([71]32,5,1)([72]42,28,4)([73]62,16,3)([74]47,27,7)([75]46,23,7)([76]49,40,6)([77]25,17,1)([78]50,58,6)([79]70,54,2)([80]48,53,5)([81]32,15,7)([82]8,18,6)([83]12,70,2)([84]52,42,5)([85]82,74,1)([86]50,80,7)(79)
optimized area: 136.36
time: 577808 ms
{7,1,80,1,2,1,8}([7]2,3,2)([8]5,7,3)([9]0,6,4)([10]4,0,4)([11]6,0,6)([12]2,8,7)([13]3,0,6)([14]10,11,7)([15]10,8,7)([16]14,15,2)([17]4,13,7)([18]5,3,2)([19]12,16,7)([20]12,17,6)([21]19,1,7)([22]19,9,4)([23]3,4,2)([24]17,2,5)([25]18,13,7)([26]19,10,3)([27]20,19,2)([28]9,26,2)([29]9,18,6)([30]18,15,4)([31]26,15,5)([32]19,5,2)([33]11,18,2)([34]23,20,4)([35]32,30,4)([36]32,1,4)([37]24,24,3)([38]26,6,4)([39]34,30,4)([40]29,24,7)([41]4,13,3)([42]28,36,2)([43]40,31,7)([44]36,26,0)([45]15,39,4)([46]20,22,3)([47]38,36,7)([48]24,44,3)([49]46,36,2)([50]41,2,7)([51]33,36,6)([52]51,31,5)([53]32,29,4)([54]0,7,5)([55]6,3,3)([56]28,48,7)([57]0,29,6)([58]43,52,5)([59]52,11,3)([60]3,19,1)([61]46,60,2)([62]5,27,1)([63]8,40,1)([64]50,52,3)([65]15,2,1)([66]0,49,7)([67]64,28,3)([68]54,63,6)([69]5,4,3)([70]14,32,6)([71]28,58,7)([72]58,39,2)([73]38,28,2)([74]32,14,3)([75]72,66,3)([76]34,44,0)([77]48,72,5)([78]35,33,3)([79]75,67,5)([80]39,65,2)([81]55,78,1)([82]15,58,2)([83]8,18,5)([84]75,67,2)([85]18,36,3)([86]79,18,7)(86)
evaluations: 23538143
first invidual area: 138.22
{7,1,80,1,2,1,8}([7]2,3,2)([8]5,7,3)([9]0,6,4)([10]4,0,4)([11]6,0,6)([12]8,2,7)([13]0,3,3)([14]10,11,7)([15]10,8,7)([16]14,15,5)([17]13,4,5)([18]3,5,2)([19]16,12,4)([20]17,12,6)([21]13,4,3)([22]5,19,5)([23]8,14,2)([24]15,1,0)([25]9,19,4)([26]3,4,5)([27]26,20,4)([28]26,3,5)([29]18,9,3)([30]17,2,5)([31]24,21,5)([32]0,10,7)([33]3,2,1)([34]9,30,2)([35]18,31,7)([36]1,22,7)([37]11,16,3)([38]26,15,5)([39]35,27,7)([40]29,30,7)([41]40,31,1)([42]12,5,4)([43]40,24,7)([44]2,26,0)([45]26,21,4)([46]20,25,3)([47]37,45,0)([48]11,29,2)([49]46,36,5)([50]3,29,3)([51]36,48,6)([52]31,51,5)([53]22,21,3)([54]34,52,3)([55]38,28,3)([56]2,19,2)([57]25,53,7)([58]4,14,4)([59]2,28,2)([60]46,33,6)([61]1,51,0)([62]8,38,1)([63]43,52,5)([64]11,34,1)([65]48,38,2)([66]0,49,4)([67]48,57,3)([68]54,59,3)([69]56,13,2)([70]9,62,1)([71]34,36,7)([72]63,39,2)([73]59,37,5)([74]48,43,4)([75]66,72,3)([76]71,74,7)([77]51,10,0)([78]60,35,6)([79]75,68,5)([80]63,34,0)([81]49,52,5)([82]6,62,5)([83]58,56,0)([84]48,74,1)([85]60,2,6)([86]79,18,7)(86)
optimized area: 130.70
time: 976974 ms
seed: 1634710218
seed: 1634710239
seed: 1634710450
{7,1,80,1,2,1,8}([7]0,2,6)([8]3,5,7)([9]1,8,7)([10]2,6,7)([11]0,4,7)([12]7,1,3)([13]0,12,3)([14]4,5,7)([15]7,1,7)([16]14,10,4)([17]9,10,2)([18]3,15,2)([19]8,13,7)([20]1,18,4)([21]17,20,3)([22]1,0,2)([23]16,22,3)([24]7,14,2)([25]2,18,4)([26]19,21,4)([27]14,13,6)([28]15,24,5)([29]11,28,0)([30]19,25,2)([31]10,27,7)([32]3,10,2)([33]14,7,7)([34]11,26,3)([35]33,2,6)([36]35,30,6)([37]9,11,5)([38]17,36,6)([39]7,11,2)([40]21,34,4)([41]32,23,3)([42]6,23,4)([43]19,40,5)([44]43,16,6)([45]14,44,3)([46]37,26,2)([47]0,34,7)([48]38,45,2)([49]41,11,3)([50]21,23,3)([51]1,20,1)([52]39,39,3)([53]9,44,5)([54]49,31,4)([55]24,0,4)([56]17,3,1)([57]19,0,7)([58]45,44,4)([59]42,38,7)([60]46,54,2)([61]0,38,6)([62]36,23,0)([63]2,54,6)([64]57,51,1)([65]55,3,5)([66]23,5,4)([67]59,37,3)([68]48,60,7)([69]11,60,4)([70]67,68,7)([71]39,24,7)([72]26,3,0)([73]46,13,4)([74]49,3,5)([75]17,5,3)([76]57,65,5)([77]21,45,0)([78]60,39,3)([79]50,64,4)([80]75,7,7)([81]51,35,5)([82]77,67,0)([83]64,56,1)([84]61,13,7)([85]50,59,2)([86]79,27,6)(70)
evaluations: 23558030
first invidual area: 146.67
{7,1,80,1,2,1,8}([7]0,2,6)([8]5,3,7)([9]1,8,7)([10]6,2,7)([11]4,0,7)([12]7,0,3)([13]12,1,6)([14]4,5,7)([15]1,7,7)([16]10,14,4)([17]10,9,2)([18]15,3,2)([19]13,8,4)([20]1,18,4)([21]17,20,3)([22]1,0,2)([23]16,22,3)([24]14,7,7)([25]18,2,4)([26]19,21,4)([27]18,11,5)([28]6,23,4)([29]21,11,5)([30]19,25,2)([31]10,27,4)([32]0,12,4)([33]24,2,6)([34]13,0,7)([35]21,26,2)([36]33,30,6)([37]9,11,5)([38]17,36,6)([39]3,14,2)([40]13,12,6)([41]16,12,4)([42]23,39,3)([43]29,19,5)([44]16,43,6)([45]44,14,3)([46]26,37,2)([47]25,15,1)([48]38,45,5)([49]42,11,6)([50]8,18,3)([51]15,17,4)([52]45,49,3)([53]40,42,4)([54]49,31,7)([55]11,50,5)([56]25,18,3)([57]25,38,3)([58]54,8,7)([59]28,38,7)([60]46,54,5)([61]22,21,5)([62]48,47,4)([63]58,16,5)([64]50,60,1)([65]49,57,6)([66]3,18,2)([67]59,37,3)([68]67,60,5)([69]19,45,6)([70]48,68,4)([71]13,64,4)([72]67,67,6)([73]63,25,7)([74]50,2,6)([75]59,71,6)([76]30,4,3)([77]7,27,2)([78]50,25,5)([79]27,42,4)([80]25,29,1)([81]3,57,7)([82]59,7,6)([83]71,23,6)([84]36,2,1)([85]39,84,7)([86]41,0,4)(70)
optimized area: 137.28
time: 625645 ms
seed: 1634750780
seed: 1634750908
seed: 1634751325
NOT FOUND
time: 985260 ms
seed: 1634816324
NOT FOUND
time: 985575 ms
seed: 1634941220
NOT FOUND
time: 978262 ms
seed: 1635071233
NOT FOUND
time: 977180 ms
seed: 1635117544
seed: 1635117567
NOT FOUND
time: 533182 ms
seed: 1635166347
{7,1,80,1,2,1,8}([7]2,4,4)([8]2,6,5)([9]5,8,4)([10]6,3,7)([11]3,0,7)([12]10,3,6)([13]9,3,4)([14]10,5,2)([15]6,11,4)([16]12,8,4)([17]0,4,7)([18]2,11,7)([19]7,17,6)([20]3,18,3)([21]14,0,4)([22]13,19,3)([23]14,7,5)([24]19,5,4)([25]5,15,3)([26]16,1,7)([27]10,24,3)([28]8,14,4)([29]24,12,2)([30]22,27,2)([31]25,6,2)([32]13,2,4)([33]17,32,7)([34]32,1,7)([35]22,21,7)([36]11,34,5)([37]14,22,3)([38]7,27,2)([39]29,18,4)([40]23,8,7)([41]36,8,6)([42]21,31,6)([43]28,14,6)([44]20,26,4)([45]2,38,4)([46]7,42,5)([47]25,44,6)([48]32,4,4)([49]47,23,7)([50]26,9,6)([51]13,49,7)([52]49,39,7)([53]32,35,2)([54]15,22,6)([55]48,35,4)([56]15,7,6)([57]24,43,1)([58]43,19,2)([59]30,40,0)([60]26,45,2)([61]46,53,3)([62]11,18,1)([63]14,52,0)([64]61,52,7)([65]60,52,1)([66]13,16,6)([67]0,12,5)([68]28,37,3)([69]1,59,5)([70]58,62,0)([71]46,21,6)([72]47,23,7)([73]47,48,3)([74]20,63,6)([75]74,29,3)([76]36,30,2)([77]4,71,5)([78]24,64,3)([79]66,15,7)([80]30,20,0)([81]51,65,7)([82]81,64,2)([83]2,21,1)([84]59,47,0)([85]63,53,2)([86]76,82,7)(86)
evaluations: 4452521
first invidual area: 163.56
{7,1,80,1,2,1,8}([7]4,2,4)([8]2,6,5)([9]3,5,7)([10]6,3,7)([11]3,0,7)([12]3,10,6)([13]9,8,7)([14]5,10,2)([15]0,10,4)([16]1,12,7)([17]2,0,7)([18]17,3,7)([19]7,17,6)([20]3,18,6)([21]15,15,4)([22]19,13,3)([23]7,14,5)([24]5,19,4)([25]5,15,3)([26]16,8,4)([27]10,24,3)([28]23,20,0)([29]20,10,4)([30]27,22,2)([31]28,27,4)([32]18,13,0)([33]32,13,4)([34]20,26,7)([35]12,24,5)([36]1,33,7)([37]14,9,6)([38]25,16,2)([39]35,32,4)([40]11,36,5)([41]34,25,3)([42]38,2,6)([43]27,7,5)([44]2,43,7)([45]44,44,7)([46]11,31,5)([47]43,11,4)([48]27,31,0)([49]41,28,5)([50]28,0,7)([51]17,22,1)([52]4,42,5)([53]41,22,3)([54]50,29,0)([55]41,17,4)([56]49,39,7)([57]49,13,7)([58]52,33,5)([59]52,15,7)([60]26,44,5)([61]52,50,3)([62]60,57,7)([63]23,24,4)([64]61,56,4)([65]23,5,5)([66]49,27,2)([67]53,57,4)([68]36,42,5)([69]40,40,7)([70]16,6,5)([71]33,35,6)([72]25,15,0)([73]44,54,4)([74]73,12,0)([75]22,68,4)([76]40,30,5)([77]57,46,1)([78]26,21,0)([79]1,56,1)([80]25,50,7)([81]58,62,3)([82]10,74,4)([83]64,62,5)([84]65,62,5)([85]42,22,7)([86]76,83,7)(86)
optimized area: 149.96
time: 694143 ms
seed: 1635215582
NOT FOUND
time: 531988 ms
seed: 1635263867
seed: 1635264903
seed: 1635268831
seed: 1635269105
seed: 1635269371
{7,1,80,1,2,1,8}([7]0,4,2)([8]7,2,7)([9]5,4,4)([10]9,9,3)([11]6,5,4)([12]2,5,6)([13]12,3,6)([14]0,1,4)([15]4,1,2)([16]8,1,3)([17]10,9,0)([18]9,11,3)([19]7,10,7)([20]13,15,7)([21]14,2,5)([22]14,11,3)([23]0,8,7)([24]16,22,4)([25]11,13,7)([26]5,25,5)([27]20,18,2)([28]20,24,2)([29]5,21,5)([30]6,27,7)([31]30,3,5)([32]20,21,6)([33]21,29,2)([34]17,5,1)([35]19,26,6)([36]8,17,7)([37]34,2,6)([38]25,36,2)([39]31,23,3)([40]32,0,2)([41]11,30,2)([42]2,3,3)([43]26,34,0)([44]41,22,5)([45]13,36,3)([46]35,0,6)([47]20,12,6)([48]3,41,6)([49]30,34,4)([50]21,46,2)([51]12,48,4)([52]37,9,7)([53]21,41,6)([54]23,24,5)([55]52,10,7)([56]52,37,4)([57]33,48,0)([58]39,1,5)([59]36,1,7)([60]38,49,3)([61]60,55,7)([62]26,32,2)([63]50,51,5)([64]42,17,3)([65]63,62,7)([66]28,39,5)([67]62,14,2)([68]50,66,7)([69]0,35,6)([70]59,9,0)([71]41,25,7)([72]61,65,3)([73]13,25,5)([74]4,53,4)([75]5,74,2)([76]72,68,7)([77]45,23,4)([78]55,6,0)([79]34,37,5)([80]25,15,6)([81]34,48,6)([82]59,40,5)([83]20,8,3)([84]38,15,0)([85]33,63,3)([86]61,14,1)(76)
evaluations: 39711996
first invidual area: 149.00
{7,1,80,1,2,1,8}([7]4,0,5)([8]7,2,4)([9]4,5,4)([10]1,1,2)([11]6,5,4)([12]2,5,6)([13]12,3,6)([14]1,0,4)([15]10,4,5)([16]1,8,6)([17]11,14,6)([18]9,11,3)([19]7,18,2)([20]15,13,4)([21]2,14,5)([22]6,0,5)([23]0,8,7)([24]17,16,4)([25]11,13,7)([26]5,25,5)([27]20,18,5)([28]20,24,2)([29]9,8,7)([30]6,27,4)([31]30,3,5)([32]20,21,6)([33]2,28,5)([34]32,26,5)([35]4,26,6)([36]30,3,1)([37]34,6,5)([38]25,29,2)([39]31,23,3)([40]20,38,7)([41]29,16,3)([42]29,38,0)([43]26,14,6)([44]35,35,0)([45]32,8,1)([46]35,0,6)([47]2,46,1)([48]3,43,6)([49]30,9,7)([50]21,46,2)([51]12,48,4)([52]9,24,5)([53]27,14,2)([54]1,45,2)([55]47,9,5)([56]30,26,5)([57]33,29,0)([58]48,54,7)([59]25,10,7)([60]38,49,3)([61]60,55,4)([62]13,40,5)([63]50,51,5)([64]2,2,1)([65]63,34,5)([66]28,39,5)([67]54,43,6)([68]50,66,7)([69]15,36,2)([70]55,4,1)([71]3,39,0)([72]61,65,3)([73]40,6,7)([74]61,42,1)([75]41,68,6)([76]72,68,7)([77]48,28,1)([78]56,2,2)([79]15,44,5)([80]19,61,3)([81]11,39,2)([82]29,4,0)([83]79,32,0)([84]34,47,0)([85]6,64,7)([86]1,38,5)(76)
optimized area: 129.76
time: 1067930 ms
seed: 1635426860
NOT FOUND
time: 989831 ms
seed: 1635534015
NOT FOUND
time: 993039 ms
seed: 1635598488
seed: 1635598543
{7,1,80,1,2,1,8}([7]2,0,4)([8]3,1,6)([9]4,2,0)([10]2,2,3)([11]2,8,7)([12]0,9,3)([13]5,10,5)([14]6,11,6)([15]0,3,4)([16]8,15,6)([17]13,5,7)([18]1,5,0)([19]5,12,1)([20]18,5,7)([21]13,14,4)([22]20,13,6)([23]6,8,6)([24]1,19,7)([25]23,14,2)([26]10,4,6)([27]6,16,4)([28]24,21,5)([29]21,3,4)([30]15,4,4)([31]28,27,4)([32]16,30,4)([33]11,7,3)([34]23,13,3)([35]19,28,1)([36]21,22,5)([37]29,6,6)([38]30,7,3)([39]18,8,4)([40]39,11,7)([41]26,23,2)([42]39,29,6)([43]23,35,3)([44]22,11,3)([45]30,7,5)([46]38,18,4)([47]44,28,2)([48]31,43,2)([49]15,45,2)([50]27,46,6)([51]47,48,6)([52]50,45,7)([53]37,23,3)([54]20,52,7)([55]47,5,6)([56]28,54,0)([57]35,12,0)([58]52,41,3)([59]12,46,1)([60]55,37,6)([61]40,29,6)([62]12,48,2)([63]47,49,2)([64]52,9,4)([65]52,61,0)([66]29,7,2)([67]26,44,6)([68]60,41,7)([69]11,18,2)([70]61,63,7)([71]58,68,5)([72]43,66,6)([73]32,6,4)([74]70,62,3)([75]26,52,2)([76]51,24,6)([77]5,0,4)([78]29,51,2)([79]71,74,2)([80]24,0,4)([81]35,7,1)([82]15,35,3)([83]20,73,6)([84]64,9,7)([85]27,36,4)([86]61,33,5)(79)
evaluations: 27411019
first invidual area: 141.48
{7,1,80,1,2,1,8}([7]6,2,6)([8]3,1,6)([9]4,6,0)([10]4,9,1)([11]2,8,7)([12]11,7,5)([13]2,4,0)([14]6,11,3)([15]0,3,4)([16]13,5,5)([17]8,15,3)([18]1,5,4)([19]15,5,4)([20]18,5,6)([21]16,14,7)([22]9,0,3)([23]12,9,6)([24]10,17,7)([25]0,13,4)([26]14,7,3)([27]17,6,7)([28]21,18,5)([29]21,3,4)([30]4,15,4)([31]18,23,0)([32]13,5,5)([33]30,16,0)([34]18,11,3)([35]16,16,0)([36]11,22,6)([37]20,5,5)([38]36,25,0)([39]25,30,3)([40]18,10,6)([41]29,6,6)([42]1,13,4)([43]28,27,4)([44]0,30,5)([45]25,30,5)([46]39,1,4)([47]34,28,2)([48]43,5,2)([49]15,45,2)([50]46,27,6)([51]7,23,7)([52]45,50,7)([53]2,41,3)([54]4,23,4)([55]47,5,6)([56]0,55,3)([57]55,41,3)([58]52,23,3)([59]45,0,7)([60]29,42,3)([61]46,22,7)([62]48,22,2)([63]47,49,5)([64]14,42,6)([65]12,61,5)([66]56,8,0)([67]36,63,6)([68]57,23,4)([69]2,54,6)([70]60,63,7)([71]58,68,5)([72]4,13,7)([73]69,64,4)([74]70,62,3)([75]1,26,7)([76]48,66,3)([77]14,28,5)([78]43,53,1)([79]71,74,2)([80]37,60,0)([81]4,32,0)([82]30,56,6)([83]60,6,5)([84]16,30,6)([85]44,9,5)([86]14,71,1)(79)
optimized area: 123.68
time: 1167321 ms
seed: 1635645928
{7,1,80,1,2,1,8}([7]3,6,7)([8]2,4,3)([9]6,5,4)([10]1,2,7)([11]0,4,4)([12]10,4,5)([13]12,12,1)([14]4,8,7)([15]13,0,6)([16]11,8,5)([17]15,1,4)([18]14,15,2)([19]2,16,3)([20]12,8,7)([21]3,0,4)([22]4,0,1)([23]17,7,3)([24]17,13,3)([25]24,18,3)([26]9,9,0)([27]9,25,7)([28]3,22,3)([29]25,23,7)([30]27,21,3)([31]5,30,1)([32]16,12,3)([33]15,29,2)([34]8,7,4)([35]17,30,4)([36]17,13,5)([37]11,35,6)([38]33,10,3)([39]34,33,7)([40]28,25,4)([41]39,37,7)([42]38,26,4)([43]32,42,2)([44]40,1,3)([45]27,1,3)([46]44,39,4)([47]41,42,2)([48]30,24,0)([49]47,21,7)([50]18,34,3)([51]18,44,7)([52]17,31,0)([53]22,48,7)([54]32,39,4)([55]8,32,0)([56]19,7,2)([57]44,24,6)([58]36,54,6)([59]48,50,5)([60]46,39,5)([61]47,5,6)([62]45,40,0)([63]51,0,5)([64]59,52,5)([65]13,5,2)([66]30,30,5)([67]43,65,4)([68]59,7,1)([69]56,37,3)([70]61,68,7)([71]53,69,6)([72]24,47,6)([73]6,12,4)([74]71,73,2)([75]70,63,2)([76]65,12,6)([77]17,4,0)([78]33,62,6)([79]45,8,4)([80]7,46,6)([81]25,2,7)([82]60,42,6)([83]71,61,6)([84]74,75,3)([85]16,20,1)([86]23,13,5)(84)
evaluations: 20507626
first invidual area: 152.27
{7,1,80,1,2,1,8}([7]6,3,7)([8]4,2,3)([9]5,7,2)([10]2,1,7)([11]4,1,1)([12]4,10,2)([13]11,8,5)([14]1,6,0)([15]0,12,6)([16]3,0,4)([17]14,15,4)([18]15,13,2)([19]0,11,7)([20]18,18,0)([21]15,2,1)([22]6,18,3)([23]17,7,3)([24]17,18,3)([25]24,12,3)([26]25,5,7)([27]6,26,4)([28]1,23,2)([29]23,24,7)([30]27,16,3)([31]11,30,7)([32]23,1,6)([33]15,29,2)([34]7,8,4)([35]17,30,4)([36]1,27,4)([37]35,19,6)([38]33,10,6)([39]34,33,4)([40]38,6,7)([41]13,2,6)([42]2,18,4)([43]37,39,4)([44]7,43,6)([45]32,25,7)([46]19,35,5)([47]43,40,2)([48]32,38,7)([49]31,34,4)([50]18,34,3)([51]19,41,6)([52]46,0,0)([53]1,33,6)([54]44,43,0)([55]20,6,1)([56]22,14,2)([57]46,7,2)([58]11,56,5)([59]30,50,5)([60]35,6,4)([61]47,5,6)([62]36,20,5)([63]29,40,3)([64]61,11,2)([65]63,11,3)([66]37,57,3)([67]58,56,5)([68]44,8,5)([69]54,4,4)([70]59,61,4)([71]31,66,6)([72]34,8,0)([73]6,10,7)([74]71,73,2)([75]65,70,2)([76]1,49,7)([77]3,40,4)([78]4,72,5)([79]72,51,5)([80]21,71,5)([81]77,11,5)([82]4,59,4)([83]12,52,1)([84]74,75,3)([85]50,27,2)([86]2,57,7)(84)
optimized area: 133.53
time: 1387222 ms
seed: 1635693688
NOT FOUND
time: 1068569 ms
