seed: 1633865821
NOT FOUND
time: 524555 ms
seed: 1633952795
NOT FOUND
time: 522302 ms
seed: 1634003443
NOT FOUND
time: 529104 ms
seed: 1634052222
{7,1,80,1,2,1,8}([7]0,5,2)([8]3,6,2)([9]7,8,7)([10]2,4,7)([11]3,2,7)([12]0,2,5)([13]4,9,2)([14]0,8,7)([15]0,13,5)([16]1,14,2)([17]11,7,6)([18]4,9,3)([19]1,9,6)([20]3,18,2)([21]19,2,5)([22]11,16,4)([23]17,22,6)([24]7,1,3)([25]22,15,2)([26]6,13,2)([27]9,26,6)([28]14,24,6)([29]5,20,7)([30]23,4,5)([31]30,6,7)([32]0,22,2)([33]19,29,0)([34]12,0,2)([35]23,14,3)([36]16,14,1)([37]17,5,2)([38]25,33,7)([39]30,24,5)([40]8,11,3)([41]10,6,6)([42]1,38,2)([43]5,17,6)([44]38,37,6)([45]10,35,4)([46]36,23,7)([47]43,42,5)([48]45,28,2)([49]28,38,6)([50]37,46,1)([51]8,26,1)([52]6,33,7)([53]52,5,3)([54]12,44,2)([55]49,50,2)([56]37,26,2)([57]20,40,7)([58]31,49,3)([59]26,43,3)([60]59,47,7)([61]54,45,3)([62]19,7,4)([63]27,29,6)([64]60,61,3)([65]46,26,7)([66]60,25,5)([67]58,63,3)([68]42,63,3)([69]64,67,5)([70]56,28,7)([71]6,25,4)([72]34,10,2)([73]17,69,6)([74]42,51,5)([75]14,67,4)([76]75,59,0)([77]21,16,0)([78]49,20,4)([79]39,6,7)([80]51,29,1)([81]79,15,1)([82]15,24,1)([83]45,54,6)([84]18,45,7)([85]24,34,4)([86]66,69,4)(86)
evaluations: 11166893
first invidual area: 125.99
{7,1,80,1,2,1,8}([7]0,5,2)([8]3,6,2)([9]7,8,7)([10]9,1,6)([11]3,2,7)([12]0,0,5)([13]9,4,2)([14]0,8,7)([15]0,13,5)([16]3,3,0)([17]11,7,6)([18]10,17,6)([19]14,1,5)([20]1,11,5)([21]5,17,2)([22]11,19,7)([23]22,17,6)([24]17,11,7)([25]15,22,2)([26]23,4,5)([27]24,6,4)([28]6,13,2)([29]16,5,7)([30]7,29,6)([31]26,6,7)([32]0,2,0)([33]2,7,5)([34]30,1,0)([35]14,23,6)([36]17,20,2)([37]35,4,7)([38]25,10,7)([39]36,11,7)([40]3,1,4)([41]35,20,2)([42]2,37,7)([43]22,3,7)([44]21,38,6)([45]41,38,6)([46]5,17,6)([47]10,14,2)([48]16,30,5)([49]34,31,3)([50]18,26,0)([51]7,0,5)([52]15,36,4)([53]36,7,0)([54]33,44,2)([55]3,36,5)([56]40,44,1)([57]39,3,6)([58]49,45,3)([59]28,46,3)([60]20,59,2)([61]37,59,2)([62]42,54,3)([63]34,55,3)([64]60,62,3)([65]1,20,6)([66]25,59,5)([67]49,24,5)([68]55,32,5)([69]64,58,5)([70]48,32,1)([71]63,26,7)([72]9,30,1)([73]19,48,4)([74]22,19,0)([75]19,51,3)([76]29,75,1)([77]30,72,5)([78]74,71,5)([79]69,66,4)([80]7,17,5)([81]38,32,5)([82]74,15,0)([83]19,14,4)([84]0,23,3)([85]39,57,4)([86]42,62,3)(79)
optimized area: 111.47
time: 690843 ms
seed: 1634166437
{7,1,80,1,2,1,8}([7]6,4,7)([8]1,5,3)([9]1,6,6)([10]2,9,6)([11]5,2,4)([12]0,5,4)([13]4,2,4)([14]12,2,5)([15]10,4,4)([16]2,11,1)([17]5,9,6)([18]12,1,7)([19]14,9,4)([20]16,18,3)([21]6,5,4)([22]20,17,7)([23]13,22,4)([24]12,8,4)([25]5,22,0)([26]5,7,5)([27]11,11,6)([28]25,14,7)([29]9,0,5)([30]13,21,7)([31]3,29,4)([32]21,19,1)([33]24,23,3)([34]12,4,3)([35]6,20,5)([36]6,3,5)([37]2,33,3)([38]37,21,2)([39]15,34,2)([40]19,26,6)([41]30,27,3)([42]19,18,3)([43]12,9,1)([44]15,40,4)([45]16,25,0)([46]37,30,3)([47]1,32,5)([48]18,36,4)([49]43,34,4)([50]7,23,3)([51]5,39,4)([52]48,51,7)([53]51,11,0)([54]43,21,4)([55]2,43,4)([56]44,31,2)([57]16,14,3)([58]2,32,5)([59]38,52,3)([60]49,52,5)([61]48,38,2)([62]7,15,2)([63]55,51,2)([64]13,11,6)([65]59,30,2)([66]15,35,2)([67]1,65,5)([68]29,44,1)([69]55,54,6)([70]33,48,6)([71]67,70,4)([72]47,11,2)([73]69,52,2)([74]26,34,2)([75]73,70,7)([76]17,59,0)([77]12,63,1)([78]71,72,4)([79]74,56,4)([80]56,78,4)([81]74,34,5)([82]77,69,2)([83]28,44,2)([84]54,53,3)([85]75,80,2)([86]10,17,3)(85)
evaluations: 44449646
first invidual area: 167.75
{7,1,80,1,2,1,8}([7]2,5,0)([8]1,5,3)([9]1,6,6)([10]7,9,6)([11]7,5,4)([12]0,5,4)([13]4,2,4)([14]12,2,5)([15]4,10,4)([16]9,15,4)([17]5,9,3)([18]12,1,7)([19]14,9,4)([20]11,18,3)([21]6,5,4)([22]17,20,5)([23]13,22,4)([24]12,8,4)([25]15,21,4)([26]5,25,5)([27]2,22,0)([28]15,12,5)([29]9,0,5)([30]24,10,5)([31]3,29,4)([32]3,3,3)([33]23,24,3)([34]31,9,5)([35]10,19,0)([36]6,32,5)([37]3,14,3)([38]33,21,5)([39]15,30,5)([40]19,26,6)([41]12,2,7)([42]41,26,4)([43]26,18,2)([44]15,40,4)([45]25,41,0)([46]8,32,1)([47]1,38,5)([48]18,36,4)([49]31,15,2)([50]26,14,2)([51]5,48,4)([52]39,51,4)([53]49,1,0)([54]21,2,4)([55]11,35,4)([56]44,31,5)([57]47,11,5)([58]57,11,0)([59]13,52,3)([60]8,37,3)([61]14,23,5)([62]40,17,4)([63]38,13,4)([64]63,4,7)([65]59,63,2)([66]33,0,2)([67]1,65,5)([68]10,8,0)([69]41,54,6)([70]33,48,3)([71]67,70,4)([72]9,5,4)([73]69,52,2)([74]24,0,1)([75]73,70,7)([76]41,9,2)([77]30,55,2)([78]71,57,4)([79]71,49,1)([80]56,78,4)([81]18,53,6)([82]57,57,7)([83]17,27,1)([84]70,67,7)([85]75,80,6)([86]72,34,2)(85)
optimized area: 156.04
time: 552112 ms
seed: 1634213749
NOT FOUND
time: 526853 ms
seed: 1634310829
{7,1,80,1,2,1,8}([7]2,5,4)([8]5,5,6)([9]0,2,3)([10]3,6,5)([11]5,6,6)([12]4,8,5)([13]12,3,4)([14]7,3,3)([15]0,13,6)([16]10,4,7)([17]15,6,6)([18]2,0,2)([19]0,7,5)([20]6,16,4)([21]7,18,7)([22]1,21,7)([23]0,10,7)([24]4,18,6)([25]5,2,4)([26]9,3,3)([27]10,26,5)([28]16,21,4)([29]10,23,0)([30]28,1,5)([31]20,9,4)([32]11,22,3)([33]12,23,5)([34]23,22,3)([35]30,20,4)([36]6,3,6)([37]12,14,1)([38]12,11,5)([39]14,20,7)([40]18,8,3)([41]32,17,7)([42]17,4,7)([43]27,21,4)([44]14,34,5)([45]19,38,0)([46]24,21,0)([47]40,39,4)([48]8,40,0)([49]30,36,2)([50]16,19,2)([51]3,9,1)([52]42,1,6)([53]18,33,4)([54]49,53,6)([55]31,4,4)([56]52,24,7)([57]4,10,3)([58]44,56,4)([59]47,43,3)([60]7,15,1)([61]50,58,3)([62]54,61,4)([63]40,10,7)([64]19,31,2)([65]56,61,4)([66]36,39,7)([67]41,59,3)([68]14,2,5)([69]38,10,3)([70]9,67,7)([71]62,28,3)([72]46,56,5)([73]54,70,7)([74]49,30,4)([75]51,74,5)([76]2,38,4)([77]66,48,0)([78]17,59,4)([79]42,28,2)([80]66,77,2)([81]1,51,1)([82]48,59,2)([83]41,29,1)([84]73,65,4)([85]15,66,4)([86]46,46,1)(84)
evaluations: 20175115
first invidual area: 153.69
{7,1,80,1,2,1,8}([7]2,5,4)([8]5,7,1)([9]0,2,3)([10]6,3,5)([11]5,6,6)([12]8,4,5)([13]3,12,4)([14]7,3,3)([15]13,0,6)([16]4,10,7)([17]15,6,3)([18]0,2,2)([19]7,0,5)([20]5,19,4)([21]18,7,7)([22]21,1,7)([23]10,0,7)([24]18,8,3)([25]4,24,4)([26]9,3,3)([27]10,26,5)([28]11,0,2)([29]10,18,6)([30]17,25,0)([31]16,6,4)([32]11,22,3)([33]22,31,0)([34]33,23,3)([35]2,17,6)([36]30,3,6)([37]1,25,5)([38]10,30,5)([39]9,24,7)([40]23,14,1)([41]32,30,4)([42]39,30,1)([43]27,21,7)([44]14,34,5)([45]14,31,4)([46]42,37,1)([47]1,15,1)([48]43,46,3)([49]37,36,2)([50]16,19,2)([51]12,23,5)([52]38,1,6)([53]18,51,4)([54]40,2,1)([55]0,33,4)([56]52,29,6)([57]24,45,4)([58]44,56,4)([59]57,43,5)([60]53,49,6)([61]50,58,6)([62]34,28,4)([63]20,30,0)([64]25,2,0)([65]56,60,4)([66]63,24,6)([67]41,59,6)([68]26,44,4)([69]62,66,3)([70]9,67,4)([71]51,18,1)([72]0,48,2)([73]61,70,4)([74]33,61,6)([75]34,10,0)([76]3,26,7)([77]39,37,2)([78]40,33,0)([79]72,24,7)([80]18,35,0)([81]73,0,5)([82]24,17,0)([83]78,53,1)([84]73,65,4)([85]23,37,7)([86]50,65,0)(84)
optimized area: 147.11
time: 630938 ms
seed: 1634351345
NOT FOUND
time: 528238 ms
seed: 1634400335
NOT FOUND
time: 531376 ms
seed: 1634449282
{7,1,80,1,2,1,8}([7]0,2,7)([8]3,5,6)([9]4,7,4)([10]5,3,4)([11]5,2,7)([12]9,10,6)([13]7,3,3)([14]6,8,7)([15]5,14,4)([16]15,1,2)([17]3,1,6)([18]1,10,2)([19]7,14,7)([20]11,19,6)([21]1,20,6)([22]9,18,1)([23]9,14,7)([24]5,9,5)([25]9,14,2)([26]16,0,4)([27]19,24,5)([28]17,19,4)([29]22,22,3)([30]26,2,3)([31]13,16,3)([32]19,1,3)([33]32,12,2)([34]31,15,5)([35]21,28,4)([36]35,9,0)([37]28,7,5)([38]2,33,3)([39]37,38,5)([40]21,18,3)([41]27,9,7)([42]38,34,1)([43]9,16,4)([44]41,15,5)([45]36,37,2)([46]33,31,0)([47]30,42,7)([48]5,37,3)([49]34,25,0)([50]45,47,6)([51]13,21,6)([52]11,8,2)([53]8,27,2)([54]40,39,1)([55]10,40,7)([56]44,51,7)([57]19,29,4)([58]6,52,2)([59]21,10,3)([60]27,54,4)([61]6,48,1)([62]44,60,7)([63]53,27,3)([64]52,43,7)([65]30,15,3)([66]38,56,7)([67]26,59,4)([68]32,16,3)([69]62,66,3)([70]16,43,3)([71]69,52,7)([72]31,0,7)([73]19,62,2)([74]24,20,7)([75]50,47,0)([76]60,22,2)([77]50,23,2)([78]0,39,4)([79]6,49,4)([80]2,58,5)([81]71,65,2)([82]24,67,0)([83]71,77,6)([84]45,35,2)([85]74,5,6)([86]44,53,3)(83)
evaluations: 14963851
first invidual area: 141.50
{7,1,80,1,2,1,8}([7]2,0,7)([8]3,5,6)([9]7,4,4)([10]5,3,4)([11]5,2,7)([12]1,3,3)([13]10,9,6)([14]6,8,7)([15]5,14,4)([16]1,15,2)([17]11,16,5)([18]12,14,6)([19]14,7,7)([20]11,19,6)([21]1,20,6)([22]19,1,3)([23]3,14,5)([24]10,19,6)([25]9,5,5)([26]0,16,7)([27]19,25,5)([28]19,12,7)([29]8,11,5)([30]3,7,3)([31]21,29,1)([32]10,1,2)([33]13,22,2)([34]28,7,5)([35]28,21,4)([36]16,0,3)([37]35,13,5)([38]2,33,6)([39]2,36,3)([40]21,32,6)([41]27,9,7)([42]9,25,7)([43]30,21,6)([44]41,15,5)([45]27,12,0)([46]34,44,2)([47]39,38,7)([48]47,0,3)([49]14,48,0)([50]29,48,6)([51]27,41,6)([52]7,5,1)([53]34,35,2)([54]30,40,1)([55]53,47,6)([56]44,16,3)([57]53,43,7)([58]36,7,0)([59]9,14,7)([60]14,49,1)([61]45,40,7)([62]44,61,4)([63]51,4,5)([64]55,59,2)([65]44,38,4)([66]65,43,7)([67]64,26,7)([68]42,58,1)([69]62,66,6)([70]15,44,0)([71]29,69,7)([72]62,58,7)([73]70,16,4)([74]22,37,4)([75]34,37,0)([76]16,21,1)([77]11,41,0)([78]77,33,4)([79]64,71,6)([80]0,18,0)([81]37,16,4)([82]37,24,1)([83]72,14,2)([84]61,12,5)([85]68,2,7)([86]44,39,3)(79)
optimized area: 135.88
time: 677391 ms
seed: 1634509560
NOT FOUND
time: 534353 ms
seed: 1634608777
NOT FOUND
time: 526839 ms
seed: 1635135648
{7,1,80,1,2,1,8}([7]3,4,4)([8]6,0,7)([9]2,7,4)([10]7,0,1)([11]0,4,3)([12]1,0,1)([13]5,6,0)([14]13,7,6)([15]8,7,2)([16]3,10,5)([17]11,2,7)([18]2,15,4)([19]14,12,4)([20]19,18,3)([21]11,8,5)([22]5,12,6)([23]10,0,6)([24]20,22,4)([25]21,10,5)([26]14,2,7)([27]12,17,7)([28]11,13,4)([29]21,20,2)([30]15,25,4)([31]29,26,7)([32]12,26,6)([33]3,31,3)([34]0,32,3)([35]5,34,4)([36]30,35,3)([37]34,17,1)([38]21,33,7)([39]27,9,5)([40]15,5,4)([41]35,33,2)([42]41,39,3)([43]38,36,7)([44]27,28,6)([45]11,5,4)([46]43,42,5)([47]38,41,7)([48]0,22,5)([49]20,23,2)([50]3,40,4)([51]36,2,6)([52]24,2,5)([53]10,10,4)([54]41,25,7)([55]10,8,2)([56]26,23,2)([57]18,53,0)([58]42,24,7)([59]54,49,7)([60]1,55,7)([61]28,15,2)([62]49,20,7)([63]47,62,2)([64]50,60,3)([65]4,57,4)([66]43,24,3)([67]31,63,7)([68]48,48,4)([69]64,53,7)([70]27,49,2)([71]25,64,1)([72]21,8,4)([73]69,24,2)([74]63,35,4)([75]20,48,6)([76]46,70,4)([77]51,47,0)([78]73,70,7)([79]74,46,0)([80]5,74,7)([81]80,55,0)([82]78,76,5)([83]43,71,3)([84]57,56,7)([85]2,11,5)([86]82,65,4)(86)
evaluations: 23413766
first invidual area: 162.14
{7,1,80,1,2,1,8}([7]4,3,4)([8]0,6,7)([9]1,4,0)([10]7,2,1)([11]4,0,3)([12]9,7,1)([13]12,11,7)([14]7,5,6)([15]7,8,2)([16]8,10,5)([17]2,3,2)([18]15,2,4)([19]1,14,7)([20]19,18,3)([21]11,8,5)([22]12,5,6)([23]10,0,6)([24]22,20,4)([25]21,10,2)([26]2,14,7)([27]13,2,7)([28]26,12,6)([29]20,21,5)([30]15,25,6)([31]29,26,4)([32]28,19,6)([33]3,31,3)([34]28,0,6)([35]5,34,7)([36]15,8,4)([37]26,7,7)([38]21,33,7)([39]27,37,5)([40]30,35,6)([41]35,21,2)([42]41,39,3)([43]4,0,6)([44]42,23,3)([45]38,40,4)([46]45,42,5)([47]4,20,0)([48]31,35,4)([49]23,20,2)([50]3,32,7)([51]15,37,3)([52]18,48,2)([53]51,36,4)([54]16,19,3)([55]0,48,3)([56]47,50,3)([57]9,13,2)([58]3,46,2)([59]25,24,4)([60]49,44,4)([61]42,54,4)([62]16,9,4)([63]50,39,1)([64]50,62,6)([65]35,63,4)([66]65,17,7)([67]10,49,2)([68]10,51,1)([69]39,52,6)([70]27,49,5)([71]67,27,1)([72]46,40,0)([73]64,24,5)([74]28,19,1)([75]18,4,7)([76]70,46,7)([77]14,63,5)([78]72,73,7)([79]47,0,2)([80]28,22,4)([81]68,80,3)([82]78,76,5)([83]34,48,3)([84]16,19,2)([85]56,15,4)([86]82,75,7)(86)
optimized area: 146.65
time: 663085 ms
seed: 1635184854
{7,1,80,1,2,1,8}([7]3,6,5)([8]2,6,6)([9]0,8,7)([10]0,4,3)([11]9,10,4)([12]5,7,4)([13]4,2,7)([14]1,11,7)([15]3,13,7)([16]15,7,2)([17]16,9,3)([18]13,9,4)([19]18,14,6)([20]17,5,4)([21]12,7,7)([22]11,15,5)([23]19,6,7)([24]10,20,4)([25]5,14,2)([26]24,12,5)([27]26,3,5)([28]8,3,7)([29]23,25,4)([30]17,25,5)([31]24,3,7)([32]0,5,5)([33]2,19,4)([34]0,30,5)([35]27,8,4)([36]34,14,2)([37]33,29,7)([38]36,26,3)([39]14,12,3)([40]39,31,3)([41]23,8,3)([42]18,40,4)([43]42,23,3)([44]33,22,3)([45]17,23,0)([46]30,44,6)([47]15,36,3)([48]5,29,0)([49]7,26,6)([50]32,41,1)([51]38,43,2)([52]13,23,5)([53]29,35,6)([54]41,51,4)([55]6,17,2)([56]51,31,0)([57]34,4,6)([58]53,32,4)([59]57,54,3)([60]11,53,2)([61]26,15,0)([62]45,42,6)([63]11,59,4)([64]3,63,6)([65]23,9,6)([66]53,27,2)([67]58,42,2)([68]53,31,0)([69]49,2,5)([70]58,5,4)([71]3,14,6)([72]0,49,4)([73]13,72,4)([74]30,1,0)([75]12,67,6)([76]43,26,5)([77]11,49,6)([78]58,63,7)([79]41,4,0)([80]61,59,5)([81]24,14,0)([82]23,64,4)([83]52,46,2)([84]78,46,3)([85]17,36,0)([86]55,21,0)(84)
evaluations: 44295026
first invidual area: 146.66
{7,1,80,1,2,1,8}([7]6,3,5)([8]2,6,6)([9]0,8,7)([10]0,4,3)([11]9,10,4)([12]5,7,4)([13]4,2,7)([14]1,11,7)([15]13,3,7)([16]7,15,2)([17]9,16,3)([18]13,9,4)([19]18,14,6)([20]10,5,4)([21]4,8,0)([22]15,1,5)([23]19,6,7)([24]17,20,4)([25]5,14,2)([26]24,12,5)([27]26,3,5)([28]10,1,1)([29]23,25,4)([30]17,25,5)([31]24,3,7)([32]8,11,6)([33]3,21,1)([34]0,30,5)([35]27,8,4)([36]34,14,2)([37]7,21,1)([38]36,26,3)([39]36,12,3)([40]39,31,6)([41]23,8,6)([42]18,40,7)([43]42,23,3)([44]22,30,3)([45]16,13,0)([46]44,2,6)([47]20,8,0)([48]30,23,4)([49]27,17,1)([50]46,35,3)([51]38,43,5)([52]25,11,5)([53]29,35,6)([54]41,51,4)([55]17,29,5)([56]5,0,5)([57]34,4,6)([58]53,56,4)([59]57,54,3)([60]11,51,5)([61]6,60,4)([62]61,51,6)([63]59,11,7)([64]1,42,6)([65]27,1,4)([66]37,11,7)([67]34,24,0)([68]61,46,5)([69]59,33,6)([70]51,61,2)([71]56,59,6)([72]25,2,5)([73]64,42,4)([74]23,13,5)([75]17,21,1)([76]28,14,1)([77]23,48,4)([78]58,63,4)([79]44,57,2)([80]72,28,1)([81]10,3,3)([82]61,1,2)([83]36,27,2)([84]78,46,3)([85]61,31,5)([86]31,40,7)(84)
optimized area: 141.50
time: 549543 ms
seed: 1635324457
NOT FOUND
time: 986143 ms
seed: 1635615985
NOT FOUND
time: 1057646 ms
seed: 1635663702
NOT FOUND
time: 1057238 ms
seed: 1635711509
NOT FOUND
time: 1044026 ms
seed: 1635758725
NOT FOUND
time: 1052620 ms
seed: 1635805690
NOT FOUND
time: 1086928 ms
seed: 1635848880
{7,1,80,1,2,1,8}([7]5,1,5)([8]0,6,4)([9]8,4,5)([10]8,1,4)([11]7,4,3)([12]2,0,4)([13]9,3,7)([14]0,0,7)([15]12,11,6)([16]15,2,4)([17]4,15,6)([18]16,3,7)([19]10,18,5)([20]9,13,1)([21]10,13,5)([22]1,19,6)([23]3,17,7)([24]18,22,0)([25]20,19,2)([26]25,4,0)([27]12,2,7)([28]22,26,7)([29]21,5,5)([30]0,5,4)([31]13,9,1)([32]29,28,7)([33]18,2,5)([34]19,31,7)([35]29,18,4)([36]34,5,4)([37]29,33,5)([38]35,13,6)([39]7,1,2)([40]32,23,7)([41]26,34,3)([42]13,38,3)([43]26,4,6)([44]8,9,2)([45]12,10,3)([46]32,39,7)([47]6,29,5)([48]30,46,6)([49]40,8,1)([50]21,48,2)([51]33,22,3)([52]40,48,7)([53]47,51,2)([54]36,53,7)([55]41,54,0)([56]0,41,2)([57]49,32,4)([58]38,12,3)([59]19,58,7)([60]30,20,2)([61]35,41,6)([62]4,61,1)([63]46,31,4)([64]52,54,6)([65]14,27,5)([66]32,27,6)([67]7,33,1)([68]8,9,6)([69]50,56,7)([70]35,69,2)([71]22,1,5)([72]71,26,0)([73]16,48,3)([74]19,37,6)([75]21,54,0)([76]56,35,2)([77]12,22,5)([78]66,66,4)([79]44,52,3)([80]22,69,5)([81]64,70,3)([82]11,67,3)([83]31,81,6)([84]23,83,4)([85]69,3,7)([86]33,22,6)(81)
evaluations: 46318252
first invidual area: 135.41
{7,1,80,1,2,1,8}([7]1,5,5)([8]0,6,4)([9]8,4,5)([10]8,1,4)([11]7,4,3)([12]2,0,4)([13]3,9,7)([14]3,10,4)([15]11,12,6)([16]2,15,4)([17]4,15,6)([18]3,16,7)([19]10,18,5)([20]9,3,1)([21]10,13,5)([22]1,19,6)([23]3,17,7)([24]12,17,5)([25]20,23,2)([26]13,3,1)([27]18,13,0)([28]20,22,6)([29]21,5,5)([30]0,5,4)([31]29,23,1)([32]29,28,7)([33]2,27,5)([34]19,26,7)([35]29,18,4)([36]34,5,4)([37]18,34,3)([38]37,21,6)([39]7,1,5)([40]32,23,4)([41]25,34,3)([42]36,14,2)([43]39,32,5)([44]15,29,7)([45]37,44,4)([46]32,39,4)([47]6,29,5)([48]30,46,6)([49]19,0,5)([50]21,48,2)([51]33,22,3)([52]40,50,4)([53]47,51,5)([54]36,53,4)([55]3,22,5)([56]0,41,5)([57]29,29,3)([58]49,54,0)([59]56,14,1)([60]58,47,6)([61]55,56,7)([62]12,32,6)([63]38,2,5)([64]52,54,6)([65]56,2,3)([66]37,55,5)([67]35,6,1)([68]52,9,0)([69]50,56,4)([70]35,69,2)([71]66,66,5)([72]47,51,6)([73]16,49,6)([74]42,63,5)([75]5,1,5)([76]38,71,3)([77]28,46,2)([78]32,32,6)([79]55,67,4)([80]44,10,5)([81]64,70,3)([82]35,49,7)([83]58,48,7)([84]81,53,2)([85]65,60,7)([86]60,18,7)(81)
optimized area: 131.65
time: 1084398 ms
seed: 1635890918
NOT FOUND
time: 1073884 ms
seed: 1635927015
NOT FOUND
time: 1066888 ms
seed: 1635963267
{7,1,80,1,2,1,8}([7]4,5,2)([8]0,1,0)([9]5,8,7)([10]3,6,2)([11]1,7,4)([12]0,9,4)([13]12,11,7)([14]13,5,5)([15]10,1,3)([16]14,9,5)([17]2,16,7)([18]8,1,1)([19]0,10,0)([20]10,11,7)([21]3,14,4)([22]9,2,3)([23]0,16,2)([24]21,8,5)([25]17,21,5)([26]6,20,5)([27]4,25,4)([28]4,6,2)([29]10,9,7)([30]7,15,5)([31]13,23,4)([32]4,0,7)([33]17,29,4)([34]4,24,4)([35]34,23,0)([36]32,5,7)([37]21,12,0)([38]35,20,5)([39]27,32,1)([40]34,33,4)([41]18,11,0)([42]31,2,4)([43]32,7,4)([44]26,40,6)([45]44,42,2)([46]23,35,7)([47]42,19,6)([48]3,47,3)([49]18,1,7)([50]22,46,2)([51]48,37,2)([52]8,13,5)([53]18,34,0)([54]10,27,3)([55]46,42,6)([56]21,51,5)([57]54,36,0)([58]37,37,2)([59]6,9,5)([60]55,6,6)([61]43,54,6)([62]57,56,7)([63]0,36,7)([64]0,61,5)([65]45,33,4)([66]60,62,5)([67]61,65,4)([68]24,65,2)([69]14,30,2)([70]57,66,6)([71]30,66,5)([72]0,66,0)([73]68,8,5)([74]29,13,7)([75]68,23,6)([76]8,12,2)([77]17,65,3)([78]16,15,2)([79]27,2,4)([80]71,67,7)([81]41,63,7)([82]51,59,4)([83]57,55,5)([84]23,47,0)([85]31,46,0)([86]72,28,5)(80)
evaluations: 41424983
first invidual area: 145.74
{7,1,80,1,2,1,8}([7]5,4,2)([8]3,4,5)([9]5,0,7)([10]3,6,2)([11]7,1,4)([12]10,1,3)([13]11,5,4)([14]13,5,5)([15]11,10,7)([16]9,14,5)([17]2,16,7)([18]10,9,4)([19]11,2,0)([20]7,15,0)([21]14,3,4)([22]12,13,1)([23]0,16,2)([24]0,21,5)([25]17,21,5)([26]6,15,5)([27]4,25,4)([28]2,23,7)([29]16,8,3)([30]2,14,2)([31]3,18,3)([32]18,13,2)([33]17,18,7)([34]4,24,4)([35]8,7,2)([36]17,23,5)([37]23,34,7)([38]25,20,4)([39]8,14,3)([40]34,33,4)([41]28,32,2)([42]28,13,7)([43]38,0,7)([44]26,40,6)([45]42,44,5)([46]5,21,7)([47]42,0,6)([48]3,47,3)([49]44,33,3)([50]17,15,1)([51]26,49,4)([52]31,3,3)([53]42,37,6)([54]10,27,3)([55]49,52,7)([56]21,48,5)([57]24,34,4)([58]12,20,5)([59]56,22,6)([60]53,6,6)([61]54,43,6)([62]54,56,7)([63]47,37,6)([64]43,43,0)([65]45,33,7)([66]60,62,5)([67]61,65,4)([68]40,63,0)([69]41,14,7)([70]7,9,5)([71]58,66,5)([72]47,4,4)([73]66,60,2)([74]7,57,2)([75]9,17,7)([76]13,45,3)([77]47,28,3)([78]58,31,5)([79]38,50,4)([80]71,67,7)([81]71,11,6)([82]52,44,6)([83]25,58,6)([84]80,3,0)([85]4,82,3)([86]6,31,1)(80)
optimized area: 138.24
time: 1116464 ms
seed: 1635999157
{7,1,80,1,2,1,8}([7]3,5,4)([8]4,0,5)([9]1,3,4)([10]4,9,3)([11]5,1,2)([12]7,6,0)([13]10,2,2)([14]6,11,1)([15]11,0,6)([16]8,10,5)([17]3,2,7)([18]3,15,5)([19]14,1,3)([20]12,8,7)([21]0,13,2)([22]16,11,2)([23]20,9,4)([24]13,17,7)([25]6,16,7)([26]4,7,1)([27]12,11,6)([28]21,27,7)([29]6,1,7)([30]16,19,4)([31]0,4,6)([32]28,24,7)([33]28,31,4)([34]28,22,7)([35]12,31,3)([36]20,25,5)([37]4,11,3)([38]11,8,4)([39]19,20,7)([40]39,31,5)([41]25,38,6)([42]36,34,7)([43]1,5,1)([44]1,15,4)([45]8,0,7)([46]42,40,4)([47]42,33,2)([48]46,32,6)([49]2,44,3)([50]33,39,3)([51]25,25,2)([52]23,37,5)([53]0,21,0)([54]49,48,6)([55]50,49,3)([56]21,17,4)([57]29,11,1)([58]14,54,7)([59]11,48,1)([60]55,56,7)([61]6,9,2)([62]47,48,6)([63]29,30,2)([64]17,41,5)([65]48,55,4)([66]48,12,3)([67]23,49,7)([68]1,33,6)([69]66,4,6)([70]53,17,3)([71]60,48,7)([72]60,63,4)([73]54,46,2)([74]9,39,5)([75]6,5,1)([76]17,21,4)([77]71,41,7)([78]56,0,0)([79]63,34,1)([80]62,72,2)([81]57,42,5)([82]77,80,6)([83]1,58,6)([84]63,10,6)([85]5,26,1)([86]8,19,1)(82)
evaluations: 38569282
first invidual area: 156.52
{7,1,80,1,2,1,8}([7]3,5,4)([8]4,0,5)([9]3,1,4)([10]4,9,3)([11]1,5,2)([12]11,11,2)([13]10,2,2)([14]11,7,3)([15]11,0,6)([16]8,10,5)([17]3,2,7)([18]17,14,0)([19]16,18,1)([20]7,8,7)([21]13,0,2)([22]12,16,5)([23]0,2,5)([24]18,13,7)([25]6,16,7)([26]11,8,4)([27]22,23,5)([28]21,14,4)([29]6,1,7)([30]1,29,3)([31]0,4,6)([32]28,24,7)([33]28,31,4)([34]28,22,4)([35]21,27,1)([36]20,25,5)([37]33,29,0)([38]30,5,0)([39]30,20,7)([40]24,23,4)([41]25,26,6)([42]36,34,7)([43]39,31,5)([44]1,15,4)([45]3,6,3)([46]42,43,4)([47]42,33,2)([48]46,32,6)([49]44,2,3)([50]37,39,3)([51]31,6,4)([52]6,35,6)([53]42,40,5)([54]43,30,2)([55]50,49,6)([56]18,21,4)([57]51,52,6)([58]17,39,1)([59]29,0,6)([60]55,56,4)([61]45,15,2)([62]47,48,6)([63]29,19,5)([64]61,43,1)([65]15,35,1)([66]17,0,4)([67]60,54,5)([68]12,43,4)([69]12,20,6)([70]48,14,0)([71]60,48,4)([72]63,71,7)([73]11,4,3)([74]17,11,7)([75]38,8,6)([76]48,8,1)([77]71,41,4)([78]42,18,4)([79]21,56,4)([80]62,72,2)([81]66,61,3)([82]77,80,6)([83]30,3,5)([84]68,71,1)([85]16,27,2)([86]6,0,6)(82)
optimized area: 150.89
time: 1187338 ms
seed: 1636033751
{7,1,80,1,2,1,8}([7]0,6,1)([8]1,5,5)([9]6,1,7)([10]6,7,4)([11]1,3,4)([12]9,5,4)([13]0,11,2)([14]10,12,3)([15]10,7,3)([16]1,14,3)([17]16,10,5)([18]1,5,2)([19]2,3,3)([20]16,19,5)([21]16,14,4)([22]3,12,1)([23]15,0,7)([24]13,4,6)([25]23,1,3)([26]5,17,7)([27]0,1,5)([28]24,1,5)([29]18,14,2)([30]2,5,4)([31]24,12,7)([32]3,24,4)([33]20,11,3)([34]33,29,4)([35]30,28,2)([36]3,15,4)([37]27,12,2)([38]20,36,1)([39]10,29,1)([40]21,25,0)([41]36,4,4)([42]2,34,3)([43]26,15,1)([44]29,36,6)([45]44,22,4)([46]11,37,0)([47]37,15,6)([48]27,32,2)([49]48,9,3)([50]45,36,1)([51]20,4,6)([52]36,4,6)([53]32,42,7)([54]30,5,2)([55]54,2,2)([56]18,0,3)([57]49,43,6)([58]44,51,6)([59]35,58,7)([60]59,57,3)([61]5,7,3)([62]59,1,5)([63]48,43,1)([64]36,31,7)([65]30,36,7)([66]26,47,1)([67]31,5,4)([68]32,21,0)([69]68,21,1)([70]26,11,3)([71]12,25,4)([72]42,20,3)([73]60,70,2)([74]8,31,5)([75]22,49,6)([76]37,59,5)([77]7,30,3)([78]21,40,7)([79]76,15,2)([80]53,79,3)([81]42,17,3)([82]37,37,2)([83]80,60,2)([84]5,61,7)([85]54,45,5)([86]37,44,4)(83)
evaluations: 29960619
first invidual area: 115.22
{7,1,80,1,2,1,8}([7]3,1,5)([8]2,3,3)([9]1,6,7)([10]0,6,7)([11]7,9,0)([12]5,9,4)([13]3,1,4)([14]10,12,3)([15]10,6,3)([16]5,14,2)([17]2,5,4)([18]1,14,3)([19]13,0,2)([20]18,8,5)([21]15,6,0)([22]3,7,0)([23]1,0,5)([24]4,19,6)([25]4,20,6)([26]20,10,4)([27]22,14,5)([28]2,8,6)([29]1,16,2)([30]4,17,4)([31]1,24,5)([32]24,22,4)([33]28,17,1)([34]7,29,4)([35]31,17,5)([36]13,7,1)([37]12,23,2)([38]15,34,4)([39]15,22,4)([40]3,18,0)([41]34,39,5)([42]3,30,6)([43]38,30,3)([44]8,14,1)([45]21,32,2)([46]29,39,6)([47]34,2,6)([48]15,27,0)([49]45,9,3)([50]24,41,7)([51]24,37,2)([52]25,46,6)([53]36,20,1)([54]53,22,5)([55]7,28,7)([56]37,50,6)([57]49,26,6)([58]45,0,3)([59]35,52,4)([60]13,48,5)([61]37,59,5)([62]24,4,7)([63]13,41,2)([64]36,5,0)([65]37,26,3)([66]41,33,4)([67]46,65,1)([68]1,13,1)([69]18,46,3)([70]12,3,4)([71]59,34,7)([72]61,15,7)([73]32,47,4)([74]53,12,2)([75]50,37,7)([76]54,42,1)([77]4,36,2)([78]57,59,3)([79]61,21,2)([80]73,79,3)([81]4,59,4)([82]26,50,1)([83]80,78,2)([84]15,41,5)([85]23,44,4)([86]75,21,7)(83)
optimized area: 109.61
time: 1145042 ms
seed: 1636067760
{7,1,80,1,2,1,8}([7]3,5,3)([8]1,3,7)([9]4,0,4)([10]4,1,2)([11]6,6,5)([12]9,7,7)([13]12,5,0)([14]6,12,2)([15]10,9,5)([16]15,2,2)([17]8,13,2)([18]3,16,3)([19]11,7,4)([20]1,18,5)([21]18,11,4)([22]21,8,0)([23]16,1,7)([24]22,14,3)([25]8,23,2)([26]4,19,4)([27]24,3,2)([28]6,20,2)([29]6,7,7)([30]17,11,2)([31]2,1,4)([32]26,20,2)([33]25,12,1)([34]33,4,7)([35]18,9,2)([36]30,34,4)([37]2,1,7)([38]9,0,6)([39]11,1,5)([40]34,33,3)([41]35,27,3)([42]10,28,7)([43]24,38,7)([44]26,2,1)([45]5,30,1)([46]43,24,6)([47]44,39,4)([48]37,28,3)([49]5,36,5)([50]41,34,0)([51]35,19,7)([52]0,44,4)([53]21,36,4)([54]0,33,5)([55]2,41,7)([56]34,4,2)([57]44,48,7)([58]49,23,3)([59]20,57,2)([60]57,43,6)([61]24,7,6)([62]54,45,7)([63]43,22,4)([64]48,40,0)([65]28,56,1)([66]60,62,2)([67]49,55,7)([68]42,60,5)([69]24,35,5)([70]2,43,6)([71]67,61,3)([72]37,20,5)([73]20,56,7)([74]71,66,7)([75]39,8,4)([76]10,11,1)([77]66,45,7)([78]47,77,4)([79]24,36,7)([80]8,49,5)([81]15,64,6)([82]32,33,4)([83]43,24,5)([84]12,31,2)([85]60,31,1)([86]67,1,3)(74)
evaluations: 30930003
first invidual area: 133.05
{7,1,80,1,2,1,8}([7]5,3,3)([8]3,1,7)([9]4,0,4)([10]1,2,7)([11]9,10,0)([12]6,3,2)([13]0,6,2)([14]1,9,2)([15]4,14,5)([16]12,0,5)([17]2,15,2)([18]3,17,3)([19]6,7,4)([20]18,6,7)([21]8,11,5)([22]7,20,6)([23]1,17,7)([24]5,12,3)([25]23,8,5)([26]4,19,4)([27]19,21,5)([28]8,3,5)([29]28,6,2)([30]9,0,3)([31]0,30,5)([32]27,26,4)([33]22,24,0)([34]25,32,4)([35]18,9,2)([36]23,28,0)([37]5,26,3)([38]26,33,4)([39]13,20,6)([40]35,12,6)([41]31,34,7)([42]12,6,1)([43]39,30,7)([44]32,5,7)([45]34,2,5)([46]28,37,4)([47]6,7,2)([48]10,29,6)([49]5,34,5)([50]1,1,2)([51]13,19,0)([52]32,38,5)([53]34,45,5)([54]34,2,2)([55]2,40,4)([56]25,27,0)([57]26,48,4)([58]0,56,5)([59]54,40,5)([60]43,57,6)([61]5,58,4)([62]15,2,6)([63]10,12,1)([64]53,23,3)([65]10,32,3)([66]60,61,5)([67]55,49,7)([68]64,51,0)([69]19,44,6)([70]53,34,2)([71]67,22,6)([72]50,27,2)([73]64,30,5)([74]58,73,3)([75]8,49,5)([76]66,71,7)([77]44,3,3)([78]59,9,7)([79]73,39,4)([80]61,9,1)([81]72,13,2)([82]3,66,6)([83]56,24,3)([84]71,64,3)([85]8,2,5)([86]40,17,3)(76)
optimized area: 120.41
time: 1147738 ms
seed: 1636100778
NOT FOUND
time: 1067061 ms
seed: 1636133486
NOT FOUND
time: 1058179 ms
seed: 1636165848
NOT FOUND
time: 1051427 ms
seed: 1636196532
NOT FOUND
time: 1071420 ms
seed: 1636226499
{7,1,80,1,2,1,8}([7]0,0,5)([8]4,2,7)([9]4,8,6)([10]6,8,1)([11]9,5,4)([12]8,7,6)([13]1,11,2)([14]9,3,3)([15]0,7,5)([16]7,3,2)([17]14,13,7)([18]13,7,4)([19]6,16,4)([20]16,8,7)([21]19,3,4)([22]6,18,7)([23]2,12,6)([24]17,22,6)([25]5,18,3)([26]3,9,4)([27]0,8,3)([28]18,3,0)([29]17,16,0)([30]19,14,4)([31]26,13,3)([32]1,7,0)([33]14,4,7)([34]6,33,7)([35]17,20,2)([36]18,29,6)([37]3,32,7)([38]16,30,1)([39]9,37,0)([40]36,39,0)([41]8,11,4)([42]32,18,5)([43]1,40,1)([44]23,34,2)([45]37,40,3)([46]44,31,4)([47]0,5,4)([48]19,23,7)([49]32,27,4)([50]14,13,2)([51]34,47,5)([52]22,35,3)([53]51,22,3)([54]45,7,6)([55]51,52,5)([56]18,41,0)([57]42,48,4)([58]26,55,1)([59]7,57,5)([60]10,58,0)([61]37,6,6)([62]46,57,6)([63]25,62,4)([64]61,11,6)([65]35,35,6)([66]9,4,5)([67]8,5,4)([68]63,64,5)([69]54,55,6)([70]39,1,7)([71]55,60,3)([72]68,69,2)([73]44,34,4)([74]33,67,7)([75]40,21,7)([76]58,0,0)([77]53,66,7)([78]55,11,4)([79]26,52,4)([80]72,74,4)([81]5,78,6)([82]59,1,2)([83]24,17,2)([84]35,57,1)([85]80,62,6)([86]29,55,5)(85)
evaluations: 24613019
first invidual area: 145.26
{7,1,80,1,2,1,8}([7]0,4,1)([8]2,4,7)([9]8,4,6)([10]4,0,2)([11]5,9,4)([12]9,3,4)([13]11,1,2)([14]9,3,3)([15]1,0,1)([16]7,3,2)([17]14,5,2)([18]13,0,7)([19]15,0,0)([20]18,1,5)([21]6,19,6)([22]6,18,7)([23]10,2,6)([24]21,11,6)([25]16,6,4)([26]13,14,7)([27]26,15,0)([28]0,5,4)([29]16,8,7)([30]19,3,3)([31]12,13,3)([32]6,14,0)([33]14,4,7)([34]33,6,7)([35]26,29,2)([36]33,8,7)([37]16,24,2)([38]17,7,3)([39]27,35,3)([40]34,28,5)([41]1,27,7)([42]25,23,7)([43]38,10,0)([44]34,23,5)([45]36,5,4)([46]44,31,7)([47]38,34,2)([48]11,32,1)([49]23,9,5)([50]24,38,5)([51]0,28,7)([52]38,15,0)([53]38,30,6)([54]35,22,3)([55]40,54,5)([56]42,7,4)([57]20,42,4)([58]10,17,4)([59]47,50,1)([60]40,30,2)([61]31,34,1)([62]46,57,6)([63]38,1,6)([64]49,13,5)([65]11,3,7)([66]3,14,0)([67]59,28,5)([68]52,18,4)([69]53,55,6)([70]21,35,2)([71]2,24,4)([72]50,69,5)([73]46,22,2)([74]49,21,5)([75]73,58,3)([76]56,38,4)([77]50,69,0)([78]45,54,6)([79]0,78,1)([80]72,45,7)([81]0,42,6)([82]41,64,6)([83]38,55,3)([84]52,53,7)([85]80,62,6)([86]45,2,5)(85)
optimized area: 135.87
time: 1205056 ms
