seed: 1634024283
NOT FOUND
time: 528966 ms
seed: 1634073113
{7,1,80,1,2,1,8}([7]3,4,3)([8]3,6,4)([9]8,4,7)([10]6,8,3)([11]7,2,4)([12]5,10,2)([13]6,5,4)([14]10,11,7)([15]1,10,7)([16]12,0,5)([17]10,4,7)([18]17,9,2)([19]1,16,7)([20]9,14,7)([21]19,18,6)([22]1,16,6)([23]11,6,7)([24]0,14,4)([25]7,7,3)([26]12,23,0)([27]20,21,2)([28]27,26,7)([29]7,7,6)([30]21,2,5)([31]8,25,4)([32]14,18,5)([33]16,14,3)([34]5,30,5)([35]11,15,5)([36]25,5,4)([37]2,22,3)([38]3,37,6)([39]34,32,2)([40]21,30,2)([41]29,25,2)([42]28,29,6)([43]12,32,6)([44]42,35,4)([45]25,22,6)([46]44,19,3)([47]26,42,3)([48]33,5,3)([49]44,7,7)([50]18,47,2)([51]49,5,0)([52]28,0,7)([53]34,21,2)([54]45,5,1)([55]32,36,2)([56]31,53,5)([57]56,52,5)([58]19,36,1)([59]36,1,3)([60]2,46,2)([61]41,17,3)([62]13,60,2)([63]19,3,5)([64]21,13,3)([65]43,19,1)([66]1,16,4)([67]62,49,3)([68]23,63,5)([69]53,62,1)([70]57,43,2)([71]52,57,5)([72]55,58,2)([73]57,67,2)([74]27,21,3)([75]52,55,3)([76]73,55,4)([77]12,15,1)([78]15,30,6)([79]4,62,2)([80]49,29,1)([81]58,46,4)([82]55,67,0)([83]37,57,7)([84]6,74,0)([85]80,78,3)([86]63,84,6)(76)
evaluations: 16201264
first invidual area: 123.23
{7,1,80,1,2,1,8}([7]3,4,3)([8]6,3,4)([9]4,8,7)([10]3,6,3)([11]7,2,4)([12]10,5,2)([13]5,3,0)([14]11,10,7)([15]12,0,5)([16]1,0,3)([17]8,7,7)([18]14,17,2)([19]15,1,7)([20]14,9,7)([21]7,11,0)([22]19,18,6)([23]20,22,5)([24]11,11,5)([25]15,15,6)([26]1,14,7)([27]24,24,5)([28]12,23,4)([29]25,26,5)([30]19,17,6)([31]7,28,5)([32]22,6,5)([33]0,28,7)([34]2,18,7)([35]5,11,5)([36]5,13,2)([37]21,22,5)([38]35,16,2)([39]34,14,5)([40]29,14,0)([41]8,9,5)([42]11,26,5)([43]31,33,3)([44]10,8,4)([45]6,18,5)([46]41,43,3)([47]31,42,4)([48]5,21,4)([49]6,13,4)([50]38,3,2)([51]6,7,5)([52]46,47,5)([53]11,44,1)([54]7,39,5)([55]49,37,2)([56]30,35,5)([57]56,33,5)([58]17,42,1)([59]4,8,0)([60]8,40,7)([61]23,26,3)([62]2,55,2)([63]41,20,0)([64]28,26,7)([65]18,20,5)([66]1,22,7)([67]62,47,3)([68]14,57,3)([69]57,67,5)([70]19,65,4)([71]70,14,0)([72]52,69,0)([73]53,57,7)([74]48,65,5)([75]39,27,2)([76]69,74,4)([77]13,75,3)([78]42,16,4)([79]3,52,1)([80]5,26,0)([81]8,2,2)([82]65,65,7)([83]76,48,0)([84]9,80,5)([85]44,83,1)([86]62,66,6)(83)
optimized area: 107.29
time: 640400 ms
seed: 1634234618
NOT FOUND
time: 529351 ms
seed: 1634372170
NOT FOUND
time: 529903 ms
seed: 1634421189
NOT FOUND
time: 532155 ms
seed: 1634629497
{7,1,80,1,2,1,8}([7]1,0,2)([8]5,2,6)([9]7,2,4)([10]3,7,7)([11]2,9,2)([12]5,10,7)([13]5,11,2)([14]6,2,3)([15]4,10,3)([16]9,12,3)([17]6,16,7)([18]9,4,7)([19]1,8,7)([20]15,11,4)([21]13,17,6)([22]6,17,3)([23]4,17,4)([24]21,18,7)([25]23,8,0)([26]5,22,7)([27]26,10,5)([28]11,25,6)([29]25,3,4)([30]22,27,3)([31]25,10,3)([32]20,19,4)([33]32,25,1)([34]32,13,4)([35]24,15,2)([36]28,11,4)([37]27,36,5)([38]35,12,4)([39]14,30,7)([40]17,12,7)([41]33,38,6)([42]19,3,7)([43]12,13,0)([44]5,26,2)([45]0,42,6)([46]4,5,4)([47]3,45,2)([48]39,21,5)([49]41,0,2)([50]12,39,3)([51]41,31,4)([52]45,17,3)([53]14,32,7)([54]39,24,4)([55]21,13,5)([56]49,44,7)([57]28,53,4)([58]52,37,2)([59]30,7,6)([60]49,29,7)([61]37,59,6)([62]41,54,5)([63]47,60,3)([64]14,0,6)([65]50,45,6)([66]56,58,5)([67]13,35,4)([68]17,43,7)([69]61,12,6)([70]63,66,7)([71]44,32,4)([72]11,40,6)([73]71,9,7)([74]17,7,4)([75]17,10,7)([76]57,73,2)([77]72,3,7)([78]49,56,7)([79]14,25,4)([80]16,2,7)([81]62,11,6)([82]71,0,2)([83]3,47,3)([84]70,65,6)([85]4,69,3)([86]49,65,7)(84)
evaluations: 17277201
first invidual area: 149.94
{7,1,80,1,2,1,8}([7]1,0,2)([8]2,5,3)([9]2,7,4)([10]3,7,7)([11]2,9,2)([12]10,5,7)([13]9,4,4)([14]11,5,2)([15]10,4,3)([16]12,9,6)([17]16,6,4)([18]17,14,3)([19]8,1,4)([20]19,15,7)([21]19,10,0)([22]15,12,1)([23]4,17,7)([24]6,16,3)([25]12,2,3)([26]5,24,7)([27]10,26,5)([28]20,11,4)([29]14,27,5)([30]18,13,7)([31]14,21,3)([32]3,23,7)([33]27,19,7)([34]30,15,5)([35]25,8,6)([36]23,11,3)([37]36,27,5)([38]18,20,0)([39]25,27,7)([40]34,12,7)([41]28,40,6)([42]3,19,7)([43]6,39,3)([44]5,24,5)([45]42,0,6)([46]45,34,0)([47]39,5,6)([48]14,14,4)([49]41,0,2)([50]3,46,2)([51]35,16,7)([52]38,45,3)([53]13,21,2)([54]3,10,5)([55]37,52,2)([56]49,44,4)([57]10,11,5)([58]49,33,4)([59]55,38,5)([60]32,49,7)([61]59,16,4)([62]18,39,5)([63]21,43,4)([64]60,50,6)([65]17,24,5)([66]56,55,5)([67]45,43,6)([68]45,39,3)([69]58,43,6)([70]64,66,4)([71]59,65,1)([72]60,21,0)([73]27,34,4)([74]15,25,6)([75]12,54,0)([76]52,17,5)([77]41,66,3)([78]8,65,7)([79]18,20,5)([80]29,39,5)([81]45,55,2)([82]63,7,6)([83]60,58,4)([84]70,67,6)([85]63,29,6)([86]34,69,2)(84)
optimized area: 140.57
time: 693483 ms
seed: 1635156552
{7,1,80,1,2,1,8}([7]5,2,4)([8]6,7,3)([9]6,5,6)([10]3,9,6)([11]4,3,3)([12]10,1,3)([13]7,4,4)([14]0,11,2)([15]9,1,4)([16]0,15,2)([17]3,2,7)([18]13,16,6)([19]3,5,4)([20]5,2,2)([21]8,15,4)([22]3,5,4)([23]21,22,7)([24]13,14,2)([25]18,6,7)([26]21,11,2)([27]17,13,3)([28]2,26,6)([29]28,24,6)([30]27,16,4)([31]23,24,2)([32]4,11,3)([33]12,31,0)([34]31,25,7)([35]29,34,2)([36]20,34,4)([37]19,31,7)([38]36,27,7)([39]18,20,4)([40]14,12,2)([41]32,24,7)([42]40,30,6)([43]32,0,3)([44]3,36,0)([45]39,28,5)([46]35,23,5)([47]35,30,5)([48]43,36,6)([49]23,43,3)([50]7,40,2)([51]37,48,7)([52]40,37,1)([53]12,36,7)([54]43,29,0)([55]46,5,5)([56]34,11,3)([57]23,2,2)([58]47,51,7)([59]53,38,6)([60]7,7,6)([61]56,46,0)([62]50,58,6)([63]30,60,1)([64]25,47,4)([65]62,59,6)([66]61,29,7)([67]37,4,0)([68]25,38,3)([69]42,42,7)([70]47,43,1)([71]46,25,3)([72]18,53,7)([73]38,70,4)([74]28,11,2)([75]13,65,0)([76]12,61,0)([77]43,11,1)([78]12,34,1)([79]47,23,1)([80]64,4,5)([81]12,3,4)([82]63,20,3)([83]31,26,6)([84]31,59,5)([85]60,78,4)([86]56,24,5)(65)
evaluations: 24926077
first invidual area: 137.76
{7,1,80,1,2,1,8}([7]5,2,4)([8]7,6,6)([9]6,5,6)([10]3,9,6)([11]3,4,3)([12]1,10,3)([13]7,4,4)([14]11,0,2)([15]9,1,4)([16]15,0,2)([17]8,1,6)([18]16,13,3)([19]5,3,4)([20]2,5,5)([21]8,15,7)([22]3,2,7)([23]19,21,7)([24]13,14,2)([25]12,14,0)([26]11,21,2)([27]13,22,3)([28]2,26,6)([29]24,28,6)([30]27,16,4)([31]23,24,5)([32]6,18,7)([33]7,14,2)([34]31,32,7)([35]30,29,5)([36]34,20,4)([37]32,19,4)([38]27,25,7)([39]0,5,4)([40]36,12,7)([41]24,15,5)([42]23,16,3)([43]11,0,3)([44]19,14,0)([45]39,36,3)([46]40,28,3)([47]35,34,5)([48]0,10,2)([49]15,34,1)([50]43,6,6)([51]37,50,3)([52]51,47,7)([53]33,25,2)([54]39,44,5)([55]48,27,0)([56]42,44,3)([57]29,4,2)([58]40,38,2)([59]14,24,0)([60]25,33,6)([61]19,56,6)([62]53,52,6)([63]7,31,4)([64]34,42,5)([65]2,13,0)([66]50,53,3)([67]42,37,1)([68]38,1,2)([69]5,5,3)([70]20,69,1)([71]42,11,7)([72]58,62,6)([73]54,47,3)([74]27,57,0)([75]51,22,2)([76]8,69,0)([77]8,29,0)([78]57,44,7)([79]15,61,0)([80]11,1,0)([81]44,17,0)([82]58,81,1)([83]0,74,4)([84]44,52,2)([85]53,67,4)([86]23,31,4)(72)
optimized area: 126.97
time: 622496 ms
seed: 1635205622
NOT FOUND
time: 520640 ms
seed: 1635387677
{7,1,80,1,2,1,8}([7]3,4,4)([8]4,5,6)([9]4,6,4)([10]2,0,5)([11]1,2,6)([12]9,10,2)([13]3,9,7)([14]0,7,2)([15]0,4,5)([16]8,5,6)([17]15,16,7)([18]4,5,5)([19]13,11,7)([20]11,13,6)([21]15,1,4)([22]21,19,2)([23]7,17,2)([24]10,2,5)([25]21,1,2)([26]3,16,3)([27]25,20,3)([28]20,14,2)([29]12,2,4)([30]24,23,2)([31]8,22,6)([32]24,31,3)([33]24,21,6)([34]10,28,4)([35]13,3,3)([36]22,16,6)([37]1,14,2)([38]27,17,2)([39]35,22,4)([40]14,37,6)([41]23,27,3)([42]37,8,2)([43]38,39,2)([44]42,27,6)([45]31,34,5)([46]21,41,5)([47]26,39,3)([48]45,43,7)([49]14,24,7)([50]9,31,3)([51]23,29,6)([52]29,50,3)([53]30,36,5)([54]48,33,6)([55]47,54,4)([56]7,37,1)([57]7,10,0)([58]5,36,3)([59]52,19,6)([60]51,27,5)([61]50,49,7)([62]41,53,6)([63]26,2,7)([64]6,58,3)([65]2,35,6)([66]4,34,2)([67]66,61,4)([68]47,1,2)([69]48,22,5)([70]50,58,4)([71]67,44,2)([72]58,71,2)([73]19,34,4)([74]41,30,4)([75]70,8,3)([76]55,72,6)([77]22,27,4)([78]6,66,4)([79]36,64,6)([80]59,47,3)([81]61,29,1)([82]63,73,6)([83]18,10,2)([84]52,19,6)([85]74,78,1)([86]44,44,5)(76)
evaluations: 16540024
first invidual area: 131.63
{7,1,80,1,2,1,8}([7]4,3,4)([8]4,5,6)([9]6,8,7)([10]0,2,5)([11]1,2,6)([12]9,5,3)([13]6,7,7)([14]0,7,5)([15]4,0,5)([16]5,8,6)([17]16,15,7)([18]9,1,2)([19]13,11,7)([20]11,13,6)([21]1,15,4)([22]21,19,2)([23]16,3,3)([24]10,2,5)([25]14,24,5)([26]21,5,2)([27]22,8,6)([28]20,25,5)([29]3,13,6)([30]12,25,4)([31]18,20,6)([32]20,24,6)([33]12,28,7)([34]10,28,7)([35]20,26,3)([36]23,31,1)([37]21,24,6)([38]17,35,2)([39]22,29,7)([40]11,28,2)([41]39,23,6)([42]4,10,5)([43]39,38,5)([44]18,15,2)([45]34,27,5)([46]10,34,3)([47]27,22,2)([48]45,43,4)([49]39,1,4)([50]45,42,7)([51]38,18,3)([52]12,31,1)([53]12,22,1)([54]48,37,6)([55]41,54,7)([56]25,38,4)([57]35,25,0)([58]5,39,3)([59]49,6,6)([60]52,39,2)([61]35,43,3)([62]5,13,6)([63]46,19,4)([64]54,56,0)([65]21,54,0)([66]15,20,5)([67]42,30,4)([68]16,26,3)([69]24,48,1)([70]7,52,2)([71]67,31,2)([72]58,71,2)([73]13,58,4)([74]6,27,2)([75]3,14,5)([76]44,26,1)([77]29,52,7)([78]37,4,7)([79]66,23,1)([80]22,74,4)([81]55,72,6)([82]39,78,1)([83]2,39,2)([84]31,47,5)([85]73,57,5)([86]8,58,2)(81)
optimized area: 122.25
time: 1188671 ms
seed: 1635636347
NOT FOUND
time: 1074530 ms
seed: 1635683994
{7,1,80,1,2,1,8}([7]0,1,2)([8]5,6,5)([9]5,7,7)([10]3,0,4)([11]3,4,2)([12]4,6,7)([13]0,11,2)([14]9,2,7)([15]8,3,4)([16]13,5,7)([17]12,10,2)([18]14,15,0)([19]17,18,6)([20]7,14,1)([21]4,20,2)([22]5,3,2)([23]18,9,5)([24]18,11,3)([25]4,0,4)([26]20,12,4)([27]16,4,5)([28]4,3,4)([29]19,27,7)([30]1,6,6)([31]23,15,7)([32]17,24,5)([33]25,28,5)([34]26,33,5)([35]30,33,6)([36]16,3,4)([37]26,27,2)([38]4,27,7)([39]19,36,1)([40]37,1,3)([41]18,28,3)([42]32,37,3)([43]19,20,2)([44]21,42,4)([45]44,11,7)([46]1,29,3)([47]20,23,5)([48]1,2,7)([49]13,45,2)([50]49,48,3)([51]48,19,1)([52]6,14,6)([53]34,39,2)([54]50,53,5)([55]31,27,2)([56]36,30,4)([57]56,26,1)([58]37,38,2)([59]46,57,3)([60]18,3,3)([61]44,55,7)([62]11,0,5)([63]3,8,5)([64]4,23,3)([65]18,10,4)([66]30,7,1)([67]50,37,1)([68]57,11,5)([69]53,8,5)([70]8,67,0)([71]31,6,6)([72]61,20,5)([73]26,16,7)([74]27,60,1)([75]61,59,5)([76]45,18,2)([77]46,67,1)([78]11,41,6)([79]11,37,6)([80]27,73,4)([81]75,54,2)([82]22,81,0)([83]80,57,2)([84]75,53,5)([85]33,43,1)([86]5,65,0)(81)
evaluations: 20372277
first invidual area: 138.67
{7,1,80,1,2,1,8}([7]0,1,2)([8]6,5,5)([9]7,5,7)([10]0,3,4)([11]3,4,2)([12]4,6,7)([13]0,11,5)([14]9,2,7)([15]14,11,3)([16]5,13,4)([17]12,10,2)([18]3,8,7)([19]14,17,6)([20]10,7,1)([21]16,15,0)([22]7,7,1)([23]22,13,6)([24]2,14,5)([25]3,18,7)([26]20,5,0)([27]4,16,5)([28]12,7,7)([29]27,19,7)([30]1,2,7)([31]18,24,4)([32]20,12,0)([33]26,31,5)([34]28,33,5)([35]29,22,6)([36]6,21,4)([37]19,16,1)([38]17,15,5)([39]37,34,2)([40]31,27,5)([41]1,29,3)([42]38,35,3)([43]25,13,1)([44]21,12,1)([45]27,40,0)([46]4,22,5)([47]3,36,4)([48]41,2,6)([49]10,20,7)([50]23,30,3)([51]6,32,5)([52]3,22,6)([53]50,51,5)([54]50,39,5)([55]6,3,5)([56]54,5,2)([57]42,46,7)([58]56,49,2)([59]13,37,5)([60]40,54,3)([61]57,40,4)([62]5,28,5)([63]26,58,0)([64]55,27,6)([65]50,29,4)([66]10,28,6)([67]38,10,5)([68]65,13,1)([69]32,53,3)([70]9,36,6)([71]31,8,3)([72]41,47,3)([73]52,35,4)([74]47,4,5)([75]72,61,5)([76]46,71,1)([77]69,44,4)([78]13,5,0)([79]34,77,4)([80]72,21,6)([81]75,54,2)([82]51,64,6)([83]32,44,5)([84]4,69,1)([85]11,76,1)([86]38,42,7)(81)
optimized area: 120.85
time: 1220365 ms
seed: 1635731834
{7,1,80,1,2,1,8}([7]4,1,1)([8]2,5,3)([9]3,8,0)([10]0,8,7)([11]1,8,7)([12]6,4,4)([13]6,8,7)([14]10,9,7)([15]7,9,7)([16]1,14,7)([17]15,2,7)([18]7,14,3)([19]18,16,5)([20]15,5,2)([21]6,8,4)([22]12,5,7)([23]11,19,5)([24]0,1,4)([25]1,6,5)([26]18,5,7)([27]1,3,6)([28]19,10,7)([29]0,1,6)([30]26,28,2)([31]22,23,2)([32]31,29,3)([33]9,12,4)([34]30,17,7)([35]19,25,7)([36]20,32,3)([37]10,35,5)([38]0,19,4)([39]7,27,5)([40]33,36,2)([41]24,31,0)([42]35,13,5)([43]9,10,5)([44]32,24,4)([45]21,22,4)([46]39,18,3)([47]37,41,6)([48]24,47,7)([49]42,18,4)([50]36,30,6)([51]26,39,7)([52]37,43,5)([53]9,34,7)([54]37,24,2)([55]30,51,6)([56]45,48,3)([57]3,38,0)([58]24,1,3)([59]53,54,6)([60]59,32,0)([61]34,31,3)([62]4,60,3)([63]23,50,4)([64]20,57,3)([65]2,13,2)([66]16,9,3)([67]59,25,7)([68]24,31,2)([69]29,30,0)([70]27,43,3)([71]23,22,5)([72]49,55,6)([73]27,54,4)([74]63,40,4)([75]66,35,4)([76]47,61,3)([77]37,63,4)([78]67,72,2)([79]73,11,0)([80]37,56,4)([81]18,62,7)([82]9,7,7)([83]1,75,7)([84]74,78,7)([85]84,76,2)([86]59,65,3)(85)
evaluations: 19349287
first invidual area: 162.60
{7,1,80,1,2,1,8}([7]6,4,7)([8]5,2,3)([9]4,3,1)([10]0,8,7)([11]8,1,7)([12]11,6,0)([13]1,0,6)([14]10,3,7)([15]9,3,7)([16]1,14,7)([17]2,15,7)([18]9,14,3)([19]16,18,5)([20]7,5,4)([21]15,6,4)([22]2,11,6)([23]19,12,5)([24]10,11,5)([25]6,1,5)([26]5,18,7)([27]15,10,6)([28]19,10,7)([29]15,5,2)([30]26,28,2)([31]20,23,2)([32]29,31,3)([33]26,27,7)([34]30,17,7)([35]25,19,7)([36]32,13,3)([37]26,2,3)([38]28,37,5)([39]1,35,1)([40]36,21,5)([41]37,27,3)([42]35,6,5)([43]34,3,7)([44]2,18,1)([45]3,19,6)([46]2,19,4)([47]39,5,4)([48]44,7,0)([49]34,18,0)([50]36,30,6)([51]35,27,1)([52]21,42,5)([53]27,17,0)([54]53,48,0)([55]31,49,3)([56]51,24,6)([57]41,33,6)([58]56,38,4)([59]43,45,3)([60]32,55,6)([61]29,34,0)([62]45,6,5)([63]40,23,4)([64]25,2,1)([65]42,18,4)([66]17,15,7)([67]25,59,4)([68]65,67,0)([69]37,34,4)([70]8,51,1)([71]20,1,3)([72]68,33,6)([73]39,65,6)([74]63,50,4)([75]4,25,6)([76]56,55,3)([77]67,14,7)([78]67,72,5)([79]60,29,2)([80]76,30,1)([81]11,24,2)([82]44,1,3)([83]40,3,0)([84]74,78,7)([85]84,76,2)([86]22,43,1)(85)
optimized area: 149.47
time: 1438657 ms
seed: 1635779059
{7,1,80,1,2,1,8}([7]5,3,2)([8]5,4,3)([9]1,4,2)([10]1,0,6)([11]1,0,2)([12]9,10,4)([13]8,4,7)([14]8,2,6)([15]0,13,4)([16]2,5,7)([17]13,16,2)([18]5,12,3)([19]18,6,4)([20]9,2,6)([21]17,3,7)([22]10,21,6)([23]22,20,5)([24]8,12,4)([25]19,24,5)([26]19,14,6)([27]5,2,5)([28]7,9,4)([29]11,9,6)([30]19,29,4)([31]23,27,5)([32]6,20,6)([33]13,25,7)([34]32,21,4)([35]26,12,6)([36]32,5,2)([37]29,17,6)([38]32,37,3)([39]7,15,2)([40]21,25,2)([41]37,8,7)([42]20,1,2)([43]25,0,7)([44]7,8,4)([45]26,36,7)([46]17,13,4)([47]36,30,5)([48]19,13,0)([49]31,43,7)([50]30,46,3)([51]37,7,0)([52]38,49,5)([53]41,52,7)([54]52,41,2)([55]34,33,5)([56]37,54,4)([57]13,40,2)([58]14,44,3)([59]50,57,4)([60]53,32,6)([61]43,18,3)([62]56,31,6)([63]12,42,0)([64]59,39,4)([65]44,49,6)([66]33,33,1)([67]36,53,4)([68]40,38,4)([69]63,9,5)([70]34,26,6)([71]67,64,3)([72]37,44,6)([73]68,62,6)([74]63,38,3)([75]19,11,1)([76]27,62,7)([77]71,4,1)([78]73,52,4)([79]31,72,7)([80]78,71,2)([81]1,44,6)([82]8,9,3)([83]48,67,3)([84]23,9,7)([85]44,31,4)([86]52,85,1)(80)
evaluations: 17652338
first invidual area: 152.28
{7,1,80,1,2,1,8}([7]0,6,0)([8]5,4,3)([9]4,1,2)([10]1,7,6)([11]5,2,5)([12]9,10,3)([13]8,4,7)([14]12,5,6)([15]7,1,2)([16]5,2,7)([17]13,16,2)([18]13,14,1)([19]6,14,7)([20]9,2,6)([21]17,3,7)([22]10,21,6)([23]12,8,4)([24]17,23,3)([25]23,19,5)([26]22,20,5)([27]4,0,4)([28]5,3,2)([29]15,9,6)([30]19,29,4)([31]26,11,5)([32]20,6,6)([33]13,16,0)([34]16,5,3)([35]32,21,6)([36]5,32,5)([37]29,17,6)([38]32,37,3)([39]12,36,6)([40]25,21,2)([41]16,18,6)([42]24,7,6)([43]6,36,0)([44]31,7,0)([45]40,38,4)([46]2,24,5)([47]0,44,4)([48]23,5,5)([49]25,47,4)([50]20,33,7)([51]28,27,5)([52]38,49,5)([53]37,52,7)([54]41,30,3)([55]39,26,5)([56]8,36,5)([57]13,40,5)([58]22,25,2)([59]54,57,4)([60]22,6,1)([61]41,60,6)([62]56,44,6)([63]59,32,0)([64]59,51,4)([65]15,25,5)([66]62,60,4)([67]56,53,4)([68]34,11,6)([69]18,54,1)([70]28,53,2)([71]67,64,3)([72]11,4,2)([73]45,62,6)([74]15,0,6)([75]58,63,3)([76]2,68,2)([77]64,20,4)([78]73,52,4)([79]28,43,3)([80]29,27,4)([81]2,79,2)([82]71,78,2)([83]44,74,2)([84]46,56,6)([85]23,74,4)([86]64,9,1)(82)
optimized area: 137.72
time: 1391023 ms
seed: 1635825999
NOT FOUND
time: 1076174 ms
seed: 1635869178
NOT FOUND
time: 1058990 ms
seed: 1635911197
{7,1,80,1,2,1,8}([7]0,2,2)([8]6,0,2)([9]1,2,6)([10]6,2,4)([11]9,6,4)([12]6,4,4)([13]3,12,4)([14]11,10,5)([15]10,13,4)([16]9,4,5)([17]0,5,4)([18]0,6,3)([19]13,14,7)([20]11,17,5)([21]19,20,7)([22]21,1,7)([23]21,8,2)([24]23,3,4)([25]12,5,4)([26]15,2,4)([27]7,1,6)([28]24,25,5)([29]18,14,1)([30]29,11,7)([31]16,29,4)([32]28,26,7)([33]21,27,6)([34]25,33,6)([35]5,22,6)([36]34,31,4)([37]23,13,3)([38]17,28,5)([39]28,11,2)([40]6,15,3)([41]3,30,2)([42]35,25,2)([43]42,16,7)([44]22,11,6)([45]38,22,2)([46]37,41,3)([47]8,33,3)([48]42,26,2)([49]38,18,7)([50]38,15,2)([51]19,31,1)([52]18,31,2)([53]33,22,3)([54]53,45,5)([55]13,51,3)([56]2,17,3)([57]45,43,7)([58]5,33,5)([59]46,57,2)([60]50,36,5)([61]58,55,0)([62]54,5,6)([63]53,27,1)([64]11,33,5)([65]54,27,7)([66]9,18,1)([67]23,8,4)([68]42,31,4)([69]25,21,3)([70]59,60,7)([71]46,33,2)([72]66,63,6)([73]30,6,5)([74]27,34,5)([75]44,25,4)([76]54,66,3)([77]4,27,7)([78]77,15,5)([79]60,21,5)([80]77,8,2)([81]49,66,4)([82]48,74,0)([83]81,73,0)([84]61,19,7)([85]17,4,3)([86]81,55,7)(70)
evaluations: 16191510
first invidual area: 129.79
{7,1,80,1,2,1,8}([7]5,2,2)([8]6,0,2)([9]2,1,6)([10]2,6,4)([11]9,6,4)([12]4,6,4)([13]3,12,4)([14]11,10,5)([15]13,14,4)([16]4,9,5)([17]5,0,4)([18]0,6,6)([19]7,16,0)([20]11,17,5)([21]15,20,4)([22]1,21,7)([23]8,21,2)([24]10,13,4)([25]12,5,4)([26]22,5,6)([27]23,3,4)([28]27,25,5)([29]19,26,6)([30]18,11,7)([31]16,18,4)([32]26,1,0)([33]11,29,6)([34]25,33,6)([35]10,18,2)([36]34,31,4)([37]23,13,3)([38]28,17,5)([39]38,24,2)([40]12,19,5)([41]2,14,3)([42]12,32,5)([43]19,4,6)([44]30,27,2)([45]38,22,5)([46]12,12,7)([47]4,41,6)([48]25,22,0)([49]44,37,3)([50]31,33,4)([51]48,37,0)([52]42,40,3)([53]46,13,0)([54]16,45,4)([55]37,5,4)([56]29,26,5)([57]42,54,4)([58]41,23,4)([59]49,57,5)([60]36,39,5)([61]41,50,2)([62]2,28,3)([63]50,5,6)([64]63,8,4)([65]3,59,4)([66]64,16,0)([67]59,60,4)([68]32,59,7)([69]8,16,5)([70]58,65,7)([71]69,38,2)([72]48,56,1)([73]6,70,3)([74]36,68,7)([75]44,46,1)([76]15,53,5)([77]76,30,5)([78]67,7,2)([79]68,0,5)([80]55,60,6)([81]32,37,0)([82]42,74,1)([83]53,22,1)([84]50,81,0)([85]33,8,1)([86]3,30,6)(67)
optimized area: 126.98
time: 1301437 ms
seed: 1635947421
NOT FOUND
time: 1061650 ms
seed: 1635983619
{7,1,80,1,2,1,8}([7]3,6,5)([8]6,4,5)([9]5,6,2)([10]1,4,5)([11]2,9,5)([12]3,8,4)([13]11,8,4)([14]1,0,2)([15]7,12,6)([16]4,9,1)([17]16,5,2)([18]3,1,2)([19]18,2,7)([20]4,14,2)([21]0,11,4)([22]13,18,5)([23]10,19,5)([24]19,21,3)([25]8,14,7)([26]23,0,3)([27]22,20,7)([28]11,23,7)([29]12,5,4)([30]15,2,7)([31]26,17,6)([32]5,9,7)([33]7,31,2)([34]33,32,7)([35]14,11,4)([36]34,16,4)([37]16,21,4)([38]29,27,7)([39]10,19,0)([40]38,24,4)([41]25,21,3)([42]35,6,2)([43]30,6,0)([44]15,30,0)([45]7,32,6)([46]17,27,5)([47]40,10,0)([48]2,42,2)([49]39,41,1)([50]23,31,3)([51]45,10,6)([52]48,38,4)([53]47,48,3)([54]37,30,3)([55]27,53,3)([56]19,26,4)([57]27,36,4)([58]6,25,1)([59]42,33,2)([60]42,44,0)([61]57,57,4)([62]28,33,4)([63]57,29,0)([64]53,57,6)([65]1,10,7)([66]2,46,3)([67]25,5,5)([68]66,30,0)([69]54,65,6)([70]10,11,3)([71]63,35,4)([72]66,70,3)([73]2,39,0)([74]52,69,3)([75]64,74,4)([76]58,39,4)([77]59,30,4)([78]63,7,0)([79]51,57,5)([80]75,6,7)([81]33,41,2)([82]30,24,6)([83]41,6,5)([84]41,29,5)([85]60,73,5)([86]62,23,5)(75)
evaluations: 43518633
first invidual area: 136.82
{7,1,80,1,2,1,8}([7]3,6,5)([8]6,4,5)([9]5,6,2)([10]4,1,5)([11]9,2,5)([12]8,3,4)([13]7,2,7)([14]1,0,2)([15]11,8,4)([16]4,14,1)([17]5,16,2)([18]3,1,2)([19]18,2,7)([20]4,14,5)([21]0,11,4)([22]15,18,5)([23]7,19,5)([24]19,21,6)([25]12,7,3)([26]23,0,3)([27]22,20,4)([28]4,13,3)([29]12,5,7)([30]25,2,4)([31]26,17,6)([32]16,27,7)([33]31,10,5)([34]33,32,7)([35]23,22,7)([36]34,9,7)([37]31,29,7)([38]29,27,4)([39]14,11,4)([40]38,24,7)([41]37,9,6)([42]39,6,2)([43]17,0,5)([44]11,8,5)([45]4,21,7)([46]44,25,5)([47]7,40,5)([48]2,42,2)([49]15,9,6)([50]28,22,6)([51]1,10,2)([52]48,38,4)([53]40,48,3)([54]45,30,3)([55]42,20,1)([56]43,45,0)([57]5,36,4)([58]10,20,0)([59]28,35,6)([60]33,28,1)([61]6,7,4)([62]15,20,3)([63]4,61,5)([64]57,53,3)([65]21,2,0)([66]16,51,3)([67]31,37,4)([68]30,7,2)([69]54,51,6)([70]48,50,1)([71]2,66,5)([72]52,3,0)([73]15,8,4)([74]52,69,3)([75]64,74,7)([76]66,11,5)([77]74,39,7)([78]30,73,5)([79]39,41,2)([80]22,62,7)([81]55,27,1)([82]12,40,0)([83]78,12,0)([84]35,44,5)([85]5,52,1)([86]36,30,7)(75)
optimized area: 133.53
time: 1075325 ms
seed: 1636019462
NOT FOUND
time: 1059735 ms
seed: 1636054222
NOT FOUND
time: 1076617 ms
seed: 1636088130
NOT FOUND
time: 1052509 ms
seed: 1636121139
{7,1,80,1,2,1,8}([7]5,1,2)([8]4,7,6)([9]5,1,3)([10]2,7,4)([11]0,8,4)([12]0,5,7)([13]6,8,6)([14]3,6,4)([15]4,14,4)([16]2,5,2)([17]10,11,2)([18]3,5,4)([19]3,13,4)([20]16,6,2)([21]11,0,5)([22]10,13,6)([23]22,1,6)([24]6,23,4)([25]21,20,6)([26]16,12,6)([27]14,24,6)([28]18,21,4)([29]11,2,0)([30]4,27,7)([31]30,3,3)([32]30,25,3)([33]15,23,2)([34]14,1,1)([35]4,18,6)([36]17,28,7)([37]36,33,3)([38]16,25,4)([39]9,38,7)([40]26,35,6)([41]4,17,0)([42]34,9,7)([43]40,24,2)([44]29,19,2)([45]29,21,1)([46]21,0,6)([47]37,32,5)([48]19,5,3)([49]37,44,7)([50]44,43,4)([51]28,29,0)([52]12,12,6)([53]2,31,5)([54]53,42,2)([55]46,25,1)([56]42,11,7)([57]25,37,5)([58]4,21,1)([59]54,50,5)([60]47,59,7)([61]54,7,6)([62]1,8,4)([63]2,25,2)([64]4,8,1)([65]51,21,6)([66]43,65,2)([67]65,12,4)([68]25,2,4)([69]38,57,0)([70]15,14,5)([71]30,10,2)([72]23,22,3)([73]70,68,2)([74]1,55,5)([75]35,35,7)([76]62,43,4)([77]30,11,1)([78]62,17,6)([79]70,41,7)([80]34,12,2)([81]50,34,7)([82]5,77,3)([83]50,37,4)([84]60,65,7)([85]40,76,3)([86]21,24,1)(84)
evaluations: 34800787
first invidual area: 130.71
{7,1,80,1,2,1,8}([7]1,5,2)([8]7,4,6)([9]5,1,6)([10]7,2,4)([11]8,0,4)([12]5,0,7)([13]8,6,6)([14]6,3,4)([15]8,14,7)([16]6,2,2)([17]10,11,5)([18]3,5,4)([19]13,3,4)([20]5,16,2)([21]0,11,5)([22]13,2,6)([23]22,1,6)([24]6,23,4)([25]21,20,6)([26]12,2,6)([27]14,24,6)([28]21,18,7)([29]19,18,2)([30]4,27,7)([31]3,30,3)([32]30,25,3)([33]15,23,2)([34]25,7,0)([35]4,18,6)([36]17,28,7)([37]36,33,3)([38]13,36,3)([39]28,16,3)([40]26,35,6)([41]11,15,7)([42]34,31,1)([43]9,14,7)([44]11,19,5)([45]23,4,6)([46]13,33,7)([47]37,32,5)([48]20,45,6)([49]24,40,5)([50]44,49,4)([51]25,16,5)([52]32,14,4)([53]2,31,5)([54]53,43,2)([55]51,41,0)([56]45,47,7)([57]41,29,0)([58]46,9,1)([59]54,50,5)([60]47,59,4)([61]20,59,0)([62]25,49,3)([63]27,1,4)([64]13,13,0)([65]18,21,3)([66]59,9,4)([67]29,13,2)([68]18,5,5)([69]14,30,3)([70]11,53,1)([71]6,70,7)([72]43,51,5)([73]53,55,2)([74]0,48,6)([75]48,73,5)([76]27,26,1)([77]65,23,1)([78]66,46,4)([79]45,17,0)([80]50,16,5)([81]33,7,7)([82]80,28,0)([83]65,60,7)([84]33,25,4)([85]9,75,0)([86]22,54,5)(83)
optimized area: 127.90
time: 1130765 ms
seed: 1636153862
{7,1,80,1,2,1,8}([7]6,5,5)([8]0,7,7)([9]1,4,5)([10]1,2,4)([11]3,10,7)([12]9,6,3)([13]12,11,7)([14]3,12,0)([15]6,14,3)([16]5,0,4)([17]14,9,2)([18]14,1,4)([19]2,0,3)([20]9,7,4)([21]19,13,5)([22]11,13,0)([23]5,17,4)([24]16,4,0)([25]23,1,7)([26]13,5,4)([27]12,26,4)([28]7,2,4)([29]15,4,4)([30]9,4,4)([31]22,29,2)([32]29,0,6)([33]10,28,3)([34]0,29,6)([35]23,18,7)([36]15,8,6)([37]15,26,7)([38]4,21,6)([39]21,25,6)([40]23,30,5)([41]38,24,4)([42]29,38,6)([43]39,40,7)([44]29,22,7)([45]43,24,2)([46]22,11,1)([47]6,22,4)([48]20,28,2)([49]36,34,2)([50]33,41,0)([51]45,47,6)([52]27,9,6)([53]7,2,7)([54]6,7,5)([55]43,53,6)([56]20,26,3)([57]16,40,2)([58]21,24,7)([59]35,48,3)([60]56,31,3)([61]31,25,0)([62]59,51,5)([63]51,46,3)([64]10,6,4)([65]63,0,6)([66]33,41,3)([67]38,64,4)([68]14,40,2)([69]10,44,2)([70]51,36,7)([71]64,34,5)([72]49,18,5)([73]62,55,2)([74]20,73,2)([75]34,68,7)([76]72,49,3)([77]33,0,3)([78]32,73,3)([79]53,33,4)([80]8,54,6)([81]78,62,4)([82]12,59,3)([83]81,66,2)([84]48,9,4)([85]51,51,4)([86]46,44,5)(83)
evaluations: 44420690
first invidual area: 128.86
{7,1,80,1,2,1,8}([7]5,6,5)([8]0,2,3)([9]4,1,5)([10]1,2,4)([11]3,10,7)([12]9,6,6)([13]6,10,1)([14]7,2,4)([15]3,9,5)([16]5,0,4)([17]9,4,5)([18]2,8,4)([19]13,10,2)([20]12,11,4)([21]8,20,5)([22]11,3,6)([23]5,15,7)([24]2,18,4)([25]23,1,7)([26]6,3,6)([27]8,4,6)([28]22,23,2)([29]4,26,7)([30]21,25,3)([31]16,15,1)([32]29,0,6)([33]10,14,3)([34]32,13,5)([35]33,8,0)([36]25,3,4)([37]18,5,4)([38]4,21,3)([39]12,0,1)([40]23,17,5)([41]38,16,7)([42]35,32,5)([43]30,40,4)([44]39,39,3)([45]43,16,2)([46]2,34,7)([47]6,11,4)([48]14,40,1)([49]41,44,6)([50]35,41,3)([51]45,47,6)([52]15,18,7)([53]49,28,4)([54]21,17,6)([55]43,48,6)([56]47,23,1)([57]37,28,6)([58]18,18,1)([59]36,54,3)([60]47,40,5)([61]29,23,2)([62]59,51,5)([63]3,52,3)([64]28,8,0)([65]12,7,1)([66]17,4,0)([67]42,49,2)([68]48,11,1)([69]52,34,7)([70]69,44,2)([71]1,70,2)([72]31,30,7)([73]62,55,2)([74]37,7,3)([75]67,21,4)([76]58,29,7)([77]60,56,2)([78]32,73,6)([79]49,67,5)([80]33,8,7)([81]78,62,7)([82]45,22,0)([83]81,50,2)([84]37,3,4)([85]25,68,3)([86]81,53,7)(83)
optimized area: 112.90
time: 1082126 ms
seed: 1636186255
NOT FOUND
time: 1069681 ms
seed: 1636216923
NOT FOUND
time: 1075712 ms
seed: 1636246834
NOT FOUND
time: 1063640 ms
seed: 1636265980
{7,1,80,1,2,1,8}([7]3,5,0)([8]6,1,2)([9]4,1,6)([10]5,2,3)([11]4,6,4)([12]10,0,7)([13]12,9,4)([14]1,10,7)([15]6,5,5)([16]15,4,6)([17]3,13,6)([18]3,1,0)([19]3,16,7)([20]1,11,2)([21]15,2,2)([22]18,3,7)([23]13,0,5)([24]21,1,7)([25]24,5,2)([26]25,7,7)([27]23,11,5)([28]8,27,7)([29]2,26,2)([30]29,27,7)([31]30,0,0)([32]13,24,6)([33]14,31,0)([34]6,5,6)([35]17,33,5)([36]3,19,5)([37]12,8,6)([38]19,30,4)([39]29,36,1)([40]8,39,5)([41]28,38,2)([42]0,35,7)([43]21,41,3)([44]6,33,3)([45]19,7,1)([46]33,23,2)([47]30,42,7)([48]25,3,2)([49]35,43,7)([50]19,25,3)([51]41,46,4)([52]11,49,3)([53]52,10,4)([54]37,31,2)([55]50,54,4)([56]48,53,7)([57]7,19,6)([58]35,20,7)([59]2,17,4)([60]58,34,7)([61]59,48,0)([62]17,23,3)([63]23,6,7)([64]18,49,2)([65]56,62,1)([66]47,0,2)([67]3,53,6)([68]55,51,3)([69]60,67,5)([70]53,50,6)([71]18,30,4)([72]51,16,4)([73]65,60,4)([74]68,71,6)([75]37,62,4)([76]70,21,3)([77]3,37,4)([78]63,9,4)([79]75,39,2)([80]69,68,4)([81]42,74,4)([82]56,70,2)([83]45,55,4)([84]51,14,3)([85]24,32,4)([86]60,16,4)(80)
evaluations: 41040899
first invidual area: 133.54
{7,1,80,1,2,1,8}([7]6,4,4)([8]1,6,2)([9]1,4,6)([10]2,5,3)([11]1,7,5)([12]0,10,7)([13]10,12,0)([14]1,10,7)([15]5,6,5)([16]15,4,3)([17]9,12,6)([18]9,10,4)([19]3,16,4)([20]11,12,7)([21]15,2,2)([22]10,7,3)([23]18,0,5)([24]1,21,7)([25]24,5,2)([26]3,25,7)([27]7,23,5)([28]12,8,6)([29]2,26,5)([30]27,29,4)([31]27,30,2)([32]3,22,2)([33]8,27,7)([34]6,5,6)([35]17,14,5)([36]1,13,3)([37]30,28,5)([38]19,30,4)([39]21,20,5)([40]39,39,0)([41]38,33,2)([42]15,18,0)([43]21,41,3)([44]29,9,3)([45]19,26,4)([46]14,23,5)([47]8,1,6)([48]24,35,0)([49]46,43,2)([50]19,25,3)([51]41,46,7)([52]7,49,6)([53]52,10,7)([54]11,35,5)([55]50,37,7)([56]28,9,7)([57]20,51,6)([58]35,11,4)([59]39,58,6)([60]37,10,3)([61]34,58,7)([62]0,9,1)([63]16,9,4)([64]27,38,1)([65]35,30,5)([66]36,24,4)([67]3,53,6)([68]55,51,3)([69]61,67,5)([70]24,66,2)([71]34,63,1)([72]38,33,5)([73]4,22,7)([74]71,57,0)([75]6,0,5)([76]68,69,4)([77]73,50,0)([78]18,26,4)([79]42,22,0)([80]61,6,0)([81]73,27,1)([82]1,50,5)([83]35,67,3)([84]25,69,2)([85]8,25,4)([86]49,47,1)(76)
optimized area: 129.31
time: 1129405 ms
seed: 1636282664
NOT FOUND
time: 1076950 ms
seed: 1636299029
{7,1,80,1,2,1,8}([7]2,2,1)([8]2,5,6)([9]0,0,6)([10]4,3,4)([11]2,0,5)([12]1,0,2)([13]1,7,6)([14]3,8,7)([15]10,14,5)([16]13,0,4)([17]16,1,3)([18]6,11,7)([19]14,18,4)([20]14,0,0)([21]5,7,3)([22]21,15,4)([23]10,1,3)([24]12,11,7)([25]9,9,6)([26]10,24,5)([27]6,23,5)([28]5,11,6)([29]22,17,7)([30]14,13,3)([31]30,12,3)([32]22,19,7)([33]16,9,4)([34]29,19,5)([35]18,34,4)([36]12,35,3)([37]27,13,4)([38]9,35,4)([39]4,31,5)([40]2,26,4)([41]39,30,4)([42]25,23,4)([43]26,41,2)([44]19,43,3)([45]30,1,4)([46]36,23,0)([47]36,41,7)([48]22,38,2)([49]3,1,5)([50]23,40,7)([51]48,44,1)([52]5,13,7)([53]28,44,7)([54]40,1,2)([55]1,40,1)([56]3,18,2)([57]33,18,0)([58]56,31,5)([59]46,51,2)([60]0,41,7)([61]22,44,6)([62]18,60,3)([63]49,15,1)([64]56,7,3)([65]1,20,4)([66]5,12,3)([67]55,27,2)([68]46,65,7)([69]58,50,2)([70]67,17,0)([71]62,47,6)([72]19,49,0)([73]31,5,7)([74]47,28,0)([75]16,28,2)([76]34,69,5)([77]71,29,2)([78]50,76,2)([79]63,71,0)([80]24,40,3)([81]50,40,7)([82]55,31,5)([83]81,25,1)([84]53,77,4)([85]45,18,3)([86]84,78,3)(86)
evaluations: 4480215
first invidual area: 133.99
{7,1,80,1,2,1,8}([7]2,6,1)([8]5,2,3)([9]5,7,3)([10]3,4,4)([11]0,2,5)([12]0,1,2)([13]1,7,6)([14]3,8,4)([15]14,10,5)([16]7,0,7)([17]1,10,3)([18]11,6,7)([19]18,14,4)([20]1,16,3)([21]4,0,6)([22]18,14,2)([23]16,21,6)([24]11,12,7)([25]15,20,4)([26]24,10,5)([27]18,3,2)([28]14,13,3)([29]9,25,7)([30]21,18,3)([31]28,12,3)([32]19,19,2)([33]5,18,3)([34]29,19,5)([35]8,3,4)([36]31,4,5)([37]4,31,7)([38]9,16,6)([39]37,1,3)([40]2,17,4)([41]36,28,4)([42]12,34,3)([43]26,41,2)([44]16,0,4)([45]43,32,6)([46]31,27,5)([47]41,42,2)([48]38,2,0)([49]40,26,7)([50]46,42,5)([51]10,26,6)([52]38,18,1)([53]45,48,4)([54]12,11,2)([55]33,34,0)([56]37,32,0)([57]54,11,0)([58]42,57,3)([59]36,49,7)([60]36,59,7)([61]28,5,2)([62]50,12,5)([63]62,41,0)([64]57,56,3)([65]25,18,2)([66]28,19,1)([67]43,59,1)([68]22,67,7)([69]20,45,3)([70]63,58,0)([71]47,30,6)([72]71,12,0)([73]38,3,1)([74]14,38,2)([75]47,34,5)([76]35,5,4)([77]72,29,5)([78]50,49,2)([79]68,19,5)([80]54,61,0)([81]78,68,6)([82]21,21,3)([83]8,42,3)([84]53,77,7)([85]68,10,6)([86]84,78,3)(86)
optimized area: 121.79
time: 1351947 ms
seed: 1636315388
NOT FOUND
time: 1049334 ms
seed: 1636331635
NOT FOUND
time: 1038157 ms
