seed: 1633857354
{7,1,80,1,2,1,8}([7]0,6,7)([8]2,7,5)([9]6,5,4)([10]2,7,6)([11]4,6,7)([12]1,0,2)([13]4,12,7)([14]9,5,3)([15]14,1,4)([16]2,4,3)([17]8,5,3)([18]15,2,3)([19]1,17,1)([20]3,11,5)([21]5,1,7)([22]7,10,6)([23]8,3,6)([24]12,10,0)([25]0,18,3)([26]19,17,7)([27]13,25,7)([28]13,22,6)([29]11,18,7)([30]29,28,2)([31]10,9,4)([32]4,26,2)([33]9,12,0)([34]28,26,3)([35]24,27,3)([36]16,3,4)([37]9,24,4)([38]31,16,1)([39]2,12,5)([40]33,23,3)([41]40,20,7)([42]38,8,5)([43]36,35,5)([44]36,6,7)([45]21,39,2)([46]34,29,4)([47]30,43,7)([48]42,9,0)([49]20,7,0)([50]43,17,0)([51]28,46,3)([52]41,47,2)([53]51,44,6)([54]48,34,5)([55]8,12,7)([56]53,45,5)([57]39,31,0)([58]48,0,4)([59]56,28,7)([60]41,57,5)([61]51,59,1)([62]56,54,2)([63]52,62,7)([64]25,38,7)([65]1,9,2)([66]38,4,7)([67]2,19,4)([68]45,47,6)([69]40,29,5)([70]66,17,6)([71]64,36,4)([72]29,32,0)([73]47,2,1)([74]16,2,4)([75]22,23,0)([76]57,44,1)([77]10,16,6)([78]8,13,5)([79]15,14,4)([80]35,49,1)([81]62,73,0)([82]31,23,0)([83]24,73,2)([84]12,38,4)([85]50,17,2)([86]47,83,0)(63)
evaluations: 18345682
first invidual area: 135.39
{7,1,80,1,2,1,8}([7]6,0,7)([8]2,7,5)([9]5,6,4)([10]7,2,6)([11]6,4,7)([12]0,1,2)([13]12,4,7)([14]6,9,3)([15]14,1,5)([16]8,2,2)([17]8,5,6)([18]15,2,3)([19]10,7,1)([20]3,11,5)([21]1,5,7)([22]13,18,7)([23]13,21,4)([24]7,4,1)([25]5,8,1)([26]1,17,7)([27]2,4,3)([28]13,16,6)([29]11,18,7)([30]29,28,5)([31]24,9,5)([32]28,26,3)([33]8,3,6)([34]10,9,7)([35]0,0,2)([36]27,3,4)([37]12,0,0)([38]6,18,0)([39]12,22,3)([40]33,9,3)([41]2,17,5)([42]8,34,5)([43]36,39,5)([44]26,29,4)([45]21,31,2)([46]44,17,5)([47]30,43,4)([48]40,20,7)([49]47,48,5)([50]38,36,7)([51]46,15,2)([52]2,7,4)([53]44,50,6)([54]42,32,5)([55]33,8,4)([56]45,53,5)([57]18,51,5)([58]56,39,1)([59]52,16,6)([60]55,17,5)([61]22,16,4)([62]56,54,5)([63]62,49,7)([64]9,20,6)([65]8,14,7)([66]34,57,1)([67]45,29,7)([68]37,9,7)([69]10,2,2)([70]5,50,6)([71]15,51,6)([72]6,33,4)([73]12,66,1)([74]11,7,1)([75]66,61,7)([76]11,49,5)([77]25,52,4)([78]36,3,4)([79]59,1,5)([80]18,10,1)([81]2,33,4)([82]1,37,6)([83]44,41,0)([84]56,39,0)([85]74,22,0)([86]61,46,5)(63)
optimized area: 125.08
time: 628905 ms
seed: 1633944211
NOT FOUND
time: 528388 ms
seed: 1633971952
{7,1,80,1,2,1,8}([7]5,3,2)([8]6,3,5)([9]7,4,6)([10]9,1,4)([11]7,4,7)([12]9,0,0)([13]3,12,4)([14]11,8,3)([15]9,4,5)([16]14,5,7)([17]1,9,2)([18]8,16,5)([19]10,4,5)([20]10,9,5)([21]8,7,6)([22]6,8,2)([23]22,12,0)([24]13,6,6)([25]16,10,3)([26]8,0,7)([27]2,16,4)([28]26,0,2)([29]5,6,4)([30]4,19,6)([31]2,19,7)([32]17,4,6)([33]29,20,2)([34]13,1,2)([35]31,25,5)([36]10,19,4)([37]25,16,5)([38]12,29,7)([39]31,33,2)([40]33,27,3)([41]26,35,2)([42]24,15,1)([43]27,38,6)([44]31,39,5)([45]40,44,4)([46]2,28,4)([47]12,17,2)([48]46,23,5)([49]45,25,1)([50]43,24,2)([51]50,4,2)([52]26,16,4)([53]0,20,0)([54]16,46,4)([55]31,18,2)([56]25,40,1)([57]45,3,4)([58]21,12,4)([59]58,58,0)([60]3,58,5)([61]54,60,7)([62]38,27,6)([63]28,40,0)([64]25,29,7)([65]34,48,4)([66]13,58,2)([67]15,63,6)([68]23,5,5)([69]60,49,7)([70]51,46,0)([71]20,60,6)([72]53,71,4)([73]42,70,0)([74]65,57,6)([75]40,41,4)([76]71,74,6)([77]65,23,1)([78]47,74,4)([79]13,75,0)([80]50,75,3)([81]80,76,2)([82]19,55,7)([83]81,22,1)([84]23,61,2)([85]68,53,3)([86]60,16,0)(81)
evaluations: 17833649
first invidual area: 130.24
{7,1,80,1,2,1,8}([7]5,3,2)([8]6,3,5)([9]4,7,6)([10]9,1,4)([11]5,4,7)([12]4,10,5)([13]3,9,4)([14]11,8,3)([15]2,0,4)([16]14,5,7)([17]13,6,3)([18]7,17,5)([19]10,18,0)([20]19,12,5)([21]6,5,4)([22]21,20,0)([23]19,16,3)([24]10,14,5)([25]5,19,2)([26]10,15,2)([27]2,16,4)([28]19,27,5)([29]1,1,2)([30]20,21,2)([31]2,12,7)([32]7,28,4)([33]11,7,1)([34]8,0,7)([35]11,22,2)([36]27,17,6)([37]29,3,7)([38]1,21,7)([39]23,31,5)([40]6,26,5)([41]39,34,5)([42]31,30,5)([43]13,29,5)([44]29,10,0)([45]42,41,5)([46]13,19,1)([47]27,30,6)([48]38,37,3)([49]47,22,7)([50]6,6,5)([51]11,15,4)([52]11,36,2)([53]47,41,4)([54]24,2,3)([55]6,21,3)([56]53,13,4)([57]45,3,4)([58]2,5,2)([59]16,57,6)([60]27,48,3)([61]10,37,4)([62]53,22,1)([63]44,23,1)([64]24,62,4)([65]40,43,2)([66]20,17,6)([67]49,38,6)([68]37,60,0)([69]29,67,6)([70]15,61,4)([71]18,11,5)([72]7,45,3)([73]35,29,1)([74]65,57,6)([75]61,27,6)([76]47,46,5)([77]66,74,6)([78]3,27,6)([79]18,48,5)([80]52,53,3)([81]80,77,2)([82]30,74,0)([83]55,24,6)([84]62,70,2)([85]82,44,7)([86]50,68,4)(81)
optimized area: 105.86
time: 632310 ms
seed: 1633994833
{7,1,80,1,2,1,8}([7]2,6,4)([8]0,3,6)([9]8,5,6)([10]3,9,0)([11]1,4,4)([12]7,0,4)([13]3,11,7)([14]4,1,1)([15]5,14,3)([16]12,6,5)([17]4,6,7)([18]17,5,7)([19]5,2,4)([20]15,3,5)([21]4,5,5)([22]13,20,6)([23]21,17,2)([24]0,10,2)([25]12,13,4)([26]12,11,6)([27]23,9,4)([28]12,6,4)([29]0,13,7)([30]6,24,2)([31]1,16,4)([32]5,8,4)([33]1,9,4)([34]31,26,6)([35]32,18,7)([36]19,24,5)([37]20,29,3)([38]14,26,6)([39]9,12,4)([40]37,35,4)([41]27,32,4)([42]39,22,7)([43]39,4,3)([44]0,28,4)([45]28,26,5)([46]34,40,2)([47]27,1,4)([48]0,8,0)([49]10,8,5)([50]41,46,4)([51]29,33,2)([52]33,8,1)([53]43,41,5)([54]16,33,7)([55]34,21,5)([56]49,8,6)([57]42,18,3)([58]45,19,4)([59]44,25,2)([60]59,46,6)([61]50,40,2)([62]58,51,6)([63]17,17,6)([64]30,37,3)([65]61,60,3)([66]64,62,2)([67]19,30,7)([68]8,21,4)([69]0,29,6)([70]58,14,0)([71]57,65,2)([72]63,46,4)([73]37,3,6)([74]71,66,6)([75]74,67,4)([76]69,53,4)([77]29,68,7)([78]48,64,1)([79]0,15,6)([80]42,60,6)([81]75,48,7)([82]36,52,3)([83]36,79,3)([84]19,74,5)([85]32,4,4)([86]20,73,1)(81)
evaluations: 26672267
first invidual area: 177.61
{7,1,80,1,2,1,8}([7]2,6,4)([8]0,3,6)([9]5,8,6)([10]5,4,5)([11]1,4,4)([12]7,0,4)([13]6,12,2)([14]4,4,1)([15]14,5,3)([16]12,6,5)([17]14,6,4)([18]5,17,7)([19]2,5,4)([20]3,15,5)([21]12,3,7)([22]6,15,2)([23]17,10,5)([24]3,0,2)([25]11,21,4)([26]12,11,6)([27]9,23,7)([28]24,12,3)([29]7,25,7)([30]6,24,5)([31]1,16,4)([32]5,8,4)([33]1,9,4)([34]31,26,6)([35]32,18,2)([36]17,14,1)([37]20,29,3)([38]11,20,6)([39]9,12,4)([40]37,35,5)([41]30,19,7)([42]39,38,7)([43]41,38,3)([44]32,16,4)([45]19,35,0)([46]34,40,2)([47]27,46,7)([48]3,37,1)([49]25,2,2)([50]47,32,7)([51]29,33,2)([52]46,0,0)([53]9,8,5)([54]1,43,2)([55]31,6,3)([56]26,6,5)([57]42,18,3)([58]56,45,4)([59]53,42,1)([60]49,52,6)([61]50,40,2)([62]58,51,6)([63]37,24,3)([64]43,62,5)([65]61,60,3)([66]63,62,2)([67]21,3,6)([68]24,8,4)([69]31,21,7)([70]42,9,4)([71]57,65,2)([72]51,58,7)([73]42,32,6)([74]71,66,3)([75]74,41,7)([76]66,16,1)([77]58,15,7)([78]0,36,4)([79]30,64,0)([80]56,26,5)([81]75,0,4)([82]14,4,1)([83]53,81,7)([84]63,14,5)([85]22,3,5)([86]37,40,4)(81)
optimized area: 162.12
time: 624237 ms
seed: 1634043745
NOT FOUND
time: 532597 ms
seed: 1634157854
NOT FOUND
time: 531979 ms
seed: 1634205251
NOT FOUND
time: 536108 ms
seed: 1634254245
{7,1,80,1,2,1,8}([7]2,5,4)([8]5,1,7)([9]6,3,7)([10]1,9,2)([11]8,0,3)([12]1,5,6)([13]9,3,6)([14]2,12,2)([15]10,0,3)([16]7,15,4)([17]11,7,3)([18]17,16,7)([19]7,13,3)([20]15,9,1)([21]3,18,7)([22]9,2,4)([23]2,19,4)([24]4,12,7)([25]21,22,3)([26]14,21,2)([27]9,23,6)([28]9,8,3)([29]9,18,2)([30]24,25,4)([31]9,15,1)([32]10,3,6)([33]11,9,5)([34]19,11,6)([35]27,7,1)([36]32,30,2)([37]7,23,1)([38]34,13,7)([39]5,18,4)([40]14,36,3)([41]36,25,7)([42]39,26,2)([43]37,33,4)([44]23,43,6)([45]7,26,5)([46]41,6,6)([47]27,41,7)([48]39,28,3)([49]34,5,1)([50]28,1,6)([51]0,9,5)([52]12,7,1)([53]51,18,4)([54]19,47,7)([55]42,44,3)([56]19,15,0)([57]47,48,5)([58]57,38,3)([59]47,29,6)([60]43,39,6)([61]55,57,4)([62]37,0,3)([63]60,30,6)([64]61,63,3)([65]9,13,5)([66]23,8,3)([67]29,50,0)([68]63,42,6)([69]41,2,5)([70]56,58,6)([71]64,18,7)([72]33,41,4)([73]8,35,0)([74]19,47,2)([75]23,36,6)([76]14,37,2)([77]34,64,0)([78]30,31,2)([79]12,74,2)([80]59,65,0)([81]33,17,0)([82]5,5,4)([83]82,76,0)([84]2,1,3)([85]73,49,7)([86]39,50,3)(71)
evaluations: 47789341
first invidual area: 129.32
{7,1,80,1,2,1,8}([7]2,5,4)([8]5,1,7)([9]6,3,7)([10]1,9,2)([11]8,0,3)([12]1,5,6)([13]9,3,6)([14]7,12,2)([15]10,0,6)([16]7,15,4)([17]7,11,3)([18]17,16,4)([19]7,13,3)([20]3,3,2)([21]3,18,7)([22]2,9,4)([23]2,19,4)([24]4,12,7)([25]21,22,3)([26]14,20,2)([27]9,23,3)([28]9,8,3)([29]27,22,7)([30]24,25,4)([31]2,27,2)([32]10,3,6)([33]11,9,5)([34]24,12,4)([35]20,7,6)([36]32,30,5)([37]30,18,6)([38]22,12,4)([39]5,18,4)([40]11,35,3)([41]36,25,7)([42]18,26,2)([43]7,33,7)([44]23,43,6)([45]3,7,1)([46]43,43,2)([47]27,41,7)([48]39,28,3)([49]3,24,2)([50]33,18,2)([51]42,41,0)([52]42,19,2)([53]29,36,4)([54]5,30,3)([55]42,44,3)([56]37,28,1)([57]47,48,5)([58]11,56,1)([59]50,18,2)([60]46,39,6)([61]55,57,4)([62]3,8,6)([63]60,30,6)([64]61,63,3)([65]38,62,3)([66]53,49,6)([67]53,38,7)([68]10,14,5)([69]45,61,4)([70]55,37,3)([71]64,18,7)([72]46,16,0)([73]25,61,0)([74]25,12,2)([75]8,54,2)([76]12,68,1)([77]73,51,1)([78]56,2,1)([79]25,18,2)([80]25,75,4)([81]38,55,2)([82]30,16,0)([83]2,23,5)([84]37,5,6)([85]66,70,0)([86]0,57,4)(71)
optimized area: 127.45
time: 525195 ms
seed: 1634302290
NOT FOUND
time: 529430 ms
seed: 1634342828
NOT FOUND
time: 530603 ms
seed: 1634391752
{7,1,80,1,2,1,8}([7]3,5,2)([8]7,4,2)([9]5,6,7)([10]4,3,7)([11]1,3,6)([12]0,5,1)([13]10,12,7)([14]12,9,5)([15]11,6,6)([16]6,7,7)([17]16,4,4)([18]15,17,7)([19]1,14,2)([20]5,5,7)([21]19,3,2)([22]8,2,6)([23]17,6,5)([24]15,10,1)([25]22,15,3)([26]19,3,7)([27]16,26,6)([28]24,17,2)([29]25,3,0)([30]21,22,5)([31]8,24,3)([32]24,14,0)([33]18,22,4)([34]0,1,3)([35]31,9,4)([36]2,0,5)([37]1,12,1)([38]35,30,7)([39]4,27,7)([40]39,0,0)([41]37,36,5)([42]31,25,6)([43]10,2,5)([44]11,36,7)([45]18,13,5)([46]31,20,4)([47]34,19,4)([48]33,44,4)([49]46,32,1)([50]39,45,5)([51]50,38,5)([52]30,0,3)([53]33,21,6)([54]28,52,6)([55]50,41,5)([56]39,37,2)([57]10,35,4)([58]18,55,6)([59]32,1,6)([60]56,42,7)([61]51,48,3)([62]49,28,2)([63]61,5,7)([64]30,6,0)([65]13,55,4)([66]17,28,1)([67]63,29,4)([68]42,28,6)([69]30,29,4)([70]54,28,5)([71]33,67,4)([72]2,17,5)([73]58,34,7)([74]72,50,6)([75]12,63,6)([76]54,73,7)([77]49,67,3)([78]74,29,6)([79]76,43,5)([80]67,79,4)([81]32,27,1)([82]37,23,0)([83]47,66,1)([84]27,80,0)([85]22,43,1)([86]6,28,3)(80)
evaluations: 41504542
first invidual area: 144.76
{7,1,80,1,2,1,8}([7]5,3,2)([8]7,4,2)([9]6,5,7)([10]4,3,7)([11]3,1,6)([12]0,7,1)([13]0,10,4)([14]12,9,5)([15]6,11,6)([16]7,6,6)([17]15,4,7)([18]16,17,4)([19]1,14,5)([20]8,4,5)([21]13,18,5)([22]8,2,6)([23]15,8,7)([24]13,0,3)([25]22,7,0)([26]19,3,4)([27]16,26,6)([28]9,26,0)([29]26,3,2)([30]29,25,5)([31]26,1,4)([32]1,0,1)([33]18,25,7)([34]14,10,7)([35]23,9,4)([36]0,2,5)([37]2,10,5)([38]35,30,2)([39]4,27,7)([40]32,25,5)([41]28,0,3)([42]19,25,5)([43]0,1,3)([44]11,36,7)([45]33,8,6)([46]45,17,5)([47]3,37,4)([48]44,33,7)([49]23,34,6)([50]39,21,5)([51]50,38,5)([52]18,22,5)([53]37,23,4)([54]30,0,6)([55]50,40,5)([56]2,35,1)([57]30,9,4)([58]55,18,3)([59]42,57,3)([60]25,15,6)([61]51,48,6)([62]17,57,7)([63]61,60,4)([64]58,46,5)([65]33,44,5)([66]36,54,3)([67]63,5,4)([68]43,48,1)([69]38,23,1)([70]25,11,0)([71]62,43,7)([72]17,10,0)([73]58,43,5)([74]3,35,3)([75]70,20,1)([76]54,73,6)([77]8,40,0)([78]58,0,4)([79]76,37,5)([80]67,79,7)([81]34,51,2)([82]69,7,0)([83]62,82,5)([84]61,76,1)([85]58,73,7)([86]38,19,5)(80)
optimized area: 130.69
time: 558797 ms
seed: 1634440725
{7,1,80,1,2,1,8}([7]6,0,7)([8]4,1,2)([9]1,4,3)([10]3,5,4)([11]0,1,3)([12]6,10,7)([13]9,7,3)([14]5,1,0)([15]2,7,5)([16]12,13,7)([17]1,5,2)([18]2,1,3)([19]17,15,6)([20]4,19,6)([21]3,14,4)([22]2,15,6)([23]3,12,3)([24]15,20,1)([25]11,14,7)([26]15,21,5)([27]25,14,7)([28]0,14,7)([29]2,18,3)([30]26,27,2)([31]28,17,7)([32]2,18,3)([33]15,5,7)([34]29,26,2)([35]8,10,2)([36]20,16,7)([37]9,10,7)([38]37,36,7)([39]15,15,6)([40]8,27,7)([41]34,25,6)([42]11,7,3)([43]41,42,3)([44]22,24,7)([45]18,35,6)([46]40,34,7)([47]28,31,3)([48]47,39,7)([49]36,30,2)([50]30,23,1)([51]37,38,6)([52]36,51,3)([53]39,2,4)([54]35,2,3)([55]21,17,5)([56]46,54,5)([57]13,38,6)([58]56,28,2)([59]33,15,4)([60]7,21,6)([61]42,31,3)([62]29,0,6)([63]9,31,7)([64]58,53,4)([65]51,54,7)([66]62,26,0)([67]16,64,5)([68]33,57,4)([69]57,33,3)([70]69,32,4)([71]2,31,1)([72]20,20,1)([73]61,65,5)([74]55,30,6)([75]73,41,4)([76]4,4,0)([77]43,45,7)([78]2,59,2)([79]1,27,7)([80]6,14,0)([81]9,15,1)([82]43,28,5)([83]4,63,0)([84]75,67,2)([85]65,83,7)([86]54,58,4)(84)
evaluations: 33134309
first invidual area: 138.23
{7,1,80,1,2,1,8}([7]6,0,7)([8]4,1,2)([9]4,1,3)([10]5,3,4)([11]0,1,3)([12]6,10,4)([13]9,7,3)([14]12,6,2)([15]7,2,5)([16]12,13,4)([17]3,1,2)([18]10,15,5)([19]15,17,6)([20]4,19,3)([21]5,5,0)([22]5,11,1)([23]10,8,2)([24]12,17,4)([25]7,22,3)([26]18,10,7)([27]16,20,7)([28]25,17,1)([29]26,13,2)([30]12,26,6)([31]1,27,3)([32]1,2,3)([33]16,30,0)([34]32,18,2)([35]8,11,7)([36]10,9,7)([37]21,0,7)([38]35,32,1)([39]25,30,1)([40]16,16,2)([41]27,36,3)([42]13,18,3)([43]35,34,5)([44]20,1,5)([45]11,7,3)([46]43,37,5)([47]5,11,7)([48]29,21,1)([49]26,6,1)([50]7,13,1)([51]44,29,3)([52]15,2,5)([53]16,51,1)([54]46,43,3)([55]41,18,4)([56]2,34,6)([57]24,47,6)([58]47,34,6)([59]5,45,3)([60]4,55,4)([61]37,5,4)([62]2,23,6)([63]29,32,1)([64]47,21,6)([65]28,39,3)([66]46,52,4)([67]33,66,5)([68]62,41,7)([69]53,3,2)([70]10,46,0)([71]26,1,5)([72]44,25,5)([73]59,68,5)([74]42,71,7)([75]73,58,4)([76]3,61,7)([77]20,56,7)([78]53,50,4)([79]40,31,4)([80]75,67,2)([81]31,71,0)([82]1,22,7)([83]66,69,5)([84]23,76,6)([85]52,66,7)([86]38,77,3)(80)
optimized area: 106.81
time: 552617 ms
seed: 1634501020
NOT FOUND
time: 524626 ms
seed: 1634600217
NOT FOUND
time: 522401 ms
seed: 1634649002
NOT FOUND
time: 534590 ms
seed: 1634702919
NOT FOUND
time: 544953 ms
seed: 1634780531
NOT FOUND
time: 958102 ms
seed: 1634845696
{7,1,80,1,2,1,8}([7]1,3,4)([8]2,0,7)([9]6,4,6)([10]2,7,0)([11]1,8,5)([12]4,5,2)([13]9,8,2)([14]7,0,7)([15]12,10,7)([16]4,10,1)([17]4,15,7)([18]3,9,7)([19]13,6,3)([20]19,11,5)([21]12,18,7)([22]20,19,5)([23]12,20,1)([24]19,8,7)([25]4,18,1)([26]12,2,7)([27]7,11,3)([28]17,14,3)([29]10,18,6)([30]9,1,0)([31]8,1,1)([32]18,2,1)([33]16,15,6)([34]0,9,3)([35]3,6,5)([36]19,25,7)([37]28,29,5)([38]36,14,4)([39]7,37,4)([40]39,35,7)([41]25,9,0)([42]24,34,5)([43]26,1,4)([44]43,35,3)([45]22,21,3)([46]27,5,2)([47]26,35,6)([48]30,37,1)([49]13,43,0)([50]20,46,4)([51]3,2,4)([52]38,23,5)([53]40,46,4)([54]50,45,4)([55]10,31,7)([56]35,0,7)([57]11,40,4)([58]31,12,5)([59]47,42,4)([60]41,26,2)([61]27,10,6)([62]8,52,7)([63]22,24,2)([64]62,54,2)([65]59,53,6)([66]40,6,2)([67]63,64,4)([68]63,62,3)([69]67,47,6)([70]10,46,3)([71]18,8,3)([72]12,34,7)([73]69,65,6)([74]19,30,3)([75]4,34,4)([76]7,17,2)([77]47,14,3)([78]25,13,5)([79]47,73,1)([80]23,21,4)([81]44,24,3)([82]37,74,1)([83]48,16,2)([84]71,32,4)([85]61,3,1)([86]41,46,1)(73)
evaluations: 16753945
first invidual area: 142.44
{7,1,80,1,2,1,8}([7]3,1,4)([8]2,0,7)([9]4,6,6)([10]9,8,2)([11]8,1,5)([12]5,4,5)([13]3,1,6)([14]0,7,7)([15]11,10,6)([16]9,0,3)([17]11,7,3)([18]9,3,7)([19]10,6,3)([20]19,11,5)([21]8,17,2)([22]19,20,5)([23]2,12,4)([24]8,19,7)([25]20,16,3)([26]1,23,2)([27]4,13,1)([28]3,6,5)([29]26,14,3)([30]24,11,5)([31]9,27,6)([32]26,15,5)([33]17,5,2)([34]2,18,6)([35]3,6,5)([36]19,27,5)([37]29,34,5)([38]36,14,7)([39]7,35,7)([40]39,37,7)([41]24,5,7)([42]24,16,5)([43]18,12,5)([44]36,0,5)([45]43,22,3)([46]14,42,1)([47]23,35,6)([48]47,42,4)([49]34,45,5)([50]33,20,7)([51]35,50,2)([52]38,12,5)([53]33,40,7)([54]50,45,7)([55]17,8,5)([56]19,20,3)([57]7,36,6)([58]50,17,3)([59]34,47,2)([60]8,52,7)([61]10,30,7)([62]15,25,7)([63]49,28,5)([64]60,54,5)([65]48,53,6)([66]12,15,5)([67]30,64,4)([68]7,59,4)([69]47,67,6)([70]40,56,7)([71]6,27,5)([72]62,47,5)([73]62,68,3)([74]23,14,1)([75]1,55,4)([76]50,38,6)([77]45,75,7)([78]35,9,7)([79]42,21,2)([80]2,46,5)([81]80,26,2)([82]57,81,2)([83]58,54,1)([84]69,65,6)([85]2,83,7)([86]50,58,7)(84)
optimized area: 126.95
time: 1186096 ms
seed: 1635100294
NOT FOUND
time: 968139 ms
seed: 1635127127
NOT FOUND
time: 534739 ms
seed: 1635176099
NOT FOUND
time: 532488 ms
seed: 1635298692
NOT FOUND
time: 1045151 ms
seed: 1635456335
{7,1,80,1,2,1,8}([7]2,1,4)([8]3,6,7)([9]8,7,4)([10]5,1,6)([11]0,1,5)([12]10,4,7)([13]2,7,3)([14]10,9,6)([15]13,6,7)([16]8,13,4)([17]0,7,3)([18]2,16,2)([19]3,17,5)([20]15,14,3)([21]16,19,2)([22]1,14,6)([23]20,12,5)([24]3,21,5)([25]17,19,5)([26]7,12,4)([27]4,25,7)([28]24,19,5)([29]2,11,7)([30]19,22,3)([31]2,23,7)([32]5,29,2)([33]8,22,4)([34]0,33,2)([35]5,17,5)([36]32,27,3)([37]21,31,6)([38]31,34,2)([39]3,18,2)([40]0,21,4)([41]4,7,7)([42]41,5,6)([43]26,40,3)([44]40,43,5)([45]15,1,6)([46]22,32,2)([47]7,42,6)([48]23,37,4)([49]17,31,4)([50]36,43,0)([51]42,14,6)([52]22,18,2)([53]6,48,5)([54]30,36,4)([55]50,29,5)([56]52,32,4)([57]51,13,2)([58]6,0,2)([59]54,38,6)([60]10,23,3)([61]58,56,0)([62]42,17,4)([63]1,6,7)([64]23,53,7)([65]33,5,2)([66]48,49,0)([67]43,47,3)([68]67,65,7)([69]38,63,7)([70]51,53,4)([71]68,59,6)([72]42,54,7)([73]12,16,3)([74]7,1,3)([75]20,66,2)([76]13,5,0)([77]58,40,2)([78]65,68,5)([79]21,27,7)([80]28,60,5)([81]71,64,4)([82]1,3,7)([83]11,47,3)([84]5,45,6)([85]4,43,3)([86]50,77,0)(81)
evaluations: 40983431
first invidual area: 140.57
{7,1,80,1,2,1,8}([7]1,2,4)([8]6,3,7)([9]7,8,4)([10]5,1,6)([11]4,9,6)([12]4,10,7)([13]7,1,3)([14]10,9,6)([15]6,13,7)([16]13,8,4)([17]0,7,3)([18]4,13,0)([19]3,17,5)([20]15,14,3)([21]19,16,2)([22]1,14,6)([23]20,12,5)([24]0,1,5)([25]17,19,5)([26]5,10,6)([27]18,25,7)([28]4,2,1)([29]2,24,7)([30]19,22,6)([31]23,2,7)([32]5,29,2)([33]8,22,4)([34]0,33,2)([35]12,7,4)([36]32,27,3)([37]21,31,6)([38]31,34,2)([39]23,37,4)([40]0,21,4)([41]7,3,0)([42]17,34,2)([43]41,1,5)([44]36,19,6)([45]44,7,4)([46]13,29,7)([47]20,3,5)([48]32,7,2)([49]38,32,6)([50]15,19,4)([51]22,24,4)([52]35,31,5)([53]6,39,5)([54]30,36,7)([55]38,45,7)([56]33,5,0)([57]26,12,6)([58]25,42,1)([59]38,54,6)([60]42,3,6)([61]32,30,4)([62]1,36,7)([63]35,40,3)([64]53,23,7)([65]56,5,5)([66]62,21,4)([67]63,57,3)([68]67,65,4)([69]8,41,7)([70]32,22,5)([71]68,59,3)([72]48,21,1)([73]6,10,7)([74]57,69,3)([75]51,72,1)([76]36,22,2)([77]17,19,3)([78]60,44,2)([79]72,18,5)([80]45,11,1)([81]71,64,7)([82]79,58,3)([83]7,34,3)([84]12,1,6)([85]14,28,4)([86]2,78,3)(81)
optimized area: 135.41
time: 1036671 ms
seed: 1635563385
{7,1,80,1,2,1,8}([7]4,3,3)([8]4,0,4)([9]6,7,2)([10]1,9,0)([11]10,9,3)([12]1,5,6)([13]8,5,3)([14]2,7,7)([15]14,13,4)([16]9,3,2)([17]16,0,7)([18]10,3,5)([19]16,10,0)([20]15,8,2)([21]15,5,7)([22]15,4,7)([23]20,18,7)([24]0,22,6)([25]24,11,4)([26]13,18,7)([27]23,4,5)([28]7,21,4)([29]11,27,5)([30]4,28,7)([31]3,12,6)([32]15,2,4)([33]23,3,6)([34]31,25,6)([35]4,24,1)([36]29,30,6)([37]0,33,2)([38]1,15,6)([39]10,38,3)([40]37,6,6)([41]13,30,0)([42]6,26,5)([43]5,26,5)([44]42,36,2)([45]29,17,3)([46]45,43,6)([47]32,20,0)([48]44,34,6)([49]17,45,1)([50]46,30,3)([51]22,37,7)([52]32,40,5)([53]24,11,3)([54]44,46,3)([55]6,50,3)([56]54,46,6)([57]40,22,3)([58]5,50,5)([59]44,55,7)([60]49,7,4)([61]59,30,1)([62]15,43,7)([63]27,19,6)([64]51,59,3)([65]48,52,2)([66]38,56,7)([67]65,64,4)([68]51,47,3)([69]27,49,4)([70]19,64,5)([71]35,35,1)([72]60,66,3)([73]18,46,0)([74]20,11,5)([75]33,8,4)([76]13,56,2)([77]49,47,7)([78]38,46,3)([79]37,77,7)([80]67,72,2)([81]7,46,1)([82]44,36,2)([83]28,51,3)([84]64,24,5)([85]0,36,2)([86]73,39,1)(80)
evaluations: 25232562
first invidual area: 155.53
{7,1,80,1,2,1,8}([7]4,3,3)([8]4,0,4)([9]6,7,2)([10]7,2,7)([11]9,1,3)([12]1,5,6)([13]8,5,3)([14]3,12,6)([15]10,13,4)([16]3,11,0)([17]7,5,5)([18]16,1,5)([19]14,5,6)([20]8,15,5)([21]7,13,2)([22]4,15,7)([23]18,20,4)([24]0,22,3)([25]11,24,7)([26]13,18,7)([27]23,4,5)([28]5,7,4)([29]11,27,5)([30]28,22,7)([31]29,28,3)([32]5,18,7)([33]23,16,6)([34]14,25,6)([35]29,34,6)([36]30,29,6)([37]33,0,5)([38]1,15,3)([39]17,6,6)([40]6,0,6)([41]20,26,7)([42]26,6,5)([43]12,10,4)([44]42,36,2)([45]38,7,0)([46]31,23,6)([47]39,15,2)([48]34,44,6)([49]16,9,5)([50]14,42,2)([51]22,37,4)([52]21,40,5)([53]0,4,0)([54]44,46,6)([55]6,30,3)([56]53,49,4)([57]55,3,7)([58]1,56,7)([59]44,55,7)([60]1,39,2)([61]7,56,7)([62]11,19,2)([63]38,28,6)([64]51,59,6)([65]48,52,5)([66]38,54,4)([67]65,64,4)([68]24,28,6)([69]48,34,5)([70]41,4,3)([71]8,16,7)([72]61,66,3)([73]59,64,5)([74]25,56,7)([75]69,9,4)([76]44,8,6)([77]16,44,0)([78]75,17,0)([79]53,76,6)([80]29,18,1)([81]80,2,4)([82]57,40,3)([83]15,21,7)([84]72,67,2)([85]75,43,4)([86]68,81,4)(84)
optimized area: 138.66
time: 1225979 ms
seed: 1635607622
NOT FOUND
time: 1084492 ms
seed: 1635655285
{7,1,80,1,2,1,8}([7]1,4,3)([8]3,7,7)([9]5,7,5)([10]6,1,1)([11]0,10,3)([12]1,0,6)([13]0,3,7)([14]13,2,5)([15]2,10,4)([16]5,2,7)([17]3,1,7)([18]4,17,4)([19]12,18,7)([20]14,5,4)([21]5,11,4)([22]13,18,6)([23]20,15,3)([24]23,21,7)([25]7,10,5)([26]24,8,4)([27]17,23,4)([28]19,16,0)([29]0,16,7)([30]22,24,2)([31]23,14,7)([32]28,21,4)([33]18,30,3)([34]10,11,4)([35]4,10,1)([36]20,32,5)([37]27,8,3)([38]31,19,2)([39]29,33,2)([40]5,8,6)([41]27,35,6)([42]7,17,2)([43]6,36,4)([44]9,42,1)([45]34,0,5)([46]41,31,6)([47]39,43,5)([48]20,27,2)([49]36,48,6)([50]42,1,7)([51]44,39,5)([52]24,3,2)([53]26,38,6)([54]32,48,6)([55]11,52,0)([56]40,48,7)([57]53,53,5)([58]24,24,4)([59]28,47,4)([60]7,23,5)([61]54,46,5)([62]23,29,5)([63]46,12,2)([64]0,48,4)([65]21,8,4)([66]54,63,7)([67]17,12,5)([68]1,19,0)([69]19,54,5)([70]16,28,1)([71]22,62,3)([72]53,57,6)([73]57,47,5)([74]19,59,0)([75]65,29,7)([76]10,8,7)([77]25,73,5)([78]65,32,0)([79]66,12,0)([80]38,66,5)([81]50,47,2)([82]1,55,5)([83]73,61,7)([84]51,22,4)([85]47,27,6)([86]72,19,0)(83)
evaluations: 7022813
first invidual area: 126.51
{7,1,80,1,2,1,8}([7]4,2,1)([8]0,6,6)([9]5,0,4)([10]1,0,3)([11]2,5,3)([12]1,3,4)([13]3,0,7)([14]2,13,5)([15]2,9,0)([16]11,14,1)([17]4,1,5)([18]12,7,4)([19]10,18,4)([20]14,5,4)([21]8,9,4)([22]15,6,7)([23]22,20,3)([24]23,21,7)([25]13,9,1)([26]18,17,4)([27]9,2,4)([28]24,26,7)([29]25,15,2)([30]24,25,2)([31]23,14,7)([32]19,21,4)([33]30,18,3)([34]19,31,2)([35]31,32,6)([36]17,24,6)([37]20,26,2)([38]4,9,3)([39]15,31,6)([40]8,20,0)([41]36,7,6)([42]28,39,2)([43]8,21,2)([44]1,16,1)([45]33,26,7)([46]41,17,5)([47]20,32,5)([48]5,17,6)([49]47,6,4)([50]33,27,2)([51]33,27,7)([52]10,29,1)([53]7,8,5)([54]22,19,2)([55]30,54,1)([56]48,20,5)([57]37,41,6)([58]28,26,4)([59]48,45,7)([60]2,24,7)([61]57,35,5)([62]15,10,1)([63]21,17,5)([64]45,36,0)([65]34,28,3)([66]40,19,3)([67]23,20,0)([68]8,23,2)([69]63,63,0)([70]50,49,5)([71]35,40,6)([72]40,28,4)([73]65,70,5)([74]46,33,1)([75]28,28,6)([76]64,54,1)([77]75,75,1)([78]32,13,7)([79]37,38,0)([80]46,55,5)([81]20,60,6)([82]58,24,6)([83]61,73,7)([84]60,15,6)([85]29,69,7)([86]57,24,4)(83)
optimized area: 119.48
time: 1255626 ms
seed: 1635703146
NOT FOUND
time: 1073802 ms
seed: 1635750317
NOT FOUND
time: 1072686 ms
seed: 1635797350
NOT FOUND
time: 1063801 ms
seed: 1635840553
NOT FOUND
time: 1080690 ms
seed: 1635882637
{7,1,80,1,2,1,8}([7]5,1,4)([8]6,5,4)([9]0,8,3)([10]3,0,7)([11]9,4,7)([12]3,6,6)([13]10,2,1)([14]9,4,4)([15]0,6,7)([16]2,15,4)([17]9,16,2)([18]17,12,4)([19]13,4,4)([20]5,14,7)([21]11,7,2)([22]3,2,6)([23]8,13,6)([24]16,21,3)([25]2,18,1)([26]20,18,7)([27]13,26,6)([28]6,10,7)([29]12,1,7)([30]18,23,6)([31]19,30,5)([32]2,14,1)([33]20,32,5)([34]24,31,7)([35]29,16,2)([36]26,22,7)([37]25,20,5)([38]22,1,3)([39]15,24,5)([40]17,34,4)([41]25,20,0)([42]33,21,3)([43]42,35,4)([44]35,34,6)([45]20,17,5)([46]13,7,7)([47]6,42,2)([48]15,47,1)([49]44,39,5)([50]12,49,6)([51]22,27,3)([52]46,50,2)([53]43,38,5)([54]53,8,2)([55]11,29,3)([56]50,24,6)([57]47,51,2)([58]54,44,4)([59]13,20,7)([60]30,32,3)([61]56,24,5)([62]16,10,7)([63]37,53,6)([64]32,52,2)([65]43,6,7)([66]21,38,2)([67]26,53,1)([68]33,57,2)([69]53,39,6)([70]57,46,2)([71]47,26,4)([72]52,57,3)([73]14,4,1)([74]7,2,3)([75]51,4,7)([76]11,1,3)([77]48,73,7)([78]16,10,0)([79]73,70,1)([80]53,57,0)([81]62,48,1)([82]72,59,5)([83]75,47,3)([84]47,77,2)([85]82,58,7)([86]8,80,0)(85)
evaluations: 25812343
first invidual area: 145.24
{7,1,80,1,2,1,8}([7]4,5,0)([8]6,5,4)([9]8,0,3)([10]7,5,0)([11]7,9,7)([12]6,3,6)([13]3,0,4)([14]0,2,7)([15]5,1,4)([16]6,14,4)([17]16,9,5)([18]17,12,7)([19]8,13,6)([20]11,5,4)([21]15,11,2)([22]3,2,6)([23]21,4,1)([24]16,21,3)([25]15,20,7)([26]4,13,4)([27]20,23,5)([28]12,1,7)([29]3,12,0)([30]18,19,6)([31]26,30,5)([32]7,18,0)([33]22,9,4)([34]24,31,7)([35]28,16,2)([36]23,7,4)([37]30,25,7)([38]1,22,3)([39]35,27,1)([40]20,39,6)([41]17,20,6)([42]27,2,6)([43]35,42,7)([44]35,34,3)([45]13,20,7)([46]6,27,2)([47]42,1,1)([48]25,44,6)([49]31,25,5)([50]24,49,6)([51]22,41,3)([52]3,50,2)([53]43,38,5)([54]53,8,5)([55]42,45,2)([56]52,30,4)([57]46,51,2)([58]54,44,4)([59]22,6,0)([60]52,11,5)([61]42,11,4)([62]8,49,0)([63]53,42,1)([64]11,23,7)([65]26,51,0)([66]57,52,3)([67]30,61,6)([68]14,45,4)([69]14,1,1)([70]35,17,2)([71]28,13,5)([72]54,47,4)([73]20,5,5)([74]8,33,1)([75]36,11,1)([76]21,62,1)([77]68,64,7)([78]31,34,6)([79]33,66,2)([80]11,1,1)([81]36,50,3)([82]66,45,5)([83]53,31,4)([84]69,72,6)([85]58,82,7)([86]59,13,5)(85)
optimized area: 131.65
time: 1215312 ms
