seed: 1633862181
{7,1,80,1,2,1,8}([7]4,2,7)([8]4,0,2)([9]6,1,4)([10]3,1,5)([11]9,10,4)([12]10,7,6)([13]5,11,6)([14]4,3,3)([15]12,13,3)([16]1,14,6)([17]6,7,4)([18]16,2,4)([19]17,15,4)([20]11,18,3)([21]8,18,7)([22]0,2,6)([23]0,21,2)([24]12,16,6)([25]5,24,5)([26]7,10,7)([27]23,22,4)([28]11,26,5)([29]5,21,5)([30]23,13,4)([31]28,8,3)([32]25,6,5)([33]1,29,7)([34]15,0,7)([35]10,6,5)([36]0,11,3)([37]33,8,4)([38]19,29,4)([39]33,13,6)([40]33,28,3)([41]31,5,5)([42]32,12,2)([43]8,2,1)([44]28,38,5)([45]28,39,2)([46]7,45,4)([47]27,3,7)([48]35,32,4)([49]39,0,2)([50]13,18,3)([51]46,47,5)([52]46,35,3)([53]27,28,7)([54]20,26,7)([55]48,43,5)([56]25,28,4)([57]55,51,7)([58]17,37,2)([59]47,56,3)([60]11,39,7)([61]29,56,1)([62]34,57,7)([63]43,43,0)([64]16,40,3)([65]42,14,6)([66]51,26,2)([67]14,52,6)([68]44,62,2)([69]34,14,7)([70]23,56,2)([71]15,39,3)([72]63,60,2)([73]59,70,0)([74]7,60,2)([75]42,38,1)([76]68,59,4)([77]54,58,4)([78]59,29,2)([79]31,76,2)([80]8,21,0)([81]43,80,7)([82]69,60,7)([83]31,10,6)([84]71,55,3)([85]35,43,3)([86]72,72,3)(79)
evaluations: 19411080
first invidual area: 142.44
{7,1,80,1,2,1,8}([7]2,4,7)([8]4,0,2)([9]1,6,4)([10]3,1,5)([11]10,9,4)([12]10,7,6)([13]5,11,6)([14]3,1,3)([15]12,13,3)([16]14,4,6)([17]6,15,7)([18]16,8,6)([19]7,17,4)([20]16,15,6)([21]18,2,4)([22]0,2,6)([23]10,6,5)([24]21,16,4)([25]5,20,5)([26]10,7,7)([27]21,0,2)([28]26,11,5)([29]21,5,5)([30]3,12,2)([31]1,21,7)([32]25,28,4)([33]31,3,6)([34]15,0,4)([35]22,31,0)([36]18,22,2)([37]6,25,5)([38]29,19,7)([39]17,29,6)([40]1,8,2)([41]27,35,6)([42]5,31,5)([43]17,10,4)([44]28,38,5)([45]8,31,4)([46]7,42,7)([47]41,3,4)([48]23,37,4)([49]32,2,0)([50]29,48,3)([51]47,46,5)([52]11,26,5)([53]49,43,4)([54]8,29,0)([55]48,18,5)([56]33,26,4)([57]51,55,7)([58]49,45,7)([59]47,49,3)([60]28,56,6)([61]22,51,4)([62]34,57,4)([63]8,28,3)([64]0,22,4)([65]2,23,0)([66]4,34,3)([67]41,3,2)([68]62,44,5)([69]42,46,3)([70]37,60,5)([71]53,42,4)([72]60,60,0)([73]15,38,3)([74]32,70,1)([75]18,71,5)([76]68,59,7)([77]32,75,4)([78]45,77,1)([79]53,65,1)([80]8,28,3)([81]5,53,6)([82]20,41,7)([83]63,76,2)([84]8,83,0)([85]70,51,2)([86]15,12,3)(83)
optimized area: 133.06
time: 652023 ms
seed: 1633949132
NOT FOUND
time: 525277 ms
seed: 1633976801
NOT FOUND
time: 522840 ms
seed: 1633999742
{7,1,80,1,2,1,8}([7]4,6,4)([8]5,1,6)([9]2,0,7)([10]4,2,7)([11]4,0,5)([12]6,1,4)([13]12,10,2)([14]11,3,0)([15]5,2,4)([16]2,1,4)([17]15,13,5)([18]5,0,2)([19]13,5,6)([20]9,7,0)([21]19,18,0)([22]8,3,4)([23]16,11,7)([24]20,15,2)([25]3,13,3)([26]6,22,4)([27]4,20,5)([28]1,17,2)([29]22,17,1)([30]16,16,5)([31]26,26,2)([32]22,23,4)([33]3,28,2)([34]0,1,7)([35]25,23,4)([36]13,33,6)([37]0,31,5)([38]35,5,6)([39]6,16,5)([40]32,37,3)([41]37,30,3)([42]41,12,5)([43]42,28,7)([44]23,36,6)([45]27,18,3)([46]41,4,5)([47]25,13,6)([48]41,6,7)([49]31,45,0)([50]36,10,4)([51]43,11,4)([52]34,23,3)([53]19,7,4)([54]38,37,7)([55]29,14,5)([56]2,7,0)([57]24,32,3)([58]48,20,5)([59]14,52,3)([60]1,42,2)([61]50,60,3)([62]29,58,4)([63]59,38,7)([64]45,58,6)([65]4,27,4)([66]9,31,1)([67]0,14,0)([68]3,36,0)([69]51,57,5)([70]69,50,2)([71]52,53,6)([72]32,71,2)([73]67,33,0)([74]19,28,1)([75]0,65,2)([76]38,58,4)([77]35,56,3)([78]38,15,4)([79]25,32,2)([80]45,29,0)([81]41,47,1)([82]51,76,3)([83]7,40,4)([84]70,82,2)([85]64,84,4)([86]59,43,5)(85)
evaluations: 17360962
first invidual area: 127.44
{7,1,80,1,2,1,8}([7]2,5,2)([8]5,1,3)([9]2,0,7)([10]4,2,7)([11]4,0,5)([12]1,6,4)([13]12,10,2)([14]13,2,0)([15]2,5,4)([16]2,1,4)([17]10,3,3)([18]13,15,5)([19]9,15,2)([20]18,1,5)([21]10,4,5)([22]8,3,7)([23]11,16,7)([24]2,11,0)([25]1,21,7)([26]22,6,4)([27]22,8,0)([28]16,18,1)([29]1,3,2)([30]11,27,1)([31]11,20,7)([32]23,22,4)([33]25,18,6)([34]10,24,2)([35]23,17,4)([36]26,34,2)([37]0,26,5)([38]21,26,0)([39]4,11,0)([40]35,13,1)([41]28,37,3)([42]29,14,6)([43]5,28,0)([44]35,43,3)([45]39,20,1)([46]6,41,7)([47]31,15,7)([48]41,12,5)([49]37,22,1)([50]48,21,0)([51]48,31,7)([52]42,21,5)([53]39,38,4)([54]49,17,1)([55]6,16,7)([56]44,40,1)([57]19,32,3)([58]46,9,5)([59]36,44,6)([60]42,10,4)([61]45,7,3)([62]5,57,3)([63]5,1,4)([64]19,39,1)([65]19,17,3)([66]46,44,5)([67]10,62,3)([68]26,22,0)([69]57,51,5)([70]69,60,2)([71]48,36,2)([72]49,30,2)([73]32,13,0)([74]73,65,3)([75]51,35,2)([76]44,58,7)([77]19,20,4)([78]48,2,5)([79]58,61,6)([80]63,34,1)([81]24,34,4)([82]51,76,3)([83]61,52,3)([84]70,82,5)([85]79,84,7)([86]52,63,2)(85)
optimized area: 125.56
time: 640028 ms
seed: 1634048589
{7,1,80,1,2,1,8}([7]3,2,4)([8]3,5,4)([9]3,2,5)([10]6,1,4)([11]5,3,3)([12]10,7,4)([13]4,6,7)([14]3,9,7)([15]13,8,5)([16]2,13,3)([17]6,13,2)([18]10,5,5)([19]16,18,5)([20]11,4,5)([21]7,20,7)([22]0,9,5)([23]21,17,3)([24]14,16,7)([25]6,19,3)([26]6,5,4)([27]1,17,3)([28]3,24,1)([29]27,10,7)([30]22,25,2)([31]0,24,7)([32]4,9,6)([33]23,31,2)([34]30,27,3)([35]26,24,6)([36]29,29,5)([37]36,19,6)([38]12,37,3)([39]19,29,5)([40]12,35,5)([41]40,16,1)([42]33,35,4)([43]32,34,4)([44]34,25,7)([45]31,9,7)([46]37,45,1)([47]42,38,5)([48]47,43,2)([49]13,45,4)([50]48,24,0)([51]26,29,3)([52]38,15,5)([53]20,3,1)([54]35,46,7)([55]53,17,2)([56]7,14,2)([57]17,14,3)([58]40,49,3)([59]35,38,7)([60]37,17,5)([61]36,17,5)([62]48,16,4)([63]62,5,1)([64]25,26,7)([65]17,56,1)([66]2,51,4)([67]9,50,6)([68]8,21,0)([69]27,61,7)([70]61,18,2)([71]68,29,6)([72]65,18,7)([73]20,41,4)([74]38,69,6)([75]67,69,3)([76]5,26,6)([77]32,63,6)([78]44,48,4)([79]66,36,0)([80]58,69,3)([81]80,62,4)([82]62,44,0)([83]29,46,0)([84]57,67,6)([85]81,60,2)([86]75,24,6)(81)
evaluations: 21434984
first invidual area: 134.00
{7,1,80,1,2,1,8}([7]3,2,4)([8]3,7,5)([9]2,3,5)([10]6,1,4)([11]9,4,6)([12]7,10,4)([13]6,4,7)([14]3,5,3)([15]6,5,4)([16]2,13,3)([17]4,14,5)([18]10,5,5)([19]18,16,5)([20]7,17,7)([21]10,19,3)([22]9,0,5)([23]8,19,6)([24]16,8,4)([25]15,6,0)([26]13,4,2)([27]1,26,3)([28]27,7,4)([29]16,8,2)([30]22,21,2)([31]0,24,7)([32]20,6,3)([33]32,31,5)([34]30,27,3)([35]24,25,6)([36]34,11,4)([37]19,28,6)([38]12,37,3)([39]33,35,7)([40]17,8,7)([41]37,7,5)([42]36,1,5)([43]38,39,5)([44]12,35,5)([45]15,17,1)([46]4,2,6)([47]2,1,2)([48]15,38,6)([49]12,11,0)([50]41,10,1)([51]43,17,4)([52]30,13,4)([53]18,22,2)([54]4,35,3)([55]31,17,1)([56]33,34,2)([57]53,40,7)([58]55,24,5)([59]36,43,5)([60]48,19,5)([61]34,56,6)([62]49,4,5)([63]12,0,1)([64]16,58,0)([65]56,28,2)([66]13,51,3)([67]50,36,0)([68]37,45,4)([69]64,22,6)([70]18,31,5)([71]64,59,7)([72]19,58,0)([73]56,44,3)([74]23,33,1)([75]70,6,6)([76]24,32,6)([77]13,70,7)([78]2,47,1)([79]40,4,1)([80]73,77,3)([81]31,41,0)([82]62,50,5)([83]65,3,3)([84]80,71,4)([85]43,47,1)([86]41,55,3)(84)
optimized area: 121.33
time: 622194 ms
seed: 1634162816
NOT FOUND
time: 522946 ms
seed: 1634210117
{7,1,80,1,2,1,8}([7]0,3,5)([8]5,2,7)([9]6,8,3)([10]7,4,2)([11]10,6,3)([12]5,8,2)([13]1,0,3)([14]4,6,2)([15]4,0,2)([16]1,4,4)([17]16,7,7)([18]10,0,6)([19]15,3,6)([20]5,11,4)([21]11,3,6)([22]18,21,3)([23]5,19,6)([24]13,9,4)([25]16,7,2)([26]2,23,4)([27]14,13,1)([28]22,2,7)([29]12,4,6)([30]27,17,5)([31]3,23,4)([32]0,26,4)([33]32,12,3)([34]29,31,3)([35]3,24,5)([36]34,30,7)([37]9,1,2)([38]37,17,3)([39]38,26,7)([40]33,28,5)([41]37,20,6)([42]38,14,5)([43]24,39,6)([44]41,27,0)([45]16,37,1)([46]40,43,2)([47]38,26,0)([48]13,1,7)([49]27,32,7)([50]35,33,6)([51]25,11,2)([52]6,31,0)([53]40,42,4)([54]11,3,1)([55]54,25,7)([56]36,46,3)([57]7,43,4)([58]44,56,3)([59]13,5,7)([60]1,12,4)([61]20,56,5)([62]1,10,1)([63]37,9,5)([64]43,24,7)([65]40,31,0)([66]58,53,7)([67]52,35,2)([68]44,45,4)([69]44,17,1)([70]13,48,2)([71]69,17,4)([72]33,35,6)([73]14,52,2)([74]1,19,0)([75]1,65,7)([76]50,24,0)([77]32,39,0)([78]72,26,1)([79]63,43,6)([80]46,10,1)([81]65,8,0)([82]60,79,1)([83]22,18,7)([84]33,24,6)([85]44,41,5)([86]16,5,4)(66)
evaluations: 34756692
first invidual area: 121.33
{7,1,80,1,2,1,8}([7]0,3,5)([8]2,5,7)([9]6,8,3)([10]4,7,2)([11]10,6,3)([12]2,8,2)([13]0,1,3)([14]4,6,2)([15]0,4,2)([16]7,4,4)([17]16,1,7)([18]10,0,6)([19]3,15,6)([20]11,5,4)([21]14,7,1)([22]3,11,6)([23]5,19,6)([24]13,9,5)([25]22,18,6)([26]2,23,4)([27]23,17,6)([28]2,25,4)([29]4,12,6)([30]21,17,5)([31]3,23,4)([32]0,26,4)([33]12,32,3)([34]29,31,3)([35]3,30,2)([36]34,30,7)([37]9,1,2)([38]17,37,3)([39]26,38,7)([40]33,28,5)([41]37,20,6)([42]38,14,5)([43]24,39,6)([44]31,12,5)([45]16,33,7)([46]40,43,2)([47]28,24,2)([48]31,18,6)([49]20,39,6)([50]13,13,7)([51]30,41,0)([52]32,3,6)([53]40,42,7)([54]23,47,3)([55]27,13,2)([56]36,41,3)([57]5,37,3)([58]46,56,3)([59]32,54,1)([60]10,17,5)([61]55,17,6)([62]42,13,1)([63]15,40,2)([64]60,32,4)([65]42,7,1)([66]58,53,4)([67]0,20,2)([68]3,55,1)([69]5,63,0)([70]52,6,0)([71]32,38,1)([72]23,56,3)([73]72,51,4)([74]26,72,0)([75]55,1,5)([76]69,26,2)([77]14,72,1)([78]43,51,0)([79]30,19,3)([80]31,51,7)([81]23,5,4)([82]50,33,6)([83]9,66,1)([84]54,49,0)([85]64,71,3)([86]6,45,7)(66)
optimized area: 118.51
time: 572775 ms
seed: 1634259039
NOT FOUND
time: 506584 ms
seed: 1634307187
{7,1,80,1,2,1,8}([7]3,2,2)([8]1,6,4)([9]1,5,5)([10]2,0,4)([11]2,4,4)([12]0,6,4)([13]8,10,0)([14]3,5,3)([15]5,12,5)([16]3,5,7)([17]10,13,7)([18]7,11,3)([19]13,16,6)([20]3,13,6)([21]18,11,3)([22]20,12,1)([23]21,15,5)([24]13,14,3)([25]19,22,5)([26]17,5,3)([27]15,6,1)([28]10,16,7)([29]27,12,6)([30]25,0,7)([31]27,10,3)([32]1,11,4)([33]15,28,2)([34]23,28,3)([35]19,10,6)([36]35,2,0)([37]19,31,7)([38]3,14,2)([39]25,37,2)([40]30,27,7)([41]38,37,6)([42]41,32,3)([43]31,17,5)([44]22,23,6)([45]5,44,1)([46]12,30,6)([47]8,35,4)([48]22,42,7)([49]4,9,5)([50]20,32,6)([51]26,8,6)([52]26,33,3)([53]52,40,2)([54]10,38,7)([55]30,1,7)([56]9,25,5)([57]20,33,1)([58]37,23,4)([59]46,49,7)([60]32,21,5)([61]6,21,5)([62]6,26,3)([63]59,47,3)([64]39,47,3)([65]64,37,4)([66]60,53,5)([67]31,12,2)([68]54,15,4)([69]27,2,2)([70]55,16,4)([71]48,1,5)([72]34,66,2)([73]31,20,1)([74]28,4,7)([75]12,64,2)([76]60,50,3)([77]1,64,3)([78]30,67,7)([79]53,12,1)([80]72,63,2)([81]61,61,1)([82]80,71,7)([83]43,50,2)([84]21,43,3)([85]81,21,1)([86]24,33,0)(82)
evaluations: 46169496
first invidual area: 134.91
{7,1,80,1,2,1,8}([7]3,2,2)([8]1,6,4)([9]1,5,5)([10]0,2,4)([11]2,4,4)([12]6,0,4)([13]9,4,5)([14]11,1,2)([15]5,12,5)([16]3,5,7)([17]3,0,0)([18]7,11,3)([19]8,16,6)([20]17,8,6)([21]6,0,2)([22]15,20,5)([23]18,15,5)([24]23,10,3)([25]19,3,5)([26]5,20,3)([27]17,19,1)([28]10,16,7)([29]8,10,1)([30]25,0,7)([31]20,18,2)([32]1,11,4)([33]22,6,1)([34]23,28,3)([35]19,10,6)([36]32,13,5)([37]19,24,7)([38]37,3,6)([39]7,38,7)([40]30,15,4)([41]12,30,6)([42]38,32,6)([43]25,20,3)([44]13,35,6)([45]22,13,7)([46]21,25,7)([47]8,35,4)([48]20,42,7)([49]13,0,2)([50]20,31,6)([51]44,43,7)([52]26,28,3)([53]52,40,2)([54]6,48,5)([55]30,33,2)([56]1,2,4)([57]9,10,6)([58]14,7,1)([59]41,13,7)([60]32,18,5)([61]18,40,0)([62]14,6,6)([63]59,47,3)([64]53,60,5)([65]55,32,1)([66]6,19,2)([67]56,65,4)([68]49,45,0)([69]50,46,6)([70]24,56,3)([71]48,1,5)([72]34,64,2)([73]0,45,7)([74]9,66,5)([75]20,0,5)([76]58,34,2)([77]46,69,4)([78]16,13,1)([79]68,15,6)([80]72,63,5)([81]41,32,2)([82]80,71,4)([83]47,81,7)([84]68,35,3)([85]59,7,3)([86]72,24,7)(82)
optimized area: 117.59
time: 532098 ms
seed: 1634347755
NOT FOUND
time: 528352 ms
seed: 1634396635
{7,1,80,1,2,1,8}([7]3,1,7)([8]3,7,6)([9]6,4,2)([10]3,6,1)([11]6,8,4)([12]2,1,5)([13]11,0,3)([14]2,0,4)([15]13,5,1)([16]15,5,6)([17]12,11,2)([18]13,4,4)([19]6,16,0)([20]11,16,7)([21]6,16,4)([22]18,5,3)([23]17,19,5)([24]22,13,5)([25]21,10,5)([26]20,2,5)([27]3,9,7)([28]15,4,3)([29]12,7,7)([30]28,22,2)([31]30,25,0)([32]27,1,2)([33]25,10,5)([34]4,5,7)([35]30,26,7)([36]27,20,7)([37]13,2,4)([38]35,19,6)([39]6,3,3)([40]14,19,3)([41]39,23,5)([42]41,24,0)([43]40,7,1)([44]1,26,4)([45]1,4,4)([46]14,42,2)([47]3,9,3)([48]38,19,2)([49]21,17,4)([50]13,26,6)([51]3,18,0)([52]44,41,3)([53]9,46,4)([54]42,45,7)([55]35,35,0)([56]2,31,2)([57]16,0,7)([58]30,12,6)([59]17,32,7)([60]45,26,4)([61]48,16,2)([62]2,9,1)([63]34,57,5)([64]58,35,3)([65]11,55,2)([66]51,55,4)([67]54,57,7)([68]33,51,1)([69]9,8,7)([70]17,68,3)([71]4,35,4)([72]2,48,2)([73]29,63,3)([74]53,56,6)([75]18,51,4)([76]60,36,6)([77]22,49,7)([78]7,77,3)([79]37,27,7)([80]21,1,3)([81]39,35,5)([82]68,15,2)([83]76,73,5)([84]74,38,6)([85]84,83,7)([86]24,8,0)(85)
evaluations: 12733151
first invidual area: 120.41
{7,1,80,1,2,1,8}([7]3,1,7)([8]7,3,6)([9]4,4,0)([10]4,5,7)([11]8,6,4)([12]4,6,2)([13]0,11,6)([14]0,2,4)([15]5,4,3)([16]13,5,6)([17]10,1,0)([18]11,16,5)([19]2,1,5)([20]16,11,7)([21]3,6,3)([22]0,9,0)([23]2,2,0)([24]7,19,7)([25]23,8,1)([26]20,23,5)([27]11,19,5)([28]13,16,0)([29]13,17,3)([30]15,29,2)([31]25,3,6)([32]11,9,5)([33]3,12,4)([34]4,20,4)([35]30,19,5)([36]4,32,7)([37]27,36,2)([38]27,21,5)([39]26,30,7)([40]17,26,2)([41]33,20,4)([42]19,4,7)([43]30,2,2)([44]22,16,7)([45]15,24,4)([46]14,38,5)([47]1,9,7)([48]36,27,4)([49]2,3,7)([50]22,28,6)([51]14,47,6)([52]26,47,7)([53]47,41,2)([54]14,13,6)([55]12,7,0)([56]52,41,6)([57]34,41,7)([58]32,30,5)([59]15,36,0)([60]55,46,7)([61]36,44,5)([62]14,30,7)([63]17,44,5)([64]60,43,6)([65]20,16,2)([66]24,37,7)([67]49,14,5)([68]18,39,7)([69]28,51,3)([70]47,6,0)([71]31,57,1)([72]4,3,3)([73]63,24,3)([74]47,52,0)([75]3,23,6)([76]28,42,5)([77]39,6,6)([78]65,72,2)([79]76,40,6)([80]79,64,4)([81]46,73,1)([82]37,24,6)([83]56,73,5)([84]64,77,6)([85]84,83,7)([86]84,74,5)(85)
optimized area: 111.51
time: 617610 ms
seed: 1634445654
{7,1,80,1,2,1,8}([7]0,2,4)([8]5,7,1)([9]3,0,6)([10]6,5,1)([11]7,4,4)([12]1,8,3)([13]3,4,7)([14]5,11,3)([15]10,1,5)([16]0,5,4)([17]12,11,0)([18]9,12,7)([19]1,12,1)([20]3,11,4)([21]1,4,6)([22]18,7,2)([23]4,15,5)([24]0,19,4)([25]9,16,3)([26]19,22,6)([27]14,24,0)([28]5,16,6)([29]21,14,6)([30]10,28,6)([31]1,29,0)([32]30,8,6)([33]13,13,2)([34]1,30,7)([35]20,25,3)([36]22,11,7)([37]20,16,6)([38]23,22,4)([39]7,12,4)([40]36,30,4)([41]13,29,5)([42]27,34,5)([43]0,15,4)([44]15,34,7)([45]32,0,5)([46]37,34,7)([47]38,41,4)([48]46,40,2)([49]42,29,4)([50]48,47,3)([51]50,45,7)([52]12,17,3)([53]1,12,0)([54]15,46,5)([55]35,27,4)([56]55,4,6)([57]24,33,3)([58]7,17,4)([59]18,15,5)([60]26,5,1)([61]35,20,4)([62]37,60,3)([63]18,56,4)([64]30,25,4)([65]34,62,3)([66]40,44,7)([67]23,34,1)([68]58,22,6)([69]4,14,1)([70]0,2,0)([71]35,4,1)([72]8,41,5)([73]34,0,2)([74]54,21,3)([75]56,74,7)([76]39,26,7)([77]49,16,0)([78]64,57,5)([79]78,75,3)([80]49,71,5)([81]35,57,5)([82]81,37,5)([83]66,14,6)([84]52,55,7)([85]51,79,2)([86]17,26,2)(85)
evaluations: 13281405
first invidual area: 139.61
{7,1,80,1,2,1,8}([7]0,2,4)([8]5,3,1)([9]0,3,6)([10]6,6,1)([11]4,7,4)([12]8,1,6)([13]4,3,7)([14]5,11,3)([15]10,8,7)([16]0,8,7)([17]1,10,5)([18]9,12,4)([19]16,2,0)([20]14,18,5)([21]1,3,6)([22]18,7,2)([23]17,4,5)([24]21,0,4)([25]21,14,6)([26]16,5,6)([27]19,6,6)([28]25,6,4)([29]11,22,6)([30]10,26,6)([31]22,23,4)([32]18,9,6)([33]20,4,3)([34]1,30,4)([35]3,11,4)([36]10,32,6)([37]13,24,3)([38]24,36,1)([39]30,29,4)([40]12,12,2)([41]22,32,3)([42]19,35,3)([43]27,32,0)([44]13,25,5)([45]39,40,3)([46]42,34,7)([47]31,44,4)([48]39,46,2)([49]25,28,2)([50]31,30,5)([51]5,43,5)([52]25,25,1)([53]31,22,0)([54]32,29,5)([55]13,28,7)([56]31,55,4)([57]46,17,0)([58]57,30,6)([59]9,19,3)([60]54,41,5)([61]48,47,6)([62]41,3,6)([63]51,61,4)([64]30,59,4)([65]6,35,5)([66]58,64,4)([67]8,62,3)([68]38,17,2)([69]13,30,3)([70]48,48,5)([71]6,46,5)([72]60,47,2)([73]21,63,4)([74]71,21,6)([75]33,74,7)([76]43,9,0)([77]18,9,5)([78]64,37,5)([79]78,75,3)([80]22,52,1)([81]74,15,4)([82]41,45,2)([83]52,29,7)([84]66,54,3)([85]63,79,2)([86]8,1,5)(85)
optimized area: 130.70
time: 677083 ms
seed: 1634505899
{7,1,80,1,2,1,8}([7]4,5,7)([8]7,1,3)([9]3,6,2)([10]4,6,2)([11]9,0,4)([12]0,8,4)([13]10,3,7)([14]5,0,2)([15]13,9,3)([16]4,1,7)([17]15,16,5)([18]6,12,4)([19]15,18,2)([20]12,15,7)([21]2,15,2)([22]11,16,4)([23]11,11,2)([24]22,15,6)([25]20,1,6)([26]7,22,6)([27]6,24,4)([28]11,25,6)([29]18,17,1)([30]24,1,6)([31]2,24,4)([32]26,25,3)([33]0,31,7)([34]8,9,5)([35]14,19,4)([36]28,35,6)([37]18,23,4)([38]21,32,7)([39]38,10,7)([40]37,31,5)([41]5,40,7)([42]39,36,4)([43]9,28,6)([44]36,27,3)([45]27,34,3)([46]7,17,5)([47]44,33,5)([48]41,46,3)([49]38,33,2)([50]5,49,1)([51]31,34,5)([52]49,50,4)([53]45,36,5)([54]2,0,6)([55]49,36,4)([56]38,19,2)([57]48,47,4)([58]44,40,3)([59]47,1,7)([60]10,25,0)([61]10,32,1)([62]46,56,5)([63]57,55,3)([64]46,16,0)([65]51,58,5)([66]60,63,7)([67]4,48,4)([68]37,25,1)([69]63,5,7)([70]41,34,6)([71]47,19,5)([72]31,35,6)([73]35,65,1)([74]67,64,2)([75]30,41,6)([76]31,8,1)([77]60,7,3)([78]7,38,7)([79]56,65,1)([80]28,42,5)([81]28,53,6)([82]66,45,4)([83]18,56,3)([84]60,44,6)([85]11,70,7)([86]2,2,4)(66)
evaluations: 18694057
first invidual area: 131.68
{7,1,80,1,2,1,8}([7]5,4,7)([8]2,5,1)([9]6,3,2)([10]4,6,2)([11]1,7,3)([12]11,0,4)([13]0,9,4)([14]3,10,6)([15]9,14,3)([16]1,4,7)([17]5,0,5)([18]6,12,4)([19]16,9,2)([20]12,15,7)([21]20,18,4)([22]0,16,4)([23]18,15,5)([24]22,15,6)([25]1,20,6)([26]22,7,6)([27]23,17,4)([28]7,26,7)([29]16,15,5)([30]13,25,6)([31]2,24,4)([32]26,25,3)([33]31,0,7)([34]16,10,5)([35]15,0,5)([36]27,30,6)([37]18,13,4)([38]35,32,4)([39]37,36,1)([40]37,31,5)([41]40,11,0)([42]29,22,6)([43]5,36,5)([44]38,21,3)([45]40,5,7)([46]7,29,5)([47]44,33,5)([48]45,46,3)([49]28,33,5)([50]11,45,3)([51]48,47,4)([52]38,33,5)([53]7,31,4)([54]33,53,6)([55]36,52,7)([56]49,31,1)([57]37,23,1)([58]5,12,0)([59]0,28,5)([60]25,51,4)([61]26,14,7)([62]38,61,1)([63]51,55,3)([64]29,63,6)([65]0,10,5)([66]36,10,4)([67]8,11,6)([68]24,44,2)([69]46,13,1)([70]0,22,2)([71]62,23,2)([72]58,28,6)([73]54,22,5)([74]63,10,7)([75]73,39,0)([76]47,0,1)([77]58,57,5)([78]34,33,5)([79]27,20,4)([80]51,63,5)([81]51,32,3)([82]43,53,1)([83]39,51,6)([84]56,29,0)([85]61,24,6)([86]69,45,0)(74)
optimized area: 127.45
time: 649265 ms
seed: 1634605120
NOT FOUND
time: 526657 ms
seed: 1634860459
NOT FOUND
time: 1077140 ms
seed: 1635115200
NOT FOUND
time: 982042 ms
seed: 1635131992
{7,1,80,1,2,1,8}([7]4,5,4)([8]1,0,6)([9]5,1,2)([10]0,2,4)([11]2,3,7)([12]7,1,7)([13]6,4,7)([14]6,10,5)([15]5,12,1)([16]9,6,3)([17]0,13,7)([18]12,14,3)([19]3,12,6)([20]18,6,5)([21]3,11,5)([22]12,6,6)([23]17,14,5)([24]5,11,3)([25]11,9,7)([26]17,7,4)([27]4,13,4)([28]0,14,0)([29]21,16,7)([30]20,16,6)([31]24,12,3)([32]20,26,2)([33]32,1,1)([34]33,29,3)([35]32,23,5)([36]15,15,5)([37]10,31,7)([38]23,10,4)([39]17,30,6)([40]26,38,6)([41]1,32,6)([42]37,5,6)([43]38,1,5)([44]22,38,2)([45]13,43,0)([46]15,12,2)([47]42,1,4)([48]45,12,5)([49]25,7,7)([50]13,24,1)([51]9,5,1)([52]39,40,6)([53]11,20,0)([54]16,41,5)([55]44,13,4)([56]19,1,2)([57]47,52,6)([58]5,8,3)([59]2,2,4)([60]20,45,5)([61]57,60,5)([62]49,38,3)([63]62,43,5)([64]63,34,0)([65]7,58,5)([66]55,37,6)([67]63,34,5)([68]31,20,1)([69]61,67,2)([70]57,18,7)([71]44,31,1)([72]69,66,6)([73]12,55,7)([74]66,29,2)([75]10,44,4)([76]20,72,2)([77]10,68,3)([78]33,74,1)([79]35,68,4)([80]17,33,1)([81]48,60,6)([82]62,4,0)([83]8,19,6)([84]55,36,6)([85]52,13,7)([86]48,51,5)(72)
evaluations: 22527786
first invidual area: 128.35
{7,1,80,1,2,1,8}([7]5,4,4)([8]6,0,7)([9]7,1,7)([10]2,0,4)([11]5,1,5)([12]9,5,3)([13]4,6,7)([14]10,6,5)([15]2,11,7)([16]15,1,6)([17]13,0,7)([18]12,14,3)([19]7,17,4)([20]18,6,5)([21]15,3,7)([22]17,9,1)([23]17,14,5)([24]15,18,5)([25]4,6,0)([26]21,12,6)([27]1,7,2)([28]3,4,5)([29]7,24,6)([30]11,1,1)([31]15,9,6)([32]19,20,5)([33]2,32,5)([34]7,11,4)([35]4,32,3)([36]2,29,1)([37]10,26,4)([38]10,23,4)([39]27,15,1)([40]19,21,6)([41]15,11,5)([42]18,2,1)([43]38,1,5)([44]31,38,5)([45]20,13,5)([46]28,5,2)([47]3,36,3)([48]41,11,3)([49]38,19,1)([50]21,7,4)([51]44,27,1)([52]22,40,6)([53]1,10,2)([54]46,32,3)([55]44,13,7)([56]22,1,1)([57]53,52,6)([58]45,57,5)([59]12,6,1)([60]7,16,3)([61]36,28,0)([62]50,38,3)([63]49,16,5)([64]36,41,4)([65]43,62,5)([66]55,37,6)([67]54,65,5)([68]18,58,0)([69]58,67,2)([70]35,43,1)([71]5,65,0)([72]57,11,7)([73]0,63,5)([74]66,69,6)([75]54,54,7)([76]24,68,7)([77]55,11,7)([78]50,45,7)([79]13,38,5)([80]78,3,5)([81]8,62,7)([82]55,36,1)([83]64,64,6)([84]59,51,4)([85]26,7,3)([86]32,63,3)(74)
optimized area: 112.88
time: 619198 ms
seed: 1635181186
{7,1,80,1,2,1,8}([7]3,4,7)([8]2,3,5)([9]8,5,7)([10]7,0,4)([11]4,6,4)([12]7,0,3)([13]6,4,6)([14]6,1,7)([15]5,11,7)([16]0,2,7)([17]7,15,6)([18]14,8,1)([19]11,7,3)([20]10,1,6)([21]10,9,4)([22]2,10,6)([23]15,19,7)([24]21,14,6)([25]6,2,6)([26]14,25,2)([27]12,20,7)([28]5,3,6)([29]24,10,7)([30]26,1,6)([31]20,3,4)([32]16,23,1)([33]21,17,0)([34]8,7,2)([35]24,6,4)([36]25,32,2)([37]36,2,3)([38]16,33,7)([39]1,5,6)([40]23,33,1)([41]29,39,7)([42]4,25,4)([43]35,35,7)([44]41,40,5)([45]16,15,5)([46]31,17,5)([47]44,45,2)([48]40,1,2)([49]31,37,4)([50]30,33,5)([51]30,15,7)([52]34,36,2)([53]50,37,0)([54]30,28,5)([55]35,42,2)([56]45,41,5)([57]7,46,3)([58]47,49,2)([59]34,52,2)([60]1,18,6)([61]50,33,5)([62]47,51,7)([63]18,15,1)([64]61,13,0)([65]46,53,3)([66]1,54,4)([67]45,33,3)([68]66,21,3)([69]14,65,1)([70]58,55,7)([71]22,2,0)([72]32,67,7)([73]66,57,6)([74]55,35,2)([75]11,22,0)([76]70,65,5)([77]61,26,1)([78]44,63,1)([79]26,53,4)([80]36,74,7)([81]68,10,0)([82]43,11,5)([83]45,48,4)([84]52,55,5)([85]1,29,6)([86]29,45,4)(76)
evaluations: 15760832
first invidual area: 121.82
{7,1,80,1,2,1,8}([7]4,3,7)([8]2,6,6)([9]6,1,7)([10]7,0,4)([11]4,6,4)([12]1,10,6)([13]3,2,5)([14]4,8,4)([15]5,11,7)([16]11,7,3)([17]7,8,2)([18]10,13,7)([19]2,0,7)([20]5,1,3)([21]18,5,4)([22]6,19,6)([23]4,7,1)([24]9,21,6)([25]15,19,5)([26]22,19,3)([27]10,21,0)([28]3,21,2)([29]5,21,5)([30]24,6,4)([31]3,12,4)([32]16,29,6)([33]24,10,4)([34]22,2,6)([35]26,22,2)([36]31,34,4)([37]26,11,0)([38]3,11,0)([39]21,20,0)([40]14,6,6)([41]33,20,7)([42]14,27,1)([43]16,15,4)([44]41,43,5)([45]9,3,2)([46]29,40,5)([47]44,25,5)([48]27,12,3)([49]46,29,4)([50]2,26,3)([51]21,0,3)([52]15,47,6)([53]14,51,2)([54]7,41,3)([55]8,1,6)([56]55,32,5)([57]23,54,3)([58]36,47,3)([59]11,56,1)([60]14,17,2)([61]24,1,1)([62]34,36,7)([63]2,4,7)([64]46,1,4)([65]30,14,5)([66]5,28,6)([67]60,38,0)([68]50,33,1)([69]6,49,2)([70]58,65,7)([71]38,36,0)([72]5,71,2)([73]46,13,1)([74]17,32,5)([75]32,53,0)([76]4,6,6)([77]56,70,5)([78]64,33,0)([79]20,48,0)([80]66,44,0)([81]41,63,2)([82]80,51,2)([83]21,34,4)([84]64,79,3)([85]71,52,4)([86]81,39,7)(77)
optimized area: 113.40
time: 601364 ms
seed: 1635313449
NOT FOUND
time: 984782 ms
seed: 1635471154
NOT FOUND
time: 977484 ms
seed: 1635612400
{7,1,80,1,2,1,8}([7]6,3,3)([8]0,5,7)([9]3,2,4)([10]9,4,6)([11]9,1,7)([12]0,2,6)([13]11,8,2)([14]6,13,7)([15]9,9,0)([16]4,6,5)([17]6,4,7)([18]0,13,5)([19]3,10,4)([20]0,4,5)([21]20,18,6)([22]7,1,3)([23]17,7,6)([24]12,19,6)([25]16,15,1)([26]0,17,7)([27]26,22,2)([28]24,17,3)([29]1,27,3)([30]8,10,3)([31]22,5,4)([32]20,24,4)([33]11,28,4)([34]31,6,3)([35]32,20,0)([36]16,15,7)([37]35,19,0)([38]30,14,5)([39]14,36,6)([40]14,20,0)([41]35,28,7)([42]1,22,5)([43]4,29,6)([44]26,14,1)([45]25,36,1)([46]14,39,6)([47]32,46,6)([48]28,43,7)([49]35,16,1)([50]21,19,5)([51]31,50,4)([52]38,21,0)([53]23,15,3)([54]46,28,7)([55]16,14,5)([56]2,36,6)([57]21,26,1)([58]1,31,3)([59]28,34,5)([60]40,8,3)([61]34,10,1)([62]21,6,5)([63]58,47,5)([64]63,47,3)([65]30,4,2)([66]38,56,3)([67]53,4,1)([68]55,63,2)([69]59,68,3)([70]63,58,4)([71]5,66,7)([72]60,34,6)([73]60,55,2)([74]32,3,1)([75]66,48,4)([76]44,30,3)([77]21,18,5)([78]73,33,6)([79]33,70,7)([80]52,22,6)([81]69,27,5)([82]81,40,7)([83]4,36,0)([84]39,44,1)([85]10,76,3)([86]75,69,2)(86)
evaluations: 25763531
first invidual area: 116.64
{7,1,80,1,2,1,8}([7]3,6,3)([8]0,5,7)([9]3,2,4)([10]9,4,6)([11]1,9,7)([12]0,2,6)([13]11,8,5)([14]13,6,4)([15]0,7,5)([16]6,4,5)([17]4,6,7)([18]8,10,3)([19]15,17,4)([20]14,18,5)([21]10,3,4)([22]8,10,2)([23]4,1,3)([24]12,21,6)([25]5,10,7)([26]0,25,5)([27]21,8,7)([28]24,17,3)([29]7,1,6)([30]4,0,5)([31]29,5,7)([32]25,22,3)([33]31,1,3)([34]31,6,3)([35]31,13,7)([36]9,16,7)([37]4,0,4)([38]19,2,7)([39]14,8,4)([40]15,1,2)([41]9,17,4)([42]30,21,7)([43]19,23,6)([44]10,32,0)([45]26,8,5)([46]36,42,6)([47]7,5,6)([48]43,28,7)([49]13,28,1)([50]33,46,5)([51]49,40,4)([52]8,3,7)([53]42,37,5)([54]28,2,7)([55]14,16,5)([56]36,2,6)([57]43,26,2)([58]57,34,7)([59]40,56,5)([60]39,18,0)([61]1,32,1)([62]34,28,5)([63]3,4,0)([64]44,49,3)([65]40,12,3)([66]58,64,7)([67]8,48,7)([68]55,50,2)([69]62,68,3)([70]20,18,4)([71]33,56,6)([72]29,68,7)([73]6,19,3)([74]20,56,3)([75]6,54,6)([76]50,10,5)([77]6,38,3)([78]56,54,3)([79]38,53,4)([80]44,3,6)([81]21,42,0)([82]48,74,4)([83]80,73,2)([84]71,6,4)([85]35,39,0)([86]82,69,2)(86)
optimized area: 111.02
time: 1152999 ms
seed: 1635660024
{7,1,80,1,2,1,8}([7]5,0,4)([8]3,0,3)([9]5,4,4)([10]1,6,7)([11]4,1,4)([12]11,9,5)([13]10,0,6)([14]7,13,1)([15]13,3,6)([16]3,1,2)([17]13,10,6)([18]6,5,3)([19]6,14,6)([20]2,13,4)([21]20,9,4)([22]12,16,2)([23]2,12,4)([24]1,15,4)([25]5,16,7)([26]7,22,2)([27]17,16,3)([28]5,2,6)([29]2,26,3)([30]29,4,7)([31]29,12,5)([32]19,4,3)([33]24,21,7)([34]8,0,2)([35]29,32,7)([36]16,0,1)([37]35,0,1)([38]37,27,4)([39]34,2,6)([40]2,34,5)([41]10,14,7)([42]26,37,0)([43]34,9,6)([44]31,27,7)([45]8,16,3)([46]33,44,2)([47]30,18,7)([48]17,43,6)([49]2,3,4)([50]14,16,7)([51]27,15,5)([52]23,49,3)([53]52,19,2)([54]18,10,2)([55]38,46,3)([56]9,15,2)([57]39,52,4)([58]16,32,5)([59]10,19,1)([60]29,39,7)([61]16,44,0)([62]40,18,3)([63]54,49,4)([64]35,26,3)([65]10,10,2)([66]53,55,7)([67]21,45,6)([68]9,6,4)([69]66,0,0)([70]7,45,1)([71]56,57,6)([72]60,50,3)([73]72,55,2)([74]0,10,6)([75]73,63,6)([76]20,23,6)([77]10,55,6)([78]30,15,0)([79]58,71,0)([80]75,66,6)([81]53,9,4)([82]8,34,5)([83]61,35,7)([84]83,81,4)([85]52,37,3)([86]20,73,6)(80)
evaluations: 32018328
first invidual area: 140.09
{7,1,80,1,2,1,8}([7]0,5,4)([8]1,5,7)([9]7,1,1)([10]1,6,7)([11]4,1,4)([12]8,11,5)([13]0,10,6)([14]12,7,2)([15]13,10,6)([16]3,1,2)([17]16,13,7)([18]3,6,1)([19]9,6,6)([20]2,11,7)([21]5,20,4)([22]12,16,2)([23]12,2,5)([24]13,18,6)([25]4,19,6)([26]7,22,2)([27]15,16,3)([28]5,1,3)([29]26,2,3)([30]11,28,7)([31]7,2,1)([32]24,21,7)([33]4,4,4)([34]25,13,1)([35]25,29,7)([36]5,18,1)([37]27,23,7)([38]35,27,4)([39]0,2,3)([40]23,2,3)([41]39,36,0)([42]30,10,4)([43]39,22,0)([44]9,16,0)([45]16,43,0)([46]37,19,5)([47]8,4,3)([48]23,12,2)([49]2,3,4)([50]25,0,1)([51]37,32,2)([52]48,49,3)([53]52,19,5)([54]6,5,7)([55]38,51,6)([56]28,10,5)([57]45,9,0)([58]19,9,2)([59]42,6,0)([60]49,46,1)([61]9,54,7)([62]7,45,4)([63]53,4,1)([64]29,41,4)([65]47,6,1)([66]38,43,4)([67]10,17,0)([68]49,56,7)([69]55,53,7)([70]0,25,2)([71]6,65,4)([72]64,62,3)([73]72,53,2)([74]22,39,0)([75]73,68,6)([76]41,26,1)([77]75,69,6)([78]21,41,5)([79]43,49,6)([80]30,69,0)([81]77,15,4)([82]1,0,6)([83]79,6,4)([84]64,57,2)([85]52,28,1)([86]64,58,5)(77)
optimized area: 127.43
time: 1164455 ms
seed: 1635707900
NOT FOUND
time: 1077845 ms
seed: 1635755156
NOT FOUND
time: 1085176 ms
seed: 1635802087
NOT FOUND
time: 1061927 ms
seed: 1635845309
NOT FOUND
time: 1061607 ms
seed: 1635887320
NOT FOUND
time: 1067426 ms
seed: 1635923426
NOT FOUND
time: 1058128 ms
seed: 1635959722
NOT FOUND
time: 1044170 ms
seed: 1635995581
{7,1,80,1,2,1,8}([7]2,3,7)([8]3,1,4)([9]4,8,7)([10]5,7,6)([11]8,6,2)([12]1,2,3)([13]5,2,5)([14]11,4,7)([15]5,1,5)([16]6,7,2)([17]0,2,1)([18]0,14,3)([19]10,9,1)([20]17,10,6)([21]1,13,7)([22]18,6,7)([23]4,16,1)([24]6,19,7)([25]21,20,6)([26]3,22,7)([27]23,25,3)([28]3,6,3)([29]5,20,6)([30]8,28,5)([31]6,29,3)([32]25,26,1)([33]26,12,3)([34]7,5,2)([35]34,27,7)([36]7,13,2)([37]13,17,2)([38]24,30,4)([39]8,5,4)([40]29,20,0)([41]28,35,2)([42]35,26,5)([43]34,16,7)([44]24,30,6)([45]15,41,4)([46]3,5,2)([47]39,44,4)([48]43,44,3)([49]47,14,3)([50]48,17,7)([51]28,50,6)([52]21,28,3)([53]19,7,3)([54]22,17,5)([55]5,45,1)([56]51,15,2)([57]24,36,5)([58]42,50,2)([59]58,49,7)([60]45,19,4)([61]14,35,5)([62]24,40,1)([63]30,59,4)([64]53,14,7)([65]33,31,2)([66]33,39,1)([67]65,36,4)([68]59,67,5)([69]65,36,5)([70]50,65,0)([71]11,22,6)([72]12,37,7)([73]57,22,0)([74]39,13,2)([75]41,22,5)([76]54,31,1)([77]39,25,5)([78]68,45,4)([79]71,16,5)([80]68,25,7)([81]51,73,6)([82]11,17,3)([83]46,6,6)([84]15,78,1)([85]49,38,1)([86]54,24,0)(78)
evaluations: 22174201
first invidual area: 135.39
{7,1,80,1,2,1,8}([7]2,3,7)([8]3,1,4)([9]0,7,1)([10]5,7,6)([11]6,8,5)([12]10,6,4)([13]5,2,5)([14]4,11,4)([15]13,1,7)([16]11,9,7)([17]7,12,5)([18]0,14,6)([19]8,9,4)([20]9,10,6)([21]16,1,0)([22]3,18,4)([23]4,13,6)([24]20,15,6)([25]4,21,1)([26]22,6,7)([27]24,25,3)([28]3,6,3)([29]20,5,6)([30]28,28,1)([31]26,1,3)([32]12,29,3)([33]2,31,3)([34]5,7,2)([35]34,27,7)([36]7,13,5)([37]35,26,3)([38]35,1,2)([39]8,5,7)([40]5,1,5)([41]35,28,5)([42]35,26,5)([43]13,28,7)([44]12,30,6)([45]40,41,7)([46]17,34,7)([47]39,44,6)([48]43,47,3)([49]14,47,6)([50]46,9,4)([51]11,45,7)([52]33,28,3)([53]24,31,2)([54]4,42,2)([55]33,52,2)([56]50,42,5)([57]34,51,1)([58]31,3,5)([59]11,40,1)([60]46,14,4)([61]33,32,5)([62]15,44,2)([63]10,48,1)([64]30,53,5)([65]54,30,3)([66]56,49,7)([67]61,36,4)([68]62,28,4)([69]13,27,6)([70]66,45,0)([71]10,52,0)([72]22,56,3)([73]34,19,7)([74]70,67,5)([75]2,71,6)([76]15,57,4)([77]21,7,7)([78]7,25,3)([79]15,26,0)([80]67,63,4)([81]27,31,1)([82]79,41,4)([83]45,74,4)([84]22,66,7)([85]29,62,1)([86]10,62,6)(83)
optimized area: 126.01
time: 1221529 ms
seed: 1636030140
{7,1,80,1,2,1,8}([7]1,5,3)([8]4,5,6)([9]3,2,4)([10]0,7,5)([11]5,1,2)([12]9,7,4)([13]4,2,4)([14]1,2,3)([15]3,12,5)([16]6,7,2)([17]1,2,1)([18]9,10,2)([19]2,18,7)([20]8,18,7)([21]20,9,5)([22]13,15,7)([23]22,13,6)([24]2,13,0)([25]2,21,4)([26]0,16,3)([27]17,25,6)([28]27,15,7)([29]23,1,3)([30]28,26,4)([31]10,29,6)([32]13,16,2)([33]20,8,0)([34]27,0,7)([35]4,30,2)([36]26,30,1)([37]26,6,5)([38]11,2,0)([39]34,29,4)([40]18,2,4)([41]21,11,1)([42]32,35,1)([43]36,19,7)([44]10,25,7)([45]41,1,3)([46]27,38,7)([47]38,21,2)([48]6,20,1)([49]35,47,7)([50]6,1,5)([51]42,49,4)([52]1,15,7)([53]42,45,6)([54]53,10,6)([55]42,39,0)([56]14,20,2)([57]56,49,4)([58]45,24,6)([59]23,38,5)([60]42,57,4)([61]37,59,4)([62]21,11,3)([63]7,18,2)([64]30,53,4)([65]39,64,5)([66]24,27,2)([67]39,50,2)([68]61,60,3)([69]19,40,4)([70]22,59,5)([71]51,2,6)([72]12,70,4)([73]2,2,6)([74]15,22,1)([75]34,3,3)([76]34,29,6)([77]64,4,7)([78]5,27,0)([79]11,3,0)([80]61,46,4)([81]67,77,3)([82]14,44,4)([83]14,42,4)([84]16,32,5)([85]18,47,1)([86]81,68,2)(86)
evaluations: 39495554
first invidual area: 137.26
{7,1,80,1,2,1,8}([7]1,5,3)([8]5,4,3)([9]3,2,4)([10]1,7,1)([11]1,5,2)([12]2,7,7)([13]2,4,4)([14]1,2,3)([15]3,12,2)([16]7,6,2)([17]0,7,5)([18]9,17,5)([19]6,2,0)([20]8,18,7)([21]20,9,5)([22]12,17,1)([23]15,13,6)([24]14,8,0)([25]2,21,4)([26]0,16,3)([27]10,25,6)([28]27,26,4)([29]1,23,3)([30]15,28,4)([31]17,23,3)([32]13,16,5)([33]27,1,1)([34]32,10,0)([35]4,30,5)([36]16,11,4)([37]26,6,5)([38]27,0,4)([39]38,29,7)([40]9,32,3)([41]39,5,0)([42]27,29,7)([43]11,7,2)([44]23,11,5)([45]2,27,4)([46]42,10,5)([47]11,21,5)([48]38,36,3)([49]35,47,7)([50]16,1,5)([51]13,37,4)([52]38,1,7)([53]29,40,6)([54]35,48,2)([55]37,32,0)([56]14,20,5)([57]56,49,4)([58]53,22,4)([59]25,41,2)([60]55,0,0)([61]16,42,3)([62]58,55,6)([63]48,59,2)([64]30,53,7)([65]44,55,4)([66]7,56,4)([67]39,50,5)([68]65,57,3)([69]54,52,3)([70]42,59,1)([71]46,28,0)([72]39,52,4)([73]37,0,1)([74]36,11,0)([75]52,48,5)([76]20,12,3)([77]4,64,7)([78]64,75,4)([79]51,62,7)([80]7,8,6)([81]67,77,5)([82]37,14,7)([83]22,12,2)([84]16,64,5)([85]17,51,3)([86]81,68,2)(86)
optimized area: 122.26
time: 1108087 ms
seed: 1636064120
{7,1,80,1,2,1,8}([7]0,1,6)([8]2,7,4)([9]4,6,7)([10]3,5,3)([11]5,6,3)([12]1,6,0)([13]5,4,6)([14]5,4,3)([15]1,8,4)([16]11,3,7)([17]4,11,6)([18]12,4,4)([19]9,15,3)([20]9,5,5)([21]13,0,4)([22]9,20,5)([23]21,12,5)([24]7,20,7)([25]16,21,5)([26]7,3,7)([27]19,2,7)([28]18,27,3)([29]3,27,2)([30]17,19,7)([31]28,24,2)([32]29,25,3)([33]21,9,7)([34]30,31,7)([35]9,32,7)([36]6,33,1)([37]8,17,7)([38]1,9,1)([39]36,8,4)([40]4,26,2)([41]9,18,7)([42]29,35,5)([43]11,37,4)([44]28,6,4)([45]19,38,6)([46]6,35,2)([47]18,11,6)([48]30,23,2)([49]26,15,7)([50]27,44,7)([51]38,40,5)([52]39,26,5)([53]37,32,3)([54]48,9,4)([55]0,30,4)([56]37,55,6)([57]3,54,6)([58]27,12,2)([59]7,8,4)([60]33,52,3)([61]49,43,5)([62]57,6,2)([63]46,53,7)([64]44,32,1)([65]60,34,2)([66]54,40,3)([67]19,28,2)([68]66,61,5)([69]42,29,2)([70]58,7,1)([71]51,27,2)([72]46,25,4)([73]65,68,3)([74]69,51,3)([75]13,15,6)([76]27,1,1)([77]63,73,7)([78]49,59,1)([79]60,49,4)([80]78,65,0)([81]21,69,0)([82]73,10,3)([83]10,76,2)([84]70,31,4)([85]68,9,2)([86]74,46,6)(77)
evaluations: 25842008
first invidual area: 146.20
{7,1,80,1,2,1,8}([7]1,0,6)([8]7,2,4)([9]4,6,7)([10]5,9,5)([11]5,6,3)([12]11,3,7)([13]6,1,7)([14]4,5,3)([15]8,1,4)([16]4,7,3)([17]6,14,3)([18]4,1,4)([19]15,9,3)([20]9,14,0)([21]14,0,7)([22]19,8,7)([23]1,21,5)([24]10,7,7)([25]12,21,5)([26]7,3,7)([27]13,25,3)([28]8,18,3)([29]22,0,2)([30]17,19,5)([31]28,24,5)([32]25,29,3)([33]20,0,4)([34]31,30,4)([35]32,9,7)([36]11,8,6)([37]30,22,7)([38]19,0,5)([39]37,6,5)([40]4,26,2)([41]26,15,7)([42]36,39,6)([43]11,37,4)([44]26,29,5)([45]28,14,2)([46]6,35,5)([47]30,23,5)([48]31,35,6)([49]24,31,2)([50]21,3,0)([51]32,33,7)([52]39,26,5)([53]37,32,6)([54]20,47,7)([55]52,28,2)([56]20,0,7)([57]40,1,7)([58]0,24,7)([59]37,46,2)([60]56,52,3)([61]41,43,5)([62]49,7,5)([63]46,53,4)([64]57,25,2)([65]60,34,2)([66]54,40,3)([67]30,39,6)([68]66,61,5)([69]60,19,7)([70]65,68,6)([71]56,57,0)([72]28,22,3)([73]12,8,0)([74]22,46,0)([75]63,34,0)([76]55,52,0)([77]75,70,7)([78]68,15,3)([79]19,44,1)([80]59,32,3)([81]40,43,2)([82]26,3,4)([83]75,74,5)([84]79,1,5)([85]33,49,1)([86]64,59,6)(77)
optimized area: 137.75
time: 1224420 ms
