seed: 1633856222
{7,1,80,1,2,1,8}([7]1,4,6)([8]0,2,4)([9]7,0,6)([10]4,6,5)([11]3,8,4)([12]8,10,4)([13]10,2,4)([14]1,6,4)([15]14,7,4)([16]11,6,4)([17]7,6,6)([18]1,4,7)([19]11,9,6)([20]12,4,2)([21]5,20,6)([22]8,21,4)([23]17,4,7)([24]4,9,7)([25]24,15,5)([26]5,20,5)([27]13,21,2)([28]16,25,6)([29]20,3,4)([30]21,24,5)([31]3,30,4)([32]21,30,3)([33]9,5,7)([34]21,0,7)([35]11,18,2)([36]34,7,4)([37]19,22,6)([38]35,22,7)([39]26,16,7)([40]34,23,7)([41]25,37,3)([42]29,13,6)([43]41,39,7)([44]9,20,4)([45]7,33,4)([46]31,45,5)([47]38,42,5)([48]36,40,6)([49]47,19,6)([50]47,45,3)([51]8,5,4)([52]17,27,7)([53]4,14,6)([54]52,44,6)([55]50,6,0)([56]13,28,3)([57]18,18,4)([58]55,43,4)([59]16,41,6)([60]59,57,7)([61]46,58,5)([62]8,15,6)([63]25,58,2)([64]32,5,6)([65]58,42,1)([66]60,25,3)([67]9,43,7)([68]67,56,1)([69]25,61,0)([70]2,8,1)([71]33,39,1)([72]36,7,3)([73]27,29,0)([74]54,49,3)([75]0,55,1)([76]61,18,6)([77]56,66,3)([78]62,24,1)([79]57,22,1)([80]79,66,4)([81]51,70,0)([82]78,74,5)([83]18,6,1)([84]18,59,7)([85]82,61,2)([86]62,67,4)(85)
evaluations: 35121589
first invidual area: 149.94
{7,1,80,1,2,1,8}([7]4,1,6)([8]2,0,4)([9]0,7,6)([10]6,4,5)([11]3,8,4)([12]10,8,4)([13]12,0,4)([14]1,6,7)([15]14,7,7)([16]6,12,0)([17]11,4,6)([18]4,1,7)([19]16,7,3)([20]12,4,2)([21]5,20,6)([22]21,8,4)([23]12,21,0)([24]4,9,7)([25]24,15,5)([26]5,20,5)([27]6,11,4)([28]9,20,4)([29]3,20,4)([30]23,21,5)([31]30,3,5)([32]25,15,0)([33]7,5,4)([34]1,32,4)([35]11,18,5)([36]29,29,6)([37]17,22,6)([38]35,22,4)([39]26,27,7)([40]2,29,1)([41]37,32,3)([42]29,13,6)([43]41,39,7)([44]17,14,4)([45]9,33,7)([46]31,45,5)([47]38,42,5)([48]42,23,4)([49]32,29,5)([50]47,45,3)([51]21,13,5)([52]19,51,7)([53]3,39,1)([54]28,52,6)([55]40,14,0)([56]15,8,3)([57]24,9,1)([58]50,43,4)([59]47,0,6)([60]6,19,2)([61]58,46,5)([62]54,34,0)([63]9,51,4)([64]50,45,7)([65]47,7,1)([66]57,39,2)([67]22,11,5)([68]44,26,3)([69]29,60,6)([70]19,27,1)([71]21,55,2)([72]10,24,4)([73]6,46,6)([74]54,59,3)([75]40,62,4)([76]38,73,4)([77]72,8,5)([78]72,57,6)([79]34,62,1)([80]32,23,0)([81]32,3,5)([82]56,74,5)([83]62,31,4)([84]10,80,7)([85]82,61,2)([86]12,72,5)(85)
optimized area: 144.78
time: 592624 ms
seed: 1633943099
NOT FOUND
time: 536085 ms
seed: 1633970807
{7,1,80,1,2,1,8}([7]4,6,7)([8]3,0,2)([9]1,8,6)([10]2,1,5)([11]1,4,6)([12]0,5,4)([13]7,2,7)([14]1,9,1)([15]6,3,4)([16]0,1,1)([17]7,13,2)([18]16,5,7)([19]13,0,7)([20]12,4,2)([21]2,18,5)([22]5,3,5)([23]10,15,4)([24]15,14,2)([25]1,20,3)([26]18,11,5)([27]19,23,4)([28]21,25,2)([29]22,25,4)([30]3,27,3)([31]9,15,2)([32]28,29,3)([33]9,5,6)([34]29,23,6)([35]33,18,3)([36]21,34,4)([37]35,3,3)([38]32,30,2)([39]18,38,5)([40]36,17,7)([41]9,2,4)([42]31,18,3)([43]41,18,0)([44]7,43,4)([45]34,19,7)([46]26,44,2)([47]16,43,3)([48]26,28,6)([49]38,8,6)([50]34,12,6)([51]43,48,5)([52]42,40,6)([53]37,36,7)([54]39,27,7)([55]54,53,5)([56]21,19,1)([57]49,46,6)([58]21,49,7)([59]5,8,0)([60]24,44,1)([61]11,55,4)([62]57,52,7)([63]15,26,7)([64]63,14,4)([65]54,28,4)([66]14,39,4)([67]57,60,1)([68]29,36,0)([69]63,19,0)([70]62,55,2)([71]60,21,2)([72]45,26,2)([73]43,16,7)([74]4,62,5)([75]63,17,2)([76]54,71,2)([77]39,52,5)([78]33,46,6)([79]26,28,2)([80]63,16,2)([81]18,11,7)([82]79,14,2)([83]24,27,5)([84]11,71,3)([85]10,67,7)([86]1,8,6)(70)
evaluations: 13901233
first invidual area: 136.80
{7,1,80,1,2,1,8}([7]6,4,7)([8]0,3,2)([9]1,8,6)([10]1,2,5)([11]4,1,3)([12]5,2,5)([13]7,2,7)([14]9,13,7)([15]6,3,4)([16]7,13,0)([17]15,9,2)([18]5,0,4)([19]0,13,7)([20]12,11,2)([21]2,18,5)([22]3,5,5)([23]15,10,4)([24]11,22,6)([25]1,20,6)([26]18,25,5)([27]19,23,4)([28]20,21,2)([29]25,22,7)([30]27,3,3)([31]5,8,5)([32]1,16,3)([33]18,17,3)([34]29,23,3)([35]29,28,3)([36]13,7,5)([37]25,26,5)([38]35,30,2)([39]14,26,2)([40]34,36,4)([41]25,19,6)([42]37,34,5)([43]8,1,0)([44]42,21,4)([45]2,42,0)([46]19,21,7)([47]8,38,6)([48]38,18,5)([49]2,45,1)([50]39,23,5)([51]48,27,7)([52]40,33,3)([53]39,33,5)([54]38,18,6)([55]51,44,5)([56]42,8,5)([57]47,39,3)([58]30,28,7)([59]55,17,5)([60]23,45,1)([61]17,59,6)([62]57,52,7)([63]39,2,1)([64]52,29,5)([65]58,59,7)([66]5,5,3)([67]62,55,2)([68]65,44,3)([69]22,8,5)([70]67,22,1)([71]0,51,5)([72]17,20,2)([73]1,41,1)([74]5,47,0)([75]1,66,3)([76]2,56,0)([77]36,3,4)([78]34,28,6)([79]30,0,4)([80]34,14,7)([81]35,79,3)([82]2,34,4)([83]24,30,2)([84]71,75,3)([85]66,62,3)([86]38,23,3)(67)
optimized area: 119.45
time: 655606 ms
seed: 1633993722
NOT FOUND
time: 529408 ms
seed: 1634042678
{7,1,80,1,2,1,8}([7]4,0,7)([8]5,2,4)([9]6,8,1)([10]9,0,3)([11]5,10,5)([12]3,4,5)([13]4,2,4)([14]7,11,7)([15]14,10,7)([16]9,0,2)([17]14,9,4)([18]1,15,3)([19]2,5,2)([20]19,18,2)([21]10,5,7)([22]16,20,6)([23]22,17,2)([24]12,10,3)([25]1,13,7)([26]8,23,7)([27]2,16,7)([28]14,6,1)([29]2,7,3)([30]16,6,3)([31]18,21,1)([32]17,9,0)([33]22,25,2)([34]29,17,2)([35]1,7,3)([36]33,25,1)([37]26,3,7)([38]24,12,7)([39]29,4,7)([40]7,33,2)([41]21,17,7)([42]15,24,4)([43]16,34,1)([44]40,18,7)([45]28,35,7)([46]27,45,4)([47]10,35,5)([48]33,16,0)([49]45,5,5)([50]43,38,3)([51]36,41,2)([52]7,47,3)([53]12,20,3)([54]34,51,3)([55]1,45,2)([56]52,38,7)([57]24,6,1)([58]24,5,2)([59]44,46,3)([60]56,53,5)([61]37,54,2)([62]58,17,7)([63]25,7,7)([64]5,61,7)([65]26,58,4)([66]64,59,5)([67]38,7,1)([68]66,65,0)([69]16,68,1)([70]23,6,3)([71]42,67,3)([72]18,0,6)([73]39,32,3)([74]51,59,3)([75]68,60,4)([76]47,72,3)([77]14,46,2)([78]55,50,7)([79]64,46,7)([80]73,0,4)([81]0,14,1)([82]72,21,6)([83]61,52,1)([84]51,3,3)([85]0,84,5)([86]14,37,1)(75)
evaluations: 9370480
first invidual area: 147.12
{7,1,80,1,2,1,8}([7]4,0,7)([8]3,5,4)([9]6,4,1)([10]0,9,3)([11]5,10,5)([12]4,3,5)([13]4,1,7)([14]7,11,7)([15]14,10,7)([16]9,0,2)([17]14,9,4)([18]15,1,3)([19]5,2,2)([20]18,19,2)([21]11,8,1)([22]16,20,6)([23]7,18,0)([24]1,10,5)([25]2,13,4)([26]2,8,4)([27]2,14,4)([28]24,7,6)([29]5,6,4)([30]2,28,3)([31]17,22,5)([32]27,2,3)([33]25,22,2)([34]32,17,2)([35]1,7,6)([36]31,26,7)([37]1,23,2)([38]12,11,3)([39]27,16,4)([40]1,5,3)([41]29,15,4)([42]39,35,4)([43]33,7,5)([44]43,18,5)([45]13,0,5)([46]35,17,5)([47]33,16,1)([48]22,9,6)([49]11,19,7)([50]6,26,1)([51]47,41,2)([52]21,18,3)([53]12,20,3)([54]34,51,3)([55]30,12,6)([56]28,38,4)([57]3,33,1)([58]42,41,1)([59]44,42,3)([60]56,53,5)([61]36,54,5)([62]14,32,4)([63]46,10,7)([64]5,61,4)([65]39,7,2)([66]59,64,5)([67]66,60,4)([68]64,25,2)([69]7,15,5)([70]16,39,0)([71]56,22,3)([72]23,33,4)([73]19,35,4)([74]65,22,0)([75]66,66,3)([76]7,58,5)([77]62,29,6)([78]56,62,7)([79]15,26,4)([80]19,55,3)([81]50,80,2)([82]75,38,1)([83]10,22,0)([84]70,14,6)([85]80,2,5)([86]54,83,0)(67)
optimized area: 136.80
time: 676878 ms
seed: 1634156762
{7,1,80,1,2,1,8}([7]1,3,7)([8]2,0,4)([9]8,4,6)([10]3,5,6)([11]2,10,6)([12]9,4,6)([13]7,4,3)([14]7,12,3)([15]8,6,5)([16]0,9,2)([17]12,15,7)([18]9,6,1)([19]10,9,6)([20]4,2,4)([21]5,17,6)([22]12,0,7)([23]6,5,2)([24]19,1,3)([25]14,21,4)([26]4,19,3)([27]0,4,5)([28]12,23,6)([29]1,20,4)([30]0,10,4)([31]6,14,3)([32]13,15,6)([33]31,0,2)([34]29,18,2)([35]5,16,3)([36]35,16,4)([37]27,3,4)([38]19,21,6)([39]37,1,1)([40]25,25,5)([41]24,31,6)([42]19,25,4)([43]37,38,6)([44]35,31,2)([45]11,29,1)([46]6,11,4)([47]28,3,4)([48]26,47,4)([49]34,25,2)([50]41,4,6)([51]19,12,3)([52]36,45,0)([53]52,32,5)([54]27,49,5)([55]26,6,2)([56]27,43,3)([57]40,36,6)([58]6,43,4)([59]48,57,6)([60]16,4,3)([61]46,56,2)([62]25,48,5)([63]61,53,7)([64]53,56,7)([65]48,14,2)([66]57,13,2)([67]44,43,3)([68]67,7,6)([69]3,54,7)([70]61,61,4)([71]59,63,5)([72]67,46,3)([73]37,55,5)([74]42,40,4)([75]69,50,0)([76]69,71,4)([77]39,76,6)([78]46,28,1)([79]25,51,2)([80]40,1,5)([81]76,10,1)([82]42,60,1)([83]81,72,4)([84]67,22,0)([85]9,69,2)([86]39,60,6)(83)
evaluations: 27815810
first invidual area: 145.21
{7,1,80,1,2,1,8}([7]5,6,2)([8]2,0,4)([9]8,4,6)([10]3,5,6)([11]3,1,7)([12]4,9,6)([13]2,10,3)([14]12,11,3)([15]8,6,5)([16]0,9,2)([17]12,15,7)([18]16,5,3)([19]10,9,6)([20]2,4,7)([21]5,17,6)([22]7,14,3)([23]9,11,3)([24]22,15,4)([25]21,14,4)([26]14,2,0)([27]4,0,5)([28]12,7,3)([29]20,1,7)([30]25,18,0)([31]19,4,3)([32]10,2,6)([33]27,3,4)([34]29,30,2)([35]3,28,4)([36]18,16,4)([37]1,35,4)([38]16,34,5)([39]9,21,1)([40]36,33,4)([41]21,19,6)([42]25,8,1)([43]33,41,6)([44]18,22,2)([45]38,36,5)([46]6,13,7)([47]27,31,1)([48]31,35,7)([49]8,12,3)([50]15,0,5)([51]15,11,6)([52]39,34,2)([53]36,28,3)([54]27,52,5)([55]49,9,7)([56]27,43,3)([57]42,36,6)([58]27,39,5)([59]48,57,6)([60]25,51,5)([61]46,56,5)([62]18,18,7)([63]61,60,4)([64]30,30,5)([65]17,30,5)([66]17,43,6)([67]44,43,3)([68]18,16,4)([69]54,3,7)([70]42,39,2)([71]59,63,5)([72]67,46,6)([73]20,15,2)([74]49,68,7)([75]32,50,7)([76]69,71,7)([77]45,37,0)([78]70,6,4)([79]29,39,5)([80]14,45,7)([81]14,43,1)([82]77,22,6)([83]76,72,7)([84]38,45,7)([85]56,56,1)([86]33,77,6)(83)
optimized area: 140.53
time: 630611 ms
seed: 1634204119
{7,1,80,1,2,1,8}([7]5,1,7)([8]4,4,1)([9]5,6,7)([10]5,2,5)([11]0,6,4)([12]11,5,2)([13]11,10,2)([14]7,4,1)([15]3,4,7)([16]6,4,7)([17]16,4,2)([18]15,1,6)([19]17,11,0)([20]17,0,3)([21]1,20,7)([22]1,9,0)([23]11,5,6)([24]7,20,7)([25]18,14,6)([26]12,21,7)([27]2,18,4)([28]8,17,2)([29]20,8,2)([30]3,29,6)([31]3,27,6)([32]17,14,4)([33]12,32,3)([34]33,7,4)([35]10,24,4)([36]15,24,2)([37]24,16,1)([38]25,21,4)([39]11,30,5)([40]35,4,4)([41]38,2,1)([42]4,41,7)([43]9,39,6)([44]18,34,5)([45]41,8,6)([46]27,23,4)([47]12,29,2)([48]26,27,0)([49]33,27,4)([50]40,18,7)([51]44,46,5)([52]18,6,3)([53]51,40,4)([54]6,13,5)([55]38,49,5)([56]48,51,2)([57]35,48,3)([58]19,9,0)([59]30,14,4)([60]42,49,1)([61]57,53,2)([62]55,59,6)([63]30,22,4)([64]14,31,5)([65]31,43,2)([66]36,61,3)([67]53,24,1)([68]14,30,4)([69]59,54,1)([70]26,61,0)([71]22,65,2)([72]71,62,3)([73]66,72,7)([74]72,5,1)([75]73,38,2)([76]67,11,6)([77]13,4,0)([78]42,28,3)([79]18,24,7)([80]71,47,0)([81]7,33,1)([82]71,66,5)([83]31,50,6)([84]44,42,1)([85]22,47,1)([86]73,26,1)(73)
evaluations: 36599886
first invidual area: 145.72
{7,1,80,1,2,1,8}([7]5,1,7)([8]4,3,0)([9]7,8,0)([10]5,4,0)([11]6,0,4)([12]11,5,2)([13]4,1,1)([14]1,11,5)([15]8,3,7)([16]2,5,5)([17]6,8,2)([18]1,15,6)([19]15,0,0)([20]17,0,3)([21]1,20,7)([22]5,11,6)([23]6,9,2)([24]21,5,7)([25]12,21,7)([26]24,19,2)([27]2,18,4)([28]18,9,5)([29]20,19,2)([30]29,3,6)([31]17,9,7)([32]30,18,6)([33]12,31,3)([34]21,21,2)([35]16,24,4)([36]27,22,4)([37]33,10,7)([38]32,34,4)([39]28,5,7)([40]35,4,4)([41]15,7,4)([42]41,28,7)([43]14,23,6)([44]22,16,3)([45]19,27,4)([46]3,43,4)([47]37,18,5)([48]7,7,5)([49]33,27,4)([50]24,47,6)([51]47,36,5)([52]36,50,5)([53]40,51,4)([54]24,16,0)([55]38,49,5)([56]42,54,1)([57]0,30,5)([58]25,35,3)([59]30,9,7)([60]53,58,2)([61]2,48,5)([62]55,59,6)([63]53,36,2)([64]21,6,0)([65]51,43,2)([66]26,60,6)([67]25,0,0)([68]65,41,6)([69]52,3,3)([70]48,66,7)([71]30,65,2)([72]71,62,6)([73]67,21,3)([74]32,55,5)([75]1,51,7)([76]9,67,7)([77]66,22,0)([78]28,70,0)([79]72,77,7)([80]60,44,0)([81]65,49,6)([82]20,76,3)([83]49,33,1)([84]60,52,1)([85]66,36,7)([86]41,68,2)(79)
optimized area: 133.54
time: 570531 ms
seed: 1634253055
NOT FOUND
time: 522988 ms
seed: 1634301178
NOT FOUND
time: 537337 ms
seed: 1634341681
{7,1,80,1,2,1,8}([7]4,2,3)([8]0,1,5)([9]7,1,5)([10]6,9,4)([11]8,2,1)([12]6,2,5)([13]2,0,2)([14]12,3,7)([15]10,14,4)([16]2,8,1)([17]9,16,2)([18]0,5,2)([19]3,4,5)([20]3,13,5)([21]19,9,7)([22]10,12,2)([23]6,2,7)([24]8,5,4)([25]18,6,2)([26]24,23,0)([27]22,21,4)([28]25,10,7)([29]8,15,5)([30]0,29,4)([31]1,6,3)([32]3,27,5)([33]7,11,7)([34]21,18,3)([35]23,32,6)([36]7,25,3)([37]4,30,4)([38]7,34,2)([39]35,21,4)([40]39,39,2)([41]37,15,2)([42]41,38,7)([43]2,11,6)([44]12,0,6)([45]38,24,7)([46]15,42,6)([47]24,19,1)([48]6,11,2)([49]16,40,5)([50]28,31,5)([51]11,41,2)([52]46,26,6)([53]2,27,7)([54]5,27,1)([55]40,53,6)([56]4,19,2)([57]37,14,4)([58]38,57,2)([59]58,45,4)([60]23,57,7)([61]25,36,3)([62]55,50,5)([63]46,50,5)([64]14,27,4)([65]26,51,2)([66]28,40,5)([67]29,41,4)([68]50,37,3)([69]49,1,3)([70]55,30,4)([71]19,68,7)([72]6,34,2)([73]49,6,1)([74]70,69,2)([75]3,22,0)([76]74,59,6)([77]41,22,4)([78]58,70,3)([79]0,77,7)([80]39,48,4)([81]79,25,1)([82]76,66,2)([83]15,11,3)([84]42,3,2)([85]49,61,4)([86]71,82,4)(86)
evaluations: 24832078
first invidual area: 137.75
{7,1,80,1,2,1,8}([7]4,2,3)([8]0,1,5)([9]1,7,5)([10]9,6,4)([11]1,6,1)([12]2,6,5)([13]12,10,2)([14]12,3,7)([15]5,2,5)([16]10,13,5)([17]10,14,4)([18]0,5,2)([19]3,4,5)([20]14,3,0)([21]19,9,7)([22]8,12,6)([23]3,15,1)([24]21,18,3)([25]6,18,5)([26]8,17,5)([27]10,23,3)([28]25,10,4)([29]20,18,2)([30]0,26,4)([31]30,26,0)([32]24,31,2)([33]24,9,5)([34]11,27,5)([35]32,11,6)([36]26,15,1)([37]4,30,4)([38]7,24,2)([39]27,21,2)([40]7,27,7)([41]20,11,2)([42]4,1,7)([43]39,28,5)([44]34,16,2)([45]21,36,2)([46]8,5,7)([47]20,36,2)([48]21,13,6)([49]6,25,0)([50]18,3,0)([51]37,29,5)([52]34,51,1)([53]28,43,1)([54]47,50,3)([55]39,2,3)([56]39,11,5)([57]37,20,7)([58]38,57,5)([59]58,46,7)([60]37,53,6)([61]4,44,3)([62]1,41,7)([63]62,11,2)([64]63,29,2)([65]55,48,7)([66]35,56,7)([67]33,50,2)([68]35,67,6)([69]56,2,3)([70]65,31,4)([71]19,60,4)([72]3,30,4)([73]69,70,2)([74]1,66,4)([75]7,59,6)([76]73,59,6)([77]68,62,3)([78]66,3,6)([79]50,11,6)([80]4,27,1)([81]59,24,0)([82]76,43,5)([83]21,48,3)([84]50,4,2)([85]60,23,1)([86]71,82,7)(86)
optimized area: 118.98
time: 610789 ms
seed: 1634390588
NOT FOUND
time: 521699 ms
seed: 1634439644
{7,1,80,1,2,1,8}([7]6,4,2)([8]1,5,4)([9]3,4,2)([10]5,6,4)([11]8,2,7)([12]2,7,3)([13]12,9,7)([14]10,6,3)([15]14,9,4)([16]2,1,3)([17]7,5,2)([18]6,3,2)([19]11,4,4)([20]11,19,5)([21]10,3,5)([22]19,5,4)([23]15,21,2)([24]13,11,5)([25]10,3,7)([26]7,24,7)([27]14,1,5)([28]16,3,2)([29]13,26,5)([30]28,0,5)([31]14,26,0)([32]13,20,7)([33]19,27,7)([34]13,23,5)([35]30,29,7)([36]14,23,3)([37]0,34,7)([38]37,29,7)([39]37,3,4)([40]0,32,7)([41]2,33,2)([42]29,3,5)([43]20,3,2)([44]22,36,4)([45]2,0,1)([46]8,4,4)([47]29,4,1)([48]5,34,7)([49]3,27,2)([50]14,20,4)([51]24,41,1)([52]25,46,5)([53]26,16,1)([54]44,52,5)([55]53,1,7)([56]49,21,6)([57]50,39,4)([58]40,54,2)([59]40,57,3)([60]41,22,5)([61]33,3,5)([62]57,39,1)([63]38,4,1)([64]19,11,1)([65]47,34,0)([66]2,61,6)([67]39,58,6)([68]64,30,3)([69]62,18,4)([70]31,30,4)([71]67,67,6)([72]2,54,5)([73]57,67,4)([74]11,47,4)([75]60,69,3)([76]66,71,1)([77]76,25,1)([78]75,76,4)([79]52,28,7)([80]50,35,6)([81]78,80,3)([82]51,63,4)([83]54,59,6)([84]1,50,3)([85]67,81,6)([86]30,63,3)(85)
evaluations: 39610380
first invidual area: 161.64
{7,1,80,1,2,1,8}([7]4,6,2)([8]5,1,4)([9]3,4,2)([10]6,5,4)([11]2,8,7)([12]7,2,3)([13]12,9,7)([14]6,10,3)([15]14,2,4)([16]7,2,6)([17]3,6,2)([18]10,2,0)([19]11,4,4)([20]11,19,5)([21]18,3,5)([22]19,5,4)([23]21,15,2)([24]14,22,4)([25]0,12,0)([26]11,7,4)([27]14,1,5)([28]0,8,2)([29]13,26,5)([30]28,9,5)([31]28,17,2)([32]13,25,4)([33]19,27,7)([34]13,23,5)([35]30,29,7)([36]20,9,2)([37]25,3,7)([38]25,15,5)([39]37,34,4)([40]20,32,4)([41]2,33,2)([42]3,15,0)([43]30,4,6)([44]30,40,5)([45]17,26,4)([46]14,16,1)([47]38,30,0)([48]23,30,1)([49]12,12,5)([50]14,20,4)([51]22,28,3)([52]48,45,5)([53]42,52,3)([54]24,52,5)([55]44,36,6)([56]39,15,7)([57]50,37,3)([58]40,54,2)([59]13,21,3)([60]41,22,5)([61]33,3,5)([62]50,10,0)([63]10,51,2)([64]55,28,1)([65]8,44,5)([66]41,61,3)([67]39,58,6)([68]66,52,5)([69]57,17,3)([70]49,64,2)([71]36,22,1)([72]4,4,6)([73]57,44,6)([74]6,16,0)([75]60,69,3)([76]5,31,7)([77]22,71,5)([78]75,66,5)([79]63,62,3)([80]62,35,6)([81]78,80,3)([82]52,36,3)([83]39,73,1)([84]36,28,5)([85]67,81,6)([86]21,69,4)(85)
optimized area: 141.48
time: 555065 ms
seed: 1634499879
{7,1,80,1,2,1,8}([7]5,6,6)([8]2,1,4)([9]2,7,7)([10]0,4,7)([11]1,9,5)([12]11,4,4)([13]1,3,3)([14]5,7,6)([15]8,5,4)([16]14,13,2)([17]1,5,4)([18]16,14,0)([19]18,1,6)([20]12,9,7)([21]17,12,5)([22]7,6,7)([23]13,3,2)([24]19,17,3)([25]0,1,2)([26]24,23,7)([27]9,6,4)([28]27,13,4)([29]28,15,5)([30]20,26,4)([31]5,11,4)([32]27,4,3)([33]10,23,7)([34]9,33,4)([35]30,29,3)([36]3,35,7)([37]12,17,3)([38]27,25,2)([39]1,18,6)([40]19,32,5)([41]40,10,6)([42]34,25,4)([43]25,0,2)([44]21,41,3)([45]25,29,6)([46]26,31,6)([47]36,13,3)([48]13,32,0)([49]23,4,7)([50]2,1,4)([51]25,45,6)([52]36,33,3)([53]29,52,6)([54]0,2,0)([55]52,21,3)([56]38,11,2)([57]37,14,3)([58]18,44,0)([59]37,42,6)([60]45,46,6)([61]13,60,3)([62]44,61,2)([63]22,47,2)([64]63,54,4)([65]63,49,0)([66]51,33,7)([67]39,12,2)([68]13,44,7)([69]59,66,5)([70]24,48,3)([71]26,20,3)([72]42,60,2)([73]62,52,5)([74]30,64,3)([75]25,47,4)([76]32,42,6)([77]43,8,4)([78]53,34,0)([79]75,31,3)([80]45,18,2)([81]37,36,7)([82]53,66,6)([83]69,73,4)([84]74,83,4)([85]56,75,3)([86]1,54,2)(84)
evaluations: 31404206
first invidual area: 165.87
{7,1,80,1,2,1,8}([7]5,6,6)([8]1,5,4)([9]2,7,7)([10]0,4,7)([11]9,1,5)([12]4,11,4)([13]1,3,3)([14]9,12,7)([15]3,14,0)([16]2,8,6)([17]6,13,2)([18]2,8,4)([19]17,1,6)([20]7,6,6)([21]8,12,5)([22]17,8,4)([23]13,6,3)([24]8,19,3)([25]5,0,2)([26]24,15,7)([27]9,17,4)([28]13,27,5)([29]28,18,5)([30]26,14,4)([31]22,12,3)([32]21,3,3)([33]15,10,7)([34]26,29,3)([35]29,30,3)([36]10,35,4)([37]8,12,3)([38]11,0,0)([39]13,5,6)([40]25,27,2)([41]24,11,1)([42]12,6,7)([43]34,14,7)([44]21,40,3)([45]8,39,7)([46]16,13,3)([47]14,3,4)([48]2,9,5)([49]7,40,4)([50]25,10,5)([51]14,25,3)([52]24,44,5)([53]12,32,2)([54]38,42,2)([55]53,39,5)([56]6,27,7)([57]18,51,3)([58]15,46,3)([59]37,43,6)([60]24,39,2)([61]54,33,1)([62]33,36,3)([63]20,32,5)([64]0,63,7)([65]8,62,0)([66]51,33,4)([67]38,18,6)([68]19,34,0)([69]59,66,5)([70]44,46,2)([71]3,47,4)([72]21,16,3)([73]70,62,5)([74]30,64,3)([75]23,47,3)([76]38,50,3)([77]54,36,4)([78]36,38,0)([79]15,48,2)([80]3,20,1)([81]12,78,2)([82]56,69,7)([83]69,73,4)([84]74,83,4)([85]48,66,2)([86]60,61,6)(84)
optimized area: 134.93
time: 595397 ms
seed: 1634599097
{7,1,80,1,2,1,8}([7]4,6,6)([8]2,0,3)([9]7,8,6)([10]1,2,4)([11]10,5,4)([12]6,7,3)([13]0,6,3)([14]0,12,5)([15]9,4,4)([16]6,14,4)([17]2,14,4)([18]15,10,3)([19]12,7,5)([20]9,16,7)([21]0,14,5)([22]5,12,2)([23]3,10,5)([24]23,18,1)([25]24,10,1)([26]12,23,6)([27]17,3,7)([28]21,2,3)([29]1,25,7)([30]11,15,4)([31]5,30,6)([32]26,9,4)([33]17,21,5)([34]0,28,7)([35]9,30,6)([36]34,5,7)([37]26,20,3)([38]20,27,3)([39]36,38,6)([40]33,31,6)([41]40,32,0)([42]19,3,2)([43]22,18,5)([44]35,31,6)([45]7,37,6)([46]26,21,0)([47]27,21,5)([48]8,36,1)([49]28,41,1)([50]29,44,5)([51]1,22,2)([52]13,24,7)([53]18,52,7)([54]50,45,6)([55]32,9,4)([56]7,13,0)([57]21,15,5)([58]11,53,5)([59]42,48,3)([60]15,39,4)([61]33,15,7)([62]60,40,3)([63]0,21,0)([64]2,48,7)([65]43,60,7)([66]33,51,0)([67]36,37,0)([68]58,11,4)([69]7,51,0)([70]42,54,7)([71]28,20,2)([72]70,58,5)([73]23,5,7)([74]18,0,1)([75]67,5,7)([76]75,52,0)([77]3,27,6)([78]47,71,4)([79]76,45,6)([80]12,14,3)([81]48,21,3)([82]11,1,2)([83]30,60,4)([84]51,39,6)([85]62,72,4)([86]41,40,6)(85)
evaluations: 31295359
first invidual area: 137.26
{7,1,80,1,2,1,8}([7]6,4,6)([8]0,7,3)([9]8,2,6)([10]1,2,4)([11]10,5,4)([12]7,6,3)([13]10,12,6)([14]12,0,5)([15]9,4,4)([16]6,14,7)([17]2,14,4)([18]14,17,5)([19]16,9,5)([20]9,16,4)([21]6,1,6)([22]10,15,6)([23]10,3,5)([24]15,10,5)([25]7,14,1)([26]0,18,5)([27]7,8,0)([28]18,18,4)([29]1,23,7)([30]15,11,4)([31]0,16,6)([32]22,21,3)([33]17,24,5)([34]5,30,0)([35]9,30,3)([36]26,5,4)([37]10,30,6)([38]16,36,3)([39]19,6,7)([40]33,37,6)([41]20,36,0)([42]25,3,5)([43]5,19,5)([44]17,3,7)([45]20,32,6)([46]27,28,4)([47]25,36,6)([48]44,38,6)([49]12,7,7)([50]35,29,5)([51]50,45,3)([52]23,31,4)([53]22,52,7)([54]53,36,7)([55]29,4,7)([56]30,30,2)([57]11,53,5)([58]53,2,1)([59]35,9,0)([60]15,48,4)([61]55,23,3)([62]60,40,6)([63]18,46,3)([64]17,57,7)([65]5,19,6)([66]29,26,5)([67]36,33,5)([68]40,11,4)([69]36,65,6)([70]42,51,7)([71]42,63,2)([72]70,57,5)([73]49,51,3)([74]13,26,0)([75]44,21,1)([76]59,38,4)([77]49,59,6)([78]9,70,2)([79]35,25,5)([80]4,64,4)([81]2,70,7)([82]4,15,6)([83]11,36,1)([84]34,79,7)([85]62,72,7)([86]4,8,7)(85)
optimized area: 127.89
time: 586551 ms
seed: 1634647873
{7,1,80,1,2,1,8}([7]4,0,5)([8]0,1,1)([9]5,4,5)([10]5,8,5)([11]4,3,7)([12]5,11,6)([13]1,6,5)([14]4,5,6)([15]9,2,7)([16]10,4,7)([17]8,1,7)([18]6,3,6)([19]17,18,6)([20]16,1,7)([21]13,7,7)([22]11,10,4)([23]15,2,1)([24]7,20,2)([25]21,2,7)([26]20,2,5)([27]12,6,3)([28]25,19,2)([29]27,19,4)([30]6,24,6)([31]22,15,0)([32]16,6,5)([33]17,22,6)([34]10,13,5)([35]1,26,4)([36]32,14,3)([37]25,5,3)([38]33,6,1)([39]0,9,5)([40]15,32,4)([41]28,40,6)([42]12,36,5)([43]39,29,4)([44]43,21,7)([45]42,38,4)([46]18,12,4)([47]11,41,3)([48]43,47,4)([49]22,37,7)([50]16,20,6)([51]39,0,3)([52]50,47,3)([53]3,44,2)([54]7,25,1)([55]34,30,3)([56]17,42,3)([57]40,48,0)([58]22,38,0)([59]19,30,3)([60]0,27,4)([61]59,53,3)([62]38,9,3)([63]15,45,3)([64]24,58,4)([65]48,63,3)([66]16,7,5)([67]26,43,0)([68]34,44,5)([69]17,13,5)([70]35,6,7)([71]65,52,7)([72]43,40,1)([73]26,38,7)([74]19,71,5)([75]50,49,0)([76]15,0,0)([77]29,17,4)([78]71,61,2)([79]50,44,7)([80]8,37,0)([81]78,37,4)([82]40,17,3)([83]57,36,5)([84]55,21,0)([85]8,38,7)([86]65,45,5)(81)
evaluations: 27754767
first invidual area: 140.07
{7,1,80,1,2,1,8}([7]4,0,5)([8]0,5,1)([9]5,4,5)([10]8,5,5)([11]3,4,7)([12]5,11,6)([13]1,6,5)([14]12,1,5)([15]9,2,7)([16]4,10,7)([17]1,0,4)([18]3,6,6)([19]17,18,6)([20]1,16,7)([21]13,7,7)([22]16,3,4)([23]12,6,6)([24]21,20,2)([25]0,16,5)([26]20,13,5)([27]2,19,2)([28]15,8,0)([29]23,19,4)([30]24,6,6)([31]6,7,5)([32]16,6,5)([33]22,17,3)([34]19,30,3)([35]16,24,6)([36]28,21,7)([37]36,5,3)([38]20,10,7)([39]9,0,5)([40]32,28,4)([41]27,40,6)([42]36,30,6)([43]39,29,7)([44]24,43,7)([45]14,7,4)([46]44,3,2)([47]11,41,3)([48]43,47,4)([49]13,31,7)([50]39,18,3)([51]8,6,6)([52]4,48,5)([53]35,47,3)([54]48,52,5)([55]14,33,5)([56]28,26,7)([57]17,38,4)([58]51,21,6)([59]50,55,0)([60]7,32,5)([61]34,46,3)([62]14,38,3)([63]28,55,3)([64]49,44,1)([65]48,63,3)([66]14,53,0)([67]64,2,5)([68]8,38,0)([69]27,12,6)([70]23,52,0)([71]53,65,2)([72]6,42,1)([73]17,21,7)([74]22,47,1)([75]59,37,5)([76]48,65,7)([77]18,21,0)([78]71,61,5)([79]35,67,2)([80]18,40,3)([81]78,37,7)([82]7,3,5)([83]9,9,6)([84]36,43,3)([85]81,14,3)([86]75,51,6)(81)
optimized area: 128.35
time: 606473 ms
seed: 1634699580
{7,1,80,1,2,1,8}([7]6,6,6)([8]7,3,4)([9]8,5,3)([10]5,2,6)([11]1,8,4)([12]11,5,1)([13]9,0,2)([14]13,7,4)([15]11,13,3)([16]4,1,3)([17]1,9,6)([18]4,14,3)([19]0,4,4)([20]2,18,7)([21]7,14,5)([22]0,14,5)([23]2,17,6)([24]6,16,6)([25]17,19,3)([26]0,8,7)([27]1,20,7)([28]8,0,5)([29]8,23,7)([30]10,16,4)([31]23,29,2)([32]22,4,6)([33]32,27,2)([34]5,7,4)([35]14,19,4)([36]27,28,4)([37]15,7,7)([38]14,33,4)([39]7,35,2)([40]24,4,4)([41]4,10,2)([42]38,5,4)([43]42,34,6)([44]12,31,5)([45]15,22,2)([46]38,3,5)([47]43,23,6)([48]1,14,4)([49]11,42,4)([50]42,41,7)([51]47,24,0)([52]27,50,3)([53]24,26,7)([54]23,37,2)([55]26,45,7)([56]50,17,2)([57]53,33,3)([58]24,36,2)([59]57,52,5)([60]5,44,3)([61]43,1,2)([62]30,58,2)([63]7,57,3)([64]34,55,7)([65]49,62,4)([66]39,51,2)([67]45,53,2)([68]54,66,7)([69]30,61,4)([70]59,68,5)([71]4,14,2)([72]27,37,0)([73]70,71,7)([74]50,9,5)([75]73,69,7)([76]60,33,2)([77]30,30,3)([78]37,59,7)([79]61,1,4)([80]9,56,5)([81]15,34,6)([82]56,6,5)([83]24,23,3)([84]76,16,0)([85]63,56,3)([86]29,71,0)(75)
evaluations: 44581218
first invidual area: 146.20
{7,1,80,1,2,1,8}([7]6,1,1)([8]7,3,4)([9]5,8,3)([10]5,2,6)([11]1,8,4)([12]8,0,7)([13]9,0,5)([14]6,13,4)([15]11,0,3)([16]4,1,3)([17]3,9,6)([18]4,14,6)([19]0,4,4)([20]5,7,4)([21]2,18,0)([22]21,18,7)([23]21,17,6)([24]16,6,6)([25]13,19,4)([26]22,10,0)([27]1,22,4)([28]17,5,4)([29]12,7,0)([30]10,16,7)([31]14,3,5)([32]4,31,6)([33]32,27,2)([34]6,15,4)([35]11,33,3)([36]4,16,0)([37]25,31,5)([38]14,33,4)([39]7,25,2)([40]27,39,1)([41]4,30,5)([42]38,5,4)([43]42,20,6)([44]18,16,7)([45]38,24,5)([46]15,5,2)([47]43,23,6)([48]17,40,2)([49]27,27,3)([50]42,41,4)([51]24,32,0)([52]27,50,3)([53]24,12,7)([54]23,34,2)([55]43,53,0)([56]35,13,3)([57]53,33,3)([58]36,41,7)([59]57,52,5)([60]1,26,5)([61]55,1,5)([62]24,8,4)([63]59,16,0)([64]7,48,5)([65]27,14,7)([66]39,47,2)([67]66,26,0)([68]54,67,6)([69]30,61,4)([70]59,68,5)([71]4,14,5)([72]70,36,7)([73]70,71,4)([74]15,64,4)([75]73,69,7)([76]37,2,1)([77]31,5,4)([78]15,12,1)([79]23,11,1)([80]7,35,3)([81]64,16,1)([82]31,49,1)([83]80,62,1)([84]50,11,6)([85]22,50,1)([86]84,25,7)(75)
optimized area: 141.03
time: 963016 ms
seed: 1634777076
{7,1,80,1,2,1,8}([7]4,0,4)([8]7,2,4)([9]1,3,3)([10]2,6,3)([11]7,9,5)([12]5,1,4)([13]11,6,2)([14]10,9,4)([15]6,2,5)([16]3,8,4)([17]12,16,3)([18]8,1,7)([19]14,3,4)([20]16,14,3)([21]19,0,5)([22]9,14,7)([23]5,21,3)([24]18,22,1)([25]21,17,6)([26]13,12,2)([27]12,3,4)([28]23,7,5)([29]1,10,3)([30]20,6,4)([31]27,19,2)([32]16,24,4)([33]26,16,6)([34]15,0,6)([35]25,13,6)([36]34,28,4)([37]20,36,2)([38]18,3,7)([39]34,0,3)([40]31,18,0)([41]22,1,5)([42]25,27,3)([43]27,0,2)([44]9,42,2)([45]12,5,1)([46]26,45,7)([47]30,44,4)([48]30,0,5)([49]36,43,6)([50]48,46,5)([51]17,46,1)([52]15,42,0)([53]11,23,3)([54]40,11,5)([55]47,54,4)([56]37,54,7)([57]43,42,0)([58]1,34,7)([59]18,56,4)([60]39,4,4)([61]35,36,1)([62]55,59,5)([63]61,39,4)([64]44,39,2)([65]62,63,3)([66]28,12,0)([67]49,3,4)([68]16,17,4)([69]26,3,1)([70]53,44,4)([71]47,62,4)([72]21,50,6)([73]68,57,4)([74]13,52,4)([75]67,65,4)([76]31,9,2)([77]70,66,6)([78]40,14,1)([79]44,35,3)([80]78,22,7)([81]50,67,1)([82]63,9,1)([83]45,80,7)([84]80,0,0)([85]75,81,4)([86]3,24,4)(85)
evaluations: 31391182
first invidual area: 150.39
{7,1,80,1,2,1,8}([7]0,4,4)([8]7,2,4)([9]1,3,3)([10]2,6,6)([11]7,9,5)([12]5,1,4)([13]6,11,2)([14]9,10,7)([15]9,3,2)([16]3,8,4)([17]12,12,1)([18]1,8,7)([19]3,14,4)([20]16,14,3)([21]19,0,5)([22]12,5,6)([23]5,21,3)([24]17,13,6)([25]21,12,6)([26]9,7,5)([27]17,3,7)([28]23,7,5)([29]2,6,5)([30]6,20,4)([31]19,27,2)([32]30,9,0)([33]9,24,0)([34]0,29,6)([35]25,19,5)([36]28,34,4)([37]20,36,5)([38]2,21,5)([39]34,0,3)([40]26,21,1)([41]3,33,3)([42]25,27,3)([43]42,0,2)([44]33,42,5)([45]28,43,7)([46]0,30,5)([47]42,1,7)([48]32,44,4)([49]43,36,6)([50]46,24,5)([51]28,28,3)([52]32,14,6)([53]44,43,2)([54]31,11,5)([55]48,54,7)([56]37,18,4)([57]36,4,2)([58]25,13,3)([59]56,54,4)([60]12,41,5)([61]38,27,5)([62]55,59,5)([63]58,39,4)([64]53,53,7)([65]41,30,5)([66]55,48,3)([67]49,3,4)([68]22,65,5)([69]40,66,1)([70]60,36,6)([71]53,26,0)([72]62,63,3)([73]11,58,5)([74]37,57,7)([75]72,67,4)([76]24,47,3)([77]36,58,5)([78]56,50,2)([79]63,63,4)([80]23,18,3)([81]30,45,1)([82]42,59,4)([83]67,22,4)([84]1,76,3)([85]75,50,7)([86]25,38,5)(85)
optimized area: 139.62
time: 1115714 ms
seed: 1634842177
{7,1,80,1,2,1,8}([7]4,5,7)([8]0,2,4)([9]8,4,3)([10]3,4,0)([11]0,4,2)([12]7,8,3)([13]6,11,3)([14]11,1,3)([15]14,12,4)([16]10,6,6)([17]2,15,2)([18]6,14,2)([19]10,8,4)([20]3,7,2)([21]7,3,1)([22]4,20,3)([23]19,11,4)([24]6,7,6)([25]19,20,6)([26]18,2,4)([27]4,14,3)([28]20,2,5)([29]17,11,6)([30]29,24,4)([31]1,8,3)([32]26,23,5)([33]15,12,4)([34]16,9,2)([35]6,3,2)([36]22,31,7)([37]28,5,7)([38]2,24,3)([39]3,10,1)([40]35,30,3)([41]37,32,2)([42]10,6,2)([43]36,34,6)([44]10,21,2)([45]4,9,7)([46]7,36,0)([47]40,43,6)([48]31,47,5)([49]32,27,5)([50]28,29,6)([51]39,28,1)([52]25,40,5)([53]31,13,3)([54]47,53,6)([55]33,1,1)([56]52,47,4)([57]56,32,4)([58]6,1,1)([59]12,41,5)([60]4,20,4)([61]56,59,2)([62]33,40,2)([63]61,31,5)([64]22,55,3)([65]7,17,1)([66]0,4,0)([67]25,54,5)([68]43,50,2)([69]67,46,0)([70]12,43,7)([71]66,44,7)([72]49,18,3)([73]71,14,3)([74]61,69,4)([75]0,59,4)([76]0,29,7)([77]3,2,1)([78]74,72,7)([79]69,1,3)([80]1,0,4)([81]1,12,3)([82]43,31,6)([83]2,10,4)([84]59,64,3)([85]71,60,1)([86]3,59,3)(78)
evaluations: 22400574
first invidual area: 126.00
{7,1,80,1,2,1,8}([7]4,5,7)([8]2,0,4)([9]8,1,3)([10]6,7,6)([11]0,4,2)([12]7,8,3)([13]1,12,4)([14]1,11,3)([15]0,12,6)([16]6,3,6)([17]5,8,7)([18]6,14,2)([19]8,3,4)([20]7,3,2)([21]13,2,2)([22]4,20,3)([23]20,19,6)([24]19,11,4)([25]14,4,3)([26]2,18,4)([27]11,21,6)([28]20,2,5)([29]28,5,7)([30]27,10,4)([31]14,7,3)([32]24,26,5)([33]17,25,6)([34]16,2,2)([35]6,3,2)([36]22,9,7)([37]29,12,6)([38]13,29,0)([39]25,32,5)([40]35,30,3)([41]3,10,2)([42]35,32,7)([43]36,34,6)([44]40,0,0)([45]9,11,0)([46]32,29,2)([47]40,43,6)([48]31,33,3)([49]41,16,4)([50]44,23,2)([51]3,0,0)([52]20,13,4)([53]47,45,3)([54]53,24,6)([55]41,18,4)([56]47,50,6)([57]18,46,6)([58]15,25,3)([59]46,12,5)([60]50,42,2)([61]56,59,5)([62]26,10,6)([63]34,41,2)([64]26,5,6)([65]44,35,2)([66]54,49,4)([67]16,54,5)([68]39,18,2)([69]47,56,3)([70]50,50,3)([71]22,53,0)([72]39,18,6)([73]0,58,2)([74]61,67,4)([75]58,67,1)([76]63,48,5)([77]72,74,7)([78]40,59,5)([79]13,36,1)([80]48,46,5)([81]40,21,1)([82]50,23,5)([83]30,64,1)([84]63,13,0)([85]1,84,1)([86]34,28,2)(77)
optimized area: 118.97
time: 1148581 ms
seed: 1635096955
NOT FOUND
time: 970796 ms
seed: 1635126003
{7,1,80,1,2,1,8}([7]6,1,7)([8]3,5,7)([9]1,2,7)([10]3,3,3)([11]6,3,6)([12]10,4,7)([13]5,12,4)([14]9,1,6)([15]0,12,4)([16]4,0,5)([17]13,9,6)([18]9,17,7)([19]1,6,1)([20]2,16,2)([21]13,8,5)([22]15,20,4)([23]1,15,5)([24]11,18,6)([25]15,24,4)([26]13,20,3)([27]25,8,7)([28]25,25,4)([29]27,7,7)([30]11,15,2)([31]17,13,4)([32]29,7,6)([33]23,22,2)([34]20,30,3)([35]32,21,7)([36]23,0,2)([37]24,19,5)([38]23,24,2)([39]13,32,2)([40]8,22,5)([41]14,0,7)([42]35,36,3)([43]34,7,5)([44]9,38,7)([45]36,38,7)([46]37,5,4)([47]45,31,6)([48]21,21,2)([49]6,32,1)([50]34,48,7)([51]41,24,0)([52]31,42,2)([53]49,50,2)([54]53,47,5)([55]34,41,7)([56]52,44,7)([57]9,54,5)([58]11,56,1)([59]24,10,5)([60]34,23,2)([61]7,58,0)([62]22,29,6)([63]24,52,0)([64]27,55,4)([65]16,63,4)([66]56,64,3)([67]64,47,4)([68]30,54,6)([69]5,15,7)([70]51,22,5)([71]53,25,6)([72]68,62,7)([73]72,66,2)([74]63,41,3)([75]10,0,4)([76]75,43,4)([77]24,49,1)([78]56,46,4)([79]69,15,4)([80]67,70,5)([81]3,47,0)([82]50,76,3)([83]59,66,4)([84]82,23,7)([85]32,67,4)([86]46,72,1)(73)
evaluations: 20547635
first invidual area: 149.49
{7,1,80,1,2,1,8}([7]6,1,7)([8]4,3,4)([9]1,2,7)([10]0,4,5)([11]6,3,6)([12]3,5,4)([13]8,5,7)([14]9,1,6)([15]8,0,7)([16]12,15,7)([17]9,13,6)([18]9,17,6)([19]16,5,5)([20]10,2,2)([21]4,17,3)([22]15,20,4)([23]15,1,5)([24]18,11,6)([25]15,11,0)([26]23,3,2)([27]16,24,7)([28]27,14,4)([29]27,7,7)([30]17,13,3)([31]7,21,6)([32]7,29,3)([33]25,11,2)([34]20,33,6)([35]27,13,5)([36]30,24,0)([37]6,2,7)([38]28,34,7)([39]38,23,2)([40]0,9,7)([41]23,24,5)([42]19,37,5)([43]39,41,6)([44]41,23,7)([45]32,21,5)([46]8,13,4)([47]16,15,1)([48]25,22,6)([49]39,18,4)([50]45,39,3)([51]9,41,7)([52]36,50,5)([53]1,17,6)([54]22,31,5)([55]6,12,2)([56]52,51,7)([57]50,45,1)([58]54,6,6)([59]8,54,0)([60]29,16,0)([61]39,52,0)([62]22,60,6)([63]36,33,0)([64]38,0,4)([65]36,39,4)([66]56,64,3)([67]20,31,6)([68]59,1,5)([69]16,16,7)([70]47,26,4)([71]60,23,7)([72]62,58,6)([73]72,66,2)([74]13,27,0)([75]22,23,4)([76]25,11,2)([77]1,49,6)([78]52,42,3)([79]39,40,1)([80]50,35,7)([81]25,39,6)([82]10,51,5)([83]58,44,4)([84]47,17,5)([85]45,9,2)([86]21,25,2)(73)
optimized area: 126.03
time: 638189 ms
seed: 1635174949
NOT FOUND
time: 559332 ms
seed: 1635295186
NOT FOUND
time: 984855 ms
seed: 1635452908
NOT FOUND
time: 1031730 ms
seed: 1635560044
NOT FOUND
time: 1016241 ms
seed: 1635606479
NOT FOUND
time: 1069168 ms
seed: 1635654222
{7,1,80,1,2,1,8}([7]6,2,4)([8]0,3,3)([9]6,1,5)([10]9,2,4)([11]5,7,3)([12]11,4,5)([13]0,12,5)([14]8,1,6)([15]0,7,4)([16]5,5,1)([17]8,11,4)([18]15,2,2)([19]4,3,7)([20]18,4,2)([21]19,13,4)([22]8,0,0)([23]11,10,6)([24]5,21,7)([25]10,24,3)([26]5,18,3)([27]17,14,4)([28]1,20,4)([29]4,2,2)([30]19,23,6)([31]14,30,4)([32]16,15,3)([33]23,6,2)([34]7,4,7)([35]5,12,2)([36]31,33,7)([37]17,25,4)([38]17,1,4)([39]28,37,0)([40]39,21,7)([41]15,38,5)([42]37,18,5)([43]13,16,6)([44]27,43,6)([45]2,44,3)([46]30,16,3)([47]27,45,7)([48]47,34,6)([49]25,43,4)([50]8,6,1)([51]20,41,3)([52]19,45,2)([53]35,4,3)([54]1,4,7)([55]27,44,2)([56]52,2,1)([57]38,48,0)([58]0,37,1)([59]51,46,2)([60]3,21,3)([61]28,44,0)([62]61,37,3)([63]9,58,7)([64]62,42,2)([65]12,27,1)([66]64,48,4)([67]49,28,3)([68]50,34,2)([69]59,66,5)([70]67,69,2)([71]31,0,3)([72]45,16,5)([73]3,27,1)([74]51,69,0)([75]70,60,4)([76]67,36,0)([77]21,13,0)([78]60,7,1)([79]51,71,7)([80]31,76,1)([81]35,52,4)([82]59,79,0)([83]15,32,3)([84]75,14,4)([85]32,12,4)([86]9,26,6)(75)
evaluations: 40566028
first invidual area: 134.46
{7,1,80,1,2,1,8}([7]6,2,4)([8]0,3,3)([9]1,6,5)([10]4,4,3)([11]5,7,3)([12]11,10,5)([13]0,12,5)([14]2,9,5)([15]7,0,4)([16]5,2,1)([17]8,11,4)([18]2,15,2)([19]10,3,7)([20]4,18,2)([21]13,19,4)([22]16,14,3)([23]10,14,4)([24]22,21,4)([25]14,24,3)([26]1,17,4)([27]7,11,5)([28]1,20,4)([29]17,22,5)([30]27,2,6)([31]7,11,0)([32]19,5,5)([33]4,7,7)([34]2,15,1)([35]17,20,7)([36]25,13,0)([37]17,36,5)([38]6,2,5)([39]16,24,4)([40]34,12,3)([41]15,26,5)([42]37,18,5)([43]16,13,6)([44]17,43,6)([45]2,44,3)([46]12,40,2)([47]29,45,4)([48]47,33,3)([49]43,36,4)([50]15,28,5)([51]20,41,3)([52]42,37,2)([53]41,24,1)([54]35,16,6)([55]27,39,4)([56]31,42,7)([57]17,13,3)([58]37,49,6)([59]51,32,2)([60]40,22,6)([61]26,8,3)([62]28,44,3)([63]15,62,1)([64]62,42,5)([65]52,12,7)([66]64,48,4)([67]49,28,3)([68]3,21,6)([69]59,66,5)([70]67,69,5)([71]27,54,3)([72]28,35,0)([73]30,13,5)([74]62,6,4)([75]70,68,4)([76]44,54,7)([77]14,12,0)([78]27,33,6)([79]46,76,2)([80]75,39,0)([81]44,31,3)([82]78,78,3)([83]19,33,5)([84]7,83,3)([85]24,8,1)([86]75,19,4)(80)
optimized area: 119.91
time: 1101146 ms
seed: 1635702033
NOT FOUND
time: 1066523 ms
seed: 1635749237
NOT FOUND
time: 1126974 ms
seed: 1635796248
NOT FOUND
time: 1060517 ms
seed: 1635839442
{7,1,80,1,2,1,8}([7]3,5,7)([8]6,5,4)([9]3,4,0)([10]7,4,7)([11]1,0,7)([12]2,3,0)([13]8,12,7)([14]11,2,4)([15]10,0,0)([16]8,6,2)([17]1,1,2)([18]1,14,3)([19]10,9,4)([20]1,2,6)([21]13,18,4)([22]11,5,5)([23]2,1,2)([24]0,15,7)([25]21,10,2)([26]6,2,4)([27]19,19,2)([28]20,9,3)([29]19,16,6)([30]17,6,5)([31]29,2,5)([32]19,28,5)([33]1,5,0)([34]19,20,2)([35]25,26,3)([36]34,7,2)([37]8,33,3)([38]13,9,4)([39]8,16,6)([40]25,30,4)([41]37,7,5)([42]14,39,3)([43]40,19,0)([44]38,1,2)([45]10,35,5)([46]33,10,6)([47]11,46,3)([48]6,19,5)([49]23,31,6)([50]41,32,4)([51]40,22,5)([52]6,30,5)([53]13,26,0)([54]39,20,3)([55]50,46,6)([56]10,52,2)([57]9,55,6)([58]45,31,2)([59]48,36,2)([60]26,6,1)([61]24,58,5)([62]58,27,7)([63]62,42,2)([64]60,20,7)([65]4,24,5)([66]50,63,6)([67]49,44,7)([68]37,4,4)([69]60,28,5)([70]51,68,3)([71]70,44,3)([72]47,66,5)([73]1,62,2)([74]24,62,5)([75]27,72,7)([76]32,12,7)([77]73,76,1)([78]61,75,4)([79]78,71,5)([80]1,30,7)([81]5,61,3)([82]73,77,0)([83]79,35,7)([84]43,15,0)([85]28,37,0)([86]45,56,1)(83)
evaluations: 39530290
first invidual area: 145.24
{7,1,80,1,2,1,8}([7]5,3,7)([8]5,6,4)([9]1,6,2)([10]7,4,7)([11]0,1,7)([12]0,10,7)([13]8,2,7)([14]11,2,4)([15]2,1,6)([16]13,10,1)([17]10,0,0)([18]1,14,6)([19]3,17,4)([20]6,2,4)([21]13,18,7)([22]13,21,5)([23]11,14,0)([24]1,3,1)([25]21,10,2)([26]6,13,2)([27]7,21,0)([28]15,3,3)([29]19,26,6)([30]8,25,1)([31]29,2,5)([32]28,19,5)([33]5,18,2)([34]15,8,5)([35]25,20,3)([36]29,10,7)([37]8,1,3)([38]13,28,5)([39]31,6,0)([40]25,9,6)([41]37,7,5)([42]30,14,3)([43]31,5,0)([44]38,1,2)([45]35,10,5)([46]28,8,4)([47]19,26,0)([48]11,5,5)([49]12,35,1)([50]41,32,4)([51]40,48,5)([52]9,32,3)([53]42,39,1)([54]24,15,0)([55]50,1,4)([56]10,52,4)([57]30,5,4)([58]45,43,2)([59]23,33,3)([60]11,30,3)([61]12,58,5)([62]58,19,7)([63]42,62,2)([64]60,39,5)([65]38,41,3)([66]50,63,6)([67]8,23,0)([68]37,4,4)([69]10,1,0)([70]51,68,3)([71]70,44,3)([72]59,66,5)([73]52,39,3)([74]22,29,7)([75]47,72,7)([76]8,70,5)([77]57,17,2)([78]61,75,4)([79]78,71,5)([80]45,22,7)([81]68,18,0)([82]72,6,3)([83]79,35,7)([84]8,25,3)([85]20,69,0)([86]33,16,5)(83)
optimized area: 139.60
time: 1144829 ms
seed: 1635881546
{7,1,80,1,2,1,8}([7]0,0,5)([8]5,0,6)([9]7,6,4)([10]8,4,3)([11]1,2,6)([12]1,7,3)([13]10,2,5)([14]13,5,4)([15]11,9,6)([16]10,15,5)([17]11,12,7)([18]14,16,7)([19]17,5,4)([20]5,3,3)([21]17,4,3)([22]2,12,7)([23]14,2,5)([24]23,21,4)([25]18,6,5)([26]3,3,3)([27]1,4,7)([28]9,20,4)([29]24,25,7)([30]27,18,4)([31]22,8,7)([32]29,28,4)([33]31,32,5)([34]28,1,3)([35]7,4,6)([36]15,10,1)([37]3,33,2)([38]14,26,7)([39]2,25,5)([40]2,20,4)([41]32,10,2)([42]36,40,6)([43]37,41,3)([44]34,39,4)([45]21,26,4)([46]0,17,6)([47]38,28,6)([48]35,37,6)([49]47,6,3)([50]44,42,3)([51]30,48,7)([52]3,21,7)([53]41,18,0)([54]23,44,2)([55]13,51,7)([56]33,29,2)([57]11,3,4)([58]54,29,6)([59]7,42,5)([60]7,11,0)([61]40,35,6)([62]54,25,7)([63]43,46,3)([64]19,7,3)([65]59,63,7)([66]3,9,1)([67]65,52,3)([68]7,57,3)([69]62,2,1)([70]16,64,5)([71]69,19,4)([72]41,27,1)([73]53,47,3)([74]72,53,4)([75]56,56,1)([76]55,58,3)([77]67,24,1)([78]7,43,2)([79]49,62,1)([80]48,77,7)([81]76,67,5)([82]37,11,0)([83]68,42,6)([84]3,61,2)([85]17,1,6)([86]39,57,7)(81)
evaluations: 35516172
first invidual area: 149.45
{7,1,80,1,2,1,8}([7]0,3,1)([8]0,5,6)([9]6,7,4)([10]8,4,3)([11]1,2,6)([12]7,1,3)([13]2,10,5)([14]13,5,4)([15]9,11,6)([16]15,10,5)([17]11,12,7)([18]16,14,7)([19]4,9,0)([20]5,3,6)([21]17,4,3)([22]12,2,4)([23]14,2,5)([24]21,23,4)([25]6,18,5)([26]20,9,7)([27]13,19,7)([28]11,9,4)([29]24,25,7)([30]1,18,7)([31]22,8,3)([32]29,26,4)([33]31,32,5)([34]1,32,6)([35]7,10,6)([36]2,24,4)([37]3,33,2)([38]26,12,5)([39]36,21,5)([40]39,34,7)([41]32,4,2)([42]0,36,6)([43]37,41,3)([44]39,42,5)([45]37,35,3)([46]0,30,6)([47]38,4,3)([48]16,10,5)([49]42,15,5)([50]32,32,4)([51]30,45,7)([52]3,21,7)([53]17,32,3)([54]47,12,4)([55]27,51,7)([56]42,55,5)([57]40,18,1)([58]40,29,6)([59]45,6,2)([60]15,56,5)([61]19,21,6)([62]48,0,4)([63]43,46,3)([64]60,41,7)([65]49,63,2)([66]17,58,7)([67]65,52,3)([68]29,29,1)([69]27,60,7)([70]4,39,4)([71]58,26,7)([72]39,0,2)([73]24,19,7)([74]67,44,1)([75]23,54,7)([76]55,58,3)([77]53,60,3)([78]26,56,7)([79]73,75,4)([80]37,29,6)([81]76,67,5)([82]46,75,5)([83]31,24,1)([84]45,42,2)([85]2,24,1)([86]75,49,3)(81)
optimized area: 140.54
time: 1238671 ms
