seed: 1633865475
{7,1,80,1,2,1,8}([7]0,6,3)([8]4,1,1)([9]2,6,2)([10]8,2,1)([11]3,10,5)([12]3,1,3)([13]3,1,7)([14]0,10,6)([15]14,12,4)([16]15,11,1)([17]10,0,7)([18]7,5,3)([19]17,1,4)([20]9,13,4)([21]4,17,7)([22]18,14,0)([23]6,8,6)([24]6,0,5)([25]1,17,3)([26]6,2,3)([27]15,26,4)([28]26,14,5)([29]18,15,2)([30]20,3,5)([31]25,5,4)([32]10,2,2)([33]29,2,2)([34]26,16,3)([35]31,0,4)([36]24,27,6)([37]31,18,7)([38]30,18,4)([39]32,17,6)([40]19,24,6)([41]38,24,1)([42]19,11,5)([43]36,35,7)([44]14,20,5)([45]34,28,5)([46]43,44,2)([47]27,31,5)([48]35,41,3)([49]47,33,6)([50]33,49,7)([51]11,12,5)([52]9,21,1)([53]28,1,3)([54]49,10,4)([55]29,47,6)([56]15,34,7)([57]53,42,4)([58]56,0,4)([59]39,40,4)([60]28,49,3)([61]50,48,5)([62]56,55,7)([63]42,59,3)([64]46,57,3)([65]61,64,6)([66]57,58,0)([67]65,59,7)([68]60,10,2)([69]63,42,5)([70]64,41,4)([71]60,41,2)([72]38,25,2)([73]71,67,0)([74]70,57,4)([75]44,22,1)([76]15,23,5)([77]58,41,3)([78]38,75,5)([79]48,69,2)([80]64,13,2)([81]50,33,3)([82]77,67,4)([83]30,53,1)([84]10,11,5)([85]34,44,0)([86]42,55,3)(82)
evaluations: 22565908
first invidual area: 149.43
{7,1,80,1,2,1,8}([7]2,6,5)([8]2,3,0)([9]7,1,7)([10]6,5,3)([11]1,3,6)([12]0,1,0)([13]6,7,6)([14]4,0,6)([15]11,14,7)([16]3,4,5)([17]0,4,7)([18]0,10,3)([19]1,17,4)([20]9,3,6)([21]9,19,4)([22]2,4,2)([23]17,19,3)([24]6,12,5)([25]2,18,2)([26]6,2,3)([27]15,26,4)([28]26,14,2)([29]21,25,5)([30]3,9,5)([31]23,5,4)([32]11,24,6)([33]15,25,2)([34]26,15,5)([35]31,0,7)([36]34,34,2)([37]20,14,5)([38]19,16,5)([39]22,17,3)([40]24,19,3)([41]17,10,7)([42]8,33,3)([43]32,35,4)([44]43,37,2)([45]7,11,2)([46]34,25,4)([47]31,27,2)([48]40,16,3)([49]38,28,6)([50]44,33,6)([51]5,37,5)([52]12,34,7)([53]51,47,3)([54]9,46,1)([55]19,52,4)([56]54,0,3)([57]24,52,3)([58]55,49,5)([59]39,40,4)([60]15,43,1)([61]50,48,5)([62]18,30,7)([63]31,39,1)([64]47,49,3)([65]64,61,6)([66]2,21,7)([67]65,59,7)([68]43,41,3)([69]32,30,6)([70]20,28,1)([71]41,28,5)([72]55,48,4)([73]4,67,7)([74]47,50,7)([75]39,46,2)([76]54,33,2)([77]52,62,3)([78]67,77,4)([79]76,38,6)([80]0,25,7)([81]30,49,7)([82]14,69,4)([83]78,50,5)([84]21,59,0)([85]59,58,5)([86]8,61,7)(78)
optimized area: 127.41
time: 600868 ms
seed: 1633952395
NOT FOUND
time: 527357 ms
seed: 1634003070
NOT FOUND
time: 532612 ms
seed: 1634051909
{7,1,80,1,2,1,8}([7]0,1,4)([8]4,6,7)([9]3,0,3)([10]8,1,4)([11]2,4,5)([12]7,1,6)([13]7,1,3)([14]5,13,3)([15]10,5,4)([16]4,6,5)([17]6,7,6)([18]2,3,5)([19]14,10,7)([20]14,11,7)([21]18,9,5)([22]16,0,4)([23]21,22,6)([24]2,6,3)([25]1,3,4)([26]2,25,2)([27]5,26,6)([28]21,6,7)([29]28,16,4)([30]15,17,4)([31]6,18,4)([32]7,27,2)([33]2,23,3)([34]25,32,4)([35]4,13,7)([36]28,34,3)([37]0,18,1)([38]8,28,5)([39]29,28,6)([40]19,37,0)([41]25,38,2)([42]36,33,5)([43]31,20,7)([44]4,42,4)([45]19,41,3)([46]45,43,2)([47]30,18,5)([48]44,46,4)([49]30,17,2)([50]34,44,0)([51]27,33,4)([52]47,46,2)([53]48,52,7)([54]23,30,0)([55]6,45,0)([56]30,54,1)([57]41,49,1)([58]48,56,3)([59]41,9,2)([60]0,58,7)([61]13,43,0)([62]55,16,3)([63]56,58,7)([64]14,2,4)([65]64,52,7)([66]56,37,1)([67]60,44,1)([68]13,5,5)([69]10,59,7)([70]52,12,7)([71]6,66,4)([72]16,59,0)([73]60,57,3)([74]22,73,5)([75]66,5,2)([76]46,32,7)([77]53,74,7)([78]4,19,5)([79]45,17,0)([80]61,24,1)([81]34,40,2)([82]33,63,6)([83]71,64,2)([84]21,56,1)([85]65,40,5)([86]0,84,6)(77)
evaluations: 36576075
first invidual area: 139.62
{7,1,80,1,2,1,8}([7]0,1,4)([8]6,4,7)([9]7,5,3)([10]8,1,4)([11]3,0,3)([12]8,6,5)([13]9,1,3)([14]12,6,0)([15]2,5,0)([16]6,7,3)([17]10,13,7)([18]3,15,5)([19]15,4,5)([20]13,19,7)([21]11,18,5)([22]12,0,4)([23]21,22,6)([24]16,5,7)([25]1,3,4)([26]25,21,2)([27]26,5,6)([28]21,6,7)([29]28,8,5)([30]24,10,4)([31]29,2,7)([32]9,27,5)([33]15,23,3)([34]25,32,7)([35]29,3,1)([36]34,28,3)([37]28,11,4)([38]6,30,6)([39]36,16,7)([40]30,2,7)([41]29,25,2)([42]36,33,5)([43]37,20,4)([44]4,42,4)([45]17,41,3)([46]45,43,2)([47]30,18,5)([48]44,46,4)([49]36,33,1)([50]30,0,1)([51]46,2,1)([52]47,46,5)([53]48,52,4)([54]38,6,1)([55]17,45,0)([56]17,14,6)([57]27,43,4)([58]48,50,6)([59]41,52,1)([60]12,58,7)([61]19,21,1)([62]14,6,0)([63]49,20,7)([64]60,0,0)([65]8,20,7)([66]6,59,7)([67]63,21,4)([68]41,35,5)([69]57,42,6)([70]7,53,7)([71]42,49,0)([72]66,32,5)([73]64,59,3)([74]22,73,5)([75]58,50,7)([76]64,38,0)([77]53,74,7)([78]41,37,6)([79]10,67,5)([80]61,58,4)([81]30,57,1)([82]57,74,0)([83]18,24,1)([84]21,70,7)([85]80,38,3)([86]13,21,7)(77)
optimized area: 138.68
time: 585439 ms
seed: 1634166116
{7,1,80,1,2,1,8}([7]5,2,6)([8]1,6,3)([9]8,0,4)([10]6,5,6)([11]3,8,2)([12]5,6,2)([13]1,6,5)([14]12,4,3)([15]5,12,5)([16]15,4,5)([17]12,1,3)([18]3,1,4)([19]7,15,7)([20]9,19,5)([21]0,19,3)([22]13,11,4)([23]21,18,6)([24]11,18,7)([25]24,10,2)([26]24,20,5)([27]11,7,7)([28]13,14,2)([29]25,28,3)([30]29,27,5)([31]6,11,5)([32]28,26,1)([33]4,22,3)([34]10,0,6)([35]5,11,0)([36]26,16,4)([37]30,2,7)([38]20,18,7)([39]23,30,6)([40]31,20,7)([41]36,18,7)([42]23,2,3)([43]9,14,4)([44]40,4,1)([45]39,29,4)([46]43,26,3)([47]32,2,0)([48]23,5,1)([49]17,21,5)([50]3,36,5)([51]34,39,6)([52]28,42,2)([53]29,44,6)([54]41,44,6)([55]2,21,1)([56]33,46,7)([57]14,48,1)([58]56,42,4)([59]53,46,1)([60]57,37,7)([61]14,38,3)([62]37,18,2)([63]11,56,3)([64]63,35,7)([65]43,32,7)([66]42,30,5)([67]63,66,1)([68]52,54,7)([69]43,5,2)([70]58,68,5)([71]16,43,7)([72]26,17,0)([73]18,22,5)([74]17,18,3)([75]5,13,4)([76]58,21,7)([77]3,45,7)([78]52,19,1)([79]71,54,1)([80]70,51,7)([81]78,56,1)([82]10,48,1)([83]14,33,2)([84]66,60,0)([85]33,13,0)([86]20,70,2)(80)
evaluations: 19857817
first invidual area: 126.48
{7,1,80,1,2,1,8}([7]2,5,6)([8]1,6,3)([9]0,8,4)([10]5,6,6)([11]3,8,2)([12]5,6,2)([13]6,1,5)([14]4,12,3)([15]12,14,1)([16]4,15,5)([17]11,1,5)([18]1,3,4)([19]7,12,3)([20]19,9,5)([21]19,0,3)([22]13,11,4)([23]21,18,6)([24]18,11,7)([25]24,10,2)([26]24,20,5)([27]19,21,7)([28]14,13,2)([29]25,28,3)([30]11,3,1)([31]0,10,6)([32]24,19,3)([33]12,20,2)([34]22,7,4)([35]6,11,5)([36]29,17,5)([37]9,29,4)([38]28,34,5)([39]26,37,6)([40]2,23,3)([41]17,16,4)([42]4,22,6)([43]29,40,5)([44]14,34,7)([45]4,23,7)([46]18,45,2)([47]39,42,7)([48]23,38,6)([49]31,48,6)([50]41,45,2)([51]40,38,1)([52]20,39,7)([53]9,35,4)([54]4,9,5)([55]24,39,1)([56]42,26,0)([57]12,37,3)([58]47,40,4)([59]40,26,5)([60]20,35,4)([61]10,18,5)([62]2,49,6)([63]28,15,1)([64]20,28,7)([65]41,60,3)([66]33,50,7)([67]39,29,1)([68]43,65,7)([69]23,47,0)([70]32,29,3)([71]66,70,0)([72]30,13,3)([73]24,69,6)([74]68,58,5)([75]18,23,2)([76]74,6,5)([77]61,5,0)([78]61,15,4)([79]28,20,4)([80]74,49,7)([81]74,59,6)([82]81,55,2)([83]64,14,0)([84]43,40,4)([85]19,30,5)([86]24,59,4)(80)
optimized area: 118.97
time: 629468 ms
seed: 1634213442
NOT FOUND
time: 527912 ms
seed: 1634310462
{7,1,80,1,2,1,8}([7]2,6,7)([8]3,1,2)([9]5,6,6)([10]3,1,6)([11]9,0,4)([12]6,9,7)([13]6,5,1)([14]7,10,4)([15]11,2,6)([16]5,1,6)([17]14,11,2)([18]8,15,4)([19]2,10,3)([20]5,16,4)([21]5,13,4)([22]16,4,4)([23]18,7,5)([24]21,19,5)([25]14,5,5)([26]19,4,4)([27]25,7,4)([28]4,18,7)([29]10,19,4)([30]0,18,4)([31]8,0,0)([32]20,3,3)([33]28,17,3)([34]27,12,4)([35]26,19,5)([36]15,22,7)([37]36,21,2)([38]18,35,3)([39]17,36,4)([40]33,39,2)([41]3,22,5)([42]30,12,5)([43]32,26,2)([44]40,27,5)([45]32,2,5)([46]20,5,3)([47]14,13,3)([48]37,35,7)([49]37,12,0)([50]12,36,0)([51]43,33,6)([52]13,9,5)([53]46,39,1)([54]27,0,4)([55]48,54,5)([56]2,42,4)([57]9,55,6)([58]44,57,4)([59]12,7,2)([60]58,29,6)([61]44,45,7)([62]36,27,5)([63]23,51,4)([64]62,48,7)([65]56,41,7)([66]63,65,5)([67]17,66,4)([68]57,60,3)([69]9,27,0)([70]60,28,3)([71]40,30,1)([72]67,58,5)([73]64,14,4)([74]24,7,4)([75]62,72,7)([76]22,47,4)([77]31,76,5)([78]3,31,7)([79]53,71,1)([80]58,29,4)([81]0,2,2)([82]49,18,7)([83]18,66,7)([84]51,5,7)([85]84,66,0)([86]62,26,2)(72)
evaluations: 19246569
first invidual area: 149.48
{7,1,80,1,2,1,8}([7]6,2,7)([8]0,6,3)([9]5,6,6)([10]1,3,6)([11]0,9,4)([12]1,3,5)([13]2,10,3)([14]10,7,4)([15]11,2,6)([16]5,1,6)([17]11,14,2)([18]15,12,7)([19]15,11,5)([20]18,5,3)([21]1,4,5)([22]16,4,4)([23]15,5,1)([24]5,6,5)([25]14,5,5)([26]13,4,4)([27]7,25,4)([28]18,0,4)([29]22,18,6)([30]29,28,1)([31]18,4,7)([32]22,3,5)([33]31,17,3)([34]0,5,5)([35]15,4,5)([36]22,35,5)([37]26,24,5)([38]5,16,3)([39]17,36,4)([40]33,39,2)([41]6,9,6)([42]37,35,4)([43]11,27,4)([44]40,27,5)([45]0,4,4)([46]5,16,1)([47]46,1,5)([48]7,18,5)([49]26,38,2)([50]28,41,5)([51]33,49,6)([52]32,18,6)([53]37,28,5)([54]35,25,0)([55]43,42,5)([56]2,50,4)([57]9,55,3)([58]44,57,7)([59]6,31,1)([60]1,21,7)([61]54,3,1)([62]30,2,6)([63]48,51,4)([64]2,35,3)([65]32,56,7)([66]63,65,5)([67]66,17,4)([68]55,2,0)([69]32,20,6)([70]39,4,4)([71]16,55,1)([72]37,31,3)([73]14,36,7)([74]64,54,1)([75]59,0,0)([76]67,15,1)([77]38,2,5)([78]61,52,0)([79]55,38,7)([80]41,12,5)([81]0,34,0)([82]67,58,5)([83]2,26,7)([84]66,48,3)([85]65,62,5)([86]30,63,7)(82)
optimized area: 134.46
time: 646160 ms
seed: 1634351021
{7,1,80,1,2,1,8}([7]4,0,4)([8]5,0,3)([9]1,2,1)([10]6,8,3)([11]7,0,5)([12]10,9,7)([13]2,10,5)([14]8,12,7)([15]7,6,6)([16]15,12,6)([17]5,0,5)([18]17,7,2)([19]3,2,4)([20]6,13,5)([21]12,18,7)([22]20,2,3)([23]20,7,4)([24]2,1,3)([25]13,17,5)([26]1,24,3)([27]21,4,4)([28]16,27,6)([29]24,23,7)([30]28,6,4)([31]19,28,7)([32]24,4,6)([33]2,12,7)([34]3,20,3)([35]17,19,5)([36]16,3,7)([37]4,25,2)([38]16,22,0)([39]34,11,1)([40]20,33,4)([41]13,32,5)([42]32,29,6)([43]25,24,6)([44]15,10,5)([45]40,1,0)([46]10,32,2)([47]37,39,6)([48]37,19,7)([49]25,4,6)([50]9,35,3)([51]47,23,7)([52]33,10,5)([53]5,6,2)([54]18,52,3)([55]42,18,4)([56]30,42,3)([57]6,49,4)([58]51,56,7)([59]30,13,1)([60]52,33,3)([61]16,0,6)([62]1,52,7)([63]46,54,4)([64]19,63,4)([65]64,14,3)([66]57,63,4)([67]36,66,2)([68]49,16,7)([69]47,59,4)([70]31,49,1)([71]24,56,5)([72]20,47,6)([73]65,48,3)([74]58,73,2)([75]19,16,3)([76]41,62,2)([77]19,6,1)([78]26,20,7)([79]31,53,0)([80]62,30,6)([81]1,70,1)([82]67,74,6)([83]72,11,2)([84]79,25,0)([85]6,40,1)([86]81,22,1)(82)
evaluations: 47636068
first invidual area: 145.71
{7,1,80,1,2,1,8}([7]4,0,4)([8]5,0,3)([9]1,7,1)([10]6,8,3)([11]10,4,1)([12]10,9,7)([13]2,10,5)([14]8,12,7)([15]7,6,6)([16]15,12,6)([17]5,0,5)([18]17,7,2)([19]3,2,4)([20]6,13,5)([21]12,18,7)([22]16,20,0)([23]20,7,4)([24]2,1,3)([25]13,17,5)([26]14,6,5)([27]21,4,4)([28]22,27,6)([29]24,23,7)([30]28,6,4)([31]22,19,1)([32]24,4,6)([33]2,12,7)([34]3,20,3)([35]21,10,1)([36]16,3,7)([37]4,25,2)([38]8,17,6)([39]34,15,1)([40]38,4,0)([41]35,29,2)([42]32,29,6)([43]25,25,7)([44]7,28,2)([45]26,23,7)([46]12,32,5)([47]37,39,6)([48]37,19,6)([49]25,4,6)([50]43,9,5)([51]47,23,7)([52]33,10,5)([53]9,33,4)([54]18,52,3)([55]13,30,2)([56]30,42,3)([57]6,49,4)([58]51,56,7)([59]33,21,7)([60]46,27,2)([61]50,35,0)([62]18,12,6)([63]46,54,2)([64]47,63,4)([65]64,14,3)([66]57,63,4)([67]36,66,2)([68]22,63,5)([69]4,9,3)([70]42,29,1)([71]17,60,5)([72]60,5,2)([73]65,48,3)([74]58,73,2)([75]23,65,7)([76]71,65,3)([77]46,0,2)([78]45,11,7)([79]57,32,7)([80]43,61,3)([81]39,12,4)([82]67,74,6)([83]22,73,5)([84]41,51,6)([85]68,81,5)([86]83,33,2)(82)
optimized area: 140.54
time: 522840 ms
seed: 1634399975
NOT FOUND
time: 547771 ms
seed: 1634448931
{7,1,80,1,2,1,8}([7]0,5,7)([8]1,2,0)([9]7,4,5)([10]3,2,5)([11]7,6,6)([12]6,10,4)([13]1,7,6)([14]2,0,6)([15]5,3,0)([16]8,14,5)([17]4,3,0)([18]9,16,7)([19]15,18,7)([20]10,15,5)([21]16,12,4)([22]4,21,3)([23]22,18,2)([24]3,11,3)([25]2,23,6)([26]25,24,7)([27]24,23,5)([28]9,0,4)([29]22,22,4)([30]14,6,1)([31]3,28,2)([32]22,12,4)([33]21,19,2)([34]0,2,4)([35]29,19,0)([36]35,29,0)([37]17,33,5)([38]33,4,6)([39]38,37,7)([40]0,38,5)([41]30,40,7)([42]30,31,4)([43]38,4,7)([44]31,32,3)([45]44,39,1)([46]25,32,6)([47]26,34,5)([48]31,43,0)([49]39,1,5)([50]27,44,4)([51]41,8,2)([52]47,43,6)([53]30,41,4)([54]41,21,2)([55]1,8,1)([56]7,50,0)([57]54,50,4)([58]47,1,1)([59]51,52,4)([60]14,57,1)([61]46,46,7)([62]46,52,1)([63]6,27,6)([64]49,36,3)([65]11,49,5)([66]52,46,7)([67]59,66,2)([68]63,30,3)([69]67,57,4)([70]13,25,7)([71]13,9,5)([72]63,63,4)([73]68,11,4)([74]9,54,3)([75]23,42,7)([76]70,45,0)([77]14,29,1)([78]10,52,6)([79]20,40,0)([80]52,17,7)([81]65,69,4)([82]65,79,5)([83]57,56,4)([84]45,9,5)([85]83,24,2)([86]33,64,6)(81)
evaluations: 12552667
first invidual area: 137.75
{7,1,80,1,2,1,8}([7]5,0,7)([8]2,3,5)([9]7,4,5)([10]2,2,2)([11]6,7,6)([12]8,6,4)([13]0,4,0)([14]0,10,6)([15]3,4,0)([16]1,14,5)([17]14,9,1)([18]9,16,7)([19]4,4,3)([20]9,0,4)([21]12,16,4)([22]21,4,3)([23]11,9,4)([24]11,3,3)([25]9,2,6)([26]24,25,7)([27]22,18,2)([28]27,24,5)([29]0,24,1)([30]5,21,2)([31]20,15,2)([32]12,22,4)([33]30,27,5)([34]15,4,1)([35]25,19,0)([36]13,2,4)([37]35,31,5)([38]33,19,4)([39]15,28,1)([40]0,38,5)([41]40,17,2)([42]29,15,7)([43]19,38,6)([44]31,32,6)([45]18,19,7)([46]35,32,3)([47]26,36,5)([48]18,14,2)([49]41,1,5)([50]28,44,7)([51]7,50,1)([52]36,20,4)([53]47,43,3)([54]49,53,4)([55]2,39,6)([56]52,35,6)([57]41,21,5)([58]38,51,6)([59]56,50,1)([60]57,50,7)([61]26,23,5)([62]42,35,4)([63]4,61,4)([64]9,32,6)([65]30,42,3)([66]46,53,7)([67]54,66,5)([68]51,38,6)([69]16,12,4)([70]38,38,0)([71]20,34,4)([72]46,50,6)([73]37,56,0)([74]1,70,5)([75]16,48,0)([76]11,74,5)([77]30,31,3)([78]52,73,7)([79]19,37,4)([80]67,60,4)([81]76,80,7)([82]3,25,7)([83]75,13,4)([84]30,61,5)([85]13,6,4)([86]76,4,7)(81)
optimized area: 124.61
time: 712574 ms
seed: 1634509205
{7,1,80,1,2,1,8}([7]1,2,7)([8]3,0,2)([9]8,7,5)([10]0,4,4)([11]3,10,5)([12]3,6,3)([13]6,3,2)([14]12,11,4)([15]5,4,7)([16]12,15,7)([17]1,7,3)([18]16,7,5)([19]15,12,6)([20]5,6,3)([21]3,13,7)([22]1,13,7)([23]2,19,6)([24]11,22,4)([25]1,5,5)([26]22,14,1)([27]23,21,5)([28]16,22,4)([29]4,9,7)([30]8,9,6)([31]13,28,5)([32]29,27,4)([33]23,28,7)([34]11,5,5)([35]30,29,4)([36]16,34,3)([37]21,9,2)([38]33,2,6)([39]38,29,5)([40]20,14,5)([41]40,39,7)([42]18,4,5)([43]22,11,5)([44]0,24,7)([45]38,22,1)([46]32,44,6)([47]40,20,6)([48]30,45,0)([49]40,21,6)([50]18,41,2)([51]39,39,0)([52]43,50,2)([53]0,36,2)([54]27,20,5)([55]53,50,6)([56]54,53,4)([57]24,16,1)([58]47,52,4)([59]14,48,0)([60]52,56,6)([61]55,60,3)([62]28,0,1)([63]23,4,7)([64]40,34,2)([65]61,45,5)([66]24,62,3)([67]12,56,4)([68]4,7,1)([69]40,25,3)([70]39,17,6)([71]60,46,7)([72]46,58,3)([73]2,24,6)([74]35,28,7)([75]11,25,0)([76]55,71,6)([77]71,65,2)([78]77,47,3)([79]54,51,4)([80]30,9,2)([81]68,27,1)([82]53,69,4)([83]26,37,3)([84]69,57,5)([85]18,55,4)([86]49,62,4)(77)
evaluations: 32722657
first invidual area: 132.58
{7,1,80,1,2,1,8}([7]2,1,7)([8]0,7,2)([9]0,4,4)([10]6,5,0)([11]9,3,5)([12]6,3,3)([13]3,10,5)([14]5,11,5)([15]5,4,7)([16]12,15,7)([17]3,8,5)([18]12,15,6)([19]0,16,3)([20]5,10,3)([21]10,12,7)([22]13,1,4)([23]18,2,6)([24]22,11,7)([25]12,11,5)([26]2,16,0)([27]23,21,5)([28]2,10,5)([29]17,4,7)([30]12,16,5)([31]30,23,1)([32]29,27,4)([33]22,30,7)([34]22,21,3)([35]16,7,5)([36]16,14,3)([37]0,24,4)([38]33,2,6)([39]29,38,5)([40]20,25,5)([41]40,39,7)([42]10,20,4)([43]37,23,3)([44]4,13,3)([45]27,25,0)([46]32,37,6)([47]12,7,1)([48]24,11,5)([49]48,21,3)([50]35,41,2)([51]33,7,7)([52]48,50,2)([53]0,36,2)([54]45,20,5)([55]34,45,2)([56]54,53,4)([57]38,35,1)([58]3,40,0)([59]53,50,6)([60]52,56,6)([61]59,46,3)([62]54,26,5)([63]34,61,1)([64]28,51,3)([65]61,57,5)([66]64,38,5)([67]23,27,7)([68]62,46,7)([69]39,31,5)([70]32,13,3)([71]60,46,7)([72]12,30,5)([73]4,67,3)([74]68,7,1)([75]45,69,7)([76]12,65,2)([77]71,65,2)([78]3,5,5)([79]55,55,0)([80]11,50,4)([81]19,45,5)([82]56,35,4)([83]11,0,1)([84]36,34,2)([85]58,48,2)([86]31,60,0)(77)
optimized area: 126.47
time: 605558 ms
seed: 1634608399
{7,1,80,1,2,1,8}([7]2,5,6)([8]2,6,6)([9]0,8,4)([10]1,7,4)([11]10,9,2)([12]9,6,3)([13]0,2,4)([14]5,1,7)([15]6,3,6)([16]5,13,5)([17]11,15,6)([18]14,8,0)([19]18,14,3)([20]18,3,6)([21]3,1,7)([22]15,6,5)([23]21,17,2)([24]10,4,7)([25]13,15,3)([26]24,14,5)([27]25,8,3)([28]27,4,5)([29]2,0,2)([30]15,9,6)([31]14,11,6)([32]26,25,3)([33]6,29,5)([34]20,0,4)([35]25,0,6)([36]29,9,3)([37]16,0,4)([38]20,12,6)([39]13,16,0)([40]8,20,3)([41]21,3,4)([42]17,10,7)([43]34,42,5)([44]27,37,2)([45]13,23,2)([46]7,42,3)([47]37,38,5)([48]6,28,5)([49]29,21,4)([50]23,32,5)([51]25,5,0)([52]19,5,0)([53]38,10,4)([54]50,53,7)([55]5,46,3)([56]46,48,6)([57]11,35,7)([58]26,9,7)([59]51,49,5)([60]56,23,0)([61]33,27,1)([62]60,24,6)([63]55,49,3)([64]28,43,5)([65]42,15,3)([66]64,63,5)([67]6,37,1)([68]62,54,7)([69]26,12,4)([70]25,30,0)([71]59,21,1)([72]68,66,5)([73]64,7,3)([74]49,36,7)([75]63,12,3)([76]56,25,2)([77]9,26,2)([78]47,72,7)([79]13,28,2)([80]0,74,3)([81]71,57,3)([82]13,1,5)([83]18,3,5)([84]74,46,5)([85]81,78,4)([86]22,79,3)(85)
evaluations: 25579563
first invidual area: 143.81
{7,1,80,1,2,1,8}([7]2,5,6)([8]2,6,3)([9]8,0,7)([10]1,7,4)([11]10,9,2)([12]1,5,7)([13]0,2,4)([14]7,12,1)([15]6,3,6)([16]7,11,2)([17]11,15,6)([18]5,2,4)([19]6,2,1)([20]12,3,6)([21]3,1,7)([22]13,19,5)([23]0,20,4)([24]4,10,7)([25]13,15,3)([26]12,24,5)([27]25,19,3)([28]4,27,5)([29]2,21,3)([30]8,11,0)([31]11,11,3)([32]13,26,3)([33]17,21,2)([34]28,9,5)([35]0,15,3)([36]12,11,3)([37]18,12,2)([38]22,20,6)([39]35,25,2)([40]32,33,5)([41]6,28,4)([42]17,10,7)([43]23,42,5)([44]38,4,4)([45]22,34,3)([46]24,42,3)([47]18,38,5)([48]3,21,7)([49]4,37,5)([50]6,14,4)([51]19,26,5)([52]29,25,2)([53]29,9,1)([54]44,40,4)([55]24,21,6)([56]19,46,3)([57]43,28,5)([58]15,16,1)([59]4,26,5)([60]22,56,4)([61]25,28,1)([62]56,7,6)([63]35,47,3)([64]29,47,3)([65]0,26,1)([66]63,57,5)([67]29,15,7)([68]48,9,7)([69]62,54,4)([70]66,18,7)([71]35,31,4)([72]69,66,5)([73]63,7,2)([74]1,14,1)([75]11,55,2)([76]22,25,5)([77]19,8,2)([78]47,72,4)([79]65,60,6)([80]29,70,7)([81]52,71,6)([82]6,54,4)([83]35,35,3)([84]7,79,1)([85]81,78,4)([86]2,64,4)(85)
optimized area: 133.04
time: 620509 ms
seed: 1635135324
{7,1,80,1,2,1,8}([7]4,3,1)([8]7,2,6)([9]4,5,4)([10]2,1,0)([11]3,1,7)([12]9,6,4)([13]7,3,4)([14]6,13,3)([15]13,2,7)([16]11,0,3)([17]1,0,4)([18]5,17,6)([19]11,9,2)([20]11,15,5)([21]9,14,6)([22]18,16,2)([23]10,14,3)([24]18,9,7)([25]15,24,2)([26]17,0,2)([27]0,21,6)([28]10,6,5)([29]2,19,4)([30]5,6,7)([31]1,30,2)([32]11,25,3)([33]8,8,7)([34]2,20,7)([35]32,5,0)([36]11,23,2)([37]18,28,1)([38]10,18,1)([39]27,38,6)([40]3,34,1)([41]4,28,5)([42]38,1,0)([43]37,36,4)([44]26,34,0)([45]41,27,7)([46]45,27,6)([47]20,15,7)([48]28,26,3)([49]4,14,2)([50]11,7,0)([51]30,22,3)([52]35,4,6)([53]36,45,6)([54]24,30,2)([55]20,9,1)([56]53,39,6)([57]25,49,3)([58]43,25,5)([59]58,51,2)([60]57,20,3)([61]52,53,7)([62]8,7,0)([63]29,16,0)([64]9,10,7)([65]52,48,4)([66]29,44,2)([67]20,42,3)([68]34,59,3)([69]52,21,1)([70]61,24,0)([71]23,13,6)([72]48,42,1)([73]53,68,4)([74]11,52,1)([75]73,65,5)([76]55,57,0)([77]32,30,7)([78]33,64,1)([79]22,52,3)([80]53,78,7)([81]6,45,6)([82]77,79,1)([83]66,81,1)([84]0,17,2)([85]48,4,2)([86]75,27,4)(86)
evaluations: 18273678
first invidual area: 112.90
{7,1,80,1,2,1,8}([7]4,4,3)([8]5,3,0)([9]5,4,4)([10]0,2,1)([11]3,1,7)([12]11,3,0)([13]3,4,7)([14]13,6,3)([15]13,2,7)([16]3,0,4)([17]1,0,4)([18]8,17,6)([19]9,18,7)([20]14,15,1)([21]11,15,5)([22]21,2,7)([23]12,1,7)([24]14,21,3)([25]19,15,2)([26]9,14,6)([27]0,26,6)([28]6,2,5)([29]11,3,2)([30]5,6,7)([31]12,24,2)([32]25,12,3)([33]3,5,3)([34]30,7,2)([35]17,32,0)([36]34,30,4)([37]27,3,6)([38]20,10,5)([39]33,25,5)([40]13,32,0)([41]28,7,5)([42]25,41,2)([43]7,32,3)([44]14,43,0)([45]28,37,6)([46]12,14,3)([47]45,43,4)([48]41,27,7)([49]18,48,2)([50]16,6,1)([51]40,43,4)([52]25,51,6)([53]6,35,4)([54]33,41,4)([55]30,49,3)([56]47,23,5)([57]55,39,2)([58]30,40,3)([59]49,43,4)([60]36,56,6)([61]11,52,7)([62]6,49,5)([63]13,52,2)([64]62,10,6)([65]62,20,0)([66]31,48,6)([67]44,35,6)([68]22,57,6)([69]66,63,0)([70]53,22,0)([71]9,10,7)([72]25,9,5)([73]69,68,7)([74]4,51,6)([75]73,47,5)([76]28,47,0)([77]22,10,0)([78]11,56,0)([79]0,67,6)([80]0,58,1)([81]43,77,1)([82]33,14,1)([83]12,75,0)([84]73,73,5)([85]10,82,2)([86]75,27,4)(86)
optimized area: 105.41
time: 600017 ms
seed: 1635184525
NOT FOUND
time: 526388 ms
seed: 1635323394
NOT FOUND
time: 1021846 ms
seed: 1635615647
NOT FOUND
time: 1062224 ms
seed: 1635663279
NOT FOUND
time: 1064319 ms
seed: 1635711119
{7,1,80,1,2,1,8}([7]1,0,1)([8]7,2,4)([9]6,3,7)([10]6,5,3)([11]4,8,5)([12]11,9,6)([13]8,9,7)([14]3,1,5)([15]0,11,5)([16]10,14,4)([17]15,3,6)([18]4,10,2)([19]7,15,2)([20]7,15,4)([21]8,5,4)([22]14,13,5)([23]9,4,5)([24]22,4,0)([25]22,5,3)([26]24,12,0)([27]0,25,5)([28]7,21,2)([29]3,9,3)([30]29,20,2)([31]6,30,7)([32]10,27,2)([33]23,31,5)([34]13,28,4)([35]17,1,7)([36]21,12,6)([37]22,17,4)([38]2,16,3)([39]35,34,6)([40]36,39,2)([41]37,40,4)([42]23,24,1)([43]7,16,4)([44]41,33,2)([45]8,3,0)([46]4,44,4)([47]29,18,2)([48]0,31,1)([49]32,12,7)([50]49,46,6)([51]45,44,0)([52]21,20,6)([53]38,52,3)([54]19,23,1)([55]50,36,0)([56]5,41,2)([57]53,46,5)([58]47,35,3)([59]10,37,2)([60]59,50,1)([61]39,50,7)([62]9,28,0)([63]59,57,0)([64]9,15,1)([65]44,40,0)([66]28,11,6)([67]63,57,3)([68]41,42,3)([69]4,38,2)([70]15,39,2)([71]61,59,4)([72]17,58,1)([73]4,42,1)([74]49,47,6)([75]65,6,4)([76]0,42,2)([77]59,19,2)([78]70,70,5)([79]32,22,4)([80]17,22,4)([81]67,61,2)([82]63,25,0)([83]37,75,2)([84]13,83,3)([85]31,59,6)([86]55,81,2)(81)
evaluations: 17850371
first invidual area: 126.48
{7,1,80,1,2,1,8}([7]6,5,3)([8]2,1,7)([9]3,6,7)([10]7,6,0)([11]8,4,5)([12]1,8,0)([13]9,8,7)([14]12,3,5)([15]0,11,5)([16]14,6,5)([17]3,15,6)([18]11,8,0)([19]10,12,6)([20]15,1,7)([21]5,8,4)([22]13,14,5)([23]12,17,7)([24]22,5,3)([25]17,21,5)([26]4,9,5)([27]16,16,1)([28]13,25,7)([29]0,24,5)([30]20,16,5)([31]30,6,4)([32]10,29,5)([33]26,31,5)([34]14,24,0)([35]9,31,7)([36]0,21,6)([37]17,22,4)([38]2,19,3)([39]23,28,6)([40]36,12,5)([41]40,37,2)([42]10,41,2)([43]11,38,5)([44]41,33,5)([45]25,8,4)([46]4,44,7)([47]11,31,6)([48]7,28,6)([49]47,32,4)([50]46,49,3)([51]19,46,3)([52]21,20,6)([53]38,52,3)([54]32,42,5)([55]50,42,7)([56]47,26,2)([57]46,53,5)([58]50,39,4)([59]34,57,3)([60]48,20,0)([61]9,38,2)([62]42,57,3)([63]48,33,0)([64]50,31,6)([65]26,17,4)([66]62,58,2)([67]50,11,0)([68]28,3,4)([69]60,1,0)([70]66,32,7)([71]60,30,6)([72]3,38,7)([73]22,66,3)([74]67,59,2)([75]50,43,5)([76]51,12,2)([77]23,53,1)([78]26,52,3)([79]22,54,4)([80]13,18,4)([81]1,4,6)([82]77,1,1)([83]49,16,0)([84]25,29,2)([85]55,8,7)([86]85,14,7)(66)
optimized area: 117.56
time: 1334274 ms
seed: 1635758458
{7,1,80,1,2,1,8}([7]3,0,4)([8]2,0,7)([9]2,6,4)([10]9,5,4)([11]2,1,4)([12]11,7,4)([13]7,11,6)([14]13,6,3)([15]9,11,6)([16]4,13,6)([17]8,10,6)([18]2,11,4)([19]3,9,7)([20]8,14,6)([21]16,19,6)([22]18,6,0)([23]3,16,5)([24]22,11,7)([25]14,19,7)([26]5,24,5)([27]21,11,7)([28]4,15,4)([29]12,4,5)([30]28,16,1)([31]19,6,3)([32]12,23,2)([33]32,28,6)([34]32,27,7)([35]1,8,3)([36]8,5,2)([37]0,31,3)([38]0,28,1)([39]16,37,7)([40]26,23,5)([41]25,33,2)([42]29,26,7)([43]33,42,7)([44]40,22,5)([45]40,12,7)([46]21,39,4)([47]45,20,4)([48]15,31,5)([49]41,10,5)([50]27,6,3)([51]43,46,3)([52]17,49,7)([53]10,20,3)([54]11,28,4)([55]36,19,1)([56]7,0,1)([57]52,47,2)([58]51,49,4)([59]36,8,7)([60]17,7,0)([61]34,58,7)([62]39,45,5)([63]27,36,1)([64]60,44,0)([65]32,57,5)([66]0,33,6)([67]60,58,7)([68]14,4,6)([69]49,57,6)([70]44,29,1)([71]44,67,3)([72]13,28,4)([73]2,8,4)([74]65,2,0)([75]71,61,2)([76]20,20,4)([77]41,2,6)([78]33,19,4)([79]18,47,2)([80]67,56,0)([81]75,57,6)([82]33,44,0)([83]65,74,1)([84]73,26,2)([85]62,60,5)([86]14,3,5)(81)
evaluations: 8745889
first invidual area: 158.87
{7,1,80,1,2,1,8}([7]3,0,4)([8]2,0,7)([9]2,6,4)([10]9,5,4)([11]1,2,4)([12]11,7,4)([13]7,12,6)([14]13,6,3)([15]9,11,6)([16]13,4,6)([17]13,5,0)([18]3,10,1)([19]9,3,7)([20]15,4,4)([21]19,16,6)([22]2,0,1)([23]16,3,5)([24]11,21,4)([25]6,19,3)([26]22,5,5)([27]12,18,5)([28]8,5,1)([29]4,12,5)([30]14,19,7)([31]12,23,1)([32]12,23,2)([33]32,20,6)([34]23,8,0)([35]32,24,4)([36]2,9,2)([37]25,0,3)([38]8,14,6)([39]16,21,3)([40]8,4,5)([41]10,8,3)([42]26,29,4)([43]26,23,5)([44]30,33,2)([45]38,43,4)([46]37,39,2)([47]12,45,7)([48]35,21,2)([49]44,10,5)([50]42,33,4)([51]50,46,6)([52]41,49,5)([53]18,45,6)([54]40,16,4)([55]27,47,4)([56]24,50,3)([57]3,1,4)([58]51,49,5)([59]53,50,5)([60]52,47,2)([61]55,37,3)([62]16,46,1)([63]7,45,0)([64]38,52,3)([65]26,4,5)([66]46,37,2)([67]65,13,4)([68]40,40,7)([69]52,46,5)([70]58,35,4)([71]69,32,3)([72]62,69,6)([73]22,66,4)([74]49,21,3)([75]71,70,2)([76]43,42,6)([77]55,20,7)([78]77,44,6)([79]3,38,7)([80]37,24,6)([81]75,60,6)([82]55,35,1)([83]11,46,1)([84]52,73,3)([85]1,62,6)([86]21,41,2)(81)
optimized area: 135.86
time: 1433283 ms
seed: 1635805339
{7,1,80,1,2,1,8}([7]2,3,5)([8]0,1,2)([9]3,4,4)([10]8,2,5)([11]9,8,7)([12]5,11,7)([13]11,6,2)([14]2,3,7)([15]14,6,3)([16]6,13,2)([17]4,13,4)([18]2,1,4)([19]9,12,3)([20]19,1,3)([21]20,3,4)([22]12,14,3)([23]18,19,2)([24]11,22,6)([25]21,23,6)([26]12,3,2)([27]8,6,3)([28]0,1,3)([29]14,27,2)([30]4,16,0)([31]8,4,4)([32]29,31,7)([33]24,0,7)([34]5,17,5)([35]11,0,1)([36]33,32,2)([37]18,29,5)([38]12,1,4)([39]11,17,6)([40]10,3,1)([41]39,28,6)([42]17,23,2)([43]16,15,7)([44]25,17,7)([45]43,38,2)([46]5,42,5)([47]20,3,6)([48]26,45,7)([49]35,7,6)([50]41,11,6)([51]43,46,4)([52]48,36,2)([53]5,12,0)([54]52,44,7)([55]31,21,2)([56]3,34,5)([57]0,37,7)([58]32,15,6)([59]23,44,6)([60]48,46,4)([61]40,54,3)([62]17,30,3)([63]28,3,6)([64]22,56,5)([65]62,8,3)([66]64,57,6)([67]57,39,2)([68]42,43,2)([69]66,60,5)([70]15,68,7)([71]6,48,5)([72]64,24,7)([73]61,65,3)([74]29,62,4)([75]42,47,6)([76]65,46,6)([77]38,4,2)([78]61,72,5)([79]7,60,2)([80]28,48,0)([81]40,1,1)([82]80,4,1)([83]68,6,6)([84]54,69,4)([85]47,71,5)([86]3,76,6)(84)
evaluations: 18573598
first invidual area: 137.76
{7,1,80,1,2,1,8}([7]0,1,5)([8]0,6,3)([9]5,7,7)([10]4,7,7)([11]3,10,7)([12]5,11,7)([13]11,6,2)([14]2,3,7)([15]14,6,6)([16]14,12,3)([17]4,13,7)([18]2,1,4)([19]12,9,3)([20]19,1,6)([21]11,16,6)([22]0,14,2)([23]12,5,7)([24]1,12,4)([25]15,13,3)([26]17,9,0)([27]19,18,2)([28]3,20,7)([29]14,8,2)([30]29,10,7)([31]3,26,5)([32]3,12,5)([33]21,0,7)([34]32,28,2)([35]6,5,5)([36]28,27,6)([37]7,21,2)([38]18,29,5)([39]30,33,2)([40]9,13,4)([41]40,16,1)([42]5,18,2)([43]22,35,0)([44]36,26,7)([45]24,25,5)([46]44,42,5)([47]20,5,4)([48]32,45,7)([49]2,29,5)([50]0,3,1)([51]13,22,6)([52]20,6,6)([53]48,39,5)([54]44,53,4)([55]18,53,4)([56]30,2,1)([57]33,38,4)([58]14,3,1)([59]5,15,4)([60]48,46,4)([61]16,11,4)([62]56,52,3)([63]14,32,6)([64]60,31,5)([65]46,50,5)([66]64,57,6)([67]28,18,4)([68]10,28,6)([69]66,16,5)([70]64,52,3)([71]55,37,2)([72]8,10,0)([73]1,37,5)([74]54,69,7)([75]72,52,1)([76]31,64,5)([77]27,65,1)([78]72,17,2)([79]41,3,0)([80]47,43,1)([81]21,58,4)([82]76,68,7)([83]63,25,2)([84]82,45,4)([85]70,55,2)([86]56,33,5)(74)
optimized area: 129.32
time: 1278272 ms
seed: 1635848503
{7,1,80,1,2,1,8}([7]6,2,5)([8]4,3,3)([9]0,3,4)([10]7,3,5)([11]8,6,3)([12]6,0,4)([13]4,1,4)([14]13,4,7)([15]9,7,6)([16]10,13,7)([17]5,2,3)([18]12,11,2)([19]8,15,4)([20]19,16,4)([21]5,11,7)([22]18,2,4)([23]16,21,2)([24]23,6,3)([25]21,18,6)([26]9,18,3)([27]14,17,3)([28]20,21,6)([29]13,6,5)([30]25,20,6)([31]27,14,7)([32]31,24,1)([33]8,22,2)([34]17,4,2)([35]2,4,4)([36]9,31,2)([37]24,22,2)([38]31,34,2)([39]19,33,5)([40]31,5,3)([41]20,40,3)([42]16,35,7)([43]39,9,3)([44]9,33,3)([45]29,34,7)([46]39,36,6)([47]9,6,6)([48]34,17,6)([49]42,45,7)([50]14,14,5)([51]27,46,3)([52]4,37,1)([53]39,35,3)([54]49,4,2)([55]40,44,1)([56]43,17,7)([57]49,42,3)([58]28,51,3)([59]37,57,4)([60]33,14,0)([61]30,44,7)([62]59,36,6)([63]61,54,3)([64]18,52,4)([65]50,6,3)([66]63,15,2)([67]63,25,7)([68]10,14,6)([69]63,55,6)([70]69,28,3)([71]4,20,7)([72]69,62,6)([73]14,21,6)([74]60,64,0)([75]36,34,3)([76]26,43,5)([77]64,2,2)([78]41,3,1)([79]38,27,7)([80]58,49,5)([81]22,67,1)([82]64,68,5)([83]21,56,1)([84]16,47,5)([85]15,46,3)([86]72,21,1)(86)
evaluations: 36838890
first invidual area: 134.93
{7,1,80,1,2,1,8}([7]6,2,5)([8]3,4,3)([9]0,3,4)([10]6,0,4)([11]6,8,3)([12]4,10,0)([13]1,12,4)([14]3,7,5)([15]2,5,3)([16]14,13,7)([17]5,3,0)([18]11,10,2)([19]18,9,0)([20]18,8,6)([21]11,17,7)([22]18,2,4)([23]21,16,2)([24]6,23,3)([25]15,1,5)([26]21,19,6)([27]16,20,7)([28]22,11,2)([29]13,6,5)([30]26,27,6)([31]0,15,4)([32]12,2,7)([33]32,26,7)([34]21,18,2)([35]28,1,3)([36]9,25,2)([37]23,33,3)([38]16,4,4)([39]24,22,5)([40]25,5,6)([41]12,15,5)([42]16,32,4)([43]10,21,3)([44]9,28,3)([45]41,29,7)([46]11,18,5)([47]21,0,3)([48]5,28,1)([49]42,45,4)([50]12,22,0)([51]30,33,0)([52]3,51,3)([53]11,21,2)([54]42,45,3)([55]6,37,5)([56]49,4,2)([57]28,20,0)([58]8,9,0)([59]39,54,7)([60]21,42,2)([61]51,44,7)([62]59,36,6)([63]16,13,1)([64]29,7,5)([65]8,59,1)([66]61,56,3)([67]10,22,0)([68]66,30,4)([69]66,40,6)([70]9,35,4)([71]8,12,7)([72]69,62,3)([73]1,28,0)([74]35,29,4)([75]8,12,3)([76]27,57,6)([77]53,9,1)([78]70,15,0)([79]62,51,0)([80]11,14,3)([81]68,31,2)([82]68,8,0)([83]23,58,1)([84]46,15,1)([85]41,32,2)([86]57,15,6)(72)
optimized area: 116.65
time: 1110602 ms
seed: 1635890615
{7,1,80,1,2,1,8}([7]2,3,7)([8]6,4,2)([9]2,4,2)([10]0,9,4)([11]10,8,3)([12]1,10,3)([13]12,7,7)([14]5,10,7)([15]2,12,2)([16]15,4,7)([17]13,11,3)([18]7,17,7)([19]1,13,7)([20]17,10,4)([21]15,4,6)([22]1,4,5)([23]10,21,4)([24]14,3,4)([25]6,13,7)([26]21,19,6)([27]5,1,7)([28]1,18,5)([29]26,26,2)([30]10,29,4)([31]25,20,4)([32]24,23,3)([33]26,22,5)([34]30,6,3)([35]14,11,1)([36]19,20,7)([37]4,8,7)([38]26,2,1)([39]32,1,4)([40]31,24,7)([41]16,26,0)([42]38,20,1)([43]4,42,1)([44]2,36,4)([45]4,20,4)([46]39,18,3)([47]5,31,3)([48]36,3,5)([49]45,6,7)([50]41,47,2)([51]49,10,1)([52]11,46,5)([53]14,44,4)([54]39,50,4)([55]28,14,5)([56]32,31,7)([57]44,13,5)([58]10,2,5)([59]8,31,4)([60]57,40,5)([61]60,30,5)([62]50,61,3)([63]21,23,2)([64]4,55,5)([65]57,60,0)([66]16,41,3)([67]47,11,2)([68]45,62,7)([69]19,55,7)([70]22,3,7)([71]69,33,2)([72]68,16,7)([73]2,4,2)([74]71,56,2)([75]59,6,1)([76]54,3,1)([77]37,28,3)([78]7,69,1)([79]36,12,6)([80]29,77,5)([81]74,76,2)([82]39,37,0)([83]53,35,6)([84]68,81,7)([85]46,8,3)([86]61,36,0)(84)
evaluations: 11126296
first invidual area: 157.46
{7,1,80,1,2,1,8}([7]2,4,5)([8]6,5,0)([9]4,6,2)([10]0,7,7)([11]3,2,4)([12]1,10,3)([13]11,12,4)([14]5,10,7)([15]12,2,2)([16]4,15,7)([17]4,15,6)([18]9,13,6)([19]13,1,7)([20]10,18,6)([21]19,20,6)([22]21,6,0)([23]13,1,5)([24]3,14,4)([25]17,18,6)([26]17,19,3)([27]15,22,5)([28]2,24,4)([29]8,20,4)([30]16,0,7)([31]13,29,7)([32]17,8,4)([33]26,11,2)([34]6,7,0)([35]30,0,3)([36]28,11,6)([37]3,20,1)([38]27,7,1)([39]31,5,3)([40]31,24,7)([41]21,2,3)([42]14,12,6)([43]1,31,5)([44]4,31,1)([45]4,20,4)([46]18,11,1)([47]10,26,7)([48]9,27,7)([49]27,31,4)([50]39,16,2)([51]28,7,7)([52]27,19,0)([53]26,19,7)([54]43,50,7)([55]23,14,5)([56]30,24,6)([57]41,13,5)([58]31,11,2)([59]46,13,7)([60]57,40,5)([61]9,45,3)([62]52,10,2)([63]47,60,5)([64]40,56,4)([65]50,63,6)([66]62,28,6)([67]55,19,7)([68]45,65,7)([69]9,25,1)([70]32,66,1)([71]67,27,2)([72]17,0,0)([73]41,53,1)([74]71,64,2)([75]10,47,2)([76]66,18,6)([77]21,55,6)([78]75,1,7)([79]29,44,5)([80]74,54,5)([81]72,15,2)([82]4,36,4)([83]61,51,5)([84]68,80,7)([85]67,5,1)([86]77,29,0)(84)
optimized area: 136.35
time: 1456371 ms
seed: 1635926748
NOT FOUND
time: 1060730 ms
seed: 1635962965
NOT FOUND
time: 1071364 ms
seed: 1635998856
{7,1,80,1,2,1,8}([7]6,1,3)([8]3,1,2)([9]7,8,5)([10]6,4,7)([11]1,4,3)([12]4,3,7)([13]0,3,4)([14]4,0,1)([15]5,0,7)([16]5,11,5)([17]9,2,6)([18]15,1,0)([19]13,11,0)([20]1,12,4)([21]6,2,2)([22]11,7,5)([23]4,17,6)([24]20,3,1)([25]16,20,4)([26]13,24,2)([27]7,12,5)([28]25,27,3)([29]23,3,4)([30]27,24,2)([31]26,24,1)([32]16,16,6)([33]31,21,5)([34]25,8,6)([35]11,28,2)([36]15,11,1)([37]5,23,2)([38]27,33,5)([39]0,10,5)([40]7,34,7)([41]30,2,4)([42]2,7,4)([43]16,35,0)([44]34,41,6)([45]16,42,1)([46]10,11,0)([47]44,31,5)([48]4,16,4)([49]15,38,4)([50]17,48,6)([51]43,49,7)([52]37,21,4)([53]6,35,7)([54]29,28,6)([55]23,43,2)([56]20,12,3)([57]16,54,3)([58]37,53,4)([59]49,27,0)([60]0,47,7)([61]38,59,5)([62]53,36,5)([63]3,46,1)([64]59,51,6)([65]53,39,2)([66]60,23,3)([67]19,18,2)([68]7,43,7)([69]13,21,5)([70]47,20,5)([71]53,59,0)([72]4,47,7)([73]15,18,0)([74]45,55,6)([75]60,52,3)([76]75,65,6)([77]38,26,2)([78]76,51,4)([79]35,37,5)([80]59,55,4)([81]28,36,0)([82]43,75,4)([83]36,72,4)([84]83,60,1)([85]38,45,3)([86]15,1,0)(78)
evaluations: 22182381
first invidual area: 114.30
{7,1,80,1,2,1,8}([7]6,1,3)([8]3,4,0)([9]1,3,2)([10]0,0,2)([11]4,1,3)([12]4,8,7)([13]5,1,0)([14]8,5,7)([15]1,12,3)([16]11,5,5)([17]3,10,4)([18]2,15,7)([19]11,7,4)([20]1,12,4)([21]6,2,2)([22]20,21,1)([23]6,2,6)([24]9,1,6)([25]20,16,4)([26]17,22,5)([27]7,12,5)([28]25,27,3)([29]16,20,1)([30]23,4,6)([31]7,23,3)([32]11,28,5)([33]19,21,7)([34]25,9,6)([35]19,16,0)([36]26,21,5)([37]6,13,4)([38]27,36,5)([39]38,29,7)([40]16,26,6)([41]16,27,1)([42]9,40,1)([43]34,20,4)([44]34,18,6)([45]9,4,2)([46]28,39,4)([47]4,2,3)([48]13,16,5)([49]0,48,7)([50]48,32,7)([51]39,32,7)([52]25,10,5)([53]6,32,4)([54]40,33,4)([55]49,7,1)([56]44,26,5)([57]49,38,4)([58]0,25,4)([59]13,30,5)([60]56,0,7)([61]32,39,6)([62]6,42,2)([63]27,62,3)([64]48,8,6)([65]53,52,2)([66]21,59,7)([67]12,66,2)([68]62,42,0)([69]36,22,6)([70]53,40,5)([71]19,48,2)([72]22,7,2)([73]7,37,7)([74]72,58,7)([75]60,66,3)([76]75,65,3)([77]31,65,5)([78]11,56,1)([79]47,15,5)([80]12,24,6)([81]42,23,1)([82]32,78,4)([83]76,57,4)([84]15,31,3)([85]56,22,2)([86]44,23,5)(83)
optimized area: 102.11
time: 1160708 ms
seed: 1636033392
NOT FOUND
time: 1059063 ms
seed: 1636067426
{7,1,80,1,2,1,8}([7]3,1,4)([8]0,5,3)([9]2,4,4)([10]6,9,2)([11]0,9,3)([12]6,0,1)([13]1,10,2)([14]7,0,4)([15]4,7,2)([16]13,14,3)([17]2,7,4)([18]14,13,3)([19]0,6,5)([20]13,17,2)([21]1,5,3)([22]6,21,6)([23]7,3,3)([24]14,8,4)([25]18,5,2)([26]6,23,3)([27]22,18,7)([28]5,15,7)([29]10,20,7)([30]26,11,7)([31]28,30,5)([32]23,2,2)([33]9,4,4)([34]31,33,3)([35]32,27,5)([36]34,26,2)([37]35,31,2)([38]27,32,6)([39]4,19,2)([40]8,21,7)([41]8,38,6)([42]34,39,4)([43]24,21,7)([44]24,42,3)([45]34,38,4)([46]0,43,4)([47]6,35,6)([48]47,30,3)([49]24,12,5)([50]12,16,4)([51]45,26,7)([52]22,17,7)([53]29,8,2)([54]41,44,2)([55]34,29,7)([56]51,42,2)([57]43,56,3)([58]55,46,3)([59]17,46,5)([60]42,7,3)([61]32,49,0)([62]19,49,2)([63]61,61,0)([64]48,62,2)([65]41,57,2)([66]56,64,7)([67]66,9,1)([68]12,21,2)([69]29,20,5)([70]16,51,7)([71]58,0,1)([72]30,71,4)([73]71,67,3)([74]22,4,5)([75]3,13,1)([76]3,12,0)([77]67,60,1)([78]0,19,6)([79]18,53,4)([80]5,24,5)([81]5,48,1)([82]59,21,7)([83]4,71,4)([84]1,35,7)([85]21,55,7)([86]17,30,3)(73)
evaluations: 29126341
first invidual area: 142.89
{7,1,80,1,2,1,8}([7]3,1,4)([8]0,5,6)([9]2,4,4)([10]6,9,2)([11]1,1,0)([12]1,10,2)([13]8,2,5)([14]7,0,4)([15]5,2,5)([16]15,11,5)([17]7,4,5)([18]14,12,6)([19]0,6,5)([20]0,9,6)([21]5,11,3)([22]21,6,6)([23]3,7,3)([24]8,14,7)([25]2,23,2)([26]23,6,3)([27]22,18,3)([28]17,5,4)([29]8,12,3)([30]26,20,4)([31]6,25,1)([32]6,17,1)([33]28,30,5)([34]33,2,3)([35]32,10,3)([36]11,12,5)([37]32,24,5)([38]27,25,6)([39]4,19,5)([40]10,16,5)([41]6,28,0)([42]34,39,7)([43]7,21,7)([44]3,32,4)([45]38,34,4)([46]13,43,4)([47]13,6,6)([48]47,30,3)([49]34,5,5)([50]21,26,7)([51]45,26,7)([52]26,37,1)([53]17,17,5)([54]19,45,0)([55]40,34,7)([56]42,51,5)([57]25,2,6)([58]55,46,6)([59]23,11,7)([60]3,25,6)([61]52,30,6)([62]37,54,2)([63]37,23,7)([64]48,62,5)([65]26,57,6)([66]56,64,4)([67]58,61,7)([68]14,23,0)([69]4,23,6)([70]11,25,0)([71]7,33,5)([72]15,67,0)([73]58,66,3)([74]28,47,6)([75]67,36,5)([76]68,33,2)([77]11,67,5)([78]74,1,0)([79]19,53,0)([80]11,42,4)([81]23,69,4)([82]66,68,0)([83]61,37,7)([84]11,70,6)([85]9,23,0)([86]75,83,6)(73)
optimized area: 125.06
time: 1160847 ms
seed: 1636100391
NOT FOUND
time: 1084820 ms
seed: 1636133195
NOT FOUND
time: 1067866 ms
seed: 1636165547
{7,1,80,1,2,1,8}([7]4,4,0)([8]5,6,7)([9]3,1,4)([10]3,0,7)([11]1,3,2)([12]0,4,6)([13]5,6,6)([14]12,3,0)([15]1,3,6)([16]9,14,5)([17]4,0,4)([18]2,17,7)([19]12,2,6)([20]3,8,5)([21]20,12,2)([22]2,19,5)([23]10,8,7)([24]23,21,4)([25]2,17,3)([26]1,25,3)([27]16,0,1)([28]0,13,7)([29]19,2,7)([30]1,0,4)([31]7,28,7)([32]1,23,3)([33]11,31,4)([34]17,19,0)([35]28,18,7)([36]0,4,5)([37]6,27,4)([38]4,25,5)([39]28,34,0)([40]17,36,7)([41]10,18,5)([42]6,37,4)([43]14,32,3)([44]25,12,7)([45]29,32,6)([46]35,24,6)([47]15,0,7)([48]33,46,6)([49]19,39,3)([50]16,0,0)([51]41,43,4)([52]37,18,7)([53]20,8,7)([54]45,30,6)([55]48,44,6)([56]55,45,1)([57]1,13,3)([58]6,15,7)([59]49,58,4)([60]8,37,0)([61]20,16,4)([62]48,51,3)([63]0,24,1)([64]55,37,6)([65]59,47,3)([66]64,2,4)([67]3,20,2)([68]65,62,5)([69]54,20,6)([70]49,43,0)([71]28,66,5)([72]28,43,2)([73]50,12,4)([74]70,29,6)([75]41,57,5)([76]24,22,5)([77]1,42,2)([78]24,0,6)([79]46,23,6)([80]31,57,3)([81]58,47,3)([82]81,30,7)([83]36,38,3)([84]31,33,6)([85]68,71,2)([86]47,17,4)(85)
evaluations: 44781347
first invidual area: 134.95
{7,1,80,1,2,1,8}([7]2,0,1)([8]5,6,7)([9]1,3,4)([10]0,3,7)([11]0,5,0)([12]0,4,6)([13]6,5,6)([14]1,1,3)([15]9,3,6)([16]10,8,4)([17]4,0,4)([18]2,17,7)([19]9,12,2)([20]3,8,5)([21]20,12,5)([22]8,2,7)([23]7,4,0)([24]16,21,4)([25]8,18,3)([26]3,14,5)([27]0,14,0)([28]27,13,7)([29]10,18,5)([30]7,21,2)([31]4,28,4)([32]14,24,3)([33]26,31,4)([34]19,2,5)([35]18,28,7)([36]32,19,3)([37]6,19,4)([38]7,35,5)([39]1,25,6)([40]2,37,5)([41]37,35,4)([42]6,15,7)([43]19,32,3)([44]38,12,7)([45]41,32,0)([46]35,24,6)([47]15,27,7)([48]33,46,6)([49]23,28,6)([50]29,18,0)([51]50,43,4)([52]41,47,5)([53]12,33,0)([54]10,19,5)([55]48,44,6)([56]4,17,1)([57]14,55,3)([58]31,19,0)([59]49,42,7)([60]17,55,1)([61]49,13,6)([62]51,48,3)([63]46,14,1)([64]55,37,3)([65]59,47,3)([66]64,2,7)([67]16,22,7)([68]65,62,5)([69]55,43,6)([70]69,21,1)([71]28,66,5)([72]64,24,6)([73]49,56,0)([74]49,52,7)([75]1,73,1)([76]47,69,3)([77]17,30,0)([78]66,7,3)([79]61,59,1)([80]59,9,6)([81]27,73,6)([82]70,79,3)([83]69,14,7)([84]38,37,2)([85]68,71,2)([86]34,81,7)(85)
optimized area: 131.67
time: 1070275 ms
seed: 1636196199
{7,1,80,1,2,1,8}([7]1,4,6)([8]6,6,5)([9]2,0,4)([10]4,3,4)([11]6,0,3)([12]1,0,4)([13]4,9,2)([14]7,13,6)([15]4,9,7)([16]0,14,7)([17]4,5,1)([18]2,5,4)([19]14,18,3)([20]6,11,4)([21]10,2,6)([22]4,15,6)([23]10,1,7)([24]23,8,3)([25]4,4,6)([26]19,8,5)([27]21,12,6)([28]1,6,2)([29]26,24,7)([30]27,24,7)([31]14,20,4)([32]22,11,7)([33]1,27,6)([34]4,6,0)([35]16,12,7)([36]26,33,7)([37]19,23,1)([38]20,18,7)([39]15,5,6)([40]3,29,7)([41]37,12,4)([42]41,16,6)([43]35,39,6)([44]2,0,4)([45]3,27,2)([46]43,27,3)([47]46,15,3)([48]32,8,0)([49]38,35,4)([50]48,23,4)([51]39,45,7)([52]45,21,4)([53]42,23,7)([54]49,53,2)([55]50,47,7)([56]35,20,2)([57]52,17,2)([58]57,56,3)([59]58,55,6)([60]17,6,5)([61]19,11,2)([62]16,28,5)([63]56,47,2)([64]1,42,6)([65]17,64,4)([66]53,36,4)([67]29,59,6)([68]41,15,1)([69]54,42,5)([70]69,9,4)([71]1,42,6)([72]70,67,4)([73]70,67,5)([74]46,27,2)([75]46,21,6)([76]15,8,5)([77]38,70,3)([78]4,41,3)([79]4,9,5)([80]9,41,5)([81]56,7,4)([82]13,3,4)([83]80,22,7)([84]51,44,3)([85]66,17,6)([86]42,85,5)(72)
evaluations: 11203940
first invidual area: 151.35
{7,1,80,1,2,1,8}([7]4,1,6)([8]6,4,1)([9]2,0,4)([10]4,3,4)([11]4,7,1)([12]1,0,4)([13]4,9,2)([14]13,7,6)([15]9,4,6)([16]5,10,1)([17]15,13,3)([18]16,2,7)([19]18,14,3)([20]0,8,2)([21]10,2,6)([22]20,6,3)([23]10,1,7)([24]8,23,3)([25]11,1,6)([26]8,19,5)([27]21,12,6)([28]8,5,6)([29]26,24,2)([30]4,17,3)([31]22,30,7)([32]31,23,4)([33]12,18,7)([34]17,5,4)([35]14,0,7)([36]11,11,0)([37]0,9,4)([38]12,0,6)([39]15,32,2)([40]33,35,3)([41]10,20,4)([42]11,37,2)([43]16,25,6)([44]39,37,4)([45]37,16,7)([46]43,27,3)([47]46,17,6)([48]30,8,1)([49]41,27,4)([50]45,45,4)([51]20,1,0)([52]38,21,3)([53]36,5,4)([54]49,40,6)([55]32,47,7)([56]49,51,2)([57]52,36,2)([58]57,56,3)([59]58,55,6)([60]51,12,5)([61]53,19,2)([62]21,45,7)([63]12,56,0)([64]5,6,5)([65]59,29,6)([66]24,35,2)([67]15,1,5)([68]31,56,7)([69]54,23,5)([70]69,9,4)([71]69,67,2)([72]22,28,2)([73]12,65,2)([74]72,50,7)([75]26,10,0)([76]47,14,2)([77]16,67,2)([78]2,42,0)([79]41,12,6)([80]4,35,6)([81]75,15,3)([82]37,47,7)([83]70,65,4)([84]17,54,2)([85]23,43,1)([86]60,56,1)(83)
optimized area: 134.44
time: 1250628 ms
