seed: 1633873794
NOT FOUND
time: 537849 ms
seed: 1634011475
{7,1,80,1,2,1,8}([7]1,2,4)([8]1,3,4)([9]8,4,3)([10]0,6,6)([11]7,9,4)([12]4,10,6)([13]11,0,4)([14]6,5,5)([15]2,6,4)([16]3,6,3)([17]8,12,4)([18]1,17,2)([19]18,5,7)([20]1,2,0)([21]13,15,4)([22]16,4,1)([23]11,22,6)([24]6,23,7)([25]18,11,7)([26]16,13,1)([27]7,21,7)([28]18,7,6)([29]17,17,6)([30]21,4,4)([31]4,18,4)([32]30,27,2)([33]15,24,1)([34]9,25,3)([35]8,25,5)([36]10,8,7)([37]18,36,5)([38]14,9,2)([39]29,15,2)([40]30,35,5)([41]5,27,4)([42]19,4,1)([43]39,40,6)([44]42,8,3)([45]0,2,6)([46]11,29,4)([47]5,23,3)([48]11,44,7)([49]14,17,2)([50]47,34,7)([51]50,20,4)([52]48,24,3)([53]13,17,0)([54]19,50,2)([55]4,13,1)([56]49,28,2)([57]3,26,2)([58]32,54,6)([59]53,34,7)([60]19,0,4)([61]53,52,7)([62]44,40,2)([63]13,39,3)([64]61,58,5)([65]22,16,3)([66]3,37,1)([67]5,44,7)([68]43,56,1)([69]48,59,2)([70]36,55,3)([71]47,10,3)([72]34,28,0)([73]50,54,3)([74]60,64,7)([75]56,68,4)([76]75,74,2)([77]4,21,4)([78]72,29,7)([79]78,28,6)([80]11,40,3)([81]37,74,2)([82]21,40,7)([83]22,78,5)([84]6,71,2)([85]44,57,7)([86]17,33,1)(76)
evaluations: 13138512
first invidual area: 142.90
{7,1,80,1,2,1,8}([7]1,2,4)([8]1,3,4)([9]4,8,3)([10]6,0,6)([11]9,7,4)([12]10,4,6)([13]0,11,4)([14]6,2,4)([15]6,5,5)([16]3,0,1)([17]12,8,4)([18]17,1,2)([19]5,18,7)([20]14,1,3)([21]13,14,7)([22]11,16,6)([23]4,15,6)([24]6,22,6)([25]11,18,7)([26]1,8,3)([27]0,19,7)([28]7,21,4)([29]3,12,1)([30]4,21,7)([31]5,3,6)([32]17,29,1)([33]17,15,2)([34]30,28,2)([35]25,8,5)([36]3,17,0)([37]4,25,3)([38]35,30,5)([39]32,14,2)([40]13,0,6)([41]19,27,5)([42]25,15,6)([43]1,2,6)([44]23,8,0)([45]8,41,6)([46]27,5,1)([47]6,25,4)([48]6,45,4)([49]47,31,5)([50]37,26,7)([51]38,39,3)([52]48,24,6)([53]45,52,3)([54]1,8,6)([55]30,46,2)([56]19,50,2)([57]56,45,0)([58]34,57,6)([59]43,33,5)([60]37,27,4)([61]13,52,4)([62]29,40,2)([63]36,26,7)([64]61,58,5)([65]23,13,0)([66]53,26,5)([67]52,28,2)([68]24,67,2)([69]42,45,3)([70]51,59,7)([71]53,46,7)([72]67,38,0)([73]4,19,2)([74]27,64,4)([75]51,69,7)([76]70,74,2)([77]54,5,5)([78]71,60,4)([79]15,6,5)([80]23,66,0)([81]23,8,1)([82]64,35,5)([83]30,48,2)([84]19,3,0)([85]78,18,6)([86]77,10,7)(76)
optimized area: 135.87
time: 674596 ms
seed: 1634060272
{7,1,80,1,2,1,8}([7]5,1,7)([8]3,2,4)([9]6,5,5)([10]9,8,3)([11]10,9,5)([12]2,10,7)([13]6,12,7)([14]13,1,6)([15]10,6,7)([16]4,14,7)([17]7,16,5)([18]4,6,2)([19]1,3,3)([20]17,3,7)([21]4,7,2)([22]5,20,2)([23]22,0,7)([24]18,17,1)([25]15,3,7)([26]2,20,3)([27]6,24,2)([28]0,25,4)([29]23,3,2)([30]5,18,4)([31]25,16,2)([32]28,8,5)([33]28,30,4)([34]24,1,4)([35]32,24,4)([36]19,31,4)([37]20,27,7)([38]35,36,5)([39]13,38,4)([40]27,1,7)([41]38,23,3)([42]29,10,1)([43]7,10,4)([44]21,26,5)([45]42,26,4)([46]27,42,7)([47]43,5,6)([48]8,47,7)([49]6,11,5)([50]0,20,5)([51]10,27,4)([52]44,35,4)([53]49,21,6)([54]47,33,3)([55]53,19,1)([56]46,37,6)([57]45,40,4)([58]7,0,0)([59]2,4,1)([60]39,51,2)([61]57,31,3)([62]21,24,6)([63]53,45,7)([64]39,23,2)([65]29,30,3)([66]64,24,3)([67]61,54,3)([68]44,5,4)([69]56,49,2)([70]9,68,0)([71]19,17,7)([72]66,7,7)([73]16,69,2)([74]39,29,6)([75]39,27,2)([76]50,11,3)([77]25,56,3)([78]34,35,4)([79]35,37,1)([80]66,77,5)([81]73,67,7)([82]66,35,1)([83]38,40,2)([84]81,64,3)([85]73,11,0)([86]84,84,6)(84)
evaluations: 9639836
first invidual area: 159.32
{7,1,80,1,2,1,8}([7]1,5,3)([8]2,3,4)([9]5,6,5)([10]5,1,7)([11]8,9,3)([12]11,6,5)([13]2,12,4)([14]13,1,6)([15]1,3,3)([16]4,14,7)([17]0,10,3)([18]10,16,5)([19]9,16,2)([20]18,3,7)([21]15,20,0)([22]20,5,5)([23]0,22,4)([24]4,6,5)([25]3,12,4)([26]16,8,0)([27]6,24,5)([28]25,0,4)([29]23,3,5)([30]24,0,4)([31]25,26,2)([32]8,28,5)([33]20,6,0)([34]32,24,4)([35]27,22,0)([36]21,31,4)([37]5,24,7)([38]34,36,5)([39]38,13,4)([40]24,27,3)([41]33,27,4)([42]28,24,5)([43]2,1,4)([44]2,23,4)([45]23,39,2)([46]35,29,4)([47]36,6,0)([48]37,28,4)([49]7,47,1)([50]33,45,5)([51]17,0,7)([52]27,30,2)([53]17,29,4)([54]38,11,2)([55]46,2,5)([56]46,41,6)([57]43,55,4)([58]57,53,2)([59]16,56,1)([60]48,31,3)([61]57,7,5)([62]50,21,3)([63]0,10,7)([64]51,29,5)([65]19,56,2)([66]47,18,7)([67]61,60,6)([68]26,25,7)([69]53,60,7)([70]51,46,1)([71]28,5,3)([72]35,20,4)([73]42,17,2)([74]61,53,6)([75]40,0,3)([76]53,64,0)([77]52,74,3)([78]61,7,3)([79]40,62,3)([80]48,51,6)([81]65,45,3)([82]77,50,4)([83]2,43,4)([84]81,67,3)([85]67,27,4)([86]5,14,2)(84)
optimized area: 130.72
time: 699262 ms
seed: 1634174531
NOT FOUND
time: 527087 ms
seed: 1634221758
{7,1,80,1,2,1,8}([7]1,1,1)([8]1,4,4)([9]8,6,5)([10]9,3,7)([11]10,5,6)([12]5,3,7)([13]2,9,4)([14]7,5,2)([15]4,14,3)([16]6,1,4)([17]8,11,4)([18]12,13,2)([19]6,13,7)([20]19,4,7)([21]9,4,7)([22]13,5,5)([23]14,0,7)([24]20,23,4)([25]15,12,4)([26]10,3,0)([27]15,19,2)([28]17,27,6)([29]2,21,3)([30]12,26,4)([31]27,25,5)([32]12,20,2)([33]30,7,5)([34]6,18,5)([35]13,13,5)([36]23,17,4)([37]19,18,0)([38]24,28,3)([39]31,27,4)([40]31,8,6)([41]2,20,5)([42]18,33,4)([43]30,7,7)([44]6,1,5)([45]1,18,7)([46]29,45,6)([47]42,38,7)([48]22,36,6)([49]39,39,5)([50]38,48,4)([51]3,32,5)([52]49,23,3)([53]13,4,6)([54]41,46,6)([55]16,27,1)([56]39,10,7)([57]3,4,2)([58]29,44,6)([59]50,47,3)([60]59,32,6)([61]21,42,5)([62]52,61,6)([63]55,50,3)([64]47,15,6)([65]36,30,3)([66]52,63,5)([67]66,13,6)([68]4,35,6)([69]46,67,3)([70]59,24,4)([71]19,48,6)([72]28,42,7)([73]69,40,2)([74]14,27,1)([75]46,57,6)([76]60,69,4)([77]76,73,4)([78]21,65,4)([79]36,49,1)([80]67,21,0)([81]14,47,4)([82]33,10,5)([83]10,42,1)([84]60,31,5)([85]65,53,2)([86]62,54,2)(77)
evaluations: 31380571
first invidual area: 156.97
{7,1,80,1,2,1,8}([7]1,0,1)([8]4,7,7)([9]6,8,5)([10]9,3,7)([11]10,5,3)([12]5,3,7)([13]9,2,4)([14]5,7,2)([15]14,4,3)([16]1,10,6)([17]11,8,7)([18]13,12,2)([19]6,13,7)([20]19,4,7)([21]18,7,4)([22]5,13,5)([23]0,14,7)([24]4,9,7)([25]12,11,1)([26]23,20,4)([27]19,15,2)([28]21,21,6)([29]2,24,3)([30]9,5,7)([31]25,27,2)([32]12,20,2)([33]30,7,5)([34]30,5,0)([35]27,17,6)([36]23,8,4)([37]35,19,2)([38]26,35,3)([39]27,12,2)([40]0,31,2)([41]6,7,3)([42]21,33,4)([43]35,1,1)([44]30,22,6)([45]18,39,1)([46]29,21,6)([47]45,39,7)([48]22,36,3)([49]48,18,7)([50]38,48,4)([51]41,17,3)([52]39,23,3)([53]23,18,6)([54]41,15,6)([55]36,46,1)([56]2,50,2)([57]35,54,1)([58]38,42,4)([59]50,58,5)([60]59,32,6)([61]55,38,3)([62]37,61,4)([63]24,7,2)([64]43,16,5)([65]49,52,5)([66]52,61,5)([67]66,13,6)([68]51,63,7)([69]46,67,6)([70]50,10,0)([71]13,20,5)([72]10,13,6)([73]51,36,4)([74]23,44,7)([75]54,42,6)([76]60,69,4)([77]76,40,6)([78]44,10,3)([79]19,5,5)([80]11,48,4)([81]15,28,6)([82]10,20,7)([83]82,26,4)([84]79,3,3)([85]18,42,4)([86]50,32,0)(77)
optimized area: 140.08
time: 626424 ms
seed: 1634318931
{7,1,80,1,2,1,8}([7]4,1,6)([8]0,7,7)([9]1,6,4)([10]0,2,6)([11]6,3,6)([12]5,11,4)([13]3,10,4)([14]8,5,3)([15]10,7,4)([16]1,14,6)([17]14,13,7)([18]6,2,4)([19]4,0,4)([20]9,15,6)([21]20,0,4)([22]17,1,5)([23]12,10,5)([24]2,14,1)([25]16,3,5)([26]6,17,5)([27]18,25,2)([28]8,19,6)([29]26,18,2)([30]19,27,3)([31]20,25,4)([32]18,19,6)([33]20,4,3)([34]22,13,7)([35]30,13,6)([36]12,26,5)([37]33,8,6)([38]34,2,6)([39]18,26,2)([40]37,20,3)([41]11,36,0)([42]35,2,6)([43]30,35,7)([44]0,28,6)([45]35,33,6)([46]44,7,0)([47]39,35,0)([48]13,26,3)([49]36,33,4)([50]35,34,2)([51]32,42,4)([52]44,45,6)([53]20,34,6)([54]49,34,3)([55]45,47,4)([56]54,49,4)([57]22,52,7)([58]7,53,1)([59]50,16,5)([60]21,42,7)([61]54,55,3)([62]21,38,2)([63]59,55,1)([64]31,43,4)([65]28,37,0)([66]36,50,6)([67]20,63,5)([68]54,12,4)([69]60,64,3)([70]19,33,3)([71]31,65,1)([72]69,68,3)([73]31,8,4)([74]72,61,7)([75]56,22,4)([76]40,46,0)([77]46,12,4)([78]37,77,4)([79]72,57,7)([80]29,50,3)([81]11,27,4)([82]74,78,7)([83]3,49,7)([84]0,76,7)([85]73,39,2)([86]82,35,4)(86)
evaluations: 27049207
first invidual area: 157.46
{7,1,80,1,2,1,8}([7]1,4,6)([8]7,0,6)([9]1,6,4)([10]2,0,6)([11]3,6,6)([12]5,11,4)([13]3,10,4)([14]8,5,6)([15]0,4,4)([16]11,3,4)([17]13,14,4)([18]10,4,2)([19]7,10,4)([20]19,9,6)([21]2,6,4)([22]17,1,5)([23]20,0,4)([24]7,0,7)([25]10,14,5)([26]6,17,5)([27]21,25,2)([28]19,3,1)([29]2,17,5)([30]15,27,3)([31]20,25,5)([32]12,24,7)([33]20,4,3)([34]18,27,2)([35]30,13,6)([36]12,26,5)([37]33,8,3)([38]13,22,7)([39]36,35,6)([40]17,5,2)([41]27,26,0)([42]10,13,6)([43]30,35,6)([44]6,31,5)([45]26,11,4)([46]32,12,4)([47]26,21,5)([48]9,44,1)([49]36,33,4)([50]37,24,2)([51]34,14,6)([52]19,11,1)([53]49,44,3)([54]49,38,3)([55]39,47,7)([56]19,16,1)([57]35,2,3)([58]37,20,1)([59]17,54,5)([60]23,57,4)([61]54,55,6)([62]18,25,4)([63]54,41,0)([64]31,43,4)([65]4,61,2)([66]46,22,6)([67]41,59,2)([68]63,12,4)([69]46,34,6)([70]64,60,3)([71]68,32,5)([72]70,68,3)([73]33,49,0)([74]72,61,4)([75]26,24,3)([76]11,16,7)([77]39,46,5)([78]32,74,7)([79]66,48,0)([80]12,11,5)([81]53,16,2)([82]78,37,4)([83]39,17,0)([84]9,41,2)([85]8,13,5)([86]82,35,4)(86)
optimized area: 147.14
time: 630013 ms
seed: 1634359376
{7,1,80,1,2,1,8}([7]2,4,3)([8]3,4,0)([9]0,1,3)([10]7,9,4)([11]2,8,2)([12]0,4,7)([13]10,11,3)([14]12,1,5)([15]0,5,0)([16]1,3,4)([17]10,6,4)([18]10,5,7)([19]16,16,7)([20]13,1,7)([21]17,5,7)([22]0,20,7)([23]18,22,5)([24]5,14,4)([25]2,9,7)([26]1,13,1)([27]22,25,5)([28]27,6,3)([29]16,24,7)([30]14,17,2)([31]15,20,4)([32]2,9,5)([33]27,26,3)([34]20,16,4)([35]21,8,7)([36]22,26,4)([37]32,2,2)([38]26,33,0)([39]35,16,2)([40]33,12,7)([41]39,21,7)([42]37,27,7)([43]8,3,5)([44]29,33,2)([45]32,30,5)([46]30,4,2)([47]18,41,5)([48]42,34,5)([49]27,0,7)([50]31,4,1)([51]44,1,1)([52]51,5,3)([53]6,48,5)([54]4,33,7)([55]28,51,7)([56]47,18,2)([57]41,25,3)([58]17,8,1)([59]49,31,3)([60]14,23,2)([61]9,2,3)([62]60,54,3)([63]62,55,1)([64]21,63,2)([65]12,17,0)([66]34,5,5)([67]55,40,7)([68]24,38,5)([69]46,64,6)([70]57,55,2)([71]70,48,4)([72]11,35,3)([73]60,5,1)([74]66,62,7)([75]69,26,3)([76]69,74,3)([77]69,22,4)([78]1,31,7)([79]20,78,7)([80]21,11,2)([81]76,71,4)([82]60,3,5)([83]67,45,0)([84]40,6,2)([85]82,76,1)([86]12,60,7)(81)
evaluations: 41514507
first invidual area: 151.34
{7,1,80,1,2,1,8}([7]0,4,7)([8]4,2,3)([9]1,0,3)([10]8,9,4)([11]2,3,2)([12]4,8,0)([13]11,10,3)([14]1,7,5)([15]13,5,7)([16]3,1,4)([17]10,6,4)([18]4,16,5)([19]2,14,3)([20]13,1,7)([21]17,5,7)([22]0,20,7)([23]15,22,5)([24]5,14,4)([25]2,9,7)([26]11,22,5)([27]22,25,5)([28]27,6,6)([29]16,24,7)([30]12,17,2)([31]16,9,0)([32]1,1,1)([33]27,32,3)([34]20,16,4)([35]21,3,7)([36]30,14,2)([37]16,31,3)([38]12,14,3)([39]16,35,5)([40]32,12,3)([41]34,33,1)([42]26,27,5)([43]20,5,3)([44]1,8,6)([45]6,38,4)([46]40,21,7)([47]42,2,4)([48]34,42,5)([49]10,38,1)([50]2,34,3)([51]29,33,5)([52]18,43,1)([53]21,39,4)([54]4,33,2)([55]28,51,4)([56]33,26,3)([57]53,25,3)([58]55,44,1)([59]47,4,2)([60]14,23,7)([61]15,52,0)([62]60,54,3)([63]62,3,1)([64]21,63,2)([65]34,5,5)([66]9,55,1)([67]64,36,5)([68]7,58,0)([69]36,64,6)([70]57,55,5)([71]70,48,4)([72]62,65,7)([73]9,48,3)([74]67,31,0)([75]43,23,0)([76]69,72,3)([77]65,59,4)([78]2,31,7)([79]35,39,7)([80]37,30,2)([81]76,71,7)([82]60,42,6)([83]33,55,6)([84]29,55,5)([85]20,0,2)([86]36,28,5)(81)
optimized area: 143.37
time: 565564 ms
seed: 1634408308
NOT FOUND
time: 528010 ms
seed: 1634457386
{7,1,80,1,2,1,8}([7]4,2,2)([8]5,7,7)([9]8,4,5)([10]8,6,5)([11]3,4,5)([12]1,9,4)([13]3,4,3)([14]13,12,2)([15]6,13,7)([16]3,15,6)([17]5,14,2)([18]16,17,4)([19]17,12,2)([20]15,11,2)([21]12,20,5)([22]10,21,4)([23]18,10,2)([24]23,0,6)([25]0,2,3)([26]5,20,2)([27]12,21,2)([28]16,20,5)([29]12,17,3)([30]11,8,4)([31]15,14,6)([32]0,23,4)([33]27,4,1)([34]5,20,0)([35]4,34,2)([36]24,21,4)([37]25,3,2)([38]26,9,4)([39]35,37,3)([40]21,30,2)([41]21,28,4)([42]2,39,4)([43]40,23,4)([44]26,2,6)([45]44,22,4)([46]31,39,4)([47]32,46,5)([48]7,42,7)([49]32,9,0)([50]48,2,1)([51]9,10,3)([52]11,17,4)([53]44,52,1)([54]36,50,5)([55]38,23,1)([56]54,40,6)([57]22,51,4)([58]29,51,6)([59]56,27,4)([60]56,45,7)([61]32,42,3)([62]25,4,6)([63]23,60,2)([64]13,5,6)([65]23,53,7)([66]23,12,7)([67]19,22,0)([68]49,16,0)([69]65,56,7)([70]67,37,2)([71]3,13,1)([72]20,39,0)([73]24,19,7)([74]17,16,3)([75]60,17,3)([76]31,26,5)([77]54,29,4)([78]75,29,6)([79]63,53,1)([80]47,75,2)([81]77,60,1)([82]2,29,1)([83]48,38,3)([84]59,53,1)([85]22,35,5)([86]53,49,2)(80)
evaluations: 14887148
first invidual area: 118.05
{7,1,80,1,2,1,8}([7]2,4,2)([8]5,7,7)([9]4,8,5)([10]6,8,5)([11]4,3,5)([12]9,1,4)([13]3,4,3)([14]12,13,2)([15]13,6,7)([16]3,15,6)([17]5,14,2)([18]17,16,4)([19]5,4,2)([20]15,11,2)([21]12,20,5)([22]21,12,3)([23]18,10,2)([24]16,8,0)([25]11,8,4)([26]0,0,3)([27]2,24,7)([28]15,14,3)([29]5,19,6)([30]23,0,6)([31]2,0,3)([32]25,22,5)([33]20,5,2)([34]23,0,2)([35]21,10,4)([36]30,21,4)([37]3,31,2)([38]34,30,6)([39]37,19,3)([40]26,2,1)([41]37,2,4)([42]12,33,5)([43]2,33,3)([44]25,42,2)([45]35,43,4)([46]25,18,5)([47]44,38,0)([48]41,7,3)([49]13,13,4)([50]26,26,1)([51]39,28,7)([52]12,21,3)([53]26,46,7)([54]36,48,5)([55]13,49,7)([56]44,54,3)([57]5,52,5)([58]41,1,7)([59]39,52,7)([60]11,59,5)([61]38,51,5)([62]19,45,4)([63]45,56,7)([64]17,63,3)([65]7,10,7)([66]35,45,2)([67]61,64,2)([68]34,61,6)([69]45,54,6)([70]14,65,3)([71]30,65,0)([72]67,17,0)([73]68,72,7)([74]50,38,1)([75]22,61,4)([76]26,25,0)([77]51,65,0)([78]3,58,6)([79]5,48,5)([80]17,63,7)([81]59,75,2)([82]45,31,6)([83]47,32,1)([84]45,18,7)([85]5,75,6)([86]35,1,4)(72)
optimized area: 116.16
time: 642696 ms
seed: 1634517561
NOT FOUND
time: 535412 ms
seed: 1634616712
NOT FOUND
time: 534565 ms
seed: 1635143756
NOT FOUND
time: 522586 ms
seed: 1635192860
{7,1,80,1,2,1,8}([7]0,4,4)([8]3,5,7)([9]1,6,1)([10]5,1,2)([11]9,5,2)([12]4,8,7)([13]3,10,2)([14]9,7,5)([15]13,12,4)([16]4,6,4)([17]16,14,2)([18]2,7,2)([19]4,8,6)([20]10,0,6)([21]0,14,7)([22]1,4,6)([23]18,12,4)([24]8,20,4)([25]14,0,0)([26]11,12,6)([27]22,19,2)([28]23,3,1)([29]9,26,1)([30]10,2,2)([31]6,28,2)([32]24,8,3)([33]15,14,4)([34]28,14,3)([35]34,22,1)([36]11,4,4)([37]16,34,7)([38]24,30,5)([39]2,31,4)([40]36,37,2)([41]39,30,3)([42]37,9,3)([43]14,0,0)([44]22,32,6)([45]31,24,5)([46]2,44,3)([47]42,27,4)([48]17,26,6)([49]12,33,5)([50]43,32,6)([51]48,8,4)([52]21,33,5)([53]40,52,4)([54]7,51,4)([55]14,12,2)([56]51,8,3)([57]28,15,0)([58]46,47,4)([59]33,14,1)([60]52,50,2)([61]33,31,0)([62]58,45,4)([63]37,26,0)([64]60,53,7)([65]17,38,3)([66]65,46,4)([67]22,60,0)([68]41,56,3)([69]12,39,3)([70]16,41,2)([71]26,24,2)([72]58,35,4)([73]58,18,5)([74]54,41,2)([75]61,62,1)([76]64,4,1)([77]64,62,6)([78]77,66,6)([79]56,20,1)([80]6,68,7)([81]74,77,3)([82]37,12,0)([83]76,74,2)([84]69,12,6)([85]46,43,5)([86]18,1,3)(81)
evaluations: 33364105
first invidual area: 156.02
{7,1,80,1,2,1,8}([7]0,4,4)([8]3,5,7)([9]1,7,1)([10]1,5,2)([11]9,5,2)([12]8,4,7)([13]10,8,5)([14]7,9,5)([15]13,12,7)([16]4,6,4)([17]2,10,2)([18]2,7,5)([19]4,8,6)([20]16,9,3)([21]0,15,3)([22]11,8,3)([23]12,18,4)([24]12,11,6)([25]10,1,6)([26]0,6,7)([27]23,18,7)([28]14,15,4)([29]23,14,3)([30]0,5,6)([31]6,23,5)([32]13,7,5)([33]16,14,2)([34]19,5,0)([35]34,31,5)([36]11,34,7)([37]16,29,7)([38]1,26,1)([39]2,31,7)([40]25,1,1)([41]39,17,3)([42]9,34,5)([43]34,25,0)([44]30,22,6)([45]13,30,4)([46]44,2,6)([47]20,42,5)([48]33,24,6)([49]46,39,5)([50]36,37,5)([51]48,8,7)([52]21,28,5)([53]50,52,4)([54]19,45,6)([55]51,24,7)([56]8,8,2)([57]36,40,3)([58]46,47,4)([59]32,1,2)([60]24,23,1)([61]58,8,3)([62]49,43,5)([63]44,6,4)([64]47,2,2)([65]10,1,0)([66]13,53,4)([67]47,63,5)([68]62,17,0)([69]16,59,5)([70]9,45,2)([71]58,49,5)([72]67,40,5)([73]71,60,3)([74]51,7,7)([75]73,11,7)([76]30,27,2)([77]71,53,6)([78]41,74,2)([79]69,17,5)([80]33,13,7)([81]78,77,3)([82]63,16,4)([83]45,8,6)([84]14,65,2)([85]65,40,2)([86]28,49,6)(81)
optimized area: 127.88
time: 578401 ms
seed: 1635348769
{7,1,80,1,2,1,8}([7]0,3,3)([8]1,7,2)([9]4,4,6)([10]2,0,5)([11]5,1,4)([12]2,0,6)([13]12,4,5)([14]0,11,5)([15]11,3,5)([16]14,8,0)([17]3,12,7)([18]1,15,1)([19]2,10,5)([20]0,6,4)([21]20,9,5)([22]1,10,7)([23]3,22,3)([24]4,17,5)([25]16,3,6)([26]10,5,4)([27]25,7,0)([28]8,9,5)([29]19,8,0)([30]18,20,4)([31]27,5,3)([32]21,23,4)([33]21,20,1)([34]5,12,0)([35]32,21,2)([36]30,27,4)([37]31,24,4)([38]35,13,2)([39]37,29,6)([40]16,17,2)([41]9,20,3)([42]12,15,7)([43]30,34,4)([44]40,12,2)([45]29,3,7)([46]41,28,5)([47]36,18,1)([48]37,46,3)([49]46,30,2)([50]49,7,0)([51]19,48,5)([52]35,3,1)([53]23,51,4)([54]36,32,5)([55]2,18,6)([56]33,25,3)([57]31,50,5)([58]6,20,3)([59]47,28,5)([60]27,33,6)([61]40,57,3)([62]42,26,1)([63]54,12,1)([64]39,38,4)([65]62,41,5)([66]53,32,5)([67]45,33,5)([68]4,14,7)([69]65,64,5)([70]41,55,6)([71]62,41,1)([72]61,26,3)([73]69,63,4)([74]73,70,7)([75]73,53,7)([76]29,8,4)([77]10,29,3)([78]44,52,5)([79]52,66,3)([80]71,40,5)([81]75,72,4)([82]57,67,7)([83]9,46,5)([84]71,11,2)([85]20,74,0)([86]60,13,6)(81)
evaluations: 20482749
first invidual area: 138.17
{7,1,80,1,2,1,8}([7]3,0,3)([8]1,7,2)([9]4,5,1)([10]0,2,5)([11]1,5,4)([12]2,0,6)([13]11,0,5)([14]8,9,5)([15]12,4,5)([16]11,9,0)([17]3,12,7)([18]10,1,7)([19]2,10,5)([20]0,6,4)([21]20,9,5)([22]17,18,3)([23]18,3,6)([24]17,4,5)([25]13,3,6)([26]5,10,4)([27]1,17,1)([28]19,16,7)([29]27,15,6)([30]1,20,7)([31]5,25,3)([32]11,12,0)([33]23,21,7)([34]31,21,1)([35]33,23,2)([36]30,25,7)([37]24,31,4)([38]35,15,5)([39]30,31,2)([40]13,17,2)([41]20,9,3)([42]5,7,1)([43]35,41,1)([44]28,28,0)([45]38,35,6)([46]14,41,5)([47]8,20,5)([48]37,46,3)([49]24,40,0)([50]16,45,5)([51]19,48,5)([52]20,3,0)([53]51,21,7)([54]36,33,5)([55]29,26,4)([56]36,34,6)([57]32,52,0)([58]37,19,3)([59]46,39,5)([60]58,30,4)([61]41,13,7)([62]46,57,4)([63]22,41,5)([64]58,38,4)([65]59,40,3)([66]17,42,1)([67]52,59,2)([68]59,8,6)([69]63,64,5)([70]5,50,7)([71]36,49,1)([72]65,26,3)([73]69,54,7)([74]13,12,0)([75]73,53,4)([76]27,64,5)([77]10,11,2)([78]45,3,7)([79]51,76,3)([80]32,8,3)([81]75,72,4)([82]20,15,3)([83]25,70,0)([84]61,30,6)([85]37,49,4)([86]37,19,4)(81)
optimized area: 128.34
time: 1191914 ms
seed: 1635623869
NOT FOUND
time: 1061271 ms
seed: 1635671516
NOT FOUND
time: 1064567 ms
seed: 1635719354
{7,1,80,1,2,1,8}([7]3,4,4)([8]2,7,7)([9]5,3,4)([10]7,1,2)([11]1,5,1)([12]11,5,6)([13]10,5,7)([14]12,7,7)([15]4,5,4)([16]14,6,4)([17]1,8,4)([18]1,4,3)([19]0,14,4)([20]15,1,1)([21]20,11,6)([22]19,9,5)([23]0,2,3)([24]22,16,7)([25]17,16,5)([26]25,18,1)([27]0,13,4)([28]0,20,5)([29]24,1,7)([30]1,4,0)([31]19,2,4)([32]18,22,4)([33]6,21,4)([34]32,9,5)([35]8,33,1)([36]13,6,2)([37]34,31,2)([38]28,16,3)([39]31,35,2)([40]39,0,0)([41]23,3,2)([42]3,25,4)([43]23,18,1)([44]36,18,2)([45]29,41,2)([46]38,23,7)([47]19,45,3)([48]40,11,1)([49]27,38,5)([50]37,27,0)([51]50,11,2)([52]8,22,5)([53]48,24,7)([54]24,31,1)([55]20,37,2)([56]31,43,4)([57]50,44,7)([58]54,27,7)([59]38,45,4)([60]57,59,2)([61]6,30,7)([62]32,14,6)([63]42,53,5)([64]3,54,2)([65]45,21,3)([66]9,2,4)([67]60,63,5)([68]63,37,2)([69]42,18,2)([70]11,15,5)([71]67,49,4)([72]32,0,5)([73]10,63,6)([74]11,41,3)([75]28,27,4)([76]0,72,7)([77]52,35,6)([78]62,36,0)([79]71,67,0)([80]45,60,5)([81]75,71,2)([82]49,59,2)([83]56,55,4)([84]74,67,5)([85]16,44,4)([86]24,55,6)(79)
evaluations: 19198486
first invidual area: 135.88
{7,1,80,1,2,1,8}([7]3,4,4)([8]2,7,7)([9]3,5,4)([10]1,7,5)([11]1,8,1)([12]11,5,3)([13]10,5,4)([14]7,12,4)([15]7,9,4)([16]6,14,4)([17]1,8,4)([18]17,16,5)([19]0,14,4)([20]16,15,6)([21]1,4,3)([22]19,9,5)([23]0,2,3)([24]22,16,7)([25]13,11,3)([26]8,1,1)([27]0,13,4)([28]0,20,5)([29]19,11,1)([30]23,3,2)([31]19,2,4)([32]24,8,7)([33]2,21,4)([34]33,9,5)([35]7,26,4)([36]21,13,2)([37]34,31,5)([38]26,33,3)([39]24,11,4)([40]26,31,5)([41]40,24,7)([42]2,24,7)([43]18,3,4)([44]25,40,0)([45]30,39,5)([46]45,1,1)([47]30,8,3)([48]27,12,0)([49]13,6,3)([50]6,36,5)([51]43,41,5)([52]30,31,0)([53]19,4,0)([54]23,14,3)([55]33,32,3)([56]36,45,5)([57]50,37,7)([58]0,37,5)([59]28,45,7)([60]57,59,2)([61]36,35,7)([62]38,54,6)([63]37,45,5)([64]28,27,5)([65]4,27,0)([66]1,41,2)([67]60,51,5)([68]19,26,5)([69]0,22,6)([70]17,38,7)([71]67,64,4)([72]66,9,1)([73]66,26,6)([74]69,18,3)([75]6,27,3)([76]31,47,7)([77]55,51,2)([78]39,47,2)([79]8,42,6)([80]38,62,1)([81]57,33,7)([82]46,49,0)([83]81,9,1)([84]56,12,2)([85]76,64,7)([86]65,53,2)(71)
optimized area: 130.73
time: 1232293 ms
seed: 1635766604
{7,1,80,1,2,1,8}([7]1,4,4)([8]2,7,7)([9]1,5,4)([10]8,7,5)([11]3,9,4)([12]11,5,2)([13]7,0,3)([14]5,9,5)([15]5,2,3)([16]4,5,4)([17]10,6,4)([18]4,12,3)([19]0,14,4)([20]14,13,5)([21]17,11,3)([22]15,21,1)([23]13,16,4)([24]10,22,4)([25]6,24,6)([26]17,18,4)([27]23,21,6)([28]3,26,7)([29]18,17,2)([30]6,5,3)([31]15,27,1)([32]5,19,5)([33]15,18,7)([34]27,7,1)([35]28,23,6)([36]27,31,7)([37]32,3,3)([38]2,27,4)([39]29,9,0)([40]37,18,5)([41]34,19,5)([42]25,5,0)([43]11,29,5)([44]30,8,3)([45]20,8,2)([46]10,41,6)([47]11,33,1)([48]42,41,7)([49]43,6,4)([50]21,18,3)([51]20,13,1)([52]48,35,3)([53]30,36,5)([54]53,16,0)([55]13,48,3)([56]0,54,2)([57]32,35,0)([58]56,9,2)([59]52,46,4)([60]23,51,3)([61]49,2,4)([62]59,45,6)([63]46,53,5)([64]0,53,6)([65]36,43,4)([66]50,27,0)([67]9,34,1)([68]43,62,4)([69]22,61,7)([70]7,67,4)([71]45,56,6)([72]29,11,7)([73]34,30,6)([74]71,72,3)([75]24,43,5)([76]64,49,0)([77]13,10,3)([78]68,39,5)([79]56,57,5)([80]17,71,5)([81]22,26,4)([82]68,74,2)([83]58,21,2)([84]51,79,2)([85]32,36,3)([86]35,22,7)(82)
evaluations: 38008741
first invidual area: 132.58
{7,1,80,1,2,1,8}([7]4,1,4)([8]2,4,1)([9]5,1,4)([10]2,7,5)([11]9,3,4)([12]11,5,2)([13]0,7,3)([14]9,5,5)([15]2,5,3)([16]5,0,2)([17]10,6,4)([18]4,12,3)([19]2,7,7)([20]16,18,6)([21]9,11,3)([22]4,16,7)([23]10,15,2)([24]3,13,4)([25]5,23,0)([26]17,3,7)([27]17,21,3)([28]18,26,4)([29]18,17,2)([30]6,25,3)([31]11,16,0)([32]6,23,6)([33]25,3,6)([34]12,8,3)([35]28,22,6)([36]2,19,0)([37]14,0,4)([38]30,8,6)([39]3,38,3)([40]14,13,5)([41]27,37,5)([42]8,39,7)([43]31,29,5)([44]2,30,5)([45]40,19,2)([46]10,41,3)([47]33,26,6)([48]39,10,4)([49]1,45,7)([50]38,24,3)([51]41,32,7)([52]51,35,3)([53]24,28,3)([54]39,11,6)([55]41,48,5)([56]41,44,2)([57]25,20,3)([58]37,23,3)([59]52,46,7)([60]45,58,3)([61]38,51,5)([62]45,59,6)([63]1,12,6)([64]58,3,2)([65]12,6,7)([66]59,10,3)([67]19,36,5)([68]43,62,4)([69]44,47,1)([70]7,46,1)([71]45,56,6)([72]29,31,7)([73]2,65,7)([74]71,72,3)([75]19,44,0)([76]37,11,4)([77]74,68,2)([78]54,51,0)([79]37,27,5)([80]45,57,5)([81]73,3,6)([82]23,24,3)([83]16,35,1)([84]10,22,0)([85]81,73,3)([86]8,65,6)(77)
optimized area: 118.99
time: 1107251 ms
seed: 1635813557
{7,1,80,1,2,1,8}([7]4,3,4)([8]2,6,4)([9]0,5,5)([10]7,5,7)([11]2,0,3)([12]10,11,4)([13]6,10,3)([14]9,10,5)([15]6,10,6)([16]10,1,7)([17]1,8,3)([18]2,17,7)([19]18,14,5)([20]13,1,5)([21]19,16,1)([22]5,20,5)([23]8,19,4)([24]4,20,4)([25]3,11,5)([26]18,23,5)([27]16,24,4)([28]8,11,3)([29]28,22,6)([30]27,23,5)([31]10,26,4)([32]19,3,3)([33]5,12,0)([34]11,0,0)([35]25,18,0)([36]35,1,7)([37]13,8,4)([38]12,7,5)([39]5,29,6)([40]32,22,4)([41]22,33,2)([42]24,41,3)([43]40,28,7)([44]4,40,2)([45]26,38,5)([46]45,33,4)([47]17,33,7)([48]43,0,4)([49]45,27,5)([50]27,6,4)([51]17,10,3)([52]34,20,7)([53]23,16,4)([54]49,12,2)([55]54,2,0)([56]31,42,2)([57]37,54,2)([58]36,32,5)([59]46,26,7)([60]8,56,4)([61]10,19,6)([62]30,61,4)([63]35,57,7)([64]3,14,6)([65]37,0,3)([66]15,29,0)([67]63,60,3)([68]41,5,0)([69]49,48,5)([70]56,60,1)([71]28,3,5)([72]32,18,6)([73]41,18,2)([74]65,32,7)([75]36,39,0)([76]22,63,3)([77]25,42,2)([78]64,21,1)([79]15,63,7)([80]19,19,3)([81]65,52,3)([82]45,20,1)([83]32,50,5)([84]51,50,3)([85]70,77,7)([86]69,67,2)(86)
evaluations: 39758711
first invidual area: 123.69
{7,1,80,1,2,1,8}([7]4,3,4)([8]2,6,4)([9]5,0,5)([10]7,5,7)([11]2,0,3)([12]11,10,4)([13]6,10,3)([14]9,10,5)([15]11,6,6)([16]10,1,7)([17]1,8,6)([18]2,17,4)([19]18,14,5)([20]13,1,5)([21]7,12,5)([22]5,20,5)([23]19,8,4)([24]4,20,4)([25]3,11,5)([26]18,23,5)([27]22,21,6)([28]13,7,6)([29]3,16,5)([30]25,19,1)([31]10,26,4)([32]19,3,6)([33]18,0,1)([34]11,6,7)([35]22,20,0)([36]1,10,5)([37]32,25,1)([38]30,33,7)([39]16,24,4)([40]32,35,7)([41]22,5,2)([42]41,24,3)([43]40,15,7)([44]11,9,1)([45]26,21,5)([46]2,45,3)([47]3,46,1)([48]43,0,7)([49]39,45,5)([50]11,2,0)([51]4,22,5)([52]46,10,0)([53]36,32,1)([54]49,12,2)([55]42,28,2)([56]31,42,5)([57]13,42,6)([58]7,43,3)([59]25,43,3)([60]8,56,7)([61]9,56,0)([62]52,54,5)([63]25,62,4)([64]35,47,2)([65]34,63,4)([66]52,60,0)([67]63,60,3)([68]30,6,5)([69]48,49,5)([70]31,63,3)([71]21,57,1)([72]8,55,1)([73]6,38,5)([74]64,63,5)([75]67,71,3)([76]2,63,5)([77]18,28,2)([78]64,21,2)([79]26,55,6)([80]60,43,5)([81]20,21,5)([82]53,46,0)([83]23,13,4)([84]14,44,2)([85]71,3,3)([86]69,67,2)(86)
optimized area: 120.40
time: 1131872 ms
seed: 1635856708
{7,1,80,1,2,1,8}([7]6,5,2)([8]6,5,3)([9]8,1,7)([10]7,2,4)([11]4,8,5)([12]3,11,7)([13]3,11,4)([14]9,0,7)([15]4,4,5)([16]4,6,4)([17]8,9,5)([18]2,9,3)([19]0,18,2)([20]18,13,5)([21]13,6,7)([22]3,19,4)([23]2,14,6)([24]10,16,7)([25]24,19,5)([26]17,5,7)([27]17,25,5)([28]23,16,6)([29]22,26,5)([30]21,29,4)([31]24,13,2)([32]2,10,6)([33]7,21,0)([34]19,11,7)([35]0,31,6)([36]24,30,3)([37]27,6,4)([38]30,6,2)([39]26,34,4)([40]39,7,4)([41]34,37,5)([42]21,40,2)([43]20,8,2)([44]31,8,3)([45]25,20,7)([46]21,8,0)([47]27,42,5)([48]34,42,3)([49]31,8,7)([50]14,48,7)([51]8,39,2)([52]50,4,7)([53]47,44,4)([54]2,53,5)([55]35,52,6)([56]36,0,2)([57]30,14,7)([58]30,18,3)([59]30,55,7)([60]58,6,5)([61]31,18,2)([62]32,59,4)([63]60,3,2)([64]60,27,7)([65]56,62,3)([66]60,5,2)([67]36,3,0)([68]28,14,6)([69]37,4,3)([70]63,65,4)([71]32,52,7)([72]11,35,6)([73]10,41,3)([74]21,65,6)([75]70,41,4)([76]32,45,3)([77]30,53,0)([78]15,13,4)([79]5,47,0)([80]26,76,7)([81]78,20,7)([82]2,23,6)([83]63,43,0)([84]79,10,7)([85]38,43,3)([86]6,65,4)(75)
evaluations: 24059446
first invidual area: 141.99
{7,1,80,1,2,1,8}([7]6,5,5)([8]5,6,3)([9]8,1,7)([10]0,9,7)([11]8,4,5)([12]7,2,7)([13]11,3,4)([14]6,13,7)([15]12,6,4)([16]15,8,3)([17]8,1,5)([18]9,2,3)([19]0,18,2)([20]1,14,2)([21]20,6,2)([22]3,19,3)([23]17,5,7)([24]15,4,7)([25]22,21,5)([26]24,19,5)([27]17,26,5)([28]24,25,2)([29]22,23,5)([30]29,14,4)([31]24,13,2)([32]7,13,5)([33]0,31,3)([34]19,11,7)([35]34,30,5)([36]3,16,3)([37]6,27,4)([38]20,1,3)([39]9,5,0)([40]24,30,3)([41]34,37,5)([42]21,24,2)([43]0,40,2)([44]23,2,2)([45]35,19,0)([46]27,32,0)([47]18,40,6)([48]21,15,3)([49]46,36,7)([50]9,48,4)([51]48,43,1)([52]50,34,4)([53]18,52,3)([54]13,12,2)([55]33,52,5)([56]21,31,1)([57]49,5,3)([58]18,25,7)([59]30,55,4)([60]53,6,5)([61]2,12,6)([62]61,59,4)([63]55,1,5)([64]44,30,0)([65]43,62,6)([66]61,50,7)([67]60,3,5)([68]14,52,0)([69]23,6,5)([70]67,65,7)([71]64,64,0)([72]0,53,6)([73]16,48,7)([74]11,0,7)([75]70,41,7)([76]37,50,0)([77]37,73,3)([78]4,18,4)([79]1,59,7)([80]13,32,7)([81]62,38,1)([82]31,75,6)([83]57,39,3)([84]10,17,7)([85]65,5,1)([86]77,7,6)(75)
optimized area: 126.50
time: 1226412 ms
seed: 1635898735
NOT FOUND
time: 1062590 ms
seed: 1635934953
{7,1,80,1,2,1,8}([7]2,6,4)([8]2,5,7)([9]6,4,3)([10]6,4,2)([11]0,10,3)([12]3,5,7)([13]10,1,7)([14]7,0,7)([15]6,5,3)([16]0,11,4)([17]16,5,7)([18]1,12,7)([19]13,8,3)([20]14,11,5)([21]7,5,2)([22]19,21,4)([23]20,4,4)([24]3,0,2)([25]18,0,7)([26]23,24,6)([27]25,8,4)([28]23,27,5)([29]25,10,0)([30]18,26,4)([31]13,23,1)([32]6,25,3)([33]28,3,3)([34]30,29,6)([35]33,30,1)([36]24,9,4)([37]28,22,7)([38]33,6,6)([39]13,4,3)([40]19,16,3)([41]33,29,6)([42]31,41,6)([43]38,12,7)([44]34,6,3)([45]42,20,7)([46]15,41,2)([47]39,20,1)([48]0,0,5)([49]30,43,7)([50]48,36,2)([51]43,30,3)([52]42,37,6)([53]15,44,2)([54]9,17,5)([55]45,42,2)([56]44,3,3)([57]4,40,1)([58]1,46,4)([59]19,42,7)([60]53,1,7)([61]51,59,5)([62]52,54,2)([63]38,25,1)([64]24,60,3)([65]64,10,5)([66]30,6,7)([67]62,45,4)([68]64,65,4)([69]67,64,2)([70]66,52,7)([71]26,52,0)([72]69,7,7)([73]1,18,0)([74]1,41,6)([75]10,53,3)([76]59,45,3)([77]40,72,7)([78]54,23,1)([79]77,61,4)([80]0,44,6)([81]57,78,1)([82]20,39,0)([83]72,16,6)([84]73,52,7)([85]74,40,1)([86]64,67,2)(79)
evaluations: 37782075
first invidual area: 161.20
{7,1,80,1,2,1,8}([7]6,2,4)([8]2,5,7)([9]8,4,3)([10]4,6,2)([11]3,5,7)([12]0,7,7)([13]1,10,7)([14]7,10,3)([15]13,0,1)([16]0,1,6)([17]6,11,4)([18]1,11,7)([19]13,8,3)([20]12,14,5)([21]14,9,5)([22]8,21,4)([23]20,4,4)([24]0,3,2)([25]18,0,7)([26]24,23,3)([27]25,8,4)([28]23,27,5)([29]28,22,0)([30]18,26,7)([31]21,17,3)([32]28,14,0)([33]32,3,6)([34]1,20,2)([35]15,29,1)([36]30,25,6)([37]29,22,4)([38]5,6,3)([39]36,20,2)([40]19,16,6)([41]11,33,6)([42]15,33,6)([43]32,1,7)([44]36,6,3)([45]42,20,7)([46]30,7,5)([47]3,8,6)([48]35,25,1)([49]22,7,7)([50]28,47,1)([51]41,30,3)([52]42,37,6)([53]44,38,5)([54]6,22,5)([55]30,30,2)([56]41,15,0)([57]35,12,6)([58]20,33,2)([59]19,42,7)([60]53,1,4)([61]51,59,5)([62]52,54,5)([63]56,60,0)([64]56,44,3)([65]7,38,0)([66]60,24,3)([67]62,45,7)([68]15,3,4)([69]67,66,5)([70]5,61,3)([71]14,16,7)([72]69,7,7)([73]72,2,2)([74]30,27,6)([75]17,52,1)([76]7,44,5)([77]40,61,7)([78]21,9,6)([79]77,72,4)([80]78,54,5)([81]76,19,3)([82]27,51,3)([83]0,64,7)([84]54,25,3)([85]38,72,4)([86]73,16,2)(79)
optimized area: 145.25
time: 1171181 ms
seed: 1635971117
{7,1,80,1,2,1,8}([7]1,5,5)([8]7,0,7)([9]3,4,7)([10]5,6,4)([11]9,10,2)([12]4,2,4)([13]1,2,4)([14]11,2,4)([15]8,1,4)([16]0,7,4)([17]5,8,2)([18]11,17,7)([19]13,11,6)([20]3,17,5)([21]11,7,6)([22]6,16,7)([23]4,22,2)([24]19,1,5)([25]16,12,7)([26]10,7,2)([27]0,4,4)([28]0,16,6)([29]13,8,6)([30]6,1,1)([31]5,26,0)([32]29,11,0)([33]14,23,6)([34]0,12,6)([35]22,28,4)([36]25,35,0)([37]19,16,0)([38]29,22,5)([39]28,21,0)([40]17,23,3)([41]21,29,4)([42]40,26,5)([43]26,25,6)([44]12,13,7)([45]43,19,4)([46]0,33,6)([47]17,32,6)([48]6,27,7)([49]41,43,4)([50]13,41,7)([51]21,45,7)([52]14,48,1)([53]40,37,6)([54]9,1,5)([55]29,21,0)([56]46,31,4)([57]44,48,3)([58]5,4,6)([59]0,16,3)([60]56,21,4)([61]51,3,4)([62]46,47,5)([63]49,53,3)([64]35,3,5)([65]57,3,2)([66]16,65,3)([67]25,29,5)([68]67,27,4)([69]45,48,4)([70]13,26,1)([71]64,63,7)([72]59,69,1)([73]71,65,6)([74]7,65,5)([75]61,21,7)([76]2,13,7)([77]20,42,5)([78]29,27,4)([79]45,73,4)([80]57,43,1)([81]4,57,2)([82]73,60,4)([83]53,37,6)([84]72,82,6)([85]26,76,4)([86]71,19,1)(82)
evaluations: 14088705
first invidual area: 132.63
{7,1,80,1,2,1,8}([7]5,1,5)([8]0,7,7)([9]3,4,7)([10]5,6,4)([11]9,10,2)([12]11,7,6)([13]2,1,4)([14]11,13,0)([15]8,5,2)([16]14,2,4)([17]11,4,0)([18]4,0,4)([19]4,1,4)([20]16,18,7)([21]1,3,2)([22]6,8,4)([23]4,22,2)([24]23,16,6)([25]24,4,0)([26]20,25,6)([27]17,3,3)([28]11,13,6)([29]21,26,1)([30]21,16,1)([31]18,12,5)([32]0,28,0)([33]12,0,1)([34]28,8,4)([35]7,10,5)([36]31,14,0)([37]17,22,7)([38]1,19,7)([39]13,8,6)([40]24,31,6)([41]28,15,3)([42]1,9,1)([43]7,36,5)([44]20,35,5)([45]24,34,5)([46]16,24,1)([47]37,38,2)([48]6,18,4)([49]44,39,7)([50]32,25,3)([51]9,32,5)([52]23,41,6)([53]9,24,4)([54]48,48,7)([55]43,51,1)([56]50,12,7)([57]44,44,4)([58]48,19,5)([59]4,34,4)([60]6,22,1)([61]46,20,6)([62]31,8,5)([63]49,52,3)([64]36,21,5)([65]58,3,2)([66]49,41,5)([67]45,11,3)([68]21,38,1)([69]38,30,7)([70]27,5,4)([71]64,63,7)([72]39,37,1)([73]46,14,0)([74]62,41,2)([75]71,65,3)([76]65,28,3)([77]25,70,4)([78]58,25,5)([79]56,5,4)([80]22,3,4)([81]79,75,7)([82]25,43,2)([83]44,64,0)([84]70,20,2)([85]21,70,4)([86]8,76,7)(81)
optimized area: 114.33
time: 1187518 ms
seed: 1636006986
NOT FOUND
time: 1063149 ms
seed: 1636041602
NOT FOUND
time: 1073088 ms
seed: 1636075573
NOT FOUND
time: 1060443 ms
seed: 1636108649
{7,1,80,1,2,1,8}([7]0,4,2)([8]3,5,4)([9]1,4,3)([10]8,6,4)([11]1,4,4)([12]8,8,0)([13]10,11,6)([14]5,9,5)([15]6,11,5)([16]4,3,4)([17]5,10,5)([18]2,15,4)([19]17,13,0)([20]9,9,7)([21]7,13,3)([22]2,1,4)([23]21,19,7)([24]11,14,6)([25]14,0,3)([26]6,21,6)([27]25,16,7)([28]12,23,3)([29]27,4,5)([30]28,9,3)([31]21,22,6)([32]14,21,1)([33]5,25,4)([34]29,28,5)([35]8,31,1)([36]12,25,7)([37]19,27,3)([38]18,30,7)([39]5,2,2)([40]12,0,7)([41]29,37,7)([42]38,40,3)([43]12,13,2)([44]25,19,3)([45]36,5,1)([46]42,39,4)([47]6,10,2)([48]41,31,3)([49]34,38,5)([50]26,40,7)([51]41,10,6)([52]47,42,3)([53]35,37,1)([54]48,36,7)([55]14,20,7)([56]37,20,0)([57]2,32,3)([58]33,29,0)([59]46,54,4)([60]7,9,3)([61]9,50,5)([62]49,54,1)([63]51,19,2)([64]28,1,3)([65]13,56,2)([66]24,1,2)([67]16,45,3)([68]55,21,4)([69]6,67,2)([70]25,37,3)([71]34,10,7)([72]14,59,3)([73]69,61,6)([74]1,36,5)([75]11,72,1)([76]22,70,2)([77]54,61,5)([78]62,74,1)([79]73,59,6)([80]79,62,6)([81]35,56,3)([82]61,49,1)([83]35,61,1)([84]53,2,2)([85]23,33,2)([86]40,4,4)(80)
evaluations: 27704413
first invidual area: 133.05
{7,1,80,1,2,1,8}([7]5,6,0)([8]7,3,4)([9]4,1,3)([10]8,6,4)([11]1,4,4)([12]6,11,5)([13]11,10,6)([14]9,5,5)([15]7,2,5)([16]4,0,2)([17]5,10,5)([18]2,12,4)([19]4,3,7)([20]5,15,6)([21]16,13,3)([22]1,2,4)([23]21,17,7)([24]20,22,2)([25]14,0,3)([26]6,21,3)([27]25,19,4)([28]8,23,3)([29]4,27,5)([30]9,28,3)([31]21,22,6)([32]22,27,6)([33]0,6,7)([34]17,27,3)([35]14,4,5)([36]34,18,0)([37]22,13,0)([38]18,30,7)([39]25,16,4)([40]0,8,7)([41]34,29,2)([42]40,38,6)([43]7,40,0)([44]3,27,7)([45]29,28,5)([46]42,25,7)([47]46,8,7)([48]31,41,3)([49]45,38,2)([50]26,40,4)([51]9,50,5)([52]47,28,4)([53]10,10,1)([54]48,47,4)([55]47,5,3)([56]26,46,2)([57]36,24,3)([58]11,49,3)([59]2,19,7)([60]14,1,0)([61]26,15,2)([62]20,25,0)([63]34,15,0)([64]43,25,3)([65]62,37,0)([66]15,54,4)([67]33,27,2)([68]19,8,3)([69]6,35,2)([70]33,38,7)([71]4,54,5)([72]26,65,6)([73]69,51,6)([74]59,7,4)([75]34,55,7)([76]2,73,7)([77]28,40,6)([78]38,58,2)([79]73,66,6)([80]79,49,6)([81]56,77,0)([82]66,31,5)([83]41,71,7)([84]51,56,1)([85]76,5,0)([86]34,59,6)(80)
optimized area: 127.43
time: 1201555 ms
seed: 1636141318
{7,1,80,1,2,1,8}([7]2,0,3)([8]5,1,6)([9]3,5,7)([10]9,4,4)([11]4,10,3)([12]1,10,2)([13]0,8,4)([14]3,7,1)([15]8,14,2)([16]13,3,4)([17]3,6,4)([18]15,2,7)([19]6,0,5)([20]12,7,6)([21]19,7,2)([22]21,9,5)([23]21,19,2)([24]22,6,7)([25]16,1,2)([26]25,7,7)([27]2,13,3)([28]24,16,4)([29]27,10,7)([30]12,13,4)([31]30,18,7)([32]22,16,3)([33]13,9,3)([34]30,24,7)([35]10,21,6)([36]29,32,5)([37]1,33,7)([38]37,17,3)([39]28,31,0)([40]31,38,7)([41]26,9,1)([42]31,24,5)([43]36,30,3)([44]4,32,6)([45]23,31,5)([46]29,36,6)([47]40,35,5)([48]15,7,0)([49]44,42,7)([50]16,11,7)([51]39,0,7)([52]8,20,1)([53]39,12,0)([54]16,35,4)([55]8,28,3)([56]50,17,6)([57]49,39,1)([58]49,41,7)([59]12,5,2)([60]14,11,1)([61]34,58,2)([62]34,5,1)([63]54,58,7)([64]63,61,3)([65]56,14,5)([66]36,37,0)([67]14,43,7)([68]43,47,7)([69]28,7,2)([70]26,49,5)([71]19,16,6)([72]57,30,6)([73]44,12,0)([74]22,56,0)([75]50,66,1)([76]1,14,4)([77]18,6,2)([78]37,40,4)([79]68,64,2)([80]33,65,2)([81]72,44,1)([82]26,80,3)([83]49,27,5)([84]27,72,4)([85]75,63,1)([86]54,82,0)(79)
evaluations: 5075119
first invidual area: 138.70
{7,1,80,1,2,1,8}([7]2,0,3)([8]5,1,6)([9]3,5,7)([10]4,9,4)([11]10,1,4)([12]6,3,4)([13]8,8,0)([14]0,8,4)([15]13,9,5)([16]3,14,4)([17]2,15,4)([18]9,15,6)([19]6,0,5)([20]15,17,6)([21]7,19,2)([22]9,21,5)([23]10,16,0)([24]22,6,7)([25]13,6,5)([26]7,10,2)([27]14,4,6)([28]1,10,5)([29]6,5,1)([30]28,14,7)([31]16,1,5)([32]16,22,3)([33]1,27,4)([34]21,5,4)([35]23,21,6)([36]26,32,5)([37]30,24,7)([38]33,12,3)([39]30,17,7)([40]30,14,0)([41]27,37,0)([42]35,15,6)([43]7,31,7)([44]4,32,3)([45]32,36,2)([46]22,41,5)([47]45,18,6)([48]36,40,6)([49]44,43,5)([50]13,30,2)([51]4,18,6)([52]7,8,0)([53]17,38,2)([54]16,35,7)([55]53,35,2)([56]55,48,6)([57]24,39,5)([58]57,54,7)([59]30,1,7)([60]25,46,4)([61]37,54,2)([62]1,3,4)([63]49,58,4)([64]61,63,3)([65]25,59,2)([66]28,7,2)([67]64,3,1)([68]23,43,5)([69]56,11,7)([70]6,5,4)([71]47,56,1)([72]55,3,4)([73]7,11,6)([74]55,31,0)([75]23,24,3)([76]56,64,2)([77]17,13,6)([78]32,15,4)([79]29,4,2)([80]52,0,3)([81]3,31,4)([82]54,39,3)([83]53,19,3)([84]56,31,7)([85]30,57,0)([86]20,41,4)(76)
optimized area: 122.75
time: 1353881 ms
seed: 1636173727
NOT FOUND
time: 1068184 ms
seed: 1636204385
NOT FOUND
time: 1063770 ms
seed: 1636234401
{7,1,80,1,2,1,8}([7]5,4,7)([8]4,6,3)([9]4,3,7)([10]6,3,4)([11]0,10,6)([12]9,4,3)([13]7,10,7)([14]0,10,2)([15]0,4,4)([16]15,11,3)([17]2,10,7)([18]7,17,2)([19]18,5,6)([20]8,9,5)([21]13,15,7)([22]16,3,7)([23]1,17,0)([24]21,2,5)([25]10,2,2)([26]18,3,2)([27]18,14,4)([28]2,24,4)([29]26,20,6)([30]29,1,6)([31]28,30,2)([32]25,13,6)([33]22,19,4)([34]29,18,5)([35]30,4,7)([36]3,7,4)([37]8,23,3)([38]11,23,2)([39]29,28,4)([40]3,6,4)([41]33,8,5)([42]32,31,7)([43]2,38,2)([44]1,11,5)([45]27,22,1)([46]35,26,3)([47]34,41,2)([48]38,30,4)([49]42,5,1)([50]46,22,3)([51]21,49,4)([52]50,2,2)([53]9,14,2)([54]10,7,0)([55]52,36,3)([56]47,34,5)([57]23,47,6)([58]31,44,0)([59]43,47,7)([60]55,27,3)([61]25,54,7)([62]2,31,5)([63]45,50,4)([64]13,39,2)([65]60,38,7)([66]60,32,6)([67]51,9,6)([68]41,47,2)([69]42,30,6)([70]65,67,5)([71]60,31,2)([72]71,47,2)([73]69,59,5)([74]73,47,7)([75]48,24,4)([76]67,19,1)([77]27,69,0)([78]22,4,5)([79]71,43,7)([80]73,53,4)([81]70,74,7)([82]37,75,0)([83]73,39,5)([84]40,2,5)([85]47,56,2)([86]81,42,7)(86)
evaluations: 46069011
first invidual area: 157.90
{7,1,80,1,2,1,8}([7]4,5,7)([8]6,4,3)([9]4,3,7)([10]6,3,4)([11]0,10,6)([12]5,6,7)([13]7,10,7)([14]0,10,2)([15]4,0,4)([16]15,11,3)([17]10,2,7)([18]7,17,2)([19]18,5,6)([20]8,9,5)([21]13,15,4)([22]16,3,7)([23]22,6,5)([24]9,4,1)([25]2,10,2)([26]3,18,2)([27]18,14,3)([28]2,21,5)([29]26,20,6)([30]29,1,6)([31]28,30,5)([32]25,13,3)([33]22,19,4)([34]29,18,5)([35]34,18,6)([36]5,2,1)([37]30,14,4)([38]11,1,2)([39]34,25,1)([40]1,25,5)([41]33,8,5)([42]32,31,7)([43]2,38,5)([44]38,39,0)([45]16,43,6)([46]17,10,6)([47]34,41,5)([48]11,37,5)([49]0,35,3)([50]36,27,1)([51]21,42,4)([52]40,2,2)([53]31,30,7)([54]47,24,5)([55]52,5,3)([56]12,37,0)([57]51,20,6)([58]18,11,2)([59]43,41,4)([60]55,27,6)([61]21,53,3)([62]28,39,7)([63]32,61,4)([64]28,30,4)([65]60,38,3)([66]39,23,0)([67]51,9,6)([68]11,11,2)([69]30,32,6)([70]65,67,5)([71]49,8,0)([72]24,31,4)([73]69,59,5)([74]73,47,4)([75]35,27,2)([76]50,15,2)([77]61,62,5)([78]50,15,6)([79]53,36,2)([80]5,32,7)([81]70,74,7)([82]41,20,2)([83]9,52,0)([84]24,24,7)([85]28,60,2)([86]81,42,7)(86)
optimized area: 133.51
time: 1085749 ms
