seed: 1633862035
{7,1,80,1,2,1,8}([7]6,2,5)([8]0,4,7)([9]2,1,4)([10]4,6,0)([11]9,0,4)([12]4,5,4)([13]10,9,0)([14]8,12,2)([15]3,14,2)([16]6,15,6)([17]6,7,5)([18]15,3,5)([19]16,11,4)([20]11,18,7)([21]11,0,6)([22]5,17,5)([23]14,3,7)([24]4,19,4)([25]16,21,4)([26]24,7,5)([27]23,26,3)([28]14,23,3)([29]1,22,7)([30]1,14,7)([31]28,2,1)([32]9,15,5)([33]24,31,2)([34]31,5,7)([35]27,30,3)([36]34,8,3)([37]19,33,3)([38]9,34,5)([39]33,26,3)([40]4,32,4)([41]25,10,6)([42]8,22,1)([43]39,8,6)([44]29,21,7)([45]24,4,4)([46]5,7,2)([47]36,9,7)([48]41,3,1)([49]34,48,3)([50]18,19,5)([51]46,35,3)([52]22,41,5)([53]35,17,1)([54]42,40,3)([55]20,2,2)([56]41,31,6)([57]55,27,0)([58]16,42,1)([59]17,35,2)([60]14,27,5)([61]29,48,5)([62]47,37,2)([63]51,6,4)([64]1,43,6)([65]64,14,6)([66]65,44,7)([67]62,66,5)([68]37,57,3)([69]44,55,4)([70]49,47,2)([71]68,22,2)([72]56,69,5)([73]58,69,3)([74]13,25,2)([75]7,9,3)([76]14,67,2)([77]15,62,0)([78]4,52,6)([79]27,58,0)([80]52,51,7)([81]80,67,2)([82]81,72,4)([83]2,16,1)([84]81,64,5)([85]51,13,5)([86]30,21,5)(82)
evaluations: 23275360
first invidual area: 149.92
{7,1,80,1,2,1,8}([7]6,2,5)([8]4,0,7)([9]2,1,4)([10]4,5,4)([11]9,0,4)([12]7,1,0)([13]7,6,5)([14]10,8,2)([15]3,14,2)([16]6,15,6)([17]16,13,0)([18]17,14,0)([19]11,18,4)([20]19,4,4)([21]0,11,6)([22]5,13,5)([23]14,3,7)([24]5,3,7)([25]16,21,4)([26]7,20,5)([27]6,16,7)([28]5,26,3)([29]4,16,0)([30]1,21,7)([31]23,14,6)([32]4,26,0)([33]2,12,5)([34]24,8,6)([35]9,34,4)([36]31,32,2)([37]36,19,3)([38]1,3,4)([39]17,3,6)([40]38,28,3)([41]4,25,6)([42]0,40,6)([43]40,7,1)([44]22,30,7)([45]44,16,3)([46]34,33,4)([47]11,3,4)([48]12,21,3)([49]27,32,5)([50]14,23,5)([51]23,40,3)([52]44,32,5)([53]8,52,4)([54]6,45,2)([55]11,12,1)([56]41,31,6)([57]41,22,5)([58]35,37,3)([59]30,34,6)([60]49,33,3)([61]47,2,5)([62]35,37,2)([63]19,61,7)([64]1,43,6)([65]64,14,3)([66]65,44,4)([67]62,66,5)([68]64,21,5)([69]44,61,7)([70]54,6,6)([71]33,45,0)([72]56,69,5)([73]68,65,5)([74]17,41,0)([75]28,26,2)([76]49,44,5)([77]42,69,6)([78]15,52,1)([79]50,53,7)([80]57,51,7)([81]80,67,5)([82]81,72,7)([83]7,15,2)([84]49,9,0)([85]51,21,5)([86]4,55,7)(82)
optimized area: 140.09
time: 642865 ms
seed: 1633948919
{7,1,80,1,2,1,8}([7]2,1,4)([8]7,5,4)([9]6,4,5)([10]9,5,4)([11]4,7,6)([12]8,6,7)([13]0,7,2)([14]10,3,1)([15]3,7,6)([16]1,6,2)([17]12,16,6)([18]3,10,3)([19]4,3,4)([20]9,0,2)([21]1,11,3)([22]21,4,4)([23]3,13,4)([24]19,22,5)([25]12,0,4)([26]20,22,7)([27]26,10,2)([28]0,22,2)([29]19,14,1)([30]14,4,6)([31]26,18,6)([32]23,16,4)([33]14,15,1)([34]25,20,2)([35]0,34,4)([36]12,35,2)([37]21,32,4)([38]24,26,5)([39]17,31,6)([40]37,30,6)([41]15,2,4)([42]20,23,4)([43]33,40,5)([44]6,38,6)([45]13,40,2)([46]8,36,3)([47]41,25,5)([48]37,10,5)([49]43,24,2)([50]46,7,1)([51]49,19,1)([52]47,10,4)([53]18,24,7)([54]28,14,7)([55]2,3,6)([56]51,54,5)([57]1,5,4)([58]55,9,3)([59]26,23,3)([60]1,55,1)([61]9,56,7)([62]61,39,4)([63]16,51,5)([64]60,36,5)([65]3,9,6)([66]29,58,5)([67]25,33,2)([68]42,65,5)([69]50,52,2)([70]50,11,1)([71]68,33,7)([72]62,25,1)([73]72,69,3)([74]65,20,5)([75]57,14,6)([76]73,24,4)([77]68,14,5)([78]63,76,4)([79]47,34,0)([80]75,33,1)([81]69,56,2)([82]78,33,5)([83]70,81,1)([84]30,56,7)([85]52,66,2)([86]73,18,5)(78)
evaluations: 33532713
first invidual area: 151.79
{7,1,80,1,2,1,8}([7]2,1,4)([8]7,5,4)([9]4,6,5)([10]5,9,4)([11]7,4,6)([12]8,6,7)([13]7,0,5)([14]1,11,3)([15]5,3,6)([16]6,1,2)([17]12,16,6)([18]3,10,3)([19]14,3,7)([20]1,12,5)([21]13,20,1)([22]4,14,4)([23]5,0,5)([24]22,19,5)([25]0,12,3)([26]15,8,0)([27]0,22,0)([28]0,22,5)([29]22,23,4)([30]13,19,7)([31]10,30,2)([32]12,27,2)([33]29,18,6)([34]4,7,0)([35]6,8,7)([36]18,11,1)([37]21,19,0)([38]35,28,4)([39]33,17,3)([40]15,1,0)([41]25,31,6)([42]12,3,0)([43]34,31,5)([44]33,21,5)([45]2,15,4)([46]8,32,6)([47]45,25,5)([48]24,4,3)([49]43,24,5)([50]10,23,2)([51]23,49,2)([52]47,10,4)([53]29,34,5)([54]28,10,7)([55]14,35,3)([56]46,32,0)([57]8,15,5)([58]17,23,0)([59]54,49,5)([60]56,10,3)([61]9,59,7)([62]61,39,4)([63]16,49,5)([64]30,53,4)([65]12,16,2)([66]8,12,4)([67]62,61,6)([68]16,28,6)([69]46,52,2)([70]35,41,6)([71]54,13,2)([72]8,20,7)([73]62,69,6)([74]26,57,4)([75]39,24,4)([76]73,24,4)([77]17,43,0)([78]76,18,7)([79]66,22,4)([80]63,76,7)([81]67,60,4)([82]45,64,5)([83]50,41,4)([84]28,44,4)([85]50,18,3)([86]7,67,6)(80)
optimized area: 121.81
time: 573417 ms
seed: 1633976637
{7,1,80,1,2,1,8}([7]3,5,4)([8]2,1,6)([9]1,3,6)([10]9,2,6)([11]9,4,7)([12]5,1,4)([13]12,0,6)([14]10,7,4)([15]12,1,2)([16]8,4,7)([17]14,4,6)([18]14,13,3)([19]11,0,4)([20]6,10,3)([21]12,17,6)([22]5,20,2)([23]3,19,6)([24]18,5,6)([25]3,11,4)([26]22,25,6)([27]21,7,4)([28]6,24,7)([29]16,21,2)([30]1,18,2)([31]28,14,5)([32]21,26,6)([33]0,23,0)([34]19,1,2)([35]8,31,3)([36]32,35,7)([37]16,9,2)([38]33,26,3)([39]37,17,7)([40]4,0,6)([41]28,16,3)([42]18,20,4)([43]37,16,5)([44]34,7,5)([45]5,15,2)([46]41,36,4)([47]41,38,4)([48]12,42,6)([49]23,40,6)([50]48,43,7)([51]20,50,3)([52]51,36,5)([53]32,8,2)([54]48,34,6)([55]47,24,6)([56]18,14,2)([57]24,20,2)([58]17,25,5)([59]26,26,7)([60]16,43,4)([61]4,13,1)([62]55,16,4)([63]49,52,3)([64]24,50,3)([65]39,64,6)([66]7,18,2)([67]63,20,4)([68]31,40,4)([69]48,39,3)([70]42,51,0)([71]41,8,3)([72]53,56,5)([73]66,48,4)([74]24,9,4)([75]44,46,5)([76]65,75,6)([77]35,67,7)([78]35,15,1)([79]77,76,4)([80]36,49,0)([81]26,59,2)([82]75,76,5)([83]81,79,7)([84]18,0,5)([85]62,63,7)([86]21,5,4)(79)
evaluations: 37108880
first invidual area: 142.89
{7,1,80,1,2,1,8}([7]3,5,4)([8]2,1,6)([9]1,3,6)([10]2,9,6)([11]9,4,7)([12]5,1,4)([13]0,12,6)([14]7,10,4)([15]0,12,0)([16]8,4,7)([17]14,4,6)([18]13,5,3)([19]11,0,4)([20]10,6,3)([21]12,17,6)([22]5,20,2)([23]3,19,6)([24]14,18,6)([25]3,11,4)([26]22,25,6)([27]17,2,1)([28]6,24,7)([29]15,20,6)([30]28,27,0)([31]14,28,5)([32]26,21,3)([33]23,32,2)([34]19,1,2)([35]8,31,3)([36]32,35,4)([37]16,9,5)([38]14,8,2)([39]13,17,4)([40]4,0,6)([41]28,16,3)([42]37,41,6)([43]2,3,0)([44]38,15,6)([45]43,35,7)([46]41,36,4)([47]2,26,4)([48]12,29,3)([49]36,36,1)([50]37,48,4)([51]20,9,3)([52]36,51,5)([53]24,50,3)([54]21,48,5)([55]43,35,0)([56]38,14,4)([57]23,40,6)([58]20,25,4)([59]40,5,1)([60]17,48,4)([61]20,21,0)([62]34,14,6)([63]57,52,6)([64]17,41,0)([65]60,53,6)([66]40,26,2)([67]35,61,7)([68]37,62,3)([69]7,20,6)([70]7,34,5)([71]70,22,7)([72]26,19,4)([73]9,4,0)([74]3,31,2)([75]70,46,5)([76]65,75,6)([77]63,67,4)([78]40,39,5)([79]77,76,7)([80]36,12,7)([81]20,40,7)([82]54,76,4)([83]50,67,0)([84]11,38,6)([85]20,53,2)([86]43,8,0)(79)
optimized area: 138.20
time: 588458 ms
seed: 1633999585
NOT FOUND
time: 535370 ms
seed: 1634048357
{7,1,80,1,2,1,8}([7]4,0,3)([8]2,4,3)([9]3,4,5)([10]5,0,7)([11]3,5,3)([12]3,6,6)([13]2,11,3)([14]2,1,4)([15]9,10,2)([16]3,1,4)([17]5,12,6)([18]6,14,1)([19]11,8,5)([20]14,17,4)([21]16,2,0)([22]20,0,2)([23]1,15,4)([24]12,6,7)([25]0,12,6)([26]19,21,3)([27]25,6,0)([28]14,4,4)([29]7,26,3)([30]26,10,2)([31]1,28,5)([32]26,6,0)([33]4,30,7)([34]29,1,7)([35]14,24,5)([36]14,0,4)([37]10,9,5)([38]18,36,4)([39]36,20,5)([40]17,39,4)([41]11,7,5)([42]23,2,0)([43]38,31,5)([44]30,40,3)([45]12,20,0)([46]43,44,7)([47]27,39,5)([48]33,17,7)([49]16,9,0)([50]8,34,7)([51]9,39,6)([52]13,1,7)([53]48,2,7)([54]50,20,3)([55]36,51,3)([56]52,19,4)([57]26,47,7)([58]48,47,4)([59]24,56,0)([60]56,54,4)([61]47,28,4)([62]36,7,1)([63]37,35,5)([64]4,61,6)([65]23,4,6)([66]16,56,3)([67]57,62,4)([68]64,24,6)([69]37,24,2)([70]9,2,2)([71]23,63,5)([72]27,25,0)([73]60,0,4)([74]29,64,4)([75]58,46,6)([76]31,38,4)([77]6,5,2)([78]36,24,1)([79]3,21,2)([80]46,5,0)([81]6,59,4)([82]70,10,5)([83]60,71,2)([84]75,83,3)([85]11,7,0)([86]44,72,2)(84)
evaluations: 45558045
first invidual area: 146.65
{7,1,80,1,2,1,8}([7]0,4,3)([8]4,2,3)([9]4,3,5)([10]5,0,7)([11]5,3,3)([12]3,6,6)([13]2,11,3)([14]2,1,4)([15]5,7,7)([16]3,1,4)([17]12,5,6)([18]6,10,1)([19]11,8,5)([20]17,14,4)([21]9,10,2)([22]19,0,5)([23]1,21,3)([24]6,10,7)([25]0,12,6)([26]19,16,3)([27]20,16,0)([28]2,4,7)([29]7,26,3)([30]26,10,5)([31]1,28,5)([32]25,11,1)([33]4,30,4)([34]29,1,5)([35]18,25,5)([36]14,0,4)([37]24,14,0)([38]18,36,4)([39]36,20,5)([40]17,39,4)([41]34,20,0)([42]13,6,0)([43]38,31,5)([44]21,40,6)([45]18,4,5)([46]43,44,4)([47]25,39,5)([48]33,17,4)([49]8,2,3)([50]8,34,4)([51]25,39,6)([52]42,1,4)([53]51,6,1)([54]50,20,6)([55]45,24,3)([56]52,19,4)([57]3,1,5)([58]48,47,7)([59]29,44,7)([60]56,54,4)([61]57,29,4)([62]60,56,0)([63]1,35,5)([64]47,46,4)([65]45,8,7)([66]60,26,5)([67]36,14,3)([68]31,11,1)([69]33,54,2)([70]26,46,4)([71]23,63,5)([72]59,23,7)([73]36,65,6)([74]59,59,6)([75]58,46,6)([76]59,19,1)([77]19,20,7)([78]4,31,4)([79]60,52,6)([80]59,74,0)([81]4,49,0)([82]72,22,2)([83]62,71,2)([84]75,83,3)([85]81,45,2)([86]48,26,2)(84)
optimized area: 134.45
time: 541364 ms
seed: 1634162643
{7,1,80,1,2,1,8}([7]3,5,4)([8]2,1,4)([9]2,0,5)([10]6,5,7)([11]4,10,6)([12]6,7,3)([13]2,0,3)([14]3,8,6)([15]13,11,7)([16]9,4,4)([17]16,14,6)([18]15,13,5)([19]7,10,6)([20]16,3,4)([21]15,8,2)([22]8,14,6)([23]7,17,6)([24]9,9,3)([25]21,23,3)([26]0,10,7)([27]23,11,4)([28]25,0,1)([29]17,26,5)([30]1,27,3)([31]6,22,3)([32]1,12,4)([33]26,24,1)([34]8,5,4)([35]13,5,7)([36]28,10,4)([37]30,29,3)([38]30,20,2)([39]34,37,4)([40]21,36,5)([41]3,2,2)([42]0,4,5)([43]4,41,7)([44]31,8,4)([45]23,8,0)([46]38,33,3)([47]43,32,3)([48]36,32,7)([49]18,9,1)([50]39,46,7)([51]32,13,3)([52]1,44,3)([53]7,10,4)([54]44,47,7)([55]48,24,6)([56]13,9,0)([57]16,12,4)([58]51,3,7)([59]17,58,4)([60]47,55,4)([61]14,53,1)([62]13,8,7)([63]46,20,6)([64]57,6,3)([65]54,30,0)([66]17,13,3)([67]44,51,3)([68]50,60,5)([69]17,51,6)([70]58,6,3)([71]39,47,7)([72]6,2,0)([73]65,15,6)([74]1,26,3)([75]3,26,2)([76]67,51,6)([77]30,61,5)([78]63,71,4)([79]58,60,2)([80]68,76,3)([81]70,78,1)([82]41,48,7)([83]28,65,3)([84]73,1,1)([85]14,61,3)([86]83,80,5)(86)
evaluations: 10538442
first invidual area: 146.18
{7,1,80,1,2,1,8}([7]3,5,4)([8]1,2,4)([9]0,2,5)([10]6,5,7)([11]10,4,3)([12]8,10,0)([13]2,0,6)([14]8,3,6)([15]6,7,3)([16]9,4,4)([17]14,16,6)([18]13,11,7)([19]15,2,1)([20]7,17,3)([21]18,12,5)([22]12,14,6)([23]10,12,2)([24]16,3,4)([25]20,21,2)([26]10,0,7)([27]26,8,5)([28]26,25,1)([29]0,2,4)([30]3,1,3)([31]19,5,2)([32]1,15,4)([33]25,28,4)([34]5,12,7)([35]27,30,6)([36]30,24,2)([37]11,16,3)([38]18,3,2)([39]34,35,7)([40]3,2,5)([41]4,9,6)([42]6,22,6)([43]4,40,4)([44]42,8,7)([45]15,27,5)([46]36,28,6)([47]32,43,6)([48]17,19,3)([49]18,36,2)([50]33,32,4)([51]30,15,4)([52]11,48,1)([53]39,46,7)([54]47,39,5)([55]50,9,3)([56]0,28,6)([57]7,8,1)([58]14,56,3)([59]32,6,4)([60]47,55,4)([61]60,53,5)([62]30,6,5)([63]27,44,2)([64]9,28,6)([65]64,18,4)([66]44,11,6)([67]34,34,5)([68]61,66,3)([69]0,27,1)([70]25,23,3)([71]63,47,5)([72]62,56,2)([73]40,61,0)([74]13,64,6)([75]56,59,1)([76]30,27,1)([77]6,16,1)([78]44,47,4)([79]46,26,6)([80]41,68,1)([81]40,22,4)([82]74,21,1)([83]25,78,3)([84]24,19,3)([85]68,13,1)([86]68,83,5)(86)
optimized area: 134.47
time: 646308 ms
seed: 1634209916
{7,1,80,1,2,1,8}([7]3,1,4)([8]4,5,3)([9]0,2,7)([10]1,5,4)([11]3,9,6)([12]8,10,5)([13]12,0,6)([14]11,11,7)([15]5,9,6)([16]12,1,2)([17]6,13,4)([18]5,5,4)([19]7,15,3)([20]11,4,6)([21]9,4,1)([22]4,18,2)([23]19,20,7)([24]10,2,7)([25]23,17,2)([26]25,20,1)([27]26,11,4)([28]19,27,2)([29]15,26,2)([30]11,6,6)([31]26,7,5)([32]29,24,5)([33]12,6,5)([34]29,1,4)([35]27,5,6)([36]25,24,6)([37]0,34,6)([38]31,24,7)([39]16,11,3)([40]4,6,5)([41]33,17,5)([42]9,4,3)([43]39,42,2)([44]12,2,3)([45]9,40,6)([46]41,22,4)([47]32,28,7)([48]6,43,2)([49]44,43,7)([50]37,49,3)([51]47,17,3)([52]49,5,7)([53]2,48,6)([54]48,52,5)([55]53,50,7)([56]4,5,7)([57]54,51,4)([58]57,56,5)([59]55,38,2)([60]19,20,6)([61]36,50,2)([62]58,59,7)([63]30,60,3)([64]32,21,4)([65]40,29,3)([66]65,62,7)([67]42,11,5)([68]20,51,7)([69]51,33,0)([70]32,29,1)([71]37,25,0)([72]43,35,6)([73]69,12,1)([74]5,13,6)([75]12,70,0)([76]73,37,1)([77]57,7,1)([78]61,21,5)([79]21,22,2)([80]21,41,4)([81]43,29,0)([82]22,31,2)([83]36,53,1)([84]59,8,5)([85]61,62,6)([86]73,56,1)(85)
evaluations: 27459670
first invidual area: 139.61
{7,1,80,1,2,1,8}([7]1,3,4)([8]4,5,3)([9]2,0,7)([10]5,1,4)([11]9,3,6)([12]10,8,5)([13]9,4,3)([14]0,12,3)([15]5,9,6)([16]15,11,0)([17]14,6,7)([18]1,4,0)([19]15,7,3)([20]12,1,2)([21]18,5,6)([22]11,4,3)([23]22,19,4)([24]2,10,7)([25]23,17,2)([26]25,24,1)([27]13,9,0)([28]20,11,3)([29]3,26,5)([30]4,29,1)([31]27,1,4)([32]24,16,5)([33]29,18,7)([34]11,26,1)([35]33,26,5)([36]25,24,6)([37]0,33,6)([38]24,35,7)([39]19,34,5)([40]21,16,4)([41]32,30,0)([42]4,26,0)([43]28,13,2)([44]12,24,6)([45]26,38,7)([46]0,29,1)([47]41,39,4)([48]43,6,2)([49]44,43,4)([50]37,49,3)([51]47,17,3)([52]6,50,2)([53]2,48,3)([54]42,52,5)([55]53,50,4)([56]4,5,7)([57]54,51,4)([58]56,57,5)([59]55,38,5)([60]1,1,7)([61]49,36,2)([62]58,59,4)([63]57,54,4)([64]22,44,1)([65]43,54,4)([66]62,28,5)([67]2,36,3)([68]9,54,5)([69]22,39,0)([70]64,15,1)([71]0,56,2)([72]17,58,4)([73]27,69,4)([74]57,0,3)([75]71,15,5)([76]46,72,7)([77]70,54,5)([78]61,62,6)([79]76,42,7)([80]18,73,0)([81]34,75,2)([82]54,37,6)([83]10,6,3)([84]64,12,0)([85]68,62,0)([86]63,27,1)(78)
optimized area: 132.56
time: 648425 ms
seed: 1634258890
NOT FOUND
time: 521700 ms
seed: 1634307023
{7,1,80,1,2,1,8}([7]4,1,7)([8]2,7,5)([9]4,3,1)([10]9,0,3)([11]2,7,5)([12]6,1,7)([13]1,10,7)([14]0,0,3)([15]5,2,4)([16]12,8,5)([17]3,10,3)([18]13,3,0)([19]15,5,6)([20]3,9,7)([21]15,16,2)([22]20,18,2)([23]21,11,2)([24]22,9,4)([25]9,5,7)([26]12,19,0)([27]25,20,7)([28]22,14,7)([29]25,28,5)([30]3,21,4)([31]20,8,4)([32]6,0,5)([33]4,30,6)([34]33,29,3)([35]19,14,3)([36]28,5,3)([37]22,6,3)([38]14,3,4)([39]13,16,4)([40]27,36,5)([41]29,18,6)([42]20,4,0)([43]23,31,6)([44]35,16,7)([45]17,37,1)([46]38,44,5)([47]45,11,2)([48]33,46,3)([49]9,10,5)([50]46,36,4)([51]12,18,5)([52]36,4,3)([53]21,49,7)([54]29,5,4)([55]33,33,5)([56]29,37,2)([57]38,23,1)([58]53,46,2)([59]41,43,3)([60]6,44,1)([61]36,49,7)([62]10,45,0)([63]59,50,5)([64]43,25,0)([65]21,41,5)([66]24,47,7)([67]63,4,4)([68]58,15,7)([69]33,45,2)([70]53,47,1)([71]56,68,3)([72]13,52,0)([73]40,20,1)([74]27,28,6)([75]7,15,2)([76]71,58,4)([77]65,44,0)([78]69,34,4)([79]1,63,7)([80]76,79,4)([81]2,36,3)([82]8,9,7)([83]9,11,2)([84]72,29,3)([85]19,83,5)([86]0,31,5)(80)
evaluations: 42589964
first invidual area: 122.29
{7,1,80,1,2,1,8}([7]4,1,7)([8]2,7,5)([9]4,8,1)([10]9,0,3)([11]2,6,7)([12]1,6,7)([13]1,10,7)([14]10,0,1)([15]2,5,4)([16]12,8,5)([17]5,15,6)([18]8,12,7)([19]0,3,4)([20]9,3,7)([21]15,16,2)([22]20,13,2)([23]21,20,2)([24]22,17,7)([25]5,9,7)([26]8,15,3)([27]13,24,6)([28]22,0,7)([29]25,28,5)([30]28,5,3)([31]20,8,4)([32]0,7,6)([33]27,27,0)([34]31,23,6)([35]0,17,3)([36]29,13,6)([37]22,6,3)([38]27,10,7)([39]19,8,1)([40]36,34,3)([41]30,3,3)([42]32,8,0)([43]40,31,7)([44]35,16,7)([45]30,11,1)([46]19,44,5)([47]0,6,7)([48]31,6,1)([49]11,41,5)([50]46,30,4)([51]34,48,2)([52]37,33,4)([53]21,4,7)([54]39,17,3)([55]29,37,2)([56]9,15,0)([57]44,7,5)([58]53,46,2)([59]57,52,7)([60]44,6,2)([61]7,45,5)([62]49,3,6)([63]40,50,5)([64]58,58,5)([65]16,20,2)([66]5,31,5)([67]20,41,0)([68]58,15,7)([69]67,33,7)([70]69,7,6)([71]55,68,3)([72]4,38,7)([73]7,56,0)([74]60,52,6)([75]54,28,4)([76]71,58,4)([77]11,31,1)([78]68,26,0)([79]1,63,4)([80]76,79,7)([81]73,47,1)([82]48,47,2)([83]25,8,0)([84]37,63,5)([85]56,39,6)([86]18,59,1)(80)
optimized area: 118.55
time: 541078 ms
seed: 1634347547
NOT FOUND
time: 521415 ms
seed: 1634396461
NOT FOUND
time: 527902 ms
seed: 1634445444
NOT FOUND
time: 527997 ms
seed: 1634505701
{7,1,80,1,2,1,8}([7]4,4,1)([8]7,6,2)([9]2,1,2)([10]4,3,7)([11]6,8,6)([12]9,3,7)([13]8,0,4)([14]10,12,4)([15]2,1,4)([16]9,2,0)([17]1,7,7)([18]0,14,6)([19]5,13,7)([20]10,19,6)([21]0,20,7)([22]13,12,2)([23]18,1,0)([24]1,19,6)([25]6,4,5)([26]24,8,2)([27]15,5,4)([28]27,6,4)([29]1,2,1)([30]24,23,6)([31]17,22,5)([32]25,30,0)([33]20,11,5)([34]7,29,3)([35]21,34,5)([36]33,2,3)([37]12,11,5)([38]12,30,2)([39]28,33,7)([40]10,12,4)([41]32,3,5)([42]37,3,3)([43]20,11,7)([44]30,35,5)([45]39,31,3)([46]36,26,4)([47]30,23,1)([48]24,34,5)([49]10,15,3)([50]44,13,6)([51]20,14,1)([52]19,0,7)([53]18,12,3)([54]23,37,4)([55]54,26,7)([56]30,39,1)([57]45,16,2)([58]29,3,7)([59]58,43,7)([60]23,29,2)([61]34,27,0)([62]38,27,6)([63]26,49,0)([64]57,34,0)([65]50,62,3)([66]21,12,2)([67]35,26,2)([68]40,49,6)([69]41,34,2)([70]13,26,0)([71]41,69,7)([72]25,6,4)([73]71,16,3)([74]5,14,3)([75]29,62,6)([76]4,66,0)([77]73,55,1)([78]64,65,0)([79]73,65,2)([80]46,79,7)([81]45,80,7)([82]1,0,6)([83]14,43,1)([84]46,48,5)([85]27,38,2)([86]16,72,0)(81)
evaluations: 14321734
first invidual area: 128.83
{7,1,80,1,2,1,8}([7]4,6,1)([8]7,6,2)([9]2,1,5)([10]7,3,4)([11]2,1,5)([12]3,9,4)([13]0,8,4)([14]9,7,4)([15]1,2,4)([16]0,14,6)([17]4,1,4)([18]8,2,0)([19]5,13,7)([20]19,10,6)([21]16,13,2)([22]19,12,6)([23]6,21,1)([24]1,19,6)([25]6,24,1)([26]18,24,5)([27]5,15,4)([28]4,10,7)([29]13,17,2)([30]24,16,6)([31]12,30,2)([32]27,25,4)([33]25,20,5)([34]8,20,7)([35]17,34,5)([36]24,30,5)([37]31,31,3)([38]14,11,0)([39]32,33,4)([40]25,10,2)([41]7,16,3)([42]1,2,0)([43]29,12,5)([44]33,2,3)([45]39,43,3)([46]15,45,7)([47]28,28,3)([48]35,30,5)([49]27,0,7)([50]48,13,6)([51]44,26,5)([52]42,3,5)([53]6,46,3)([54]43,24,6)([55]2,53,2)([56]40,17,6)([57]39,19,2)([58]44,21,3)([59]54,16,4)([60]17,56,5)([61]9,17,0)([62]31,27,6)([63]37,22,3)([64]43,41,1)([65]50,62,3)([66]18,27,4)([67]29,57,6)([68]58,59,6)([69]34,26,7)([70]48,35,2)([71]14,56,5)([72]20,46,7)([73]23,2,1)([74]7,66,6)([75]18,59,4)([76]12,30,2)([77]56,58,2)([78]70,44,6)([79]71,65,5)([80]51,79,4)([81]11,57,1)([82]63,16,0)([83]74,74,4)([84]73,14,4)([85]74,47,2)([86]45,80,5)(86)
optimized area: 110.54
time: 626051 ms
seed: 1634604963
NOT FOUND
time: 528135 ms
seed: 1634859892
{7,1,80,1,2,1,8}([7]0,6,2)([8]3,6,7)([9]5,2,2)([10]6,4,7)([11]8,2,3)([12]0,4,4)([13]1,6,2)([14]13,10,7)([15]8,12,5)([16]11,5,5)([17]7,1,6)([18]13,1,6)([19]14,5,5)([20]12,3,4)([21]17,15,7)([22]16,3,1)([23]21,22,0)([24]11,21,5)([25]11,11,0)([26]17,20,1)([27]1,24,4)([28]12,21,4)([29]15,5,6)([30]1,19,4)([31]29,6,7)([32]3,31,5)([33]18,14,7)([34]25,13,7)([35]22,10,4)([36]34,10,5)([37]0,1,2)([38]21,10,6)([39]33,28,5)([40]2,28,2)([41]35,30,0)([42]19,24,2)([43]32,42,6)([44]43,38,6)([45]40,18,2)([46]22,39,3)([47]42,20,5)([48]46,2,4)([49]44,36,7)([50]3,9,6)([51]49,48,5)([52]16,51,7)([53]14,6,7)([54]41,45,7)([55]8,3,0)([56]44,17,2)([57]31,8,3)([58]2,1,6)([59]24,45,2)([60]25,26,5)([61]31,50,4)([62]47,50,6)([63]26,8,2)([64]10,29,0)([65]46,42,1)([66]35,38,5)([67]6,59,7)([68]50,62,2)([69]39,26,2)([70]32,67,6)([71]38,14,1)([72]15,20,0)([73]40,5,4)([74]11,5,4)([75]29,4,6)([76]26,62,7)([77]76,52,4)([78]4,66,7)([79]25,18,6)([80]67,53,4)([81]60,34,7)([82]2,53,3)([83]68,12,0)([84]5,35,0)([85]45,65,7)([86]33,64,1)(77)
evaluations: 46204799
first invidual area: 122.74
{7,1,80,1,2,1,8}([7]0,6,2)([8]6,3,7)([9]2,7,0)([10]4,6,7)([11]9,8,3)([12]0,4,4)([13]1,6,2)([14]13,10,7)([15]12,8,5)([16]11,5,5)([17]7,1,6)([18]12,3,0)([19]14,5,5)([20]12,3,4)([21]17,15,7)([22]16,15,1)([23]19,16,6)([24]11,21,5)([25]12,16,0)([26]19,4,1)([27]17,26,3)([28]18,21,4)([29]25,16,5)([30]21,2,4)([31]29,6,5)([32]3,31,5)([33]17,14,7)([34]11,14,7)([35]22,2,2)([36]34,10,5)([37]8,26,5)([38]21,10,6)([39]33,28,5)([40]20,29,0)([41]23,33,7)([42]19,24,2)([43]32,42,6)([44]43,38,6)([45]3,34,7)([46]22,39,3)([47]42,40,5)([48]46,2,4)([49]44,36,7)([50]3,35,6)([51]49,48,5)([52]22,51,7)([53]50,9,0)([54]33,26,3)([55]20,40,2)([56]0,15,2)([57]56,25,0)([58]51,11,7)([59]52,51,5)([60]22,3,1)([61]46,29,5)([62]47,50,3)([63]43,28,2)([64]12,41,5)([65]28,18,2)([66]24,10,1)([67]26,59,1)([68]49,10,2)([69]23,54,7)([70]34,8,6)([71]9,66,6)([72]61,55,0)([73]67,42,0)([74]43,40,0)([75]74,30,4)([76]17,62,4)([77]76,52,4)([78]24,21,0)([79]40,1,4)([80]64,31,0)([81]72,6,4)([82]67,21,0)([83]29,57,6)([84]38,26,0)([85]26,13,7)([86]14,76,3)(77)
optimized area: 115.71
time: 994675 ms
seed: 1635114576
{7,1,80,1,2,1,8}([7]3,1,5)([8]7,6,4)([9]5,4,7)([10]9,2,7)([11]5,2,4)([12]7,4,6)([13]6,12,3)([14]1,12,4)([15]6,3,3)([16]0,9,4)([17]10,10,7)([18]0,17,4)([19]8,5,4)([20]14,11,7)([21]14,15,6)([22]1,11,2)([23]12,8,7)([24]22,15,6)([25]22,13,2)([26]14,3,4)([27]18,2,5)([28]15,0,1)([29]6,14,3)([30]10,26,5)([31]23,0,2)([32]26,23,3)([33]27,30,2)([34]17,30,1)([35]5,28,4)([36]24,35,6)([37]18,29,1)([38]18,16,7)([39]9,32,3)([40]39,13,7)([41]33,10,3)([42]33,0,0)([43]18,19,4)([44]43,31,3)([45]19,18,5)([46]36,37,5)([47]39,46,3)([48]30,3,7)([49]37,33,7)([50]31,29,0)([51]46,40,7)([52]21,25,1)([53]11,43,0)([54]21,41,3)([55]45,12,4)([56]51,42,5)([57]54,44,5)([58]52,13,5)([59]40,28,6)([60]43,27,7)([61]28,21,1)([62]56,5,7)([63]3,38,2)([64]53,37,0)([65]41,19,4)([66]48,34,6)([67]10,34,5)([68]41,41,7)([69]62,6,6)([70]4,67,7)([71]69,48,7)([72]57,20,6)([73]71,72,2)([74]3,62,1)([75]70,14,4)([76]10,52,0)([77]26,50,5)([78]73,30,5)([79]56,20,2)([80]10,44,3)([81]11,16,1)([82]73,79,6)([83]22,11,2)([84]45,61,5)([85]82,72,2)([86]17,82,4)(86)
evaluations: 13072564
first invidual area: 147.59
{7,1,80,1,2,1,8}([7]3,1,5)([8]6,7,4)([9]4,5,7)([10]6,3,3)([11]5,10,7)([12]4,7,6)([13]12,10,1)([14]13,1,2)([15]3,14,4)([16]8,0,1)([17]6,12,6)([18]0,8,1)([19]16,15,3)([20]5,14,7)([21]9,19,3)([22]8,18,5)([23]20,2,4)([24]9,2,7)([25]19,10,1)([26]18,0,2)([27]2,18,5)([28]13,27,3)([29]20,22,6)([30]24,15,5)([31]2,23,3)([32]30,6,0)([33]10,7,7)([34]5,22,4)([35]1,8,2)([36]32,14,3)([37]18,17,6)([38]4,31,7)([39]20,29,5)([40]3,14,3)([41]11,25,6)([42]0,41,5)([43]21,17,5)([44]37,34,3)([45]7,13,0)([46]12,15,1)([47]27,30,2)([48]3,30,7)([49]38,0,6)([50]41,36,2)([51]43,42,7)([52]28,3,0)([53]45,52,3)([54]27,9,3)([55]9,29,5)([56]51,47,5)([57]54,44,5)([58]48,57,0)([59]43,18,4)([60]5,56,7)([61]59,31,3)([62]1,57,2)([63]4,33,2)([64]53,39,7)([65]6,60,3)([66]61,57,7)([67]6,54,1)([68]14,59,1)([69]42,67,3)([70]45,52,2)([71]65,58,4)([72]57,23,6)([73]71,72,2)([74]61,18,7)([75]0,8,5)([76]52,64,2)([77]49,68,6)([78]22,61,3)([79]56,23,2)([80]26,15,1)([81]37,31,5)([82]73,79,3)([83]44,66,0)([84]16,75,1)([85]53,41,2)([86]68,38,6)(82)
optimized area: 114.28
time: 1191141 ms
seed: 1635131814
NOT FOUND
time: 531294 ms
seed: 1635180996
{7,1,80,1,2,1,8}([7]4,3,0)([8]0,6,2)([9]1,0,4)([10]9,5,5)([11]10,8,5)([12]6,1,5)([13]10,8,3)([14]4,3,5)([15]10,5,7)([16]14,8,5)([17]1,16,5)([18]10,4,4)([19]17,13,5)([20]6,1,3)([21]1,2,7)([22]3,19,4)([23]2,12,6)([24]4,23,2)([25]15,7,3)([26]17,4,2)([27]0,25,6)([28]19,25,7)([29]21,3,4)([30]17,21,7)([31]5,3,1)([32]13,18,0)([33]20,19,7)([34]11,21,2)([35]33,0,7)([36]3,26,7)([37]34,0,6)([38]31,4,7)([39]23,36,4)([40]13,7,7)([41]33,25,3)([42]36,37,6)([43]28,18,1)([44]39,0,7)([45]40,44,5)([46]18,18,7)([47]2,45,3)([48]41,34,4)([49]4,3,6)([50]42,35,5)([51]45,36,3)([52]19,9,4)([53]48,47,2)([54]0,9,7)([55]49,35,4)([56]2,4,3)([57]43,42,5)([58]4,28,0)([59]57,5,7)([60]20,5,7)([61]51,17,5)([62]26,47,0)([63]59,53,4)([64]23,22,5)([65]63,64,2)([66]29,54,3)([67]19,30,7)([68]6,60,4)([69]27,12,0)([70]11,39,1)([71]58,39,1)([72]36,19,5)([73]45,43,4)([74]32,61,6)([75]50,67,3)([76]63,45,2)([77]65,24,6)([78]40,57,5)([79]4,57,3)([80]18,5,6)([81]46,37,0)([82]33,45,0)([83]0,80,3)([84]51,1,1)([85]77,75,2)([86]82,43,6)(85)
evaluations: 24483178
first invidual area: 136.79
{7,1,80,1,2,1,8}([7]0,1,4)([8]6,0,2)([9]3,5,5)([10]5,7,5)([11]1,6,5)([12]0,5,0)([13]6,10,3)([14]5,10,2)([15]6,3,0)([16]9,8,5)([17]16,1,5)([18]4,10,0)([19]17,13,5)([20]5,19,3)([21]19,2,7)([22]1,4,4)([23]2,11,6)([24]6,1,3)([25]14,4,6)([26]1,6,6)([27]24,24,1)([28]19,25,7)([29]27,2,5)([30]12,24,2)([31]4,28,5)([32]10,8,5)([33]26,19,4)([34]32,21,5)([35]33,12,7)([36]3,31,4)([37]1,9,5)([38]4,13,7)([39]21,22,3)([40]21,12,6)([41]35,32,6)([42]36,40,6)([43]33,28,6)([44]36,0,7)([45]44,38,5)([46]33,22,2)([47]45,2,3)([48]43,34,4)([49]45,30,0)([50]42,35,5)([51]21,20,1)([52]7,20,0)([53]48,47,5)([54]34,49,1)([55]19,37,2)([56]51,33,0)([57]28,42,5)([58]18,23,2)([59]57,5,7)([60]8,37,4)([61]29,13,5)([62]35,60,0)([63]59,53,7)([64]23,36,5)([65]63,64,2)([66]43,62,3)([67]34,11,0)([68]18,29,7)([69]65,3,4)([70]15,39,0)([71]27,57,5)([72]19,70,2)([73]58,47,6)([74]16,15,4)([75]51,50,3)([76]61,4,3)([77]65,58,6)([78]28,46,0)([79]77,36,0)([80]2,34,1)([81]80,44,3)([82]24,15,4)([83]39,12,7)([84]51,71,6)([85]79,75,2)([86]28,37,6)(85)
optimized area: 114.27
time: 628530 ms
seed: 1635312844
{7,1,80,1,2,1,8}([7]0,2,2)([8]6,0,6)([9]4,3,7)([10]7,4,6)([11]2,5,7)([12]4,11,4)([13]6,3,4)([14]12,2,4)([15]8,2,3)([16]6,8,1)([17]6,13,2)([18]4,1,5)([19]12,9,4)([20]11,1,7)([21]13,14,3)([22]18,6,7)([23]15,3,2)([24]13,21,4)([25]7,24,7)([26]24,5,6)([27]10,18,6)([28]26,12,7)([29]9,10,4)([30]7,20,2)([31]28,9,6)([32]22,0,5)([33]9,30,7)([34]19,3,2)([35]10,18,1)([36]5,29,6)([37]35,30,7)([38]29,22,6)([39]23,26,7)([40]15,4,3)([41]34,8,4)([42]20,11,2)([43]36,10,3)([44]39,22,1)([45]25,44,3)([46]42,45,4)([47]24,25,5)([48]47,31,2)([49]8,43,3)([50]15,19,5)([51]31,30,5)([52]47,4,3)([53]52,25,2)([54]13,34,6)([55]11,38,5)([56]34,33,6)([57]50,28,3)([58]46,51,7)([59]26,51,0)([60]37,50,6)([61]16,42,3)([62]54,6,3)([63]44,37,2)([64]32,57,4)([65]22,58,2)([66]7,56,3)([67]65,66,2)([68]6,32,7)([69]6,47,4)([70]28,58,1)([71]27,20,7)([72]52,40,4)([73]63,20,4)([74]7,14,7)([75]18,63,0)([76]40,6,0)([77]70,46,5)([78]50,70,1)([79]48,73,6)([80]71,17,4)([81]64,79,6)([82]68,55,6)([83]46,49,6)([84]81,83,6)([85]13,30,7)([86]81,2,6)(84)
evaluations: 38524259
first invidual area: 139.15
{7,1,80,1,2,1,8}([7]2,0,2)([8]6,0,6)([9]3,4,7)([10]7,4,6)([11]2,5,7)([12]4,11,4)([13]4,5,4)([14]11,11,1)([15]2,8,3)([16]7,6,6)([17]11,14,1)([18]1,4,5)([19]3,6,4)([20]11,1,7)([21]16,4,1)([22]12,14,7)([23]15,3,5)([24]19,13,6)([25]23,16,0)([26]24,5,6)([27]18,6,7)([28]26,12,7)([29]20,11,5)([30]7,24,7)([31]28,9,6)([32]27,0,5)([33]12,25,5)([34]12,16,0)([35]13,33,7)([36]0,20,2)([37]34,31,7)([38]29,37,6)([39]23,26,7)([40]36,10,3)([41]3,13,7)([42]22,20,2)([43]38,8,3)([44]30,12,1)([45]30,39,3)([46]29,45,5)([47]12,26,5)([48]15,37,5)([49]29,47,4)([50]29,35,0)([51]1,2,3)([52]9,4,5)([53]10,47,7)([54]17,12,6)([55]52,43,4)([56]45,4,0)([57]48,28,6)([58]2,24,0)([59]57,32,7)([60]31,17,3)([61]21,15,2)([62]57,2,0)([63]39,40,5)([64]54,4,5)([65]32,19,7)([66]49,14,5)([67]46,55,1)([68]37,63,3)([69]28,17,2)([70]10,32,2)([71]27,18,7)([72]18,12,0)([73]63,20,7)([74]31,62,6)([75]25,41,2)([76]61,49,0)([77]43,10,6)([78]39,25,4)([79]31,73,6)([80]31,21,0)([81]59,79,6)([82]53,27,1)([83]46,77,2)([84]81,83,6)([85]51,37,5)([86]10,39,4)(84)
optimized area: 116.18
time: 1047009 ms
seed: 1635470452
NOT FOUND
time: 1005625 ms
seed: 1635612197
{7,1,80,1,2,1,8}([7]2,6,6)([8]5,1,7)([9]3,0,7)([10]2,7,0)([11]6,0,2)([12]11,4,0)([13]1,3,6)([14]13,4,4)([15]9,8,4)([16]4,3,7)([17]4,15,0)([18]2,7,0)([19]0,1,4)([20]1,9,3)([21]12,16,7)([22]5,13,5)([23]1,3,4)([24]2,16,3)([25]4,14,5)([26]22,6,2)([27]25,6,7)([28]21,15,3)([29]27,11,5)([30]7,24,7)([31]24,8,5)([32]23,30,6)([33]4,24,4)([34]33,20,7)([35]30,34,4)([36]2,35,4)([37]27,11,5)([38]5,16,5)([39]33,26,4)([40]17,19,6)([41]29,18,3)([42]18,29,4)([43]25,15,7)([44]30,41,1)([45]28,13,5)([46]31,28,7)([47]31,36,7)([48]39,46,1)([49]32,45,5)([50]32,20,1)([51]30,13,5)([52]34,5,0)([53]48,40,5)([54]9,42,3)([55]43,47,2)([56]33,19,4)([57]45,23,5)([58]51,52,6)([59]38,55,5)([60]7,13,4)([61]31,42,4)([62]52,56,2)([63]62,7,4)([64]10,43,7)([65]61,53,3)([66]59,65,5)([67]27,52,7)([68]49,61,2)([69]68,66,3)([70]12,14,6)([71]59,11,3)([72]5,44,3)([73]18,7,4)([74]69,19,3)([75]52,16,4)([76]14,48,0)([77]26,74,4)([78]13,58,4)([79]27,72,0)([80]37,8,5)([81]67,61,7)([82]14,29,3)([83]49,42,0)([84]60,3,7)([85]42,61,2)([86]84,66,3)(69)
evaluations: 19892490
first invidual area: 139.63
{7,1,80,1,2,1,8}([7]2,6,3)([8]5,1,7)([9]3,0,7)([10]5,8,6)([11]10,10,4)([12]0,6,2)([13]1,3,6)([14]1,13,5)([15]9,8,4)([16]4,3,7)([17]1,0,4)([18]2,14,4)([19]3,1,4)([20]9,1,3)([21]4,20,7)([22]4,15,3)([23]22,13,5)([24]16,2,3)([25]4,23,5)([26]8,3,6)([27]4,17,6)([28]7,24,5)([29]27,15,4)([30]6,23,5)([31]8,24,5)([32]19,28,6)([33]7,31,5)([34]2,33,4)([35]24,20,6)([36]35,6,7)([37]19,31,4)([38]5,16,5)([39]30,24,4)([40]31,1,0)([41]12,25,5)([42]4,14,0)([43]30,31,7)([44]23,41,5)([45]44,13,5)([46]7,12,1)([47]25,12,1)([48]25,15,7)([49]32,45,5)([50]7,15,4)([51]21,34,7)([52]6,4,0)([53]1,23,7)([54]27,39,5)([55]45,16,6)([56]42,43,4)([57]51,38,2)([58]40,41,7)([59]57,48,5)([60]44,32,3)([61]2,58,7)([62]9,56,4)([63]1,18,2)([64]2,50,1)([65]54,61,3)([66]59,65,5)([67]64,56,7)([68]49,61,2)([69]16,25,7)([70]40,23,6)([71]33,16,0)([72]68,66,3)([73]40,53,5)([74]11,0,1)([75]57,43,2)([76]25,14,1)([77]12,16,7)([78]68,27,2)([79]3,1,4)([80]47,75,6)([81]1,54,0)([82]63,72,2)([83]46,43,3)([84]29,17,0)([85]28,18,7)([86]62,49,4)(72)
optimized area: 115.23
time: 1207205 ms
seed: 1635659839
NOT FOUND
time: 1054734 ms
seed: 1635707769
NOT FOUND
time: 1063065 ms
seed: 1635755024
NOT FOUND
time: 1069966 ms
seed: 1635801879
{7,1,80,1,2,1,8}([7]6,2,6)([8]2,5,4)([9]5,0,7)([10]3,5,3)([11]3,7,3)([12]1,10,6)([13]4,1,7)([14]13,4,5)([15]2,9,6)([16]1,10,2)([17]7,3,2)([18]7,8,3)([19]11,0,7)([20]16,0,7)([21]19,15,1)([22]4,15,4)([23]14,15,4)([24]22,17,4)([25]9,13,7)([26]11,13,3)([27]18,25,3)([28]26,27,4)([29]24,27,5)([30]20,28,7)([31]17,27,1)([32]16,8,5)([33]13,29,3)([34]0,19,6)([35]3,34,7)([36]20,23,1)([37]16,35,2)([38]8,28,1)([39]33,30,0)([40]26,35,7)([41]32,30,6)([42]23,6,7)([43]33,30,3)([44]43,40,3)([45]38,41,6)([46]41,32,4)([47]31,37,7)([48]17,45,6)([49]14,9,4)([50]45,44,7)([51]26,39,7)([52]32,32,3)([53]28,29,4)([54]37,39,6)([55]1,17,4)([56]13,13,2)([57]53,33,2)([58]37,48,3)([59]32,29,5)([60]58,10,5)([61]10,35,0)([62]47,20,6)([63]13,50,0)([64]40,58,2)([65]22,20,7)([66]14,10,3)([67]53,54,5)([68]4,53,5)([69]0,60,6)([70]48,5,5)([71]4,70,3)([72]66,3,2)([73]50,1,4)([74]42,64,3)([75]31,39,6)([76]20,67,7)([77]29,38,0)([78]62,41,6)([79]74,57,2)([80]52,40,7)([81]36,7,2)([82]79,73,7)([83]22,73,6)([84]18,14,2)([85]14,77,4)([86]83,63,6)(82)
evaluations: 7506302
first invidual area: 142.91
{7,1,80,1,2,1,8}([7]2,6,6)([8]2,5,4)([9]5,0,7)([10]7,3,3)([11]1,4,7)([12]10,5,3)([13]11,9,7)([14]3,7,5)([15]9,2,6)([16]12,1,2)([17]7,8,0)([18]17,8,3)([19]11,4,5)([20]3,3,1)([21]15,4,7)([22]16,0,7)([23]19,15,7)([24]14,21,4)([25]22,24,6)([26]11,10,3)([27]18,13,3)([28]26,27,7)([29]24,27,5)([30]22,28,4)([31]30,29,3)([32]16,17,1)([33]31,11,3)([34]18,32,5)([35]8,1,4)([36]30,32,6)([37]19,31,3)([38]3,0,4)([39]12,33,6)([40]38,26,2)([41]21,27,4)([42]30,16,3)([43]23,6,4)([44]35,36,3)([45]40,33,3)([46]33,12,3)([47]32,30,5)([48]46,7,3)([49]21,18,5)([50]34,11,0)([51]32,26,4)([52]50,45,0)([53]44,3,7)([54]52,2,4)([55]13,27,5)([56]6,32,1)([57]45,0,0)([58]0,30,3)([59]30,12,5)([60]8,48,1)([61]29,28,2)([62]25,13,5)([63]54,37,0)([64]0,25,2)([65]57,44,4)([66]62,10,1)([67]31,32,1)([68]3,56,7)([69]52,40,2)([70]30,10,6)([71]51,41,1)([72]67,29,5)([73]36,3,3)([74]69,43,3)([75]11,68,4)([76]19,24,1)([77]10,18,1)([78]74,61,5)([79]17,42,2)([80]65,78,7)([81]2,26,1)([82]39,15,5)([83]32,41,0)([84]73,58,4)([85]44,18,4)([86]28,73,6)(80)
optimized area: 120.88
time: 1313909 ms
seed: 1635845069
NOT FOUND
time: 1064474 ms
seed: 1635887158
{7,1,80,1,2,1,8}([7]0,1,6)([8]5,6,7)([9]8,2,7)([10]2,7,7)([11]4,8,2)([12]6,11,3)([13]0,8,4)([14]1,1,0)([15]14,4,5)([16]5,2,7)([17]0,12,6)([18]13,3,7)([19]0,12,7)([20]11,10,7)([21]1,18,2)([22]12,4,4)([23]3,9,2)([24]12,20,2)([25]20,22,7)([26]18,24,4)([27]11,18,7)([28]4,4,7)([29]26,19,3)([30]14,22,4)([31]6,17,3)([32]25,21,3)([33]30,27,3)([34]32,31,7)([35]26,11,7)([36]16,21,7)([37]17,17,0)([38]29,28,0)([39]36,29,5)([40]33,23,2)([41]40,22,4)([42]39,27,3)([43]38,30,6)([44]23,8,3)([45]15,19,4)([46]45,44,3)([47]34,33,2)([48]46,17,7)([49]41,15,2)([50]34,3,0)([51]27,31,0)([52]4,18,7)([53]47,46,5)([54]39,15,1)([55]3,51,7)([56]18,2,3)([57]13,27,7)([58]6,3,2)([59]10,33,2)([60]23,22,0)([61]13,49,2)([62]42,43,4)([63]48,59,3)([64]50,41,5)([65]60,16,3)([66]62,49,3)([67]49,52,2)([68]66,53,2)([69]0,25,2)([70]63,5,6)([71]61,68,2)([72]16,12,0)([73]31,62,3)([74]4,46,1)([75]11,27,0)([76]9,30,3)([77]55,50,1)([78]9,58,3)([79]69,73,0)([80]24,56,1)([81]34,17,0)([82]58,26,0)([83]51,65,4)([84]44,49,1)([85]0,2,4)([86]59,9,5)(68)
evaluations: 13732916
first invidual area: 136.83
{7,1,80,1,2,1,8}([7]1,0,3)([8]5,6,7)([9]4,6,6)([10]3,0,4)([11]4,8,2)([12]11,6,3)([13]11,0,6)([14]10,2,0)([15]1,4,5)([16]2,5,7)([17]11,2,7)([18]14,8,7)([19]12,0,7)([20]7,17,4)([21]1,18,2)([22]12,4,4)([23]3,17,2)([24]12,20,5)([25]0,12,4)([26]20,22,7)([27]11,18,7)([28]24,18,7)([29]19,28,3)([30]1,22,4)([31]6,13,6)([32]26,21,3)([33]30,27,3)([34]31,32,4)([35]10,23,5)([36]21,16,7)([37]30,29,3)([38]22,35,7)([39]36,29,5)([40]1,10,5)([41]1,1,3)([42]39,27,3)([43]1,28,1)([44]23,8,3)([45]19,15,4)([46]45,44,3)([47]34,33,2)([48]37,4,2)([49]24,6,5)([50]33,22,6)([51]22,4,7)([52]47,46,5)([53]6,52,4)([54]17,42,3)([55]12,34,5)([56]38,15,2)([57]39,7,6)([58]36,47,6)([59]3,1,2)([60]23,35,3)([61]18,37,1)([62]42,37,2)([63]18,36,1)([64]36,62,6)([65]21,46,1)([66]62,56,3)([67]47,38,0)([68]23,31,3)([69]60,60,1)([70]2,13,0)([71]28,52,5)([72]20,48,0)([73]32,18,2)([74]33,1,0)([75]21,60,2)([76]66,52,2)([77]17,9,4)([78]35,27,4)([79]47,22,7)([80]11,42,0)([81]18,61,2)([82]81,49,6)([83]36,46,5)([84]52,0,7)([85]2,36,7)([86]52,2,6)(76)
optimized area: 128.85
time: 1303599 ms
seed: 1635923257
NOT FOUND
time: 1056519 ms
seed: 1635959599
{7,1,80,1,2,1,8}([7]1,6,4)([8]2,7,1)([9]2,0,5)([10]4,2,2)([11]3,5,4)([12]9,4,5)([13]10,9,4)([14]2,12,7)([15]1,13,7)([16]8,15,4)([17]3,7,3)([18]16,11,2)([19]10,1,3)([20]10,7,3)([21]18,10,4)([22]7,5,5)([23]3,6,6)([24]11,3,3)([25]20,18,2)([26]19,3,2)([27]23,12,4)([28]2,5,7)([29]0,26,4)([30]15,5,5)([31]22,29,1)([32]9,26,0)([33]18,9,5)([34]30,17,5)([35]21,5,6)([36]28,8,2)([37]33,14,2)([38]3,17,2)([39]27,24,0)([40]29,34,3)([41]35,29,4)([42]33,12,2)([43]21,29,0)([44]28,14,3)([45]23,17,5)([46]27,41,0)([47]11,44,2)([48]11,33,0)([49]26,20,3)([50]39,16,0)([51]18,32,1)([52]45,20,5)([53]50,41,2)([54]0,24,5)([55]30,53,0)([56]37,54,4)([57]47,10,2)([58]43,4,4)([59]7,53,2)([60]10,50,0)([61]60,5,1)([62]51,30,3)([63]13,12,5)([64]1,28,7)([65]49,56,7)([66]28,39,7)([67]66,58,2)([68]32,28,6)([69]61,64,4)([70]62,68,7)([71]14,58,2)([72]40,20,4)([73]15,19,0)([74]57,72,7)([75]64,59,4)([76]45,51,2)([77]65,75,5)([78]58,72,5)([79]36,18,2)([80]77,78,2)([81]75,67,1)([82]24,23,7)([83]25,72,2)([84]41,63,2)([85]25,12,5)([86]14,10,5)(80)
evaluations: 11786352
first invidual area: 131.19
{7,1,80,1,2,1,8}([7]6,1,4)([8]3,7,3)([9]2,0,5)([10]4,2,2)([11]5,3,4)([12]4,9,5)([13]9,10,3)([14]3,3,0)([15]2,13,5)([16]1,15,4)([17]1,10,3)([18]12,2,7)([19]11,16,5)([20]7,10,3)([21]19,10,7)([22]2,5,7)([23]5,18,0)([24]7,15,1)([25]21,5,3)([26]17,14,2)([27]15,3,4)([28]24,17,6)([29]26,0,4)([30]1,20,5)([31]3,6,3)([32]1,23,5)([33]31,12,7)([34]23,4,7)([35]9,21,5)([36]15,3,2)([37]18,35,5)([38]13,22,6)([39]11,3,3)([40]15,30,7)([41]18,34,6)([42]26,20,3)([43]29,40,7)([44]29,25,7)([45]22,26,0)([46]42,1,2)([47]44,33,5)([48]35,35,6)([49]48,14,3)([50]14,21,4)([51]27,15,3)([52]40,11,2)([53]32,8,5)([54]0,39,5)([55]14,21,6)([56]42,54,4)([57]33,54,2)([58]37,33,4)([59]58,52,7)([60]47,7,5)([61]59,10,7)([62]26,4,4)([63]29,53,3)([64]22,60,7)([65]37,56,4)([66]22,63,3)([67]52,36,1)([68]1,39,6)([69]2,5,1)([70]61,58,5)([71]4,21,4)([72]63,20,4)([73]3,56,3)([74]5,60,5)([75]64,6,7)([76]55,68,4)([77]75,65,5)([78]71,72,5)([79]60,52,7)([80]77,78,2)([81]40,45,5)([82]63,58,3)([83]57,47,7)([84]22,37,2)([85]59,41,6)([86]24,27,3)(80)
optimized area: 122.74
time: 1249792 ms
seed: 1635995346
{7,1,80,1,2,1,8}([7]3,1,3)([8]2,5,6)([9]6,2,7)([10]1,3,2)([11]6,2,0)([12]10,8,7)([13]4,3,4)([14]0,12,7)([15]1,0,7)([16]10,6,3)([17]9,7,7)([18]16,14,2)([19]17,14,5)([20]4,7,5)([21]2,1,7)([22]18,20,2)([23]4,6,0)([24]20,16,6)([25]3,8,3)([26]23,0,7)([27]1,3,7)([28]11,19,4)([29]14,3,2)([30]0,24,3)([31]26,21,5)([32]6,31,4)([33]21,26,1)([34]32,23,7)([35]13,17,4)([36]35,27,0)([37]25,29,7)([38]34,20,5)([39]13,9,5)([40]28,28,7)([41]14,22,7)([42]39,10,4)([43]8,12,2)([44]21,37,7)([45]42,37,6)([46]23,28,6)([47]9,24,4)([48]26,1,2)([49]26,44,7)([50]22,22,7)([51]45,5,6)([52]40,48,5)([53]12,3,1)([54]5,11,3)([55]6,31,7)([56]22,33,7)([57]47,28,3)([58]7,54,0)([59]34,9,5)([60]45,1,4)([61]57,21,6)([62]41,16,2)([63]40,37,0)([64]45,47,1)([65]52,61,7)([66]51,61,6)([67]56,66,4)([68]59,56,7)([69]47,32,7)([70]15,19,3)([71]7,13,6)([72]14,17,6)([73]63,22,3)([74]56,8,5)([75]49,9,0)([76]64,22,2)([77]38,75,6)([78]11,29,3)([79]67,62,1)([80]31,67,3)([81]7,17,0)([82]77,67,3)([83]38,31,2)([84]5,8,6)([85]15,45,3)([86]34,46,0)(82)
evaluations: 43337569
first invidual area: 127.92
{7,1,80,1,2,1,8}([7]3,1,3)([8]2,5,6)([9]6,2,7)([10]1,3,2)([11]3,10,1)([12]10,8,7)([13]4,7,4)([14]0,12,7)([15]0,2,6)([16]10,6,3)([17]15,14,1)([18]16,14,2)([19]4,14,0)([20]7,19,5)([21]2,1,7)([22]18,20,5)([23]11,14,2)([24]8,20,0)([25]11,6,1)([26]4,0,7)([27]22,21,7)([28]9,6,0)([29]3,15,1)([30]13,28,5)([31]26,21,5)([32]6,31,4)([33]18,8,4)([34]32,4,7)([35]21,3,7)([36]3,24,6)([37]18,36,3)([38]20,34,5)([39]32,32,4)([40]34,19,5)([41]28,12,0)([42]30,1,4)([43]42,37,6)([44]26,37,4)([45]6,23,6)([46]25,4,0)([47]9,40,2)([48]47,45,3)([49]21,44,4)([50]28,38,1)([51]43,5,6)([52]36,38,5)([53]44,3,2)([54]11,43,7)([55]19,2,2)([56]33,5,6)([57]54,54,1)([58]14,6,1)([59]52,48,7)([60]5,29,6)([61]48,21,6)([62]21,29,3)([63]19,32,6)([64]3,24,2)([65]11,39,6)([66]61,51,6)([67]27,66,4)([68]61,20,2)([69]41,51,0)([70]5,37,6)([71]34,0,5)([72]48,12,5)([73]6,33,5)([74]57,52,1)([75]43,7,4)([76]15,47,7)([77]38,49,6)([78]68,38,6)([79]42,29,2)([80]70,68,7)([81]2,53,6)([82]77,67,3)([83]43,29,3)([84]8,6,6)([85]23,83,6)([86]12,52,4)(82)
optimized area: 113.37
time: 1095035 ms
seed: 1636029905
NOT FOUND
time: 1065504 ms
seed: 1636063881
NOT FOUND
time: 1067434 ms
