seed: 1633863775
NOT FOUND
time: 529812 ms
seed: 1633950724
{7,1,80,1,2,1,8}([7]1,6,4)([8]4,2,5)([9]7,2,5)([10]4,0,4)([11]10,6,3)([12]7,3,4)([13]5,0,4)([14]3,1,5)([15]13,4,5)([16]6,11,2)([17]15,5,2)([18]9,10,2)([19]1,17,6)([20]11,12,2)([21]5,2,7)([22]18,14,3)([23]1,16,2)([24]17,12,5)([25]23,8,4)([26]23,4,7)([27]2,15,3)([28]13,19,7)([29]27,20,7)([30]25,29,3)([31]18,30,5)([32]21,7,3)([33]22,18,7)([34]31,14,4)([35]32,9,2)([36]3,34,7)([37]12,30,2)([38]24,0,4)([39]29,36,3)([40]10,18,7)([41]24,35,0)([42]27,3,3)([43]36,14,4)([44]5,14,5)([45]26,32,3)([46]2,39,7)([47]18,38,3)([48]4,16,1)([49]6,24,4)([50]46,6,4)([51]28,50,2)([52]3,1,6)([53]29,26,1)([54]11,45,4)([55]4,13,7)([56]30,40,6)([57]19,54,6)([58]31,9,0)([59]36,27,3)([60]16,48,6)([61]7,26,1)([62]1,10,2)([63]38,57,6)([64]31,53,0)([65]38,61,0)([66]6,63,1)([67]0,25,1)([68]14,17,4)([69]62,58,2)([70]43,56,4)([71]20,45,6)([72]51,70,4)([73]19,50,3)([74]16,50,0)([75]9,14,1)([76]12,20,0)([77]63,72,7)([78]5,56,7)([79]29,63,7)([80]52,12,3)([81]15,49,1)([82]37,65,6)([83]15,74,5)([84]36,73,1)([85]18,18,0)([86]64,9,4)(77)
evaluations: 10516916
first invidual area: 142.46
{7,1,80,1,2,1,8}([7]1,6,4)([8]0,0,3)([9]1,6,5)([10]4,0,4)([11]2,7,5)([12]7,3,4)([13]8,5,4)([14]0,6,1)([15]13,4,5)([16]15,2,6)([17]15,5,2)([18]1,12,1)([19]1,17,6)([20]9,4,4)([21]19,13,7)([22]2,17,7)([23]22,9,7)([24]17,12,5)([25]11,10,2)([26]23,19,5)([27]25,12,5)([28]20,20,4)([29]27,16,7)([30]23,29,3)([31]10,30,5)([32]2,10,5)([33]7,22,3)([34]3,18,2)([35]14,15,7)([36]31,34,4)([37]6,10,3)([38]22,3,7)([39]3,31,4)([40]10,2,5)([41]36,29,3)([42]41,19,4)([43]6,2,7)([44]33,12,3)([45]41,10,2)([46]33,20,6)([47]25,37,0)([48]18,17,1)([49]19,2,1)([50]43,41,4)([51]21,50,5)([52]8,25,0)([53]28,14,1)([54]37,46,7)([55]28,12,0)([56]24,52,4)([57]1,26,3)([58]7,2,0)([59]27,17,2)([60]40,4,2)([61]20,40,6)([62]45,46,3)([63]61,39,6)([64]60,7,2)([65]19,54,6)([66]26,43,5)([67]13,51,0)([68]65,56,3)([69]66,39,1)([70]63,32,0)([71]48,27,4)([72]51,70,7)([73]12,58,1)([74]9,25,2)([75]66,69,2)([76]67,39,5)([77]11,13,3)([78]70,27,5)([79]13,61,2)([80]49,15,5)([81]19,23,0)([82]63,75,2)([83]68,72,4)([84]38,39,7)([85]15,31,2)([86]23,5,3)(83)
optimized area: 128.85
time: 667030 ms
seed: 1633978374
{7,1,80,1,2,1,8}([7]5,2,7)([8]5,3,4)([9]5,4,4)([10]1,8,6)([11]2,8,4)([12]1,0,4)([13]10,12,4)([14]13,5,5)([15]11,9,5)([16]4,6,7)([17]6,11,4)([18]11,1,2)([19]17,4,5)([20]0,1,0)([21]7,8,0)([22]4,14,4)([23]10,21,7)([24]7,19,2)([25]1,20,3)([26]3,12,4)([27]22,21,4)([28]18,14,2)([29]9,22,0)([30]10,15,6)([31]3,30,4)([32]17,18,2)([33]22,3,7)([34]24,23,3)([35]18,5,3)([36]34,3,7)([37]7,31,4)([38]26,35,5)([39]15,27,5)([40]31,17,4)([41]16,36,3)([42]24,27,5)([43]41,27,4)([44]38,40,6)([45]4,40,0)([46]27,0,4)([47]26,31,2)([48]6,44,4)([49]20,35,4)([50]38,25,4)([51]46,44,2)([52]34,33,2)([53]40,25,5)([54]12,31,7)([55]52,6,7)([56]6,22,4)([57]13,1,4)([58]0,52,3)([59]13,56,2)([60]17,34,5)([61]58,58,6)([62]44,61,1)([63]55,43,3)([64]61,51,6)([65]60,24,6)([66]32,59,3)([67]51,5,7)([68]65,6,7)([69]37,10,0)([70]64,53,7)([71]54,63,6)([72]51,0,6)([73]71,70,6)([74]28,11,0)([75]17,5,0)([76]73,17,7)([77]50,45,1)([78]62,62,0)([79]13,77,6)([80]11,45,1)([81]77,19,0)([82]4,81,5)([83]0,48,7)([84]16,1,3)([85]69,18,0)([86]75,17,1)(73)
evaluations: 47730644
first invidual area: 147.62
{7,1,80,1,2,1,8}([7]5,2,7)([8]3,5,4)([9]5,4,4)([10]1,8,6)([11]2,8,4)([12]1,0,4)([13]10,12,3)([14]13,5,5)([15]11,9,5)([16]4,6,7)([17]6,11,4)([18]7,11,2)([19]17,4,5)([20]0,9,2)([21]12,2,0)([22]4,14,4)([23]10,7,7)([24]7,19,2)([25]12,1,3)([26]3,13,4)([27]22,7,4)([28]26,26,7)([29]2,7,7)([30]10,15,6)([31]3,30,4)([32]15,2,3)([33]22,3,7)([34]24,23,3)([35]18,5,3)([36]19,17,6)([37]1,25,3)([38]26,35,5)([39]27,11,0)([40]31,17,4)([41]16,18,3)([42]39,2,0)([43]41,27,4)([44]38,40,6)([45]27,38,0)([46]39,0,4)([47]35,6,5)([48]7,37,3)([49]9,22,1)([50]9,31,1)([51]46,44,2)([52]34,33,2)([53]40,25,5)([54]12,31,7)([55]52,6,7)([56]53,19,5)([57]48,39,3)([58]0,52,3)([59]5,0,4)([60]47,37,4)([61]58,52,1)([62]44,14,4)([63]55,43,3)([64]61,51,6)([65]15,56,0)([66]61,5,4)([67]24,33,1)([68]5,21,4)([69]63,2,5)([70]64,53,7)([71]54,63,6)([72]40,41,6)([73]71,70,6)([74]7,21,0)([75]23,67,7)([76]13,13,5)([77]72,7,3)([78]11,6,1)([79]39,68,5)([80]12,23,6)([81]51,5,4)([82]54,39,5)([83]54,31,5)([84]47,59,7)([85]59,83,5)([86]24,66,3)(73)
optimized area: 139.64
time: 472764 ms
seed: 1634001371
NOT FOUND
time: 531656 ms
seed: 1634050161
NOT FOUND
time: 527199 ms
seed: 1634164385
{7,1,80,1,2,1,8}([7]1,6,4)([8]4,7,7)([9]8,5,5)([10]9,3,5)([11]0,2,7)([12]7,3,6)([13]10,11,2)([14]0,0,3)([15]12,4,7)([16]12,5,3)([17]0,4,4)([18]14,7,2)([19]17,10,3)([20]15,14,7)([21]18,10,5)([22]21,5,7)([23]6,19,7)([24]18,1,7)([25]4,19,4)([26]7,1,6)([27]26,23,4)([28]23,0,2)([29]17,18,5)([30]0,27,3)([31]28,2,4)([32]4,13,4)([33]18,25,7)([34]7,11,4)([35]23,31,7)([36]9,31,7)([37]4,34,6)([38]22,15,4)([39]26,20,3)([40]22,33,5)([41]32,24,2)([42]2,16,2)([43]6,12,6)([44]42,39,2)([45]41,44,7)([46]38,35,2)([47]3,37,4)([48]47,14,2)([49]43,13,4)([50]40,34,3)([51]34,4,2)([52]40,19,5)([53]46,45,6)([54]48,20,7)([55]36,27,2)([56]2,45,0)([57]15,7,5)([58]34,56,2)([59]55,40,2)([60]49,35,4)([61]53,59,3)([62]59,57,2)([63]29,17,2)([64]15,40,0)([65]59,38,5)([66]47,58,4)([67]27,27,5)([68]11,59,4)([69]18,37,4)([70]31,50,1)([71]35,4,0)([72]46,66,2)([73]33,54,4)([74]63,12,5)([75]64,16,5)([76]72,27,5)([77]42,14,5)([78]61,24,5)([79]72,61,3)([80]38,45,1)([81]23,67,6)([82]2,81,4)([83]1,52,3)([84]53,13,3)([85]51,40,2)([86]6,35,7)(79)
evaluations: 18187520
first invidual area: 152.77
{7,1,80,1,2,1,8}([7]6,1,4)([8]4,7,7)([9]5,8,5)([10]3,9,5)([11]0,2,7)([12]7,3,6)([13]11,10,5)([14]11,8,7)([15]4,12,7)([16]12,5,3)([17]0,15,7)([18]7,0,2)([19]17,10,3)([20]18,19,7)([21]10,20,5)([22]21,5,7)([23]19,6,7)([24]18,1,7)([25]20,4,3)([26]6,1,6)([27]23,26,4)([28]0,23,5)([29]17,26,3)([30]23,3,6)([31]2,28,7)([32]22,10,0)([33]2,16,2)([34]23,31,7)([35]25,22,5)([36]31,9,7)([37]14,4,6)([38]32,15,4)([39]15,23,7)([40]4,13,7)([41]40,24,5)([42]29,4,0)([43]5,16,6)([44]33,29,5)([45]44,41,7)([46]38,34,2)([47]37,3,4)([48]20,9,1)([49]9,6,1)([50]25,48,2)([51]18,43,7)([52]7,27,5)([53]46,45,6)([54]33,13,4)([55]36,27,2)([56]55,23,2)([57]21,45,4)([58]21,20,3)([59]55,35,2)([60]3,37,6)([61]27,38,5)([62]59,53,3)([63]31,40,3)([64]19,45,2)([65]56,19,0)([66]47,52,7)([67]1,34,1)([68]27,54,7)([69]6,11,3)([70]42,8,4)([71]18,64,3)([72]46,66,2)([73]44,42,0)([74]16,64,5)([75]14,3,0)([76]33,74,6)([77]50,21,4)([78]6,66,4)([79]21,42,5)([80]1,62,5)([81]21,62,7)([82]54,2,2)([83]58,1,3)([84]83,55,1)([85]58,4,0)([86]62,72,3)(86)
optimized area: 143.38
time: 689017 ms
seed: 1634211688
{7,1,80,1,2,1,8}([7]0,2,4)([8]7,5,6)([9]3,6,3)([10]2,4,4)([11]9,10,5)([12]1,6,6)([13]10,1,3)([14]8,3,7)([15]4,12,7)([16]13,6,2)([17]14,1,7)([18]11,0,3)([19]15,17,2)([20]4,4,3)([21]16,14,2)([22]20,7,2)([23]19,5,3)([24]1,5,6)([25]17,21,6)([26]18,25,2)([27]21,22,7)([28]4,11,2)([29]23,27,4)([30]28,6,7)([31]26,3,7)([32]30,0,2)([33]15,3,2)([34]0,23,5)([35]33,18,3)([36]35,29,4)([37]36,13,4)([38]0,35,0)([39]14,11,2)([40]30,34,2)([41]7,30,7)([42]23,31,4)([43]30,39,3)([44]23,30,5)([45]9,20,7)([46]42,45,7)([47]18,4,3)([48]43,24,3)([49]23,1,2)([50]7,26,4)([51]37,18,3)([52]51,39,1)([53]22,27,2)([54]40,50,4)([55]31,33,0)([56]53,31,4)([57]29,10,5)([58]48,55,6)([59]36,9,2)([60]46,58,3)([61]11,32,2)([62]40,21,1)([63]41,8,4)([64]54,60,5)([65]33,6,5)([66]25,23,1)([67]13,53,0)([68]38,7,3)([69]51,61,2)([70]61,64,6)([71]18,26,7)([72]58,22,6)([73]68,11,6)([74]70,37,3)([75]25,41,5)([76]7,57,1)([77]47,17,6)([78]33,76,1)([79]74,58,4)([80]22,24,5)([81]7,11,7)([82]18,12,5)([83]1,4,3)([84]56,30,1)([85]60,4,1)([86]20,84,0)(79)
evaluations: 14915857
first invidual area: 146.18
{7,1,80,1,2,1,8}([7]2,0,4)([8]7,5,3)([9]6,3,3)([10]2,4,4)([11]9,10,5)([12]6,1,6)([13]10,1,3)([14]3,8,4)([15]4,12,7)([16]13,14,2)([17]1,14,7)([18]0,11,3)([19]15,17,2)([20]8,4,4)([21]16,6,2)([22]4,7,5)([23]19,5,6)([24]5,1,6)([25]21,17,6)([26]25,18,2)([27]21,22,4)([28]4,11,5)([29]23,27,4)([30]28,6,4)([31]3,26,7)([32]10,30,6)([33]15,27,2)([34]0,33,5)([35]33,18,3)([36]11,14,2)([37]24,27,4)([38]20,12,0)([39]9,14,6)([40]35,35,3)([41]4,4,2)([42]23,9,7)([43]30,36,3)([44]41,31,7)([45]7,26,4)([46]42,44,7)([47]2,11,2)([48]31,24,3)([49]37,45,0)([50]34,30,5)([51]50,45,7)([52]6,24,2)([53]21,19,2)([54]42,10,5)([55]38,50,4)([56]52,17,1)([57]13,40,5)([58]48,43,6)([59]24,48,3)([60]46,58,3)([61]20,49,0)([62]52,21,3)([63]61,25,0)([64]27,16,4)([65]16,43,1)([66]55,2,5)([67]54,35,0)([68]51,60,5)([69]62,40,2)([70]52,68,6)([71]60,53,4)([72]29,57,7)([73]58,28,0)([74]70,72,6)([75]49,37,5)([76]15,62,0)([77]64,39,5)([78]28,9,6)([79]73,74,7)([80]45,49,2)([81]7,12,6)([82]31,45,4)([83]1,32,6)([84]7,60,3)([85]77,69,6)([86]59,47,1)(79)
optimized area: 139.61
time: 696473 ms
seed: 1634308764
NOT FOUND
time: 527199 ms
seed: 1634349304
{7,1,80,1,2,1,8}([7]4,1,3)([8]1,3,2)([9]5,8,7)([10]2,5,4)([11]8,0,7)([12]7,10,4)([13]0,5,7)([14]9,4,2)([15]6,8,2)([16]5,12,7)([17]15,12,4)([18]14,14,5)([19]12,18,5)([20]11,3,7)([21]2,1,5)([22]11,20,5)([23]19,2,4)([24]6,11,3)([25]1,3,3)([26]6,11,2)([27]10,24,7)([28]19,7,6)([29]6,13,7)([30]22,21,3)([31]10,5,7)([32]3,7,4)([33]20,24,2)([34]32,18,0)([35]9,33,5)([36]3,13,6)([37]18,16,7)([38]24,28,3)([39]3,25,3)([40]35,38,2)([41]0,40,0)([42]39,27,5)([43]42,31,0)([44]23,24,7)([45]13,28,1)([46]6,14,3)([47]8,21,5)([48]41,28,2)([49]4,40,7)([50]19,44,5)([51]27,0,4)([52]3,1,4)([53]11,10,2)([54]51,29,5)([55]44,44,1)([56]18,2,2)([57]15,36,4)([58]46,32,2)([59]50,58,5)([60]21,34,5)([61]22,6,7)([62]44,30,4)([63]59,49,7)([64]54,57,3)([65]21,63,7)([66]42,61,3)([67]65,64,2)([68]19,27,2)([69]37,37,2)([70]45,2,5)([71]68,26,2)([72]58,60,7)([73]10,66,5)([74]55,27,1)([75]2,39,0)([76]66,53,0)([77]14,76,6)([78]12,34,1)([79]34,50,5)([80]76,47,5)([81]54,48,1)([82]39,37,1)([83]67,77,6)([84]20,46,2)([85]15,40,5)([86]48,56,6)(83)
evaluations: 17606832
first invidual area: 141.02
{7,1,80,1,2,1,8}([7]1,4,3)([8]3,1,2)([9]5,8,7)([10]2,5,4)([11]8,0,7)([12]11,7,0)([13]5,6,4)([14]4,9,2)([15]1,10,4)([16]13,0,4)([17]4,8,1)([18]17,17,1)([19]15,17,5)([20]1,3,3)([21]14,14,2)([22]2,1,5)([23]3,11,7)([24]6,11,3)([25]3,3,5)([26]9,8,0)([27]24,10,7)([28]3,7,4)([29]26,27,4)([30]19,11,1)([31]6,21,3)([32]23,2,6)([33]27,13,7)([34]33,9,0)([35]26,23,5)([36]34,27,7)([37]26,31,3)([38]24,30,3)([39]30,37,1)([40]38,35,5)([41]19,8,7)([42]20,27,5)([43]20,8,2)([44]3,23,5)([45]0,38,3)([46]38,0,2)([47]29,31,2)([48]32,47,3)([49]22,40,7)([50]35,23,5)([51]34,46,4)([52]44,6,7)([53]47,19,5)([54]33,16,5)([55]11,30,4)([56]21,7,3)([57]26,10,3)([58]31,28,2)([59]53,58,5)([60]37,18,2)([61]32,28,5)([62]9,45,2)([63]59,4,7)([64]54,48,3)([65]49,63,4)([66]4,39,1)([67]65,64,2)([68]29,48,4)([69]4,12,3)([70]7,56,1)([71]52,42,3)([72]10,37,1)([73]56,61,5)([74]54,38,5)([75]26,26,7)([76]65,55,6)([77]14,71,6)([78]19,43,6)([79]71,53,0)([80]35,35,7)([81]55,69,0)([82]39,61,2)([83]20,74,0)([84]77,67,6)([85]32,62,0)([86]44,85,1)(84)
optimized area: 127.42
time: 623192 ms
seed: 1634398198
NOT FOUND
time: 529202 ms
seed: 1634447209
{7,1,80,1,2,1,8}([7]5,1,4)([8]0,3,5)([9]2,6,6)([10]7,0,3)([11]2,10,5)([12]4,7,2)([13]10,9,2)([14]5,3,7)([15]2,5,7)([16]12,8,7)([17]8,1,4)([18]1,0,3)([19]16,18,5)([20]14,6,0)([21]1,19,7)([22]6,21,4)([23]14,17,2)([24]1,15,2)([25]15,22,6)([26]14,24,5)([27]23,13,7)([28]12,14,4)([29]12,8,5)([30]13,29,0)([31]7,30,0)([32]0,28,4)([33]4,11,2)([34]21,27,3)([35]32,25,4)([36]35,5,7)([37]35,16,5)([38]12,16,0)([39]34,24,4)([40]38,0,5)([41]40,28,0)([42]39,4,5)([43]27,42,2)([44]35,27,1)([45]5,19,5)([46]26,6,5)([47]40,33,2)([48]37,4,1)([49]12,6,3)([50]30,46,7)([51]48,49,4)([52]23,8,4)([53]33,34,7)([54]11,25,2)([55]15,52,6)([56]53,55,6)([57]8,44,3)([58]22,21,4)([59]10,41,2)([60]40,30,7)([61]8,13,5)([62]16,38,3)([63]52,48,4)([64]6,14,3)([65]48,61,3)([66]30,55,5)([67]60,47,7)([68]18,42,5)([69]30,56,4)([70]68,5,4)([71]5,62,3)([72]16,47,3)([73]50,71,2)([74]58,73,3)([75]70,35,6)([76]67,19,0)([77]17,7,5)([78]67,38,2)([79]63,9,2)([80]73,75,6)([81]49,24,7)([82]34,29,6)([83]26,5,0)([84]55,26,4)([85]69,80,4)([86]42,38,2)(85)
evaluations: 46640094
first invidual area: 137.29
{7,1,80,1,2,1,8}([7]5,1,4)([8]0,3,5)([9]6,2,6)([10]0,7,3)([11]2,10,5)([12]7,4,2)([13]10,9,2)([14]5,3,7)([15]2,5,7)([16]12,8,7)([17]8,1,4)([18]1,0,3)([19]16,18,5)([20]4,14,0)([21]1,19,7)([22]6,21,4)([23]14,17,2)([24]15,1,2)([25]15,22,6)([26]14,24,5)([27]23,13,7)([28]12,14,4)([29]1,17,5)([30]2,19,2)([31]21,10,7)([32]0,28,7)([33]4,11,5)([34]21,27,3)([35]32,25,7)([36]5,15,0)([37]19,17,0)([38]6,26,0)([39]27,24,4)([40]15,28,3)([41]15,5,2)([42]39,20,5)([43]37,14,7)([44]8,1,7)([45]8,24,1)([46]26,38,2)([47]31,30,7)([48]24,17,1)([49]24,8,3)([50]13,46,3)([51]49,46,0)([52]23,8,4)([53]33,34,4)([54]39,41,4)([55]15,52,6)([56]53,55,6)([57]19,11,2)([58]35,36,5)([59]45,40,5)([60]16,38,6)([61]31,59,1)([62]16,12,3)([63]14,34,4)([64]45,53,0)([65]11,31,7)([66]14,42,3)([67]22,0,2)([68]18,42,5)([69]13,56,4)([70]68,36,4)([71]5,62,3)([72]70,30,1)([73]50,71,2)([74]47,25,7)([75]70,35,6)([76]45,25,0)([77]35,65,1)([78]14,33,3)([79]68,61,2)([80]73,75,6)([81]49,16,2)([82]70,1,7)([83]5,25,4)([84]6,7,2)([85]69,80,4)([86]77,75,2)(85)
optimized area: 134.94
time: 535561 ms
seed: 1634507450
NOT FOUND
time: 529389 ms
seed: 1634606695
{7,1,80,1,2,1,8}([7]4,0,6)([8]3,5,3)([9]2,6,7)([10]3,5,2)([11]6,8,4)([12]1,1,0)([13]8,8,4)([14]3,1,4)([15]4,8,4)([16]6,0,7)([17]0,9,2)([18]16,9,1)([19]2,8,4)([20]17,14,2)([21]15,3,3)([22]11,21,7)([23]9,8,0)([24]10,23,0)([25]2,22,2)([26]24,25,6)([27]23,7,3)([28]3,20,2)([29]21,4,5)([30]15,21,0)([31]0,28,3)([32]2,18,6)([33]26,27,7)([34]9,30,2)([35]0,10,1)([36]34,32,7)([37]30,35,2)([38]21,19,3)([39]20,38,4)([40]33,17,7)([41]38,19,2)([42]19,9,0)([43]38,28,0)([44]42,19,0)([45]13,5,1)([46]40,36,2)([47]46,14,3)([48]5,7,2)([49]39,47,2)([50]49,25,0)([51]34,37,2)([52]17,37,4)([53]4,16,4)([54]49,36,6)([55]40,12,3)([56]53,1,4)([57]22,15,2)([58]10,38,3)([59]49,56,4)([60]19,29,7)([61]9,39,2)([62]60,49,4)([63]43,9,3)([64]13,44,5)([65]24,21,4)([66]7,23,2)([67]43,12,0)([68]38,40,1)([69]52,5,7)([70]37,50,1)([71]21,44,4)([72]30,32,4)([73]62,28,4)([74]26,71,5)([75]55,59,2)([76]22,37,5)([77]38,38,0)([78]43,66,0)([79]74,75,2)([80]68,21,7)([81]19,60,2)([82]69,79,4)([83]58,79,7)([84]7,1,1)([85]38,37,1)([86]23,16,0)(82)
evaluations: 41165216
first invidual area: 133.55
{7,1,80,1,2,1,8}([7]0,1,0)([8]5,3,3)([9]2,6,7)([10]7,5,0)([11]9,8,4)([12]3,5,2)([13]11,1,0)([14]3,1,4)([15]4,8,4)([16]9,4,0)([17]10,9,2)([18]7,11,1)([19]7,4,6)([20]18,10,7)([21]3,15,3)([22]11,21,7)([23]6,22,4)([24]9,9,3)([25]2,22,2)([26]25,12,6)([27]19,9,6)([28]6,0,4)([29]17,18,0)([30]21,23,6)([31]29,26,4)([32]2,28,6)([33]24,15,5)([34]31,20,0)([35]29,14,5)([36]33,32,4)([37]15,18,2)([38]14,33,4)([39]35,30,4)([40]31,27,7)([41]16,21,0)([42]32,25,2)([43]36,22,0)([44]1,40,3)([45]43,21,6)([46]40,43,2)([47]46,14,3)([48]39,0,1)([49]39,47,5)([50]26,35,1)([51]25,34,4)([52]17,37,6)([53]4,28,4)([54]53,47,2)([55]28,27,0)([56]53,1,7)([57]11,5,5)([58]48,22,7)([59]32,58,7)([60]56,49,7)([61]57,25,7)([62]49,16,3)([63]62,22,0)([64]29,31,7)([65]8,18,0)([66]30,55,3)([67]12,15,0)([68]35,42,5)([69]52,5,4)([70]60,18,3)([71]6,14,0)([72]29,44,0)([73]64,57,4)([74]26,23,5)([75]44,60,2)([76]23,62,1)([77]35,9,5)([78]1,45,3)([79]74,75,5)([80]35,19,6)([81]62,32,6)([82]69,79,7)([83]37,37,7)([84]8,29,2)([85]68,27,3)([86]42,50,4)(82)
optimized area: 123.23
time: 556401 ms
seed: 1635133586
{7,1,80,1,2,1,8}([7]1,0,7)([8]3,3,0)([9]1,4,6)([10]7,6,7)([11]6,0,2)([12]11,8,6)([13]11,8,0)([14]5,2,4)([15]0,8,5)([16]0,1,3)([17]2,9,3)([18]14,12,3)([19]17,4,4)([20]8,18,4)([21]10,1,5)([22]0,4,3)([23]19,21,5)([24]20,16,5)([25]9,23,6)([26]0,15,2)([27]14,6,7)([28]5,26,3)([29]3,7,5)([30]26,13,4)([31]23,17,6)([32]22,27,4)([33]31,10,4)([34]27,8,4)([35]19,15,2)([36]22,5,0)([37]23,8,1)([38]1,12,6)([39]35,5,5)([40]24,0,7)([41]27,4,7)([42]28,0,4)([43]33,34,7)([44]30,6,0)([45]2,42,2)([46]12,39,6)([47]1,0,2)([48]7,41,2)([49]46,21,7)([50]31,22,3)([51]26,48,3)([52]45,10,2)([53]43,19,6)([54]26,29,7)([55]49,42,4)([56]9,30,4)([57]33,49,3)([58]51,57,4)([59]34,33,4)([60]40,35,7)([61]34,23,4)([62]16,43,6)([63]43,18,2)([64]23,38,4)([65]9,4,0)([66]59,60,6)([67]36,57,0)([68]58,66,4)([69]68,24,7)([70]53,52,2)([71]32,69,7)([72]60,15,3)([73]70,68,7)([74]49,46,2)([75]4,1,4)([76]35,46,6)([77]28,37,3)([78]47,11,0)([79]74,6,2)([80]45,76,3)([81]56,42,2)([82]45,35,0)([83]38,49,4)([84]32,62,3)([85]78,81,7)([86]76,36,6)(73)
evaluations: 35982775
first invidual area: 138.23
{7,1,80,1,2,1,8}([7]1,0,7)([8]6,0,2)([9]4,1,6)([10]6,7,7)([11]2,9,3)([12]8,3,6)([13]5,5,0)([14]2,13,4)([15]0,3,5)([16]0,1,3)([17]14,12,6)([18]3,14,4)([19]11,4,4)([20]3,17,7)([21]10,1,5)([22]18,5,7)([23]19,21,5)([24]20,16,5)([25]5,8,7)([26]15,0,2)([27]14,6,7)([28]19,5,3)([29]19,7,7)([30]19,20,6)([31]23,11,3)([32]31,30,3)([33]10,31,7)([34]27,3,4)([35]19,15,2)([36]16,18,1)([37]35,0,7)([38]4,4,3)([39]35,13,5)([40]18,25,6)([41]38,27,7)([42]37,28,7)([43]18,18,6)([44]6,8,6)([45]33,26,0)([46]40,29,1)([47]33,21,0)([48]7,41,2)([49]42,47,2)([50]12,39,6)([51]26,48,6)([52]49,4,2)([53]34,26,6)([54]42,13,4)([55]3,45,0)([56]43,39,5)([57]45,50,6)([58]51,57,4)([59]34,47,4)([60]37,24,7)([61]8,1,1)([62]51,41,6)([63]51,51,7)([64]60,47,1)([65]62,39,7)([66]59,60,3)([67]0,36,7)([68]58,66,4)([69]21,44,7)([70]53,52,5)([71]0,50,0)([72]68,70,7)([73]68,8,5)([74]60,16,3)([75]6,20,2)([76]37,24,5)([77]50,65,7)([78]1,10,2)([79]0,41,2)([80]18,59,1)([81]80,66,4)([82]38,9,1)([83]78,44,5)([84]67,34,0)([85]8,14,2)([86]73,17,3)(72)
optimized area: 128.38
time: 560655 ms
seed: 1635182759
NOT FOUND
time: 532607 ms
seed: 1635318086
NOT FOUND
time: 1025638 ms
seed: 1635475817
{7,1,80,1,2,1,8}([7]1,5,7)([8]0,4,4)([9]2,0,5)([10]3,0,3)([11]10,5,6)([12]8,9,2)([13]5,10,5)([14]10,12,5)([15]7,11,7)([16]2,13,7)([17]1,16,4)([18]17,8,2)([19]0,14,3)([20]7,2,5)([21]15,12,3)([22]21,4,4)([23]3,16,4)([24]16,6,2)([25]24,22,6)([26]14,4,5)([27]20,12,7)([28]4,23,2)([29]4,7,7)([30]28,13,6)([31]5,9,4)([32]5,26,2)([33]27,3,2)([34]6,28,4)([35]30,34,2)([36]31,34,7)([37]17,27,6)([38]12,36,4)([39]27,26,7)([40]0,25,4)([41]33,20,4)([42]37,24,6)([43]10,41,5)([44]18,36,3)([45]15,30,4)([46]30,43,7)([47]44,42,5)([48]12,21,1)([49]8,41,3)([50]35,39,3)([51]29,50,2)([52]45,42,7)([53]3,47,7)([54]45,17,4)([55]52,8,1)([56]54,34,7)([57]40,51,4)([58]45,40,2)([59]12,0,2)([60]43,11,1)([61]38,18,3)([62]15,37,1)([63]45,25,2)([64]53,52,3)([65]2,31,6)([66]21,38,6)([67]2,50,2)([68]57,64,2)([69]12,3,4)([70]48,5,4)([71]6,56,2)([72]24,4,5)([73]46,56,2)([74]30,69,5)([75]33,40,7)([76]68,14,0)([77]53,17,3)([78]70,18,5)([79]73,68,6)([80]31,7,7)([81]59,6,5)([82]11,40,4)([83]20,41,2)([84]55,81,0)([85]53,14,6)([86]60,19,1)(79)
evaluations: 38912341
first invidual area: 163.07
{7,1,80,1,2,1,8}([7]5,1,7)([8]4,0,4)([9]2,0,5)([10]3,0,3)([11]10,5,3)([12]8,9,2)([13]10,5,5)([14]8,3,5)([15]11,7,4)([16]2,13,7)([17]1,16,4)([18]16,9,3)([19]4,14,5)([20]7,2,5)([21]15,12,6)([22]4,21,7)([23]16,3,4)([24]16,6,2)([25]24,22,6)([26]13,19,6)([27]12,20,7)([28]4,23,2)([29]4,7,7)([30]28,13,6)([31]9,5,7)([32]8,25,2)([33]27,3,5)([34]6,28,4)([35]30,6,2)([36]31,34,4)([37]17,27,6)([38]27,21,4)([39]27,19,7)([40]0,25,4)([41]33,20,7)([42]37,24,6)([43]10,41,5)([44]32,36,3)([45]15,30,4)([46]30,43,7)([47]44,42,5)([48]39,26,0)([49]46,3,6)([50]35,39,3)([51]29,50,5)([52]45,42,7)([53]2,38,6)([54]43,2,7)([55]29,1,5)([56]54,34,4)([57]40,51,7)([58]0,11,6)([59]56,44,7)([60]57,32,5)([61]47,3,7)([62]23,7,2)([63]57,45,1)([64]52,61,3)([65]9,17,1)([66]54,2,3)([67]9,41,7)([68]57,64,2)([69]64,48,6)([70]51,30,7)([71]46,43,7)([72]26,68,2)([73]46,56,2)([74]72,0,4)([75]40,59,1)([76]44,2,6)([77]4,24,6)([78]2,70,1)([79]73,68,6)([80]65,67,7)([81]72,9,3)([82]78,9,7)([83]29,39,7)([84]53,34,5)([85]61,25,2)([86]62,58,2)(79)
optimized area: 162.13
time: 1131218 ms
seed: 1635613933
{7,1,80,1,2,1,8}([7]3,0,7)([8]5,4,4)([9]4,7,4)([10]6,0,7)([11]1,7,6)([12]10,4,7)([13]6,2,6)([14]9,2,7)([15]1,13,3)([16]9,12,1)([17]15,7,2)([18]0,17,6)([19]6,14,1)([20]8,13,6)([21]0,1,6)([22]8,18,4)([23]20,4,0)([24]11,22,4)([25]23,2,7)([26]2,8,3)([27]1,8,6)([28]27,26,4)([29]22,11,3)([30]8,18,3)([31]2,15,1)([32]30,12,7)([33]28,29,7)([34]16,0,2)([35]29,3,4)([36]21,34,7)([37]10,3,1)([38]11,13,6)([39]14,24,5)([40]17,35,0)([41]32,39,5)([42]2,41,7)([43]28,36,2)([44]3,37,0)([45]32,33,4)([46]35,1,4)([47]22,41,5)([48]43,19,2)([49]40,31,2)([50]16,22,4)([51]49,38,0)([52]8,3,3)([53]20,48,6)([54]43,43,3)([55]37,42,7)([56]51,46,4)([57]56,53,3)([58]7,8,7)([59]54,27,4)([60]24,4,6)([61]52,45,4)([62]49,20,2)([63]48,39,0)([64]59,61,6)([65]39,26,1)([66]0,44,4)([67]28,12,1)([68]31,49,4)([69]27,44,5)([70]8,69,7)([71]53,68,0)([72]27,0,3)([73]39,37,7)([74]54,34,2)([75]62,7,7)([76]42,64,3)([77]57,76,2)([78]73,14,3)([79]48,59,5)([80]54,75,5)([81]68,76,5)([82]0,31,5)([83]51,71,4)([84]6,60,7)([85]8,5,5)([86]22,56,3)(77)
evaluations: 29396116
first invidual area: 146.19
{7,1,80,1,2,1,8}([7]3,0,7)([8]4,5,4)([9]4,7,4)([10]9,0,1)([11]7,1,3)([12]6,4,4)([13]2,6,6)([14]2,9,7)([15]1,13,3)([16]0,12,7)([17]7,15,2)([18]0,17,6)([19]8,2,3)([20]8,13,6)([21]0,1,6)([22]18,8,4)([23]0,15,0)([24]11,22,7)([25]10,0,2)([26]24,14,5)([27]11,8,6)([28]6,6,1)([29]22,24,3)([30]18,8,3)([31]2,12,1)([32]30,16,4)([33]8,32,7)([34]2,22,0)([35]29,1,7)([36]21,25,6)([37]3,35,7)([38]6,11,5)([39]6,23,1)([40]30,1,6)([41]32,26,5)([42]34,2,7)([43]19,36,2)([44]8,3,3)([45]24,5,6)([46]6,25,7)([47]16,4,0)([48]39,43,2)([49]17,31,5)([50]17,24,1)([51]21,29,3)([52]34,6,2)([53]20,48,6)([54]0,16,1)([55]29,33,4)([56]49,37,7)([57]28,32,3)([58]49,51,2)([59]40,43,3)([60]31,51,2)([61]44,55,5)([62]21,37,3)([63]40,4,5)([64]59,61,6)([65]42,40,3)([66]38,35,7)([67]7,11,5)([68]25,55,5)([69]48,68,1)([70]48,1,7)([71]3,51,2)([72]21,70,6)([73]65,1,3)([74]34,19,0)([75]74,41,7)([76]75,64,3)([77]56,53,3)([78]25,74,7)([79]23,50,0)([80]37,72,6)([81]34,2,5)([82]26,5,0)([83]56,16,1)([84]76,77,2)([85]19,33,5)([86]48,70,7)(84)
optimized area: 133.51
time: 1188854 ms
seed: 1635661584
{7,1,80,1,2,1,8}([7]2,0,5)([8]7,5,4)([9]1,8,4)([10]2,9,3)([11]6,10,4)([12]2,3,4)([13]4,7,4)([14]6,8,4)([15]5,3,6)([16]1,0,7)([17]15,9,7)([18]14,9,6)([19]3,13,4)([20]11,4,5)([21]19,11,6)([22]6,17,6)([23]19,14,3)([24]0,20,2)([25]5,14,0)([26]20,10,2)([27]22,20,4)([28]3,8,7)([29]24,3,3)([30]13,17,2)([31]12,9,2)([32]31,29,5)([33]27,23,5)([34]30,3,6)([35]25,1,7)([36]18,29,7)([37]7,2,6)([38]21,22,4)([39]6,21,1)([40]38,36,7)([41]1,28,3)([42]30,0,7)([43]31,29,2)([44]32,20,4)([45]34,35,3)([46]31,33,0)([47]42,2,5)([48]10,8,4)([49]44,16,3)([50]6,1,5)([51]37,8,0)([52]8,3,6)([53]2,49,4)([54]49,42,2)([55]54,25,4)([56]47,41,3)([57]4,3,0)([58]33,19,4)([59]39,57,6)([60]40,47,2)([61]39,47,0)([62]16,50,5)([63]23,11,6)([64]46,31,6)([65]15,25,5)([66]0,5,5)([67]60,62,5)([68]15,42,0)([69]56,27,7)([70]20,41,0)([71]10,66,5)([72]55,67,3)([73]57,6,7)([74]37,59,7)([75]49,27,7)([76]58,69,2)([77]56,19,7)([78]54,21,5)([79]0,59,7)([80]49,56,1)([81]78,72,5)([82]71,53,3)([83]76,81,4)([84]72,25,6)([85]26,13,5)([86]81,41,5)(83)
evaluations: 15370679
first invidual area: 152.28
{7,1,80,1,2,1,8}([7]2,0,5)([8]5,7,4)([9]8,1,4)([10]9,2,6)([11]10,6,7)([12]1,6,5)([13]4,7,4)([14]6,8,4)([15]5,3,3)([16]1,0,7)([17]9,15,4)([18]10,11,0)([19]3,13,4)([20]4,11,5)([21]11,19,6)([22]6,17,6)([23]14,19,3)([24]20,0,2)([25]2,10,6)([26]14,7,0)([27]22,20,4)([28]14,25,6)([29]24,3,6)([30]13,17,5)([31]12,16,5)([32]27,24,3)([33]22,9,6)([34]11,13,5)([35]3,8,7)([36]28,29,7)([37]7,34,3)([38]36,22,4)([39]3,25,5)([40]14,25,1)([41]38,21,4)([42]30,0,4)([43]39,20,5)([44]10,0,1)([45]1,35,3)([46]27,12,0)([47]42,2,5)([48]38,23,2)([49]5,1,1)([50]47,13,0)([51]9,37,0)([52]43,16,3)([53]8,37,1)([54]52,42,2)([55]54,5,4)([56]45,47,6)([57]23,46,5)([58]19,57,4)([59]30,50,7)([60]41,50,2)([61]7,11,5)([62]20,34,4)([63]56,2,3)([64]41,12,1)([65]46,15,3)([66]11,41,7)([67]31,60,5)([68]32,5,0)([69]56,46,4)([70]39,68,2)([71]0,35,4)([72]55,67,3)([73]65,29,5)([74]29,16,6)([75]27,50,5)([76]69,58,5)([77]15,8,2)([78]21,54,5)([79]15,65,2)([80]15,47,2)([81]78,72,5)([82]76,12,3)([83]4,78,3)([84]81,76,7)([85]36,83,5)([86]13,55,1)(84)
optimized area: 143.83
time: 1370418 ms
seed: 1635709424
NOT FOUND
time: 1063288 ms
seed: 1635756690
NOT FOUND
time: 1066529 ms
seed: 1635803639
NOT FOUND
time: 1062311 ms
seed: 1635846840
NOT FOUND
time: 1055655 ms
seed: 1635888849
NOT FOUND
time: 1060958 ms
seed: 1635925006
NOT FOUND
time: 1070649 ms
seed: 1635961286
{7,1,80,1,2,1,8}([7]5,2,4)([8]4,7,6)([9]3,8,4)([10]5,1,5)([11]2,4,4)([12]3,1,4)([13]7,12,3)([14]11,13,3)([15]6,9,7)([16]1,14,7)([17]15,14,2)([18]11,9,4)([19]13,7,4)([20]19,15,4)([21]0,9,3)([22]21,20,4)([23]16,6,6)([24]0,18,2)([25]24,5,4)([26]25,1,2)([27]1,19,7)([28]25,4,7)([29]18,27,6)([30]17,21,1)([31]2,24,3)([32]8,4,6)([33]6,2,2)([34]0,30,1)([35]22,8,6)([36]3,23,7)([37]32,23,7)([38]28,29,3)([39]30,19,1)([40]20,26,7)([41]32,37,1)([42]33,26,3)([43]23,35,3)([44]2,32,6)([45]21,42,5)([46]22,17,5)([47]26,8,0)([48]42,29,7)([49]35,14,0)([50]3,11,5)([51]43,34,4)([52]11,38,7)([53]44,44,4)([54]6,36,7)([55]17,38,7)([56]51,40,2)([57]29,56,2)([58]57,37,2)([59]58,21,4)([60]21,55,2)([61]60,59,7)([62]51,44,6)([63]45,62,5)([64]10,8,3)([65]3,61,6)([66]24,61,4)([67]28,10,2)([68]22,15,1)([69]63,68,5)([70]26,49,1)([71]3,65,0)([72]58,24,1)([73]47,61,6)([74]2,37,4)([75]0,19,4)([76]69,8,6)([77]33,75,6)([78]75,64,7)([79]66,61,1)([80]25,6,6)([81]63,61,4)([82]10,19,7)([83]41,50,7)([84]6,49,5)([85]1,31,4)([86]11,0,2)(81)
evaluations: 30411923
first invidual area: 148.08
{7,1,80,1,2,1,8}([7]5,2,4)([8]4,7,6)([9]3,8,4)([10]1,3,4)([11]2,4,4)([12]1,5,0)([13]7,10,3)([14]11,13,3)([15]6,9,7)([16]14,12,7)([17]12,5,0)([18]9,11,4)([19]7,13,4)([20]19,15,4)([21]0,9,3)([22]19,17,7)([23]16,6,6)([24]0,18,5)([25]5,24,7)([26]25,12,2)([27]21,20,4)([28]25,4,7)([29]18,22,6)([30]6,2,2)([31]20,25,7)([32]8,4,6)([33]32,23,7)([34]18,9,0)([35]9,6,2)([36]32,13,6)([37]32,23,6)([38]21,34,0)([39]36,38,4)([40]33,2,2)([41]27,8,6)([42]30,26,3)([43]41,23,3)([44]2,32,6)([45]42,21,5)([46]14,15,5)([47]10,17,1)([48]37,32,1)([49]15,27,3)([50]11,20,4)([51]0,43,7)([52]3,32,5)([53]28,29,3)([54]25,8,1)([55]46,53,7)([56]51,31,2)([57]29,56,2)([58]57,37,5)([59]35,46,2)([60]38,55,5)([61]60,58,7)([62]51,44,6)([63]45,62,5)([64]5,37,1)([65]9,31,4)([66]1,15,6)([67]62,42,3)([68]17,1,5)([69]29,46,4)([70]68,18,2)([71]63,61,4)([72]71,9,1)([73]48,23,2)([74]30,49,6)([75]29,9,1)([76]7,57,4)([77]33,49,7)([78]13,16,5)([79]71,23,7)([80]45,10,3)([81]40,0,2)([82]44,49,4)([83]44,56,0)([84]64,61,4)([85]77,79,4)([86]46,71,3)(71)
optimized area: 137.76
time: 1219451 ms
seed: 1635997085
{7,1,80,1,2,1,8}([7]0,5,5)([8]2,3,7)([9]0,6,7)([10]0,9,5)([11]3,7,7)([12]11,10,7)([13]1,11,3)([14]4,3,0)([15]3,9,7)([16]10,1,2)([17]14,13,2)([18]0,16,3)([19]18,4,5)([20]18,8,5)([21]16,5,1)([22]21,15,6)([23]17,20,7)([24]5,9,0)([25]14,8,2)([26]0,2,5)([27]9,8,6)([28]19,4,1)([29]23,22,4)([30]19,25,0)([31]12,18,2)([32]23,30,6)([33]12,28,3)([34]0,12,6)([35]16,25,7)([36]13,19,4)([37]30,18,0)([38]4,25,4)([39]33,26,7)([40]23,9,3)([41]6,10,2)([42]0,29,4)([43]33,4,2)([44]7,42,5)([45]3,39,7)([46]29,26,2)([47]39,26,4)([48]29,25,3)([49]3,44,2)([50]23,38,6)([51]18,25,7)([52]41,45,6)([53]35,15,5)([54]36,39,5)([55]26,44,1)([56]33,23,4)([57]54,5,7)([58]49,50,7)([59]18,45,7)([60]41,48,7)([61]10,50,5)([62]4,29,3)([63]35,32,0)([64]61,53,7)([65]13,17,0)([66]64,57,2)([67]58,66,5)([68]23,66,7)([69]56,47,2)([70]55,21,0)([71]38,36,1)([72]64,27,3)([73]26,55,4)([74]69,55,6)([75]67,36,7)([76]67,48,4)([77]44,37,7)([78]20,29,1)([79]76,12,4)([80]3,58,6)([81]29,68,3)([82]30,75,1)([83]79,49,7)([84]22,27,6)([85]27,65,4)([86]0,3,3)(79)
evaluations: 16612756
first invidual area: 126.97
{7,1,80,1,2,1,8}([7]4,4,0)([8]2,3,7)([9]5,0,5)([10]0,6,5)([11]9,3,7)([12]6,3,7)([13]11,1,3)([14]0,0,0)([15]0,12,7)([16]1,10,5)([17]13,4,5)([18]10,13,5)([19]15,14,5)([20]1,14,3)([21]11,10,4)([22]8,20,5)([23]22,17,4)([24]15,16,6)([25]7,8,2)([26]11,19,0)([27]16,0,7)([28]16,4,5)([29]24,23,4)([30]15,7,5)([31]17,13,5)([32]25,16,4)([33]7,9,1)([34]10,27,0)([35]20,5,3)([36]25,28,6)([37]1,33,7)([38]36,5,1)([39]28,19,2)([40]0,29,3)([41]24,8,0)([42]3,34,3)([43]38,28,3)([44]40,0,6)([45]9,40,5)([46]32,15,5)([47]39,31,5)([48]29,25,3)([49]3,45,5)([50]23,36,6)([51]20,16,6)([52]41,28,1)([53]34,34,5)([54]51,10,4)([55]2,53,1)([56]11,40,6)([57]47,5,7)([58]14,31,1)([59]18,19,6)([60]53,52,1)([61]50,34,5)([62]30,26,1)([63]50,49,4)([64]61,46,7)([65]52,20,6)([66]64,57,2)([67]55,36,4)([68]6,10,4)([69]56,30,4)([70]16,22,7)([71]63,66,5)([72]39,19,1)([73]23,59,3)([74]67,8,5)([75]17,23,3)([76]48,71,4)([77]68,46,3)([78]3,75,2)([79]69,57,7)([80]65,0,0)([81]76,21,7)([82]65,80,7)([83]59,71,1)([84]40,62,5)([85]4,31,0)([86]8,7,3)(81)
optimized area: 110.55
time: 1262812 ms
seed: 1636031681
NOT FOUND
time: 1072887 ms
seed: 1636065672
{7,1,80,1,2,1,8}([7]6,3,7)([8]4,2,7)([9]6,0,2)([10]1,1,5)([11]1,9,4)([12]10,3,2)([13]5,9,7)([14]6,5,7)([15]10,2,3)([16]12,13,4)([17]3,16,5)([18]17,2,6)([19]11,16,6)([20]6,1,6)([21]8,16,6)([22]15,0,3)([23]21,20,7)([24]18,0,7)([25]17,21,6)([26]4,19,7)([27]12,11,7)([28]14,2,7)([29]2,26,7)([30]29,0,7)([31]25,27,4)([32]0,31,6)([33]15,7,4)([34]7,10,6)([35]10,30,6)([36]24,23,5)([37]2,9,5)([38]30,8,4)([39]1,10,7)([40]18,8,4)([41]36,15,4)([42]41,30,6)([43]7,35,2)([44]21,31,1)([45]12,6,7)([46]42,18,7)([47]3,11,4)([48]38,20,2)([49]33,3,5)([50]44,40,0)([51]36,28,4)([52]37,20,1)([53]22,47,4)([54]53,42,7)([55]54,8,0)([56]34,50,6)([57]8,49,4)([58]15,55,7)([59]43,51,3)([60]0,22,0)([61]57,55,6)([62]16,57,4)([63]32,26,4)([64]36,50,7)([65]63,61,2)([66]18,1,4)([67]33,35,6)([68]38,36,7)([69]34,66,0)([70]50,55,4)([71]65,59,7)([72]47,40,1)([73]50,36,7)([74]11,50,3)([75]59,47,0)([76]71,65,7)([77]14,63,3)([78]42,16,4)([79]50,62,1)([80]74,42,7)([81]78,40,2)([82]44,26,1)([83]48,62,1)([84]81,25,3)([85]4,67,2)([86]13,77,0)(71)
evaluations: 24460679
first invidual area: 152.79
{7,1,80,1,2,1,8}([7]3,5,0)([8]2,4,7)([9]0,6,2)([10]1,0,1)([11]9,10,7)([12]10,3,5)([13]12,5,4)([14]1,6,3)([15]2,10,3)([16]9,13,4)([17]16,7,5)([18]17,2,6)([19]16,8,3)([20]7,6,5)([21]18,0,7)([22]15,0,6)([23]6,5,7)([24]10,13,7)([25]16,11,3)([26]4,25,4)([27]22,4,5)([28]23,5,4)([29]0,26,4)([30]2,29,4)([31]14,19,7)([32]4,23,6)([33]6,15,4)([34]19,20,4)([35]10,30,6)([36]21,31,5)([37]3,11,4)([38]33,7,5)([39]3,11,0)([40]0,5,4)([41]39,6,7)([42]4,31,4)([43]40,23,3)([44]43,42,2)([45]35,41,2)([46]15,36,4)([47]37,22,6)([48]43,47,0)([49]46,30,6)([50]2,23,4)([51]36,50,7)([52]51,48,5)([53]51,47,2)([54]47,49,7)([55]36,36,6)([56]48,10,1)([57]8,38,4)([58]14,13,6)([59]45,51,6)([60]29,33,7)([61]57,54,6)([62]38,33,7)([63]53,26,3)([64]15,22,0)([65]63,61,5)([66]25,26,4)([67]35,44,2)([68]30,63,1)([69]9,12,2)([70]41,46,2)([71]65,59,7)([72]44,8,3)([73]39,55,1)([74]53,12,3)([75]12,60,1)([76]55,34,7)([77]46,7,3)([78]50,36,1)([79]5,38,3)([80]12,49,7)([81]29,23,6)([82]13,23,4)([83]34,58,6)([84]75,68,4)([85]74,58,7)([86]8,78,0)(71)
optimized area: 134.96
time: 1249223 ms
seed: 1636098716
NOT FOUND
time: 1068027 ms
seed: 1636131432
NOT FOUND
time: 1068506 ms
seed: 1636163792
{7,1,80,1,2,1,8}([7]0,2,0)([8]3,4,7)([9]1,7,4)([10]7,3,5)([11]5,5,5)([12]2,4,2)([13]2,9,2)([14]8,0,6)([15]13,4,7)([16]14,1,4)([17]9,4,5)([18]7,11,5)([19]5,17,3)([20]19,16,4)([21]15,11,6)([22]14,16,0)([23]2,6,7)([24]17,21,2)([25]12,23,4)([26]23,18,7)([27]8,25,3)([28]26,27,1)([29]2,27,4)([30]19,23,7)([31]11,21,3)([32]10,23,0)([33]30,23,6)([34]23,25,4)([35]20,27,6)([36]23,8,0)([37]20,34,3)([38]35,12,5)([39]31,10,2)([40]12,39,3)([41]21,30,6)([42]3,21,7)([43]32,36,0)([44]21,34,2)([45]29,33,1)([46]41,37,2)([47]24,36,2)([48]34,24,6)([49]14,26,4)([50]47,29,7)([51]46,32,2)([52]51,13,2)([53]5,0,4)([54]22,44,6)([55]50,20,3)([56]40,55,6)([57]56,38,4)([58]25,29,7)([59]54,52,4)([60]57,51,4)([61]54,20,1)([62]8,32,0)([63]34,54,5)([64]24,38,7)([65]33,29,7)([66]31,55,5)([67]54,16,4)([68]26,59,2)([69]55,18,1)([70]45,42,6)([71]52,65,1)([72]60,68,7)([73]53,4,7)([74]34,60,1)([75]35,46,7)([76]18,74,6)([77]21,31,7)([78]24,59,2)([79]16,28,4)([80]69,18,5)([81]71,52,1)([82]13,25,2)([83]75,25,0)([84]2,35,3)([85]44,50,2)([86]69,80,1)(72)
evaluations: 18389686
first invidual area: 135.87
{7,1,80,1,2,1,8}([7]6,5,1)([8]4,3,7)([9]0,1,4)([10]3,0,5)([11]5,9,1)([12]2,4,2)([13]9,2,2)([14]8,0,6)([15]13,4,7)([16]1,14,7)([17]9,4,5)([18]11,0,5)([19]17,5,3)([20]19,16,7)([21]15,11,6)([22]21,12,2)([23]6,2,7)([24]18,23,7)([25]23,12,4)([26]22,22,2)([27]25,8,3)([28]23,19,7)([29]15,5,5)([30]27,2,4)([31]21,8,4)([32]17,14,0)([33]28,21,6)([34]20,27,6)([35]33,31,4)([36]20,12,3)([37]1,5,2)([38]5,32,5)([39]29,10,2)([40]33,19,5)([41]18,19,0)([42]36,34,2)([43]15,42,5)([44]25,42,5)([45]20,24,7)([46]10,36,2)([47]14,22,6)([48]20,39,3)([49]24,21,5)([50]41,9,4)([51]46,33,2)([52]51,13,5)([53]30,49,5)([54]27,29,1)([55]54,28,7)([56]48,53,6)([57]42,56,6)([58]17,34,6)([59]48,10,2)([60]57,51,4)([61]60,50,2)([62]42,43,4)([63]28,37,0)([64]47,52,7)([65]6,48,0)([66]7,7,4)([67]3,10,1)([68]24,64,5)([69]60,68,4)([70]27,43,1)([71]58,25,6)([72]43,17,1)([73]65,65,4)([74]16,57,0)([75]22,61,3)([76]47,22,0)([77]76,75,3)([78]33,31,2)([79]51,23,7)([80]43,38,0)([81]25,26,7)([82]23,22,4)([83]8,77,3)([84]68,30,0)([85]61,30,2)([86]29,41,4)(69)
optimized area: 119.45
time: 1258924 ms
