seed: 1633854653
{7,1,80,1,2,1,8}([7]1,4,3)([8]4,6,5)([9]6,2,4)([10]4,9,4)([11]1,7,1)([12]2,5,5)([13]0,5,4)([14]12,10,3)([15]9,6,5)([16]6,3,6)([17]3,0,6)([18]5,4,5)([19]17,5,2)([20]1,10,6)([21]10,13,3)([22]14,0,5)([23]22,12,4)([24]1,23,2)([25]1,8,4)([26]3,24,3)([27]16,14,7)([28]11,4,4)([29]27,2,7)([30]29,28,3)([31]15,26,3)([32]27,24,1)([33]9,21,3)([34]11,13,4)([35]21,14,4)([36]17,7,6)([37]26,23,2)([38]34,31,7)([39]38,17,7)([40]7,20,3)([41]25,16,6)([42]10,16,3)([43]30,26,5)([44]11,38,0)([45]18,25,2)([46]28,6,6)([47]20,8,5)([48]35,8,5)([49]34,40,3)([50]23,0,4)([51]14,21,3)([52]24,41,7)([53]17,34,6)([54]32,45,6)([55]2,44,3)([56]54,6,4)([57]42,50,4)([58]57,49,2)([59]53,25,5)([60]52,27,7)([61]14,45,6)([62]43,50,4)([63]32,49,7)([64]30,39,7)([65]22,46,3)([66]46,48,2)([67]58,27,1)([68]13,4,2)([69]62,66,3)([70]37,16,2)([71]28,70,6)([72]17,30,1)([73]45,11,5)([74]48,23,4)([75]64,60,6)([76]75,58,5)([77]32,74,5)([78]62,10,2)([79]3,51,3)([80]76,69,7)([81]21,14,6)([82]65,81,5)([83]22,6,2)([84]56,80,4)([85]50,61,3)([86]78,6,7)(84)
evaluations: 39791007
first invidual area: 165.39
{7,1,80,1,2,1,8}([7]6,2,7)([8]2,2,5)([9]5,4,3)([10]7,4,7)([11]1,6,1)([12]2,5,5)([13]5,0,4)([14]12,10,3)([15]2,7,1)([16]3,6,6)([17]13,2,4)([18]5,4,5)([19]16,15,4)([20]0,12,0)([21]2,2,4)([22]20,14,5)([23]12,22,4)([24]1,23,2)([25]15,1,2)([26]3,24,3)([27]16,14,7)([28]1,4,7)([29]27,2,7)([30]29,28,3)([31]20,1,6)([32]5,8,1)([33]18,8,7)([34]11,13,4)([35]8,17,3)([36]34,10,3)([37]3,13,6)([38]21,31,7)([39]3,32,6)([40]18,11,2)([41]25,27,6)([42]10,27,6)([43]30,26,5)([44]23,41,4)([45]4,11,3)([46]6,28,6)([47]42,35,1)([48]41,24,7)([49]34,37,3)([50]23,20,4)([51]47,1,4)([52]3,48,5)([53]27,42,1)([54]53,40,6)([55]54,23,2)([56]54,6,7)([57]42,50,6)([58]57,49,2)([59]33,41,6)([60]30,19,4)([61]39,20,3)([62]43,50,4)([63]57,49,1)([64]30,39,7)([65]34,60,0)([66]46,36,2)([67]34,39,3)([68]17,30,2)([69]62,66,3)([70]8,34,1)([71]8,63,4)([72]13,39,3)([73]51,72,2)([74]38,73,1)([75]64,48,6)([76]75,58,5)([77]20,53,0)([78]3,36,1)([79]47,9,6)([80]76,69,4)([81]45,11,0)([82]78,23,2)([83]32,71,3)([84]56,80,4)([85]39,17,6)([86]26,2,3)(84)
optimized area: 132.10
time: 566321 ms
seed: 1633941463
NOT FOUND
time: 531807 ms
seed: 1633969241
NOT FOUND
time: 526782 ms
seed: 1633992138
NOT FOUND
time: 526177 ms
seed: 1634041051
{7,1,80,1,2,1,8}([7]1,3,3)([8]6,4,7)([9]0,6,3)([10]1,6,4)([11]6,0,2)([12]5,10,3)([13]7,2,7)([14]6,7,6)([15]0,2,4)([16]0,5,0)([17]7,16,5)([18]15,5,2)([19]10,5,7)([20]11,10,0)([21]9,5,7)([22]18,1,4)([23]21,22,1)([24]1,9,6)([25]0,2,4)([26]3,21,4)([27]13,22,7)([28]8,3,5)([29]17,22,3)([30]8,1,6)([31]29,28,7)([32]11,28,5)([33]29,3,7)([34]14,25,2)([35]10,16,4)([36]19,32,4)([37]31,15,1)([38]12,10,4)([39]32,13,4)([40]32,20,4)([41]6,7,7)([42]33,4,7)([43]10,1,3)([44]31,19,5)([45]13,11,1)([46]43,33,6)([47]41,18,6)([48]38,5,0)([49]36,5,0)([50]13,26,7)([51]10,11,7)([52]8,8,0)([53]1,49,6)([54]16,48,6)([55]5,43,7)([56]3,52,1)([57]42,27,6)([58]14,37,7)([59]35,12,6)([60]4,19,4)([61]1,7,2)([62]15,35,2)([63]57,12,4)([64]37,13,6)([65]3,39,5)([66]0,12,2)([67]26,37,5)([68]0,37,7)([69]5,57,3)([70]67,50,5)([71]43,52,7)([72]70,41,6)([73]63,39,5)([74]69,73,5)([75]61,63,5)([76]25,72,4)([77]72,76,4)([78]58,36,3)([79]25,3,1)([80]72,20,0)([81]51,32,7)([82]73,60,7)([83]78,82,2)([84]8,30,6)([85]83,72,6)([86]40,44,1)(85)
evaluations: 12008562
first invidual area: 134.50
{7,1,80,1,2,1,8}([7]3,1,3)([8]0,2,4)([9]0,5,3)([10]5,8,5)([11]4,3,7)([12]5,3,4)([13]6,1,4)([14]7,11,0)([15]7,6,7)([16]6,4,7)([17]0,14,5)([18]0,6,2)([19]2,9,7)([20]13,9,0)([21]20,5,4)([22]10,1,7)([23]8,7,7)([24]1,0,1)([25]17,22,3)([26]11,1,2)([27]12,17,7)([28]16,3,5)([29]13,14,6)([30]4,28,6)([31]28,25,4)([32]18,28,5)([33]32,2,7)([34]10,22,0)([35]11,11,2)([36]4,25,0)([37]17,12,4)([38]8,34,5)([39]18,22,7)([40]7,33,4)([41]17,36,3)([42]2,27,4)([43]28,29,6)([44]29,42,2)([45]11,39,3)([46]18,24,0)([47]1,3,1)([48]5,13,6)([49]6,23,5)([50]31,2,5)([51]26,15,4)([52]11,10,7)([53]21,2,3)([54]48,45,4)([55]20,49,7)([56]54,55,5)([57]56,11,2)([58]32,21,2)([59]5,18,3)([60]34,8,4)([61]42,34,5)([62]14,32,2)([63]31,27,5)([64]29,31,6)([65]20,39,1)([66]54,38,1)([67]48,25,7)([68]24,60,5)([69]11,64,3)([70]50,42,5)([71]3,19,5)([72]70,15,6)([73]40,54,5)([74]56,71,0)([75]35,63,2)([76]68,25,2)([77]30,32,7)([78]64,58,3)([79]47,34,7)([80]45,60,7)([81]21,73,4)([82]4,81,4)([83]78,82,2)([84]67,39,2)([85]83,72,6)([86]1,52,1)(85)
optimized area: 120.90
time: 623985 ms
seed: 1634155196
NOT FOUND
time: 538403 ms
seed: 1634202539
NOT FOUND
time: 528652 ms
seed: 1634251565
NOT FOUND
time: 532274 ms
seed: 1634299647
NOT FOUND
time: 525681 ms
seed: 1634340165
{7,1,80,1,2,1,8}([7]1,5,7)([8]0,2,2)([9]4,2,2)([10]0,3,5)([11]5,4,2)([12]7,8,3)([13]0,5,7)([14]12,10,4)([15]14,0,4)([16]6,14,5)([17]10,4,7)([18]13,8,1)([19]7,14,6)([20]19,3,6)([21]9,20,6)([22]18,9,3)([23]8,19,2)([24]5,15,2)([25]22,12,4)([26]11,1,4)([27]13,10,3)([28]24,26,3)([29]24,10,5)([30]21,6,7)([31]28,10,7)([32]9,17,3)([33]29,30,0)([34]21,23,4)([35]22,30,3)([36]35,28,2)([37]32,33,4)([38]6,4,7)([39]24,33,3)([40]34,37,5)([41]40,5,3)([42]29,2,6)([43]2,20,5)([44]29,5,6)([45]1,17,5)([46]42,42,5)([47]24,22,7)([48]22,32,7)([49]16,36,7)([50]30,42,4)([51]50,36,4)([52]27,43,7)([53]38,37,3)([54]0,30,4)([55]17,47,7)([56]37,45,4)([57]38,56,6)([58]37,1,0)([59]28,3,0)([60]7,50,6)([61]37,36,1)([62]2,16,7)([63]46,10,3)([64]22,50,0)([65]30,39,7)([66]62,17,7)([67]9,40,6)([68]22,49,6)([69]2,21,5)([70]57,52,5)([71]44,50,0)([72]68,66,5)([73]2,26,5)([74]49,50,2)([75]57,50,1)([76]28,10,3)([77]40,72,4)([78]16,64,2)([79]56,42,0)([80]2,73,6)([81]41,0,4)([82]70,51,2)([83]5,79,6)([84]77,82,3)([85]34,77,4)([86]67,9,6)(84)
evaluations: 43128414
first invidual area: 147.58
{7,1,80,1,2,1,8}([7]5,1,7)([8]2,0,2)([9]4,2,2)([10]3,0,5)([11]4,5,5)([12]7,8,3)([13]5,0,4)([14]10,12,4)([15]13,14,7)([16]14,6,5)([17]10,4,7)([18]0,8,0)([19]7,14,6)([20]19,3,6)([21]9,20,6)([22]9,13,3)([23]12,19,5)([24]5,15,2)([25]23,13,0)([26]11,1,7)([27]17,23,4)([28]24,26,3)([29]10,24,5)([30]6,21,7)([31]2,12,0)([32]17,9,6)([33]18,27,2)([34]21,25,7)([35]22,30,3)([36]35,28,2)([37]32,29,7)([38]13,31,7)([39]36,16,7)([40]34,37,5)([41]6,17,7)([42]29,2,3)([43]31,20,5)([44]33,22,1)([45]1,30,5)([46]27,43,7)([47]27,3,6)([48]35,24,7)([49]2,22,2)([50]30,42,4)([51]50,36,7)([52]40,26,6)([53]12,23,2)([54]29,6,6)([55]48,26,7)([56]37,45,4)([57]41,56,6)([58]19,6,0)([59]17,24,2)([60]14,15,7)([61]17,17,1)([62]2,45,4)([63]49,14,4)([64]27,54,7)([65]28,51,4)([66]62,17,4)([67]5,11,0)([68]22,39,6)([69]46,0,0)([70]57,43,5)([71]63,50,3)([72]68,66,5)([73]18,10,6)([74]55,48,1)([75]73,16,4)([76]16,12,6)([77]40,72,4)([78]1,11,6)([79]56,24,3)([80]29,41,6)([81]65,33,7)([82]70,51,2)([83]42,55,2)([84]77,82,3)([85]51,67,1)([86]27,56,3)(84)
optimized area: 138.21
time: 546509 ms
seed: 1634389069
NOT FOUND
time: 525184 ms
seed: 1634438097
NOT FOUND
time: 524167 ms
seed: 1634498326
{7,1,80,1,2,1,8}([7]2,1,7)([8]2,3,5)([9]7,5,7)([10]0,6,4)([11]6,3,4)([12]6,11,6)([13]0,1,4)([14]1,11,3)([15]9,3,4)([16]15,13,3)([17]13,6,2)([18]16,2,2)([19]14,13,4)([20]0,12,6)([21]7,8,5)([22]3,16,3)([23]4,7,1)([24]10,19,5)([25]11,5,2)([26]2,3,4)([27]19,3,3)([28]22,4,2)([29]24,23,4)([30]21,29,3)([31]16,10,5)([32]14,31,0)([33]30,27,4)([34]20,5,4)([35]34,12,3)([36]29,5,4)([37]17,28,4)([38]32,29,7)([39]8,32,2)([40]33,35,6)([41]0,27,7)([42]36,40,2)([43]37,9,7)([44]34,43,5)([45]24,18,2)([46]45,32,7)([47]4,34,7)([48]15,41,2)([49]5,17,2)([50]11,45,4)([51]25,17,2)([52]26,35,6)([53]3,4,5)([54]3,32,1)([55]16,50,4)([56]28,41,5)([57]55,12,7)([58]10,3,3)([59]58,12,1)([60]42,46,4)([61]10,39,7)([62]33,18,3)([63]44,60,2)([64]51,32,1)([65]61,32,1)([66]21,39,2)([67]51,9,5)([68]45,63,4)([69]44,25,4)([70]66,45,0)([71]62,57,3)([72]10,30,2)([73]71,33,6)([74]8,0,3)([75]40,43,1)([76]22,37,6)([77]28,30,7)([78]13,37,7)([79]74,8,0)([80]28,27,0)([81]44,76,2)([82]28,48,0)([83]17,0,7)([84]64,42,5)([85]68,73,3)([86]61,66,5)(85)
evaluations: 28218615
first invidual area: 142.45
{7,1,80,1,2,1,8}([7]1,2,7)([8]1,3,5)([9]7,5,7)([10]9,3,4)([11]6,3,4)([12]11,3,6)([13]0,1,4)([14]1,11,3)([15]13,6,5)([16]13,10,3)([17]3,16,3)([18]2,16,2)([19]13,14,4)([20]0,12,3)([21]15,16,0)([22]3,19,3)([23]6,20,4)([24]19,23,5)([25]3,19,3)([26]0,12,1)([27]13,10,5)([28]4,17,5)([29]24,4,7)([30]8,7,5)([31]23,1,3)([32]29,30,3)([33]32,22,4)([34]20,5,7)([35]33,34,3)([36]25,15,2)([37]15,28,7)([38]9,37,4)([39]30,1,5)([40]35,12,6)([41]6,29,5)([42]14,28,1)([43]2,18,2)([44]34,38,5)([45]18,24,5)([46]11,16,4)([47]14,13,1)([48]1,43,0)([49]46,6,5)([50]0,29,7)([51]43,13,2)([52]36,25,1)([53]14,45,7)([54]26,44,1)([55]50,40,5)([56]0,49,0)([57]46,12,7)([58]35,13,0)([59]10,49,6)([60]55,53,4)([61]15,55,7)([62]60,60,3)([63]44,62,5)([64]33,60,3)([65]50,36,6)([66]44,58,1)([67]51,66,3)([68]66,49,7)([69]18,51,0)([70]18,58,2)([71]20,57,1)([72]26,50,2)([73]63,45,4)([74]4,67,4)([75]24,67,6)([76]18,59,5)([77]32,31,4)([78]27,30,6)([79]53,54,5)([80]12,38,4)([81]60,51,6)([82]57,64,6)([83]34,76,1)([84]13,24,1)([85]73,82,3)([86]71,22,1)(85)
optimized area: 131.67
time: 615555 ms
seed: 1634597560
NOT FOUND
time: 525298 ms
seed: 1634646281
NOT FOUND
time: 529263 ms
seed: 1634694779
NOT FOUND
time: 709651 ms
seed: 1634772287
{7,1,80,1,2,1,8}([7]2,1,5)([8]0,1,4)([9]5,7,7)([10]6,5,6)([11]6,4,5)([12]4,10,0)([13]2,6,7)([14]8,11,5)([15]12,3,2)([16]10,1,3)([17]9,8,1)([18]3,6,5)([19]12,11,5)([20]15,17,4)([21]13,20,6)([22]15,0,7)([23]4,17,4)([24]17,6,6)([25]6,10,6)([26]15,22,6)([27]14,25,1)([28]13,12,4)([29]3,19,5)([30]14,12,6)([31]28,27,5)([32]5,30,6)([33]10,23,6)([34]13,14,5)([35]34,20,6)([36]6,13,2)([37]36,8,5)([38]26,6,2)([39]22,17,2)([40]39,18,2)([41]7,5,5)([42]16,29,5)([43]7,2,2)([44]23,42,7)([45]5,15,6)([46]29,35,4)([47]13,35,7)([48]26,8,7)([49]40,32,6)([50]1,18,4)([51]31,38,4)([52]37,34,5)([53]43,52,2)([54]34,49,7)([55]44,37,4)([56]25,12,4)([57]54,18,4)([58]33,21,6)([59]47,8,0)([60]13,25,4)([61]56,55,3)([62]49,49,4)([63]41,6,4)([64]61,35,0)([65]58,51,6)([66]38,50,4)([67]1,6,2)([68]55,61,0)([69]13,19,7)([70]49,26,1)([71]70,29,5)([72]54,61,6)([73]40,29,5)([74]65,10,3)([75]29,11,1)([76]28,38,4)([77]74,66,2)([78]77,72,7)([79]45,8,5)([80]78,46,4)([81]11,19,6)([82]11,63,1)([83]24,68,0)([84]18,13,6)([85]1,51,0)([86]2,46,7)(80)
evaluations: 4087551
first invidual area: 150.37
{7,1,80,1,2,1,8}([7]1,2,5)([8]6,4,5)([9]7,5,4)([10]6,5,6)([11]1,0,4)([12]6,10,0)([13]2,12,7)([14]8,11,2)([15]4,3,2)([16]10,1,3)([17]0,10,0)([18]12,3,5)([19]10,6,6)([20]15,9,4)([21]11,5,6)([22]17,15,7)([23]4,9,7)([24]6,17,6)([25]8,15,5)([26]20,10,0)([27]26,6,6)([28]4,13,3)([29]25,3,5)([30]13,26,6)([31]14,28,5)([32]28,9,2)([33]32,5,6)([34]13,31,5)([35]26,34,3)([36]16,29,5)([37]19,23,0)([38]5,20,3)([39]4,21,4)([40]22,15,6)([41]22,32,2)([42]6,40,5)([43]9,14,0)([44]23,36,4)([45]25,7,0)([46]35,29,4)([47]12,41,5)([48]15,17,4)([49]21,41,3)([50]1,42,7)([51]31,42,7)([52]4,19,6)([53]21,26,1)([54]34,49,4)([55]44,47,4)([56]0,15,4)([57]22,45,1)([58]30,23,6)([59]0,10,2)([60]39,24,7)([61]48,16,0)([62]33,37,4)([63]35,37,5)([64]55,54,3)([65]58,51,6)([66]18,50,4)([67]19,4,4)([68]51,45,2)([69]59,10,1)([70]58,28,0)([71]53,17,1)([72]67,64,3)([73]28,31,4)([74]65,10,3)([75]52,68,1)([76]10,27,7)([77]74,66,5)([78]72,77,4)([79]73,38,7)([80]78,46,4)([81]14,23,5)([82]25,74,4)([83]45,68,7)([84]2,12,5)([85]58,20,5)([86]22,14,3)(80)
optimized area: 137.73
time: 1248657 ms
seed: 1634837508
NOT FOUND
time: 960971 ms
seed: 1635092165
{7,1,80,1,2,1,8}([7]4,6,5)([8]0,6,4)([9]3,8,4)([10]0,5,4)([11]4,2,4)([12]2,10,2)([13]8,4,4)([14]12,0,6)([15]1,8,2)([16]8,1,4)([17]1,0,4)([18]4,1,5)([19]12,17,6)([20]13,17,4)([21]13,7,4)([22]21,20,3)([23]2,4,5)([24]18,8,5)([25]10,22,2)([26]17,14,6)([27]26,0,3)([28]27,16,2)([29]23,16,5)([30]9,19,5)([31]3,28,4)([32]31,30,2)([33]2,12,7)([34]24,25,2)([35]12,31,4)([36]6,22,3)([37]34,3,4)([38]4,29,2)([39]33,25,4)([40]30,32,0)([41]24,2,1)([42]18,15,1)([43]11,37,3)([44]10,18,6)([45]29,16,4)([46]39,22,7)([47]19,35,3)([48]32,39,5)([49]12,38,6)([50]31,40,4)([51]5,38,1)([52]3,4,4)([53]22,22,7)([54]41,49,4)([55]7,46,5)([56]43,13,2)([57]49,2,3)([58]43,50,5)([59]54,47,4)([60]52,59,3)([61]28,48,2)([62]58,2,5)([63]0,1,4)([64]43,28,2)([65]55,40,7)([66]58,65,7)([67]55,1,1)([68]40,51,4)([69]66,0,6)([70]62,52,1)([71]16,56,5)([72]47,0,3)([73]68,45,7)([74]18,35,7)([75]12,51,5)([76]68,21,6)([77]34,69,5)([78]66,42,7)([79]17,55,4)([80]70,31,6)([81]60,66,7)([82]18,5,3)([83]12,61,7)([84]13,28,6)([85]64,24,3)([86]38,16,2)(81)
evaluations: 42914209
first invidual area: 152.30
{7,1,80,1,2,1,8}([7]6,4,5)([8]0,6,4)([9]3,8,3)([10]5,0,4)([11]4,2,4)([12]2,10,2)([13]4,8,7)([14]12,2,4)([15]1,4,5)([16]8,1,4)([17]1,0,4)([18]7,3,1)([19]12,17,6)([20]3,4,4)([21]17,7,5)([22]21,13,3)([23]21,19,2)([24]15,8,5)([25]10,22,2)([26]24,19,6)([27]26,0,3)([28]27,16,5)([29]16,11,5)([30]9,19,5)([31]3,28,7)([32]7,0,2)([33]14,18,6)([34]24,25,5)([35]12,31,4)([36]29,1,0)([37]34,3,7)([38]3,36,2)([39]25,14,3)([40]38,16,2)([41]18,39,1)([42]12,14,4)([43]11,37,3)([44]39,12,7)([45]30,36,1)([46]39,22,4)([47]19,35,3)([48]37,15,5)([49]12,38,3)([50]31,30,4)([51]13,27,6)([52]21,1,5)([53]47,52,7)([54]24,49,4)([55]7,46,5)([56]6,29,7)([57]23,13,3)([58]43,50,5)([59]54,47,4)([60]20,59,3)([61]9,5,0)([62]8,12,5)([63]24,25,1)([64]63,19,2)([65]55,30,4)([66]58,65,4)([67]42,41,0)([68]55,24,5)([69]25,20,1)([70]57,8,2)([71]50,10,5)([72]15,33,0)([73]19,57,4)([74]34,15,7)([75]62,23,0)([76]69,9,0)([77]39,64,5)([78]74,7,4)([79]12,20,1)([80]39,26,1)([81]60,66,7)([82]60,41,1)([83]47,65,6)([84]3,14,7)([85]39,23,4)([86]42,48,1)(81)
optimized area: 133.54
time: 1025810 ms
seed: 1635124418
NOT FOUND
time: 524335 ms
seed: 1635173371
{7,1,80,1,2,1,8}([7]4,3,2)([8]1,5,7)([9]3,3,1)([10]6,4,4)([11]4,3,6)([12]0,7,4)([13]9,6,0)([14]6,13,2)([15]11,7,7)([16]10,0,6)([17]14,16,3)([18]2,10,3)([19]0,10,5)([20]5,1,2)([21]15,20,2)([22]17,6,1)([23]8,18,5)([24]4,7,7)([25]11,19,4)([26]22,6,6)([27]14,2,7)([28]1,13,2)([29]7,10,4)([30]2,29,3)([31]22,26,0)([32]25,1,3)([33]1,5,3)([34]16,8,0)([35]19,15,7)([36]8,31,2)([37]27,23,3)([38]1,33,7)([39]36,37,7)([40]30,18,0)([41]40,23,7)([42]37,12,5)([43]31,21,3)([44]2,33,2)([45]27,42,7)([46]25,7,5)([47]2,41,1)([48]32,17,4)([49]45,43,4)([50]1,7,6)([51]22,16,4)([52]50,11,4)([53]49,4,3)([54]2,37,2)([55]38,3,6)([56]32,10,4)([57]28,53,3)([58]12,39,4)([59]1,58,2)([60]10,10,5)([61]41,59,6)([62]2,0,6)([63]46,2,5)([64]46,17,5)([65]60,6,0)([66]60,16,1)([67]11,6,1)([68]27,15,4)([69]68,52,1)([70]44,57,6)([71]45,25,3)([72]56,70,4)([73]72,71,5)([74]12,57,5)([75]73,3,1)([76]32,45,6)([77]0,1,6)([78]73,61,7)([79]39,53,6)([80]78,15,7)([81]17,29,0)([82]22,25,1)([83]57,78,0)([84]62,52,5)([85]31,3,0)([86]23,17,7)(78)
evaluations: 9941721
first invidual area: 132.11
{7,1,80,1,2,1,8}([7]3,4,2)([8]1,5,7)([9]5,1,3)([10]6,4,4)([11]10,0,0)([12]7,0,4)([13]3,0,1)([14]13,6,2)([15]10,0,6)([16]3,4,3)([17]14,15,6)([18]8,5,1)([19]8,1,2)([20]5,17,5)([21]0,11,5)([22]11,2,3)([23]22,8,5)([24]22,7,4)([25]21,16,7)([26]1,15,5)([27]14,2,7)([28]25,2,1)([29]2,24,3)([30]23,20,5)([31]9,4,7)([32]17,10,3)([33]19,17,6)([34]11,1,2)([35]24,27,0)([36]25,1,6)([37]23,27,3)([38]9,34,6)([39]25,27,0)([40]23,29,7)([41]27,39,7)([42]37,12,5)([43]26,9,6)([44]41,41,7)([45]27,42,7)([46]3,35,2)([47]7,36,3)([48]15,3,7)([49]2,23,2)([50]3,26,0)([51]26,9,5)([52]12,37,4)([53]12,30,6)([54]49,4,3)([55]47,43,2)([56]36,11,4)([57]54,28,3)([58]20,52,4)([59]58,1,2)([60]40,59,3)([61]36,38,5)([62]45,33,7)([63]18,8,2)([64]52,38,3)([65]61,6,5)([66]21,3,5)([67]3,49,5)([68]4,48,1)([69]62,57,6)([70]38,15,5)([71]45,39,3)([72]56,69,7)([73]72,71,5)([74]15,15,0)([75]1,3,5)([76]60,55,7)([77]42,38,4)([78]73,60,4)([79]2,14,0)([80]28,59,2)([81]54,23,3)([82]50,81,3)([83]17,78,1)([84]55,54,7)([85]20,38,6)([86]52,78,6)(78)
optimized area: 119.93
time: 671676 ms
seed: 1635290545
NOT FOUND
time: 992944 ms
seed: 1635448059
{7,1,80,1,2,1,8}([7]4,2,7)([8]6,3,6)([9]1,0,2)([10]8,4,5)([11]10,2,4)([12]5,9,4)([13]3,9,3)([14]7,11,2)([15]8,7,7)([16]8,2,2)([17]12,3,6)([18]13,6,7)([19]7,14,7)([20]6,3,0)([21]1,11,4)([22]17,0,6)([23]5,20,4)([24]22,9,2)([25]15,11,3)([26]22,23,7)([27]7,6,4)([28]15,17,6)([29]28,27,6)([30]3,3,2)([31]18,21,4)([32]24,13,7)([33]2,26,3)([34]25,31,4)([35]12,23,2)([36]20,14,7)([37]35,36,5)([38]33,34,2)([39]24,12,1)([40]18,37,5)([41]36,5,4)([42]19,1,0)([43]28,1,6)([44]35,38,7)([45]1,27,5)([46]22,28,3)([47]2,46,4)([48]24,16,1)([49]37,43,7)([50]47,8,6)([51]6,44,4)([52]27,5,1)([53]37,5,6)([54]2,41,5)([55]35,5,0)([56]26,17,6)([57]4,44,1)([58]48,44,1)([59]14,23,7)([60]54,47,6)([61]51,55,1)([62]47,17,0)([63]10,12,1)([64]8,38,7)([65]22,55,1)([66]63,50,3)([67]39,25,7)([68]49,64,6)([69]27,28,3)([70]56,63,5)([71]60,68,7)([72]51,53,0)([73]31,29,2)([74]25,10,3)([75]30,13,7)([76]0,61,4)([77]42,0,4)([78]49,28,3)([79]76,73,7)([80]71,40,7)([81]79,73,5)([82]81,80,5)([83]17,57,4)([84]10,81,4)([85]23,82,4)([86]12,54,7)(82)
evaluations: 31649294
first invidual area: 155.58
{7,1,80,1,2,1,8}([7]4,2,7)([8]3,6,3)([9]0,1,2)([10]1,0,4)([11]8,2,5)([12]5,9,4)([13]7,8,4)([14]11,7,5)([15]13,11,0)([16]3,9,3)([17]12,3,6)([18]6,16,7)([19]7,14,5)([20]13,7,6)([21]11,1,4)([22]17,0,6)([23]6,5,4)([24]23,22,7)([25]23,12,2)([26]7,22,5)([27]6,14,7)([28]13,17,6)([29]28,27,6)([30]26,24,2)([31]18,21,4)([32]15,26,7)([33]2,24,3)([34]19,31,4)([35]8,10,5)([36]27,1,1)([37]25,36,5)([38]33,34,5)([39]18,8,2)([40]18,37,5)([41]25,27,2)([42]7,32,7)([43]28,1,3)([44]22,28,3)([45]36,5,4)([46]10,37,2)([47]20,37,2)([48]2,0,1)([49]43,37,4)([50]43,25,5)([51]16,37,5)([52]3,29,3)([53]13,9,4)([54]44,45,5)([55]48,23,7)([56]6,0,7)([57]51,13,0)([58]56,30,7)([59]57,0,4)([60]54,48,6)([61]42,19,5)([62]58,13,6)([63]21,17,7)([64]38,8,7)([65]29,6,5)([66]49,64,6)([67]34,39,1)([68]16,3,4)([69]38,40,5)([70]33,25,3)([71]60,66,4)([72]50,22,3)([73]21,29,2)([74]43,69,3)([75]40,68,5)([76]23,73,5)([77]25,26,0)([78]27,26,4)([79]59,73,5)([80]71,40,4)([81]61,80,7)([82]79,80,5)([83]42,33,7)([84]83,14,0)([85]84,33,2)([86]43,5,2)(82)
optimized area: 129.30
time: 1128136 ms
seed: 1635555157
{7,1,80,1,2,1,8}([7]5,0,2)([8]1,3,7)([9]4,1,4)([10]2,4,4)([11]0,1,7)([12]8,2,4)([13]6,9,7)([14]8,6,6)([15]11,13,3)([16]7,7,1)([17]14,2,3)([18]12,1,6)([19]15,0,2)([20]10,6,3)([21]5,10,6)([22]18,21,4)([23]9,18,3)([24]12,22,4)([25]24,0,0)([26]3,15,2)([27]5,23,7)([28]2,4,1)([29]7,11,2)([30]29,17,7)([31]21,15,6)([32]31,13,0)([33]5,9,4)([34]27,28,3)([35]11,20,5)([36]0,6,4)([37]23,32,5)([38]11,11,0)([39]23,15,1)([40]35,9,7)([41]37,9,0)([42]14,27,7)([43]14,19,6)([44]37,42,3)([45]38,21,5)([46]44,6,7)([47]45,3,2)([48]24,9,2)([49]23,36,6)([50]34,4,2)([51]30,47,6)([52]47,8,1)([53]50,31,1)([54]6,25,2)([55]43,49,2)([56]35,52,5)([57]6,21,5)([58]0,13,3)([59]55,34,3)([60]54,35,6)([61]60,27,2)([62]17,7,2)([63]51,44,6)([64]8,17,0)([65]13,51,3)([66]17,21,2)([67]46,57,1)([68]24,14,4)([69]19,68,7)([70]46,24,4)([71]10,33,4)([72]2,0,0)([73]0,52,0)([74]57,53,1)([75]61,51,6)([76]59,67,4)([77]56,76,7)([78]47,75,7)([79]19,17,0)([80]67,73,4)([81]34,17,2)([82]28,14,1)([83]45,49,7)([84]76,78,7)([85]26,82,2)([86]17,68,0)(84)
evaluations: 18082179
first invidual area: 137.27
{7,1,80,1,2,1,8}([7]5,0,2)([8]3,1,7)([9]1,4,4)([10]2,4,4)([11]0,1,7)([12]2,8,4)([13]9,6,7)([14]6,8,6)([15]7,10,4)([16]14,12,1)([17]11,13,3)([18]1,12,6)([19]1,7,5)([20]2,10,0)([21]5,10,6)([22]12,18,6)([23]9,18,3)([24]13,15,7)([25]4,5,2)([26]10,6,3)([27]23,5,7)([28]14,20,6)([29]2,0,1)([30]28,19,7)([31]21,17,6)([32]23,31,5)([33]10,27,5)([34]2,4,2)([35]27,11,5)([36]27,12,1)([37]11,15,5)([38]5,17,2)([39]11,21,5)([40]7,13,3)([41]27,29,3)([42]5,14,7)([43]11,42,6)([44]32,42,6)([45]21,37,0)([46]38,4,0)([47]39,3,2)([48]35,1,5)([49]21,22,6)([50]15,1,5)([51]30,47,6)([52]6,49,2)([53]35,52,6)([54]23,8,2)([55]43,40,2)([56]8,45,6)([57]44,6,7)([58]38,40,7)([59]55,41,3)([60]21,18,3)([61]0,5,7)([62]29,39,6)([63]44,27,0)([64]26,53,2)([65]47,34,1)([66]10,7,0)([67]57,59,4)([68]43,23,2)([69]28,31,0)([70]10,69,7)([71]50,56,5)([72]29,52,7)([73]47,63,1)([74]64,34,0)([75]64,51,3)([76]45,3,3)([77]47,32,0)([78]67,77,7)([79]12,48,5)([80]41,50,7)([81]4,24,2)([82]9,30,5)([83]19,61,7)([84]75,78,4)([85]83,51,3)([86]51,17,5)(84)
optimized area: 123.67
time: 1145799 ms
seed: 1635604926
NOT FOUND
time: 1064883 ms
seed: 1635652650
NOT FOUND
time: 1066842 ms
seed: 1635700527
NOT FOUND
time: 1049886 ms
seed: 1635747773
NOT FOUND
time: 1067165 ms
seed: 1635794699
{7,1,80,1,2,1,8}([7]4,5,4)([8]4,6,2)([9]1,7,4)([10]7,0,4)([11]4,10,4)([12]8,1,4)([13]2,0,3)([14]11,6,6)([15]14,13,1)([16]8,11,6)([17]7,12,7)([18]3,14,3)([19]13,4,5)([20]2,16,4)([21]17,9,0)([22]20,19,3)([23]13,22,2)([24]5,5,0)([25]14,22,4)([26]12,18,0)([27]20,1,3)([28]25,17,5)([29]23,6,5)([30]3,26,6)([31]6,30,7)([32]10,29,5)([33]29,27,0)([34]3,29,5)([35]15,20,2)([36]20,24,5)([37]20,24,5)([38]26,34,5)([39]28,13,4)([40]38,36,4)([41]23,30,0)([42]4,34,3)([43]42,9,6)([44]43,35,5)([45]31,11,0)([46]39,31,2)([47]32,30,4)([48]21,0,2)([49]47,25,3)([50]7,14,5)([51]26,26,4)([52]22,27,7)([53]28,10,2)([54]30,34,7)([55]5,46,7)([56]53,48,6)([57]0,50,1)([58]12,5,5)([59]10,16,6)([60]40,44,7)([61]5,54,7)([62]46,60,3)([63]24,55,6)([64]35,10,4)([65]64,47,6)([66]16,55,5)([67]65,40,2)([68]34,7,4)([69]51,48,2)([70]0,34,4)([71]65,61,2)([72]44,47,6)([73]71,14,1)([74]13,44,4)([75]67,26,0)([76]71,62,7)([77]30,49,4)([78]3,3,5)([79]73,57,5)([80]55,13,1)([81]56,18,0)([82]55,76,5)([83]66,68,0)([84]1,1,2)([85]65,15,3)([86]68,64,3)(76)
evaluations: 34205362
first invidual area: 128.85
{7,1,80,1,2,1,8}([7]4,5,4)([8]6,4,2)([9]3,0,3)([10]0,7,4)([11]10,9,6)([12]8,1,4)([13]2,0,3)([14]12,7,7)([15]11,7,7)([16]14,13,7)([17]13,4,5)([18]5,0,4)([19]18,8,3)([20]2,19,7)([21]0,7,0)([22]20,17,3)([23]2,2,2)([24]18,6,3)([25]24,22,7)([26]7,12,4)([27]22,6,2)([28]25,14,5)([29]13,27,5)([30]12,3,6)([31]13,7,7)([32]29,10,5)([33]19,22,5)([34]3,29,5)([35]1,11,4)([36]5,20,5)([37]34,26,0)([38]12,37,5)([39]28,13,4)([40]38,36,4)([41]38,18,5)([42]5,33,6)([43]37,28,6)([44]20,43,2)([45]6,30,7)([46]39,45,2)([47]32,30,4)([48]46,2,3)([49]26,15,7)([50]11,49,6)([51]43,22,6)([52]31,45,5)([53]5,3,0)([54]38,14,3)([55]8,33,4)([56]33,32,0)([57]27,53,6)([58]8,19,2)([59]20,25,5)([60]40,44,3)([61]20,29,5)([62]46,60,3)([63]10,59,7)([64]12,26,4)([65]63,47,6)([66]38,5,7)([67]38,12,2)([68]3,57,3)([69]63,48,6)([70]14,1,5)([71]65,66,5)([72]26,42,7)([73]39,69,4)([74]34,30,7)([75]5,61,4)([76]24,21,6)([77]36,74,3)([78]77,33,2)([79]61,30,0)([80]59,25,1)([81]11,24,1)([82]71,62,4)([83]43,18,3)([84]68,0,5)([85]78,4,7)([86]2,16,3)(82)
optimized area: 112.91
time: 1163567 ms
seed: 1635837930
NOT FOUND
time: 1075465 ms
seed: 1635879935
NOT FOUND
time: 1058669 ms
