seed: 1634021551
{7,1,80,1,2,1,8}([7]0,5,5)([8]1,6,7)([9]6,0,6)([10]9,5,7)([11]8,2,7)([12]6,3,2)([13]11,12,2)([14]5,3,4)([15]0,11,7)([16]6,7,6)([17]1,15,0)([18]1,10,2)([19]2,4,2)([20]2,3,6)([21]6,16,3)([22]10,6,7)([23]20,4,4)([24]21,14,7)([25]19,16,4)([26]11,23,4)([27]23,17,6)([28]14,18,2)([29]19,13,3)([30]19,8,5)([31]16,24,4)([32]2,18,7)([33]31,29,2)([34]15,11,0)([35]22,5,3)([36]32,33,6)([37]31,23,7)([38]30,24,5)([39]34,12,4)([40]33,1,3)([41]9,34,0)([42]36,34,6)([43]30,42,5)([44]0,10,4)([45]26,36,3)([46]15,24,2)([47]13,25,4)([48]47,10,3)([49]39,10,6)([50]45,28,7)([51]44,9,4)([52]27,12,4)([53]1,38,3)([54]42,46,4)([55]49,50,3)([56]49,3,7)([57]35,45,0)([58]54,53,7)([59]55,28,3)([60]40,53,7)([61]52,55,7)([62]50,32,1)([63]53,40,7)([64]38,16,3)([65]58,55,6)([66]55,63,7)([67]53,45,4)([68]22,3,2)([69]29,45,6)([70]40,65,4)([71]6,35,5)([72]51,70,7)([73]47,65,6)([74]46,59,3)([75]51,18,0)([76]24,24,7)([77]61,12,1)([78]72,77,4)([79]68,70,5)([80]34,50,1)([81]68,75,2)([82]6,55,3)([83]23,29,6)([84]37,59,7)([85]12,21,4)([86]83,70,7)(78)
evaluations: 24687827
first invidual area: 154.64
{7,1,80,1,2,1,8}([7]2,2,2)([8]6,2,4)([9]2,8,4)([10]0,5,5)([11]8,1,4)([12]3,6,2)([13]0,6,3)([14]3,5,4)([15]11,0,7)([16]6,10,6)([17]5,13,4)([18]17,1,2)([19]2,4,2)([20]3,2,3)([21]6,16,3)([22]3,4,5)([23]4,20,7)([24]21,14,7)([25]11,12,2)([26]23,11,4)([27]10,23,3)([28]18,14,5)([29]1,23,3)([30]12,5,4)([31]24,16,3)([32]25,19,3)([33]31,32,2)([34]18,7,7)([35]18,9,5)([36]34,33,6)([37]34,15,5)([38]8,28,6)([39]17,12,3)([40]33,1,3)([41]24,39,1)([42]36,15,6)([43]24,19,1)([44]40,30,4)([45]38,36,2)([46]15,24,2)([47]3,31,1)([48]43,1,3)([49]15,39,6)([50]36,26,6)([51]28,50,7)([52]44,29,4)([53]17,33,4)([54]42,46,6)([55]40,3,4)([56]35,36,7)([57]56,25,6)([58]54,48,7)([59]40,51,6)([60]45,47,0)([61]22,39,3)([62]47,30,6)([63]50,50,3)([64]51,49,3)([65]62,58,5)([66]28,50,4)([67]64,58,3)([68]29,32,1)([69]30,1,6)([70]0,67,4)([71]3,62,4)([72]2,61,1)([73]9,18,6)([74]38,23,7)([75]73,40,4)([76]47,24,3)([77]70,53,2)([78]15,35,7)([79]70,52,7)([80]39,8,4)([81]42,33,4)([82]59,19,7)([83]63,60,4)([84]40,7,0)([85]6,26,6)([86]83,75,4)(79)
optimized area: 134.00
time: 614142 ms
seed: 1634070414
{7,1,80,1,2,1,8}([7]3,2,4)([8]1,0,4)([9]2,6,3)([10]2,7,2)([11]1,5,7)([12]3,0,2)([13]6,10,7)([14]4,7,4)([15]1,4,7)([16]1,12,3)([17]8,6,6)([18]14,11,4)([19]16,13,3)([20]16,12,3)([21]18,19,2)([22]9,21,2)([23]3,17,7)([24]15,2,2)([25]24,8,3)([26]22,11,7)([27]26,13,5)([28]23,15,7)([29]1,12,6)([30]23,5,2)([31]26,27,1)([32]14,13,2)([33]9,17,2)([34]5,24,6)([35]33,25,7)([36]26,30,4)([37]7,16,2)([38]23,14,3)([39]27,34,4)([40]8,18,7)([41]33,39,5)([42]3,11,4)([43]37,8,6)([44]21,28,3)([45]25,29,0)([46]36,45,4)([47]42,9,5)([48]47,46,6)([49]39,36,5)([50]48,28,6)([51]7,25,3)([52]50,24,5)([53]41,46,2)([54]24,26,7)([55]32,40,3)([56]40,9,2)([57]49,3,1)([58]27,25,5)([59]55,37,5)([60]41,12,0)([61]21,52,7)([62]57,50,6)([63]42,13,3)([64]12,24,3)([65]54,17,7)([66]0,26,0)([67]22,30,6)([68]59,62,5)([69]38,7,3)([70]11,28,1)([71]17,32,0)([72]49,61,2)([73]8,35,4)([74]14,34,0)([75]68,65,4)([76]3,69,3)([77]12,6,2)([78]28,25,1)([79]14,5,5)([80]43,75,4)([81]80,39,1)([82]41,7,1)([83]8,59,0)([84]74,50,7)([85]77,59,1)([86]38,13,2)(80)
evaluations: 39612227
first invidual area: 144.32
{7,1,80,1,2,1,8}([7]2,3,4)([8]0,1,4)([9]6,2,3)([10]7,2,5)([11]5,1,7)([12]0,3,2)([13]6,10,4)([14]4,7,4)([15]1,4,7)([16]12,1,3)([17]8,6,3)([18]14,11,4)([19]16,13,3)([20]11,15,7)([21]19,18,2)([22]9,21,5)([23]3,17,4)([24]15,2,2)([25]8,3,3)([26]22,11,4)([27]26,13,5)([28]25,24,1)([29]15,23,7)([30]23,5,5)([31]24,5,3)([32]2,20,3)([33]22,23,3)([34]9,10,2)([35]2,27,4)([36]26,30,7)([37]7,16,2)([38]35,12,4)([39]31,27,7)([40]21,8,7)([41]28,27,0)([42]39,13,2)([43]37,8,3)([44]11,28,3)([45]18,28,2)([46]25,36,4)([47]46,20,6)([48]28,12,3)([49]39,36,2)([50]47,29,6)([51]50,28,0)([52]36,49,4)([53]8,22,1)([54]26,24,7)([55]42,40,3)([56]15,7,4)([57]34,36,4)([58]7,55,5)([59]55,37,5)([60]7,14,2)([61]38,56,6)([62]49,50,6)([63]35,39,2)([64]42,37,4)([65]54,17,7)([66]43,53,4)([67]15,64,0)([68]59,62,5)([69]9,64,7)([70]18,48,1)([71]65,34,6)([72]68,52,7)([73]0,68,2)([74]17,34,4)([75]68,65,4)([76]62,60,6)([77]49,11,5)([78]10,77,0)([79]63,13,6)([80]43,75,4)([81]58,1,5)([82]33,80,1)([83]13,24,3)([84]52,5,2)([85]1,1,6)([86]20,60,4)(80)
optimized area: 140.11
time: 563086 ms
seed: 1634231921
NOT FOUND
time: 527984 ms
seed: 1634369443
{7,1,80,1,2,1,8}([7]6,0,7)([8]5,7,7)([9]3,0,5)([10]9,1,1)([11]4,2,5)([12]1,2,7)([13]6,7,1)([14]1,3,2)([15]12,3,6)([16]12,3,7)([17]4,1,7)([18]13,10,6)([19]1,3,4)([20]17,16,7)([21]8,11,2)([22]7,0,1)([23]18,21,6)([24]8,3,7)([25]21,16,6)([26]13,15,3)([27]22,17,2)([28]7,4,6)([29]9,27,6)([30]7,1,7)([31]2,6,6)([32]23,27,7)([33]27,21,1)([34]29,25,2)([35]32,2,6)([36]7,2,7)([37]30,20,3)([38]25,0,7)([39]17,20,4)([40]37,35,7)([41]21,39,0)([42]32,17,6)([43]38,11,6)([44]4,26,3)([45]24,27,5)([46]45,44,4)([47]13,43,5)([48]8,29,5)([49]13,26,4)([50]45,45,0)([51]5,0,2)([52]6,11,5)([53]13,32,4)([54]12,42,1)([55]44,53,1)([56]36,29,2)([57]10,28,0)([58]22,10,0)([59]43,24,0)([60]37,12,7)([61]17,59,5)([62]46,56,3)([63]51,40,6)([64]60,31,6)([65]4,60,0)([66]49,41,4)([67]42,54,1)([68]64,14,6)([69]59,66,3)([70]48,42,4)([71]15,55,6)([72]20,62,4)([73]63,62,3)([74]62,6,2)([75]26,25,2)([76]2,37,3)([77]56,56,4)([78]69,68,3)([79]28,57,0)([80]68,75,6)([81]24,10,0)([82]26,55,0)([83]62,37,1)([84]73,78,2)([85]71,70,7)([86]68,32,7)(84)
evaluations: 28760051
first invidual area: 141.01
{7,1,80,1,2,1,8}([7]0,6,7)([8]5,7,7)([9]3,8,7)([10]0,5,2)([11]2,4,5)([12]1,2,7)([13]1,7,7)([14]5,6,2)([15]6,14,1)([16]12,3,7)([17]4,1,7)([18]9,17,6)([19]12,3,6)([20]18,18,0)([21]3,17,4)([22]7,11,5)([23]4,18,0)([24]15,4,3)([25]3,20,2)([26]0,25,2)([27]17,22,2)([28]0,16,4)([29]18,2,3)([30]16,17,7)([31]6,8,6)([32]31,27,6)([33]1,3,2)([34]11,8,5)([35]32,2,6)([36]13,20,1)([37]30,13,3)([38]8,14,3)([39]9,5,7)([40]21,28,4)([41]38,30,7)([42]5,17,6)([43]24,4,0)([44]24,19,3)([45]27,9,5)([46]45,44,4)([47]11,10,6)([48]11,28,6)([49]6,19,5)([50]14,10,5)([51]21,41,1)([52]38,0,7)([53]4,48,0)([54]7,2,2)([55]10,53,5)([56]43,38,7)([57]56,13,7)([58]31,35,0)([59]34,11,6)([60]37,12,7)([61]37,35,7)([62]46,25,3)([63]10,61,6)([64]60,35,6)([65]28,18,7)([66]49,34,4)([67]51,55,4)([68]64,33,6)([69]39,4,6)([70]31,7,2)([71]61,64,7)([72]67,18,1)([73]63,62,3)([74]23,39,7)([75]72,60,0)([76]48,66,3)([77]11,19,1)([78]11,74,2)([79]9,35,6)([80]16,37,3)([81]39,23,3)([82]68,76,3)([83]55,8,6)([84]73,82,2)([85]4,4,6)([86]81,63,1)(84)
optimized area: 120.86
time: 588141 ms
seed: 1634418410
{7,1,80,1,2,1,8}([7]2,5,2)([8]4,3,4)([9]2,8,3)([10]6,4,7)([11]1,10,2)([12]8,5,3)([13]1,12,4)([14]13,9,4)([15]13,11,4)([16]15,15,0)([17]1,16,2)([18]6,10,5)([19]18,1,7)([20]0,11,7)([21]15,3,4)([22]5,17,4)([23]19,0,5)([24]5,14,3)([25]2,8,7)([26]23,15,1)([27]15,21,7)([28]23,27,2)([29]25,22,7)([30]1,22,2)([31]24,28,7)([32]7,15,6)([33]25,20,5)([34]21,7,7)([35]21,8,1)([36]20,26,6)([37]15,35,0)([38]18,15,4)([39]36,30,3)([40]6,32,3)([41]11,26,2)([42]40,3,7)([43]22,14,5)([44]21,24,2)([45]42,41,2)([46]29,39,3)([47]30,13,3)([48]42,31,3)([49]35,32,2)([50]47,39,1)([51]46,48,5)([52]44,51,3)([53]46,20,1)([54]44,15,3)([55]38,20,7)([56]2,8,1)([57]21,53,0)([58]31,55,3)([59]5,40,7)([60]33,16,7)([61]39,8,5)([62]52,43,7)([63]45,10,5)([64]27,62,0)([65]26,15,1)([66]34,16,2)([67]60,40,3)([68]39,17,0)([69]61,57,4)([70]41,21,6)([71]59,38,0)([72]35,26,7)([73]53,0,5)([74]28,45,5)([75]40,4,2)([76]27,8,2)([77]68,15,5)([78]69,6,1)([79]37,5,4)([80]65,40,0)([81]56,53,6)([82]0,62,4)([83]29,60,7)([84]68,10,3)([85]9,0,4)([86]82,67,2)(86)
evaluations: 15509142
first invidual area: 132.60
{7,1,80,1,2,1,8}([7]6,4,2)([8]3,4,4)([9]2,8,3)([10]4,6,7)([11]10,1,2)([12]5,8,3)([13]12,1,4)([14]9,13,4)([15]13,11,4)([16]1,7,3)([17]12,2,2)([18]1,15,5)([19]3,17,1)([20]0,11,7)([21]9,7,5)([22]5,18,7)([23]0,16,5)([24]5,14,3)([25]8,2,7)([26]15,17,6)([27]23,19,5)([28]5,25,2)([29]21,18,7)([30]5,29,7)([31]27,24,4)([32]25,22,7)([33]25,20,5)([34]19,3,7)([35]10,12,2)([36]20,16,6)([37]33,1,2)([38]15,3,4)([39]37,32,3)([40]6,26,3)([41]36,39,3)([42]24,38,2)([43]14,22,5)([44]40,37,0)([45]41,10,1)([46]19,44,4)([47]19,20,2)([48]36,2,4)([49]46,31,3)([50]35,41,1)([51]41,49,5)([52]49,39,5)([53]51,0,5)([54]53,47,4)([55]49,11,0)([56]48,9,6)([57]45,12,0)([58]21,22,2)([59]41,19,3)([60]15,33,7)([61]7,40,7)([62]40,33,6)([63]58,55,4)([64]29,21,2)([65]45,47,3)([66]42,51,3)([67]55,46,3)([68]26,20,3)([69]25,13,0)([70]6,28,4)([71]60,40,3)([72]66,43,7)([73]49,2,6)([74]31,34,1)([75]15,65,2)([76]6,58,4)([77]28,52,3)([78]15,28,4)([79]30,71,4)([80]69,49,4)([81]17,49,7)([82]0,72,4)([83]23,38,6)([84]21,27,7)([85]15,55,0)([86]82,71,2)(86)
optimized area: 125.09
time: 633436 ms
seed: 1634626732
{7,1,80,1,2,1,8}([7]4,6,2)([8]3,1,4)([9]5,8,4)([10]0,4,1)([11]2,3,6)([12]4,3,4)([13]8,9,3)([14]1,11,4)([15]0,1,0)([16]0,14,4)([17]5,1,4)([18]1,6,7)([19]6,15,7)([20]13,1,6)([21]5,18,7)([22]16,13,2)([23]9,12,3)([24]2,12,5)([25]24,1,4)([26]17,22,0)([27]6,22,4)([28]22,25,6)([29]23,16,1)([30]2,7,0)([31]0,13,6)([32]2,24,7)([33]21,12,4)([34]25,4,3)([35]31,6,6)([36]16,9,1)([37]20,18,2)([38]20,35,6)([39]5,32,7)([40]17,28,5)([41]7,28,7)([42]15,36,4)([43]36,19,3)([44]22,20,7)([45]23,24,4)([46]45,40,4)([47]14,30,7)([48]16,21,6)([49]14,23,4)([50]27,46,5)([51]33,18,2)([52]22,3,2)([53]48,10,2)([54]35,43,7)([55]15,39,6)([56]32,34,5)([57]56,38,7)([58]50,17,3)([59]56,58,0)([60]57,11,3)([61]15,40,4)([62]48,54,1)([63]57,41,5)([64]53,9,6)([65]50,5,1)([66]62,29,5)([67]51,61,7)([68]56,0,1)([69]21,60,5)([70]58,67,2)([71]64,15,3)([72]52,65,4)([73]57,43,3)([74]18,24,0)([75]62,71,6)([76]57,60,4)([77]55,8,2)([78]18,32,2)([79]38,48,0)([80]63,77,3)([81]80,24,1)([82]19,66,5)([83]48,72,3)([84]77,5,4)([85]70,80,4)([86]52,42,4)(85)
evaluations: 24423057
first invidual area: 142.93
{7,1,80,1,2,1,8}([7]1,6,0)([8]4,6,5)([9]7,6,7)([10]1,3,4)([11]2,3,3)([12]4,3,4)([13]10,5,3)([14]11,7,5)([15]4,14,5)([16]10,7,5)([17]1,5,4)([18]14,0,7)([19]0,12,0)([20]13,5,6)([21]0,13,6)([22]13,18,2)([23]13,3,6)([24]2,12,5)([25]6,21,6)([26]23,8,0)([27]24,1,4)([28]22,27,6)([29]4,3,3)([30]0,11,4)([31]2,16,2)([32]22,8,3)([33]6,10,6)([34]28,8,4)([35]0,23,7)([36]6,22,4)([37]5,12,4)([38]25,23,3)([39]24,31,5)([40]13,38,3)([41]17,28,5)([42]22,25,3)([43]33,16,3)([44]29,24,2)([45]44,9,2)([46]23,10,7)([47]17,30,3)([48]24,46,2)([49]6,46,2)([50]6,23,2)([51]40,37,1)([52]28,22,2)([53]19,41,7)([54]44,36,5)([55]41,19,7)([56]54,17,3)([57]39,38,4)([58]25,38,4)([59]10,3,0)([60]7,37,5)([61]34,48,6)([62]56,9,7)([63]57,34,5)([64]37,9,5)([65]9,40,2)([66]37,19,6)([67]64,53,7)([68]44,2,4)([69]11,24,6)([70]56,67,5)([71]57,42,4)([72]17,66,5)([73]58,33,6)([74]37,5,4)([75]50,41,2)([76]12,43,7)([77]59,66,2)([78]77,9,5)([79]49,67,5)([80]63,77,6)([81]28,4,4)([82]37,54,0)([83]26,38,1)([84]63,47,7)([85]70,80,4)([86]6,72,5)(85)
optimized area: 114.77
time: 590859 ms
seed: 1635153824
{7,1,80,1,2,1,8}([7]5,0,7)([8]4,1,1)([9]8,3,4)([10]6,3,5)([11]5,3,4)([12]5,2,6)([13]11,2,7)([14]8,1,4)([15]12,6,4)([16]6,2,3)([17]13,6,3)([18]9,17,1)([19]0,3,0)([20]14,8,6)([21]11,18,1)([22]0,15,1)([23]16,1,0)([24]6,8,5)([25]16,1,5)([26]3,25,3)([27]23,25,7)([28]24,17,4)([29]18,25,4)([30]15,19,2)([31]22,13,2)([32]17,20,7)([33]3,32,2)([34]31,26,2)([35]30,14,6)([36]13,23,7)([37]5,5,4)([38]33,19,0)([39]36,35,4)([40]39,33,3)([41]10,19,3)([42]34,32,3)([43]5,34,1)([44]12,16,2)([45]41,23,2)([46]7,15,3)([47]11,35,0)([48]30,39,1)([49]10,21,6)([50]28,27,0)([51]44,14,6)([52]24,26,5)([53]20,50,6)([54]37,5,6)([55]8,0,7)([56]11,53,2)([57]56,29,7)([58]41,46,3)([59]9,13,5)([60]42,46,2)([61]6,21,2)([62]14,44,1)([63]58,54,6)([64]38,8,3)([65]36,23,3)([66]27,61,3)([67]2,60,4)([68]9,40,2)([69]17,18,0)([70]60,57,2)([71]4,28,1)([72]51,35,1)([73]45,26,0)([74]70,68,4)([75]74,19,7)([76]52,47,6)([77]38,67,6)([78]66,49,0)([79]35,74,0)([80]0,13,0)([81]58,47,2)([82]78,75,4)([83]77,6,6)([84]52,43,0)([85]50,6,4)([86]50,10,4)(82)
evaluations: 24407383
first invidual area: 131.18
{7,1,80,1,2,1,8}([7]0,0,0)([8]6,3,0)([9]3,4,7)([10]8,5,0)([11]3,5,4)([12]5,2,3)([13]2,11,7)([14]4,1,7)([15]10,12,7)([16]6,2,3)([17]10,13,3)([18]11,7,3)([19]7,5,7)([20]9,6,1)([21]14,1,3)([22]3,20,6)([23]15,20,5)([24]19,7,4)([25]16,1,5)([26]7,22,6)([27]23,2,5)([28]8,21,1)([29]25,9,4)([30]15,7,2)([31]26,28,0)([32]21,17,4)([33]32,4,2)([34]32,27,6)([35]14,30,6)([36]16,35,4)([37]25,22,3)([38]13,31,2)([39]36,13,7)([40]33,39,3)([41]20,23,4)([42]32,38,3)([43]15,19,3)([44]5,25,0)([45]30,30,3)([46]20,13,2)([47]9,40,5)([48]32,21,4)([49]39,0,3)([50]2,37,7)([51]11,28,6)([52]10,32,3)([53]37,49,1)([54]43,42,2)([55]42,37,6)([56]44,48,4)([57]34,29,4)([58]4,27,4)([59]57,22,2)([60]45,37,2)([61]25,16,2)([62]38,29,7)([63]28,45,6)([64]37,40,6)([65]57,57,6)([66]51,61,3)([67]47,56,3)([68]22,5,4)([69]30,15,4)([70]54,57,5)([71]50,48,7)([72]54,68,4)([73]37,64,6)([74]70,47,4)([75]74,0,4)([76]63,42,2)([77]40,73,2)([78]37,69,4)([79]74,70,4)([80]54,38,1)([81]17,57,0)([82]66,75,7)([83]50,19,1)([84]45,69,1)([85]67,58,7)([86]26,71,5)(82)
optimized area: 119.93
time: 570956 ms
seed: 1635202943
{7,1,80,1,2,1,8}([7]6,5,7)([8]5,7,1)([9]4,2,4)([10]7,3,4)([11]7,9,3)([12]11,10,2)([13]4,8,2)([14]7,13,6)([15]10,10,4)([16]0,4,6)([17]0,15,0)([18]1,3,7)([19]4,16,3)([20]6,2,4)([21]5,19,5)([22]13,7,5)([23]18,10,6)([24]20,15,3)([25]22,18,3)([26]19,0,1)([27]19,12,2)([28]23,0,5)([29]4,15,3)([30]25,25,6)([31]2,21,5)([32]28,9,2)([33]14,27,3)([34]20,13,6)([35]29,31,7)([36]18,24,7)([37]4,2,3)([38]17,11,7)([39]35,18,1)([40]6,30,3)([41]25,12,2)([42]34,23,5)([43]24,7,0)([44]36,35,5)([45]27,1,1)([46]4,18,6)([47]2,6,2)([48]14,45,5)([49]0,33,7)([50]45,40,4)([51]34,10,1)([52]1,4,3)([53]7,49,6)([54]41,44,3)([55]54,54,1)([56]38,4,1)([57]55,23,2)([58]9,28,4)([59]49,55,3)([60]28,34,7)([61]50,21,7)([62]37,42,4)([63]1,50,6)([64]46,7,5)([65]41,18,5)([66]62,13,6)([67]34,17,7)([68]3,58,5)([69]13,41,4)([70]42,39,3)([71]47,26,6)([72]63,59,7)([73]47,45,6)([74]11,17,6)([75]13,26,6)([76]3,14,2)([77]62,68,5)([78]32,44,7)([79]10,64,3)([80]31,23,4)([81]49,41,5)([82]38,31,3)([83]72,77,7)([84]69,27,5)([85]8,43,3)([86]45,69,4)(83)
evaluations: 27169537
first invidual area: 131.62
{7,1,80,1,2,1,8}([7]5,6,7)([8]5,1,1)([9]4,2,4)([10]3,7,4)([11]9,7,3)([12]10,11,2)([13]8,4,2)([14]13,8,1)([15]9,4,6)([16]13,10,4)([17]0,13,1)([18]3,1,7)([19]4,17,3)([20]6,2,4)([21]19,5,5)([22]13,7,6)([23]10,18,6)([24]2,21,5)([25]14,18,3)([26]25,18,1)([27]12,19,2)([28]23,0,5)([29]7,28,1)([30]18,2,5)([31]16,6,4)([32]17,10,0)([33]31,21,3)([34]24,31,5)([35]4,24,7)([36]27,11,5)([37]18,20,7)([38]0,15,7)([39]36,27,4)([40]0,36,0)([41]12,25,2)([42]37,14,2)([43]5,41,4)([44]35,37,5)([45]22,27,6)([46]24,19,5)([47]37,23,6)([48]26,6,3)([49]40,45,4)([50]27,48,7)([51]41,44,6)([52]36,31,5)([53]42,23,5)([54]50,9,3)([55]39,52,6)([56]29,40,0)([57]1,50,6)([58]9,28,4)([59]51,49,3)([60]11,58,2)([61]8,2,3)([62]15,53,7)([63]29,55,4)([64]25,21,0)([65]32,15,4)([66]49,51,5)([67]10,9,2)([68]3,58,5)([69]9,21,0)([70]66,58,1)([71]24,66,0)([72]57,59,7)([73]47,24,6)([74]30,9,2)([75]33,69,7)([76]53,25,3)([77]62,68,5)([78]51,57,3)([79]39,13,1)([80]78,5,4)([81]10,24,4)([82]37,51,6)([83]72,77,7)([84]36,44,3)([85]78,24,4)([86]29,33,3)(83)
optimized area: 117.10
time: 585954 ms
seed: 1635379332
NOT FOUND
time: 998763 ms
seed: 1635633661
{7,1,80,1,2,1,8}([7]4,6,5)([8]3,5,4)([9]7,3,7)([10]2,4,6)([11]6,10,4)([12]0,11,7)([13]0,2,4)([14]5,9,3)([15]2,8,5)([16]15,9,7)([17]4,16,0)([18]0,15,6)([19]16,14,3)([20]2,18,7)([21]18,20,0)([22]21,8,4)([23]3,18,0)([24]15,15,2)([25]8,12,4)([26]7,2,7)([27]14,0,6)([28]11,12,3)([29]12,26,1)([30]1,11,3)([31]28,25,6)([32]12,5,3)([33]32,13,7)([34]31,9,7)([35]30,6,7)([36]22,5,0)([37]32,17,7)([38]37,20,5)([39]33,25,5)([40]34,19,5)([41]16,4,4)([42]38,34,7)([43]35,21,7)([44]18,29,5)([45]2,27,6)([46]15,34,4)([47]41,42,6)([48]45,19,6)([49]5,23,1)([50]23,24,2)([51]39,1,5)([52]40,47,7)([53]39,27,0)([54]9,21,7)([55]42,28,4)([56]46,33,2)([57]33,14,3)([58]3,24,1)([59]48,37,2)([60]44,37,6)([61]0,35,4)([62]8,46,6)([63]52,59,3)([64]26,62,0)([65]1,20,6)([66]39,38,4)([67]21,31,2)([68]0,17,4)([69]64,50,5)([70]40,8,2)([71]51,13,0)([72]70,61,4)([73]37,60,7)([74]72,44,0)([75]32,34,0)([76]63,51,2)([77]74,68,5)([78]75,19,7)([79]27,73,6)([80]72,76,4)([81]27,5,1)([82]2,14,4)([83]64,60,0)([84]53,75,4)([85]80,59,7)([86]64,84,6)(85)
evaluations: 30676049
first invidual area: 137.77
{7,1,80,1,2,1,8}([7]6,4,5)([8]5,3,4)([9]3,7,7)([10]4,2,3)([11]10,6,7)([12]11,0,7)([13]2,0,4)([14]8,3,0)([15]2,8,5)([16]15,9,7)([17]12,2,0)([18]11,1,6)([19]5,16,3)([20]11,14,3)([21]13,20,5)([22]6,14,1)([23]14,17,4)([24]0,22,3)([25]20,23,3)([26]2,21,5)([27]19,8,3)([28]0,3,5)([29]12,15,3)([30]24,21,4)([31]17,14,0)([32]12,5,3)([33]13,32,7)([34]25,9,4)([35]18,17,4)([36]22,23,4)([37]32,4,7)([38]37,26,5)([39]33,23,5)([40]34,19,5)([41]17,31,3)([42]38,34,7)([43]30,19,6)([44]3,16,2)([45]35,14,0)([46]4,16,4)([47]22,15,7)([48]42,46,6)([49]42,21,7)([50]10,35,4)([51]39,1,5)([52]40,48,7)([53]42,27,6)([54]40,48,0)([55]29,6,4)([56]11,10,3)([57]41,33,4)([58]4,53,2)([59]53,37,2)([60]2,7,1)([61]7,32,7)([62]32,12,6)([63]52,59,3)([64]7,53,7)([65]17,21,2)([66]60,17,6)([67]61,1,6)([68]30,46,7)([69]55,53,5)([70]54,14,5)([71]60,2,0)([72]70,50,7)([73]72,23,4)([74]38,58,5)([75]26,42,5)([76]63,51,5)([77]18,55,1)([78]0,1,3)([79]75,14,1)([80]76,72,4)([81]48,50,0)([82]67,44,2)([83]21,69,6)([84]64,1,5)([85]80,59,4)([86]56,47,0)(85)
optimized area: 128.86
time: 1206500 ms
seed: 1635681336
{7,1,80,1,2,1,8}([7]2,1,3)([8]6,7,2)([9]4,8,6)([10]7,9,1)([11]8,2,7)([12]5,0,7)([13]1,9,6)([14]12,2,3)([15]0,11,4)([16]12,9,3)([17]13,3,7)([18]15,16,7)([19]1,6,3)([20]18,4,7)([21]19,13,6)([22]13,4,1)([23]13,2,3)([24]18,22,6)([25]8,8,4)([26]14,17,4)([27]9,10,0)([28]8,19,4)([29]4,23,2)([30]8,3,5)([31]12,30,4)([32]20,14,2)([33]19,19,0)([34]25,19,6)([35]24,32,7)([36]3,33,1)([37]32,28,6)([38]24,12,0)([39]14,22,1)([40]24,7,5)([41]21,18,7)([42]23,2,5)([43]31,23,7)([44]29,43,3)([45]4,44,7)([46]37,40,4)([47]31,27,0)([48]41,46,7)([49]8,14,7)([50]24,43,1)([51]48,45,5)([52]37,41,6)([53]47,6,3)([54]42,9,2)([55]26,25,7)([56]27,32,0)([57]36,37,0)([58]53,2,4)([59]58,31,7)([60]51,10,7)([61]52,54,4)([62]17,60,5)([63]26,53,2)([64]60,11,5)([65]15,45,7)([66]61,63,5)([67]56,40,3)([68]30,39,4)([69]66,62,2)([70]65,25,7)([71]64,0,7)([72]1,54,1)([73]22,57,2)([74]47,49,1)([75]10,11,6)([76]22,66,5)([77]5,70,3)([78]6,42,6)([79]74,69,4)([80]65,27,5)([81]0,72,3)([82]16,24,6)([83]79,72,6)([84]82,36,6)([85]21,30,4)([86]35,44,6)(79)
evaluations: 14199068
first invidual area: 139.61
{7,1,80,1,2,1,8}([7]2,1,3)([8]7,6,2)([9]4,8,6)([10]9,9,2)([11]0,2,4)([12]0,5,7)([13]9,1,6)([14]2,12,3)([15]8,11,4)([16]9,12,6)([17]13,3,7)([18]16,15,7)([19]6,1,3)([20]19,4,6)([21]4,18,7)([22]13,2,6)([23]1,18,1)([24]20,10,7)([25]3,8,5)([26]14,17,4)([27]7,13,5)([28]14,21,2)([29]17,9,3)([30]11,4,2)([31]25,12,4)([32]17,2,1)([33]9,22,5)([34]2,32,4)([35]19,8,4)([36]8,12,5)([37]28,35,6)([38]27,18,1)([39]9,31,1)([40]11,25,2)([41]18,20,7)([42]10,14,6)([43]31,22,4)([44]43,30,3)([45]44,4,7)([46]41,27,5)([47]41,37,3)([48]37,46,7)([49]31,6,3)([50]4,1,2)([51]48,45,5)([52]50,42,0)([53]26,49,2)([54]51,7,4)([55]6,0,2)([56]12,8,0)([57]11,10,0)([58]4,4,7)([59]55,20,2)([60]6,33,2)([61]47,33,4)([62]17,54,5)([63]3,17,6)([64]44,30,5)([65]33,37,7)([66]61,53,5)([67]18,3,6)([68]40,44,7)([69]66,62,5)([70]36,60,4)([71]37,6,7)([72]56,30,0)([73]23,55,2)([74]22,59,1)([75]71,51,3)([76]0,66,5)([77]74,49,1)([78]21,61,5)([79]75,48,6)([80]69,31,4)([81]62,64,7)([82]68,63,6)([83]76,28,6)([84]64,63,4)([85]72,0,5)([86]37,59,7)(80)
optimized area: 127.44
time: 1314449 ms
seed: 1635729193
{7,1,80,1,2,1,8}([7]6,3,7)([8]7,5,4)([9]1,8,7)([10]4,9,2)([11]6,0,4)([12]10,5,6)([13]10,6,7)([14]12,11,7)([15]8,10,6)([16]5,13,5)([17]5,2,7)([18]15,14,7)([19]1,18,7)([20]2,1,3)([21]16,8,7)([22]12,5,4)([23]1,4,4)([24]21,19,2)([25]18,1,1)([26]19,15,1)([27]6,7,2)([28]5,2,0)([29]18,17,7)([30]2,20,5)([31]27,23,4)([32]5,10,5)([33]2,6,4)([34]3,31,7)([35]0,7,5)([36]14,24,4)([37]13,27,6)([38]36,16,0)([39]2,30,7)([40]37,15,7)([41]35,19,3)([42]7,37,3)([43]21,10,7)([44]35,11,1)([45]17,41,3)([46]7,20,2)([47]10,39,1)([48]40,38,0)([49]12,0,7)([50]20,12,7)([51]18,30,1)([52]51,43,2)([53]52,31,4)([54]53,38,2)([55]20,45,5)([56]35,18,1)([57]28,20,1)([58]28,36,4)([59]4,41,3)([60]50,10,3)([61]49,13,0)([62]36,42,3)([63]47,62,7)([64]47,5,2)([65]47,34,1)([66]50,34,5)([67]62,1,3)([68]54,29,6)([69]66,66,1)([70]66,17,4)([71]55,34,2)([72]68,71,7)([73]17,40,4)([74]7,19,7)([75]70,8,5)([76]15,15,6)([77]73,72,4)([78]24,70,3)([79]32,21,2)([80]34,13,4)([81]40,79,0)([82]27,45,5)([83]51,43,0)([84]18,27,1)([85]65,82,4)([86]77,65,7)(86)
evaluations: 32288455
first invidual area: 143.41
{7,1,80,1,2,1,8}([7]3,5,7)([8]7,6,4)([9]1,8,7)([10]9,4,2)([11]6,0,4)([12]5,10,3)([13]6,10,7)([14]12,11,4)([15]10,8,6)([16]5,13,5)([17]2,5,7)([18]15,14,7)([19]1,18,7)([20]1,2,3)([21]8,16,7)([22]3,1,4)([23]1,4,7)([24]19,21,5)([25]21,0,5)([26]2,19,4)([27]6,3,2)([28]12,20,4)([29]9,13,1)([30]5,8,5)([31]27,23,7)([32]8,22,6)([33]10,15,6)([34]31,3,7)([35]18,3,0)([36]24,14,7)([37]13,27,6)([38]33,15,0)([39]21,10,7)([40]0,5,2)([41]17,25,3)([42]26,14,4)([43]35,21,0)([44]8,41,1)([45]19,41,3)([46]39,17,5)([47]35,21,0)([48]9,29,7)([49]38,37,4)([50]18,40,1)([51]46,31,7)([52]18,49,7)([53]24,1,3)([54]51,36,5)([55]0,16,6)([56]29,51,7)([57]18,17,7)([58]5,27,3)([59]1,12,1)([60]13,57,0)([61]13,44,7)([62]58,23,7)([63]20,45,5)([64]2,48,6)([65]24,6,3)([66]22,16,6)([67]51,64,1)([68]54,57,6)([69]39,64,0)([70]61,2,5)([71]63,34,5)([72]71,68,4)([73]24,0,0)([74]8,65,5)([75]12,16,5)([76]49,24,2)([77]64,28,0)([78]52,72,4)([79]61,21,5)([80]73,50,5)([81]48,60,3)([82]39,78,0)([83]58,31,4)([84]13,27,6)([85]36,81,4)([86]71,83,1)(78)
optimized area: 134.98
time: 1190868 ms
seed: 1635776428
{7,1,80,1,2,1,8}([7]6,3,2)([8]1,3,2)([9]7,2,6)([10]4,0,3)([11]3,3,3)([12]8,9,6)([13]10,3,0)([14]0,7,0)([15]0,6,3)([16]6,11,6)([17]15,12,2)([18]4,11,7)([19]16,1,7)([20]17,10,2)([21]1,3,4)([22]5,6,1)([23]5,19,7)([24]4,3,3)([25]19,17,7)([26]13,22,4)([27]12,25,6)([28]7,8,1)([29]5,25,0)([30]2,20,6)([31]4,7,6)([32]28,15,5)([33]4,13,5)([34]14,12,6)([35]18,2,7)([36]8,17,4)([37]23,33,3)([38]26,23,3)([39]37,34,6)([40]28,29,7)([41]38,1,7)([42]35,20,6)([43]32,38,3)([44]39,40,6)([45]0,44,4)([46]18,44,7)([47]39,3,7)([48]35,41,2)([49]41,1,7)([50]48,13,1)([51]50,25,3)([52]32,36,2)([53]23,51,1)([54]46,30,3)([55]19,19,5)([56]1,43,2)([57]3,47,2)([58]49,49,4)([59]55,47,2)([60]56,54,7)([61]52,42,7)([62]42,2,6)([63]62,1,6)([64]47,47,2)([65]29,0,3)([66]60,61,6)([67]51,45,5)([68]67,37,0)([69]66,67,7)([70]55,23,0)([71]36,26,2)([72]30,12,7)([73]24,49,1)([74]39,31,1)([75]57,55,1)([76]57,4,6)([77]39,7,5)([78]45,15,7)([79]28,34,6)([80]73,63,1)([81]10,44,0)([82]34,79,7)([83]75,81,2)([84]30,1,5)([85]66,68,4)([86]71,44,1)(85)
evaluations: 9209960
first invidual area: 129.29
{7,1,80,1,2,1,8}([7]6,3,2)([8]1,3,2)([9]3,6,3)([10]4,5,1)([11]2,7,6)([12]2,0,6)([13]8,11,6)([14]0,4,3)([15]6,0,3)([16]1,15,0)([17]15,13,2)([18]3,4,4)([19]9,16,4)([20]7,17,1)([21]14,17,2)([22]5,14,2)([23]5,19,6)([24]1,23,7)([25]15,22,0)([26]7,5,4)([27]19,17,7)([28]24,13,7)([29]27,24,2)([30]22,29,0)([31]10,23,3)([32]20,25,5)([33]8,20,6)([34]30,10,6)([35]2,18,4)([36]35,10,4)([37]2,21,6)([38]9,27,2)([39]31,12,6)([40]1,34,4)([41]2,29,7)([42]35,21,6)([43]38,16,6)([44]39,26,6)([45]40,17,6)([46]32,23,3)([47]36,9,7)([48]35,40,5)([49]21,42,2)([50]18,44,4)([51]48,27,3)([52]38,32,5)([53]50,37,3)([54]30,46,3)([55]20,23,1)([56]14,32,6)([57]37,6,1)([58]44,0,4)([59]1,54,5)([60]59,53,4)([61]52,42,4)([62]37,4,6)([63]31,32,7)([64]46,29,0)([65]60,3,2)([66]60,61,3)([67]58,51,5)([68]43,28,0)([69]66,67,7)([70]50,33,4)([71]53,51,6)([72]33,13,4)([73]40,11,5)([74]49,50,0)([75]18,4,5)([76]57,54,6)([77]21,56,4)([78]49,34,6)([79]42,21,3)([80]41,7,7)([81]66,30,3)([82]36,41,6)([83]49,80,2)([84]83,62,7)([85]56,51,6)([86]78,17,7)(69)
optimized area: 119.90
time: 1261759 ms
seed: 1635823384
NOT FOUND
time: 1061783 ms
seed: 1635866520
{7,1,80,1,2,1,8}([7]1,3,4)([8]3,2,6)([9]3,7,3)([10]7,0,5)([11]10,6,3)([12]2,11,2)([13]5,7,7)([14]13,2,7)([15]14,7,2)([16]11,0,7)([17]13,1,6)([18]15,6,6)([19]7,9,7)([20]18,4,7)([21]17,18,6)([22]20,14,3)([23]12,21,4)([24]23,0,0)([25]17,21,7)([26]25,24,6)([27]16,26,3)([28]16,1,6)([29]13,13,1)([30]16,17,7)([31]11,4,2)([32]31,7,4)([33]28,8,3)([34]4,24,3)([35]34,7,7)([36]22,20,5)([37]14,14,2)([38]21,30,3)([39]19,35,5)([40]19,21,4)([41]8,8,5)([42]25,32,7)([43]19,6,6)([44]21,5,4)([45]27,34,2)([46]33,10,7)([47]40,29,6)([48]3,22,4)([49]7,3,3)([50]25,0,3)([51]15,49,7)([52]21,12,6)([53]46,14,7)([54]48,45,7)([55]19,17,2)([56]32,31,3)([57]53,22,4)([58]54,53,3)([59]43,12,5)([60]42,58,5)([61]58,42,6)([62]2,36,1)([63]43,55,2)([64]44,0,4)([65]0,47,5)([66]29,53,3)([67]64,39,4)([68]29,8,0)([69]59,27,1)([70]17,46,4)([71]61,67,7)([72]60,59,3)([73]33,66,0)([74]6,73,6)([75]41,70,1)([76]31,36,1)([77]16,10,3)([78]55,16,0)([79]31,28,6)([80]27,79,6)([81]16,41,5)([82]78,74,6)([83]34,62,0)([84]38,10,6)([85]71,72,2)([86]3,25,5)(85)
evaluations: 32665703
first invidual area: 145.73
{7,1,80,1,2,1,8}([7]3,1,4)([8]3,1,5)([9]5,0,0)([10]0,7,5)([11]6,10,3)([12]11,2,5)([13]9,7,7)([14]13,2,7)([15]14,7,2)([16]11,0,2)([17]13,1,6)([18]6,15,6)([19]2,3,6)([20]4,18,6)([21]18,17,6)([22]14,20,3)([23]12,21,7)([24]1,16,6)([25]20,18,0)([26]23,16,1)([27]16,26,3)([28]3,22,3)([29]14,12,0)([30]27,22,5)([31]11,4,5)([32]31,7,4)([33]24,19,6)([34]4,23,3)([35]7,34,7)([36]23,14,5)([37]22,3,4)([38]27,34,5)([39]8,35,5)([40]18,27,5)([41]36,23,6)([42]32,40,7)([43]32,11,0)([44]15,26,3)([45]33,43,6)([46]10,33,4)([47]42,32,7)([48]43,29,7)([49]5,0,7)([50]42,23,0)([51]50,6,3)([52]48,17,4)([53]29,46,7)([54]37,38,4)([55]6,50,3)([56]42,13,4)([57]34,32,6)([58]54,53,3)([59]14,17,7)([60]53,53,3)([61]43,23,7)([62]10,0,6)([63]58,50,6)([64]49,21,7)([65]21,35,7)([66]50,23,7)([67]64,39,4)([68]30,38,2)([69]7,12,1)([70]1,1,7)([71]4,58,5)([72]71,55,3)([73]67,63,7)([74]73,25,4)([75]48,59,6)([76]50,29,2)([77]48,12,0)([78]58,41,2)([79]5,77,4)([80]64,19,3)([81]13,49,7)([82]14,74,4)([83]25,56,5)([84]47,64,7)([85]73,72,2)([86]23,25,0)(85)
optimized area: 128.83
time: 1201763 ms
seed: 1635908459
NOT FOUND
time: 1061603 ms
seed: 1635944795
{7,1,80,1,2,1,8}([7]4,6,7)([8]7,1,5)([9]0,7,1)([10]4,1,6)([11]3,10,7)([12]2,10,7)([13]12,5,7)([14]13,8,2)([15]12,2,2)([16]6,3,4)([17]5,15,4)([18]5,3,7)([19]14,16,4)([20]17,18,4)([21]18,16,5)([22]16,15,3)([23]16,1,7)([24]19,4,2)([25]20,23,2)([26]17,21,7)([27]10,23,3)([28]1,10,6)([29]1,5,6)([30]19,0,3)([31]27,26,7)([32]11,30,5)([33]23,1,0)([34]29,28,2)([35]33,15,0)([36]21,0,7)([37]32,31,2)([38]2,35,7)([39]34,37,6)([40]29,3,3)([41]38,0,2)([42]16,2,4)([43]13,24,3)([44]36,41,7)([45]39,36,7)([46]40,42,6)([47]38,45,2)([48]46,14,4)([49]31,47,7)([50]28,19,7)([51]43,48,4)([52]19,45,1)([53]12,6,7)([54]21,52,4)([55]25,49,7)([56]37,2,4)([57]55,51,5)([58]51,5,4)([59]26,21,0)([60]35,3,1)([61]18,51,6)([62]3,16,5)([63]57,45,7)([64]35,23,5)([65]49,41,6)([66]0,26,6)([67]53,30,2)([68]38,67,1)([69]67,14,7)([70]68,37,0)([71]40,33,0)([72]31,31,7)([73]52,26,0)([74]66,41,1)([75]3,63,7)([76]12,64,7)([77]44,25,5)([78]30,57,4)([79]50,39,1)([80]14,10,7)([81]48,66,4)([82]51,21,3)([83]58,79,6)([84]62,34,5)([85]7,0,7)([86]0,29,5)(75)
evaluations: 47881172
first invidual area: 148.10
{7,1,80,1,2,1,8}([7]4,6,7)([8]7,1,5)([9]1,5,0)([10]4,9,6)([11]3,10,7)([12]2,10,7)([13]12,5,7)([14]13,8,2)([15]12,10,2)([16]6,3,4)([17]5,15,4)([18]5,3,7)([19]14,16,4)([20]17,18,4)([21]18,16,5)([22]3,3,2)([23]16,9,7)([24]19,4,2)([25]20,23,2)([26]17,21,7)([27]10,23,3)([28]0,11,5)([29]1,5,6)([30]19,0,3)([31]27,26,7)([32]11,30,5)([33]23,6,7)([34]29,4,2)([35]34,30,4)([36]21,0,7)([37]32,31,2)([38]2,23,7)([39]34,37,6)([40]29,3,3)([41]34,9,2)([42]16,2,4)([43]13,24,3)([44]11,22,5)([45]39,36,7)([46]40,42,6)([47]38,45,2)([48]46,14,4)([49]31,47,7)([50]9,44,5)([51]43,48,4)([52]42,7,2)([53]35,33,7)([54]22,25,1)([55]25,49,7)([56]26,41,4)([57]55,51,5)([58]30,5,7)([59]23,38,0)([60]53,0,0)([61]11,2,2)([62]18,8,0)([63]57,45,7)([64]5,8,2)([65]63,46,3)([66]12,53,3)([67]31,16,4)([68]18,57,0)([69]22,51,4)([70]14,1,6)([71]46,60,6)([72]48,60,7)([73]34,42,7)([74]24,41,2)([75]3,63,7)([76]32,30,4)([77]50,56,2)([78]48,35,4)([79]65,54,3)([80]34,67,5)([81]37,19,6)([82]63,58,7)([83]55,62,3)([84]24,18,0)([85]1,75,7)([86]69,57,7)(75)
optimized area: 145.76
time: 1079236 ms
seed: 1635980951
{7,1,80,1,2,1,8}([7]6,3,4)([8]3,4,3)([9]5,2,7)([10]6,2,6)([11]10,5,4)([12]7,10,4)([13]8,0,1)([14]13,2,5)([15]3,7,2)([16]13,15,3)([17]16,11,3)([18]14,5,5)([19]17,14,4)([20]3,19,7)([21]4,1,7)([22]13,10,5)([23]12,0,7)([24]3,8,0)([25]24,2,2)([26]21,20,4)([27]1,26,3)([28]27,24,7)([29]23,1,4)([30]23,19,2)([31]28,9,4)([32]31,9,2)([33]10,2,0)([34]23,31,5)([35]13,6,3)([36]33,0,1)([37]0,31,7)([38]5,7,7)([39]26,4,6)([40]32,35,3)([41]22,26,2)([42]37,2,7)([43]8,40,4)([44]37,1,4)([45]40,9,2)([46]35,45,4)([47]12,37,2)([48]9,12,6)([49]2,21,5)([50]45,34,1)([51]41,18,7)([52]51,37,4)([53]30,37,6)([54]9,46,0)([55]40,44,6)([56]6,52,6)([57]53,50,2)([58]48,34,0)([59]44,49,2)([60]53,37,4)([61]52,30,5)([62]31,33,4)([63]12,46,6)([64]46,40,4)([65]57,4,0)([66]63,59,6)([67]53,34,2)([68]51,0,6)([69]35,12,1)([70]67,51,6)([71]67,17,4)([72]28,39,1)([73]37,72,4)([74]1,37,4)([75]17,4,6)([76]6,58,1)([77]46,62,1)([78]9,0,4)([79]55,63,0)([80]66,70,2)([81]16,50,4)([82]42,80,7)([83]39,13,4)([84]62,8,0)([85]40,82,7)([86]78,6,1)(85)
evaluations: 23367650
first invidual area: 139.63
{7,1,80,1,2,1,8}([7]6,3,4)([8]7,3,2)([9]5,2,7)([10]6,2,6)([11]3,6,0)([12]7,10,4)([13]3,4,6)([14]13,2,5)([15]10,9,6)([16]10,5,4)([17]16,13,3)([18]8,17,3)([19]18,14,5)([20]8,5,0)([21]1,4,7)([22]13,19,6)([23]17,10,5)([24]9,12,0)([25]19,21,7)([26]25,3,4)([27]1,26,6)([28]9,11,7)([29]5,14,5)([30]12,0,3)([31]28,27,7)([32]31,8,3)([33]21,2,5)([34]7,25,1)([35]13,6,3)([36]17,2,6)([37]0,31,7)([38]31,17,2)([39]9,35,5)([40]38,35,3)([41]26,23,5)([42]40,2,4)([43]5,10,3)([44]37,1,4)([45]29,41,4)([46]26,28,5)([47]20,26,4)([48]20,44,7)([49]21,44,0)([50]5,24,6)([51]39,40,2)([52]3,1,3)([53]3,43,7)([54]14,25,2)([55]19,6,2)([56]36,37,6)([57]46,14,6)([58]9,22,6)([59]44,33,2)([60]42,52,2)([61]13,7,0)([62]46,42,6)([63]12,51,6)([64]50,54,4)([65]56,43,3)([66]63,45,6)([67]56,30,2)([68]6,59,3)([69]61,42,2)([70]67,59,6)([71]36,36,5)([72]12,35,2)([73]64,33,7)([74]47,4,6)([75]36,70,3)([76]21,24,5)([77]13,46,6)([78]58,46,5)([79]4,63,2)([80]70,66,5)([81]17,52,2)([82]42,80,4)([83]54,37,4)([84]50,83,5)([85]37,82,4)([86]16,30,5)(85)
optimized area: 127.43
time: 1297007 ms
seed: 1636016830
{7,1,80,1,2,1,8}([7]5,6,5)([8]1,3,4)([9]6,3,7)([10]0,8,1)([11]6,2,4)([12]5,1,4)([13]9,6,5)([14]12,10,4)([15]3,6,4)([16]4,7,6)([17]15,7,2)([18]14,17,3)([19]1,18,5)([20]12,10,1)([21]8,20,5)([22]8,4,6)([23]9,12,3)([24]19,23,0)([25]14,4,0)([26]6,11,4)([27]21,17,4)([28]14,27,7)([29]23,26,7)([30]28,22,3)([31]2,25,4)([32]31,30,6)([33]26,30,4)([34]30,0,5)([35]4,13,4)([36]3,24,2)([37]29,32,4)([38]30,15,4)([39]27,19,6)([40]7,20,7)([41]11,24,0)([42]11,34,5)([43]35,32,3)([44]30,38,1)([45]33,27,7)([46]22,10,6)([47]22,14,6)([48]20,43,3)([49]5,42,4)([50]13,36,5)([51]1,43,7)([52]21,41,4)([53]16,27,6)([54]37,48,2)([55]41,7,4)([56]45,7,4)([57]40,8,5)([58]29,14,4)([59]36,41,5)([60]49,37,2)([61]1,25,5)([62]57,43,7)([63]51,60,5)([64]59,14,0)([65]56,46,0)([66]41,44,5)([67]28,60,4)([68]2,4,1)([69]9,44,5)([70]48,6,5)([71]66,39,6)([72]19,62,5)([73]20,31,2)([74]8,15,7)([75]0,0,3)([76]72,54,6)([77]54,35,4)([78]41,11,1)([79]76,63,7)([80]76,17,7)([81]56,74,3)([82]12,75,1)([83]19,74,1)([84]15,50,0)([85]61,67,2)([86]28,79,7)(86)
evaluations: 42813966
first invidual area: 134.48
{7,1,80,1,2,1,8}([7]4,0,5)([8]3,1,4)([9]6,3,7)([10]6,5,5)([11]9,6,5)([12]5,1,4)([13]9,12,3)([14]12,0,7)([15]9,7,1)([16]5,0,3)([17]15,10,2)([18]14,17,3)([19]12,3,1)([20]15,16,1)([21]8,19,5)([22]8,4,6)([23]17,13,6)([24]2,1,5)([25]6,2,4)([26]5,15,5)([27]21,17,4)([28]14,27,7)([29]13,2,7)([30]22,28,3)([31]2,14,4)([32]30,31,6)([33]30,31,0)([34]0,30,5)([35]11,4,4)([36]5,11,0)([37]36,28,7)([38]26,30,0)([39]11,1,3)([40]29,32,4)([41]9,29,6)([42]25,34,5)([43]35,32,3)([44]1,18,5)([45]11,31,7)([46]31,25,4)([47]40,41,2)([48]11,43,3)([49]5,42,4)([50]41,0,4)([51]43,1,7)([52]19,24,5)([53]38,48,4)([54]40,48,2)([55]29,35,0)([56]25,14,0)([57]38,8,5)([58]45,34,4)([59]13,58,3)([60]49,54,2)([61]55,33,3)([62]57,43,7)([63]51,60,5)([64]41,48,0)([65]38,33,3)([66]29,57,4)([67]35,42,4)([68]42,17,1)([69]53,20,7)([70]31,68,7)([71]46,58,2)([72]44,62,5)([73]22,38,4)([74]59,47,2)([75]10,55,1)([76]72,54,3)([77]45,42,7)([78]13,63,1)([79]76,63,5)([80]2,8,3)([81]8,47,3)([82]39,62,4)([83]71,35,3)([84]14,16,2)([85]34,70,0)([86]28,79,7)(86)
optimized area: 119.46
time: 1116018 ms
seed: 1636051536
NOT FOUND
time: 1079310 ms
seed: 1636085427
{7,1,80,1,2,1,8}([7]2,3,6)([8]6,4,7)([9]3,0,3)([10]5,8,2)([11]6,3,4)([12]1,8,3)([13]0,7,7)([14]11,12,2)([15]12,10,7)([16]5,10,7)([17]13,15,7)([18]2,4,2)([19]17,2,5)([20]15,1,4)([21]16,6,7)([22]21,20,7)([23]9,2,0)([24]22,17,3)([25]19,10,6)([26]18,14,3)([27]24,19,7)([28]17,25,2)([29]12,22,3)([30]27,13,3)([31]0,6,0)([32]20,11,7)([33]6,19,3)([34]1,29,4)([35]10,8,0)([36]9,30,4)([37]18,27,5)([38]33,22,4)([39]16,26,7)([40]21,13,0)([41]18,10,6)([42]32,39,5)([43]23,1,3)([44]43,22,4)([45]7,20,7)([46]42,36,2)([47]21,17,7)([48]25,46,7)([49]16,7,7)([50]20,31,6)([51]31,31,2)([52]35,27,4)([53]38,23,7)([54]44,48,3)([55]41,45,3)([56]34,48,3)([57]1,39,2)([58]38,55,6)([59]56,47,7)([60]13,4,2)([61]16,36,1)([62]58,44,4)([63]58,59,4)([64]47,17,6)([65]29,17,3)([66]15,3,2)([67]65,38,5)([68]5,28,5)([69]24,7,5)([70]53,12,5)([71]58,24,7)([72]12,61,2)([73]69,48,5)([74]54,63,5)([75]7,36,3)([76]33,75,1)([77]48,57,3)([78]40,51,1)([79]23,63,7)([80]46,33,7)([81]74,15,5)([82]18,26,2)([83]7,6,6)([84]82,82,1)([85]60,15,0)([86]28,5,2)(74)
evaluations: 19041053
first invidual area: 148.56
{7,1,80,1,2,1,8}([7]3,2,6)([8]4,6,7)([9]3,0,3)([10]5,8,2)([11]6,3,4)([12]1,8,6)([13]0,7,7)([14]10,12,6)([15]14,10,1)([16]10,5,7)([17]15,13,7)([18]2,4,2)([19]2,17,5)([20]15,1,4)([21]16,6,7)([22]21,20,7)([23]20,11,7)([24]17,22,3)([25]19,10,3)([26]19,6,3)([27]25,24,2)([28]18,14,3)([29]28,16,7)([30]27,13,3)([31]11,0,4)([32]0,4,3)([33]8,27,7)([34]28,17,5)([35]1,1,4)([36]9,30,4)([37]31,29,1)([38]22,26,4)([39]6,18,5)([40]7,20,7)([41]18,10,6)([42]23,29,5)([43]9,40,6)([44]22,43,6)([45]17,27,0)([46]42,36,5)([47]21,17,4)([48]25,46,7)([49]31,11,4)([50]4,1,2)([51]5,12,4)([52]1,12,6)([53]1,18,4)([54]48,44,3)([55]41,40,3)([56]48,52,6)([57]0,1,2)([58]38,55,3)([59]56,47,4)([60]24,30,0)([61]52,27,2)([62]22,5,3)([63]58,59,4)([64]60,61,5)([65]45,9,0)([66]54,63,5)([67]35,20,0)([68]61,64,6)([69]65,44,6)([70]21,21,3)([71]11,17,1)([72]29,48,4)([73]27,56,4)([74]28,32,1)([75]0,34,3)([76]41,48,4)([77]21,28,0)([78]4,6,0)([79]27,63,6)([80]41,39,6)([81]77,12,3)([82]4,33,7)([83]70,57,0)([84]15,15,6)([85]58,21,0)([86]30,0,3)(66)
optimized area: 135.41
time: 1367409 ms
seed: 1636118439
{7,1,80,1,2,1,8}([7]4,3,7)([8]3,1,4)([9]7,6,6)([10]3,5,7)([11]10,2,1)([12]9,4,7)([13]1,5,6)([14]6,0,4)([15]14,1,4)([16]12,13,6)([17]16,4,7)([18]17,15,3)([19]7,18,7)([20]19,2,5)([21]0,7,7)([22]6,4,2)([23]21,2,2)([24]21,18,3)([25]10,1,5)([26]6,16,4)([27]20,4,3)([28]23,27,4)([29]15,3,5)([30]11,26,7)([31]9,27,4)([32]16,4,2)([33]22,8,4)([34]4,24,5)([35]19,28,7)([36]25,29,5)([37]30,35,0)([38]31,4,3)([39]38,33,5)([40]30,33,5)([41]32,0,7)([42]1,33,0)([43]26,2,4)([44]40,38,5)([45]39,32,0)([46]30,39,6)([47]4,34,2)([48]44,9,5)([49]30,20,3)([50]10,47,0)([51]20,32,0)([52]24,32,3)([53]37,23,4)([54]27,3,2)([55]7,29,2)([56]54,11,6)([57]35,36,6)([58]42,5,2)([59]6,37,4)([60]57,48,4)([61]57,23,4)([62]34,11,6)([63]31,23,1)([64]6,13,6)([65]62,42,1)([66]5,41,4)([67]10,16,3)([68]63,32,5)([69]31,7,5)([70]58,40,4)([71]53,28,0)([72]56,22,3)([73]9,70,7)([74]66,31,4)([75]15,18,3)([76]40,74,5)([77]72,50,0)([78]49,45,7)([79]24,31,0)([80]1,60,3)([81]10,2,3)([82]15,65,0)([83]76,0,3)([84]40,21,3)([85]61,78,3)([86]85,76,7)(86)
evaluations: 32407321
first invidual area: 141.06
{7,1,80,1,2,1,8}([7]4,3,7)([8]5,1,6)([9]6,7,6)([10]3,5,7)([11]1,6,3)([12]4,9,7)([13]1,3,7)([14]7,0,7)([15]0,11,4)([16]8,12,6)([17]16,4,7)([18]15,17,6)([19]18,7,4)([20]2,19,5)([21]12,18,5)([22]4,16,5)([23]2,14,2)([24]4,6,5)([25]1,10,5)([26]6,16,4)([27]4,20,6)([28]23,27,4)([29]23,24,7)([30]10,26,4)([31]9,27,7)([32]17,0,4)([33]24,13,4)([34]10,17,0)([35]15,3,5)([36]3,5,3)([37]9,18,0)([38]31,4,3)([39]38,33,5)([40]30,33,5)([41]5,0,7)([42]35,25,5)([43]28,19,4)([44]28,33,6)([45]14,7,4)([46]26,4,6)([47]0,30,5)([48]47,32,1)([49]20,30,6)([50]42,43,3)([51]10,16,6)([52]5,5,4)([53]37,3,0)([54]51,23,3)([55]9,14,3)([56]8,5,4)([57]11,44,6)([58]29,30,4)([59]51,30,7)([60]31,9,4)([61]23,50,7)([62]9,42,3)([63]57,14,3)([64]55,51,7)([65]0,5,1)([66]22,41,7)([67]46,0,7)([68]40,5,0)([69]66,31,4)([70]2,40,1)([71]31,13,7)([72]71,41,6)([73]14,8,0)([74]30,49,1)([75]3,64,7)([76]40,69,5)([77]58,39,4)([78]49,39,4)([79]56,38,0)([80]26,21,2)([81]70,55,5)([82]16,36,1)([83]50,73,2)([84]65,50,3)([85]61,78,6)([86]85,76,4)(86)
optimized area: 136.37
time: 1193392 ms
seed: 1636151192
NOT FOUND
time: 1053046 ms
seed: 1636183557
NOT FOUND
time: 1066432 ms
seed: 1636214207
{7,1,80,1,2,1,8}([7]1,6,5)([8]5,3,4)([9]7,1,1)([10]3,1,7)([11]4,7,2)([12]2,0,6)([13]10,6,6)([14]7,5,3)([15]2,6,4)([16]8,12,4)([17]15,13,6)([18]0,15,7)([19]15,10,3)([20]17,1,3)([21]0,10,3)([22]8,13,6)([23]21,5,1)([24]8,20,7)([25]7,18,0)([26]13,0,7)([27]10,16,6)([28]9,5,7)([29]11,14,2)([30]15,8,0)([31]27,19,4)([32]6,2,0)([33]11,24,6)([34]28,27,2)([35]17,0,3)([36]5,6,7)([37]36,11,5)([38]3,15,6)([39]33,26,7)([40]37,35,5)([41]36,28,0)([42]24,22,4)([43]10,14,5)([44]15,43,5)([45]23,22,4)([46]23,33,7)([47]46,13,7)([48]31,40,0)([49]27,28,4)([50]4,30,1)([51]43,37,6)([52]41,27,2)([53]50,45,2)([54]42,11,0)([55]12,3,5)([56]40,48,2)([57]34,55,2)([58]52,4,4)([59]49,2,2)([60]58,59,7)([61]44,11,0)([62]4,59,5)([63]18,35,0)([64]44,53,7)([65]18,41,6)([66]53,42,3)([67]36,24,3)([68]56,64,3)([69]60,68,3)([70]46,17,7)([71]69,39,4)([72]32,71,7)([73]23,41,7)([74]14,11,6)([75]62,59,0)([76]13,47,2)([77]71,16,3)([78]37,23,7)([79]46,13,1)([80]65,60,5)([81]74,4,5)([82]38,18,4)([83]46,28,6)([84]2,57,1)([85]41,64,4)([86]68,59,3)(72)
evaluations: 7820319
first invidual area: 135.40
{7,1,80,1,2,1,8}([7]1,6,5)([8]3,5,4)([9]6,6,3)([10]1,3,7)([11]8,9,5)([12]4,1,1)([13]10,6,6)([14]13,0,5)([15]2,6,4)([16]15,9,5)([17]13,15,6)([18]8,10,0)([19]9,13,6)([20]8,17,4)([21]16,18,2)([22]7,4,2)([23]1,17,3)([24]8,22,1)([25]8,13,3)([26]21,20,7)([27]10,21,6)([28]8,23,7)([29]10,0,3)([30]14,27,4)([31]17,0,3)([32]24,30,2)([33]22,28,3)([34]33,19,7)([35]27,5,7)([36]5,6,7)([37]22,36,5)([38]37,31,5)([39]19,14,1)([40]33,28,5)([41]25,29,4)([42]39,27,4)([43]10,11,5)([44]26,6,6)([45]30,24,2)([46]41,12,2)([47]18,44,0)([48]38,30,2)([49]0,26,7)([50]40,47,0)([51]15,43,5)([52]36,27,2)([53]12,41,5)([54]43,44,2)([55]54,22,1)([56]35,7,7)([57]24,11,3)([58]52,4,3)([59]56,2,5)([60]50,32,5)([61]58,59,4)([62]29,37,0)([63]14,10,4)([64]13,17,7)([65]7,13,2)([66]53,51,4)([67]31,59,3)([68]48,66,3)([69]61,68,3)([70]59,8,3)([71]34,69,7)([72]0,71,7)([73]26,29,1)([74]2,2,0)([75]18,48,3)([76]8,58,7)([77]73,71,6)([78]1,15,7)([79]54,52,2)([80]73,68,7)([81]9,44,0)([82]72,6,2)([83]58,81,5)([84]37,59,4)([85]36,3,2)([86]33,80,7)(72)
optimized area: 123.20
time: 1246585 ms
seed: 1636244165
{7,1,80,1,2,1,8}([7]5,0,4)([8]4,2,5)([9]1,4,6)([10]0,2,6)([11]10,4,5)([12]5,1,5)([13]7,9,7)([14]8,12,7)([15]5,3,7)([16]2,3,6)([17]6,15,4)([18]9,17,7)([19]3,7,2)([20]4,10,7)([21]16,11,5)([22]1,8,4)([23]22,3,6)([24]13,10,3)([25]5,6,6)([26]18,4,7)([27]8,18,5)([28]14,10,1)([29]3,6,5)([30]10,19,2)([31]24,11,7)([32]17,2,7)([33]2,30,0)([34]13,27,6)([35]23,1,2)([36]33,10,4)([37]10,19,7)([38]34,17,3)([39]6,32,6)([40]23,38,6)([41]29,29,6)([42]37,40,3)([43]9,33,5)([44]29,1,4)([45]4,16,6)([46]39,45,4)([47]22,39,6)([48]42,21,2)([49]16,47,1)([50]23,46,2)([51]7,29,6)([52]13,14,1)([53]52,50,6)([54]36,18,7)([55]30,14,7)([56]54,20,6)([57]56,55,5)([58]55,25,3)([59]25,34,7)([60]53,44,4)([61]48,47,3)([62]7,14,7)([63]33,27,2)([64]24,0,0)([65]47,48,5)([66]18,59,3)([67]24,22,2)([68]41,51,3)([69]27,49,7)([70]15,3,6)([71]57,61,2)([72]47,29,3)([73]39,5,7)([74]24,15,0)([75]74,35,0)([76]16,6,1)([77]44,10,2)([78]8,62,4)([79]62,0,3)([80]7,34,4)([81]65,69,5)([82]64,43,1)([83]8,32,1)([84]66,31,4)([85]15,69,1)([86]71,60,4)(86)
evaluations: 20271277
first invidual area: 138.68
{7,1,80,1,2,1,8}([7]0,5,4)([8]2,4,5)([9]4,1,3)([10]2,0,6)([11]3,2,6)([12]3,9,0)([13]3,7,5)([14]10,4,0)([15]5,3,7)([16]1,1,3)([17]15,6,4)([18]2,16,5)([19]18,16,5)([20]5,1,5)([21]17,19,7)([22]1,8,4)([23]21,10,7)([24]22,3,7)([25]9,7,7)([26]21,4,4)([27]3,22,6)([28]1,26,3)([29]24,2,2)([30]14,15,5)([31]8,9,5)([32]6,3,5)([33]30,11,5)([34]31,13,6)([35]17,34,6)([36]15,12,6)([37]4,32,7)([38]30,31,0)([39]21,6,6)([40]23,11,2)([41]14,13,4)([42]35,41,3)([43]29,23,2)([44]42,13,4)([45]38,4,6)([46]39,18,7)([47]22,39,6)([48]33,42,2)([49]26,5,2)([50]27,46,2)([51]47,48,6)([52]16,32,4)([53]25,50,3)([54]20,8,4)([55]30,54,7)([56]23,26,6)([57]56,55,5)([58]47,48,3)([59]12,33,2)([60]9,4,5)([61]12,19,2)([62]40,52,7)([63]60,28,1)([64]55,53,1)([65]52,53,4)([66]64,21,6)([67]61,30,4)([68]61,55,5)([69]40,7,0)([70]36,36,2)([71]57,58,5)([72]33,34,1)([73]13,49,5)([74]71,65,4)([75]56,68,0)([76]7,41,3)([77]22,28,1)([78]21,6,0)([79]20,24,0)([80]71,24,2)([81]30,38,5)([82]77,37,3)([83]38,16,1)([84]3,1,3)([85]38,29,5)([86]63,25,6)(74)
optimized area: 123.68
time: 1209656 ms
seed: 1636263378
{7,1,80,1,2,1,8}([7]3,4,3)([8]0,7,5)([9]6,7,6)([10]6,3,5)([11]10,5,4)([12]11,0,7)([13]4,8,4)([14]3,4,7)([15]6,14,6)([16]1,15,7)([17]14,16,3)([18]2,17,2)([19]9,5,4)([20]4,18,5)([21]2,0,4)([22]13,16,4)([23]11,0,2)([24]20,12,5)([25]22,21,7)([26]3,17,3)([27]25,8,3)([28]4,10,2)([29]1,2,6)([30]3,19,2)([31]19,23,0)([32]27,30,3)([33]1,13,6)([34]29,19,1)([35]24,18,7)([36]29,31,5)([37]33,22,3)([38]34,32,7)([39]31,34,3)([40]6,21,3)([41]37,34,0)([42]34,39,0)([43]42,14,4)([44]24,12,7)([45]35,41,2)([46]16,22,6)([47]25,3,6)([48]12,14,1)([49]15,13,5)([50]17,34,1)([51]42,47,7)([52]50,38,3)([53]49,19,4)([54]40,45,5)([55]54,31,6)([56]23,39,3)([57]42,12,5)([58]43,3,1)([59]54,24,4)([60]16,54,0)([61]36,57,2)([62]41,22,6)([63]16,51,7)([64]38,51,3)([65]52,59,7)([66]64,57,0)([67]65,55,3)([68]47,61,5)([69]45,39,4)([70]50,8,7)([71]2,57,2)([72]20,60,2)([73]58,70,1)([74]39,63,6)([75]34,17,3)([76]15,66,5)([77]47,23,5)([78]33,24,7)([79]2,36,0)([80]36,45,5)([81]63,55,3)([82]68,13,2)([83]39,82,0)([84]51,26,6)([85]35,20,3)([86]37,49,5)(67)
evaluations: 3755624
first invidual area: 110.56
{7,1,80,1,2,1,8}([7]3,4,3)([8]0,7,5)([9]7,6,6)([10]3,6,5)([11]10,0,7)([12]4,8,4)([13]9,5,3)([14]3,4,7)([15]6,14,6)([16]15,1,7)([17]16,14,3)([18]17,2,2)([19]3,5,2)([20]4,18,5)([21]2,0,4)([22]12,16,4)([23]5,11,4)([24]20,23,5)([25]8,23,4)([26]5,2,7)([27]21,22,7)([28]19,8,3)([29]1,19,0)([30]17,14,1)([31]18,24,7)([32]27,31,1)([33]21,6,3)([34]28,13,7)([35]13,5,2)([36]28,27,6)([37]30,27,3)([38]7,28,0)([39]30,14,7)([40]23,36,4)([41]2,3,7)([42]13,15,7)([43]29,18,6)([44]13,15,2)([45]0,36,3)([46]31,28,2)([47]36,43,7)([48]33,31,2)([49]13,43,6)([50]44,22,3)([51]45,47,1)([52]24,30,0)([53]6,14,6)([54]48,50,5)([55]17,37,4)([56]2,31,0)([57]28,0,4)([58]30,0,1)([59]54,24,4)([60]40,3,1)([61]47,30,6)([62]55,8,7)([63]37,62,2)([64]48,12,3)([65]59,61,4)([66]57,58,4)([67]1,22,3)([68]38,53,6)([69]10,11,4)([70]4,21,4)([71]31,24,5)([72]65,7,4)([73]68,21,7)([74]20,12,6)([75]49,33,2)([76]30,5,0)([77]17,1,5)([78]62,17,6)([79]67,11,2)([80]54,13,6)([81]79,66,3)([82]80,65,3)([83]2,68,6)([84]39,82,5)([85]31,32,1)([86]73,4,5)(82)
optimized area: 106.81
time: 1331672 ms
seed: 1636279891
{7,1,80,1,2,1,8}([7]1,6,1)([8]5,2,1)([9]7,4,5)([10]2,0,7)([11]6,3,2)([12]8,3,0)([13]5,10,3)([14]7,9,1)([15]1,2,3)([16]4,6,2)([17]3,16,3)([18]4,17,5)([19]17,9,7)([20]10,5,7)([21]9,12,5)([22]2,12,7)([23]11,20,1)([24]22,4,2)([25]11,14,5)([26]7,24,7)([27]24,15,4)([28]19,8,0)([29]23,20,0)([30]20,2,2)([31]28,25,2)([32]27,31,6)([33]18,8,4)([34]10,5,4)([35]1,31,3)([36]34,35,4)([37]27,22,0)([38]16,17,3)([39]25,8,4)([40]6,27,5)([41]40,26,2)([42]2,13,4)([43]31,29,7)([44]3,3,7)([45]36,14,5)([46]42,30,2)([47]31,34,7)([48]4,9,2)([49]41,33,4)([50]46,49,3)([51]44,36,1)([52]17,36,6)([53]47,30,4)([54]52,43,6)([55]50,37,7)([56]54,50,2)([57]53,55,2)([58]32,15,4)([59]37,40,1)([60]0,32,7)([61]39,60,4)([62]10,31,5)([63]36,60,7)([64]31,61,1)([65]61,56,2)([66]60,40,3)([67]31,28,4)([68]25,63,5)([69]30,3,4)([70]4,66,0)([71]17,10,3)([72]55,9,3)([73]65,65,1)([74]61,57,6)([75]31,22,3)([76]46,74,7)([77]16,20,5)([78]35,0,5)([79]73,74,4)([80]3,33,1)([81]12,43,2)([82]35,2,2)([83]21,45,7)([84]72,40,0)([85]79,3,1)([86]78,68,4)(85)
evaluations: 10369506
first invidual area: 149.45
{7,1,80,1,2,1,8}([7]1,2,6)([8]1,6,1)([9]4,6,2)([10]2,0,4)([11]3,6,2)([12]5,0,7)([13]9,3,3)([14]1,10,7)([15]4,8,5)([16]13,4,5)([17]3,11,1)([18]11,10,3)([19]8,12,3)([20]15,13,7)([21]14,2,3)([22]6,10,4)([23]10,12,7)([24]23,4,2)([25]1,11,5)([26]4,6,0)([27]7,24,7)([28]23,26,7)([29]1,24,7)([30]11,7,6)([31]25,20,2)([32]7,27,5)([33]16,5,7)([34]30,21,2)([35]31,27,6)([36]29,6,6)([37]2,19,2)([38]35,12,4)([39]4,15,0)([40]21,30,2)([41]11,31,4)([42]14,33,4)([43]11,20,1)([44]27,28,3)([45]3,42,6)([46]15,11,6)([47]31,2,4)([48]19,10,6)([49]36,33,4)([50]49,10,3)([51]31,3,5)([52]46,9,4)([53]47,12,6)([54]45,41,6)([55]49,27,7)([56]50,54,2)([57]53,55,2)([58]10,4,1)([59]50,44,7)([60]50,18,4)([61]38,25,7)([62]59,18,0)([63]59,48,3)([64]61,56,2)([65]48,23,5)([66]35,8,5)([67]17,26,2)([68]30,30,7)([69]52,18,5)([70]3,22,3)([71]8,5,3)([72]68,51,3)([73]21,25,6)([74]46,67,4)([75]49,65,6)([76]49,54,6)([77]61,57,6)([78]37,50,5)([79]78,61,5)([80]78,14,6)([81]48,30,4)([82]35,62,5)([83]14,25,6)([84]77,64,3)([85]77,9,0)([86]25,78,1)(84)
optimized area: 117.14
time: 1279646 ms
seed: 1636296364
{7,1,80,1,2,1,8}([7]3,6,4)([8]2,1,6)([9]8,0,4)([10]8,1,1)([11]9,7,5)([12]6,9,1)([13]9,11,7)([14]12,11,4)([15]8,13,3)([16]1,4,7)([17]10,7,4)([18]13,5,3)([19]17,12,6)([20]3,11,7)([21]4,6,5)([22]15,2,7)([23]5,5,5)([24]22,23,4)([25]16,16,3)([26]24,17,4)([27]22,23,7)([28]14,26,7)([29]3,17,2)([30]23,19,3)([31]4,8,4)([32]29,1,7)([33]3,10,5)([34]1,27,7)([35]22,26,6)([36]24,6,3)([37]29,23,4)([38]23,27,2)([39]31,7,6)([40]34,2,0)([41]2,29,1)([42]18,19,4)([43]20,42,2)([44]6,12,4)([45]38,30,4)([46]43,25,2)([47]15,35,3)([48]46,31,3)([49]1,6,3)([50]19,22,0)([51]28,45,2)([52]48,50,0)([53]10,16,4)([54]26,51,7)([55]37,0,1)([56]11,51,7)([57]37,22,6)([58]40,50,2)([59]52,51,6)([60]49,9,2)([61]28,24,2)([62]27,14,3)([63]48,47,5)([64]49,31,6)([65]54,60,5)([66]63,58,6)([67]62,47,7)([68]42,48,7)([69]12,59,0)([70]14,27,3)([71]29,64,6)([72]1,59,6)([73]65,66,5)([74]25,59,6)([75]44,53,6)([76]35,54,4)([77]52,31,3)([78]0,55,4)([79]41,20,1)([80]73,74,7)([81]23,9,3)([82]70,9,6)([83]78,80,4)([84]26,52,0)([85]40,15,1)([86]20,46,3)(83)
evaluations: 28159559
first invidual area: 156.50
{7,1,80,1,2,1,8}([7]6,3,4)([8]1,2,6)([9]8,0,4)([10]6,2,1)([11]9,7,5)([12]9,11,2)([13]11,6,7)([14]11,8,5)([15]8,12,3)([16]1,4,7)([17]8,7,7)([18]1,6,3)([19]8,10,0)([20]5,10,2)([21]9,18,2)([22]2,15,7)([23]17,22,0)([24]5,22,7)([25]16,4,7)([26]24,17,4)([27]24,1,3)([28]13,26,7)([29]28,16,5)([30]3,18,4)([31]19,18,2)([32]10,3,5)([33]24,21,6)([34]10,17,6)([35]22,26,6)([36]24,35,6)([37]13,18,7)([38]12,35,5)([39]8,33,3)([40]17,3,5)([41]40,5,7)([42]4,8,4)([43]3,28,2)([44]14,1,2)([45]36,20,6)([46]16,43,2)([47]15,35,3)([48]46,42,3)([49]37,3,2)([50]0,41,7)([51]45,28,2)([52]30,27,6)([53]3,10,3)([54]36,51,6)([55]28,46,2)([56]22,0,1)([57]4,29,1)([58]27,34,2)([59]51,42,6)([60]36,48,7)([61]47,13,0)([62]44,53,4)([63]48,47,5)([64]52,23,3)([65]54,21,5)([66]63,58,6)([67]51,7,5)([68]44,43,7)([69]21,45,6)([70]1,37,7)([71]2,53,4)([72]68,50,6)([73]65,66,5)([74]16,59,3)([75]16,36,6)([76]0,53,4)([77]33,26,0)([78]66,16,3)([79]35,32,1)([80]35,55,7)([81]41,12,7)([82]53,64,3)([83]36,16,2)([84]74,73,7)([85]84,50,4)([86]1,15,6)(85)
optimized area: 125.55
time: 1304349 ms
seed: 1636312713
NOT FOUND
time: 1069296 ms
seed: 1636329004
NOT FOUND
time: 1061395 ms
