seed: 1634019251
{7,1,80,1,2,1,8}([7]6,1,6)([8]6,1,2)([9]0,5,4)([10]4,3,7)([11]1,4,6)([12]8,3,1)([13]9,10,7)([14]9,0,2)([15]7,14,4)([16]0,15,4)([17]8,10,5)([18]16,5,6)([19]4,0,5)([20]15,17,6)([21]2,12,7)([22]4,19,1)([23]9,22,1)([24]5,21,4)([25]13,15,6)([26]16,1,6)([27]26,25,6)([28]21,23,3)([29]28,2,5)([30]2,27,3)([31]9,14,5)([32]14,8,3)([33]13,17,7)([34]7,6,5)([35]14,11,3)([36]33,4,1)([37]29,26,4)([38]37,35,7)([39]3,19,2)([40]22,30,4)([41]13,3,5)([42]3,3,6)([43]38,28,5)([44]7,42,6)([45]5,26,0)([46]1,12,2)([47]1,19,6)([48]29,35,0)([49]28,3,2)([50]25,26,2)([51]30,41,5)([52]40,44,4)([53]1,3,3)([54]0,41,3)([55]38,49,7)([56]18,36,3)([57]24,52,7)([58]24,53,3)([59]34,55,5)([60]45,17,2)([61]28,12,6)([62]19,53,0)([63]41,11,0)([64]46,40,4)([65]12,13,4)([66]64,59,3)([67]21,30,4)([68]23,19,7)([69]52,56,3)([70]66,62,4)([71]25,60,6)([72]69,58,5)([73]57,10,1)([74]40,9,1)([75]45,49,1)([76]62,5,1)([77]64,70,7)([78]77,64,7)([79]33,39,1)([80]40,31,3)([81]36,73,6)([82]21,72,6)([83]78,72,4)([84]26,10,5)([85]78,3,2)([86]85,83,3)(86)
evaluations: 34502472
first invidual area: 152.72
{7,1,80,1,2,1,8}([7]5,0,0)([8]6,1,2)([9]7,0,4)([10]4,3,7)([11]1,4,6)([12]1,6,3)([13]10,9,7)([14]9,0,2)([15]12,14,7)([16]15,0,4)([17]10,8,5)([18]16,5,6)([19]4,0,5)([20]9,16,1)([21]8,2,4)([22]3,13,1)([23]8,6,1)([24]1,23,5)([25]13,15,6)([26]16,1,6)([27]26,25,6)([28]21,20,3)([29]28,2,5)([30]2,27,3)([31]11,25,0)([32]13,17,4)([33]28,3,5)([34]16,5,2)([35]11,14,3)([36]5,8,7)([37]35,26,7)([38]37,33,7)([39]15,22,3)([40]4,30,7)([41]22,31,3)([42]19,21,5)([43]21,7,4)([44]24,36,2)([45]3,32,1)([46]24,43,0)([47]38,8,6)([48]32,2,0)([49]7,41,0)([50]25,32,6)([51]32,18,3)([52]40,39,7)([53]1,3,3)([54]22,8,5)([55]38,29,4)([56]53,42,0)([57]5,8,6)([58]43,53,3)([59]14,49,6)([60]57,33,3)([61]16,12,3)([62]58,9,2)([63]57,43,7)([64]40,24,7)([65]40,1,4)([66]64,55,3)([67]62,66,2)([68]61,61,3)([69]52,51,3)([70]66,19,7)([71]51,51,4)([72]69,58,5)([73]6,22,2)([74]62,5,3)([75]42,35,0)([76]23,60,0)([77]20,71,4)([78]25,31,3)([79]58,21,2)([80]72,25,0)([81]35,29,7)([82]69,31,3)([83]70,72,7)([84]63,39,4)([85]72,56,2)([86]83,85,3)(86)
optimized area: 134.92
time: 582216 ms
seed: 1634068079
NOT FOUND
time: 532051 ms
seed: 1634229611
NOT FOUND
time: 529404 ms
seed: 1634367135
{7,1,80,1,2,1,8}([7]5,6,3)([8]1,5,4)([9]4,6,7)([10]3,6,3)([11]10,4,4)([12]5,10,7)([13]1,8,0)([14]0,6,7)([15]3,8,4)([16]12,9,6)([17]8,11,2)([18]11,16,1)([19]16,3,3)([20]14,19,1)([21]17,0,2)([22]15,20,0)([23]3,21,1)([24]22,17,2)([25]0,19,5)([26]19,21,4)([27]25,2,4)([28]15,9,7)([29]0,11,5)([30]22,15,6)([31]23,24,3)([32]9,14,4)([33]4,28,7)([34]32,15,3)([35]9,18,7)([36]10,20,1)([37]5,13,6)([38]28,27,4)([39]26,14,6)([40]29,34,7)([41]30,19,5)([42]19,8,3)([43]20,34,0)([44]6,30,6)([45]5,33,7)([46]32,30,2)([47]37,2,4)([48]20,30,6)([49]38,18,3)([50]39,9,4)([51]32,17,6)([52]40,47,2)([53]45,39,5)([54]42,8,2)([55]33,38,4)([56]8,13,3)([57]14,37,5)([58]35,1,4)([59]50,24,6)([60]42,15,0)([61]37,8,2)([62]26,16,4)([63]10,25,4)([64]7,59,7)([65]43,5,3)([66]64,38,2)([67]20,37,2)([68]2,57,4)([69]50,52,7)([70]24,43,3)([71]6,20,1)([72]57,62,6)([73]12,59,2)([74]69,66,2)([75]74,51,7)([76]41,6,0)([77]57,8,6)([78]12,69,6)([79]8,37,4)([80]58,52,2)([81]75,80,7)([82]10,75,2)([83]63,35,0)([84]13,62,5)([85]3,4,1)([86]47,16,0)(81)
evaluations: 11283689
first invidual area: 136.38
{7,1,80,1,2,1,8}([7]6,5,6)([8]1,5,4)([9]6,4,7)([10]3,6,6)([11]10,4,7)([12]4,5,4)([13]9,12,6)([14]6,0,7)([15]8,3,4)([16]11,0,5)([17]11,8,2)([18]13,8,0)([19]18,3,3)([20]8,15,2)([21]6,17,6)([22]20,3,1)([23]4,3,1)([24]0,17,5)([25]19,0,5)([26]24,19,7)([27]2,21,1)([28]18,9,5)([29]0,27,6)([30]29,20,3)([31]2,30,7)([32]4,0,4)([33]8,27,5)([34]32,15,6)([35]8,5,6)([36]35,2,3)([37]32,17,6)([38]34,16,4)([39]14,26,6)([40]9,25,7)([41]10,6,3)([42]2,35,4)([43]34,28,4)([44]19,29,3)([45]23,15,4)([46]3,8,1)([47]20,43,2)([48]15,2,4)([49]3,25,0)([50]39,9,4)([51]15,14,5)([52]38,42,2)([53]41,1,4)([54]51,24,5)([55]4,37,1)([56]40,33,0)([57]26,14,0)([58]6,10,4)([59]37,23,0)([60]4,45,0)([61]23,0,2)([62]34,25,6)([63]50,20,3)([64]7,63,7)([65]48,40,4)([66]64,65,2)([67]26,26,0)([68]64,37,6)([69]50,52,7)([70]7,26,7)([71]16,36,1)([72]6,2,1)([73]55,71,5)([74]69,66,5)([75]59,74,4)([76]26,12,1)([77]48,13,3)([78]63,11,0)([79]17,31,2)([80]53,52,5)([81]11,75,1)([82]80,75,4)([83]25,77,4)([84]37,30,6)([85]41,70,0)([86]21,15,5)(82)
optimized area: 131.22
time: 636816 ms
seed: 1634416156
{7,1,80,1,2,1,8}([7]2,1,2)([8]0,3,4)([9]4,0,5)([10]4,6,5)([11]8,4,3)([12]6,2,7)([13]8,3,6)([14]12,11,6)([15]10,13,3)([16]14,5,5)([17]11,13,6)([18]5,12,0)([19]14,3,0)([20]17,1,7)([21]0,18,2)([22]4,20,7)([23]22,6,6)([24]12,4,5)([25]14,2,7)([26]24,11,2)([27]26,21,2)([28]15,2,6)([29]7,17,3)([30]23,3,7)([31]20,14,7)([32]27,17,6)([33]9,32,1)([34]12,23,3)([35]2,3,6)([36]32,35,7)([37]15,1,5)([38]30,15,7)([39]26,34,4)([40]37,36,5)([41]31,25,5)([42]2,20,1)([43]7,4,5)([44]18,38,2)([45]33,3,7)([46]21,44,4)([47]15,0,7)([48]45,27,4)([49]5,18,3)([50]1,45,1)([51]18,41,3)([52]40,46,4)([53]39,48,3)([54]0,5,3)([55]28,18,1)([56]52,52,1)([57]38,3,5)([58]16,8,1)([59]5,45,4)([60]49,7,5)([61]10,16,3)([62]13,10,2)([63]60,20,4)([64]55,51,2)([65]53,64,5)([66]51,39,2)([67]56,43,2)([68]62,51,6)([69]10,11,4)([70]65,40,7)([71]52,28,1)([72]68,67,6)([73]6,53,0)([74]24,70,2)([75]64,68,7)([76]15,72,2)([77]36,41,5)([78]65,72,4)([79]65,32,1)([80]45,7,5)([81]43,12,2)([82]16,63,5)([83]77,77,7)([84]78,33,7)([85]72,49,7)([86]7,80,5)(84)
evaluations: 40638488
first invidual area: 145.68
{7,1,80,1,2,1,8}([7]1,2,2)([8]3,0,5)([9]4,0,5)([10]6,4,5)([11]4,8,3)([12]6,2,7)([13]3,0,6)([14]6,3,3)([15]13,10,3)([16]6,13,0)([17]12,4,5)([18]11,4,1)([19]16,5,5)([20]11,1,4)([21]5,0,2)([22]4,20,7)([23]16,22,6)([24]5,5,0)([25]3,0,0)([26]17,11,2)([27]26,21,2)([28]15,2,3)([29]6,15,0)([30]23,3,7)([31]14,20,5)([32]27,18,6)([33]15,1,5)([34]12,23,3)([35]3,2,3)([36]32,35,4)([37]11,32,6)([38]15,30,7)([39]26,34,4)([40]33,36,5)([41]2,20,7)([42]2,5,5)([43]7,4,5)([44]5,38,5)([45]27,3,7)([46]21,44,4)([47]41,31,5)([48]45,9,7)([49]26,26,3)([50]32,37,0)([51]5,47,3)([52]40,46,4)([53]39,48,3)([54]28,15,3)([55]49,16,1)([56]34,13,2)([57]32,35,2)([58]55,28,1)([59]22,48,3)([60]32,7,4)([61]26,55,3)([62]54,9,4)([63]28,51,2)([64]52,0,4)([65]53,63,5)([66]50,59,2)([67]52,43,2)([68]51,56,6)([69]33,44,0)([70]66,7,7)([71]13,48,3)([72]68,67,3)([73]45,22,2)([74]55,7,3)([75]3,49,3)([76]4,11,3)([77]20,59,6)([78]65,72,7)([79]75,52,2)([80]15,40,1)([81]53,55,1)([82]25,39,5)([83]50,26,7)([84]78,9,4)([85]81,32,6)([86]11,40,3)(84)
optimized area: 134.43
time: 555977 ms
seed: 1634624509
{7,1,80,1,2,1,8}([7]1,0,4)([8]3,6,3)([9]0,4,4)([10]7,3,2)([11]1,7,2)([12]6,9,1)([13]4,11,0)([14]3,9,7)([15]4,9,6)([16]10,1,2)([17]6,4,5)([18]10,0,5)([19]1,5,4)([20]7,17,6)([21]16,19,6)([22]8,11,3)([23]18,2,6)([24]10,5,3)([25]2,9,7)([26]16,25,2)([27]13,22,7)([28]13,12,4)([29]26,27,7)([30]6,29,5)([31]4,23,0)([32]4,29,7)([33]30,24,3)([34]10,29,7)([35]29,19,3)([36]33,14,6)([37]32,1,0)([38]2,21,0)([39]21,28,7)([40]32,29,2)([41]39,40,7)([42]21,38,0)([43]25,41,4)([44]21,2,7)([45]19,23,2)([46]43,36,7)([47]24,35,2)([48]38,47,7)([49]46,10,3)([50]10,29,6)([51]13,5,6)([52]17,23,1)([53]45,48,4)([54]14,42,3)([55]27,42,6)([56]53,46,2)([57]39,49,6)([58]11,20,7)([59]42,58,3)([60]55,23,4)([61]43,2,1)([62]9,60,6)([63]10,55,2)([64]61,27,5)([65]6,20,5)([66]57,58,2)([67]12,12,1)([68]33,57,3)([69]37,42,0)([70]66,66,5)([71]40,68,6)([72]10,7,7)([73]43,18,2)([74]58,39,5)([75]21,4,1)([76]64,25,4)([77]56,62,6)([78]29,45,1)([79]76,41,0)([80]13,43,1)([81]24,48,4)([82]2,80,7)([83]66,77,6)([84]76,36,0)([85]23,56,1)([86]46,79,1)(83)
evaluations: 14026306
first invidual area: 142.90
{7,1,80,1,2,1,8}([7]6,3,6)([8]1,0,4)([9]4,0,4)([10]3,8,2)([11]5,7,2)([12]10,2,2)([13]0,4,7)([14]2,10,1)([15]10,5,2)([16]15,15,3)([17]11,0,1)([18]7,13,0)([19]1,5,4)([20]12,18,3)([21]19,16,6)([22]8,2,5)([23]15,3,7)([24]10,5,3)([25]7,21,5)([26]25,1,1)([27]4,7,7)([28]22,20,2)([29]9,3,7)([30]27,25,5)([31]20,4,5)([32]19,27,3)([33]24,30,3)([34]6,0,7)([35]33,29,6)([36]32,24,5)([37]25,12,0)([38]31,10,2)([39]21,34,7)([40]5,11,6)([41]2,35,7)([42]38,28,5)([43]31,41,4)([44]26,1,7)([45]36,2,4)([46]39,43,7)([47]15,21,2)([48]37,8,4)([49]12,37,0)([50]9,24,6)([51]21,30,6)([52]14,28,3)([53]16,45,3)([54]9,1,1)([55]28,49,4)([56]53,46,2)([57]53,26,1)([58]43,45,7)([59]9,51,3)([60]30,14,0)([61]9,37,5)([62]38,59,6)([63]9,15,5)([64]56,7,7)([65]25,39,5)([66]16,2,5)([67]46,39,6)([68]59,27,1)([69]1,6,5)([70]29,47,2)([71]69,67,2)([72]22,37,6)([73]66,14,6)([74]51,12,1)([75]25,1,2)([76]39,41,4)([77]46,74,4)([78]16,63,1)([79]44,61,0)([80]63,73,5)([81]62,56,6)([82]56,81,2)([83]71,81,6)([84]5,44,5)([85]31,30,5)([86]64,24,5)(83)
optimized area: 107.74
time: 661257 ms
seed: 1635151453
{7,1,80,1,2,1,8}([7]3,1,4)([8]5,4,4)([9]3,8,3)([10]6,1,5)([11]2,9,2)([12]2,0,7)([13]1,8,4)([14]5,6,3)([15]6,2,3)([16]15,15,0)([17]0,10,3)([18]12,13,6)([19]14,3,2)([20]17,13,1)([21]18,7,5)([22]13,15,7)([23]6,11,2)([24]16,13,6)([25]0,4,7)([26]22,19,5)([27]7,15,7)([28]21,15,7)([29]20,9,7)([30]12,26,7)([31]25,29,6)([32]19,22,5)([33]30,5,7)([34]23,24,3)([35]26,33,3)([36]30,12,3)([37]22,3,3)([38]16,5,0)([39]21,14,7)([40]39,27,6)([41]31,4,0)([42]34,21,7)([43]35,0,5)([44]6,3,2)([45]43,32,0)([46]36,41,2)([47]32,35,7)([48]37,43,4)([49]23,29,7)([50]10,45,3)([51]42,48,3)([52]8,10,0)([53]19,38,0)([54]49,40,7)([55]52,25,0)([56]12,10,6)([57]8,17,6)([58]18,46,3)([59]54,13,4)([60]51,25,5)([61]22,44,3)([62]14,37,3)([63]26,48,4)([64]45,30,4)([65]13,40,0)([66]29,19,5)([67]58,59,5)([68]19,22,7)([69]57,58,3)([70]5,61,6)([71]32,69,1)([72]0,71,2)([73]8,42,1)([74]41,37,6)([75]60,67,4)([76]17,63,3)([77]17,51,3)([78]41,77,1)([79]68,46,0)([80]4,48,3)([81]66,62,2)([82]79,33,6)([83]72,25,2)([84]35,10,7)([85]53,43,2)([86]30,3,4)(75)
evaluations: 23740236
first invidual area: 134.47
{7,1,80,1,2,1,8}([7]3,1,4)([8]5,4,4)([9]3,8,3)([10]6,2,2)([11]6,5,2)([12]2,0,7)([13]8,1,4)([14]5,6,3)([15]6,2,3)([16]1,6,5)([17]0,16,6)([18]13,12,6)([19]14,15,2)([20]15,7,7)([21]18,7,5)([22]13,15,7)([23]10,9,2)([24]15,13,6)([25]0,4,7)([26]19,3,5)([27]22,16,5)([28]20,2,4)([29]17,9,7)([30]26,2,1)([31]14,21,7)([32]3,22,6)([33]29,25,6)([34]23,24,6)([35]27,26,3)([36]27,35,1)([37]11,26,7)([38]16,31,1)([39]12,30,3)([40]31,20,6)([41]23,29,4)([42]34,21,4)([43]4,35,5)([44]32,43,7)([45]12,38,7)([46]33,39,2)([47]20,0,4)([48]25,37,2)([49]34,24,5)([50]40,41,4)([51]44,42,3)([52]51,44,0)([53]50,13,5)([54]46,18,3)([55]35,27,0)([56]9,24,5)([57]37,47,0)([58]42,51,4)([59]50,13,4)([60]19,18,5)([61]42,2,3)([62]59,48,0)([63]30,23,2)([64]39,11,2)([65]51,25,5)([66]18,26,4)([67]62,54,5)([68]42,59,4)([69]58,7,0)([70]15,29,0)([71]49,36,5)([72]16,55,7)([73]64,71,7)([74]10,22,6)([75]74,65,3)([76]36,2,3)([77]76,19,3)([78]67,62,3)([79]26,60,2)([80]41,55,7)([81]53,48,2)([82]67,59,2)([83]76,22,1)([84]3,58,0)([85]56,45,3)([86]67,65,4)(86)
optimized area: 126.96
time: 598229 ms
seed: 1635200661
NOT FOUND
time: 524524 ms
seed: 1635372431
NOT FOUND
time: 997572 ms
seed: 1635631485
{7,1,80,1,2,1,8}([7]2,1,6)([8]2,0,4)([9]4,8,2)([10]7,5,4)([11]0,4,5)([12]2,9,7)([13]4,9,1)([14]10,4,4)([15]3,11,4)([16]5,1,7)([17]0,14,2)([18]3,1,7)([19]13,5,6)([20]8,7,2)([21]16,8,3)([22]6,20,4)([23]20,10,4)([24]22,8,4)([25]21,6,7)([26]16,23,6)([27]18,26,3)([28]23,14,2)([29]22,15,1)([30]21,19,7)([31]8,19,3)([32]3,9,2)([33]6,21,6)([34]28,10,2)([35]10,18,5)([36]18,19,4)([37]25,12,7)([38]18,13,5)([39]11,35,4)([40]6,15,3)([41]6,4,5)([42]28,37,7)([43]32,2,5)([44]17,40,7)([45]3,25,2)([46]0,31,4)([47]2,22,1)([48]17,24,6)([49]39,42,7)([50]28,49,2)([51]46,24,3)([52]18,7,0)([53]14,40,2)([54]44,31,6)([55]42,19,7)([56]50,39,4)([57]8,18,6)([58]45,55,6)([59]52,0,7)([60]16,24,2)([61]60,55,2)([62]53,58,7)([63]40,47,1)([64]60,43,7)([65]64,45,3)([66]23,22,5)([67]39,27,6)([68]44,22,7)([69]52,6,3)([70]9,1,2)([71]33,65,4)([72]26,57,6)([73]5,16,2)([74]70,45,6)([75]60,43,1)([76]65,1,3)([77]71,62,5)([78]10,38,3)([79]77,56,7)([80]29,31,4)([81]42,27,1)([82]60,19,1)([83]43,72,4)([84]35,51,6)([85]83,62,5)([86]84,45,6)(79)
evaluations: 27236037
first invidual area: 142.47
{7,1,80,1,2,1,8}([7]1,2,6)([8]2,0,4)([9]8,4,2)([10]5,7,4)([11]4,0,2)([12]1,3,7)([13]4,4,1)([14]4,10,4)([15]9,14,3)([16]5,1,7)([17]10,3,3)([18]11,3,6)([19]15,17,0)([20]7,0,2)([21]16,8,3)([22]6,20,6)([23]20,10,4)([24]8,22,7)([25]21,6,7)([26]8,20,4)([27]12,10,5)([28]23,14,2)([29]9,2,7)([30]10,0,3)([31]25,20,5)([32]5,13,6)([33]14,7,0)([34]17,31,7)([35]16,1,0)([36]34,12,5)([37]25,29,4)([38]3,21,5)([39]11,27,7)([40]6,18,3)([41]32,5,6)([42]28,37,7)([43]35,40,5)([44]39,37,4)([45]25,3,2)([46]28,14,1)([47]45,8,6)([48]35,24,5)([49]13,12,1)([50]28,44,5)([51]9,37,5)([52]22,25,5)([53]14,40,5)([54]3,42,2)([55]42,32,4)([56]50,39,4)([57]22,40,1)([58]55,45,6)([59]56,5,5)([60]48,36,4)([61]41,13,3)([62]53,58,4)([63]51,54,4)([64]48,51,4)([65]64,45,3)([66]17,17,4)([67]11,13,0)([68]11,65,2)([69]54,49,0)([70]22,15,1)([71]52,65,7)([72]6,9,2)([73]20,58,3)([74]47,41,5)([75]65,67,2)([76]9,3,0)([77]71,62,5)([78]35,43,1)([79]77,56,4)([80]12,3,1)([81]66,55,7)([82]52,30,3)([83]56,46,1)([84]49,4,4)([85]50,26,6)([86]44,68,1)(79)
optimized area: 134.02
time: 1190483 ms
seed: 1635679058
NOT FOUND
time: 1073018 ms
seed: 1635726978
NOT FOUND
time: 1085334 ms
seed: 1635774164
NOT FOUND
time: 1058712 ms
seed: 1635821129
NOT FOUND
time: 1070119 ms
seed: 1635864291
{7,1,80,1,2,1,8}([7]3,6,7)([8]0,3,6)([9]5,1,4)([10]0,0,2)([11]9,10,3)([12]10,9,4)([13]9,5,4)([14]2,7,4)([15]10,6,0)([16]5,14,5)([17]16,7,6)([18]11,17,7)([19]16,10,2)([20]7,9,3)([21]4,4,5)([22]11,2,4)([23]18,8,0)([24]3,22,2)([25]3,12,7)([26]21,18,4)([27]23,9,5)([28]25,2,4)([29]18,1,2)([30]22,18,6)([31]19,20,5)([32]3,21,4)([33]31,9,7)([34]26,33,6)([35]32,13,4)([36]0,35,3)([37]20,2,5)([38]2,24,0)([39]8,31,3)([40]25,12,7)([41]19,0,1)([42]30,14,7)([43]28,37,2)([44]39,20,5)([45]4,9,6)([46]17,5,3)([47]32,17,4)([48]19,47,2)([49]21,24,3)([50]4,49,5)([51]44,50,4)([52]49,48,4)([53]19,49,7)([54]21,49,3)([55]13,52,6)([56]2,3,5)([57]29,38,3)([58]55,53,2)([59]51,36,2)([60]34,44,2)([61]3,13,1)([62]12,11,0)([63]59,49,3)([64]27,34,4)([65]48,42,6)([66]65,58,6)([67]63,64,2)([68]47,54,4)([69]51,55,4)([70]16,52,6)([71]0,70,1)([72]66,28,6)([73]8,63,3)([74]64,11,2)([75]64,61,1)([76]71,28,1)([77]62,54,5)([78]42,64,2)([79]68,73,5)([80]40,36,1)([81]48,79,1)([82]72,67,7)([83]75,77,4)([84]58,23,5)([85]38,66,2)([86]82,50,7)(82)
evaluations: 12835731
first invidual area: 151.82
{7,1,80,1,2,1,8}([7]3,6,7)([8]1,3,4)([9]1,5,4)([10]0,9,3)([11]10,2,5)([12]2,8,4)([13]0,4,6)([14]7,2,4)([15]10,13,2)([16]14,5,5)([17]7,16,6)([18]2,8,0)([19]6,14,6)([20]7,9,3)([21]17,11,3)([22]0,8,3)([23]10,17,7)([24]4,9,0)([25]4,21,1)([26]5,12,7)([27]20,0,2)([28]0,26,4)([29]3,2,5)([30]0,1,1)([31]27,16,5)([32]23,2,7)([33]5,20,7)([34]9,31,7)([35]3,30,3)([36]8,28,2)([37]36,4,2)([38]17,4,7)([39]28,3,2)([40]34,25,6)([41]0,21,3)([42]25,3,6)([43]21,14,4)([44]31,20,2)([45]41,12,2)([46]20,1,4)([47]35,24,4)([48]25,3,3)([49]44,4,6)([50]46,16,4)([51]31,47,6)([52]40,23,7)([53]25,39,3)([54]28,47,1)([55]1,47,6)([56]26,10,0)([57]16,53,1)([58]17,25,4)([59]44,22,2)([60]29,55,2)([61]45,54,6)([62]21,59,3)([63]53,59,3)([64]21,20,1)([65]51,43,6)([66]65,60,6)([67]65,14,2)([68]21,3,0)([69]41,51,1)([70]22,9,1)([71]63,52,5)([72]66,28,3)([73]44,65,3)([74]6,54,3)([75]9,7,4)([76]28,65,1)([77]2,76,5)([78]24,15,0)([79]34,53,3)([80]20,49,7)([81]48,9,1)([82]72,71,7)([83]25,76,5)([84]5,55,1)([85]8,48,6)([86]10,29,0)(82)
optimized area: 117.58
time: 1251123 ms
seed: 1635906244
NOT FOUND
time: 1060886 ms
seed: 1635942493
NOT FOUND
time: 1049735 ms
seed: 1635978704
{7,1,80,1,2,1,8}([7]1,6,7)([8]7,7,3)([9]2,1,3)([10]9,5,4)([11]6,7,3)([12]4,7,7)([13]4,0,7)([14]2,11,7)([15]9,2,1)([16]3,10,3)([17]3,12,7)([18]5,17,7)([19]3,6,6)([20]12,12,3)([21]17,10,6)([22]19,21,4)([23]21,14,1)([24]13,21,3)([25]21,13,7)([26]14,18,4)([27]5,24,3)([28]25,5,4)([29]6,23,4)([30]8,19,1)([31]27,12,0)([32]2,1,0)([33]18,3,0)([34]29,20,4)([35]26,34,2)([36]12,32,6)([37]3,29,3)([38]4,16,2)([39]38,18,3)([40]26,18,2)([41]40,25,6)([42]36,41,3)([43]23,26,4)([44]27,14,7)([45]26,10,6)([46]36,8,0)([47]44,37,2)([48]44,23,7)([49]35,42,6)([50]0,13,2)([51]0,22,4)([52]6,14,1)([53]2,39,3)([54]41,25,5)([55]51,47,6)([56]55,49,6)([57]37,5,6)([58]53,56,5)([59]13,46,2)([60]54,45,5)([61]22,4,5)([62]15,45,4)([63]3,31,2)([64]50,31,3)([65]10,3,4)([66]58,35,0)([67]56,52,6)([68]43,14,2)([69]16,17,2)([70]16,58,4)([71]27,50,1)([72]62,30,7)([73]72,21,7)([74]55,17,7)([75]38,27,6)([76]33,62,7)([77]56,20,0)([78]12,61,2)([79]74,75,6)([80]35,3,5)([81]70,7,3)([82]60,7,2)([83]1,9,5)([84]18,11,0)([85]43,8,1)([86]45,34,5)(70)
evaluations: 32486411
first invidual area: 120.42
{7,1,80,1,2,1,8}([7]1,6,7)([8]2,1,3)([9]6,7,6)([10]8,5,4)([11]3,6,6)([12]4,7,7)([13]4,0,7)([14]2,9,4)([15]7,0,2)([16]3,10,3)([17]3,12,7)([18]17,5,7)([19]4,16,2)([20]3,0,6)([21]17,10,6)([22]0,11,7)([23]5,21,3)([24]13,23,6)([25]3,19,7)([26]14,18,4)([27]12,6,5)([28]21,13,7)([29]2,12,6)([30]19,5,7)([31]26,18,2)([32]4,21,4)([33]17,6,7)([34]1,32,7)([35]7,20,6)([36]7,25,0)([37]6,30,3)([38]19,18,3)([39]14,2,1)([40]26,34,2)([41]31,28,6)([42]26,0,4)([43]21,22,7)([44]24,14,7)([45]22,29,0)([46]29,41,3)([47]44,20,6)([48]9,30,6)([49]40,46,6)([50]20,1,1)([51]6,4,6)([52]42,37,7)([53]2,38,3)([54]47,29,0)([55]43,47,6)([56]55,49,6)([57]5,42,5)([58]53,56,5)([59]33,0,4)([60]7,23,4)([61]16,58,4)([62]17,49,6)([63]40,22,7)([64]38,20,6)([65]62,27,4)([66]61,54,4)([67]60,63,1)([68]51,55,6)([69]24,42,1)([70]22,12,4)([71]55,21,0)([72]19,7,2)([73]72,2,1)([74]35,19,4)([75]6,16,2)([76]4,22,4)([77]21,50,4)([78]11,65,6)([79]17,1,7)([80]7,32,1)([81]40,11,4)([82]70,49,5)([83]0,14,6)([84]51,2,4)([85]58,59,4)([86]69,12,2)(61)
optimized area: 119.02
time: 1140703 ms
seed: 1636014635
{7,1,80,1,2,1,8}([7]5,4,6)([8]0,2,5)([9]6,1,5)([10]8,3,2)([11]3,0,4)([12]7,1,7)([13]5,1,6)([14]0,9,4)([15]14,2,7)([16]11,12,3)([17]15,13,7)([18]16,17,7)([19]4,0,4)([20]5,16,7)([21]17,18,6)([22]20,8,5)([23]8,6,4)([24]20,8,6)([25]20,1,4)([26]14,6,5)([27]10,19,5)([28]26,11,1)([29]1,23,6)([30]26,10,3)([31]10,14,3)([32]24,8,2)([33]27,1,2)([34]4,26,6)([35]11,23,4)([36]2,15,4)([37]21,19,4)([38]2,30,7)([39]29,24,3)([40]1,37,2)([41]38,40,5)([42]21,5,2)([43]15,22,4)([44]9,28,4)([45]33,32,0)([46]37,28,6)([47]24,37,6)([48]25,24,2)([49]40,39,4)([50]26,38,5)([51]35,46,5)([52]51,12,5)([53]25,49,4)([54]38,26,7)([55]14,27,6)([56]11,49,3)([57]50,50,5)([58]57,29,6)([59]49,57,7)([60]55,51,1)([61]43,49,2)([62]52,61,4)([63]0,52,7)([64]16,48,0)([65]52,55,5)([66]53,38,5)([67]45,22,7)([68]53,18,6)([69]10,41,7)([70]62,65,2)([71]18,26,0)([72]70,41,2)([73]14,3,3)([74]67,13,3)([75]4,6,4)([76]21,68,1)([77]8,61,3)([78]65,51,0)([79]70,25,0)([80]2,24,3)([81]1,62,4)([82]16,50,4)([83]53,0,3)([84]25,59,2)([85]35,24,4)([86]56,44,2)(72)
evaluations: 39247370
first invidual area: 123.68
{7,1,80,1,2,1,8}([7]5,4,6)([8]2,0,5)([9]1,6,5)([10]8,3,2)([11]3,0,4)([12]1,7,7)([13]5,1,6)([14]9,0,4)([15]2,14,7)([16]11,12,3)([17]13,15,7)([18]16,12,1)([19]0,4,4)([20]16,5,7)([21]17,18,6)([22]20,8,5)([23]8,6,4)([24]8,20,6)([25]20,4,2)([26]14,6,5)([27]19,10,5)([28]1,3,0)([29]1,23,6)([30]26,10,3)([31]22,15,4)([32]29,24,3)([33]31,18,7)([34]25,16,3)([35]11,23,4)([36]1,1,3)([37]19,21,4)([38]2,30,7)([39]8,3,5)([40]28,37,2)([41]38,40,5)([42]26,20,1)([43]29,13,4)([44]6,9,7)([45]41,21,3)([46]42,37,6)([47]18,21,7)([48]1,26,2)([49]32,40,3)([50]49,28,6)([51]35,46,5)([52]12,51,5)([53]11,51,6)([54]27,33,1)([55]27,29,6)([56]3,9,1)([57]51,26,1)([58]26,11,4)([59]55,35,5)([60]56,42,6)([61]31,49,5)([62]52,61,7)([63]25,52,4)([64]11,37,1)([65]43,24,7)([66]10,1,1)([67]56,19,0)([68]29,54,0)([69]19,66,2)([70]62,59,2)([71]3,52,0)([72]70,41,2)([73]9,64,4)([74]11,25,5)([75]40,46,4)([76]47,69,7)([77]21,0,0)([78]68,57,7)([79]78,36,3)([80]24,52,7)([81]67,40,4)([82]43,26,2)([83]48,18,4)([84]44,7,0)([85]4,3,4)([86]45,16,2)(72)
optimized area: 117.57
time: 1130242 ms
seed: 1636049360
NOT FOUND
time: 1064235 ms
seed: 1636083165
{7,1,80,1,2,1,8}([7]4,0,5)([8]4,1,7)([9]4,6,1)([10]6,8,2)([11]2,1,3)([12]11,8,6)([13]11,5,7)([14]6,12,4)([15]2,8,2)([16]14,2,2)([17]14,2,7)([18]14,9,2)([19]18,3,5)([20]4,12,2)([21]19,10,7)([22]21,20,6)([23]14,6,2)([24]12,0,4)([25]19,24,7)([26]2,5,5)([27]17,3,6)([28]15,3,3)([29]0,22,5)([30]9,6,3)([31]3,5,4)([32]29,20,6)([33]1,27,2)([34]17,29,2)([35]25,4,3)([36]13,34,7)([37]13,24,6)([38]2,15,4)([39]36,37,7)([40]39,33,7)([41]28,37,3)([42]13,28,5)([43]42,35,6)([44]31,1,6)([45]2,19,6)([46]12,14,3)([47]12,39,7)([48]10,7,4)([49]38,6,3)([50]16,16,2)([51]15,35,2)([52]45,38,3)([53]0,26,1)([54]28,0,6)([55]51,42,3)([56]37,30,3)([57]19,49,5)([58]56,54,5)([59]40,58,5)([60]51,40,5)([61]28,8,7)([62]11,59,3)([63]50,21,4)([64]26,7,4)([65]47,12,3)([66]57,41,7)([67]14,0,1)([68]45,54,6)([69]67,55,0)([70]69,29,4)([71]29,26,6)([72]34,31,5)([73]13,57,3)([74]56,37,7)([75]74,64,5)([76]59,73,2)([77]53,10,2)([78]73,51,5)([79]7,76,7)([80]19,55,5)([81]17,78,1)([82]1,63,1)([83]80,79,4)([84]9,26,0)([85]28,22,6)([86]84,42,6)(83)
evaluations: 21529235
first invidual area: 126.47
{7,1,80,1,2,1,8}([7]1,4,7)([8]0,4,5)([9]4,6,1)([10]9,6,3)([11]2,1,3)([12]7,11,6)([13]5,11,7)([14]6,2,4)([15]2,7,5)([16]6,9,2)([17]14,12,7)([18]0,12,4)([19]16,3,5)([20]17,3,6)([21]19,15,4)([22]21,14,6)([23]21,22,6)([24]12,13,2)([25]6,7,6)([26]18,22,5)([27]19,16,0)([28]3,21,3)([29]15,28,1)([30]28,13,5)([31]30,25,1)([32]6,8,2)([33]20,1,5)([34]26,17,5)([35]0,4,3)([36]33,34,5)([37]9,10,4)([38]18,13,6)([39]3,33,2)([40]10,38,3)([41]3,37,1)([42]37,33,5)([43]16,38,0)([44]23,22,2)([45]9,13,1)([46]8,19,2)([47]38,36,7)([48]21,35,2)([49]6,23,3)([50]36,44,5)([51]7,16,0)([52]18,36,5)([53]13,47,4)([54]0,28,6)([55]48,30,3)([56]48,32,4)([57]19,49,5)([58]19,35,0)([59]37,15,3)([60]49,45,4)([61]54,40,5)([62]18,42,0)([63]35,15,3)([64]1,30,1)([65]57,18,2)([66]45,25,1)([67]31,25,7)([68]53,61,5)([69]17,20,1)([70]55,27,5)([71]57,13,3)([72]55,67,6)([73]67,27,3)([74]49,45,2)([75]74,23,2)([76]68,71,5)([77]64,71,0)([78]8,68,3)([79]8,76,4)([80]51,24,6)([81]66,43,0)([82]66,61,0)([83]70,79,4)([84]34,75,3)([85]68,73,0)([86]66,7,6)(83)
optimized area: 110.05
time: 1217794 ms
seed: 1636116289
{7,1,80,1,2,1,8}([7]4,0,7)([8]0,4,5)([9]3,5,6)([10]6,0,6)([11]4,6,4)([12]8,2,7)([13]5,2,7)([14]7,12,5)([15]9,13,6)([16]14,3,4)([17]6,0,5)([18]14,13,4)([19]1,6,6)([20]18,1,2)([21]20,3,4)([22]11,12,2)([23]21,22,3)([24]2,17,2)([25]0,16,6)([26]24,24,6)([27]0,17,4)([28]12,10,0)([29]9,19,7)([30]7,21,5)([31]14,17,3)([32]23,29,5)([33]8,3,0)([34]0,26,5)([35]30,10,5)([36]35,28,3)([37]16,9,1)([38]32,36,7)([39]25,21,3)([40]38,11,1)([41]20,17,4)([42]35,12,2)([43]39,27,7)([44]37,18,0)([45]5,4,3)([46]45,25,2)([47]40,40,1)([48]44,15,6)([49]15,4,1)([50]33,38,5)([51]11,34,7)([52]24,15,2)([53]2,25,2)([54]28,5,1)([55]7,30,4)([56]40,49,4)([57]39,22,7)([58]41,40,4)([59]57,58,3)([60]43,36,3)([61]59,50,2)([62]30,40,2)([63]18,31,5)([64]51,60,4)([65]46,54,1)([66]48,64,6)([67]51,61,1)([68]66,1,6)([69]29,39,1)([70]15,33,0)([71]52,9,5)([72]65,44,7)([73]51,16,4)([74]21,36,6)([75]52,55,7)([76]60,63,7)([77]60,38,6)([78]7,41,1)([79]31,30,2)([80]66,48,5)([81]34,23,7)([82]21,58,3)([83]76,68,2)([84]83,61,4)([85]84,62,2)([86]55,53,4)(84)
evaluations: 25816525
first invidual area: 150.85
{7,1,80,1,2,1,8}([7]0,4,7)([8]0,4,5)([9]1,6,6)([10]4,5,3)([11]6,4,4)([12]8,2,7)([13]2,5,4)([14]12,7,5)([15]2,9,5)([16]14,4,6)([17]0,6,5)([18]14,13,7)([19]0,6,6)([20]18,1,2)([21]20,3,4)([22]11,12,2)([23]21,1,0)([24]3,5,3)([25]1,7,5)([26]21,22,3)([27]20,11,0)([28]16,22,0)([29]24,9,4)([30]26,7,5)([31]24,26,5)([32]29,26,5)([33]1,27,4)([34]0,15,5)([35]30,19,5)([36]35,12,3)([37]12,21,7)([38]32,36,7)([39]28,21,3)([40]29,39,5)([41]38,17,7)([42]29,10,3)([43]11,32,0)([44]21,36,6)([45]24,6,6)([46]3,14,2)([47]37,5,6)([48]46,13,6)([49]2,0,5)([50]8,38,5)([51]43,24,3)([52]6,32,5)([53]5,19,2)([54]30,17,3)([55]15,2,1)([56]22,4,7)([57]39,22,7)([58]41,27,4)([59]58,57,3)([60]3,31,5)([61]59,50,5)([62]11,34,7)([63]18,54,5)([64]62,63,4)([65]48,34,5)([66]48,64,6)([67]40,16,2)([68]66,1,6)([69]52,31,1)([70]15,42,6)([71]7,5,3)([72]63,9,7)([73]52,71,5)([74]34,57,5)([75]37,1,4)([76]44,63,4)([77]43,13,2)([78]70,70,3)([79]57,17,6)([80]44,47,5)([81]49,32,3)([82]17,37,0)([83]76,68,5)([84]83,61,4)([85]57,33,0)([86]73,78,4)(84)
optimized area: 130.23
time: 1352914 ms
seed: 1636148943
NOT FOUND
time: 1054254 ms
seed: 1636181369
{7,1,80,1,2,1,8}([7]4,5,6)([8]3,2,3)([9]6,4,3)([10]3,4,7)([11]8,6,4)([12]2,0,2)([13]9,5,6)([14]2,0,4)([15]8,7,4)([16]11,0,2)([17]7,11,4)([18]3,9,6)([19]10,2,4)([20]0,6,2)([21]3,17,2)([22]16,8,4)([23]5,21,4)([24]12,9,3)([25]5,15,1)([26]15,19,5)([27]15,8,0)([28]11,7,5)([29]9,23,5)([30]26,14,6)([31]29,6,4)([32]11,12,4)([33]1,5,7)([34]0,3,6)([35]22,23,2)([36]7,1,4)([37]14,6,0)([38]4,35,5)([39]5,35,0)([40]38,6,1)([41]2,30,3)([42]17,25,1)([43]11,40,3)([44]16,40,0)([45]37,29,3)([46]42,13,2)([47]26,43,5)([48]28,47,1)([49]14,29,7)([50]49,47,2)([51]23,20,3)([52]39,43,6)([53]39,48,4)([54]1,45,5)([55]32,40,6)([56]39,2,1)([57]10,26,1)([58]50,17,0)([59]29,40,7)([60]28,55,2)([61]27,6,1)([62]26,1,4)([63]45,0,0)([64]33,38,4)([65]31,60,5)([66]62,8,2)([67]48,8,6)([68]0,36,2)([69]49,6,4)([70]65,1,1)([71]55,30,0)([72]65,64,2)([73]44,32,3)([74]30,73,1)([75]5,22,6)([76]36,57,4)([77]2,67,2)([78]16,39,3)([79]35,40,3)([80]72,50,6)([81]2,64,3)([82]80,68,4)([83]51,60,3)([84]14,54,6)([85]35,57,3)([86]11,61,1)(82)
evaluations: 16113552
first invidual area: 115.73
{7,1,80,1,2,1,8}([7]4,5,6)([8]3,2,3)([9]7,1,4)([10]3,2,4)([11]8,6,4)([12]4,10,7)([13]0,11,5)([14]10,3,1)([15]7,8,4)([16]9,0,5)([17]6,4,3)([18]3,1,6)([19]8,13,7)([20]15,6,5)([21]20,3,5)([22]13,7,2)([23]21,5,7)([24]19,14,0)([25]4,23,2)([26]2,1,0)([27]6,11,2)([28]11,7,5)([29]17,23,5)([30]12,15,5)([31]12,17,6)([32]29,19,5)([33]5,1,7)([34]2,0,4)([35]27,9,2)([36]0,18,0)([37]29,34,7)([38]24,25,2)([39]27,31,3)([40]23,15,0)([41]38,11,3)([42]38,19,4)([43]23,28,0)([44]33,23,2)([45]36,14,6)([46]14,9,6)([47]41,30,5)([48]2,31,2)([49]38,20,0)([50]37,47,2)([51]18,6,2)([52]8,13,2)([53]26,47,6)([54]4,49,3)([55]25,53,6)([56]32,55,2)([57]10,8,4)([58]49,1,1)([59]35,17,5)([60]54,1,2)([61]31,16,3)([62]41,33,4)([63]41,41,4)([64]33,49,7)([65]28,56,5)([66]18,49,0)([67]24,3,3)([68]59,27,2)([69]58,33,7)([70]4,16,1)([71]9,36,2)([72]64,65,2)([73]8,56,0)([74]69,29,0)([75]42,27,4)([76]71,73,6)([77]21,19,4)([78]37,45,6)([79]56,44,2)([80]72,50,6)([81]51,67,5)([82]22,36,7)([83]17,71,7)([84]34,26,2)([85]71,44,5)([86]16,80,7)(86)
optimized area: 103.06
time: 1246979 ms
seed: 1636212011
NOT FOUND
time: 1087031 ms
seed: 1636241961
NOT FOUND
time: 1068128 ms
seed: 1636261144
NOT FOUND
time: 1083788 ms
seed: 1636277703
NOT FOUND
time: 1059681 ms
seed: 1636294076
NOT FOUND
time: 1069635 ms
seed: 1636310526
{7,1,80,1,2,1,8}([7]4,6,4)([8]7,2,4)([9]8,0,3)([10]8,3,6)([11]9,1,5)([12]10,2,3)([13]12,3,6)([14]4,11,3)([15]13,11,3)([16]12,1,2)([17]10,6,4)([18]17,0,7)([19]16,18,5)([20]4,19,5)([21]15,8,7)([22]0,13,7)([23]18,8,5)([24]12,16,4)([25]18,21,6)([26]4,19,4)([27]5,25,6)([28]23,3,7)([29]14,17,4)([30]20,3,3)([31]15,16,1)([32]24,28,7)([33]0,30,2)([34]24,13,1)([35]29,25,0)([36]1,0,4)([37]27,10,4)([38]6,35,1)([39]11,38,7)([40]4,39,2)([41]34,39,2)([42]36,24,6)([43]25,36,6)([44]40,27,7)([45]15,13,4)([46]15,36,1)([47]42,8,4)([48]15,23,5)([49]29,32,6)([50]45,42,2)([51]47,44,7)([52]32,37,6)([53]5,49,5)([54]27,31,6)([55]2,47,7)([56]40,53,4)([57]3,48,5)([58]22,20,4)([59]51,56,2)([60]52,57,5)([61]38,46,6)([62]60,19,4)([63]62,8,2)([64]16,27,3)([65]2,23,4)([66]46,65,4)([67]49,8,0)([68]47,38,5)([69]42,0,1)([70]12,18,4)([71]63,59,3)([72]34,32,3)([73]15,9,7)([74]38,55,1)([75]71,58,7)([76]44,3,3)([77]25,38,5)([78]41,11,2)([79]27,21,6)([80]18,36,7)([81]49,67,0)([82]66,6,6)([83]12,10,4)([84]20,7,2)([85]15,10,0)([86]70,84,7)(75)
evaluations: 32732298
first invidual area: 147.60
{7,1,80,1,2,1,8}([7]2,6,7)([8]7,4,7)([9]8,0,3)([10]8,3,6)([11]9,1,5)([12]2,10,3)([13]3,12,6)([14]1,2,0)([15]13,11,3)([16]14,12,2)([17]10,6,4)([18]0,17,7)([19]18,16,5)([20]3,18,1)([21]15,8,7)([22]0,13,4)([23]8,18,5)([24]12,16,4)([25]18,21,6)([26]4,11,6)([27]25,5,6)([28]3,23,7)([29]26,17,7)([30]0,1,4)([31]23,11,5)([32]24,28,6)([33]19,4,5)([34]27,32,6)([35]22,33,4)([36]17,27,6)([37]11,6,4)([38]3,31,5)([39]25,14,6)([40]37,4,2)([41]32,23,3)([42]30,24,6)([43]36,18,6)([44]27,40,3)([45]40,25,1)([46]32,18,5)([47]42,8,7)([48]30,27,0)([49]29,32,6)([50]11,6,5)([51]47,44,7)([52]17,16,3)([53]5,49,5)([54]48,49,4)([55]0,39,4)([56]40,53,4)([57]4,41,3)([58]29,49,2)([59]51,56,2)([60]34,38,5)([61]26,53,2)([62]60,19,4)([63]62,8,2)([64]59,16,4)([65]19,19,4)([66]53,8,4)([67]61,36,2)([68]64,27,0)([69]19,10,5)([70]13,26,3)([71]59,63,6)([72]69,14,1)([73]15,64,3)([74]10,0,2)([75]71,35,7)([76]6,44,1)([77]65,75,0)([78]32,9,6)([79]74,11,1)([80]50,71,6)([81]59,79,3)([82]57,81,7)([83]43,53,3)([84]53,19,2)([85]39,17,0)([86]19,51,2)(75)
optimized area: 136.81
time: 1215224 ms
seed: 1636326748
{7,1,80,1,2,1,8}([7]6,3,7)([8]1,5,7)([9]6,0,4)([10]9,4,3)([11]4,9,5)([12]2,8,4)([13]11,3,4)([14]7,5,3)([15]5,6,4)([16]11,0,2)([17]16,4,4)([18]0,1,4)([19]10,12,7)([20]14,18,7)([21]10,16,7)([22]20,13,3)([23]21,17,2)([24]18,20,3)([25]22,15,5)([26]11,8,5)([27]21,25,5)([28]25,6,6)([29]8,17,6)([30]26,13,6)([31]0,14,0)([32]30,7,2)([33]13,24,5)([34]30,15,4)([35]25,12,7)([36]19,23,7)([37]33,27,7)([38]17,36,5)([39]2,33,6)([40]37,0,0)([41]35,34,5)([42]19,40,5)([43]31,29,6)([44]33,16,6)([45]4,43,4)([46]5,25,2)([47]8,7,0)([48]40,1,0)([49]25,10,1)([50]12,34,4)([51]42,20,3)([52]31,22,0)([53]21,27,2)([54]38,46,2)([55]37,34,5)([56]2,50,2)([57]19,13,5)([58]42,45,7)([59]38,51,4)([60]45,57,0)([61]23,7,5)([62]57,42,0)([63]6,61,4)([64]63,43,2)([65]49,9,5)([66]28,39,4)([67]21,41,6)([68]22,35,6)([69]26,13,1)([70]38,15,2)([71]20,30,4)([72]66,3,5)([73]45,55,5)([74]51,46,6)([75]67,36,0)([76]5,8,2)([77]3,2,4)([78]66,59,2)([79]28,25,3)([80]16,6,4)([81]66,41,7)([82]6,11,2)([83]78,58,6)([84]8,39,5)([85]83,67,6)([86]13,70,2)(85)
evaluations: 19633296
first invidual area: 141.51
{7,1,80,1,2,1,8}([7]3,0,2)([8]5,1,7)([9]0,6,4)([10]4,9,3)([11]4,9,5)([12]8,2,4)([13]11,3,4)([14]6,8,5)([15]5,6,4)([16]11,0,2)([17]8,11,5)([18]16,1,4)([19]4,8,6)([20]3,18,7)([21]16,10,7)([22]10,0,2)([23]7,20,4)([24]20,13,3)([25]15,24,5)([26]25,9,0)([27]17,13,6)([28]25,7,6)([29]20,24,5)([30]18,7,3)([31]21,12,7)([32]26,21,5)([33]30,13,5)([34]27,15,4)([35]12,29,1)([36]16,31,7)([37]33,32,7)([38]10,31,5)([39]12,5,6)([40]5,2,3)([41]33,40,6)([42]36,37,5)([43]0,19,6)([44]10,9,6)([45]26,12,7)([46]35,13,1)([47]14,35,0)([48]21,43,7)([49]11,2,1)([50]12,23,1)([51]35,21,3)([52]42,27,6)([53]7,38,0)([54]16,29,3)([55]44,15,1)([56]43,4,4)([57]48,54,3)([58]42,56,4)([59]34,45,5)([60]44,9,6)([61]18,56,2)([62]51,37,0)([63]39,26,3)([64]38,40,5)([65]19,24,0)([66]28,41,3)([67]21,59,6)([68]56,35,6)([69]62,58,1)([70]69,54,3)([71]11,35,3)([72]19,39,6)([73]1,35,2)([74]66,11,0)([75]57,44,2)([76]30,64,0)([77]0,76,6)([78]66,64,5)([79]43,3,2)([80]55,45,3)([81]34,65,7)([82]13,15,6)([83]78,58,2)([84]44,68,3)([85]67,83,6)([86]17,45,6)(85)
optimized area: 124.15
time: 1260140 ms
