seed: 1633856412
NOT FOUND
time: 530416 ms
seed: 1633943203
{7,1,80,1,2,1,8}([7]5,3,4)([8]1,5,4)([9]4,8,3)([10]6,1,3)([11]7,6,7)([12]7,0,7)([13]11,9,6)([14]11,4,4)([15]8,12,7)([16]2,3,6)([17]10,6,6)([18]14,2,3)([19]1,9,5)([20]12,17,3)([21]9,11,5)([22]1,18,6)([23]21,15,7)([24]2,12,6)([25]15,19,5)([26]14,6,4)([27]2,9,1)([28]25,2,4)([29]11,8,5)([30]23,13,6)([31]18,8,4)([32]28,4,5)([33]19,20,5)([34]30,33,5)([35]18,6,7)([36]10,4,3)([37]13,11,5)([38]20,32,5)([39]16,30,7)([40]28,0,1)([41]11,2,1)([42]28,16,4)([43]33,32,2)([44]35,39,0)([45]29,43,2)([46]12,35,2)([47]37,46,5)([48]27,42,5)([49]24,18,4)([50]22,19,2)([51]39,47,5)([52]22,32,0)([53]6,17,6)([54]34,36,5)([55]10,33,3)([56]7,33,1)([57]18,15,7)([58]29,15,0)([59]38,42,6)([60]29,59,3)([61]45,26,6)([62]48,33,6)([63]20,6,7)([64]34,58,3)([65]60,61,4)([66]26,49,1)([67]51,54,3)([68]30,0,7)([69]18,68,3)([70]1,49,4)([71]66,51,3)([72]3,41,2)([73]29,21,0)([74]46,58,6)([75]67,73,0)([76]23,22,0)([77]51,50,0)([78]62,60,1)([79]49,55,3)([80]45,57,3)([81]80,36,1)([82]33,79,6)([83]69,49,0)([84]25,67,3)([85]72,80,5)([86]67,65,2)(86)
evaluations: 21840736
first invidual area: 123.19
{7,1,80,1,2,1,8}([7]3,5,4)([8]5,1,4)([9]4,8,3)([10]6,1,3)([11]6,7,7)([12]7,0,7)([13]9,11,5)([14]10,5,1)([15]12,8,7)([16]2,3,6)([17]11,9,6)([18]15,13,7)([19]1,9,5)([20]12,14,3)([21]10,16,5)([22]10,4,3)([23]19,15,5)([24]17,16,3)([25]20,19,5)([26]0,15,1)([27]9,14,2)([28]23,2,4)([29]8,11,5)([30]2,19,5)([31]8,12,2)([32]4,28,5)([33]29,21,0)([34]16,5,0)([35]6,2,7)([36]22,21,5)([37]4,7,7)([38]21,8,0)([39]24,18,3)([40]12,35,2)([41]32,25,2)([42]28,24,4)([43]23,3,6)([44]32,20,5)([45]29,41,2)([46]16,2,6)([47]32,40,5)([48]42,34,6)([49]45,37,3)([50]42,44,6)([51]36,29,1)([52]29,50,3)([53]8,20,2)([54]47,39,5)([55]0,34,4)([56]52,53,2)([57]28,36,0)([58]37,18,2)([59]16,9,7)([60]59,37,6)([61]33,41,1)([62]26,40,3)([63]54,36,3)([64]44,47,3)([65]52,49,7)([66]33,46,1)([67]0,18,3)([68]10,14,2)([69]65,63,2)([70]14,37,3)([71]62,21,1)([72]13,65,6)([73]1,0,0)([74]58,1,3)([75]59,69,0)([76]68,47,2)([77]69,49,0)([78]39,42,3)([79]44,40,1)([80]30,60,5)([81]11,66,2)([82]47,46,4)([83]72,60,3)([84]83,5,1)([85]42,68,5)([86]55,83,6)(69)
optimized area: 111.00
time: 606802 ms
seed: 1633970956
{7,1,80,1,2,1,8}([7]6,0,7)([8]4,3,4)([9]2,3,2)([10]2,7,4)([11]10,0,6)([12]9,11,7)([13]1,3,6)([14]5,13,7)([15]2,3,7)([16]6,13,5)([17]5,16,2)([18]12,1,5)([19]4,9,3)([20]10,3,4)([21]14,15,3)([22]16,3,6)([23]4,17,7)([24]18,0,3)([25]20,21,7)([26]14,2,0)([27]12,8,2)([28]20,1,3)([29]19,9,0)([30]15,11,4)([31]13,19,0)([32]25,1,4)([33]32,6,2)([34]24,3,7)([35]8,25,1)([36]24,33,4)([37]13,36,7)([38]16,27,7)([39]22,26,4)([40]2,14,3)([41]32,21,5)([42]23,32,0)([43]18,24,0)([44]26,41,1)([45]38,42,7)([46]31,2,7)([47]9,18,6)([48]46,36,6)([49]3,41,5)([50]1,34,2)([51]32,38,2)([52]35,18,7)([53]9,12,2)([54]50,23,6)([55]29,0,7)([56]50,52,0)([57]33,38,7)([58]51,51,0)([59]39,4,7)([60]10,2,7)([61]6,55,4)([62]7,44,0)([63]49,26,4)([64]44,53,6)([65]15,27,6)([66]37,61,3)([67]58,39,2)([68]0,36,1)([69]18,7,1)([70]67,54,7)([71]7,60,6)([72]31,48,2)([73]46,54,2)([74]44,56,6)([75]56,47,6)([76]70,3,4)([77]48,52,6)([78]77,65,6)([79]27,15,1)([80]62,45,4)([81]21,26,4)([82]66,76,2)([83]52,82,4)([84]78,63,2)([85]82,25,2)([86]84,82,3)(86)
evaluations: 32864304
first invidual area: 163.54
{7,1,80,1,2,1,8}([7]6,2,7)([8]3,4,4)([9]3,2,2)([10]0,1,4)([11]7,0,6)([12]11,9,7)([13]1,3,6)([14]5,13,7)([15]2,3,7)([16]13,6,5)([17]5,16,5)([18]12,1,5)([19]15,8,6)([20]10,15,4)([21]15,14,3)([22]7,17,5)([23]4,17,4)([24]18,0,3)([25]20,21,4)([26]24,3,7)([27]12,14,5)([28]6,19,0)([29]2,15,4)([30]24,17,3)([31]21,21,6)([32]25,6,7)([33]25,28,5)([34]3,17,4)([35]15,32,5)([36]24,33,4)([37]33,0,2)([38]16,27,4)([39]9,4,6)([40]1,26,2)([41]4,31,0)([42]24,9,5)([43]8,18,4)([44]27,8,3)([45]31,23,7)([46]36,15,2)([47]3,35,5)([48]13,36,4)([49]31,42,3)([50]45,28,3)([51]38,32,2)([52]24,48,6)([53]15,30,0)([54]23,40,3)([55]39,0,4)([56]12,26,6)([57]43,13,6)([58]31,17,1)([59]2,32,4)([60]6,4,6)([61]28,55,4)([62]17,6,2)([63]47,14,4)([64]37,5,4)([65]28,34,6)([66]48,61,3)([67]51,44,5)([68]58,12,4)([69]13,28,3)([70]67,54,7)([71]0,50,3)([72]10,3,6)([73]40,71,1)([74]71,12,6)([75]42,11,5)([76]70,3,4)([77]46,43,6)([78]77,19,6)([79]40,46,3)([80]8,18,4)([81]6,59,3)([82]66,76,2)([83]23,33,6)([84]78,63,2)([85]73,49,5)([86]84,82,3)(86)
optimized area: 150.88
time: 590003 ms
seed: 1633993883
{7,1,80,1,2,1,8}([7]2,5,2)([8]4,3,7)([9]3,2,3)([10]0,6,3)([11]3,10,4)([12]8,5,3)([13]3,6,3)([14]1,11,2)([15]5,13,4)([16]8,8,3)([17]15,0,4)([18]6,14,4)([19]17,2,6)([20]4,10,7)([21]17,3,7)([22]18,13,5)([23]7,4,4)([24]13,16,7)([25]13,12,5)([26]0,19,2)([27]10,16,7)([28]24,2,7)([29]4,14,0)([30]0,20,6)([31]7,30,5)([32]24,14,0)([33]22,12,2)([34]25,18,6)([35]8,31,3)([36]0,22,6)([37]5,8,5)([38]36,33,6)([39]23,14,6)([40]28,35,6)([41]37,33,1)([42]19,34,2)([43]26,39,3)([44]28,38,2)([45]8,39,4)([46]44,41,3)([47]25,20,3)([48]44,18,2)([49]31,42,6)([50]29,0,7)([51]44,45,7)([52]1,47,4)([53]51,39,4)([54]21,48,4)([55]29,8,3)([56]5,5,1)([57]18,14,4)([58]43,46,7)([59]58,57,4)([60]25,47,1)([61]35,58,7)([62]3,29,1)([63]61,42,3)([64]57,38,5)([65]41,42,5)([66]42,26,0)([67]23,16,3)([68]52,63,5)([69]57,30,2)([70]51,68,7)([71]10,8,7)([72]57,51,5)([73]66,12,0)([74]47,61,3)([75]67,37,0)([76]18,65,6)([77]67,72,4)([78]66,9,2)([79]2,10,4)([80]71,46,5)([81]50,13,4)([82]73,78,4)([83]13,21,4)([84]9,75,7)([85]48,28,0)([86]21,1,3)(70)
evaluations: 21145033
first invidual area: 127.90
{7,1,80,1,2,1,8}([7]2,5,2)([8]4,3,7)([9]7,4,4)([10]6,0,3)([11]10,3,4)([12]5,8,3)([13]6,3,3)([14]11,1,2)([15]5,13,7)([16]10,4,7)([17]0,15,2)([18]14,6,4)([19]2,17,6)([20]2,8,7)([21]4,12,7)([22]13,18,5)([23]0,11,6)([24]22,12,2)([25]13,12,5)([26]2,24,4)([27]22,8,1)([28]13,20,7)([29]25,18,6)([30]19,0,2)([31]23,7,5)([32]22,0,6)([33]6,9,2)([34]28,23,6)([35]5,8,2)([36]6,18,2)([37]8,35,4)([38]32,24,6)([39]14,9,6)([40]8,39,4)([41]22,28,3)([42]19,29,2)([43]39,30,3)([44]38,28,2)([45]31,9,7)([46]44,35,3)([47]25,16,3)([48]31,35,3)([49]47,1,4)([50]23,13,6)([51]44,40,4)([52]27,26,0)([53]23,4,3)([54]37,42,7)([55]0,50,4)([56]53,33,3)([57]23,54,4)([58]46,43,7)([59]57,25,7)([60]49,30,0)([61]8,42,3)([62]58,48,7)([63]62,42,3)([64]5,5,1)([65]12,11,4)([66]50,50,4)([67]17,28,6)([68]49,63,5)([69]35,50,1)([70]31,17,4)([71]41,32,3)([72]52,54,6)([73]5,3,2)([74]37,20,7)([75]35,29,3)([76]34,13,2)([77]64,58,0)([78]43,48,7)([79]69,76,1)([80]7,51,0)([81]68,51,4)([82]64,63,4)([83]29,50,7)([84]19,5,4)([85]65,36,3)([86]60,47,3)(81)
optimized area: 124.62
time: 620337 ms
seed: 1634042790
NOT FOUND
time: 532015 ms
seed: 1634156909
NOT FOUND
time: 518219 ms
seed: 1634204248
{7,1,80,1,2,1,8}([7]0,6,3)([8]5,2,2)([9]8,0,3)([10]0,6,2)([11]5,3,4)([12]11,6,6)([13]12,7,4)([14]9,5,2)([15]3,8,4)([16]6,1,2)([17]4,14,3)([18]8,4,7)([19]1,11,7)([20]17,2,7)([21]13,18,5)([22]12,2,4)([23]1,20,5)([24]3,7,7)([25]18,7,4)([26]20,18,7)([27]19,21,4)([28]19,18,4)([29]23,1,4)([30]14,19,4)([31]27,30,5)([32]27,8,7)([33]31,27,1)([34]3,7,2)([35]34,20,3)([36]4,22,5)([37]34,23,2)([38]35,26,2)([39]28,16,6)([40]36,15,6)([41]16,0,7)([42]4,15,7)([43]42,11,3)([44]6,10,7)([45]29,15,6)([46]17,28,3)([47]33,32,3)([48]1,38,6)([49]8,44,7)([50]35,46,3)([51]8,10,7)([52]48,34,4)([53]47,29,3)([54]47,40,4)([55]48,50,0)([56]44,44,3)([57]30,7,7)([58]1,43,0)([59]39,51,4)([60]4,35,4)([61]56,20,5)([62]22,53,7)([63]33,29,1)([64]9,47,4)([65]61,42,5)([66]22,48,7)([67]52,59,2)([68]45,17,0)([69]52,47,4)([70]62,29,7)([71]42,47,5)([72]71,53,3)([73]46,30,4)([74]28,8,0)([75]11,43,2)([76]10,16,7)([77]54,37,7)([78]26,65,2)([79]23,23,5)([80]67,69,5)([81]75,14,2)([82]67,77,6)([83]60,39,0)([84]39,33,4)([85]60,17,7)([86]23,15,6)(82)
evaluations: 19579958
first invidual area: 130.73
{7,1,80,1,2,1,8}([7]0,6,3)([8]2,5,2)([9]8,0,3)([10]8,0,0)([11]5,3,4)([12]6,11,6)([13]8,3,4)([14]5,9,2)([15]1,6,2)([16]0,6,5)([17]4,14,6)([18]10,4,7)([19]11,1,7)([20]17,2,4)([21]7,12,4)([22]16,2,3)([23]1,20,5)([24]19,14,4)([25]21,18,5)([26]20,18,7)([27]25,19,4)([28]19,18,4)([29]1,5,6)([30]20,12,4)([31]9,12,2)([32]10,27,7)([33]24,27,2)([34]3,7,2)([35]34,18,3)([36]25,25,1)([37]34,23,5)([38]26,35,2)([39]28,15,3)([40]20,24,7)([41]30,4,5)([42]33,32,6)([43]4,11,2)([44]38,11,5)([45]38,24,4)([46]38,1,6)([47]30,8,3)([48]4,43,1)([49]32,15,2)([50]26,32,0)([51]17,1,4)([52]41,13,3)([53]46,34,4)([54]42,52,4)([55]54,37,4)([56]16,39,7)([57]56,8,4)([58]24,11,5)([59]41,3,3)([60]1,29,4)([61]43,16,0)([62]55,0,1)([63]20,59,7)([64]8,61,6)([65]10,26,6)([66]43,30,6)([67]53,57,2)([68]24,57,7)([69]29,62,1)([70]56,12,7)([71]62,20,2)([72]16,1,0)([73]7,6,2)([74]54,4,6)([75]10,44,7)([76]37,51,7)([77]4,11,6)([78]20,34,3)([79]46,9,6)([80]35,16,3)([81]55,78,1)([82]47,15,3)([83]32,69,7)([84]61,22,7)([85]55,67,6)([86]13,73,3)(85)
optimized area: 128.86
time: 602274 ms
seed: 1634253214
NOT FOUND
time: 524228 ms
seed: 1634301290
NOT FOUND
time: 531702 ms
seed: 1634341829
{7,1,80,1,2,1,8}([7]1,0,6)([8]6,3,3)([9]6,3,3)([10]2,7,3)([11]4,10,2)([12]2,5,2)([13]4,0,5)([14]5,8,7)([15]6,3,2)([16]14,6,3)([17]14,11,1)([18]4,0,6)([19]14,1,4)([20]15,12,4)([21]11,3,4)([22]4,19,4)([23]2,3,4)([24]20,13,7)([25]21,12,4)([26]21,14,4)([27]26,15,6)([28]24,16,6)([29]16,27,2)([30]17,21,3)([31]22,8,0)([32]7,8,1)([33]23,13,4)([34]33,16,4)([35]30,4,2)([36]31,18,7)([37]25,28,3)([38]31,29,3)([39]20,14,4)([40]35,38,7)([41]0,34,5)([42]41,20,7)([43]22,17,4)([44]20,15,2)([45]3,24,5)([46]28,24,1)([47]38,20,7)([48]45,44,3)([49]32,33,7)([50]25,36,7)([51]35,40,3)([52]35,35,4)([53]43,48,0)([54]42,40,7)([55]31,21,3)([56]23,31,2)([57]8,26,1)([58]42,48,4)([59]54,58,5)([60]15,19,4)([61]6,14,3)([62]23,45,0)([63]39,3,1)([64]10,59,5)([65]20,20,5)([66]52,8,4)([67]17,33,5)([68]47,39,3)([69]11,39,7)([70]62,26,2)([71]10,60,6)([72]36,37,3)([73]44,72,2)([74]14,69,0)([75]13,38,6)([76]69,40,1)([77]34,4,6)([78]35,77,4)([79]17,69,2)([80]60,30,7)([81]14,80,1)([82]12,68,4)([83]72,59,5)([84]17,38,0)([85]4,39,6)([86]60,81,6)(83)
evaluations: 8156405
first invidual area: 127.91
{7,1,80,1,2,1,8}([7]1,0,6)([8]2,7,3)([9]6,6,3)([10]8,3,4)([11]8,4,5)([12]5,2,2)([13]6,3,6)([14]13,5,4)([15]3,6,2)([16]14,6,3)([17]3,4,0)([18]0,4,6)([19]14,4,4)([20]4,0,5)([21]3,11,7)([22]1,19,4)([23]12,20,7)([24]23,15,4)([25]18,22,7)([26]21,14,4)([27]26,15,6)([28]10,16,7)([29]27,16,2)([30]10,19,3)([31]24,3,5)([32]12,21,4)([33]25,32,6)([34]30,4,5)([35]5,26,3)([36]28,0,5)([37]22,29,3)([38]25,6,1)([39]20,9,2)([40]34,37,7)([41]18,11,6)([42]7,14,7)([43]6,13,7)([44]32,9,5)([45]29,27,5)([46]8,15,6)([47]39,31,6)([48]28,22,0)([49]24,40,5)([50]34,11,3)([51]7,14,1)([52]51,29,2)([53]16,23,3)([54]47,40,4)([55]20,43,0)([56]6,50,2)([57]17,9,1)([58]38,32,4)([59]50,54,0)([60]14,29,2)([61]21,40,6)([62]14,47,4)([63]9,28,2)([64]29,2,1)([65]10,28,2)([66]19,15,3)([67]8,1,1)([68]33,53,5)([69]35,68,4)([70]32,12,1)([71]31,57,3)([72]39,67,3)([73]10,57,4)([74]24,2,0)([75]36,49,7)([76]10,3,4)([77]2,72,1)([78]60,32,2)([79]66,41,5)([80]54,75,5)([81]42,51,6)([82]70,25,4)([83]68,80,5)([84]66,39,1)([85]49,43,3)([86]5,37,6)(83)
optimized area: 117.59
time: 666955 ms
seed: 1634390753
NOT FOUND
time: 521918 ms
seed: 1634439784
NOT FOUND
time: 527860 ms
seed: 1634500010
{7,1,80,1,2,1,8}([7]5,0,4)([8]2,2,2)([9]4,5,4)([10]0,6,6)([11]4,3,7)([12]2,0,4)([13]0,11,7)([14]11,1,3)([15]10,1,7)([16]11,7,6)([17]6,1,7)([18]17,12,2)([19]13,4,2)([20]2,17,6)([21]1,2,3)([22]9,14,4)([23]0,18,1)([24]16,4,7)([25]21,13,5)([26]3,20,3)([27]0,17,3)([28]17,25,3)([29]26,28,7)([30]14,29,0)([31]18,22,5)([32]9,31,7)([33]18,22,6)([34]29,7,2)([35]2,19,4)([36]5,16,3)([37]17,25,2)([38]13,11,0)([39]34,15,3)([40]35,28,1)([41]7,13,6)([42]20,24,5)([43]1,23,4)([44]19,25,2)([45]15,34,5)([46]21,36,5)([47]8,32,6)([48]33,14,4)([49]9,43,7)([50]0,9,6)([51]38,32,6)([52]51,14,4)([53]0,13,2)([54]29,9,6)([55]14,13,3)([56]31,41,5)([57]32,39,2)([58]12,4,6)([59]42,54,4)([60]24,49,5)([61]33,59,3)([62]0,40,4)([63]29,57,7)([64]9,6,4)([65]42,42,0)([66]21,19,1)([67]3,16,0)([68]50,64,6)([69]12,34,7)([70]60,68,5)([71]57,26,2)([72]24,16,0)([73]40,20,6)([74]41,70,6)([75]9,11,4)([76]74,63,2)([77]76,62,2)([78]71,77,7)([79]53,33,5)([80]19,21,2)([81]68,55,1)([82]33,40,4)([83]72,14,6)([84]78,61,4)([85]11,59,6)([86]21,53,5)(84)
evaluations: 3652297
first invidual area: 157.43
{7,1,80,1,2,1,8}([7]5,0,4)([8]2,1,3)([9]4,5,4)([10]6,0,6)([11]3,4,7)([12]0,2,4)([13]11,0,7)([14]1,11,3)([15]1,10,7)([16]11,7,3)([17]1,6,7)([18]12,17,2)([19]13,8,5)([20]2,17,6)([21]20,1,0)([22]9,14,4)([23]4,13,5)([24]4,16,4)([25]22,18,5)([26]21,3,3)([27]17,13,6)([28]17,19,3)([29]28,26,7)([30]9,6,0)([31]24,20,5)([32]29,16,6)([33]30,29,3)([34]29,7,2)([35]9,0,4)([36]23,2,4)([37]28,3,4)([38]8,16,4)([39]34,15,3)([40]17,24,2)([41]26,19,3)([42]22,18,6)([43]36,15,3)([44]40,12,5)([45]22,39,2)([46]26,23,5)([47]20,7,3)([48]43,36,6)([49]40,22,2)([50]38,46,7)([51]27,11,5)([52]6,30,4)([53]34,41,5)([54]0,36,5)([55]41,41,7)([56]9,25,7)([57]24,3,5)([58]31,33,7)([59]14,43,5)([60]24,59,5)([61]42,58,6)([62]39,56,2)([63]29,39,7)([64]4,23,7)([65]31,14,5)([66]62,26,5)([67]30,46,2)([68]27,52,6)([69]34,49,0)([70]54,43,0)([71]39,17,6)([72]41,59,0)([73]70,60,5)([74]10,73,6)([75]27,5,3)([76]74,63,2)([77]76,68,5)([78]66,77,7)([79]11,68,3)([80]61,50,7)([81]14,34,3)([82]28,46,6)([83]78,5,7)([84]78,61,7)([85]66,46,1)([86]49,69,7)(84)
optimized area: 142.89
time: 736222 ms
seed: 1634599256
{7,1,80,1,2,1,8}([7]3,6,4)([8]1,4,7)([9]6,8,4)([10]2,5,5)([11]7,4,5)([12]4,5,4)([13]0,12,3)([14]2,13,5)([15]0,12,2)([16]8,0,3)([17]3,12,4)([18]12,10,2)([19]0,10,6)([20]11,14,7)([21]1,9,6)([22]9,7,7)([23]1,13,0)([24]18,14,3)([25]20,15,2)([26]23,24,6)([27]21,14,5)([28]27,8,7)([29]11,8,4)([30]10,3,2)([31]10,12,2)([32]9,30,4)([33]25,5,3)([34]9,10,2)([35]17,6,3)([36]20,7,5)([37]32,26,6)([38]10,26,0)([39]38,9,3)([40]1,14,5)([41]37,26,2)([42]19,17,4)([43]37,23,3)([44]20,27,2)([45]1,44,4)([46]44,5,5)([47]33,16,4)([48]25,44,1)([49]48,13,5)([50]15,43,7)([51]21,9,3)([52]48,34,3)([53]52,7,7)([54]42,47,7)([55]54,53,6)([56]18,40,6)([57]15,38,1)([58]21,57,4)([59]57,12,5)([60]56,45,4)([61]42,29,2)([62]25,28,1)([63]22,38,1)([64]39,45,1)([65]54,56,0)([66]10,25,7)([67]65,6,7)([68]45,17,2)([69]50,55,4)([70]56,2,5)([71]55,36,6)([72]41,66,3)([73]17,9,4)([74]70,47,0)([75]57,23,7)([76]38,68,7)([77]21,36,7)([78]69,49,1)([79]13,58,7)([80]69,16,4)([81]74,76,2)([82]32,29,6)([83]64,23,5)([84]68,69,6)([85]75,49,3)([86]66,77,7)(84)
evaluations: 30688013
first invidual area: 119.00
{7,1,80,1,2,1,8}([7]3,6,4)([8]4,1,7)([9]8,6,4)([10]5,2,5)([11]4,7,5)([12]5,4,4)([13]12,0,3)([14]13,2,5)([15]12,0,2)([16]3,10,5)([17]12,3,4)([18]0,8,3)([19]16,8,2)([20]14,11,7)([21]5,8,6)([22]3,3,0)([23]10,0,6)([24]13,22,1)([25]20,15,2)([26]1,9,3)([27]25,7,1)([28]16,8,4)([29]5,25,6)([30]11,22,2)([31]26,20,5)([32]21,14,6)([33]19,12,5)([34]23,29,3)([35]9,16,7)([36]17,18,7)([37]35,32,6)([38]17,24,0)([39]34,36,4)([40]14,27,3)([41]23,26,3)([42]37,1,3)([43]26,18,7)([44]19,13,3)([45]43,44,3)([46]31,35,4)([47]33,4,1)([48]26,7,0)([49]44,7,6)([50]42,15,7)([51]26,17,5)([52]27,9,3)([53]52,7,4)([54]13,48,1)([55]4,16,7)([56]0,46,0)([57]45,24,4)([58]1,31,7)([59]22,27,0)([60]17,28,1)([61]0,23,7)([62]48,57,1)([63]53,39,5)([64]2,13,3)([65]7,45,7)([66]54,35,0)([67]65,31,2)([68]58,38,2)([69]63,50,7)([70]4,65,4)([71]17,36,1)([72]55,23,6)([73]12,69,5)([74]73,21,2)([75]43,52,3)([76]8,60,5)([77]51,75,4)([78]10,68,0)([79]57,11,2)([80]12,69,2)([81]19,70,7)([82]77,50,2)([83]68,12,2)([84]68,69,6)([85]31,7,6)([86]53,25,2)(84)
optimized area: 108.69
time: 565300 ms
seed: 1634647984
NOT FOUND
time: 529696 ms
seed: 1634699893
{7,1,80,1,2,1,8}([7]3,2,4)([8]6,7,2)([9]5,6,7)([10]1,9,4)([11]6,10,6)([12]9,1,4)([13]4,12,5)([14]1,0,2)([15]13,14,7)([16]14,9,4)([17]0,11,7)([18]5,17,3)([19]1,7,5)([20]3,4,4)([21]5,20,4)([22]4,17,7)([23]8,20,4)([24]6,13,7)([25]22,7,6)([26]5,19,4)([27]15,18,5)([28]7,2,1)([29]4,16,3)([30]25,2,2)([31]9,10,0)([32]13,3,6)([33]23,24,6)([34]26,21,2)([35]30,22,4)([36]15,1,4)([37]8,23,6)([38]35,32,3)([39]30,34,4)([40]22,36,2)([41]28,4,1)([42]29,41,7)([43]42,38,3)([44]39,16,4)([45]37,38,6)([46]27,43,4)([47]15,43,6)([48]44,34,6)([49]9,45,6)([50]19,23,4)([51]48,47,3)([52]30,37,3)([53]40,47,7)([54]34,45,6)([55]1,24,6)([56]42,23,4)([57]52,41,1)([58]27,54,5)([59]47,15,7)([60]39,53,0)([61]51,11,3)([62]55,48,5)([63]57,56,2)([64]48,47,6)([65]29,55,2)([66]39,17,5)([67]62,58,7)([68]66,3,4)([69]53,50,3)([70]69,59,5)([71]56,28,0)([72]43,31,4)([73]1,33,4)([74]63,61,2)([75]27,28,4)([76]15,65,7)([77]67,74,7)([78]36,37,2)([79]49,32,1)([80]21,64,2)([81]10,3,5)([82]69,25,2)([83]80,5,4)([84]8,11,6)([85]45,66,3)([86]0,41,0)(77)
evaluations: 19215407
first invidual area: 158.83
{7,1,80,1,2,1,8}([7]2,3,4)([8]6,7,2)([9]5,6,7)([10]9,1,4)([11]10,6,6)([12]1,10,0)([13]4,10,5)([14]1,0,2)([15]8,11,7)([16]9,14,4)([17]0,11,7)([18]17,5,3)([19]13,3,6)([20]4,3,4)([21]5,20,4)([22]17,4,7)([23]1,7,5)([24]2,5,4)([25]7,22,6)([26]20,23,7)([27]2,12,0)([28]2,1,6)([29]4,16,6)([30]2,25,2)([31]28,4,4)([32]21,11,6)([33]12,6,6)([34]21,26,2)([35]30,22,3)([36]15,15,0)([37]8,20,6)([38]19,35,3)([39]7,19,4)([40]8,20,5)([41]32,1,6)([42]29,7,7)([43]14,13,7)([44]30,16,4)([45]37,38,6)([46]18,43,5)([47]25,13,2)([48]44,34,6)([49]43,13,5)([50]48,47,3)([51]44,50,3)([52]30,37,6)([53]31,4,3)([54]34,45,6)([55]17,47,4)([56]42,40,7)([57]10,17,2)([58]54,46,5)([59]22,58,6)([60]19,5,1)([61]50,11,3)([62]41,48,5)([63]52,56,2)([64]60,15,0)([65]46,31,5)([66]47,64,7)([67]58,62,7)([68]17,51,1)([69]1,44,6)([70]38,15,7)([71]37,30,5)([72]25,63,1)([73]16,46,7)([74]63,61,5)([75]14,8,3)([76]47,25,5)([77]67,74,4)([78]39,58,0)([79]52,77,0)([80]8,23,0)([81]70,1,3)([82]59,23,1)([83]52,34,7)([84]21,75,2)([85]22,57,3)([86]84,15,4)(77)
optimized area: 134.92
time: 1204744 ms
seed: 1634777525
NOT FOUND
time: 974793 ms
seed: 1634842723
{7,1,80,1,2,1,8}([7]2,6,1)([8]0,1,4)([9]7,4,6)([10]8,9,2)([11]3,5,4)([12]6,7,4)([13]12,1,5)([14]6,11,2)([15]8,6,7)([16]5,13,5)([17]16,0,5)([18]14,15,1)([19]7,18,3)([20]18,10,4)([21]13,17,2)([22]2,17,6)([23]3,13,6)([24]1,20,3)([25]22,4,7)([26]24,20,5)([27]5,24,0)([28]20,15,5)([29]10,0,5)([30]11,24,2)([31]23,30,6)([32]19,25,4)([33]18,28,4)([34]21,32,7)([35]33,3,2)([36]0,16,0)([37]13,8,6)([38]34,4,6)([39]11,28,2)([40]35,8,7)([41]25,35,2)([42]3,6,3)([43]7,6,0)([44]31,29,5)([45]35,31,4)([46]2,39,4)([47]24,36,7)([48]28,45,3)([49]17,29,3)([50]30,34,4)([51]42,29,7)([52]41,47,2)([53]46,16,6)([54]12,28,3)([55]21,5,4)([56]19,54,3)([57]38,45,4)([58]6,10,5)([59]32,4,0)([60]8,8,2)([61]57,52,7)([62]60,38,6)([63]10,15,6)([64]14,31,1)([65]40,59,6)([66]51,65,2)([67]53,21,5)([68]61,66,6)([69]30,22,2)([70]40,18,2)([71]27,41,3)([72]51,39,1)([73]18,21,2)([74]22,2,5)([75]66,53,1)([76]68,26,0)([77]1,45,7)([78]4,40,0)([79]53,75,2)([80]67,41,7)([81]50,22,7)([82]39,51,7)([83]76,80,6)([84]72,70,2)([85]61,37,5)([86]11,67,2)(83)
evaluations: 43619974
first invidual area: 142.89
{7,1,80,1,2,1,8}([7]2,3,1)([8]1,0,4)([9]7,4,6)([10]9,8,5)([11]5,3,4)([12]6,2,7)([13]12,1,5)([14]11,6,5)([15]8,6,7)([16]5,13,5)([17]16,0,5)([18]11,11,1)([19]14,13,6)([20]14,10,7)([21]13,17,2)([22]2,17,6)([23]3,13,6)([24]1,20,3)([25]22,4,7)([26]8,4,0)([27]7,0,2)([28]20,15,5)([29]24,11,2)([30]3,24,3)([31]23,29,6)([32]19,25,7)([33]14,28,5)([34]27,4,7)([35]33,3,2)([36]13,18,1)([37]21,32,6)([38]37,4,3)([39]11,28,5)([40]35,8,7)([41]25,35,2)([42]3,6,3)([43]23,25,5)([44]35,23,4)([45]35,31,7)([46]2,39,7)([47]24,2,7)([48]40,17,2)([49]13,31,7)([50]18,19,4)([51]42,24,7)([52]41,0,2)([53]46,16,6)([54]21,49,3)([55]10,10,4)([56]10,20,6)([57]38,45,7)([58]54,44,2)([59]46,57,0)([60]19,27,3)([61]57,52,3)([62]37,7,7)([63]55,4,1)([64]5,61,4)([65]40,32,6)([66]51,65,2)([67]40,58,7)([68]61,66,6)([69]16,9,2)([70]34,63,7)([71]5,4,7)([72]70,57,1)([73]32,43,1)([74]2,71,4)([75]13,6,3)([76]21,20,2)([77]64,47,0)([78]5,32,5)([79]39,13,6)([80]53,41,4)([81]24,59,1)([82]5,64,7)([83]68,80,6)([84]58,49,2)([85]41,66,4)([86]62,71,4)(83)
optimized area: 124.13
time: 1023105 ms
seed: 1635097422
NOT FOUND
time: 984334 ms
seed: 1635126126
{7,1,80,1,2,1,8}([7]1,4,3)([8]2,4,2)([9]5,3,5)([10]5,8,7)([11]7,6,2)([12]11,0,7)([13]0,1,1)([14]10,3,4)([15]13,4,6)([16]1,11,3)([17]5,13,4)([18]9,12,4)([19]11,1,5)([20]4,15,0)([21]17,4,7)([22]10,13,3)([23]15,9,4)([24]20,2,3)([25]21,3,0)([26]17,22,7)([27]4,17,4)([28]26,7,7)([29]12,28,2)([30]19,2,7)([31]30,3,2)([32]10,12,2)([33]0,14,4)([34]22,26,5)([35]30,5,3)([36]2,19,6)([37]3,32,7)([38]31,16,1)([39]29,37,6)([40]14,2,4)([41]11,34,2)([42]38,6,4)([43]41,31,2)([44]14,29,7)([45]16,39,6)([46]44,4,4)([47]26,22,7)([48]39,23,4)([49]18,14,7)([50]5,23,4)([51]21,48,1)([52]40,26,6)([53]25,18,2)([54]43,48,4)([55]48,35,2)([56]40,45,6)([57]29,48,5)([58]14,27,6)([59]21,13,3)([60]12,35,0)([61]8,9,1)([62]32,58,6)([63]7,53,7)([64]57,8,0)([65]45,52,5)([66]54,65,2)([67]17,51,2)([68]32,43,3)([69]63,7,7)([70]14,19,5)([71]58,32,5)([72]32,62,1)([73]41,29,0)([74]42,53,7)([75]66,1,4)([76]33,73,3)([77]54,23,1)([78]74,56,6)([79]35,78,2)([80]78,34,3)([81]75,79,6)([82]29,0,6)([83]43,41,0)([84]76,65,1)([85]23,22,2)([86]83,17,3)(81)
evaluations: 27306211
first invidual area: 139.15
{7,1,80,1,2,1,8}([7]1,4,3)([8]4,2,2)([9]3,5,5)([10]8,5,7)([11]7,6,2)([12]0,11,7)([13]9,11,0)([14]5,0,7)([15]11,1,5)([16]10,3,4)([17]0,11,1)([18]12,13,4)([19]17,4,3)([20]10,2,6)([21]14,4,7)([22]10,17,5)([23]19,13,7)([24]3,17,5)([25]24,3,4)([26]8,22,7)([27]1,11,3)([28]26,7,7)([29]12,28,2)([30]2,15,7)([31]30,3,2)([32]10,12,5)([33]28,14,5)([34]2,3,3)([35]29,15,0)([36]31,33,2)([37]32,3,4)([38]22,21,1)([39]29,37,6)([40]15,33,2)([41]33,31,6)([42]2,16,4)([43]36,11,5)([44]24,28,0)([45]27,39,6)([46]18,41,1)([47]46,34,0)([48]39,23,7)([49]16,21,6)([50]25,27,2)([51]37,18,6)([52]45,13,1)([53]2,43,0)([54]43,48,4)([55]45,32,0)([56]42,55,6)([57]10,21,7)([58]55,23,5)([59]3,58,1)([60]3,7,0)([61]31,6,7)([62]14,50,2)([63]21,18,5)([64]14,20,4)([65]55,20,5)([66]54,65,5)([67]5,30,3)([68]61,21,4)([69]63,64,7)([70]42,3,7)([71]44,22,2)([72]46,16,6)([73]7,13,1)([74]61,63,4)([75]66,1,7)([76]19,27,6)([77]36,41,5)([78]74,56,6)([79]78,67,2)([80]36,41,5)([81]75,79,6)([82]53,43,1)([83]30,72,3)([84]27,81,1)([85]68,33,3)([86]55,36,5)(81)
optimized area: 135.40
time: 616623 ms
seed: 1635175153
NOT FOUND
time: 580434 ms
seed: 1635295680
{7,1,80,1,2,1,8}([7]4,0,4)([8]5,4,7)([9]6,1,4)([10]3,0,7)([11]7,2,3)([12]2,1,2)([13]8,9,7)([14]12,10,7)([15]14,5,5)([16]5,6,2)([17]14,8,4)([18]13,1,5)([19]16,7,2)([20]13,7,2)([21]20,19,1)([22]11,9,2)([23]13,0,2)([24]4,11,7)([25]24,10,4)([26]3,23,6)([27]22,19,3)([28]20,17,6)([29]15,6,3)([30]27,17,2)([31]19,28,6)([32]12,22,4)([33]13,22,7)([34]6,19,1)([35]1,10,7)([36]3,7,1)([37]27,33,5)([38]31,11,2)([39]26,1,3)([40]30,23,0)([41]8,2,4)([42]38,41,5)([43]42,25,1)([44]30,26,6)([45]18,2,0)([46]27,23,2)([47]33,35,6)([48]29,41,6)([49]24,12,5)([50]25,7,2)([51]28,47,5)([52]28,7,5)([53]52,43,2)([54]44,48,4)([55]4,12,0)([56]53,17,1)([57]21,20,3)([58]17,14,2)([59]25,46,7)([60]35,37,4)([61]17,39,4)([62]56,61,6)([63]54,20,3)([64]51,62,7)([65]63,64,7)([66]61,3,1)([67]2,0,4)([68]9,4,1)([69]24,58,2)([70]49,24,0)([71]7,64,0)([72]36,39,5)([73]4,35,0)([74]9,13,5)([75]39,23,5)([76]58,7,6)([77]74,0,2)([78]68,5,7)([79]55,74,4)([80]28,71,4)([81]13,14,4)([82]57,53,5)([83]38,76,5)([84]15,55,0)([85]67,19,1)([86]82,21,5)(65)
evaluations: 12710682
first invidual area: 125.08
{7,1,80,1,2,1,8}([7]4,0,4)([8]5,4,7)([9]6,1,4)([10]0,3,7)([11]7,2,3)([12]2,1,5)([13]9,8,7)([14]10,12,4)([15]14,5,5)([16]15,12,4)([17]8,14,4)([18]6,5,2)([19]13,0,2)([20]13,7,2)([21]1,10,7)([22]9,11,2)([23]15,6,3)([24]7,18,2)([25]24,22,3)([26]3,19,6)([27]17,11,2)([28]20,17,6)([29]27,13,4)([30]15,0,7)([31]24,28,6)([32]31,11,2)([33]25,17,2)([34]22,13,6)([35]33,26,3)([36]22,20,3)([37]11,25,3)([38]31,24,1)([39]26,1,6)([40]18,14,5)([41]2,8,4)([42]41,32,5)([43]39,17,7)([44]23,41,6)([45]12,17,7)([46]33,15,7)([47]43,23,7)([48]42,12,2)([49]21,34,6)([50]33,41,5)([51]49,28,2)([52]29,46,1)([53]7,4,7)([54]35,44,7)([55]6,27,2)([56]54,20,3)([57]55,24,0)([58]23,15,5)([59]18,8,0)([60]48,14,2)([61]2,2,1)([62]42,43,6)([63]54,12,5)([64]51,62,3)([65]0,44,3)([66]64,27,6)([67]57,15,7)([68]5,57,5)([69]37,13,5)([70]40,27,3)([71]42,57,5)([72]67,18,3)([73]56,64,7)([74]33,12,7)([75]35,1,7)([76]43,5,6)([77]31,30,3)([78]19,25,7)([79]56,9,2)([80]39,37,7)([81]68,0,0)([82]31,10,0)([83]82,5,4)([84]80,54,5)([85]21,1,3)([86]44,26,7)(73)
optimized area: 113.37
time: 1187299 ms
seed: 1635453341
{7,1,80,1,2,1,8}([7]0,6,6)([8]4,3,7)([9]0,4,6)([10]3,7,1)([11]3,6,2)([12]10,7,2)([13]4,2,6)([14]2,12,5)([15]2,13,6)([16]9,1,5)([17]13,16,2)([18]14,10,5)([19]6,0,2)([20]18,16,5)([21]20,4,5)([22]15,8,7)([23]10,7,4)([24]5,16,2)([25]2,2,0)([26]7,17,7)([27]26,18,4)([28]24,21,2)([29]6,5,4)([30]29,11,1)([31]15,30,4)([32]13,24,7)([33]32,31,2)([34]22,5,0)([35]0,31,5)([36]14,19,6)([37]28,5,5)([38]6,21,5)([39]33,20,2)([40]35,38,6)([41]40,27,6)([42]18,22,4)([43]38,21,5)([44]1,12,7)([45]15,41,0)([46]8,41,2)([47]26,44,7)([48]20,19,7)([49]39,33,2)([50]41,43,4)([51]36,18,0)([52]37,22,3)([53]28,46,4)([54]27,32,2)([55]22,38,0)([56]41,41,1)([57]5,6,3)([58]1,9,6)([59]53,19,2)([60]58,35,7)([61]55,14,1)([62]39,18,7)([63]28,8,7)([64]3,56,0)([65]12,15,2)([66]47,62,3)([67]29,14,4)([68]60,22,6)([69]10,64,1)([70]26,49,4)([71]67,17,4)([72]1,53,4)([73]66,52,7)([74]42,28,3)([75]50,72,3)([76]73,59,3)([77]45,51,3)([78]68,72,3)([79]37,40,2)([80]76,78,2)([81]10,76,4)([82]48,61,0)([83]81,7,5)([84]28,60,2)([85]68,14,3)([86]60,7,3)(80)
evaluations: 15629914
first invidual area: 134.90
{7,1,80,1,2,1,8}([7]0,6,6)([8]4,3,7)([9]0,4,6)([10]8,8,7)([11]3,1,1)([12]7,2,5)([13]4,2,6)([14]13,5,0)([15]13,2,6)([16]1,9,5)([17]6,15,4)([18]12,11,5)([19]14,16,5)([20]18,16,5)([21]20,4,5)([22]8,15,7)([23]6,4,1)([24]5,16,2)([25]5,2,3)([26]11,7,6)([27]19,26,4)([28]24,21,5)([29]12,14,7)([30]15,23,3)([31]5,17,7)([32]14,24,7)([33]20,32,2)([34]30,5,5)([35]0,31,5)([36]31,33,5)([37]8,15,6)([38]9,1,6)([39]30,29,4)([40]35,23,6)([41]30,31,7)([42]41,4,2)([43]33,21,5)([44]36,11,5)([45]40,27,6)([46]19,28,1)([47]31,4,4)([48]0,19,4)([49]5,31,1)([50]45,8,5)([51]33,9,3)([52]49,18,6)([53]50,28,4)([54]38,35,7)([55]17,0,2)([56]49,55,6)([57]51,20,2)([58]27,11,7)([59]53,55,5)([60]27,56,0)([61]47,7,4)([62]22,61,0)([63]58,1,4)([64]1,1,4)([65]27,10,3)([66]6,28,6)([67]28,22,3)([68]54,22,6)([69]26,66,1)([70]36,18,4)([71]70,63,6)([72]1,53,4)([73]71,67,7)([74]54,4,2)([75]72,48,7)([76]73,59,5)([77]63,48,0)([78]18,73,6)([79]68,72,3)([80]76,79,2)([81]72,56,7)([82]17,12,6)([83]81,3,2)([84]70,42,3)([85]43,57,4)([86]46,84,7)(80)
optimized area: 123.65
time: 1240579 ms
seed: 1635560539
NOT FOUND
time: 996585 ms
seed: 1635606667
{7,1,80,1,2,1,8}([7]0,6,4)([8]5,1,7)([9]4,3,2)([10]1,3,3)([11]2,8,4)([12]4,3,4)([13]1,12,7)([14]8,13,5)([15]3,14,6)([16]11,12,2)([17]6,11,5)([18]4,2,4)([19]2,3,1)([20]12,16,2)([21]5,0,2)([22]6,5,3)([23]0,12,3)([24]19,23,2)([25]4,17,3)([26]18,6,2)([27]11,24,3)([28]3,9,7)([29]16,10,4)([30]21,13,4)([31]25,30,4)([32]12,27,1)([33]25,14,2)([34]32,29,6)([35]7,23,3)([36]12,30,0)([37]32,8,7)([38]35,31,7)([39]9,17,3)([40]34,14,3)([41]2,16,0)([42]33,22,5)([43]29,42,4)([44]39,18,4)([45]36,25,3)([46]24,35,7)([47]6,24,2)([48]27,34,2)([49]7,27,7)([50]0,26,2)([51]5,47,6)([52]24,18,0)([53]51,34,5)([54]42,10,6)([55]36,49,0)([56]7,12,6)([57]48,6,5)([58]43,38,3)([59]53,44,7)([60]49,57,5)([61]18,2,7)([62]58,27,6)([63]54,4,4)([64]1,13,6)([65]59,60,2)([66]29,24,7)([67]54,34,7)([68]30,15,6)([69]14,35,3)([70]15,58,4)([71]70,50,6)([72]24,16,0)([73]68,43,1)([74]37,1,6)([75]58,44,4)([76]9,63,4)([77]4,53,3)([78]62,4,1)([79]55,13,0)([80]71,65,3)([81]78,60,7)([82]66,1,5)([83]68,17,1)([84]53,21,1)([85]72,34,1)([86]26,61,0)(80)
evaluations: 9699758
first invidual area: 138.19
{7,1,80,1,2,1,8}([7]0,6,2)([8]1,5,7)([9]2,4,7)([10]5,0,5)([11]2,8,4)([12]3,4,4)([13]1,12,7)([14]13,8,5)([15]14,3,6)([16]2,12,1)([17]6,11,5)([18]3,4,2)([19]17,18,6)([20]3,1,6)([21]13,10,7)([22]11,12,5)([23]0,12,3)([24]23,16,2)([25]4,17,3)([26]17,16,2)([27]8,4,4)([28]5,4,7)([29]15,9,5)([30]6,5,3)([31]20,22,4)([32]25,13,3)([33]32,29,6)([34]11,24,6)([35]23,21,4)([36]19,26,2)([37]16,6,0)([38]35,17,2)([39]28,0,4)([40]34,0,7)([41]14,30,2)([42]41,25,5)([43]31,42,4)([44]19,9,7)([45]7,44,2)([46]26,35,3)([47]22,15,6)([48]44,12,4)([49]10,13,2)([50]40,6,7)([51]31,5,6)([52]24,14,7)([53]27,16,1)([54]50,0,0)([55]0,40,2)([56]24,4,7)([57]51,32,5)([58]43,38,6)([59]1,11,3)([60]50,32,5)([61]17,24,4)([62]29,43,0)([63]27,17,6)([64]52,1,4)([65]16,21,7)([66]43,19,1)([67]18,28,3)([68]46,44,3)([69]44,12,7)([70]58,15,7)([71]70,45,6)([72]16,49,6)([73]57,44,4)([74]70,0,4)([75]60,73,2)([76]10,2,3)([77]19,59,4)([78]28,60,3)([79]40,12,3)([80]71,75,3)([81]20,15,6)([82]53,56,3)([83]34,8,1)([84]5,62,2)([85]4,15,5)([86]29,0,2)(80)
optimized area: 124.61
time: 1266477 ms
seed: 1635654357
NOT FOUND
time: 1089780 ms
seed: 1635702144
NOT FOUND
time: 1081675 ms
seed: 1635749418
NOT FOUND
time: 1055408 ms
seed: 1635796395
NOT FOUND
time: 1078134 ms
seed: 1635839568
{7,1,80,1,2,1,8}([7]1,5,6)([8]4,0,6)([9]2,2,7)([10]5,3,6)([11]4,1,6)([12]2,7,6)([13]1,5,4)([14]3,4,4)([15]8,10,3)([16]6,3,4)([17]11,10,4)([18]12,15,0)([19]2,1,6)([20]0,16,6)([21]14,20,6)([22]0,5,2)([23]9,8,6)([24]21,16,4)([25]24,18,7)([26]15,10,6)([27]26,23,6)([28]19,3,3)([29]14,15,4)([30]4,5,6)([31]11,2,6)([32]16,28,5)([33]5,4,4)([34]12,1,6)([35]32,8,3)([36]7,0,5)([37]31,5,5)([38]14,37,4)([39]29,32,4)([40]21,34,2)([41]39,9,4)([42]39,31,2)([43]27,34,5)([44]30,41,0)([45]38,26,0)([46]11,1,5)([47]28,0,2)([48]36,25,4)([49]32,45,3)([50]34,7,4)([51]9,35,4)([52]47,49,5)([53]34,52,4)([54]42,13,3)([55]39,22,3)([56]2,36,2)([57]55,48,6)([58]54,17,5)([59]49,2,0)([60]43,52,7)([61]17,11,3)([62]51,4,3)([63]25,4,5)([64]59,39,7)([65]21,31,3)([66]59,54,5)([67]65,57,3)([68]32,67,5)([69]6,50,6)([70]19,21,3)([71]55,33,7)([72]60,52,5)([73]72,24,3)([74]17,35,4)([75]67,73,4)([76]48,74,2)([77]75,66,7)([78]13,35,5)([79]19,77,4)([80]75,25,0)([81]39,58,6)([82]74,32,1)([83]7,49,1)([84]77,76,7)([85]82,8,3)([86]50,34,1)(84)
evaluations: 36997582
first invidual area: 151.31
{7,1,80,1,2,1,8}([7]5,1,6)([8]4,0,6)([9]5,0,2)([10]3,5,6)([11]4,1,6)([12]7,2,6)([13]5,1,4)([14]3,4,4)([15]8,10,3)([16]3,6,4)([17]11,6,4)([18]15,14,7)([19]5,5,5)([20]0,16,6)([21]14,20,6)([22]19,20,2)([23]1,2,6)([24]21,16,4)([25]24,12,4)([26]1,25,6)([27]24,24,3)([28]23,3,3)([29]23,22,1)([30]15,14,5)([31]2,11,6)([32]16,28,5)([33]15,21,6)([34]6,32,4)([35]32,8,3)([36]9,0,3)([37]31,5,5)([38]12,6,4)([39]18,32,7)([40]0,7,5)([41]36,33,5)([42]39,31,2)([43]15,26,5)([44]37,24,4)([45]42,9,6)([46]43,11,1)([47]0,28,2)([48]40,25,7)([49]44,32,3)([50]33,9,4)([51]18,21,5)([52]47,49,5)([53]12,35,1)([54]42,13,3)([55]9,39,3)([56]2,41,5)([57]55,48,6)([58]43,4,0)([59]31,57,3)([60]3,54,1)([61]5,4,1)([62]41,25,1)([63]14,37,4)([64]6,60,5)([65]21,59,6)([66]49,54,5)([67]9,21,4)([68]11,10,7)([69]42,5,1)([70]6,42,0)([71]40,29,7)([72]58,52,5)([73]72,24,3)([74]68,35,7)([75]65,73,4)([76]48,74,5)([77]75,66,7)([78]18,27,2)([79]17,34,6)([80]77,76,7)([81]24,25,3)([82]60,79,4)([83]0,45,3)([84]27,13,4)([85]19,83,1)([86]17,34,1)(80)
optimized area: 134.44
time: 1160631 ms
seed: 1635881653
NOT FOUND
time: 1073022 ms
