seed: 1633861616
NOT FOUND
time: 533925 ms
seed: 1633948492
NOT FOUND
time: 533476 ms
seed: 1633976220
NOT FOUND
time: 531747 ms
seed: 1633999157
NOT FOUND
time: 530323 ms
seed: 1634047950
{7,1,80,1,2,1,8}([7]3,1,6)([8]6,4,2)([9]3,0,5)([10]6,5,5)([11]2,8,6)([12]3,8,3)([13]5,7,5)([14]2,6,2)([15]12,5,4)([16]10,4,7)([17]12,15,4)([18]15,7,6)([19]9,5,7)([20]11,1,4)([21]1,3,2)([22]19,16,5)([23]0,7,4)([24]13,0,2)([25]14,18,7)([26]22,0,4)([27]20,16,4)([28]11,23,7)([29]10,1,7)([30]16,25,2)([31]18,28,1)([32]26,13,7)([33]2,19,5)([34]0,30,1)([35]27,21,1)([36]25,27,6)([37]26,23,7)([38]18,4,5)([39]30,26,0)([40]17,20,4)([41]38,26,4)([42]10,13,6)([43]41,27,2)([44]8,19,5)([45]28,35,2)([46]26,0,6)([47]24,16,3)([48]23,47,3)([49]42,10,4)([50]24,21,4)([51]10,50,2)([52]6,21,3)([53]41,51,3)([54]9,27,2)([55]25,38,0)([56]28,53,5)([57]36,18,4)([58]16,2,4)([59]56,25,2)([60]26,5,0)([61]25,45,3)([62]14,4,4)([63]37,52,7)([64]61,63,5)([65]64,19,6)([66]60,26,4)([67]42,23,6)([68]4,8,4)([69]10,27,3)([70]62,46,7)([71]48,64,5)([72]71,23,4)([73]56,29,2)([74]22,41,6)([75]59,43,3)([76]67,60,5)([77]7,0,1)([78]0,17,0)([79]78,65,0)([80]9,49,3)([81]30,49,1)([82]24,15,0)([83]46,72,0)([84]52,32,3)([85]72,4,6)([86]85,75,4)(86)
evaluations: 20033183
first invidual area: 131.17
{7,1,80,1,2,1,8}([7]3,1,6)([8]4,6,2)([9]3,0,5)([10]5,6,5)([11]2,8,6)([12]7,7,0)([13]5,6,0)([14]11,1,7)([15]8,3,3)([16]4,10,7)([17]13,15,4)([18]17,7,6)([19]9,13,7)([20]19,16,5)([21]3,1,2)([22]6,2,5)([23]12,0,4)([24]23,23,2)([25]22,18,4)([26]20,0,7)([27]8,6,0)([28]5,7,5)([29]0,28,2)([30]0,9,1)([31]25,0,7)([32]16,29,3)([33]17,17,1)([34]29,4,7)([35]32,31,7)([36]14,16,7)([37]0,3,7)([38]25,16,5)([39]29,30,1)([40]18,4,5)([41]26,40,7)([42]16,6,7)([43]36,41,2)([44]16,42,1)([45]3,15,6)([46]23,11,7)([47]32,39,2)([48]24,32,3)([49]11,22,7)([50]21,29,4)([51]12,1,1)([52]9,18,2)([53]41,50,3)([54]17,22,1)([55]36,45,1)([56]46,53,5)([57]9,21,3)([58]6,21,6)([59]31,52,7)([60]56,43,6)([61]25,60,3)([62]23,53,4)([63]58,62,4)([64]63,61,5)([65]25,19,0)([66]15,0,3)([67]51,44,3)([68]18,23,3)([69]9,34,0)([70]25,56,2)([71]48,64,5)([72]71,24,4)([73]4,69,1)([74]67,32,6)([75]70,43,3)([76]35,0,4)([77]58,63,0)([78]33,37,5)([79]76,64,7)([80]32,69,1)([81]4,7,1)([82]47,31,0)([83]60,70,7)([84]35,42,6)([85]72,4,6)([86]85,75,4)(86)
optimized area: 126.96
time: 638777 ms
seed: 1634162164
NOT FOUND
time: 531522 ms
seed: 1634209423
{7,1,80,1,2,1,8}([7]5,2,2)([8]3,6,4)([9]3,8,2)([10]7,1,6)([11]6,7,7)([12]4,11,4)([13]4,5,4)([14]13,3,3)([15]10,9,3)([16]14,9,7)([17]10,12,4)([18]8,13,5)([19]1,13,7)([20]10,14,3)([21]19,5,4)([22]2,16,7)([23]18,9,7)([24]2,0,7)([25]21,24,4)([26]2,2,5)([27]11,15,6)([28]26,13,0)([29]0,23,2)([30]22,0,6)([31]21,14,7)([32]12,15,3)([33]30,5,4)([34]25,14,2)([35]31,0,5)([36]32,28,7)([37]29,25,2)([38]8,36,5)([39]30,14,2)([40]17,27,2)([41]11,40,6)([42]1,29,6)([43]33,20,5)([44]32,19,2)([45]22,35,2)([46]32,9,1)([47]24,42,3)([48]26,24,7)([49]19,18,4)([50]16,21,7)([51]26,5,2)([52]22,37,0)([53]2,24,2)([54]34,14,6)([55]41,37,6)([56]23,14,3)([57]36,29,4)([58]43,46,7)([59]57,40,3)([60]25,21,0)([61]51,50,2)([62]43,59,2)([63]33,14,7)([64]29,15,7)([65]7,8,6)([66]59,27,6)([67]55,47,2)([68]40,54,5)([69]63,41,4)([70]67,62,7)([71]47,49,7)([72]8,46,1)([73]22,68,4)([74]10,34,1)([75]71,45,2)([76]40,70,0)([77]70,68,4)([78]14,45,4)([79]49,45,1)([80]49,43,6)([81]64,32,1)([82]77,2,2)([83]32,55,5)([84]75,77,3)([85]3,69,0)([86]32,62,1)(84)
evaluations: 12559447
first invidual area: 159.31
{7,1,80,1,2,1,8}([7]2,5,2)([8]3,6,4)([9]8,3,2)([10]7,1,6)([11]7,6,7)([12]4,0,1)([13]12,5,7)([14]3,13,3)([15]10,9,3)([16]9,14,7)([17]1,4,7)([18]8,13,5)([19]15,11,6)([20]14,10,3)([21]0,0,3)([22]16,2,7)([23]9,18,7)([24]21,2,7)([25]7,13,1)([26]17,2,5)([27]19,4,6)([28]21,22,3)([29]23,21,2)([30]18,13,5)([31]17,20,2)([32]9,6,3)([33]28,5,7)([34]25,18,2)([35]0,31,5)([36]11,30,7)([37]29,35,2)([38]22,35,2)([39]27,15,6)([40]4,19,2)([41]10,11,1)([42]37,5,7)([43]20,33,5)([44]1,29,6)([45]44,39,1)([46]40,11,6)([47]24,44,3)([48]46,37,6)([49]47,1,4)([50]16,12,6)([51]29,2,7)([52]36,34,4)([53]30,49,4)([54]22,10,4)([55]48,1,4)([56]15,41,2)([57]51,39,4)([58]54,27,4)([59]57,40,3)([60]47,48,5)([61]23,47,3)([62]43,59,5)([63]39,36,5)([64]60,62,7)([65]52,48,7)([66]6,43,5)([67]13,25,2)([68]40,16,5)([69]16,5,3)([70]58,46,4)([71]25,31,0)([72]61,11,2)([73]48,59,1)([74]46,71,0)([75]38,53,2)([76]2,2,1)([77]25,4,6)([78]10,8,2)([79]2,55,6)([80]33,10,4)([81]64,68,4)([82]81,75,3)([83]37,53,4)([84]10,77,2)([85]21,55,0)([86]43,51,2)(82)
optimized area: 136.32
time: 692825 ms
seed: 1634258397
{7,1,80,1,2,1,8}([7]2,5,7)([8]2,0,7)([9]1,4,4)([10]6,1,6)([11]10,9,6)([12]11,6,5)([13]3,2,7)([14]8,6,3)([15]14,7,5)([16]5,3,7)([17]15,16,5)([18]12,3,5)([19]5,16,5)([20]14,16,7)([21]0,10,3)([22]18,19,1)([23]9,14,4)([24]22,14,4)([25]22,11,6)([26]12,6,7)([27]0,25,4)([28]8,23,6)([29]28,26,0)([30]21,4,2)([31]20,1,7)([32]10,17,5)([33]24,26,5)([34]32,27,7)([35]2,27,2)([36]9,21,4)([37]7,30,1)([38]15,26,6)([39]18,0,7)([40]15,25,4)([41]40,31,7)([42]30,31,7)([43]0,5,4)([44]2,5,2)([45]41,34,2)([46]2,43,0)([47]22,45,7)([48]29,12,7)([49]40,48,0)([50]26,34,0)([51]49,49,4)([52]42,17,4)([53]32,39,2)([54]44,28,7)([55]53,27,6)([56]31,52,5)([57]51,1,3)([58]47,2,7)([59]53,33,5)([60]57,45,5)([61]12,12,2)([62]56,59,5)([63]26,1,2)([64]59,49,0)([65]58,31,7)([66]58,62,3)([67]29,4,5)([68]62,28,2)([69]20,65,0)([70]40,21,2)([71]13,20,1)([72]58,46,3)([73]52,63,2)([74]49,66,7)([75]32,37,6)([76]28,42,4)([77]63,62,7)([78]1,34,4)([79]61,42,3)([80]29,27,7)([81]5,5,0)([82]74,68,6)([83]39,44,0)([84]49,12,2)([85]70,65,0)([86]44,59,0)(82)
evaluations: 23797055
first invidual area: 135.42
{7,1,80,1,2,1,8}([7]5,4,1)([8]2,7,4)([9]4,1,4)([10]6,1,6)([11]9,10,6)([12]2,0,7)([13]6,11,5)([14]12,6,3)([15]8,14,5)([16]3,7,4)([17]15,16,5)([18]3,13,5)([19]13,18,6)([20]1,16,4)([21]4,14,6)([22]18,2,4)([23]9,20,2)([24]17,13,6)([25]3,11,6)([26]23,19,6)([27]0,25,7)([28]4,21,7)([29]10,0,3)([30]17,4,7)([31]14,20,4)([32]17,10,5)([33]25,20,5)([34]32,27,4)([35]24,2,6)([36]22,7,4)([37]11,18,3)([38]5,18,0)([39]29,4,5)([40]25,15,7)([41]40,31,4)([42]34,41,5)([43]31,35,6)([44]42,22,4)([45]7,34,6)([46]8,39,3)([47]22,12,4)([48]47,5,0)([49]39,19,1)([50]34,35,1)([51]17,39,7)([52]47,40,4)([53]48,37,4)([54]44,30,7)([55]51,31,5)([56]33,47,2)([57]6,54,2)([58]23,19,2)([59]56,32,5)([60]35,1,3)([61]9,26,5)([62]59,55,5)([63]28,33,4)([64]39,48,0)([65]46,56,6)([66]62,44,3)([67]37,52,0)([68]56,45,2)([69]56,20,7)([70]46,22,4)([71]2,47,2)([72]36,40,5)([73]16,68,4)([74]40,66,4)([75]39,73,6)([76]66,7,0)([77]26,41,7)([78]68,74,6)([79]2,73,6)([80]58,1,4)([81]55,15,4)([82]71,42,6)([83]4,66,7)([84]41,65,0)([85]82,48,2)([86]34,66,7)(78)
optimized area: 115.72
time: 641662 ms
seed: 1634306536
{7,1,80,1,2,1,8}([7]2,1,3)([8]1,3,6)([9]6,5,6)([10]6,1,6)([11]2,5,3)([12]9,1,6)([13]12,5,5)([14]4,2,3)([15]3,5,3)([16]3,14,5)([17]11,10,7)([18]5,3,5)([19]0,13,4)([20]19,4,7)([21]15,7,5)([22]4,21,4)([23]16,1,4)([24]12,17,4)([25]4,3,6)([26]5,25,6)([27]20,6,5)([28]2,1,5)([29]2,0,7)([30]13,14,7)([31]29,8,7)([32]16,31,4)([33]19,22,6)([34]22,7,7)([35]25,6,0)([36]3,2,3)([37]17,29,4)([38]22,31,1)([39]17,8,5)([40]21,33,4)([41]32,7,6)([42]6,32,0)([43]35,40,7)([44]29,15,4)([45]26,20,6)([46]37,29,3)([47]18,46,5)([48]39,33,5)([49]6,43,7)([50]32,9,6)([51]23,8,6)([52]50,49,5)([53]5,21,6)([54]50,33,1)([55]8,27,7)([56]52,47,7)([57]24,16,6)([58]28,45,5)([59]55,30,5)([60]5,20,2)([61]13,2,1)([62]54,48,6)([63]57,48,6)([64]2,50,4)([65]58,37,3)([66]5,0,3)([67]48,50,7)([68]18,59,3)([69]35,34,2)([70]59,21,2)([71]68,56,5)([72]47,5,1)([73]23,70,1)([74]8,51,5)([75]71,65,2)([76]37,52,2)([77]30,37,6)([78]24,57,7)([79]7,48,1)([80]53,37,5)([81]45,47,0)([82]17,27,5)([83]54,16,5)([84]15,41,3)([85]75,63,4)([86]31,32,1)(85)
evaluations: 20126337
first invidual area: 143.81
{7,1,80,1,2,1,8}([7]1,2,3)([8]1,3,6)([9]6,5,6)([10]6,1,6)([11]2,5,6)([12]9,1,6)([13]12,5,5)([14]2,4,3)([15]3,5,3)([16]3,14,5)([17]10,11,4)([18]5,3,5)([19]0,13,4)([20]4,19,7)([21]15,7,5)([22]12,18,1)([23]4,3,6)([24]17,12,4)([25]2,23,7)([26]19,25,2)([27]16,24,6)([28]21,20,7)([29]2,0,7)([30]6,0,0)([31]8,29,7)([32]1,14,4)([33]28,19,6)([34]14,12,4)([35]16,31,4)([36]29,17,4)([37]36,17,3)([38]5,26,6)([39]8,17,5)([40]23,6,4)([41]33,39,5)([42]21,40,4)([43]28,19,7)([44]10,3,1)([45]3,20,6)([46]41,27,3)([47]37,18,5)([48]17,1,5)([49]33,42,4)([50]35,9,6)([51]2,3,1)([52]50,49,5)([53]20,6,2)([54]29,31,0)([55]34,53,5)([56]52,47,7)([57]21,35,7)([58]51,45,5)([59]16,14,0)([60]50,22,7)([61]30,6,6)([62]38,51,4)([63]43,7,4)([64]26,17,5)([65]58,36,3)([66]22,61,0)([67]60,10,6)([68]18,55,3)([69]14,54,3)([70]27,6,7)([71]68,56,5)([72]64,67,3)([73]56,13,2)([74]5,63,7)([75]71,65,5)([76]32,18,6)([77]46,75,4)([78]1,65,0)([79]41,49,5)([80]50,77,4)([81]71,54,7)([82]56,57,3)([83]50,59,4)([84]77,5,0)([85]50,67,5)([86]11,20,0)(77)
optimized area: 136.31
time: 635407 ms
seed: 1634347048
NOT FOUND
time: 527920 ms
seed: 1634396014
{7,1,80,1,2,1,8}([7]6,2,7)([8]6,1,4)([9]4,8,5)([10]4,1,4)([11]1,8,7)([12]2,0,3)([13]9,10,4)([14]13,2,2)([15]12,8,3)([16]0,6,4)([17]3,16,0)([18]13,3,5)([19]3,18,5)([20]10,2,4)([21]3,10,3)([22]12,18,4)([23]19,11,7)([24]23,5,7)([25]22,13,6)([26]5,2,2)([27]20,1,6)([28]25,26,7)([29]24,10,7)([30]16,29,5)([31]18,2,0)([32]13,14,4)([33]30,13,2)([34]17,30,3)([35]29,31,7)([36]24,13,0)([37]18,33,5)([38]21,16,7)([39]5,9,7)([40]7,0,3)([41]16,9,5)([42]34,36,3)([43]36,14,7)([44]27,3,4)([45]20,6,0)([46]2,41,7)([47]1,26,6)([48]44,38,6)([49]38,15,2)([50]24,46,7)([51]4,33,6)([52]7,34,7)([53]16,34,5)([54]17,40,5)([55]48,30,2)([56]5,2,4)([57]46,55,7)([58]26,1,0)([59]39,28,3)([60]15,59,7)([61]51,38,5)([62]12,35,2)([63]39,30,7)([64]11,33,4)([65]64,24,1)([66]50,54,5)([67]60,57,3)([68]52,35,4)([69]10,12,6)([70]61,66,2)([71]48,70,3)([72]43,45,4)([73]41,13,6)([74]62,58,7)([75]68,71,3)([76]52,15,6)([77]2,39,5)([78]65,22,6)([79]16,38,5)([80]52,29,1)([81]76,18,4)([82]75,67,2)([83]42,69,0)([84]2,83,1)([85]82,43,4)([86]69,60,7)(85)
evaluations: 42667625
first invidual area: 171.98
{7,1,80,1,2,1,8}([7]4,3,0)([8]1,6,4)([9]8,4,5)([10]4,1,4)([11]2,10,2)([12]0,2,3)([13]10,9,4)([14]13,2,5)([15]12,8,3)([16]0,6,4)([17]3,0,0)([18]13,17,5)([19]17,18,5)([20]2,7,4)([21]17,10,3)([22]12,11,1)([23]19,5,7)([24]23,6,4)([25]22,13,3)([26]5,2,2)([27]9,16,5)([28]25,26,4)([29]24,10,7)([30]16,29,5)([31]11,21,6)([32]5,1,4)([33]30,19,2)([34]17,30,6)([35]29,18,5)([36]16,28,6)([37]3,21,7)([38]21,16,7)([39]5,9,7)([40]36,16,1)([41]1,20,3)([42]0,25,3)([43]14,24,7)([44]41,17,7)([45]15,44,4)([46]2,27,7)([47]33,13,5)([48]44,38,6)([49]2,34,4)([50]48,16,1)([51]7,33,6)([52]49,6,4)([53]1,11,1)([54]17,42,5)([55]48,30,5)([56]24,46,7)([57]46,55,4)([58]37,46,6)([59]39,28,3)([60]15,59,2)([61]51,38,5)([62]52,39,0)([63]5,21,5)([64]12,35,1)([65]3,35,3)([66]56,54,5)([67]60,57,3)([68]52,35,4)([69]16,26,2)([70]61,66,2)([71]48,70,3)([72]61,60,3)([73]63,46,1)([74]44,25,1)([75]68,71,3)([76]23,2,6)([77]36,11,5)([78]14,49,0)([79]53,20,7)([80]36,12,2)([81]27,67,3)([82]75,67,5)([83]66,79,1)([84]21,73,0)([85]82,43,4)([86]40,61,7)(85)
optimized area: 157.42
time: 568554 ms
seed: 1634445023
{7,1,80,1,2,1,8}([7]6,5,4)([8]1,7,4)([9]0,1,4)([10]9,4,6)([11]2,10,3)([12]8,2,4)([13]6,8,4)([14]11,6,2)([15]6,7,7)([16]3,5,5)([17]8,4,4)([18]2,8,5)([19]14,7,4)([20]12,2,5)([21]20,19,4)([22]2,0,4)([23]12,9,5)([24]16,14,7)([25]10,3,7)([26]22,21,2)([27]24,26,6)([28]26,6,7)([29]3,6,3)([30]12,5,4)([31]29,7,6)([32]1,29,5)([33]24,20,4)([34]30,18,2)([35]11,20,7)([36]31,12,3)([37]33,18,7)([38]20,22,1)([39]4,25,2)([40]27,17,7)([41]36,4,5)([42]28,40,4)([43]25,42,7)([44]10,28,6)([45]7,3,1)([46]6,42,4)([47]30,39,6)([48]43,41,4)([49]18,23,0)([50]12,48,7)([51]9,39,7)([52]33,23,3)([53]33,49,0)([54]14,0,2)([55]46,50,5)([56]44,13,4)([57]38,44,6)([58]54,10,7)([59]42,28,7)([60]0,12,5)([61]60,48,5)([62]21,34,2)([63]55,12,1)([64]55,16,0)([65]64,43,6)([66]47,43,1)([67]65,27,7)([68]0,27,1)([69]59,57,6)([70]52,45,6)([71]6,24,7)([72]27,59,5)([73]8,71,0)([74]20,52,2)([75]31,69,7)([76]54,12,3)([77]75,67,5)([78]51,61,3)([79]24,53,4)([80]79,30,3)([81]69,47,6)([82]78,77,2)([83]24,24,7)([84]83,76,5)([85]71,72,3)([86]1,33,5)(82)
evaluations: 17680870
first invidual area: 148.08
{7,1,80,1,2,1,8}([7]5,6,4)([8]1,7,4)([9]0,1,4)([10]9,4,6)([11]4,8,7)([12]2,8,4)([13]2,10,3)([14]6,13,2)([15]2,9,1)([16]3,5,5)([17]16,9,6)([18]2,12,5)([19]7,18,7)([20]14,16,7)([21]2,0,4)([22]19,14,7)([23]6,7,3)([24]17,11,7)([25]10,3,7)([26]21,22,2)([27]26,20,6)([28]26,6,7)([29]27,4,0)([30]0,12,5)([31]3,23,6)([32]25,4,5)([33]31,12,3)([34]11,29,7)([35]34,9,0)([36]10,28,6)([37]12,3,4)([38]6,20,5)([39]0,10,6)([40]28,34,4)([41]33,4,5)([42]16,15,3)([43]41,25,4)([44]13,17,7)([45]27,42,3)([46]32,9,4)([47]27,0,7)([48]43,40,4)([49]12,36,0)([50]41,33,2)([51]28,46,0)([52]43,19,7)([53]0,13,1)([54]38,34,1)([55]48,50,5)([56]20,6,3)([57]50,36,6)([58]12,17,7)([59]49,57,7)([60]18,56,5)([61]30,48,5)([62]60,42,3)([63]55,26,6)([64]29,58,0)([65]61,29,0)([66]37,54,2)([67]64,63,7)([68]16,1,3)([69]34,57,6)([70]0,43,6)([71]62,60,6)([72]10,19,6)([73]46,64,4)([74]67,6,7)([75]31,69,7)([76]43,60,0)([77]75,67,5)([78]46,65,3)([79]48,76,4)([80]64,10,6)([81]28,0,0)([82]77,78,2)([83]67,79,0)([84]32,6,7)([85]25,64,7)([86]84,81,7)(82)
optimized area: 134.48
time: 735952 ms
seed: 1634505255
{7,1,80,1,2,1,8}([7]2,5,7)([8]1,4,4)([9]8,4,5)([10]5,9,7)([11]1,7,1)([12]1,0,7)([13]0,11,6)([14]12,7,2)([15]13,6,7)([16]8,7,7)([17]2,7,6)([18]12,7,4)([19]3,9,3)([20]3,15,4)([21]15,7,3)([22]19,6,2)([23]6,4,5)([24]8,22,6)([25]5,22,4)([26]8,3,5)([27]21,0,6)([28]16,24,0)([29]27,16,6)([30]25,28,1)([31]24,29,7)([32]17,24,6)([33]11,28,5)([34]24,0,4)([35]32,14,3)([36]5,5,4)([37]35,34,3)([38]34,3,1)([39]34,10,6)([40]20,21,2)([41]4,7,1)([42]7,23,3)([43]30,40,4)([44]25,7,5)([45]30,3,3)([46]35,43,5)([47]10,3,4)([48]44,20,2)([49]0,44,5)([50]39,42,4)([51]46,48,5)([52]18,13,3)([53]7,37,4)([54]10,27,5)([55]51,5,5)([56]50,55,5)([57]26,43,2)([58]54,30,3)([59]46,28,1)([60]36,27,7)([61]21,42,7)([62]47,49,6)([63]46,56,5)([64]33,7,5)([65]29,62,3)([66]62,56,5)([67]20,30,3)([68]6,44,2)([69]8,60,4)([70]41,17,1)([71]35,13,4)([72]19,34,4)([73]23,50,6)([74]67,7,1)([75]13,63,4)([76]55,39,0)([77]53,31,2)([78]34,14,7)([79]48,77,0)([80]43,69,1)([81]63,33,7)([82]16,17,6)([83]50,73,2)([84]65,81,4)([85]24,42,3)([86]77,84,6)(86)
evaluations: 23583093
first invidual area: 143.34
{7,1,80,1,2,1,8}([7]2,5,7)([8]1,4,4)([9]4,8,5)([10]9,5,7)([11]1,7,1)([12]0,11,4)([13]12,11,6)([14]12,7,2)([15]13,6,7)([16]8,7,7)([17]2,7,6)([18]3,9,3)([19]0,8,2)([20]3,15,4)([21]15,7,3)([22]6,18,5)([23]0,4,5)([24]6,8,6)([25]22,5,7)([26]8,11,3)([27]21,0,6)([28]24,17,6)([29]27,16,6)([30]21,20,5)([31]29,10,5)([32]29,19,1)([33]25,30,4)([34]12,15,4)([35]14,28,3)([36]6,4,5)([37]16,28,3)([38]24,0,4)([39]38,10,6)([40]21,29,6)([41]17,9,6)([42]7,36,6)([43]27,5,5)([44]25,7,5)([45]30,33,4)([46]35,33,5)([47]12,33,1)([48]18,26,4)([49]0,44,5)([50]39,42,7)([51]10,3,4)([52]49,9,6)([53]20,44,5)([54]17,15,3)([55]53,5,5)([56]50,55,5)([57]56,46,5)([58]42,36,2)([59]50,50,5)([60]12,13,4)([61]10,32,3)([62]49,51,6)([63]35,29,5)([64]39,12,0)([65]29,62,3)([66]50,40,2)([67]5,25,6)([68]5,9,5)([69]19,50,3)([70]8,54,2)([71]18,38,2)([72]16,11,5)([73]0,22,3)([74]63,67,7)([75]8,43,0)([76]25,14,4)([77]43,40,2)([78]21,10,1)([79]78,71,1)([80]55,16,1)([81]57,72,7)([82]59,11,7)([83]24,45,2)([84]65,81,4)([85]74,13,6)([86]77,84,6)(86)
optimized area: 131.15
time: 642832 ms
seed: 1634604550
NOT FOUND
time: 530141 ms
seed: 1634858567
NOT FOUND
time: 979522 ms
seed: 1635113130
{7,1,80,1,2,1,8}([7]1,5,7)([8]7,0,3)([9]6,4,4)([10]1,4,6)([11]6,3,7)([12]8,4,2)([13]1,9,5)([14]7,4,4)([15]8,6,4)([16]13,14,2)([17]13,11,5)([18]3,0,2)([19]3,1,4)([20]0,14,2)([21]20,10,3)([22]17,0,7)([23]8,14,6)([24]21,22,6)([25]21,22,4)([26]8,13,7)([27]8,13,0)([28]12,4,4)([29]19,0,3)([30]0,19,6)([31]9,13,3)([32]21,23,7)([33]4,32,4)([34]32,17,4)([35]2,25,7)([36]9,16,4)([37]34,3,5)([38]34,5,3)([39]16,38,7)([40]30,3,5)([41]17,16,1)([42]30,19,6)([43]3,38,5)([44]33,2,5)([45]38,29,0)([46]5,15,7)([47]20,43,5)([48]16,18,2)([49]41,33,5)([50]32,43,7)([51]35,50,5)([52]28,36,4)([53]49,47,0)([54]6,44,6)([55]41,30,0)([56]26,44,2)([57]5,48,4)([58]30,2,6)([59]37,51,4)([60]23,0,7)([61]27,34,3)([62]49,51,2)([63]4,25,6)([64]10,18,0)([65]44,32,1)([66]59,23,4)([67]11,35,5)([68]46,58,7)([69]47,41,1)([70]56,51,2)([71]66,24,4)([72]28,27,7)([73]24,45,7)([74]59,52,5)([75]70,68,2)([76]1,35,1)([77]50,37,1)([78]74,75,4)([79]62,48,3)([80]11,26,1)([81]79,78,5)([82]46,68,0)([83]81,20,2)([84]49,0,3)([85]70,67,5)([86]49,70,5)(81)
evaluations: 21380715
first invidual area: 156.50
{7,1,80,1,2,1,8}([7]5,1,7)([8]0,7,3)([9]4,6,4)([10]1,3,4)([11]0,10,6)([12]3,6,7)([13]9,1,5)([14]7,4,4)([15]0,2,0)([16]7,1,4)([17]13,12,5)([18]8,14,3)([19]1,4,6)([20]14,15,2)([21]19,20,3)([22]21,9,1)([23]14,13,5)([24]6,5,7)([25]15,2,4)([26]6,19,0)([27]5,22,5)([28]26,21,3)([29]21,25,7)([30]3,11,0)([31]19,9,3)([32]21,18,4)([33]4,32,4)([34]17,32,4)([35]33,5,5)([36]23,9,7)([37]34,3,5)([38]34,5,3)([39]17,29,7)([40]39,35,5)([41]2,11,6)([42]17,2,1)([43]30,38,5)([44]6,31,5)([45]13,8,7)([46]8,24,4)([47]39,37,7)([48]30,20,2)([49]42,33,5)([50]32,43,7)([51]39,50,5)([52]50,36,2)([53]45,35,2)([54]52,1,2)([55]2,13,3)([56]45,35,2)([57]27,32,7)([58]34,8,4)([59]17,17,6)([60]39,56,4)([61]20,25,5)([62]51,49,2)([63]34,44,3)([64]44,63,7)([65]48,13,2)([66]36,17,5)([67]56,54,6)([68]41,46,4)([69]35,64,5)([70]56,51,5)([71]11,64,6)([72]13,43,7)([73]40,17,4)([74]47,52,5)([75]70,68,3)([76]62,12,5)([77]8,72,5)([78]74,75,7)([79]62,65,3)([80]12,24,6)([81]79,78,5)([82]31,59,0)([83]12,49,2)([84]21,55,6)([85]74,58,2)([86]74,9,0)(81)
optimized area: 146.18
time: 1310929 ms
seed: 1635131373
{7,1,80,1,2,1,8}([7]4,0,5)([8]5,0,4)([9]4,5,2)([10]1,9,4)([11]3,5,1)([12]1,11,5)([13]10,3,4)([14]1,4,4)([15]8,12,2)([16]11,15,5)([17]13,11,2)([18]2,2,6)([19]16,14,1)([20]2,13,5)([21]4,10,5)([22]7,0,7)([23]13,21,7)([24]5,16,7)([25]9,23,7)([26]24,20,5)([27]26,3,4)([28]27,14,2)([29]7,10,5)([30]27,11,0)([31]11,17,4)([32]15,26,2)([33]28,22,7)([34]4,21,7)([35]5,15,3)([36]26,6,7)([37]20,9,5)([38]27,27,2)([39]35,36,0)([40]38,21,7)([41]10,33,2)([42]40,7,7)([43]7,18,4)([44]36,40,2)([45]29,39,0)([46]22,20,4)([47]18,32,4)([48]46,47,5)([49]33,20,5)([50]35,31,4)([51]11,29,3)([52]28,29,3)([53]18,34,5)([54]48,23,3)([55]9,40,0)([56]6,51,2)([57]43,49,3)([58]48,41,7)([59]17,28,5)([60]58,56,3)([61]24,23,3)([62]0,9,1)([63]60,59,7)([64]49,54,2)([65]45,54,7)([66]5,2,7)([67]66,39,0)([68]47,39,7)([69]67,63,7)([70]24,30,7)([71]44,69,4)([72]66,25,4)([73]60,26,2)([74]0,55,4)([75]26,50,0)([76]71,57,6)([77]38,46,0)([78]32,61,4)([79]18,27,6)([80]28,40,4)([81]69,76,4)([82]8,31,0)([83]23,74,5)([84]23,3,1)([85]35,46,6)([86]16,81,6)(81)
evaluations: 38979205
first invidual area: 139.63
{7,1,80,1,2,1,8}([7]4,0,5)([8]5,0,4)([9]4,5,5)([10]9,1,7)([11]3,0,1)([12]1,11,5)([13]10,3,4)([14]4,2,6)([15]8,12,2)([16]15,11,5)([17]2,14,0)([18]1,4,4)([19]8,13,7)([20]17,13,5)([21]7,2,7)([22]0,7,2)([23]7,22,3)([24]5,16,7)([25]20,9,0)([26]24,25,5)([27]26,3,4)([28]18,27,2)([29]13,28,5)([30]6,26,7)([31]5,6,1)([32]15,26,5)([33]28,22,7)([34]7,20,2)([35]10,4,5)([36]17,5,0)([37]7,3,5)([38]8,27,1)([39]33,14,5)([40]35,27,7)([41]5,36,7)([42]5,8,6)([43]36,4,1)([44]30,40,5)([45]32,44,1)([46]22,25,4)([47]36,32,4)([48]46,47,5)([49]33,25,5)([50]38,27,5)([51]13,37,3)([52]35,50,0)([53]33,10,5)([54]2,2,4)([55]37,52,1)([56]6,51,2)([57]21,49,3)([58]48,53,4)([59]25,35,1)([60]24,54,3)([61]56,58,3)([62]22,54,5)([63]61,29,7)([64]3,57,0)([65]63,1,0)([66]64,24,1)([67]50,49,7)([68]20,8,4)([69]41,65,7)([70]66,30,7)([71]44,69,7)([72]53,48,1)([73]69,53,3)([74]62,49,7)([75]58,42,7)([76]71,57,6)([77]33,46,5)([78]34,65,1)([79]45,15,3)([80]35,1,2)([81]69,76,4)([82]25,52,6)([83]77,45,3)([84]57,42,1)([85]79,37,2)([86]24,46,7)(81)
optimized area: 130.72
time: 578897 ms
seed: 1635180544
NOT FOUND
time: 528374 ms
seed: 1635311495
NOT FOUND
time: 1010925 ms
seed: 1635469162
NOT FOUND
time: 976562 ms
seed: 1635611739
NOT FOUND
time: 1067825 ms
seed: 1635659451
NOT FOUND
time: 1089891 ms
seed: 1635707315
NOT FOUND
time: 1077252 ms
seed: 1635754492
NOT FOUND
time: 1056471 ms
seed: 1635801459
NOT FOUND
time: 1067161 ms
seed: 1635844672
NOT FOUND
time: 1064849 ms
seed: 1635886720
NOT FOUND
time: 1057103 ms
seed: 1635922808
{7,1,80,1,2,1,8}([7]2,5,7)([8]7,6,6)([9]4,1,6)([10]5,3,4)([11]3,2,2)([12]8,2,0)([13]5,12,7)([14]10,2,3)([15]14,10,6)([16]7,15,1)([17]13,7,0)([18]2,15,7)([19]15,11,7)([20]17,1,4)([21]0,18,2)([22]4,19,7)([23]13,6,1)([24]17,2,4)([25]21,23,4)([26]20,3,6)([27]3,8,4)([28]27,1,7)([29]17,21,1)([30]4,9,3)([31]9,19,0)([32]5,28,7)([33]30,6,5)([34]25,26,3)([35]14,8,4)([36]34,33,2)([37]16,36,4)([38]20,17,6)([39]9,0,7)([40]33,39,4)([41]40,1,4)([42]24,13,6)([43]16,25,7)([44]16,26,3)([45]28,11,7)([46]42,28,7)([47]36,34,0)([48]47,3,6)([49]44,23,0)([50]46,41,6)([51]26,31,4)([52]16,37,3)([53]48,22,2)([54]0,22,4)([55]50,22,2)([56]40,17,4)([57]23,52,7)([58]45,31,3)([59]57,7,7)([60]54,6,3)([61]59,0,3)([62]61,58,6)([63]55,62,3)([64]21,17,4)([65]39,35,5)([66]30,45,0)([67]3,60,6)([68]35,40,0)([69]44,16,0)([70]35,12,3)([71]8,60,5)([72]67,11,1)([73]58,45,7)([74]48,66,0)([75]1,61,0)([76]17,22,1)([77]41,74,1)([78]60,36,2)([79]72,37,5)([80]38,78,3)([81]79,63,4)([82]42,58,7)([83]69,45,3)([84]61,0,3)([85]55,19,0)([86]52,18,7)(81)
evaluations: 22202452
first invidual area: 153.23
{7,1,80,1,2,1,8}([7]2,5,7)([8]6,7,6)([9]1,3,4)([10]6,6,2)([11]3,2,2)([12]5,3,4)([13]5,8,7)([14]4,1,6)([15]12,2,6)([16]15,2,6)([17]13,2,6)([18]15,11,6)([19]4,14,3)([20]13,1,5)([21]3,20,6)([22]18,4,7)([23]3,10,3)([24]0,16,5)([25]24,13,4)([26]1,23,2)([27]25,5,7)([28]9,8,7)([29]24,27,4)([30]21,25,3)([31]13,0,6)([32]26,9,5)([33]10,19,5)([34]8,8,2)([35]14,0,7)([36]30,33,5)([37]36,7,4)([38]26,11,6)([39]11,28,7)([40]11,12,2)([41]35,33,4)([42]25,15,2)([43]41,1,4)([44]20,24,5)([45]29,42,6)([46]41,8,3)([47]37,33,5)([48]18,44,7)([49]28,17,7)([50]49,43,6)([51]22,50,2)([52]16,30,0)([53]39,38,0)([54]0,22,4)([55]3,8,2)([56]36,40,1)([57]35,47,5)([58]53,57,6)([59]46,23,4)([60]36,7,2)([61]40,28,7)([62]31,58,2)([63]62,51,3)([64]27,18,4)([65]9,54,6)([66]28,45,3)([67]53,43,7)([68]2,46,0)([69]46,39,7)([70]39,7,4)([71]24,15,4)([72]63,20,3)([73]58,15,2)([74]54,23,3)([75]18,20,0)([76]66,45,7)([77]68,40,7)([78]3,48,6)([79]74,37,5)([80]10,39,7)([81]79,63,4)([82]19,8,1)([83]46,61,3)([84]60,74,1)([85]33,22,7)([86]38,9,2)(81)
optimized area: 125.56
time: 1226640 ms
seed: 1635959136
NOT FOUND
time: 1078638 ms
seed: 1635994884
NOT FOUND
time: 1061977 ms
seed: 1636029481
{7,1,80,1,2,1,8}([7]0,6,7)([8]7,2,6)([9]4,8,4)([10]3,8,2)([11]0,2,5)([12]3,2,6)([13]1,6,3)([14]6,5,7)([15]1,9,4)([16]14,11,4)([17]6,15,7)([18]4,8,6)([19]2,5,3)([20]18,4,4)([21]16,3,1)([22]19,17,2)([23]22,14,2)([24]11,12,0)([25]12,10,3)([26]3,9,3)([27]13,10,6)([28]22,25,2)([29]22,24,3)([30]0,10,3)([31]2,15,3)([32]30,16,4)([33]26,30,7)([34]26,17,2)([35]26,24,5)([36]29,3,3)([37]7,16,6)([38]28,32,7)([39]26,23,5)([40]38,3,4)([41]39,38,2)([42]41,33,3)([43]15,1,2)([44]33,11,5)([45]36,2,5)([46]12,35,0)([47]17,41,6)([48]13,45,7)([49]48,30,4)([50]44,37,3)([51]20,49,4)([52]42,36,2)([53]37,23,5)([54]6,51,5)([55]14,25,5)([56]40,51,6)([57]23,8,3)([58]8,9,7)([59]5,38,0)([60]43,52,2)([61]13,16,2)([62]23,26,4)([63]6,12,3)([64]17,30,0)([65]55,36,3)([66]60,41,4)([67]11,41,5)([68]15,53,5)([69]35,68,0)([70]66,16,1)([71]54,0,3)([72]49,6,0)([73]49,6,0)([74]73,39,6)([75]57,45,3)([76]37,75,5)([77]56,66,3)([78]7,33,2)([79]46,54,6)([80]64,17,3)([81]3,76,0)([82]67,27,7)([83]10,19,4)([84]32,28,5)([85]12,40,1)([86]56,15,0)(77)
evaluations: 7268021
first invidual area: 125.10
{7,1,80,1,2,1,8}([7]6,0,7)([8]2,7,6)([9]8,4,4)([10]4,2,6)([11]0,2,5)([12]9,1,4)([13]6,9,0)([14]5,6,4)([15]12,13,7)([16]0,4,5)([17]6,1,6)([18]10,8,3)([19]2,5,3)([20]12,7,5)([21]10,9,5)([22]15,19,2)([23]0,4,0)([24]3,8,2)([25]12,15,5)([26]1,9,1)([27]9,3,3)([28]18,22,5)([29]11,3,3)([30]24,0,3)([31]11,14,4)([32]31,30,4)([33]3,1,0)([34]9,23,1)([35]28,26,6)([36]29,22,3)([37]30,3,7)([38]28,32,7)([39]5,26,6)([40]22,27,5)([41]38,40,2)([42]33,19,5)([43]21,30,4)([44]37,41,3)([45]38,33,4)([46]36,2,5)([47]1,12,2)([48]43,17,4)([49]7,6,1)([50]1,35,5)([51]12,34,3)([52]26,1,5)([53]44,47,2)([54]10,29,3)([55]46,48,4)([56]9,22,6)([57]33,33,3)([58]38,18,3)([59]51,39,5)([60]42,56,4)([61]53,36,5)([62]17,26,2)([63]41,61,7)([64]45,55,6)([65]54,60,0)([66]31,9,2)([67]13,49,2)([68]36,46,6)([69]45,20,6)([70]62,50,3)([71]32,13,0)([72]56,63,5)([73]47,51,7)([74]58,68,0)([75]57,56,3)([76]9,13,0)([77]61,11,6)([78]63,64,3)([79]5,18,6)([80]41,37,6)([81]71,61,2)([82]6,8,7)([83]5,43,0)([84]14,48,3)([85]40,52,4)([86]48,72,5)(78)
optimized area: 116.66
time: 1422972 ms
