seed: 1633854831
NOT FOUND
time: 552201 ms
seed: 1633941727
NOT FOUND
time: 534498 ms
seed: 1633969458
NOT FOUND
time: 531838 ms
seed: 1633992367
NOT FOUND
time: 534331 ms
seed: 1634041284
NOT FOUND
time: 513610 ms
seed: 1634155426
{7,1,80,1,2,1,8}([7]1,5,0)([8]6,2,4)([9]6,4,7)([10]3,7,5)([11]10,9,4)([12]8,3,4)([13]5,7,3)([14]2,13,4)([15]4,14,3)([16]2,2,3)([17]12,7,0)([18]0,15,2)([19]13,17,2)([20]3,14,6)([21]15,1,7)([22]7,12,1)([23]5,17,4)([24]18,17,4)([25]1,8,3)([26]3,5,5)([27]20,1,7)([28]18,26,7)([29]2,23,0)([30]7,13,4)([31]11,28,5)([32]9,30,7)([33]28,7,4)([34]17,5,5)([35]9,27,6)([36]21,5,3)([37]4,25,7)([38]19,18,3)([39]38,22,6)([40]33,32,4)([41]9,24,6)([42]14,41,6)([43]21,42,7)([44]0,15,0)([45]33,39,3)([46]43,1,7)([47]46,16,6)([48]26,42,2)([49]29,17,5)([50]37,15,2)([51]31,48,6)([52]50,23,2)([53]38,16,5)([54]52,42,2)([55]29,15,2)([56]51,41,6)([57]21,17,4)([58]0,36,4)([59]54,38,4)([60]9,3,5)([61]59,6,7)([62]49,45,7)([63]17,40,2)([64]61,51,6)([65]47,15,2)([66]9,45,2)([67]48,59,3)([68]38,59,5)([69]6,4,1)([70]53,28,7)([71]40,53,5)([72]23,28,4)([73]58,62,4)([74]71,57,6)([75]12,43,3)([76]42,21,3)([77]74,56,6)([78]64,74,3)([79]46,55,1)([80]1,4,4)([81]77,73,2)([82]68,14,7)([83]38,30,6)([84]62,46,2)([85]81,78,7)([86]59,59,7)(85)
evaluations: 34761003
first invidual area: 162.59
{7,1,80,1,2,1,8}([7]3,1,5)([8]2,6,4)([9]4,6,7)([10]3,2,1)([11]1,8,3)([12]3,8,4)([13]5,1,3)([14]13,2,4)([15]4,14,3)([16]5,3,5)([17]9,13,7)([18]15,0,2)([19]13,12,2)([20]12,5,4)([21]15,1,7)([22]7,9,4)([23]17,8,5)([24]21,5,3)([25]21,10,5)([26]2,6,5)([27]19,18,3)([28]18,16,7)([29]2,4,1)([30]12,10,1)([31]22,28,5)([32]24,30,4)([33]13,22,4)([34]31,8,3)([35]20,12,0)([36]31,1,7)([37]18,12,4)([38]25,17,3)([39]31,27,6)([40]28,17,4)([41]9,37,6)([42]14,41,6)([43]33,0,6)([44]40,14,6)([45]36,39,3)([46]5,25,4)([47]9,39,4)([48]4,42,2)([49]2,12,5)([50]37,25,7)([51]31,48,6)([52]11,20,2)([53]21,12,4)([54]52,48,5)([55]23,16,5)([56]51,41,6)([57]17,30,2)([58]0,24,4)([59]54,27,7)([60]42,3,5)([61]59,6,7)([62]49,45,5)([63]24,0,0)([64]61,51,6)([65]30,29,7)([66]12,63,3)([67]21,60,0)([68]20,65,1)([69]16,8,3)([70]50,60,5)([71]40,26,5)([72]69,45,3)([73]58,62,7)([74]71,53,6)([75]26,73,1)([76]7,68,3)([77]56,74,6)([78]64,74,6)([79]13,9,4)([80]61,2,7)([81]77,73,5)([82]42,15,6)([83]54,50,4)([84]53,14,1)([85]81,78,7)([86]1,75,1)(85)
optimized area: 145.71
time: 601703 ms
seed: 1634202731
{7,1,80,1,2,1,8}([7]5,0,4)([8]1,4,4)([9]7,8,5)([10]6,9,2)([11]7,4,7)([12]1,6,7)([13]5,6,7)([14]12,0,2)([15]3,9,4)([16]14,8,3)([17]10,15,7)([18]16,8,5)([19]3,14,6)([20]11,5,3)([21]1,3,7)([22]2,0,7)([23]2,19,4)([24]7,15,5)([25]4,2,2)([26]7,16,3)([27]3,7,0)([28]1,11,1)([29]6,23,7)([30]29,10,6)([31]22,21,2)([32]24,6,1)([33]17,1,3)([34]27,25,7)([35]33,34,6)([36]8,23,4)([37]20,30,4)([38]31,37,6)([39]13,28,2)([40]26,35,7)([41]38,40,3)([42]28,10,6)([43]36,42,7)([44]20,0,1)([45]40,11,4)([46]43,8,7)([47]30,4,4)([48]29,34,0)([49]9,43,4)([50]22,34,3)([51]6,41,7)([52]30,0,0)([53]0,10,4)([54]48,3,5)([55]31,3,6)([56]5,15,7)([57]29,30,6)([58]43,26,3)([59]21,53,1)([60]24,50,0)([61]40,42,7)([62]13,27,7)([63]56,49,5)([64]27,62,5)([65]63,39,6)([66]64,6,7)([67]31,45,7)([68]56,53,7)([69]17,27,5)([70]20,26,2)([71]55,6,5)([72]47,65,5)([73]15,34,4)([74]69,72,2)([75]72,42,6)([76]11,4,5)([77]29,64,4)([78]51,65,6)([79]34,78,6)([80]40,74,3)([81]61,53,7)([82]45,63,6)([83]72,67,0)([84]6,4,0)([85]7,53,4)([86]53,12,3)(78)
evaluations: 33093963
first invidual area: 134.03
{7,1,80,1,2,1,8}([7]0,5,4)([8]4,1,4)([9]8,7,5)([10]6,9,2)([11]4,7,7)([12]6,1,7)([13]5,11,6)([14]12,0,2)([15]3,9,4)([16]7,14,3)([17]9,4,4)([18]14,3,3)([19]15,6,7)([20]12,8,7)([21]0,2,7)([22]10,15,7)([23]18,2,7)([24]1,21,3)([25]3,1,7)([26]8,16,6)([27]26,13,4)([28]1,0,1)([29]6,23,7)([30]29,10,6)([31]21,25,2)([32]4,2,5)([33]22,1,3)([34]25,32,7)([35]33,34,3)([36]9,23,7)([37]13,30,7)([38]31,37,6)([39]28,19,2)([40]26,35,7)([41]38,40,3)([42]28,10,6)([43]16,6,5)([44]26,21,1)([45]29,3,5)([46]36,42,7)([47]45,11,4)([48]39,15,6)([49]16,31,3)([50]13,7,4)([51]6,41,7)([52]16,19,0)([53]46,8,7)([54]41,7,2)([55]5,22,2)([56]15,5,7)([57]31,32,5)([58]0,37,2)([59]22,48,3)([60]34,52,0)([61]29,2,5)([62]19,24,1)([63]56,53,5)([64]6,22,2)([65]63,39,6)([66]33,64,6)([67]49,56,6)([68]62,20,6)([69]45,26,3)([70]51,65,6)([71]66,3,1)([72]3,23,7)([73]34,35,3)([74]46,59,2)([75]65,74,1)([76]3,63,1)([77]8,46,2)([78]69,73,4)([79]8,6,2)([80]54,32,5)([81]61,75,1)([82]10,40,2)([83]79,18,6)([84]82,49,2)([85]45,32,1)([86]50,28,2)(70)
optimized area: 133.56
time: 566486 ms
seed: 1634251737
NOT FOUND
time: 515608 ms
seed: 1634299819
NOT FOUND
time: 519233 ms
seed: 1634340337
NOT FOUND
time: 523790 ms
seed: 1634389239
NOT FOUND
time: 528996 ms
seed: 1634438234
NOT FOUND
time: 520913 ms
seed: 1634498509
NOT FOUND
time: 524057 ms
seed: 1634597715
NOT FOUND
time: 525688 ms
seed: 1634646525
{7,1,80,1,2,1,8}([7]1,4,6)([8]0,6,4)([9]2,5,2)([10]7,5,2)([11]10,9,7)([12]3,7,7)([13]8,5,2)([14]1,6,4)([15]12,6,2)([16]14,14,1)([17]9,7,6)([18]0,17,5)([19]14,11,1)([20]19,17,7)([21]14,17,2)([22]4,2,4)([23]17,4,1)([24]11,0,5)([25]12,13,3)([26]21,5,2)([27]8,16,1)([28]27,4,7)([29]5,1,6)([30]28,7,6)([31]20,25,7)([32]5,31,5)([33]13,32,2)([34]28,10,7)([35]32,33,1)([36]2,31,0)([37]33,21,7)([38]34,37,5)([39]7,26,6)([40]32,26,2)([41]13,33,2)([42]0,32,6)([43]42,22,3)([44]38,13,6)([45]25,41,6)([46]19,23,4)([47]7,40,2)([48]14,36,2)([49]15,39,2)([50]18,30,3)([51]24,38,0)([52]51,32,7)([53]49,34,6)([54]39,22,4)([55]14,28,1)([56]26,50,4)([57]11,37,3)([58]10,52,1)([59]51,38,5)([60]19,37,6)([61]18,59,2)([62]45,50,3)([63]35,6,4)([64]63,40,4)([65]31,6,0)([66]54,43,4)([67]52,39,7)([68]5,50,1)([69]48,65,6)([70]43,53,5)([71]36,25,5)([72]34,18,3)([73]30,70,7)([74]41,54,0)([75]8,66,6)([76]5,68,4)([77]65,9,2)([78]61,3,2)([79]54,74,2)([80]1,32,0)([81]71,9,6)([82]9,5,3)([83]73,69,4)([84]30,66,3)([85]83,78,7)([86]33,71,2)(85)
evaluations: 45580316
first invidual area: 121.79
{7,1,80,1,2,1,8}([7]1,4,6)([8]0,6,4)([9]2,5,2)([10]5,7,2)([11]10,9,7)([12]3,7,7)([13]5,8,2)([14]1,6,4)([15]12,6,2)([16]10,0,5)([17]9,7,6)([18]17,0,5)([19]4,8,3)([20]14,17,7)([21]17,14,2)([22]2,4,4)([23]16,14,0)([24]6,3,1)([25]12,13,3)([26]21,5,2)([27]7,26,6)([28]8,4,4)([29]11,11,7)([30]28,7,3)([31]20,25,4)([32]5,31,5)([33]13,32,5)([34]28,10,7)([35]10,13,1)([36]8,35,3)([37]21,33,4)([38]34,37,5)([39]34,33,6)([40]23,1,0)([41]11,26,0)([42]0,32,6)([43]42,22,3)([44]0,24,1)([45]19,4,6)([46]0,24,7)([47]20,16,3)([48]14,2,2)([49]15,27,2)([50]38,31,3)([51]15,33,6)([52]11,0,5)([53]49,34,6)([54]11,0,6)([55]20,40,4)([56]52,41,4)([57]56,27,3)([58]9,57,1)([59]52,38,5)([60]49,9,4)([61]18,59,2)([62]55,47,3)([63]25,62,3)([64]8,28,2)([65]13,40,5)([66]42,34,2)([67]63,45,6)([68]22,50,5)([69]48,31,3)([70]43,53,5)([71]20,31,1)([72]50,24,6)([73]30,70,5)([74]18,16,5)([75]43,2,7)([76]55,70,4)([77]21,18,5)([78]61,3,5)([79]74,43,0)([80]11,49,1)([81]49,73,5)([82]79,43,4)([83]73,69,7)([84]57,9,7)([85]83,78,4)([86]62,50,0)(85)
optimized area: 115.23
time: 540297 ms
seed: 1634695284
{7,1,80,1,2,1,8}([7]2,6,4)([8]3,4,3)([9]2,4,5)([10]9,8,2)([11]3,2,6)([12]0,3,5)([13]8,12,5)([14]6,5,7)([15]4,5,7)([16]10,3,7)([17]16,8,2)([18]13,4,1)([19]1,16,7)([20]17,6,3)([21]13,14,6)([22]21,1,3)([23]7,13,7)([24]23,9,7)([25]11,0,2)([26]15,25,6)([27]15,20,5)([28]24,22,4)([29]7,21,5)([30]19,27,4)([31]18,14,5)([32]22,4,4)([33]13,20,7)([34]32,24,2)([35]28,9,5)([36]2,22,1)([37]25,22,7)([38]30,37,6)([39]23,26,5)([40]38,0,4)([41]19,33,7)([42]10,35,5)([43]13,31,0)([44]19,34,7)([45]0,15,2)([46]40,42,5)([47]26,29,3)([48]44,10,5)([49]6,46,2)([50]39,10,1)([51]14,25,6)([52]13,34,4)([53]2,20,2)([54]22,24,1)([55]6,45,6)([56]8,20,0)([57]56,9,5)([58]19,30,7)([59]25,46,3)([60]2,35,5)([61]5,52,2)([62]55,20,4)([63]22,61,1)([64]12,62,5)([65]15,14,7)([66]53,53,1)([67]21,48,0)([68]29,14,5)([69]47,49,2)([70]43,42,4)([71]11,64,7)([72]27,54,7)([73]51,46,6)([74]61,19,6)([75]74,69,4)([76]7,28,0)([77]71,59,3)([78]55,69,1)([79]24,34,3)([80]63,43,7)([81]54,60,3)([82]75,8,5)([83]28,21,0)([84]9,6,2)([85]75,77,7)([86]32,57,7)(85)
evaluations: 32808530
first invidual area: 143.36
{7,1,80,1,2,1,8}([7]6,2,7)([8]4,3,3)([9]2,4,5)([10]8,9,2)([11]3,2,6)([12]3,0,5)([13]12,8,5)([14]5,6,7)([15]5,4,7)([16]3,10,7)([17]8,16,2)([18]7,13,4)([19]1,16,7)([20]17,6,3)([21]14,13,6)([22]21,1,3)([23]11,11,0)([24]9,18,2)([25]11,0,2)([26]1,7,4)([27]15,20,5)([28]22,24,7)([29]2,5,7)([30]19,27,4)([31]0,15,2)([32]28,4,4)([33]19,26,0)([34]32,24,5)([35]3,26,6)([36]34,22,7)([37]25,22,7)([38]30,37,6)([39]37,14,3)([40]38,0,4)([41]30,33,3)([42]10,28,5)([43]25,14,1)([44]0,8,2)([45]21,43,1)([46]40,42,5)([47]32,45,3)([48]6,25,2)([49]6,46,2)([50]40,39,4)([51]49,45,5)([52]51,12,6)([53]1,14,6)([54]31,18,7)([55]31,6,6)([56]10,3,4)([57]13,34,7)([58]57,5,2)([59]25,46,3)([60]49,49,6)([61]0,31,3)([62]55,20,4)([63]59,24,3)([64]12,62,5)([65]22,10,1)([66]28,50,3)([67]6,35,0)([68]11,64,6)([69]47,49,5)([70]66,25,7)([71]53,52,6)([72]29,59,4)([73]10,57,1)([74]58,33,6)([75]74,69,7)([76]56,31,6)([77]68,59,6)([78]50,69,5)([79]69,25,4)([80]50,61,1)([81]77,17,7)([82]78,7,3)([83]4,13,3)([84]66,58,4)([85]75,77,4)([86]47,23,0)(85)
optimized area: 133.04
time: 853015 ms
seed: 1634772853
{7,1,80,1,2,1,8}([7]3,6,4)([8]4,1,6)([9]1,6,2)([10]9,8,7)([11]8,9,4)([12]4,3,6)([13]4,8,4)([14]6,7,1)([15]7,5,7)([16]5,13,4)([17]10,15,3)([18]10,2,6)([19]5,0,6)([20]0,2,6)([21]5,15,6)([22]17,2,2)([23]1,22,0)([24]13,20,0)([25]22,23,4)([26]3,16,0)([27]3,19,7)([28]24,22,4)([29]16,4,3)([30]6,8,2)([31]1,27,3)([32]27,25,4)([33]12,0,7)([34]29,7,4)([35]7,32,5)([36]23,35,2)([37]33,14,6)([38]36,37,6)([39]7,2,3)([40]29,7,2)([41]35,17,6)([42]18,9,5)([43]42,19,6)([44]38,16,7)([45]28,32,6)([46]45,40,6)([47]46,25,0)([48]42,46,2)([49]42,3,1)([50]38,25,3)([51]42,9,5)([52]2,7,7)([53]36,52,7)([54]30,53,2)([55]44,17,7)([56]46,26,5)([57]12,24,0)([58]34,50,4)([59]53,44,2)([60]8,51,0)([61]59,33,6)([62]45,41,3)([63]35,52,4)([64]25,44,6)([65]10,34,2)([66]3,48,3)([67]46,11,2)([68]16,65,4)([69]61,48,3)([70]44,67,2)([71]56,44,5)([72]61,11,1)([73]39,68,0)([74]25,69,4)([75]34,4,0)([76]26,0,5)([77]54,74,6)([78]31,15,0)([79]37,9,0)([80]17,78,7)([81]21,76,1)([82]80,17,4)([83]27,39,6)([84]1,68,7)([85]50,65,7)([86]70,77,3)(86)
evaluations: 35131748
first invidual area: 131.65
{7,1,80,1,2,1,8}([7]6,3,4)([8]1,4,6)([9]1,6,2)([10]9,8,6)([11]7,5,7)([12]11,10,3)([13]4,8,3)([14]0,5,6)([15]6,14,1)([16]5,13,4)([17]12,10,2)([18]13,14,0)([19]2,0,1)([20]6,16,4)([21]6,8,2)([22]12,2,2)([23]4,3,6)([24]18,4,3)([25]22,1,4)([26]13,12,4)([27]25,14,4)([28]1,13,1)([29]20,13,3)([30]16,4,3)([31]10,30,1)([32]3,27,7)([33]23,0,7)([34]13,22,4)([35]32,7,5)([36]1,35,2)([37]33,15,6)([38]36,37,6)([39]2,7,5)([40]7,30,2)([41]25,38,5)([42]19,9,5)([43]28,35,1)([44]38,16,7)([45]34,32,6)([46]45,40,6)([47]3,1,7)([48]42,46,2)([49]17,9,7)([50]45,28,4)([51]40,3,4)([52]37,47,5)([53]36,39,4)([54]21,39,2)([55]6,5,4)([56]47,49,4)([57]7,56,2)([58]27,19,0)([59]53,44,2)([60]56,53,2)([61]59,33,6)([62]48,36,0)([63]40,43,6)([64]11,42,2)([65]37,30,3)([66]63,13,0)([67]46,31,2)([68]54,63,4)([69]61,62,3)([70]44,67,2)([71]36,46,1)([72]41,22,3)([73]39,38,4)([74]69,25,4)([75]44,29,0)([76]1,12,4)([77]54,74,6)([78]56,20,1)([79]75,39,1)([80]61,71,4)([81]56,20,2)([82]28,18,7)([83]81,75,7)([84]76,3,7)([85]7,42,5)([86]70,77,3)(86)
optimized area: 119.90
time: 1062861 ms
seed: 1634838185
{7,1,80,1,2,1,8}([7]1,4,4)([8]3,0,7)([9]5,0,4)([10]2,4,7)([11]7,9,6)([12]11,4,6)([13]10,11,6)([14]0,2,4)([15]6,11,6)([16]10,3,4)([17]2,1,6)([18]7,12,2)([19]5,10,7)([20]18,16,3)([21]11,13,6)([22]8,21,5)([23]20,22,7)([24]2,12,4)([25]16,21,1)([26]13,13,0)([27]23,24,7)([28]6,5,3)([29]6,23,7)([30]18,10,4)([31]6,8,7)([32]30,25,6)([33]27,26,1)([34]24,6,5)([35]32,5,3)([36]5,27,3)([37]6,8,7)([38]11,16,7)([39]1,34,7)([40]38,35,6)([41]26,26,6)([42]27,36,1)([43]4,19,3)([44]43,31,7)([45]34,6,6)([46]23,35,4)([47]22,11,1)([48]31,45,1)([49]1,46,3)([50]14,36,7)([51]23,12,4)([52]6,50,2)([53]43,0,5)([54]44,50,4)([55]34,24,6)([56]0,0,3)([57]23,35,6)([58]39,40,6)([59]16,16,0)([60]3,52,7)([61]50,17,3)([62]49,25,2)([63]5,38,4)([64]24,57,3)([65]15,32,4)([66]43,48,0)([67]31,42,0)([68]29,65,7)([69]61,54,2)([70]69,58,3)([71]17,28,7)([72]40,13,4)([73]24,8,3)([74]43,57,4)([75]0,71,5)([76]14,38,6)([77]70,29,4)([78]62,75,3)([79]31,5,0)([80]47,47,2)([81]34,39,6)([82]63,27,5)([83]5,58,4)([84]78,77,2)([85]61,12,1)([86]7,52,1)(84)
evaluations: 42192950
first invidual area: 154.64
{7,1,80,1,2,1,8}([7]4,1,4)([8]3,0,7)([9]5,0,4)([10]2,4,7)([11]7,9,6)([12]11,4,6)([13]10,11,1)([14]0,2,4)([15]5,6,3)([16]13,3,7)([17]2,1,6)([18]1,7,2)([19]0,11,3)([20]18,16,6)([21]11,13,6)([22]8,21,5)([23]22,20,4)([24]2,12,4)([25]3,3,6)([26]2,3,7)([27]23,24,7)([28]6,19,0)([29]6,23,4)([30]21,2,2)([31]6,8,4)([32]30,20,6)([33]20,4,6)([34]24,28,5)([35]32,5,3)([36]17,14,2)([37]16,5,1)([38]11,16,6)([39]1,34,7)([40]38,35,6)([41]34,0,7)([42]27,5,6)([43]4,41,3)([44]43,31,7)([45]36,22,2)([46]34,44,4)([47]6,9,5)([48]26,16,0)([49]41,2,1)([50]14,42,7)([51]29,20,5)([52]40,36,6)([53]19,30,5)([54]44,50,5)([55]45,39,3)([56]17,15,7)([57]9,55,5)([58]39,40,6)([59]4,48,3)([60]52,56,6)([61]44,17,3)([62]47,37,2)([63]33,40,0)([64]34,61,6)([65]59,40,3)([66]60,19,2)([67]54,42,3)([68]39,45,3)([69]61,54,2)([70]69,58,6)([71]23,8,7)([72]69,14,7)([73]25,8,5)([74]67,73,2)([75]0,56,5)([76]1,60,6)([77]63,67,1)([78]62,75,3)([79]68,53,6)([80]66,33,2)([81]76,40,6)([82]70,29,4)([83]81,59,6)([84]78,82,2)([85]38,26,7)([86]79,35,0)(84)
optimized area: 141.02
time: 1027000 ms
seed: 1635092813
NOT FOUND
time: 964335 ms
seed: 1635124646
NOT FOUND
time: 534068 ms
seed: 1635173530
NOT FOUND
time: 561341 ms
seed: 1635291066
{7,1,80,1,2,1,8}([7]6,4,5)([8]0,2,6)([9]6,1,6)([10]1,6,7)([11]10,5,7)([12]5,0,7)([13]2,1,7)([14]3,7,4)([15]4,6,7)([16]2,4,6)([17]5,15,7)([18]0,11,2)([19]6,17,5)([20]12,2,5)([21]18,11,4)([22]3,11,7)([23]20,10,6)([24]23,13,1)([25]1,10,7)([26]8,24,0)([27]13,9,3)([28]20,9,1)([29]16,17,6)([30]14,23,6)([31]19,20,6)([32]2,17,6)([33]11,32,7)([34]22,32,7)([35]11,14,2)([36]13,12,0)([37]34,14,6)([38]35,8,2)([39]20,15,4)([40]29,28,0)([41]27,37,3)([42]30,7,7)([43]38,33,6)([44]43,31,6)([45]28,6,3)([46]44,14,2)([47]29,18,7)([48]0,17,4)([49]20,41,7)([50]41,34,6)([51]17,40,1)([52]5,0,6)([53]49,6,1)([54]41,39,5)([55]46,19,0)([56]34,0,7)([57]56,5,2)([58]20,33,3)([59]55,53,5)([60]39,6,1)([61]37,11,4)([62]7,26,1)([63]39,35,0)([64]57,40,4)([65]18,49,2)([66]32,61,6)([67]46,65,6)([68]63,9,7)([69]54,45,4)([70]14,18,0)([71]66,47,4)([72]69,64,5)([73]23,23,1)([74]72,67,5)([75]19,37,0)([76]33,70,4)([77]62,45,7)([78]13,0,6)([79]54,78,7)([80]21,4,7)([81]63,79,1)([82]47,44,7)([83]5,74,5)([84]54,61,0)([85]74,78,7)([86]57,64,0)(85)
evaluations: 12459019
first invidual area: 134.46
{7,1,80,1,2,1,8}([7]6,4,5)([8]0,3,4)([9]0,5,7)([10]1,4,7)([11]1,6,6)([12]2,9,5)([13]1,2,7)([14]7,3,4)([15]6,4,7)([16]13,3,3)([17]5,15,7)([18]12,10,1)([19]17,10,7)([20]0,2,6)([21]0,13,3)([22]17,20,2)([23]12,0,2)([24]2,21,2)([25]18,6,5)([26]4,9,5)([27]3,19,7)([28]10,25,6)([29]11,13,3)([30]12,20,4)([31]29,21,0)([32]2,17,3)([33]8,10,3)([34]27,32,4)([35]15,34,6)([36]4,2,6)([37]32,19,4)([38]12,14,7)([39]25,15,4)([40]36,27,2)([41]29,35,3)([42]22,37,6)([43]41,18,7)([44]42,28,6)([45]42,13,0)([46]14,44,2)([47]21,6,4)([48]13,38,3)([49]23,41,2)([50]2,29,3)([51]9,45,5)([52]28,5,7)([53]41,39,5)([54]15,8,1)([55]36,17,6)([56]34,9,7)([57]56,5,5)([58]19,49,2)([59]30,19,5)([60]52,4,6)([61]8,57,0)([62]8,18,1)([63]36,31,0)([64]57,55,7)([65]47,29,3)([66]3,7,0)([67]46,58,6)([68]25,2,0)([69]53,6,4)([70]1,17,6)([71]64,37,1)([72]69,64,5)([73]12,2,3)([74]61,53,5)([75]24,23,7)([76]67,72,5)([77]40,54,4)([78]67,53,0)([79]36,40,3)([80]21,15,0)([81]6,43,0)([82]81,70,6)([83]42,59,7)([84]64,7,3)([85]76,21,4)([86]77,70,7)(85)
optimized area: 126.96
time: 1181730 ms
seed: 1635448680
NOT FOUND
time: 1017944 ms
seed: 1635555875
NOT FOUND
time: 1024299 ms
seed: 1635605163
{7,1,80,1,2,1,8}([7]5,1,0)([8]2,7,2)([9]0,1,6)([10]3,6,7)([11]10,3,6)([12]0,4,7)([13]9,9,2)([14]12,3,6)([15]9,3,4)([16]6,13,4)([17]4,11,6)([18]5,14,4)([19]12,1,7)([20]10,19,5)([21]2,11,4)([22]19,14,4)([23]17,3,0)([24]19,2,5)([25]21,13,7)([26]2,11,4)([27]14,16,7)([28]17,10,0)([29]8,19,7)([30]15,20,7)([31]21,0,7)([32]22,18,6)([33]8,32,4)([34]17,30,6)([35]10,29,3)([36]34,24,5)([37]36,33,7)([38]9,31,3)([39]31,3,1)([40]6,20,7)([41]40,26,0)([42]16,3,4)([43]12,40,4)([44]8,4,5)([45]41,25,2)([46]1,18,7)([47]40,30,5)([48]14,42,5)([49]29,27,2)([50]33,48,5)([51]43,12,6)([52]43,49,1)([53]47,50,7)([54]48,37,2)([55]45,54,4)([56]8,28,0)([57]38,50,5)([58]40,52,7)([59]35,46,4)([60]58,16,2)([61]20,2,0)([62]19,40,7)([63]46,30,2)([64]34,22,2)([65]36,58,6)([66]62,34,3)([67]39,33,6)([68]56,21,6)([69]38,66,7)([70]57,59,2)([71]70,69,5)([72]53,49,2)([73]36,2,7)([74]55,71,4)([75]32,35,1)([76]32,4,1)([77]37,17,4)([78]23,50,6)([79]17,63,1)([80]39,44,6)([81]48,63,4)([82]74,72,6)([83]49,14,3)([84]47,2,2)([85]63,9,4)([86]69,79,7)(82)
evaluations: 38449304
first invidual area: 164.96
{7,1,80,1,2,1,8}([7]3,0,6)([8]5,2,2)([9]1,0,6)([10]3,6,7)([11]8,3,4)([12]0,4,7)([13]10,0,0)([14]3,12,6)([15]3,9,7)([16]15,10,4)([17]7,4,6)([18]5,14,4)([19]12,1,7)([20]13,19,5)([21]2,13,7)([22]5,7,0)([23]2,0,7)([24]19,2,5)([25]21,9,7)([26]19,22,4)([27]23,14,0)([28]1,12,3)([29]19,8,7)([30]20,15,4)([31]30,10,5)([32]26,18,3)([33]8,32,7)([34]17,30,6)([35]26,19,5)([36]34,24,5)([37]33,36,7)([38]9,27,3)([39]29,13,3)([40]20,6,7)([41]18,23,3)([42]16,14,7)([43]0,24,4)([44]17,35,1)([45]40,25,5)([46]1,18,7)([47]3,16,0)([48]16,14,5)([49]39,10,1)([50]33,18,1)([51]42,29,2)([52]30,40,5)([53]52,50,7)([54]48,37,5)([55]45,54,7)([56]27,42,6)([57]38,50,5)([58]32,56,1)([59]39,46,4)([60]35,37,5)([61]44,35,7)([62]19,40,7)([63]16,37,0)([64]0,3,3)([65]38,6,6)([66]62,34,6)([67]55,22,3)([68]51,6,2)([69]38,66,4)([70]57,59,2)([71]70,69,5)([72]53,51,5)([73]25,48,5)([74]55,71,4)([75]61,39,0)([76]65,5,2)([77]7,37,6)([78]41,28,7)([79]32,58,0)([80]78,17,3)([81]55,34,4)([82]74,72,2)([83]37,34,7)([84]76,16,7)([85]4,62,3)([86]55,27,6)(82)
optimized area: 158.39
time: 1191784 ms
seed: 1635652855
NOT FOUND
time: 1062453 ms
seed: 1635700702
{7,1,80,1,2,1,8}([7]3,0,4)([8]3,7,3)([9]4,0,5)([10]5,0,4)([11]2,0,2)([12]5,9,4)([13]12,2,1)([14]3,7,2)([15]4,10,3)([16]2,7,7)([17]8,10,7)([18]9,16,4)([19]1,2,7)([20]1,11,3)([21]4,20,7)([22]18,19,3)([23]15,18,2)([24]21,8,5)([25]24,17,6)([26]25,6,3)([27]6,22,6)([28]26,23,5)([29]23,9,5)([30]12,27,6)([31]21,11,4)([32]0,6,7)([33]7,4,6)([34]18,0,3)([35]33,27,5)([36]3,30,2)([37]29,10,3)([38]6,37,4)([39]29,16,5)([40]12,3,1)([41]27,12,3)([42]14,30,2)([43]1,41,2)([44]41,28,4)([45]9,34,1)([46]21,39,5)([47]22,8,1)([48]47,47,1)([49]17,41,1)([50]19,10,7)([51]26,22,4)([52]44,48,5)([53]24,44,6)([54]53,8,4)([55]33,46,6)([56]55,16,7)([57]50,54,5)([58]42,50,5)([59]37,28,6)([60]58,48,0)([61]35,38,7)([62]34,22,5)([63]61,57,5)([64]62,40,7)([65]19,36,5)([66]21,65,4)([67]36,57,3)([68]62,31,5)([69]6,14,4)([70]28,67,7)([71]39,27,5)([72]52,60,2)([73]63,70,5)([74]50,25,3)([75]21,72,5)([76]15,13,3)([77]33,64,4)([78]64,26,3)([79]55,73,6)([80]6,37,6)([81]29,55,7)([82]40,27,7)([83]49,15,0)([84]79,75,7)([85]12,35,1)([86]39,22,0)(84)
evaluations: 16252257
first invidual area: 146.60
{7,1,80,1,2,1,8}([7]0,3,4)([8]3,0,3)([9]0,4,5)([10]5,0,4)([11]10,4,3)([12]5,9,4)([13]2,0,2)([14]2,9,0)([15]1,14,5)([16]14,7,4)([17]10,16,0)([18]16,9,7)([19]14,1,7)([20]1,13,6)([21]20,4,4)([22]18,19,3)([23]11,18,2)([24]21,8,5)([25]10,24,6)([26]25,6,3)([27]26,22,6)([28]26,23,5)([29]20,5,3)([30]12,27,6)([31]25,3,1)([32]12,9,0)([33]7,4,6)([34]23,16,5)([35]32,18,0)([36]3,30,2)([37]17,34,6)([38]37,6,6)([39]24,30,0)([40]24,15,5)([41]32,28,4)([42]31,26,5)([43]24,41,3)([44]18,36,5)([45]27,33,5)([46]21,16,5)([47]8,43,2)([48]32,47,4)([49]36,1,0)([50]19,10,7)([51]3,9,7)([52]41,22,5)([53]31,3,1)([54]23,2,7)([55]46,33,6)([56]8,11,5)([57]50,47,5)([58]36,57,3)([59]50,36,5)([60]28,58,7)([61]45,57,2)([62]41,11,6)([63]61,38,5)([64]59,16,7)([65]43,5,2)([66]1,18,0)([67]51,44,0)([68]4,63,7)([69]44,61,7)([70]34,31,2)([71]64,46,3)([72]59,52,2)([73]63,60,5)([74]13,62,0)([75]21,72,5)([76]19,63,7)([77]32,10,5)([78]27,59,2)([79]55,73,3)([80]16,2,7)([81]41,37,4)([82]70,23,0)([83]33,62,6)([84]79,75,4)([85]55,33,4)([86]24,11,5)(84)
optimized area: 123.17
time: 1363740 ms
seed: 1635747894
{7,1,80,1,2,1,8}([7]4,2,3)([8]3,1,7)([9]5,0,3)([10]4,8,3)([11]2,6,4)([12]4,0,4)([13]12,1,4)([14]5,0,7)([15]6,14,3)([16]1,14,6)([17]5,15,7)([18]11,17,4)([19]11,13,3)([20]6,3,7)([21]14,5,5)([22]20,0,6)([23]0,14,4)([24]15,13,2)([25]2,13,7)([26]10,19,3)([27]8,17,4)([28]27,7,5)([29]28,14,5)([30]11,25,2)([31]28,12,6)([32]4,10,2)([33]2,18,4)([34]20,24,3)([35]2,3,3)([36]14,6,5)([37]2,8,3)([38]26,5,5)([39]37,28,1)([40]26,23,3)([41]35,10,7)([42]6,39,3)([43]2,6,6)([44]31,34,3)([45]34,37,2)([46]9,37,2)([47]44,34,1)([48]12,45,4)([49]26,15,1)([50]29,36,4)([51]50,30,6)([52]25,39,7)([53]45,29,4)([54]38,3,1)([55]5,27,0)([56]53,13,4)([57]3,46,7)([58]30,42,5)([59]43,6,0)([60]6,59,6)([61]54,11,7)([62]61,56,2)([63]22,29,3)([64]47,43,7)([65]30,63,7)([66]65,21,4)([67]23,31,6)([68]20,11,3)([69]48,66,5)([70]28,51,6)([71]62,30,4)([72]30,27,5)([73]27,11,5)([74]66,71,2)([75]18,4,1)([76]73,45,7)([77]74,44,4)([78]40,57,2)([79]75,3,0)([80]33,5,2)([81]5,73,3)([82]70,42,3)([83]60,62,5)([84]25,78,7)([85]78,77,7)([86]81,77,7)(85)
evaluations: 21502311
first invidual area: 144.79
{7,1,80,1,2,1,8}([7]5,4,0)([8]1,3,7)([9]2,4,3)([10]8,4,3)([11]6,2,4)([12]0,4,4)([13]1,12,4)([14]7,0,7)([15]6,14,3)([16]13,11,0)([17]5,8,7)([18]2,16,7)([19]17,13,3)([20]6,3,7)([21]14,7,5)([22]15,16,2)([23]21,14,5)([24]7,20,3)([25]17,3,3)([26]19,10,3)([27]17,15,4)([28]27,9,5)([29]14,28,5)([30]20,25,4)([31]6,15,7)([32]20,7,6)([33]32,6,2)([34]20,22,3)([35]32,28,0)([36]22,12,7)([37]2,8,3)([38]34,37,5)([39]7,10,0)([40]12,28,6)([41]24,8,2)([42]34,4,0)([43]38,29,7)([44]40,42,3)([45]13,38,3)([46]23,37,5)([47]32,13,6)([48]32,13,7)([49]17,7,5)([50]13,4,7)([51]10,15,3)([52]26,18,6)([53]26,11,3)([54]11,18,5)([55]53,5,5)([56]53,41,0)([57]3,46,4)([58]55,49,7)([59]42,45,2)([60]13,43,4)([61]55,11,4)([62]61,60,5)([63]32,29,6)([64]12,42,6)([65]62,63,4)([66]65,21,4)([67]0,61,6)([68]20,6,3)([69]14,63,5)([70]43,15,4)([71]62,54,4)([72]29,8,7)([73]48,3,3)([74]66,71,5)([75]25,20,1)([76]46,18,4)([77]74,44,4)([78]13,10,6)([79]42,78,2)([80]57,6,2)([81]54,19,1)([82]57,53,5)([83]81,67,3)([84]66,57,1)([85]82,77,7)([86]45,12,3)(85)
optimized area: 135.41
time: 1263077 ms
seed: 1635794944
NOT FOUND
time: 1070163 ms
seed: 1635838083
NOT FOUND
time: 1067015 ms
seed: 1635880171
NOT FOUND
time: 1089645 ms
