seed: 1633868296
NOT FOUND
time: 526491 ms
seed: 1634005945
NOT FOUND
time: 522843 ms
seed: 1634054696
{7,1,80,1,2,1,8}([7]6,2,4)([8]5,0,4)([9]3,5,4)([10]1,0,7)([11]8,6,3)([12]10,5,6)([13]3,2,5)([14]10,4,3)([15]0,11,4)([16]4,8,7)([17]16,1,0)([18]4,12,4)([19]2,8,5)([20]8,7,2)([21]9,14,6)([22]20,3,3)([23]9,19,1)([24]2,21,4)([25]6,2,5)([26]23,18,3)([27]23,5,3)([28]20,24,6)([29]25,12,7)([30]8,8,4)([31]4,25,6)([32]26,28,7)([33]23,18,1)([34]22,31,4)([35]17,33,6)([36]0,32,7)([37]11,17,3)([38]12,32,4)([39]31,18,1)([40]11,5,3)([41]35,11,3)([42]4,1,4)([43]36,4,7)([44]39,36,2)([45]43,35,3)([46]8,17,5)([47]42,45,6)([48]36,44,5)([49]30,8,7)([50]35,48,3)([51]15,8,3)([52]38,47,7)([53]39,32,0)([54]24,5,0)([55]15,36,0)([56]49,12,2)([57]6,44,0)([58]41,52,2)([59]51,31,3)([60]20,36,7)([61]26,34,5)([62]50,35,0)([63]59,42,7)([64]56,25,4)([65]25,21,2)([66]46,58,2)([67]63,50,5)([68]20,22,4)([69]7,6,6)([70]61,21,2)([71]45,12,5)([72]27,27,2)([73]65,33,1)([74]44,44,0)([75]45,53,4)([76]30,8,7)([77]45,28,2)([78]67,61,2)([79]63,43,1)([80]65,43,1)([81]69,38,7)([82]66,78,3)([83]24,78,4)([84]58,48,7)([85]26,37,7)([86]40,69,1)(82)
evaluations: 20643566
first invidual area: 137.73
{7,1,80,1,2,1,8}([7]4,1,4)([8]0,5,4)([9]5,3,4)([10]1,0,7)([11]8,6,3)([12]5,10,6)([13]0,5,5)([14]6,2,5)([15]2,6,4)([16]8,4,7)([17]7,16,5)([18]9,3,1)([19]12,4,4)([20]8,15,2)([21]9,10,3)([22]6,14,0)([23]21,4,6)([24]2,23,4)([25]22,2,2)([26]18,19,3)([27]20,24,3)([28]16,8,5)([29]26,3,7)([30]23,21,1)([31]14,4,6)([32]26,27,4)([33]3,20,3)([34]33,31,4)([35]16,9,6)([36]32,0,7)([37]12,32,4)([38]12,17,4)([39]35,31,1)([40]35,11,3)([41]34,26,5)([42]29,29,1)([43]36,4,7)([44]13,11,7)([45]5,21,3)([46]37,4,1)([47]43,35,6)([48]39,36,5)([49]34,22,1)([50]31,48,3)([51]17,43,2)([52]47,37,6)([53]30,2,6)([54]45,43,0)([55]13,46,4)([56]1,33,5)([57]0,42,1)([58]52,40,2)([59]44,31,6)([60]18,26,0)([61]10,58,4)([62]41,2,4)([63]59,7,4)([64]52,51,3)([65]59,21,1)([66]28,58,2)([67]34,32,1)([68]48,40,1)([69]42,30,5)([70]22,0,2)([71]33,67,5)([72]57,29,0)([73]63,3,7)([74]1,52,0)([75]10,68,0)([76]63,50,5)([77]72,14,3)([78]76,41,2)([79]5,58,5)([80]65,73,7)([81]23,11,6)([82]60,23,4)([83]56,61,1)([84]46,45,6)([85]66,78,3)([86]44,80,3)(85)
optimized area: 128.83
time: 629477 ms
seed: 1634168979
NOT FOUND
time: 524326 ms
seed: 1634216285
{7,1,80,1,2,1,8}([7]2,4,3)([8]6,2,4)([9]4,5,4)([10]4,5,3)([11]9,10,1)([12]1,0,7)([13]6,12,0)([14]4,8,2)([15]11,0,3)([16]1,2,7)([17]5,1,2)([18]6,3,2)([19]18,14,6)([20]12,10,3)([21]9,12,3)([22]7,19,2)([23]19,12,6)([24]19,10,4)([25]16,9,4)([26]11,16,2)([27]2,23,6)([28]13,3,3)([29]28,8,5)([30]23,27,0)([31]3,19,2)([32]25,21,2)([33]18,31,2)([34]16,29,6)([35]14,2,0)([36]17,31,3)([37]16,34,3)([38]18,5,6)([39]35,20,1)([40]33,33,5)([41]36,34,7)([42]28,10,5)([43]26,27,7)([44]43,18,4)([45]21,25,0)([46]44,41,5)([47]22,32,2)([48]4,15,6)([49]0,8,4)([50]6,39,3)([51]15,37,3)([52]12,24,2)([53]8,47,3)([54]3,24,3)([55]1,3,6)([56]48,3,7)([57]36,52,7)([58]57,50,2)([59]57,46,2)([60]4,49,2)([61]13,15,2)([62]53,4,4)([63]20,62,7)([64]45,17,4)([65]29,45,0)([66]17,63,1)([67]28,19,3)([68]65,0,6)([69]13,61,3)([70]56,63,2)([71]54,32,0)([72]70,51,7)([73]0,23,5)([74]0,53,5)([75]67,6,7)([76]55,10,7)([77]46,12,7)([78]67,66,3)([79]39,12,3)([80]1,20,3)([81]38,16,5)([82]66,60,5)([83]72,59,3)([84]35,50,5)([85]13,68,6)([86]38,73,1)(83)
evaluations: 38358467
first invidual area: 133.98
{7,1,80,1,2,1,8}([7]2,4,0)([8]7,6,4)([9]4,5,4)([10]4,9,3)([11]9,9,1)([12]1,0,7)([13]4,10,3)([14]4,8,2)([15]11,0,3)([16]1,7,7)([17]5,1,2)([18]3,6,2)([19]18,14,6)([20]10,12,6)([21]12,9,3)([22]10,7,4)([23]11,21,0)([24]12,19,6)([25]3,19,2)([26]11,16,5)([27]2,24,3)([28]3,17,3)([29]28,8,5)([30]4,27,3)([31]4,26,1)([32]30,21,2)([33]16,9,4)([34]16,29,6)([35]19,10,4)([36]25,17,3)([37]16,34,3)([38]14,28,2)([39]33,32,2)([40]7,21,3)([41]36,34,7)([42]12,28,3)([43]26,27,4)([44]43,18,7)([45]36,0,4)([46]44,41,5)([47]20,7,3)([48]4,15,6)([49]8,29,3)([50]45,11,2)([51]37,15,3)([52]12,35,5)([53]8,39,6)([54]18,42,1)([55]14,49,1)([56]48,3,7)([57]36,52,4)([58]43,24,1)([59]57,46,2)([60]41,21,0)([61]54,44,1)([62]53,4,7)([63]62,20,4)([64]58,7,1)([65]59,62,6)([66]4,48,6)([67]26,9,3)([68]49,14,3)([69]51,40,5)([70]56,63,5)([71]21,64,7)([72]70,51,5)([73]37,30,3)([74]50,66,6)([75]28,67,3)([76]4,12,7)([77]12,16,1)([78]70,56,6)([79]50,0,2)([80]50,27,4)([81]8,53,3)([82]43,26,6)([83]72,59,3)([84]28,53,6)([85]13,46,4)([86]85,44,5)(83)
optimized area: 127.41
time: 559394 ms
seed: 1634313343
{7,1,80,1,2,1,8}([7]5,0,6)([8]7,1,7)([9]5,4,7)([10]0,2,5)([11]1,1,1)([12]4,2,5)([13]3,0,1)([14]4,8,3)([15]13,4,3)([16]10,12,5)([17]1,4,0)([18]1,14,4)([19]9,16,1)([20]5,17,3)([21]1,9,6)([22]17,14,1)([23]0,17,7)([24]5,0,4)([25]9,6,6)([26]16,25,4)([27]8,24,3)([28]2,6,4)([29]14,12,7)([30]27,28,4)([31]23,19,7)([32]25,26,4)([33]20,13,7)([34]19,32,3)([35]18,6,4)([36]29,0,5)([37]28,0,3)([38]35,35,2)([39]3,5,2)([40]13,2,3)([41]21,39,4)([42]18,25,4)([43]13,42,3)([44]4,12,7)([45]1,19,5)([46]40,28,4)([47]46,5,6)([48]47,12,5)([49]26,33,2)([50]48,43,7)([51]1,26,3)([52]50,44,1)([53]27,51,4)([54]30,41,6)([55]37,54,2)([56]47,0,3)([57]6,34,3)([58]27,13,4)([59]49,31,6)([60]32,5,7)([61]59,53,2)([62]59,54,3)([63]13,17,6)([64]11,60,1)([65]61,40,3)([66]65,50,2)([67]0,57,2)([68]53,19,6)([69]36,62,5)([70]31,1,2)([71]53,69,1)([72]1,57,7)([73]49,25,7)([74]27,36,2)([75]66,69,7)([76]39,40,7)([77]25,13,2)([78]61,55,7)([79]37,23,5)([80]16,33,5)([81]15,50,0)([82]71,12,6)([83]21,74,7)([84]50,7,3)([85]62,82,3)([86]30,75,4)(75)
evaluations: 36542190
first invidual area: 135.87
{7,1,80,1,2,1,8}([7]0,5,6)([8]7,1,7)([9]5,4,7)([10]5,0,5)([11]3,2,0)([12]4,2,5)([13]11,0,1)([14]4,8,3)([15]11,5,5)([16]6,2,7)([17]1,14,4)([18]1,9,7)([19]18,0,4)([20]0,2,5)([21]9,1,6)([22]14,12,2)([23]20,12,5)([24]0,22,5)([25]9,6,6)([26]23,25,4)([27]8,10,6)([28]26,23,3)([29]26,26,3)([30]27,16,4)([31]13,26,0)([32]26,25,3)([33]8,10,4)([34]18,19,4)([35]15,19,7)([36]20,21,6)([37]21,15,7)([38]14,34,4)([39]21,13,4)([40]2,31,3)([41]22,21,6)([42]17,25,4)([43]13,42,3)([44]29,35,0)([45]28,28,0)([46]40,30,7)([47]46,5,6)([48]47,12,5)([49]26,39,2)([50]48,43,7)([51]25,24,7)([52]29,16,3)([53]43,5,6)([54]30,37,6)([55]28,19,5)([56]25,42,2)([57]10,0,6)([58]24,18,7)([59]49,19,6)([60]40,34,3)([61]59,8,2)([62]59,54,3)([63]27,45,5)([64]31,30,0)([65]61,40,3)([66]65,50,5)([67]66,39,7)([68]27,18,1)([69]24,62,5)([70]50,69,3)([71]20,35,7)([72]67,68,5)([73]0,68,3)([74]52,26,1)([75]71,53,2)([76]55,46,4)([77]10,30,7)([78]68,41,1)([79]77,3,5)([80]55,18,3)([81]69,66,4)([82]44,17,7)([83]60,11,1)([84]72,28,2)([85]37,10,1)([86]66,43,3)(81)
optimized area: 118.99
time: 556652 ms
seed: 1634353848
NOT FOUND
time: 529592 ms
seed: 1634402773
NOT FOUND
time: 521827 ms
seed: 1634451806
NOT FOUND
time: 525093 ms
seed: 1634511997
NOT FOUND
time: 530488 ms
seed: 1634611199
NOT FOUND
time: 528698 ms
seed: 1635138142
{7,1,80,1,2,1,8}([7]0,3,7)([8]3,2,3)([9]7,5,7)([10]4,3,5)([11]2,6,6)([12]11,9,3)([13]9,0,7)([14]10,9,7)([15]12,1,2)([16]1,13,4)([17]2,14,6)([18]2,10,2)([19]12,4,6)([20]9,18,3)([21]16,3,0)([22]19,3,6)([23]6,20,2)([24]23,11,5)([25]23,8,7)([26]5,14,7)([27]16,19,3)([28]0,26,5)([29]13,22,6)([30]4,28,4)([31]7,30,4)([32]25,14,6)([33]15,11,4)([34]20,27,4)([35]29,31,4)([36]34,2,4)([37]26,26,5)([38]35,16,4)([39]36,38,5)([40]1,36,1)([41]6,2,1)([42]36,11,4)([43]27,1,0)([44]39,25,2)([45]17,32,6)([46]23,23,2)([47]0,24,7)([48]32,33,4)([49]45,33,6)([50]38,40,4)([51]13,37,1)([52]14,14,2)([53]19,51,3)([54]38,25,5)([55]46,35,1)([56]16,49,2)([57]26,48,6)([58]21,28,0)([59]40,49,3)([60]57,51,1)([61]57,30,7)([62]6,15,7)([63]2,57,6)([64]56,44,7)([65]20,49,2)([66]26,11,4)([67]28,22,6)([68]15,42,0)([69]31,33,1)([70]10,35,3)([71]63,53,5)([72]21,61,3)([73]61,30,5)([74]37,25,5)([75]36,49,1)([76]1,69,1)([77]12,30,5)([78]32,64,2)([79]13,38,5)([80]73,19,5)([81]72,64,5)([82]55,38,3)([83]18,80,1)([84]58,72,6)([85]66,56,4)([86]12,60,2)(81)
evaluations: 20899860
first invidual area: 131.67
{7,1,80,1,2,1,8}([7]3,0,7)([8]5,6,0)([9]7,5,7)([10]4,3,5)([11]2,6,6)([12]11,9,3)([13]3,5,7)([14]10,9,7)([15]1,12,5)([16]1,13,4)([17]2,14,6)([18]10,2,2)([19]4,12,6)([20]18,9,3)([21]18,3,6)([22]3,19,6)([23]0,3,2)([24]6,20,5)([25]21,24,7)([26]9,3,1)([27]19,16,6)([28]22,13,3)([29]2,26,3)([30]23,4,6)([31]7,16,4)([32]14,25,6)([33]15,11,7)([34]32,18,3)([35]30,31,7)([36]27,29,4)([37]12,16,2)([38]28,35,4)([39]35,26,0)([40]38,36,5)([41]25,4,2)([42]0,24,2)([43]18,39,6)([44]23,40,5)([45]17,32,6)([46]37,27,5)([47]33,32,4)([48]16,42,0)([49]1,7,1)([50]21,18,0)([51]10,31,7)([52]25,40,5)([53]20,16,7)([54]45,33,6)([55]54,48,5)([56]8,41,5)([57]46,11,6)([58]20,7,7)([59]47,51,6)([60]25,7,2)([61]30,59,7)([62]22,49,6)([63]11,61,3)([64]55,52,7)([65]16,61,3)([66]24,27,0)([67]19,66,7)([68]34,25,4)([69]18,18,2)([70]48,15,6)([71]57,67,7)([72]70,48,3)([73]56,59,2)([74]32,50,4)([75]17,45,3)([76]5,24,1)([77]43,24,0)([78]2,15,2)([79]25,11,7)([80]74,45,0)([81]79,19,1)([82]65,64,5)([83]67,23,0)([84]27,33,7)([85]14,51,5)([86]53,14,6)(82)
optimized area: 126.96
time: 640128 ms
seed: 1635187347
NOT FOUND
time: 538194 ms
seed: 1635332173
NOT FOUND
time: 977592 ms
seed: 1635618465
{7,1,80,1,2,1,8}([7]3,5,5)([8]1,7,5)([9]5,8,4)([10]4,4,5)([11]7,5,2)([12]6,2,4)([13]12,3,3)([14]5,3,4)([15]8,0,4)([16]10,7,5)([17]3,4,7)([18]15,11,4)([19]18,10,6)([20]13,6,5)([21]19,14,5)([22]6,8,1)([23]5,0,4)([24]15,10,2)([25]23,21,2)([26]6,11,4)([27]8,14,1)([28]18,13,7)([29]2,22,4)([30]23,24,1)([31]6,16,5)([32]1,4,6)([33]13,31,2)([34]13,19,3)([35]17,29,3)([36]33,1,1)([37]36,27,2)([38]31,7,6)([39]14,14,1)([40]25,4,6)([41]33,25,3)([42]38,28,6)([43]21,26,6)([44]37,17,4)([45]24,41,7)([46]30,26,2)([47]44,26,3)([48]43,29,7)([49]42,32,3)([50]48,23,4)([51]49,47,4)([52]50,0,1)([53]23,45,7)([54]6,33,2)([55]0,54,2)([56]15,27,5)([57]46,15,3)([58]31,25,7)([59]13,38,4)([60]49,29,3)([61]8,19,2)([62]35,19,7)([63]16,58,6)([64]52,51,3)([65]47,50,6)([66]15,10,1)([67]59,10,6)([68]52,45,5)([69]44,66,7)([70]19,26,0)([71]25,32,0)([72]64,68,5)([73]64,38,6)([74]49,40,2)([75]43,24,0)([76]25,33,7)([77]2,40,3)([78]61,3,4)([79]12,58,0)([80]10,44,2)([81]19,66,7)([82]76,69,4)([83]35,23,1)([84]77,54,0)([85]38,49,3)([86]40,48,7)(72)
evaluations: 39169684
first invidual area: 121.32
{7,1,80,1,2,1,8}([7]5,3,5)([8]1,7,5)([9]1,4,6)([10]4,4,1)([11]5,7,2)([12]6,2,4)([13]12,3,3)([14]3,5,4)([15]0,8,4)([16]5,0,7)([17]13,8,3)([18]15,11,4)([19]16,14,3)([20]18,10,6)([21]20,14,5)([22]11,21,7)([23]3,4,4)([24]16,9,1)([25]21,12,2)([26]6,11,4)([27]24,14,2)([28]0,18,4)([29]10,14,5)([30]7,2,6)([31]6,29,5)([32]16,3,2)([33]13,31,2)([34]15,10,5)([35]34,12,4)([36]25,1,7)([37]26,21,6)([38]1,7,2)([39]18,13,7)([40]25,18,2)([41]25,33,3)([42]39,30,6)([43]37,35,2)([44]17,23,4)([45]34,41,4)([46]0,20,6)([47]44,26,6)([48]37,12,4)([49]42,9,3)([50]48,16,4)([51]49,47,7)([52]29,18,0)([53]9,49,6)([54]37,42,0)([55]7,10,5)([56]35,11,7)([57]43,32,4)([58]9,35,1)([59]24,22,3)([60]45,9,0)([61]6,18,4)([62]41,57,3)([63]50,21,4)([64]50,51,3)([65]26,64,2)([66]17,5,1)([67]8,0,1)([68]50,45,5)([69]18,30,0)([70]14,34,0)([71]15,42,0)([72]64,68,5)([73]49,27,7)([74]70,2,3)([75]52,55,4)([76]23,1,6)([77]48,72,7)([78]24,56,3)([79]7,75,5)([80]36,16,5)([81]77,43,4)([82]14,28,4)([83]28,70,4)([84]83,71,7)([85]65,21,6)([86]54,50,7)(72)
optimized area: 110.09
time: 1106028 ms
seed: 1635666100
{7,1,80,1,2,1,8}([7]4,1,5)([8]0,2,1)([9]8,3,4)([10]2,9,6)([11]2,4,2)([12]7,6,4)([13]7,4,4)([14]9,6,7)([15]5,10,7)([16]5,6,4)([17]9,15,6)([18]3,4,4)([19]2,12,4)([20]16,14,4)([21]19,14,5)([22]10,1,7)([23]15,21,2)([24]1,6,5)([25]20,1,5)([26]9,22,4)([27]11,23,4)([28]9,25,4)([29]3,1,5)([30]27,3,2)([31]22,12,4)([32]18,28,5)([33]27,0,4)([34]31,29,2)([35]22,2,6)([36]7,1,5)([37]16,33,2)([38]2,8,7)([39]32,16,3)([40]25,4,3)([41]10,30,2)([42]34,13,5)([43]11,23,0)([44]35,42,6)([45]44,31,4)([46]4,37,1)([47]1,17,6)([48]16,45,6)([49]48,33,3)([50]13,30,6)([51]19,20,6)([52]44,0,3)([53]50,39,4)([54]49,42,4)([55]39,22,6)([56]55,40,6)([57]51,45,6)([58]27,6,5)([59]57,58,5)([60]3,23,1)([61]59,60,2)([62]2,55,1)([63]54,61,3)([64]53,38,3)([65]4,41,6)([66]44,7,3)([67]8,23,2)([68]66,22,6)([69]35,39,3)([70]3,44,0)([71]64,63,7)([72]52,8,5)([73]47,46,1)([74]61,59,5)([75]40,15,6)([76]15,27,5)([77]52,33,6)([78]46,3,0)([79]14,32,4)([80]59,23,6)([81]34,16,4)([82]65,41,5)([83]54,76,0)([84]75,67,7)([85]69,39,5)([86]26,57,4)(71)
evaluations: 32258130
first invidual area: 144.31
{7,1,80,1,2,1,8}([7]1,4,5)([8]0,6,1)([9]8,3,4)([10]2,9,6)([11]2,1,1)([12]6,7,4)([13]4,7,5)([14]6,9,7)([15]5,10,7)([16]6,5,4)([17]1,10,4)([18]3,4,4)([19]11,12,7)([20]0,2,0)([21]14,19,5)([22]0,9,6)([23]21,15,5)([24]19,1,5)([25]4,2,5)([26]9,24,4)([27]25,23,4)([28]7,7,3)([29]1,3,5)([30]12,25,5)([31]17,12,7)([32]26,18,5)([33]8,27,7)([34]27,3,2)([35]31,29,2)([36]3,14,4)([37]28,19,0)([38]0,2,4)([39]32,16,3)([40]31,7,7)([41]35,32,0)([42]35,13,5)([43]5,20,4)([44]11,20,3)([45]44,31,2)([46]3,45,1)([47]26,27,3)([48]16,45,6)([49]48,33,3)([50]13,34,6)([51]43,19,6)([52]22,17,4)([53]39,50,4)([54]49,42,4)([55]36,38,7)([56]20,5,3)([57]51,45,6)([58]27,6,5)([59]57,58,5)([60]32,38,1)([61]46,59,2)([62]37,60,6)([63]54,61,6)([64]53,38,3)([65]45,25,6)([66]23,52,1)([67]20,21,0)([68]63,37,6)([69]19,49,4)([70]16,2,7)([71]31,1,0)([72]33,57,2)([73]29,7,2)([74]15,64,4)([75]0,69,1)([76]37,39,6)([77]34,75,7)([78]73,46,5)([79]48,63,2)([80]39,64,6)([81]64,63,4)([82]34,43,6)([83]68,13,6)([84]66,54,2)([85]42,62,6)([86]56,74,6)(81)
optimized area: 137.26
time: 1190580 ms
seed: 1635713914
NOT FOUND
time: 1066922 ms
seed: 1635761213
{7,1,80,1,2,1,8}([7]1,0,4)([8]0,3,2)([9]2,3,4)([10]0,5,7)([11]10,2,5)([12]11,4,7)([13]9,10,3)([14]6,13,7)([15]12,7,4)([16]8,15,3)([17]16,4,7)([18]12,14,6)([19]0,7,0)([20]4,9,3)([21]1,15,3)([22]9,17,4)([23]7,3,5)([24]10,3,4)([25]13,24,5)([26]4,3,2)([27]4,2,6)([28]22,14,2)([29]5,23,6)([30]13,13,3)([31]13,0,0)([32]28,26,3)([33]17,31,2)([34]25,4,3)([35]34,3,5)([36]25,14,3)([37]29,17,3)([38]36,20,7)([39]33,6,7)([40]14,36,4)([41]12,32,2)([42]21,26,5)([43]27,35,1)([44]29,25,2)([45]5,27,0)([46]18,36,6)([47]38,38,3)([48]1,42,5)([49]18,37,2)([50]2,38,2)([51]45,29,4)([52]8,19,7)([53]29,29,2)([54]38,53,2)([55]49,54,4)([56]54,4,6)([57]41,40,3)([58]41,44,3)([59]44,48,6)([60]37,1,0)([61]40,58,3)([62]44,3,2)([63]1,15,0)([64]63,59,0)([65]7,22,2)([66]62,57,2)([67]3,16,5)([68]28,34,2)([69]42,14,1)([70]62,19,5)([71]49,2,5)([72]59,68,2)([73]31,22,6)([74]56,63,5)([75]48,29,1)([76]55,61,4)([77]76,72,7)([78]59,73,4)([79]19,36,4)([80]39,5,3)([81]51,55,4)([82]37,44,0)([83]2,39,3)([84]78,67,2)([85]21,17,4)([86]77,25,7)(77)
evaluations: 33948951
first invidual area: 126.49
{7,1,80,1,2,1,8}([7]0,1,4)([8]3,0,2)([9]2,3,4)([10]5,0,7)([11]2,10,5)([12]4,11,7)([13]10,9,3)([14]6,13,7)([15]12,7,4)([16]15,8,3)([17]16,4,7)([18]2,10,1)([19]13,15,0)([20]3,10,4)([21]9,16,0)([22]21,17,4)([23]7,3,5)([24]18,20,7)([25]19,20,5)([26]4,3,2)([27]6,21,5)([28]14,22,2)([29]23,5,6)([30]2,1,2)([31]9,26,3)([32]28,26,3)([33]29,0,7)([34]25,4,3)([35]8,27,6)([36]25,6,3)([37]29,17,3)([38]36,29,2)([39]38,25,2)([40]14,36,4)([41]32,23,2)([42]32,12,2)([43]35,32,3)([44]22,12,5)([45]12,14,6)([46]2,24,0)([47]40,37,6)([48]16,3,2)([49]45,37,5)([50]5,17,7)([51]1,34,5)([52]15,0,6)([53]18,27,7)([54]31,38,5)([55]49,54,7)([56]7,7,6)([57]22,10,3)([58]42,39,3)([59]26,51,6)([60]42,37,4)([61]40,58,3)([62]24,28,1)([63]33,42,2)([64]31,6,2)([65]12,8,2)([66]33,34,1)([67]65,21,2)([68]60,16,3)([69]36,22,6)([70]36,37,2)([71]5,34,5)([72]59,41,5)([73]69,36,5)([74]16,52,1)([75]67,68,4)([76]55,61,4)([77]76,72,7)([78]67,67,7)([79]48,59,5)([80]45,45,3)([81]67,32,0)([82]72,67,6)([83]55,6,2)([84]9,77,2)([85]23,74,2)([86]26,48,6)(77)
optimized area: 118.52
time: 1142339 ms
seed: 1635808131
{7,1,80,1,2,1,8}([7]1,5,7)([8]0,3,7)([9]6,7,7)([10]8,3,5)([11]8,5,7)([12]6,11,5)([13]4,7,6)([14]12,10,5)([15]14,4,4)([16]0,5,1)([17]7,5,3)([18]17,15,7)([19]17,6,2)([20]3,18,4)([21]16,18,5)([22]10,4,5)([23]8,0,6)([24]14,13,4)([25]5,10,3)([26]11,9,6)([27]0,0,6)([28]23,14,4)([29]2,24,4)([30]19,2,5)([31]26,25,7)([32]17,6,3)([33]1,15,0)([34]19,13,2)([35]12,2,7)([36]31,22,2)([37]29,22,0)([38]7,19,3)([39]37,7,3)([40]5,39,7)([41]40,21,6)([42]17,26,1)([43]30,22,7)([44]27,21,4)([45]30,0,4)([46]44,13,3)([47]14,7,2)([48]45,3,7)([49]34,17,0)([50]1,22,5)([51]13,42,2)([52]6,27,1)([53]20,48,3)([54]7,4,7)([55]30,26,7)([56]43,50,4)([57]47,19,5)([58]3,44,3)([59]35,20,3)([60]4,21,2)([61]41,36,3)([62]58,11,7)([63]18,54,5)([64]60,22,5)([65]21,53,5)([66]41,29,5)([67]34,7,7)([68]23,42,7)([69]34,44,1)([70]31,59,4)([71]37,61,4)([72]10,18,5)([73]28,65,5)([74]70,71,5)([75]9,61,3)([76]48,64,7)([77]21,30,2)([78]13,9,2)([79]78,72,1)([80]73,74,5)([81]34,80,5)([82]70,77,6)([83]48,56,3)([84]81,80,5)([85]73,21,1)([86]68,7,7)(84)
evaluations: 15861969
first invidual area: 133.99
{7,1,80,1,2,1,8}([7]5,1,7)([8]0,3,7)([9]7,6,7)([10]0,8,5)([11]8,5,7)([12]6,11,5)([13]7,4,6)([14]10,12,5)([15]14,4,7)([16]0,6,1)([17]7,5,3)([18]17,15,4)([19]6,17,2)([20]18,3,4)([21]16,18,5)([22]10,12,3)([23]20,19,3)([24]8,12,0)([25]11,10,3)([26]12,2,7)([27]14,13,7)([28]10,18,0)([29]27,2,7)([30]9,11,6)([31]25,30,7)([32]24,3,5)([33]25,20,2)([34]3,10,0)([35]16,20,6)([36]9,5,1)([37]34,24,0)([38]23,37,3)([39]7,29,3)([40]5,39,7)([41]19,17,0)([42]38,14,4)([43]12,34,7)([44]13,41,5)([45]40,10,6)([46]44,18,5)([47]20,37,4)([48]8,41,7)([49]28,30,0)([50]21,40,6)([51]47,27,5)([52]5,14,7)([53]39,30,3)([54]20,52,0)([55]0,29,2)([56]31,15,2)([57]48,20,3)([58]11,38,7)([59]26,54,3)([60]31,59,4)([61]50,56,3)([62]13,32,6)([63]45,42,0)([64]53,3,2)([65]8,4,3)([66]53,16,5)([67]23,39,3)([68]67,34,5)([69]57,21,5)([70]17,43,5)([71]29,61,4)([72]55,47,7)([73]43,69,5)([74]60,71,5)([75]33,48,0)([76]38,0,0)([77]73,7,4)([78]28,25,6)([79]35,5,7)([80]45,43,3)([81]74,73,5)([82]46,21,7)([83]73,42,4)([84]81,44,5)([85]25,46,0)([86]3,77,3)(84)
optimized area: 120.88
time: 1288174 ms
seed: 1635851272
{7,1,80,1,2,1,8}([7]2,5,3)([8]5,4,7)([9]4,5,5)([10]6,9,5)([11]8,0,4)([12]1,9,6)([13]1,11,4)([14]8,6,7)([15]3,4,4)([16]13,9,0)([17]12,16,3)([18]7,14,3)([19]14,5,3)([20]18,0,2)([21]10,3,5)([22]14,15,2)([23]22,17,7)([24]23,20,3)([25]2,19,4)([26]0,19,4)([27]24,4,4)([28]27,25,3)([29]14,10,3)([30]22,1,6)([31]21,28,7)([32]4,31,7)([33]2,30,6)([34]0,5,3)([35]1,11,0)([36]11,24,3)([37]7,1,4)([38]9,23,6)([39]22,23,7)([40]39,20,6)([41]16,8,1)([42]37,6,4)([43]32,20,3)([44]31,13,0)([45]33,42,3)([46]9,24,6)([47]35,15,7)([48]42,33,5)([49]28,37,5)([50]6,46,3)([51]23,7,1)([52]6,31,5)([53]12,43,3)([54]23,39,5)([55]1,21,3)([56]0,27,0)([57]45,4,4)([58]18,53,7)([59]57,29,2)([60]2,37,7)([61]23,52,0)([62]28,54,4)([63]6,23,0)([64]39,48,7)([65]27,38,2)([66]12,10,2)([67]57,49,2)([68]1,43,1)([69]32,2,2)([70]64,15,7)([71]36,53,7)([72]71,70,2)([73]60,45,5)([74]26,67,3)([75]33,25,0)([76]32,43,7)([77]74,72,5)([78]63,42,4)([79]63,32,0)([80]40,36,2)([81]22,19,5)([82]48,73,0)([83]77,31,7)([84]65,25,0)([85]65,21,1)([86]57,22,7)(83)
evaluations: 39060584
first invidual area: 142.45
{7,1,80,1,2,1,8}([7]2,5,3)([8]5,4,7)([9]5,4,5)([10]6,9,5)([11]8,0,4)([12]9,1,6)([13]1,11,4)([14]6,8,7)([15]4,3,4)([16]12,9,3)([17]16,6,6)([18]7,14,3)([19]5,14,3)([20]0,18,2)([21]10,3,5)([22]14,15,2)([23]22,13,7)([24]23,20,3)([25]2,19,4)([26]22,12,5)([27]4,24,4)([28]25,27,3)([29]13,12,3)([30]22,1,6)([31]28,21,7)([32]4,31,7)([33]2,30,6)([34]25,13,1)([35]25,24,6)([36]24,11,3)([37]1,7,4)([38]19,20,4)([39]11,18,1)([40]16,17,7)([41]15,8,1)([42]37,6,4)([43]32,20,3)([44]25,27,2)([45]33,42,3)([46]39,12,6)([47]43,12,3)([48]42,33,5)([49]3,37,5)([50]21,25,4)([51]20,3,6)([52]38,30,4)([53]26,50,3)([54]42,12,6)([55]51,2,3)([56]47,27,5)([57]27,45,7)([58]51,0,0)([59]22,31,7)([60]8,53,7)([61]17,2,4)([62]37,27,1)([63]30,36,7)([64]29,48,4)([65]33,62,5)([66]31,27,0)([67]57,49,2)([68]60,7,4)([69]43,10,3)([70]64,15,4)([71]36,47,7)([72]71,70,2)([73]43,60,3)([74]38,67,3)([75]1,63,6)([76]16,31,1)([77]74,72,5)([78]53,2,2)([79]3,61,3)([80]46,8,5)([81]1,40,7)([82]57,48,3)([83]77,66,7)([84]74,2,5)([85]29,17,5)([86]30,22,1)(83)
optimized area: 137.76
time: 1122725 ms
seed: 1635893380
NOT FOUND
time: 1063865 ms
seed: 1635929489
{7,1,80,1,2,1,8}([7]0,3,3)([8]5,1,6)([9]5,7,4)([10]9,2,5)([11]4,10,2)([12]0,5,6)([13]2,0,5)([14]2,4,4)([15]13,0,4)([16]10,8,6)([17]12,10,2)([18]9,6,2)([19]11,0,3)([20]1,6,4)([21]12,11,7)([22]20,14,7)([23]21,20,5)([24]13,18,7)([25]16,6,3)([26]17,22,7)([27]20,14,5)([28]15,26,5)([29]5,19,7)([30]3,24,4)([31]30,23,4)([32]16,19,4)([33]19,3,2)([34]22,14,1)([35]31,6,4)([36]20,10,3)([37]4,33,7)([38]21,25,5)([39]26,14,6)([40]23,38,6)([41]38,4,4)([42]23,33,2)([43]35,12,6)([44]8,43,6)([45]38,28,7)([46]31,1,6)([47]18,10,4)([48]9,0,7)([49]17,13,4)([50]45,42,6)([51]29,12,7)([52]5,50,4)([53]41,44,2)([54]40,1,1)([55]49,11,2)([56]39,15,1)([57]6,45,3)([58]5,26,7)([59]15,55,6)([60]40,49,5)([61]47,26,7)([62]42,8,5)([63]11,56,6)([64]0,61,2)([65]7,53,4)([66]37,0,2)([67]40,42,2)([68]49,30,7)([69]29,26,5)([70]58,47,3)([71]7,51,3)([72]69,65,3)([73]31,50,3)([74]51,11,4)([75]48,70,2)([76]70,72,7)([77]33,54,7)([78]58,35,4)([79]73,76,2)([80]5,49,7)([81]55,7,5)([82]1,8,6)([83]4,5,2)([84]8,75,0)([85]0,66,1)([86]38,58,3)(79)
evaluations: 9059858
first invidual area: 140.10
{7,1,80,1,2,1,8}([7]3,0,3)([8]0,5,0)([9]7,5,4)([10]2,9,5)([11]10,4,5)([12]5,0,6)([13]0,2,5)([14]12,10,5)([15]6,13,6)([16]8,13,5)([17]16,12,5)([18]9,6,2)([19]4,0,3)([20]6,1,4)([21]11,12,4)([22]14,2,7)([23]18,13,4)([24]22,20,4)([25]21,1,6)([26]24,4,4)([27]26,21,0)([28]17,23,0)([29]21,20,5)([30]29,23,7)([31]30,3,4)([32]27,5,4)([33]29,19,2)([34]26,16,5)([35]24,4,0)([36]24,32,6)([37]36,6,3)([38]21,37,5)([39]18,10,7)([40]9,19,6)([41]11,12,6)([42]13,8,1)([43]31,18,1)([44]43,25,6)([45]38,34,7)([46]37,43,5)([47]19,1,0)([48]0,37,5)([49]42,1,0)([50]2,13,6)([51]23,33,2)([52]48,44,5)([53]23,25,1)([54]43,21,7)([55]27,30,0)([56]47,5,7)([57]15,38,1)([58]32,39,5)([59]6,22,0)([60]42,16,6)([61]56,55,5)([62]33,24,0)([63]57,42,5)([64]46,54,7)([65]2,44,3)([66]45,51,6)([67]61,9,1)([68]7,52,7)([69]6,45,0)([70]61,30,1)([71]66,31,3)([72]61,68,6)([73]20,22,1)([74]66,48,7)([75]62,58,4)([76]72,58,4)([77]53,47,7)([78]6,54,7)([79]23,27,4)([80]31,8,4)([81]76,71,2)([82]34,12,3)([83]24,20,7)([84]78,9,4)([85]80,16,7)([86]6,21,7)(81)
optimized area: 126.95
time: 1338675 ms
seed: 1635965711
NOT FOUND
time: 1080831 ms
seed: 1636001631
NOT FOUND
time: 1075086 ms
seed: 1636036144
NOT FOUND
time: 1067819 ms
seed: 1636070123
NOT FOUND
time: 1075567 ms
seed: 1636103251
NOT FOUND
time: 1073317 ms
seed: 1636135898
{7,1,80,1,2,1,8}([7]3,1,6)([8]0,2,3)([9]6,4,6)([10]2,9,4)([11]0,10,7)([12]9,9,5)([13]4,1,6)([14]3,8,5)([15]3,5,2)([16]11,13,4)([17]10,5,5)([18]5,13,4)([19]0,5,7)([20]13,19,6)([21]9,13,5)([22]14,16,7)([23]14,17,4)([24]16,6,3)([25]8,24,4)([26]23,4,7)([27]7,19,7)([28]8,10,7)([29]8,6,6)([30]26,16,6)([31]20,24,5)([32]10,22,7)([33]25,0,7)([34]12,27,7)([35]14,26,2)([36]30,6,7)([37]34,32,3)([38]33,9,3)([39]28,27,0)([40]36,37,2)([41]1,28,7)([42]36,22,6)([43]15,42,6)([44]3,31,7)([45]41,40,7)([46]35,5,4)([47]43,45,4)([48]11,24,0)([49]33,44,5)([50]31,19,4)([51]38,46,3)([52]47,51,3)([53]22,18,2)([54]10,15,6)([55]44,40,5)([56]40,18,5)([57]53,16,4)([58]33,12,3)([59]18,53,5)([60]52,55,5)([61]60,37,3)([62]14,30,2)([63]31,7,4)([64]60,59,4)([65]8,31,4)([66]33,29,0)([67]46,29,0)([68]66,16,4)([69]36,9,1)([70]47,18,2)([71]8,64,6)([72]62,52,4)([73]13,16,5)([74]63,1,1)([75]17,56,5)([76]32,25,2)([77]38,8,3)([78]12,61,2)([79]22,50,1)([80]62,11,5)([81]47,5,5)([82]14,52,6)([83]20,63,5)([84]59,79,1)([85]26,18,2)([86]35,4,3)(64)
evaluations: 40251859
first invidual area: 151.36
{7,1,80,1,2,1,8}([7]1,0,3)([8]0,2,3)([9]4,6,6)([10]9,2,4)([11]10,0,7)([12]4,7,2)([13]1,4,6)([14]8,3,5)([15]5,3,2)([16]11,13,4)([17]5,10,5)([18]5,13,4)([19]0,18,7)([20]13,19,6)([21]11,20,5)([22]16,14,7)([23]4,17,7)([24]16,6,3)([25]8,24,5)([26]14,23,4)([27]20,7,7)([28]10,24,7)([29]16,26,6)([30]7,1,5)([31]20,24,5)([32]10,22,2)([33]25,0,7)([34]27,9,4)([35]14,26,5)([36]29,6,7)([37]34,32,3)([38]33,9,3)([39]25,10,3)([40]36,37,2)([41]1,39,7)([42]36,22,6)([43]15,42,6)([44]3,31,7)([45]40,41,7)([46]35,5,2)([47]43,45,4)([48]47,40,5)([49]42,14,7)([50]13,48,4)([51]38,46,3)([52]47,51,3)([53]39,16,1)([54]47,30,6)([55]44,40,5)([56]2,48,3)([57]9,26,1)([58]53,35,5)([59]18,22,5)([60]52,55,5)([61]59,27,0)([62]15,55,6)([63]57,46,0)([64]56,32,5)([65]34,12,7)([66]51,16,6)([67]64,13,6)([68]63,15,5)([69]60,61,4)([70]7,20,2)([71]23,9,7)([72]57,5,6)([73]24,19,3)([74]63,40,7)([75]4,11,5)([76]50,43,0)([77]62,12,7)([78]55,49,6)([79]66,76,4)([80]21,57,0)([81]48,19,0)([82]58,49,4)([83]30,70,7)([84]63,65,6)([85]83,53,1)([86]52,54,2)(69)
optimized area: 136.81
time: 1159184 ms
seed: 1636168360
{7,1,80,1,2,1,8}([7]3,3,6)([8]4,6,4)([9]0,4,7)([10]0,1,7)([11]10,4,3)([12]8,2,7)([13]1,6,7)([14]2,12,5)([15]8,4,5)([16]12,7,2)([17]5,11,6)([18]11,12,2)([19]1,16,6)([20]5,0,7)([21]11,7,5)([22]5,19,6)([23]7,18,7)([24]22,5,6)([25]22,9,7)([26]22,10,1)([27]24,21,4)([28]22,13,7)([29]2,11,3)([30]19,3,7)([31]23,8,4)([32]3,29,0)([33]7,9,6)([34]24,10,2)([35]20,13,0)([36]27,29,6)([37]34,28,4)([38]27,14,2)([39]23,15,0)([40]38,29,4)([41]35,14,7)([42]25,23,4)([43]29,40,1)([44]38,30,3)([45]44,25,4)([46]44,6,0)([47]26,15,5)([48]39,36,7)([49]1,9,5)([50]21,15,2)([51]34,47,4)([52]51,25,4)([53]48,20,7)([54]34,5,6)([55]42,17,6)([56]10,55,7)([57]40,28,2)([58]45,23,4)([59]33,58,3)([60]45,52,5)([61]59,60,4)([62]46,5,6)([63]57,11,0)([64]18,60,4)([65]0,16,3)([66]13,4,7)([67]50,22,5)([68]18,25,2)([69]47,34,4)([70]26,69,5)([71]68,60,2)([72]12,57,6)([73]61,63,3)([74]27,9,1)([75]3,16,0)([76]30,54,1)([77]51,20,6)([78]71,62,6)([79]78,73,2)([80]26,70,1)([81]39,16,5)([82]64,67,7)([83]70,45,3)([84]64,2,7)([85]82,19,7)([86]77,51,7)(79)
evaluations: 31758804
first invidual area: 132.59
{7,1,80,1,2,1,8}([7]6,1,7)([8]4,6,4)([9]0,4,7)([10]0,1,7)([11]10,4,3)([12]8,2,7)([13]6,0,5)([14]3,0,1)([15]11,2,6)([16]14,12,2)([17]8,2,5)([18]11,12,2)([19]1,16,6)([20]11,6,0)([21]11,14,5)([22]5,19,6)([23]14,18,7)([24]22,5,6)([25]9,22,7)([26]22,25,1)([27]24,21,4)([28]22,7,7)([29]18,6,5)([30]10,9,7)([31]12,17,4)([32]8,0,5)([33]21,23,1)([34]10,24,2)([35]14,19,4)([36]16,30,6)([37]10,30,3)([38]17,27,2)([39]9,14,6)([40]26,37,4)([41]19,5,5)([42]12,27,7)([43]5,3,0)([44]38,35,3)([45]25,44,4)([46]35,8,5)([47]26,32,5)([48]28,10,0)([49]25,48,2)([50]15,38,7)([51]34,47,3)([52]12,50,4)([53]40,35,1)([54]13,24,3)([55]18,31,3)([56]54,52,2)([57]48,50,2)([58]45,23,4)([59]39,58,3)([60]45,51,5)([61]59,60,4)([62]44,43,6)([63]5,19,5)([64]0,26,1)([65]26,30,1)([66]34,37,5)([67]30,22,0)([68]58,8,0)([69]47,45,6)([70]8,46,0)([71]49,18,2)([72]21,33,1)([73]61,57,3)([74]29,6,2)([75]27,22,6)([76]0,69,5)([77]12,65,1)([78]71,62,6)([79]78,73,2)([80]73,14,4)([81]66,44,0)([82]58,48,0)([83]54,13,6)([84]66,80,4)([85]21,47,6)([86]9,26,1)(79)
optimized area: 124.61
time: 1208881 ms
seed: 1636198942
NOT FOUND
time: 1065864 ms
seed: 1636229021
NOT FOUND
time: 1089483 ms
