seed: 1634024916
NOT FOUND
time: 531052 ms
seed: 1634073731
{7,1,80,1,2,1,8}([7]1,3,7)([8]1,5,5)([9]7,0,7)([10]8,1,5)([11]10,6,1)([12]4,0,6)([13]2,9,6)([14]8,6,4)([15]4,13,4)([16]12,9,6)([17]0,10,3)([18]0,15,4)([19]10,3,3)([20]2,5,7)([21]20,10,4)([22]18,19,2)([23]7,14,7)([24]14,15,4)([25]22,21,7)([26]13,14,3)([27]13,5,5)([28]23,2,7)([29]25,15,7)([30]29,19,4)([31]2,8,2)([32]21,11,1)([33]24,29,5)([34]19,10,4)([35]23,31,7)([36]4,33,7)([37]3,14,5)([38]37,22,7)([39]1,38,7)([40]39,36,6)([41]38,23,2)([42]19,35,2)([43]29,42,7)([44]8,5,7)([45]23,44,5)([46]30,32,2)([47]13,43,3)([48]29,40,7)([49]21,26,2)([50]41,46,4)([51]47,50,3)([52]14,46,4)([53]2,0,2)([54]49,20,0)([55]48,18,1)([56]29,36,3)([57]56,45,4)([58]41,4,4)([59]57,33,2)([60]18,46,6)([61]18,43,2)([62]51,55,5)([63]41,29,3)([64]40,40,6)([65]50,11,5)([66]13,48,2)([67]27,9,1)([68]48,1,7)([69]57,43,6)([70]56,26,2)([71]67,69,7)([72]45,62,5)([73]63,56,6)([74]51,21,5)([75]59,16,2)([76]15,13,6)([77]37,54,2)([78]21,5,1)([79]63,52,0)([80]75,23,6)([81]16,27,2)([82]7,54,2)([83]26,61,2)([84]15,72,4)([85]62,75,7)([86]31,75,5)(85)
evaluations: 19598187
first invidual area: 152.30
{7,1,80,1,2,1,8}([7]3,1,7)([8]1,5,5)([9]7,0,7)([10]8,1,0)([11]0,4,6)([12]11,9,6)([13]2,9,6)([14]10,6,4)([15]4,13,4)([16]1,8,5)([17]8,15,7)([18]16,7,3)([19]15,0,4)([20]5,1,3)([21]20,2,7)([22]19,18,2)([23]7,14,7)([24]14,15,4)([25]15,21,4)([26]23,8,2)([27]16,13,3)([28]10,2,5)([29]22,25,7)([30]11,5,5)([31]19,17,4)([32]3,14,5)([33]24,29,5)([34]28,12,2)([35]23,28,4)([36]33,4,7)([37]3,4,7)([38]22,32,7)([39]1,38,7)([40]39,36,6)([41]38,23,2)([42]18,29,5)([43]35,42,4)([44]22,36,3)([45]5,26,5)([46]25,42,2)([47]13,41,3)([48]29,40,4)([49]2,30,3)([50]47,46,3)([51]43,50,3)([52]25,46,5)([53]45,34,0)([54]45,9,4)([55]51,39,4)([56]36,29,3)([57]56,45,4)([58]42,49,3)([59]57,12,2)([60]57,19,3)([61]10,42,4)([62]48,51,5)([63]16,38,5)([64]0,11,5)([65]19,61,1)([66]44,47,0)([67]12,0,6)([68]50,45,5)([69]38,49,2)([70]49,4,2)([71]24,45,7)([72]8,54,4)([73]2,49,7)([74]25,9,5)([75]59,33,5)([76]70,25,6)([77]8,69,7)([78]54,37,2)([79]39,45,6)([80]1,48,7)([81]8,7,0)([82]71,38,3)([83]64,61,5)([84]38,18,1)([85]62,75,4)([86]65,72,1)(85)
optimized area: 136.35
time: 721332 ms
seed: 1634235289
{7,1,80,1,2,1,8}([7]6,3,4)([8]5,0,4)([9]4,6,4)([10]2,8,5)([11]4,7,7)([12]0,10,5)([13]9,2,0)([14]9,1,7)([15]7,5,7)([16]12,15,7)([17]0,16,5)([18]14,4,2)([19]0,1,7)([20]13,19,5)([21]13,16,3)([22]5,17,2)([23]15,2,4)([24]20,2,5)([25]4,12,5)([26]19,3,4)([27]12,25,4)([28]10,11,4)([29]5,21,7)([30]23,15,4)([31]0,8,2)([32]28,10,5)([33]30,20,2)([34]22,1,3)([35]4,19,2)([36]27,23,4)([37]34,0,0)([38]18,24,4)([39]11,6,7)([40]39,36,5)([41]37,24,2)([42]26,29,3)([43]8,10,5)([44]42,28,2)([45]14,5,7)([46]25,41,7)([47]39,26,1)([48]42,40,6)([49]44,32,7)([50]43,12,5)([51]25,28,0)([52]51,31,7)([53]46,49,3)([54]40,22,6)([55]7,36,2)([56]35,52,6)([57]17,0,6)([58]40,16,4)([59]15,37,2)([60]48,45,5)([61]44,45,1)([62]23,33,5)([63]21,22,2)([64]11,35,0)([65]25,4,2)([66]2,33,4)([67]54,38,2)([68]54,51,7)([69]55,56,5)([70]48,40,6)([71]33,28,6)([72]24,70,6)([73]10,13,6)([74]45,68,0)([75]65,17,5)([76]4,40,2)([77]53,67,4)([78]77,69,4)([79]22,14,2)([80]60,63,3)([81]6,28,7)([82]61,3,4)([83]66,59,6)([84]7,18,4)([85]25,75,5)([86]47,3,4)(78)
evaluations: 19007456
first invidual area: 148.08
{7,1,80,1,2,1,8}([7]5,3,4)([8]5,0,4)([9]4,6,4)([10]2,8,5)([11]3,9,7)([12]10,0,5)([13]1,2,1)([14]1,11,4)([15]6,7,4)([16]12,15,4)([17]0,16,5)([18]14,4,5)([19]0,1,7)([20]9,19,5)([21]7,19,3)([22]17,5,2)([23]16,2,4)([24]2,20,5)([25]4,12,5)([26]3,19,4)([27]16,9,6)([28]11,10,4)([29]5,27,4)([30]22,21,4)([31]8,12,1)([32]28,10,5)([33]27,17,0)([34]1,22,3)([35]32,18,2)([36]25,23,7)([37]24,34,0)([38]18,24,7)([39]3,4,4)([40]4,7,6)([41]34,37,5)([42]26,29,3)([43]10,14,5)([44]42,28,5)([45]39,36,5)([46]41,25,4)([47]44,37,6)([48]4,6,0)([49]44,32,4)([50]30,16,4)([51]16,19,5)([52]45,22,6)([53]46,49,3)([54]25,17,5)([55]26,41,5)([56]41,39,7)([57]16,9,7)([58]19,44,7)([59]35,54,6)([60]18,4,2)([61]11,5,3)([62]29,20,6)([63]32,35,2)([64]45,63,6)([65]51,45,2)([66]38,52,5)([67]8,63,5)([68]15,17,0)([69]36,59,5)([70]38,47,6)([71]67,4,2)([72]71,47,4)([73]49,26,5)([74]69,38,4)([75]73,71,5)([76]56,1,1)([77]53,66,7)([78]77,69,4)([79]50,65,4)([80]3,38,6)([81]32,11,6)([82]35,14,6)([83]50,49,3)([84]68,54,0)([85]63,73,5)([86]82,46,5)(78)
optimized area: 134.01
time: 646669 ms
seed: 1634372802
NOT FOUND
time: 525218 ms
seed: 1634421814
{7,1,80,1,2,1,8}([7]6,4,5)([8]7,1,3)([9]5,8,4)([10]8,6,4)([11]0,10,7)([12]2,7,4)([13]12,11,4)([14]1,4,4)([15]14,13,4)([16]12,3,4)([17]15,7,5)([18]16,4,5)([19]6,13,2)([20]3,9,4)([21]16,9,2)([22]5,16,5)([23]21,17,6)([24]9,10,6)([25]4,24,6)([26]11,23,3)([27]22,19,7)([28]25,2,5)([29]18,0,0)([30]14,27,2)([31]29,20,4)([32]17,6,6)([33]31,21,3)([34]23,5,4)([35]28,24,3)([36]13,11,1)([37]2,30,2)([38]14,31,7)([39]34,9,2)([40]38,34,6)([41]13,23,0)([42]40,28,5)([43]17,2,3)([44]7,30,7)([45]33,24,0)([46]18,20,4)([47]13,24,4)([48]9,13,2)([49]45,26,7)([50]34,13,0)([51]16,14,5)([52]22,2,3)([53]34,43,7)([54]51,17,0)([55]32,53,5)([56]43,6,3)([57]37,20,2)([58]44,10,2)([59]1,22,1)([60]20,28,5)([61]45,0,7)([62]14,19,4)([63]22,4,4)([64]59,55,4)([65]55,57,4)([66]27,14,5)([67]5,4,4)([68]29,22,6)([69]65,49,7)([70]69,42,2)([71]7,55,4)([72]71,35,1)([73]17,42,4)([74]20,63,4)([75]3,12,4)([76]52,5,3)([77]26,23,0)([78]64,4,6)([79]38,77,4)([80]34,4,1)([81]73,77,1)([82]48,54,6)([83]32,71,0)([84]77,23,0)([85]78,58,2)([86]19,11,4)(70)
evaluations: 41018741
first invidual area: 127.92
{7,1,80,1,2,1,8}([7]4,6,5)([8]1,7,3)([9]8,5,4)([10]6,8,5)([11]10,0,7)([12]7,3,4)([13]2,11,4)([14]4,1,4)([15]14,13,7)([16]12,2,4)([17]15,7,5)([18]4,16,5)([19]6,11,5)([20]3,9,4)([21]16,9,2)([22]10,14,0)([23]21,17,6)([24]9,22,6)([25]4,24,6)([26]17,21,5)([27]19,3,7)([28]23,11,6)([29]25,2,5)([30]27,2,2)([31]18,20,4)([32]23,0,0)([33]31,21,6)([34]23,5,4)([35]0,24,7)([36]1,5,0)([37]30,20,2)([38]14,31,7)([39]38,27,3)([40]38,34,6)([41]15,5,3)([42]29,40,5)([43]25,11,7)([44]38,10,2)([45]12,14,4)([46]6,17,6)([47]7,39,7)([48]30,28,4)([49]1,44,1)([50]21,45,6)([51]37,27,1)([52]43,11,6)([53]34,2,7)([54]7,19,0)([55]46,53,5)([56]4,13,1)([57]37,14,5)([58]2,8,2)([59]9,52,5)([60]26,46,7)([61]28,54,7)([62]20,27,6)([63]7,16,7)([64]28,33,4)([65]55,57,5)([66]65,2,7)([67]31,38,6)([68]11,36,3)([69]65,64,7)([70]69,42,2)([71]68,60,5)([72]14,48,5)([73]71,36,4)([74]51,17,6)([75]69,50,2)([76]52,42,1)([77]16,16,7)([78]18,54,0)([79]27,63,2)([80]31,43,6)([81]68,42,3)([82]52,41,3)([83]6,36,6)([84]11,7,7)([85]28,66,5)([86]24,45,6)(70)
optimized area: 117.13
time: 555870 ms
seed: 1634630161
NOT FOUND
time: 531535 ms
seed: 1635157170
{7,1,80,1,2,1,8}([7]2,5,6)([8]3,6,6)([9]1,3,2)([10]0,5,7)([11]9,5,6)([12]8,2,4)([13]2,4,7)([14]6,11,7)([15]3,14,4)([16]3,3,5)([17]1,4,3)([18]0,15,4)([19]16,7,3)([20]2,17,2)([21]0,5,3)([22]5,16,4)([23]12,20,0)([24]21,3,6)([25]17,19,3)([26]2,21,7)([27]26,15,7)([28]10,11,7)([29]13,27,3)([30]24,17,2)([31]29,23,4)([32]1,18,7)([33]19,30,1)([34]24,12,2)([35]20,25,3)([36]23,9,4)([37]31,36,6)([38]32,20,2)([39]28,18,4)([40]38,37,4)([41]17,31,7)([42]34,30,6)([43]0,29,7)([44]43,20,4)([45]38,26,7)([46]20,33,5)([47]46,31,5)([48]4,39,6)([49]48,28,7)([50]11,44,3)([51]50,20,5)([52]1,33,0)([53]40,25,0)([54]35,12,4)([55]21,46,2)([56]7,42,7)([57]51,4,2)([58]40,56,6)([59]31,8,7)([60]50,28,0)([61]41,54,6)([62]48,55,1)([63]13,41,3)([64]30,49,6)([65]42,59,2)([66]11,27,1)([67]37,61,6)([68]41,21,2)([69]41,67,2)([70]48,16,0)([71]23,40,5)([72]7,70,7)([73]61,60,5)([74]10,43,0)([75]70,28,3)([76]57,33,0)([77]58,64,7)([78]49,46,1)([79]73,77,2)([80]35,76,4)([81]45,12,0)([82]49,45,7)([83]52,7,3)([84]44,71,4)([85]40,58,1)([86]60,78,0)(79)
evaluations: 34774227
first invidual area: 156.05
{7,1,80,1,2,1,8}([7]5,2,3)([8]3,6,6)([9]1,3,2)([10]5,0,4)([11]5,9,6)([12]2,8,4)([13]2,4,7)([14]3,11,4)([15]14,6,7)([16]10,13,7)([17]1,4,3)([18]0,15,4)([19]3,13,6)([20]2,17,2)([21]5,10,3)([22]13,17,2)([23]7,13,2)([24]21,3,6)([25]23,12,6)([26]15,4,7)([27]21,26,4)([28]10,11,4)([29]27,13,6)([30]24,17,2)([31]12,29,7)([32]1,18,7)([33]18,28,4)([34]24,2,2)([35]5,21,4)([36]29,9,7)([37]31,36,3)([38]32,20,5)([39]30,7,1)([40]38,37,4)([41]17,31,7)([42]34,30,3)([43]0,19,6)([44]4,43,7)([45]6,42,2)([46]12,13,0)([47]26,43,5)([48]4,33,6)([49]48,28,7)([50]11,44,3)([51]31,37,7)([52]41,20,0)([53]12,8,7)([54]41,25,6)([55]8,50,7)([56]7,42,7)([57]35,45,0)([58]40,56,3)([59]53,48,0)([60]41,58,7)([61]46,50,5)([62]29,21,4)([63]50,30,2)([64]24,49,6)([65]48,47,1)([66]27,19,6)([67]13,40,1)([68]39,67,5)([69]54,50,5)([70]68,25,1)([71]52,8,6)([72]24,46,5)([73]26,72,2)([74]20,45,0)([75]51,2,3)([76]28,58,7)([77]58,64,4)([78]42,38,4)([79]69,77,2)([80]73,36,7)([81]74,35,6)([82]61,8,7)([83]13,10,4)([84]78,1,2)([85]34,39,7)([86]52,38,4)(79)
optimized area: 146.67
time: 563310 ms
seed: 1635206273
NOT FOUND
time: 524037 ms
seed: 1635389571
{7,1,80,1,2,1,8}([7]1,1,3)([8]4,7,3)([9]5,1,7)([10]7,2,4)([11]6,4,4)([12]3,5,6)([13]2,12,7)([14]6,1,1)([15]13,0,4)([16]3,4,7)([17]7,11,5)([18]9,11,1)([19]17,16,4)([20]10,16,3)([21]18,1,7)([22]5,3,7)([23]18,14,2)([24]16,2,4)([25]23,16,4)([26]9,10,7)([27]17,15,5)([28]24,18,2)([29]19,28,5)([30]5,27,5)([31]3,14,5)([32]19,16,6)([33]25,22,4)([34]25,4,3)([35]29,31,7)([36]29,33,4)([37]30,36,2)([38]7,35,1)([39]6,25,4)([40]24,33,5)([41]8,25,0)([42]20,18,0)([43]28,26,2)([44]10,40,1)([45]10,41,1)([46]30,41,7)([47]10,46,2)([48]6,33,0)([49]33,27,5)([50]18,31,4)([51]11,43,6)([52]6,28,7)([53]30,39,7)([54]13,37,3)([55]53,22,5)([56]55,54,7)([57]54,26,3)([58]36,46,2)([59]47,47,1)([60]13,28,4)([61]56,15,2)([62]16,1,4)([63]47,40,6)([64]33,60,4)([65]63,61,4)([66]24,59,7)([67]40,3,5)([68]58,4,6)([69]23,10,7)([70]57,4,3)([71]22,43,2)([72]29,32,0)([73]8,70,6)([74]12,12,0)([75]68,71,1)([76]5,74,5)([77]10,23,6)([78]48,13,5)([79]50,68,2)([80]26,48,1)([81]62,11,1)([82]43,14,7)([83]43,79,6)([84]83,65,7)([85]6,44,6)([86]7,24,5)(84)
evaluations: 47659470
first invidual area: 142.45
{7,1,80,1,2,1,8}([7]3,5,0)([8]4,1,3)([9]5,1,7)([10]1,2,4)([11]6,4,4)([12]7,5,6)([13]2,12,7)([14]6,6,1)([15]13,0,4)([16]7,4,7)([17]1,11,5)([18]9,9,1)([19]17,16,4)([20]12,5,4)([21]11,14,1)([22]5,3,7)([23]18,14,2)([24]16,2,4)([25]23,16,4)([26]10,13,1)([27]17,15,5)([28]24,18,2)([29]19,28,5)([30]5,27,5)([31]7,14,5)([32]26,2,6)([33]25,22,4)([34]29,15,3)([35]10,4,0)([36]29,33,4)([37]30,36,2)([38]35,0,0)([39]6,25,4)([40]24,33,5)([41]30,34,7)([42]40,1,3)([43]28,26,2)([44]35,43,3)([45]27,2,2)([46]30,8,7)([47]38,46,2)([48]30,16,5)([49]37,10,0)([50]18,31,4)([51]47,10,0)([52]13,28,0)([53]30,39,2)([54]52,49,3)([55]53,22,5)([56]55,54,7)([57]52,14,2)([58]36,46,2)([59]9,23,1)([60]54,38,4)([61]56,15,2)([62]13,11,4)([63]47,40,3)([64]26,60,2)([65]63,61,4)([66]49,53,0)([67]16,61,5)([68]58,4,6)([69]26,44,5)([70]55,63,6)([71]69,39,3)([72]71,27,6)([73]29,50,2)([74]18,6,7)([75]36,44,5)([76]29,56,0)([77]42,12,7)([78]40,25,2)([79]50,68,2)([80]77,79,1)([81]48,60,0)([82]81,54,0)([83]43,79,3)([84]83,65,7)([85]64,8,3)([86]2,13,3)(84)
optimized area: 136.81
time: 988317 ms
seed: 1635636913
NOT FOUND
time: 1050379 ms
seed: 1635684641
NOT FOUND
time: 1059119 ms
seed: 1635732506
NOT FOUND
time: 1067883 ms
seed: 1635779749
NOT FOUND
time: 1060197 ms
seed: 1635826628
NOT FOUND
time: 1064893 ms
seed: 1635869813
{7,1,80,1,2,1,8}([7]4,6,3)([8]3,2,6)([9]3,5,2)([10]3,1,4)([11]8,0,7)([12]10,2,4)([13]1,12,2)([14]12,0,5)([15]11,5,4)([16]8,6,6)([17]0,7,2)([18]4,11,7)([19]2,9,0)([20]3,4,4)([21]12,13,4)([22]21,18,7)([23]14,4,3)([24]15,23,5)([25]22,19,4)([26]6,5,3)([27]11,1,4)([28]13,15,3)([29]12,20,3)([30]17,27,6)([31]4,5,3)([32]3,26,6)([33]2,32,5)([34]26,7,4)([35]14,9,6)([36]17,14,4)([37]23,4,3)([38]21,34,4)([39]33,8,0)([40]16,28,1)([41]3,36,7)([42]36,16,7)([43]37,20,2)([44]24,9,6)([45]24,11,6)([46]12,9,1)([47]43,42,3)([48]28,47,3)([49]2,32,7)([50]40,48,7)([51]44,20,2)([52]47,51,3)([53]44,38,5)([54]48,4,7)([55]53,50,7)([56]21,39,3)([57]42,52,4)([58]24,55,7)([59]15,55,4)([60]49,48,2)([61]53,5,5)([62]60,0,7)([63]57,5,6)([64]58,39,5)([65]62,25,5)([66]29,13,7)([67]19,8,7)([68]42,16,2)([69]10,46,4)([70]50,24,6)([71]45,29,1)([72]4,68,3)([73]63,12,1)([74]52,28,2)([75]63,74,7)([76]8,5,0)([77]66,48,2)([78]33,50,4)([79]1,35,3)([80]79,49,5)([81]64,70,1)([82]64,65,2)([83]78,59,6)([84]2,37,3)([85]58,37,7)([86]25,9,5)(82)
evaluations: 29038146
first invidual area: 136.82
{7,1,80,1,2,1,8}([7]4,6,3)([8]2,3,6)([9]0,4,0)([10]3,2,4)([11]0,8,7)([12]10,1,4)([13]1,12,2)([14]12,9,5)([15]5,11,4)([16]6,8,6)([17]12,13,5)([18]2,11,7)([19]3,9,2)([20]1,12,0)([21]13,12,4)([22]3,4,4)([23]14,4,3)([24]23,15,5)([25]22,7,0)([26]6,5,3)([27]4,26,3)([28]23,25,2)([29]9,12,6)([30]26,7,7)([31]21,30,7)([32]13,20,3)([33]3,26,3)([34]7,14,2)([35]4,18,4)([36]34,9,5)([37]9,18,2)([38]17,24,7)([39]9,29,6)([40]24,18,3)([41]9,24,0)([42]35,21,7)([43]15,6,0)([44]24,19,6)([45]13,15,3)([46]36,16,7)([47]28,46,3)([48]45,47,3)([49]2,33,5)([50]31,21,4)([51]0,11,0)([52]21,47,4)([53]44,31,5)([54]48,24,5)([55]34,11,0)([56]41,42,6)([57]53,54,5)([58]16,57,4)([59]49,2,5)([60]49,47,5)([61]19,42,5)([62]60,0,4)([63]12,3,5)([64]56,14,6)([65]62,42,5)([66]0,4,5)([67]0,3,3)([68]34,47,5)([69]59,58,5)([70]61,64,6)([71]54,7,7)([72]68,31,3)([73]65,69,2)([74]31,8,1)([75]30,1,6)([76]21,40,2)([77]36,64,4)([78]20,68,3)([79]43,75,1)([80]24,50,3)([81]14,75,3)([82]58,49,5)([83]64,82,5)([84]1,23,5)([85]20,78,1)([86]60,32,2)(73)
optimized area: 121.33
time: 1171080 ms
seed: 1635911793
{7,1,80,1,2,1,8}([7]6,3,4)([8]4,2,4)([9]5,0,7)([10]9,7,6)([11]10,6,4)([12]8,10,4)([13]2,11,2)([14]8,5,3)([15]0,6,5)([16]9,14,5)([17]4,9,6)([18]16,0,5)([19]8,10,6)([20]0,1,2)([21]11,20,5)([22]1,3,5)([23]17,20,3)([24]23,3,6)([25]1,18,4)([26]25,24,4)([27]20,4,4)([28]23,14,2)([29]24,2,4)([30]2,12,6)([31]9,21,6)([32]6,11,1)([33]32,25,7)([34]27,12,3)([35]34,4,6)([36]35,16,4)([37]11,36,5)([38]23,32,1)([39]28,34,4)([40]9,14,0)([41]29,37,2)([42]29,11,6)([43]1,15,4)([44]9,13,4)([45]39,8,1)([46]44,10,3)([47]43,45,3)([48]46,26,2)([49]13,31,4)([50]41,39,4)([51]6,41,6)([52]3,42,4)([53]47,48,2)([54]8,36,4)([55]42,43,4)([56]35,0,2)([57]3,54,4)([58]57,44,6)([59]37,9,0)([60]19,5,4)([61]7,2,3)([62]14,18,1)([63]13,50,0)([64]4,60,6)([65]30,6,5)([66]49,50,7)([67]10,4,7)([68]50,11,6)([69]12,38,4)([70]69,16,5)([71]11,0,4)([72]4,52,0)([73]33,57,2)([74]3,50,2)([75]18,3,7)([76]19,57,5)([77]73,67,5)([78]52,60,5)([79]1,16,2)([80]66,53,3)([81]15,66,7)([82]10,14,6)([83]28,35,7)([84]77,80,5)([85]20,47,1)([86]30,34,4)(84)
evaluations: 18882254
first invidual area: 151.81
{7,1,80,1,2,1,8}([7]3,6,4)([8]4,2,4)([9]5,0,7)([10]9,7,6)([11]6,10,4)([12]9,4,6)([13]2,11,2)([14]5,8,3)([15]10,8,4)([16]9,14,5)([17]12,12,0)([18]15,2,7)([19]0,16,5)([20]1,0,2)([21]10,19,5)([22]9,13,4)([23]12,20,3)([24]23,3,6)([25]1,19,4)([26]24,25,4)([27]20,3,1)([28]23,14,5)([29]2,24,4)([30]23,26,5)([31]7,13,3)([32]27,4,7)([33]11,0,5)([34]32,15,3)([35]4,34,3)([36]35,16,7)([37]11,36,5)([38]37,27,6)([39]28,34,4)([40]6,25,4)([41]29,37,5)([42]13,38,3)([43]25,33,7)([44]35,29,0)([45]43,39,3)([46]18,4,2)([47]45,1,0)([48]26,47,2)([49]38,48,5)([50]39,41,4)([51]22,10,3)([52]34,0,5)([53]51,48,2)([54]8,36,4)([55]33,23,4)([56]35,1,4)([57]3,54,4)([58]29,52,5)([59]53,32,6)([60]16,53,7)([61]12,21,6)([62]3,48,1)([63]22,46,0)([64]1,16,2)([65]44,62,0)([66]42,50,7)([67]61,26,7)([68]22,34,0)([69]24,11,1)([70]32,46,2)([71]23,20,6)([72]4,39,5)([73]48,29,5)([74]25,45,4)([75]40,57,2)([76]29,16,3)([77]75,18,5)([78]59,72,0)([79]77,34,3)([80]66,53,3)([81]64,56,3)([82]5,51,1)([83]50,48,4)([84]77,80,5)([85]66,80,5)([86]7,71,6)(84)
optimized area: 145.25
time: 1300427 ms
seed: 1635948055
{7,1,80,1,2,1,8}([7]2,6,2)([8]2,3,7)([9]5,6,7)([10]8,3,4)([11]8,5,7)([12]1,11,4)([13]12,1,5)([14]4,9,6)([15]13,5,5)([16]8,14,6)([17]4,12,7)([18]7,11,7)([19]11,9,6)([20]15,10,0)([21]14,18,3)([22]6,0,7)([23]10,13,2)([24]15,23,2)([25]15,19,7)([26]17,18,2)([27]21,6,5)([28]15,7,0)([29]0,14,4)([30]22,2,5)([31]10,25,4)([32]26,22,7)([33]30,7,1)([34]23,0,6)([35]25,30,3)([36]10,5,5)([37]20,26,5)([38]36,29,2)([39]27,12,1)([40]35,39,2)([41]26,29,3)([42]27,11,0)([43]21,38,2)([44]40,26,6)([45]21,32,5)([46]24,5,3)([47]19,38,0)([48]42,19,1)([49]19,12,4)([50]49,41,2)([51]23,28,6)([52]4,40,4)([53]34,39,3)([54]52,44,7)([55]33,1,7)([56]44,24,4)([57]46,53,3)([58]16,33,6)([59]17,35,2)([60]56,58,5)([61]31,4,0)([62]9,12,7)([63]45,50,6)([64]59,3,7)([65]51,21,3)([66]53,27,1)([67]25,63,4)([68]44,60,4)([69]22,16,7)([70]60,64,4)([71]9,68,5)([72]40,4,0)([73]59,9,1)([74]19,44,0)([75]26,32,2)([76]63,44,3)([77]33,51,2)([78]33,58,0)([79]67,70,6)([80]14,6,2)([81]71,32,3)([82]79,29,4)([83]12,42,1)([84]82,53,7)([85]55,77,0)([86]83,21,3)(84)
evaluations: 32916900
first invidual area: 142.90
{7,1,80,1,2,1,8}([7]2,6,5)([8]2,3,7)([9]5,6,7)([10]2,4,1)([11]5,8,7)([12]1,11,4)([13]1,12,5)([14]4,9,6)([15]5,13,5)([16]8,14,6)([17]4,12,7)([18]11,7,4)([19]11,9,6)([20]8,11,4)([21]18,14,3)([22]6,0,7)([23]10,13,2)([24]15,23,5)([25]19,15,7)([26]17,18,2)([27]6,21,2)([28]7,12,0)([29]0,14,7)([30]22,2,5)([31]20,23,4)([32]26,22,7)([33]7,4,7)([34]23,0,6)([35]25,30,3)([36]9,22,2)([37]27,25,0)([38]8,35,2)([39]21,36,4)([40]1,26,4)([41]33,15,2)([42]30,10,1)([43]5,12,1)([44]7,4,1)([45]21,32,5)([46]42,16,6)([47]15,18,3)([48]26,37,3)([49]12,19,4)([50]47,49,2)([51]24,48,4)([52]17,8,7)([53]30,6,3)([54]43,49,3)([55]33,26,5)([56]54,29,2)([57]5,42,0)([58]34,27,3)([59]17,35,5)([60]51,46,5)([61]10,4,4)([62]57,9,1)([63]45,50,3)([64]60,59,4)([65]63,5,6)([66]57,28,5)([67]25,63,7)([68]56,9,3)([69]12,65,2)([70]3,64,4)([71]21,45,2)([72]59,3,2)([73]45,67,5)([74]65,6,7)([75]69,1,0)([76]65,74,4)([77]70,34,7)([78]59,38,3)([79]67,70,3)([80]2,61,0)([81]58,39,3)([82]79,29,4)([83]81,31,2)([84]75,36,2)([85]60,60,4)([86]58,82,7)(86)
optimized area: 134.93
time: 1200278 ms
seed: 1635984241
{7,1,80,1,2,1,8}([7]1,4,7)([8]2,0,4)([9]8,3,6)([10]5,2,4)([11]4,1,2)([12]6,4,3)([13]7,10,6)([14]7,3,3)([15]9,6,6)([16]7,8,2)([17]3,13,7)([18]14,8,6)([19]4,6,2)([20]15,8,4)([21]20,14,5)([22]19,2,3)([23]12,18,6)([24]21,2,7)([25]8,16,0)([26]21,17,4)([27]24,22,5)([28]27,11,5)([29]5,18,6)([30]28,29,4)([31]17,30,7)([32]12,26,7)([33]18,19,3)([34]31,11,6)([35]24,23,3)([36]25,28,5)([37]36,5,7)([38]21,17,3)([39]12,29,6)([40]27,39,4)([41]16,32,7)([42]6,34,1)([43]23,26,7)([44]41,34,6)([45]44,22,7)([46]45,29,6)([47]19,26,4)([48]46,47,7)([49]16,47,4)([50]3,3,0)([51]8,42,7)([52]51,49,1)([53]31,16,6)([54]21,33,3)([55]52,15,3)([56]55,9,6)([57]16,34,5)([58]13,7,5)([59]57,50,3)([60]20,41,1)([61]37,23,3)([62]53,61,3)([63]20,10,3)([64]0,11,0)([65]50,58,5)([66]15,62,1)([67]13,42,2)([68]43,41,4)([69]55,58,7)([70]67,10,2)([71]68,48,2)([72]46,19,1)([73]15,31,5)([74]65,28,6)([75]15,74,2)([76]10,43,0)([77]46,70,0)([78]0,18,7)([79]41,52,7)([80]7,11,4)([81]56,26,1)([82]39,62,5)([83]48,62,2)([84]79,29,7)([85]41,66,1)([86]74,73,5)(83)
evaluations: 11661305
first invidual area: 122.29
{7,1,80,1,2,1,8}([7]4,1,7)([8]2,0,4)([9]3,8,6)([10]2,5,4)([11]7,1,2)([12]6,4,3)([13]10,7,3)([14]7,3,3)([15]9,6,3)([16]8,7,5)([17]3,13,4)([18]14,8,6)([19]4,6,2)([20]15,8,7)([21]14,20,5)([22]19,2,3)([23]12,16,4)([24]9,22,2)([25]21,2,7)([26]21,17,4)([27]22,25,5)([28]27,11,5)([29]18,5,6)([30]24,29,6)([31]23,19,0)([32]8,28,5)([33]31,19,3)([34]17,11,6)([35]28,29,5)([36]30,17,0)([37]32,5,7)([38]23,26,7)([39]35,17,7)([40]12,18,6)([41]21,0,1)([42]19,26,4)([43]19,39,2)([44]34,38,3)([45]22,44,4)([46]45,29,3)([47]36,10,5)([48]46,42,4)([49]40,37,3)([50]49,43,5)([51]12,15,4)([52]9,4,5)([53]52,9,7)([54]48,46,4)([55]39,23,6)([56]28,32,2)([57]55,49,3)([58]7,30,5)([59]35,40,1)([60]29,35,1)([61]15,35,5)([62]13,60,6)([63]29,46,1)([64]60,20,7)([65]51,47,7)([66]47,46,0)([67]1,37,0)([68]9,19,2)([69]39,12,4)([70]20,11,6)([71]21,61,6)([72]37,6,5)([73]1,39,5)([74]48,57,2)([75]60,27,0)([76]6,66,6)([77]46,22,0)([78]67,9,1)([79]56,78,1)([80]22,62,7)([81]79,77,0)([82]26,64,2)([83]35,73,7)([84]57,2,5)([85]75,84,5)([86]81,82,4)(74)
optimized area: 119.00
time: 1270909 ms
seed: 1636020088
NOT FOUND
time: 1070632 ms
seed: 1636054850
NOT FOUND
time: 1096586 ms
seed: 1636088723
{7,1,80,1,2,1,8}([7]4,3,4)([8]6,4,3)([9]3,7,2)([10]9,5,4)([11]10,5,5)([12]0,1,5)([13]12,10,3)([14]9,1,7)([15]10,0,4)([16]13,8,7)([17]9,2,4)([18]0,1,7)([19]8,1,4)([20]6,3,3)([21]10,14,5)([22]19,5,6)([23]17,21,5)([24]4,21,4)([25]15,23,2)([26]16,25,4)([27]7,8,7)([28]1,20,4)([29]24,23,6)([30]14,2,7)([31]12,28,0)([32]7,6,4)([33]17,32,3)([34]7,6,7)([35]30,20,0)([36]0,34,7)([37]35,19,2)([38]20,32,3)([39]17,1,4)([40]26,37,6)([41]28,38,4)([42]41,22,3)([43]35,26,1)([44]19,39,7)([45]36,27,0)([46]40,24,6)([47]7,26,3)([48]39,20,4)([49]35,6,7)([50]39,46,0)([51]36,5,5)([52]3,24,3)([53]23,50,5)([54]18,37,3)([55]44,0,7)([56]42,18,2)([57]24,32,5)([58]29,56,5)([59]46,1,4)([60]7,13,0)([61]28,11,0)([62]55,52,4)([63]49,10,5)([64]62,48,3)([65]64,59,6)([66]58,57,7)([67]36,50,6)([68]51,6,1)([69]30,66,0)([70]51,9,2)([71]67,12,6)([72]38,59,7)([73]8,68,5)([74]46,41,6)([75]56,35,2)([76]59,69,1)([77]49,12,5)([78]73,65,5)([79]66,11,4)([80]10,10,5)([81]48,33,6)([82]66,49,6)([83]82,40,7)([84]83,78,4)([85]45,24,7)([86]49,14,4)(84)
evaluations: 10639098
first invidual area: 178.08
{7,1,80,1,2,1,8}([7]3,4,4)([8]4,6,3)([9]3,7,2)([10]9,5,4)([11]0,9,5)([12]1,2,4)([13]10,11,3)([14]9,1,7)([15]7,6,4)([16]13,8,4)([17]12,0,7)([18]10,0,4)([19]8,1,4)([20]6,3,3)([21]10,14,5)([22]2,0,0)([23]17,21,5)([24]21,4,4)([25]18,23,5)([26]16,25,4)([27]11,20,3)([28]20,17,1)([29]26,14,1)([30]14,22,7)([31]11,26,0)([32]30,30,2)([33]30,19,2)([34]7,4,5)([35]34,16,4)([36]27,20,3)([37]17,27,7)([38]36,35,1)([39]27,21,3)([40]26,33,6)([41]20,30,4)([42]5,41,3)([43]42,0,0)([44]20,19,4)([45]6,32,7)([46]24,40,3)([47]15,20,7)([48]32,15,1)([49]46,1,7)([50]7,47,7)([51]19,47,2)([52]9,44,4)([53]34,15,5)([54]24,15,5)([55]44,34,4)([56]23,44,2)([57]37,49,6)([58]56,2,5)([59]0,11,0)([60]23,8,3)([61]60,19,5)([62]55,0,4)([63]62,41,3)([64]59,27,4)([65]19,41,1)([66]58,54,2)([67]47,32,1)([68]63,49,6)([69]32,23,0)([70]23,15,5)([71]24,29,2)([72]58,29,3)([73]53,5,5)([74]34,60,5)([75]62,65,4)([76]22,65,2)([77]47,18,6)([78]73,68,5)([79]31,21,3)([80]59,19,2)([81]64,0,5)([82]66,45,3)([83]82,40,4)([84]83,78,4)([85]32,19,2)([86]33,23,2)(84)
optimized area: 140.58
time: 1343046 ms
seed: 1636121863
{7,1,80,1,2,1,8}([7]6,4,3)([8]0,1,5)([9]7,2,2)([10]3,6,6)([11]5,3,0)([12]3,2,5)([13]8,3,7)([14]1,12,5)([15]0,9,7)([16]14,2,6)([17]8,14,4)([18]17,11,3)([19]10,18,4)([20]13,16,7)([21]14,5,3)([22]2,19,3)([23]12,13,4)([24]13,6,2)([25]16,1,4)([26]4,23,4)([27]17,12,3)([28]19,24,2)([29]16,17,3)([30]24,1,4)([31]28,21,7)([32]26,24,6)([33]18,13,1)([34]28,24,5)([35]0,31,2)([36]22,2,3)([37]6,29,2)([38]16,16,1)([39]22,32,2)([40]6,35,4)([41]37,15,7)([42]19,21,4)([43]41,10,7)([44]20,32,4)([45]10,39,2)([46]19,44,6)([47]38,19,6)([48]9,31,7)([49]16,14,1)([50]49,48,7)([51]18,43,1)([52]50,15,3)([53]43,38,2)([54]35,15,3)([55]47,26,4)([56]11,54,2)([57]56,51,2)([58]49,48,7)([59]46,56,6)([60]52,26,0)([61]41,59,4)([62]53,17,7)([63]27,43,3)([64]21,5,2)([65]55,47,4)([66]29,2,6)([67]11,40,5)([68]63,8,1)([69]46,60,5)([70]23,7,4)([71]14,45,5)([72]71,48,4)([73]15,52,2)([74]20,29,6)([75]17,7,0)([76]31,48,5)([77]32,58,4)([78]35,72,6)([79]61,44,7)([80]61,65,2)([81]52,31,4)([82]69,62,7)([83]78,7,2)([84]82,72,6)([85]84,80,3)([86]82,42,1)(85)
evaluations: 29926179
first invidual area: 159.76
{7,1,80,1,2,1,8}([7]4,6,3)([8]1,0,5)([9]2,7,2)([10]3,6,6)([11]8,0,3)([12]3,2,5)([13]3,8,7)([14]1,12,5)([15]9,0,7)([16]14,2,6)([17]8,14,4)([18]5,17,6)([19]10,18,7)([20]16,13,1)([21]5,14,3)([22]18,15,3)([23]4,13,7)([24]13,6,2)([25]13,20,4)([26]12,23,7)([27]9,0,3)([28]24,19,5)([29]17,16,3)([30]29,6,5)([31]21,28,4)([32]10,27,3)([33]31,21,4)([34]17,23,5)([35]14,33,3)([36]9,20,3)([37]18,32,1)([38]26,24,3)([39]27,4,2)([40]0,14,2)([41]30,15,4)([42]14,26,2)([43]41,10,7)([44]25,38,7)([45]10,14,2)([46]19,44,6)([47]28,2,1)([48]1,7,0)([49]3,5,6)([50]28,32,6)([51]18,42,6)([52]39,31,2)([53]43,20,5)([54]52,22,3)([55]4,24,1)([56]5,54,2)([57]27,23,2)([58]35,53,4)([59]46,56,6)([60]53,22,4)([61]41,59,4)([62]53,17,7)([63]9,31,4)([64]16,23,0)([65]16,26,1)([66]0,46,3)([67]5,66,4)([68]33,15,2)([69]46,54,5)([70]24,38,1)([71]39,45,5)([72]71,63,7)([73]72,60,0)([74]40,54,5)([75]73,48,0)([76]26,61,2)([77]14,15,0)([78]39,73,5)([79]36,2,0)([80]31,65,6)([81]39,6,5)([82]69,62,4)([83]11,18,4)([84]82,72,6)([85]84,76,3)([86]82,4,2)(85)
optimized area: 140.54
time: 1226314 ms
seed: 1636154420
{7,1,80,1,2,1,8}([7]5,3,5)([8]1,5,4)([9]3,0,7)([10]1,9,4)([11]2,7,4)([12]2,4,4)([13]5,6,7)([14]11,8,7)([15]12,3,2)([16]12,9,4)([17]4,14,5)([18]0,8,5)([19]14,10,4)([20]17,15,5)([21]4,0,2)([22]17,14,2)([23]12,17,1)([24]22,0,2)([25]20,24,4)([26]17,1,2)([27]19,19,7)([28]14,11,3)([29]0,11,7)([30]29,6,3)([31]19,10,5)([32]18,24,6)([33]16,17,6)([34]10,28,6)([35]23,14,6)([36]23,14,0)([37]25,34,3)([38]1,33,7)([39]37,38,5)([40]8,35,6)([41]39,23,7)([42]9,13,7)([43]16,26,1)([44]19,37,4)([45]38,23,6)([46]45,31,4)([47]20,1,6)([48]37,29,7)([49]30,16,5)([50]40,49,2)([51]19,4,3)([52]35,37,2)([53]2,28,4)([54]12,46,5)([55]32,41,7)([56]10,32,1)([57]7,50,2)([58]46,25,0)([59]36,23,4)([60]58,42,6)([61]52,16,1)([62]60,50,3)([63]44,42,5)([64]45,38,4)([65]52,53,1)([66]21,60,0)([67]62,55,2)([68]9,41,3)([69]27,23,2)([70]56,41,2)([71]26,69,4)([72]35,22,1)([73]20,10,6)([74]67,51,4)([75]73,34,6)([76]33,75,6)([77]17,25,7)([78]9,26,2)([79]47,76,4)([80]42,54,4)([81]78,75,1)([82]45,27,3)([83]56,17,0)([84]20,70,3)([85]63,67,7)([86]23,74,6)(85)
evaluations: 36203793
first invidual area: 138.22
{7,1,80,1,2,1,8}([7]3,5,5)([8]5,1,4)([9]0,3,7)([10]9,1,4)([11]8,7,7)([12]2,4,4)([13]6,8,7)([14]2,11,4)([15]12,3,5)([16]9,12,4)([17]4,14,5)([18]0,8,5)([19]14,10,4)([20]17,15,5)([21]6,14,3)([22]14,0,5)([23]12,1,1)([24]22,17,5)([25]24,20,7)([26]1,16,1)([27]18,9,0)([28]19,21,6)([29]21,0,4)([30]29,6,3)([31]10,19,5)([32]16,15,1)([33]16,17,6)([34]20,25,7)([35]23,14,6)([36]31,2,0)([37]25,28,3)([38]1,33,7)([39]38,25,5)([40]8,35,6)([41]39,23,4)([42]10,13,7)([43]18,25,0)([44]37,19,4)([45]38,23,3)([46]45,36,7)([47]7,34,2)([48]18,23,6)([49]16,30,5)([50]40,49,5)([51]4,4,0)([52]6,35,4)([53]15,49,0)([54]47,18,3)([55]44,42,5)([56]18,41,7)([57]31,55,7)([58]51,4,3)([59]43,1,5)([60]46,42,3)([61]38,59,0)([62]60,50,5)([63]43,37,2)([64]5,56,6)([65]21,61,5)([66]35,41,4)([67]62,56,5)([68]39,62,1)([69]35,9,4)([70]67,55,4)([71]67,28,3)([72]15,58,3)([73]52,0,3)([74]61,24,1)([75]56,72,3)([76]22,18,4)([77]53,44,0)([78]69,52,4)([79]42,30,3)([80]77,65,1)([81]0,50,1)([82]21,38,7)([83]20,66,3)([84]19,75,5)([85]38,17,2)([86]82,27,7)(70)
optimized area: 133.06
time: 1147490 ms
seed: 1636186946
NOT FOUND
time: 1073588 ms
seed: 1636217555
{7,1,80,1,2,1,8}([7]6,0,7)([8]3,1,6)([9]3,2,6)([10]7,6,6)([11]10,5,7)([12]2,7,5)([13]5,2,4)([14]8,11,6)([15]13,3,4)([16]4,8,4)([17]16,9,3)([18]2,17,1)([19]7,14,6)([20]3,0,3)([21]5,14,6)([22]5,8,5)([23]3,7,7)([24]16,11,4)([25]0,21,4)([26]25,18,5)([27]20,14,7)([28]12,17,4)([29]2,25,4)([30]5,23,4)([31]29,13,0)([32]30,26,4)([33]30,10,2)([34]2,11,6)([35]28,29,6)([36]10,3,2)([37]24,4,3)([38]25,16,4)([39]35,0,2)([40]13,39,3)([41]1,32,3)([42]26,6,3)([43]39,30,4)([44]33,43,6)([45]36,18,6)([46]35,1,2)([47]23,25,4)([48]29,19,0)([49]6,47,7)([50]27,12,3)([51]13,38,2)([52]36,11,4)([53]51,35,2)([54]51,24,4)([55]53,5,6)([56]26,54,2)([57]19,1,7)([58]30,42,4)([59]50,52,3)([60]25,42,6)([61]29,37,5)([62]21,51,4)([63]49,62,5)([64]51,58,5)([65]41,63,7)([66]37,63,7)([67]17,45,3)([68]51,14,1)([69]11,49,2)([70]44,59,7)([71]61,14,5)([72]14,53,5)([73]65,9,6)([74]62,14,7)([75]45,69,1)([76]63,13,4)([77]21,36,4)([78]23,39,4)([79]61,73,7)([80]17,32,1)([81]44,14,0)([82]16,57,4)([83]8,8,5)([84]82,70,6)([85]79,84,6)([86]77,36,1)(85)
evaluations: 20457628
first invidual area: 165.89
{7,1,80,1,2,1,8}([7]0,6,7)([8]3,1,6)([9]5,3,4)([10]7,6,6)([11]10,5,7)([12]2,2,1)([13]4,8,1)([14]11,8,6)([15]11,8,4)([16]4,8,7)([17]16,12,6)([18]6,17,4)([19]7,14,3)([20]10,17,3)([21]14,5,6)([22]20,16,5)([23]1,2,2)([24]3,22,4)([25]15,0,4)([26]18,13,1)([27]0,21,4)([28]16,0,4)([29]2,27,4)([30]9,7,7)([31]12,29,5)([32]30,31,4)([33]11,6,7)([34]20,29,6)([35]34,27,5)([36]12,3,3)([37]3,15,7)([38]31,5,7)([39]17,9,2)([40]17,16,6)([41]1,32,3)([42]34,0,5)([43]42,30,7)([44]39,43,3)([45]42,39,3)([46]1,19,7)([47]29,42,1)([48]26,44,4)([49]47,29,0)([50]38,33,4)([51]28,2,5)([52]46,16,4)([53]15,4,3)([54]46,46,7)([55]23,20,7)([56]29,11,5)([57]48,21,4)([58]37,33,4)([59]36,20,3)([60]49,23,5)([61]29,53,5)([62]51,3,2)([63]21,62,5)([64]15,44,3)([65]41,63,7)([66]50,12,7)([67]44,6,7)([68]48,52,7)([69]39,20,7)([70]44,59,5)([71]8,12,2)([72]69,36,5)([73]65,71,3)([74]69,8,1)([75]2,71,6)([76]25,17,1)([77]59,28,2)([78]63,30,3)([79]61,73,4)([80]24,52,3)([81]12,49,3)([82]4,52,1)([83]61,27,1)([84]52,70,6)([85]79,84,6)([86]7,35,1)(85)
optimized area: 127.43
time: 1261152 ms
seed: 1636247463
NOT FOUND
time: 1078926 ms
seed: 1636266679
NOT FOUND
time: 1065641 ms
seed: 1636283241
NOT FOUND
time: 1059089 ms
seed: 1636299665
NOT FOUND
time: 1080648 ms
seed: 1636316013
{7,1,80,1,2,1,8}([7]5,0,7)([8]4,1,6)([9]2,3,6)([10]5,6,7)([11]4,9,2)([12]5,11,2)([13]0,2,7)([14]6,1,3)([15]12,6,6)([16]1,15,5)([17]5,13,5)([18]9,10,3)([19]4,10,4)([20]7,15,6)([21]7,3,2)([22]21,6,7)([23]1,10,7)([24]6,7,7)([25]5,19,5)([26]8,17,5)([27]2,19,2)([28]20,26,7)([29]14,4,5)([30]10,18,7)([31]0,7,6)([32]29,2,4)([33]18,23,4)([34]17,24,4)([35]22,32,2)([36]16,32,6)([37]7,5,2)([38]37,28,2)([39]28,27,6)([40]36,13,2)([41]3,12,6)([42]34,23,6)([43]41,25,5)([44]3,40,7)([45]1,12,5)([46]39,9,4)([47]30,23,5)([48]47,33,2)([49]48,0,2)([50]32,47,6)([51]44,27,4)([52]38,51,6)([53]52,45,1)([54]53,42,6)([55]50,53,3)([56]15,55,6)([57]10,35,4)([58]11,20,4)([59]10,46,6)([60]52,38,0)([61]22,14,3)([62]41,11,1)([63]16,21,5)([64]8,32,7)([65]49,54,3)([66]56,11,4)([67]48,38,5)([68]57,12,2)([69]29,51,5)([70]35,66,6)([71]70,65,5)([72]61,54,6)([73]42,42,0)([74]6,12,7)([75]28,10,7)([76]51,56,4)([77]10,3,3)([78]59,67,6)([79]7,65,7)([80]47,8,2)([81]64,0,3)([82]42,39,4)([83]41,6,5)([84]46,71,7)([85]73,35,5)([86]84,17,3)(84)
evaluations: 19703911
first invidual area: 153.19
{7,1,80,1,2,1,8}([7]5,0,7)([8]7,3,2)([9]3,2,6)([10]6,5,7)([11]4,9,2)([12]11,5,2)([13]0,2,7)([14]0,4,6)([15]6,12,6)([16]6,1,3)([17]5,13,5)([18]4,16,5)([19]4,10,4)([20]7,15,6)([21]19,12,6)([22]4,1,6)([23]10,1,7)([24]1,9,0)([25]13,24,5)([26]17,22,5)([27]2,19,2)([28]20,26,7)([29]23,21,1)([30]27,28,6)([31]30,20,4)([32]2,18,4)([33]8,6,6)([34]5,6,0)([35]32,33,2)([36]25,32,6)([37]0,13,0)([38]17,36,5)([39]32,22,2)([40]23,3,0)([41]27,4,3)([42]23,10,6)([43]31,32,0)([44]3,38,4)([45]19,28,0)([46]41,27,7)([47]39,40,2)([48]25,29,2)([49]48,37,2)([50]32,48,6)([51]44,27,4)([52]47,51,3)([53]30,9,7)([54]52,42,6)([55]50,51,3)([56]45,19,1)([57]17,31,6)([58]32,39,6)([59]54,49,3)([60]5,26,6)([61]33,38,2)([62]15,55,6)([63]52,20,5)([64]61,27,6)([65]24,59,6)([66]62,11,3)([67]64,53,1)([68]54,9,7)([69]66,4,0)([70]35,66,6)([71]70,59,5)([72]53,26,6)([73]28,7,1)([74]72,68,3)([75]27,26,0)([76]53,71,4)([77]62,27,0)([78]12,74,3)([79]70,47,1)([80]62,39,7)([81]78,22,7)([82]11,1,4)([83]6,23,6)([84]39,57,4)([85]36,62,5)([86]63,20,2)(76)
optimized area: 125.05
time: 1250531 ms
seed: 1636332338
NOT FOUND
time: 1074477 ms
