seed: 1634022134
{7,1,80,1,2,1,8}([7]3,4,7)([8]3,3,3)([9]6,1,7)([10]5,0,7)([11]0,4,7)([12]11,2,6)([13]8,9,4)([14]13,10,7)([15]4,10,7)([16]13,15,5)([17]6,9,7)([18]8,16,5)([19]10,0,5)([20]4,10,6)([21]14,7,2)([22]6,6,5)([23]17,20,7)([24]0,16,3)([25]0,13,5)([26]4,19,3)([27]6,10,4)([28]22,1,5)([29]2,10,5)([30]22,25,5)([31]24,27,7)([32]16,8,7)([33]20,20,5)([34]9,24,4)([35]31,21,3)([36]10,24,1)([37]5,31,3)([38]34,30,5)([39]3,34,3)([40]12,35,7)([41]38,2,4)([42]22,2,0)([43]19,34,4)([44]37,23,2)([45]25,43,1)([46]44,41,6)([47]29,7,0)([48]8,33,4)([49]27,12,3)([50]40,48,6)([51]50,18,6)([52]51,46,4)([53]39,35,5)([54]41,37,1)([55]2,12,4)([56]41,12,1)([57]15,39,5)([58]31,31,2)([59]49,1,4)([60]49,34,6)([61]9,44,1)([62]18,37,1)([63]53,26,7)([64]12,9,6)([65]31,40,5)([66]51,40,3)([67]52,9,1)([68]12,60,6)([69]53,67,5)([70]49,64,6)([71]6,53,3)([72]46,34,1)([73]26,59,1)([74]63,59,3)([75]9,28,4)([76]65,10,0)([77]67,74,5)([78]71,15,0)([79]18,0,3)([80]66,5,6)([81]24,52,0)([82]66,70,3)([83]60,31,1)([84]59,55,1)([85]19,63,6)([86]82,5,0)(77)
evaluations: 3455473
first invidual area: 137.28
{7,1,80,1,2,1,8}([7]4,0,7)([8]0,0,3)([9]6,1,7)([10]5,0,7)([11]10,4,7)([12]2,7,6)([13]6,1,5)([14]5,10,5)([15]9,3,4)([16]11,15,5)([17]3,14,3)([18]11,9,4)([19]4,14,1)([20]4,10,6)([21]10,16,5)([22]21,18,2)([23]20,1,7)([24]0,16,3)([25]6,12,1)([26]13,16,0)([27]10,25,7)([28]11,14,6)([29]16,3,5)([30]8,3,5)([31]24,27,7)([32]30,25,5)([33]24,27,5)([34]23,32,0)([35]31,22,3)([36]23,19,0)([37]7,22,4)([38]24,9,4)([39]4,22,5)([40]32,28,5)([41]23,10,2)([42]38,13,0)([43]12,35,7)([44]32,42,5)([45]5,31,3)([46]3,42,3)([47]3,41,2)([48]45,23,2)([49]22,0,3)([50]43,20,6)([51]50,29,6)([52]6,15,5)([53]12,27,6)([54]1,53,4)([55]46,35,5)([56]33,28,3)([57]41,4,0)([58]13,7,1)([59]13,5,4)([60]44,22,2)([61]44,2,4)([62]33,38,3)([63]55,28,7)([64]51,61,1)([65]29,42,6)([66]13,40,5)([67]53,18,5)([68]24,4,7)([69]3,2,0)([70]58,13,4)([71]3,51,5)([72]10,47,4)([73]57,10,4)([74]63,54,5)([75]61,48,3)([76]75,51,4)([77]76,74,5)([78]17,36,0)([79]0,60,0)([80]14,30,3)([81]31,19,6)([82]28,80,4)([83]40,3,5)([84]41,21,1)([85]51,12,5)([86]81,27,7)(77)
optimized area: 120.87
time: 686721 ms
seed: 1634070977
{7,1,80,1,2,1,8}([7]5,1,0)([8]0,7,4)([9]1,8,7)([10]3,4,6)([11]1,5,5)([12]6,1,2)([13]4,0,5)([14]5,10,5)([15]12,5,1)([16]13,1,3)([17]14,15,4)([18]6,2,7)([19]18,15,7)([20]16,9,5)([21]20,17,4)([22]6,4,5)([23]8,2,4)([24]19,11,2)([25]19,21,3)([26]13,3,7)([27]15,26,7)([28]18,17,7)([29]18,9,2)([30]7,14,7)([31]29,12,7)([32]23,24,7)([33]22,21,5)([34]8,18,5)([35]32,26,1)([36]21,23,1)([37]19,8,3)([38]33,34,4)([39]7,27,7)([40]16,39,7)([41]19,40,5)([42]4,5,4)([43]11,4,2)([44]25,2,6)([45]27,16,1)([46]22,38,0)([47]19,13,2)([48]9,20,3)([49]4,46,7)([50]33,45,2)([51]38,40,5)([52]3,25,7)([53]42,52,6)([54]43,24,7)([55]22,20,2)([56]54,53,6)([57]43,50,0)([58]8,26,1)([59]55,34,5)([60]52,51,4)([61]35,59,7)([62]13,5,3)([63]26,39,2)([64]35,59,7)([65]32,26,0)([66]22,32,7)([67]53,49,3)([68]55,50,1)([69]7,67,6)([70]69,61,2)([71]45,6,7)([72]67,53,5)([73]24,50,1)([74]56,66,5)([75]7,32,1)([76]69,67,2)([77]11,65,5)([78]74,60,5)([79]45,72,4)([80]70,78,4)([81]3,39,0)([82]42,54,5)([83]79,62,5)([84]59,83,4)([85]62,28,0)([86]85,76,5)(80)
evaluations: 27032096
first invidual area: 149.94
{7,1,80,1,2,1,8}([7]1,6,2)([8]5,0,4)([9]8,1,7)([10]3,4,6)([11]5,1,5)([12]4,5,4)([13]4,0,5)([14]10,12,5)([15]3,13,4)([16]13,1,3)([17]7,14,4)([18]6,2,7)([19]18,7,4)([20]9,16,5)([21]20,17,7)([22]4,6,5)([23]8,10,4)([24]11,19,2)([25]21,19,3)([26]5,16,0)([27]21,6,1)([28]4,24,7)([29]11,3,6)([30]22,12,2)([31]2,8,7)([32]24,31,4)([33]22,21,5)([34]8,18,5)([35]16,15,4)([36]35,26,4)([37]9,17,7)([38]33,34,4)([39]2,28,1)([40]7,36,7)([41]16,24,1)([42]7,31,5)([43]1,39,4)([44]34,32,5)([45]2,37,4)([46]27,7,0)([47]38,40,5)([48]2,25,2)([49]17,7,3)([50]32,31,2)([51]29,28,2)([52]3,25,7)([53]12,52,6)([54]45,45,0)([55]22,20,2)([56]28,53,6)([57]52,47,4)([58]0,38,5)([59]55,34,5)([60]59,55,0)([61]32,59,4)([62]29,0,3)([63]0,41,5)([64]19,24,5)([65]9,0,0)([66]55,39,0)([67]26,30,3)([68]53,26,0)([69]68,67,6)([70]69,61,5)([71]4,12,7)([72]22,32,7)([73]60,39,6)([74]56,72,5)([75]36,74,1)([76]49,39,1)([77]56,21,5)([78]74,57,5)([79]14,6,6)([80]70,78,7)([81]34,56,6)([82]55,4,1)([83]52,33,2)([84]57,46,4)([85]52,56,1)([86]62,59,0)(80)
optimized area: 141.98
time: 614790 ms
seed: 1634232476
{7,1,80,1,2,1,8}([7]4,2,3)([8]2,1,7)([9]1,0,6)([10]6,5,5)([11]5,8,7)([12]10,7,0)([13]3,9,4)([14]7,3,7)([15]0,11,7)([16]6,8,7)([17]8,14,4)([18]10,13,3)([19]8,4,4)([20]16,10,2)([21]11,2,2)([22]0,19,5)([23]9,11,5)([24]18,1,7)([25]18,18,2)([26]3,5,5)([27]23,0,4)([28]20,27,3)([29]26,17,2)([30]27,7,3)([31]16,14,3)([32]15,16,4)([33]2,21,0)([34]15,4,1)([35]24,30,4)([36]35,16,3)([37]31,21,3)([38]30,32,4)([39]29,13,4)([40]37,39,2)([41]31,38,2)([42]36,28,6)([43]21,37,7)([44]28,32,0)([45]4,18,7)([46]14,40,4)([47]21,42,0)([48]23,36,6)([49]17,45,7)([50]22,44,3)([51]41,24,4)([52]51,42,3)([53]50,17,3)([54]46,28,5)([55]31,17,7)([56]36,9,6)([57]38,48,4)([58]53,52,5)([59]13,2,4)([60]49,54,3)([61]28,55,2)([62]56,50,0)([63]23,28,0)([64]61,50,0)([65]11,49,0)([66]10,16,2)([67]23,33,3)([68]43,55,2)([69]50,3,4)([70]36,21,0)([71]5,46,1)([72]16,49,3)([73]2,62,3)([74]20,45,2)([75]35,60,3)([76]63,24,5)([77]71,53,1)([78]35,35,2)([79]28,5,6)([80]6,73,5)([81]50,52,2)([82]0,51,0)([83]33,63,4)([84]0,28,4)([85]79,13,7)([86]60,58,4)(86)
evaluations: 6016473
first invidual area: 142.45
{7,1,80,1,2,1,8}([7]2,4,3)([8]1,2,7)([9]0,1,6)([10]6,5,5)([11]5,8,2)([12]9,11,2)([13]10,2,0)([14]3,7,7)([15]3,5,5)([16]6,8,7)([17]8,14,4)([18]7,9,7)([19]4,8,4)([20]15,9,7)([21]13,16,2)([22]13,19,7)([23]20,13,3)([24]1,23,7)([25]0,19,5)([26]2,20,2)([27]0,12,6)([28]15,17,5)([29]24,7,4)([30]5,1,5)([31]14,16,3)([32]5,6,4)([33]11,31,3)([34]27,18,6)([35]13,32,6)([36]27,16,3)([37]3,31,4)([38]34,32,4)([39]1,11,5)([40]22,33,5)([41]31,38,5)([42]29,36,6)([43]11,25,4)([44]34,33,2)([45]9,18,5)([46]18,28,7)([47]12,13,0)([48]14,40,4)([49]24,41,7)([50]41,12,7)([51]36,11,2)([52]49,42,3)([53]37,25,5)([54]17,25,3)([55]54,21,3)([56]21,27,3)([57]49,31,5)([58]48,22,1)([59]56,46,5)([60]56,35,5)([61]45,50,1)([62]51,22,1)([63]55,52,5)([64]63,47,0)([65]29,36,2)([66]57,17,6)([67]23,13,4)([68]50,20,1)([69]37,41,1)([70]49,8,3)([71]37,0,0)([72]26,21,2)([73]36,9,4)([74]5,5,0)([75]48,59,6)([76]8,22,0)([77]43,57,2)([78]22,39,5)([79]34,65,6)([80]29,31,4)([81]43,69,0)([82]20,12,6)([83]55,21,3)([84]47,16,7)([85]19,39,0)([86]75,63,7)(86)
optimized area: 129.78
time: 658696 ms
seed: 1634370032
NOT FOUND
time: 539080 ms
seed: 1634419009
NOT FOUND
time: 530883 ms
seed: 1634627382
NOT FOUND
time: 531066 ms
seed: 1635154397
NOT FOUND
time: 530338 ms
seed: 1635203494
NOT FOUND
time: 518733 ms
seed: 1635381062
{7,1,80,1,2,1,8}([7]0,6,4)([8]1,7,6)([9]3,6,6)([10]0,2,3)([11]4,1,4)([12]4,2,6)([13]7,8,1)([14]13,5,4)([15]14,9,2)([16]3,12,4)([17]11,16,2)([18]4,9,6)([19]6,7,3)([20]5,17,4)([21]20,10,5)([22]8,18,3)([23]2,8,5)([24]4,0,4)([25]15,23,7)([26]19,24,7)([27]26,16,6)([28]14,27,3)([29]8,7,5)([30]25,21,7)([31]17,18,6)([32]26,11,3)([33]9,2,7)([34]15,18,3)([35]8,0,1)([36]1,28,7)([37]23,24,4)([38]30,36,7)([39]37,31,6)([40]37,33,4)([41]38,10,1)([42]0,19,2)([43]32,36,6)([44]16,5,1)([45]3,25,6)([46]11,3,6)([47]25,39,7)([48]22,36,7)([49]37,3,3)([50]47,38,0)([51]32,39,2)([52]5,29,1)([53]21,30,2)([54]45,43,6)([55]48,41,2)([56]1,51,0)([57]1,41,2)([58]54,51,4)([59]30,54,1)([60]27,49,4)([61]52,39,1)([62]30,49,1)([63]2,55,4)([64]36,14,1)([65]63,46,7)([66]48,17,0)([67]57,44,3)([68]65,58,3)([69]64,51,4)([70]9,59,5)([71]34,65,4)([72]49,34,5)([73]9,49,2)([74]56,11,7)([75]69,68,4)([76]8,17,3)([77]65,47,1)([78]44,33,5)([79]69,58,0)([80]10,4,3)([81]38,26,5)([82]54,65,1)([83]45,61,1)([84]71,63,4)([85]57,15,7)([86]49,54,6)(75)
evaluations: 32550120
first invidual area: 141.50
{7,1,80,1,2,1,8}([7]0,6,4)([8]1,7,6)([9]3,6,6)([10]7,6,5)([11]1,4,4)([12]2,4,6)([13]2,0,3)([14]7,5,7)([15]14,9,5)([16]3,12,4)([17]16,11,2)([18]9,4,6)([19]17,12,7)([20]5,17,4)([21]13,20,5)([22]8,18,3)([23]2,8,5)([24]4,0,4)([25]3,18,0)([26]4,10,4)([27]26,16,6)([28]12,19,5)([29]11,26,0)([30]2,1,6)([31]24,23,4)([32]26,29,3)([33]25,11,5)([34]27,14,6)([35]18,17,6)([36]34,1,4)([37]25,35,7)([38]21,22,4)([39]31,35,6)([40]6,11,1)([41]22,36,7)([42]15,23,4)([43]32,36,6)([44]23,38,4)([45]3,42,6)([46]29,3,3)([47]9,1,3)([48]40,15,2)([49]10,41,1)([50]26,20,3)([51]24,21,0)([52]27,36,0)([53]10,7,5)([54]45,43,3)([55]44,41,5)([56]32,19,2)([57]20,36,6)([58]54,39,7)([59]36,24,6)([60]40,44,3)([61]31,24,7)([62]3,8,7)([63]2,55,7)([64]4,17,4)([65]63,46,7)([66]63,7,4)([67]23,19,3)([68]65,58,6)([69]36,54,4)([70]22,51,7)([71]50,55,5)([72]34,51,1)([73]44,19,2)([74]68,69,4)([75]45,0,5)([76]47,61,1)([77]57,46,5)([78]22,51,1)([79]65,36,0)([80]57,79,0)([81]57,79,7)([82]81,79,5)([83]60,15,5)([84]48,53,4)([85]34,35,5)([86]6,55,7)(74)
optimized area: 133.55
time: 1099047 ms
seed: 1635634221
NOT FOUND
time: 1083241 ms
seed: 1635681965
{7,1,80,1,2,1,8}([7]4,3,4)([8]0,1,6)([9]6,1,7)([10]8,5,7)([11]4,2,6)([12]6,5,5)([13]4,11,7)([14]9,7,7)([15]9,14,2)([16]10,4,6)([17]1,4,5)([18]7,2,7)([19]18,3,6)([20]2,1,5)([21]18,12,4)([22]10,10,0)([23]19,6,2)([24]23,18,6)([25]18,20,4)([26]19,10,4)([27]14,5,2)([28]25,13,4)([29]16,20,7)([30]28,21,5)([31]16,0,7)([32]27,30,7)([33]0,11,3)([34]10,32,4)([35]33,5,7)([36]3,3,4)([37]34,24,3)([38]6,19,7)([39]34,36,3)([40]4,31,0)([41]12,31,7)([42]15,29,7)([43]42,36,2)([44]41,26,6)([45]9,32,6)([46]24,45,5)([47]33,23,7)([48]37,44,3)([49]33,15,0)([50]25,13,1)([51]42,7,5)([52]34,13,5)([53]37,7,1)([54]53,25,5)([55]43,28,0)([56]7,10,5)([57]9,11,7)([58]48,35,4)([59]42,35,6)([60]26,57,6)([61]50,14,4)([62]57,56,5)([63]1,50,0)([64]49,10,7)([65]47,6,6)([66]28,46,7)([67]36,58,7)([68]29,24,0)([69]59,66,2)([70]39,26,6)([71]6,57,2)([72]52,1,0)([73]26,23,3)([74]8,69,6)([75]43,71,6)([76]49,9,7)([77]43,75,7)([78]12,74,0)([79]2,14,0)([80]69,67,3)([81]33,66,1)([82]57,80,7)([83]54,20,0)([84]49,62,4)([85]81,80,3)([86]52,38,7)(82)
evaluations: 44779717
first invidual area: 152.79
{7,1,80,1,2,1,8}([7]3,4,4)([8]1,0,6)([9]1,6,7)([10]5,8,7)([11]4,2,6)([12]6,5,5)([13]4,11,6)([14]9,7,7)([15]1,5,4)([16]10,4,6)([17]1,6,7)([18]7,2,7)([19]18,3,6)([20]2,1,5)([21]18,12,4)([22]0,11,6)([23]19,6,2)([24]23,18,6)([25]18,20,7)([26]10,23,4)([27]5,14,5)([28]25,13,7)([29]16,20,7)([30]28,21,5)([31]16,0,7)([32]27,30,4)([33]14,7,5)([34]10,32,4)([35]22,5,4)([36]12,9,3)([37]34,24,3)([38]34,4,4)([39]37,11,0)([40]17,26,5)([41]12,31,7)([42]33,29,4)([43]26,7,3)([44]41,26,6)([45]6,5,6)([46]24,45,2)([47]45,14,1)([48]37,44,6)([49]18,3,3)([50]25,49,7)([51]15,48,6)([52]47,8,4)([53]32,29,3)([54]18,41,0)([55]51,32,1)([56]48,43,5)([57]9,11,7)([58]48,35,4)([59]42,35,6)([60]37,37,7)([61]27,13,7)([62]37,45,1)([63]40,19,6)([64]61,58,5)([65]63,39,1)([66]28,46,3)([67]59,34,0)([68]54,33,2)([69]67,66,2)([70]15,62,0)([71]28,43,4)([72]28,31,4)([73]15,16,3)([74]50,59,6)([75]69,67,0)([76]39,4,2)([77]30,33,0)([78]66,28,3)([79]47,61,4)([80]75,58,3)([81]28,58,2)([82]57,80,7)([83]36,25,6)([84]64,37,5)([85]64,0,6)([86]35,82,4)(82)
optimized area: 138.24
time: 1100137 ms
seed: 1635729773
NOT FOUND
time: 1070890 ms
seed: 1635776989
{7,1,80,1,2,1,8}([7]0,1,2)([8]2,3,7)([9]8,6,4)([10]1,0,4)([11]10,8,4)([12]2,9,3)([13]4,11,2)([14]1,2,7)([15]14,3,3)([16]6,14,4)([17]9,1,5)([18]16,3,3)([19]12,5,7)([20]13,18,7)([21]4,2,1)([22]18,2,2)([23]20,11,5)([24]14,22,3)([25]7,7,6)([26]7,7,1)([27]21,17,6)([28]26,13,2)([29]23,2,4)([30]19,20,1)([31]29,24,5)([32]26,16,5)([33]4,19,6)([34]5,11,7)([35]12,13,0)([36]31,10,4)([37]28,33,3)([38]4,37,4)([39]6,9,3)([40]18,34,1)([41]26,9,3)([42]10,6,6)([43]6,25,5)([44]8,17,6)([45]10,15,3)([46]41,20,1)([47]4,19,2)([48]32,33,5)([49]7,34,7)([50]49,36,6)([51]27,0,0)([52]29,28,0)([53]32,15,1)([54]32,0,1)([55]50,8,7)([56]15,23,7)([57]33,29,1)([58]20,11,1)([59]47,42,2)([60]29,38,2)([61]55,51,2)([62]48,43,5)([63]62,59,7)([64]42,60,4)([65]33,2,0)([66]17,52,7)([67]27,4,1)([68]19,23,0)([69]55,46,4)([70]27,22,3)([71]64,4,6)([72]63,23,4)([73]45,64,2)([74]58,42,1)([75]17,34,3)([76]46,41,0)([77]63,73,6)([78]12,65,1)([79]41,63,1)([80]77,26,0)([81]6,17,4)([82]14,6,3)([83]27,75,1)([84]55,67,5)([85]24,30,5)([86]55,77,4)(86)
evaluations: 6796325
first invidual area: 136.81
{7,1,80,1,2,1,8}([7]6,3,7)([8]3,2,7)([9]0,7,4)([10]0,1,4)([11]10,8,4)([12]1,7,1)([13]0,1,5)([14]2,1,7)([15]2,7,6)([16]14,3,0)([17]14,5,3)([18]13,11,2)([19]15,5,4)([20]11,3,6)([21]13,16,5)([22]3,9,3)([23]4,22,7)([24]23,11,5)([25]6,13,5)([26]0,4,4)([27]20,20,1)([28]18,4,2)([29]2,24,4)([30]28,16,3)([31]30,29,5)([32]18,5,4)([33]19,19,5)([34]18,14,5)([35]4,19,6)([36]29,13,4)([37]35,28,6)([38]35,12,4)([39]14,3,3)([40]31,10,4)([41]21,19,4)([42]6,10,6)([43]19,4,2)([44]1,41,7)([45]7,22,3)([46]32,11,1)([47]21,23,5)([48]21,35,5)([49]5,5,5)([50]40,32,6)([51]42,43,2)([52]10,10,3)([53]4,34,4)([54]42,19,4)([55]15,43,3)([56]23,26,6)([57]4,37,7)([58]44,11,7)([59]9,22,6)([60]57,29,5)([61]22,59,6)([62]48,25,5)([63]59,60,6)([64]4,16,5)([65]37,55,2)([66]39,52,3)([67]63,50,3)([68]13,1,2)([69]28,49,7)([70]42,60,7)([71]52,46,6)([72]50,29,5)([73]66,70,2)([74]51,62,6)([75]72,46,6)([76]33,35,6)([77]74,73,6)([78]77,50,4)([79]14,9,1)([80]8,78,7)([81]21,30,6)([82]49,34,0)([83]14,18,7)([84]27,33,7)([85]26,5,4)([86]2,3,7)(80)
optimized area: 122.75
time: 1284255 ms
seed: 1635823975
NOT FOUND
time: 1060132 ms
seed: 1635867102
{7,1,80,1,2,1,8}([7]3,2,7)([8]7,1,7)([9]3,6,2)([10]9,4,4)([11]6,4,2)([12]6,1,6)([13]6,10,3)([14]0,13,7)([15]0,3,3)([16]7,4,5)([17]10,16,5)([18]1,14,6)([19]0,13,5)([20]16,18,5)([21]20,9,4)([22]9,19,7)([23]22,5,4)([24]7,12,4)([25]17,4,4)([26]8,17,7)([27]21,26,6)([28]23,0,3)([29]23,20,4)([30]22,23,5)([31]2,25,4)([32]23,31,2)([33]7,2,1)([34]11,28,7)([35]21,8,7)([36]28,0,0)([37]17,28,5)([38]34,28,3)([39]30,15,7)([40]32,8,6)([41]31,40,6)([42]8,4,5)([43]38,37,5)([44]4,28,7)([45]5,6,7)([46]32,19,5)([47]24,46,4)([48]46,11,0)([49]20,6,4)([50]43,13,0)([51]17,37,3)([52]29,15,7)([53]39,41,4)([54]47,29,3)([55]13,5,4)([56]53,47,5)([57]4,52,5)([58]47,36,0)([59]12,53,6)([60]43,26,4)([61]40,45,3)([62]8,4,7)([63]30,3,2)([64]14,63,1)([65]13,51,7)([66]61,50,7)([67]30,25,1)([68]20,30,5)([69]60,15,1)([70]2,8,1)([71]70,32,6)([72]66,59,2)([73]8,50,3)([74]44,4,5)([75]58,32,2)([76]48,9,5)([77]54,1,4)([78]8,27,3)([79]72,75,3)([80]61,0,3)([81]59,0,0)([82]28,74,7)([83]67,75,7)([84]77,79,7)([85]42,49,6)([86]36,23,1)(84)
evaluations: 39012340
first invidual area: 139.16
{7,1,80,1,2,1,8}([7]3,2,7)([8]7,1,7)([9]6,3,2)([10]9,4,4)([11]5,1,0)([12]6,1,6)([13]10,6,3)([14]0,13,7)([15]4,1,4)([16]7,4,5)([17]16,10,5)([18]7,12,5)([19]14,1,6)([20]3,0,3)([21]13,14,5)([22]9,21,7)([23]22,11,4)([24]7,12,7)([25]2,4,4)([26]4,6,5)([27]16,19,5)([28]0,5,3)([29]27,23,4)([30]22,23,5)([31]17,25,4)([32]23,31,2)([33]32,30,0)([34]8,27,1)([35]5,20,3)([36]8,8,2)([37]28,17,5)([38]26,28,3)([39]30,20,5)([40]33,36,6)([41]31,40,6)([42]35,8,1)([43]38,37,5)([44]4,26,0)([45]12,0,1)([46]33,16,5)([47]24,46,7)([48]47,42,4)([49]38,4,4)([50]3,3,6)([51]30,31,5)([52]17,51,3)([53]39,41,7)([54]47,29,6)([55]43,13,4)([56]10,7,5)([57]1,54,4)([58]46,40,3)([59]12,53,6)([60]6,5,7)([61]60,40,6)([62]6,60,4)([63]5,23,0)([64]42,30,0)([65]32,61,6)([66]61,43,4)([67]50,60,6)([68]9,56,3)([69]3,35,0)([70]62,59,0)([71]28,65,0)([72]66,59,2)([73]31,1,6)([74]13,28,7)([75]47,33,2)([76]23,41,7)([77]31,73,7)([78]51,18,3)([79]72,75,6)([80]2,48,2)([81]48,42,6)([82]73,18,3)([83]20,65,2)([84]57,79,7)([85]49,58,4)([86]43,33,7)(84)
optimized area: 131.18
time: 1159392 ms
seed: 1635909101
NOT FOUND
time: 1060524 ms
seed: 1635945336
NOT FOUND
time: 1085201 ms
seed: 1635981544
{7,1,80,1,2,1,8}([7]6,3,5)([8]5,7,4)([9]6,3,7)([10]9,0,2)([11]2,3,7)([12]4,6,3)([13]0,12,2)([14]1,11,4)([15]14,6,7)([16]7,2,4)([17]11,0,0)([18]16,0,4)([19]12,18,7)([20]13,8,7)([21]1,20,7)([22]4,17,5)([23]18,4,7)([24]14,0,1)([25]9,23,4)([26]19,23,2)([27]16,3,4)([28]22,16,4)([29]20,27,3)([30]8,19,5)([31]19,2,5)([32]20,21,6)([33]20,12,3)([34]2,26,7)([35]12,10,5)([36]11,27,2)([37]26,32,2)([38]12,7,1)([39]9,19,4)([40]30,21,2)([41]25,26,4)([42]11,6,6)([43]39,32,5)([44]10,28,3)([45]16,17,3)([46]0,18,7)([47]25,8,7)([48]35,0,0)([49]40,5,2)([50]49,23,2)([51]35,47,3)([52]29,8,4)([53]17,24,4)([54]25,28,4)([55]15,47,5)([56]50,39,3)([57]45,40,2)([58]45,52,5)([59]43,44,7)([60]6,52,5)([61]34,6,0)([62]51,59,5)([63]33,16,0)([64]35,53,3)([65]7,4,1)([66]26,2,1)([67]34,56,3)([68]66,46,1)([69]60,22,7)([70]38,39,0)([71]49,62,3)([72]52,25,7)([73]67,64,3)([74]0,41,6)([75]10,47,2)([76]71,37,6)([77]14,27,5)([78]58,53,1)([79]76,55,2)([80]14,70,7)([81]79,57,3)([82]14,34,7)([83]81,50,6)([84]67,27,7)([85]75,70,0)([86]66,7,1)(83)
evaluations: 11220916
first invidual area: 130.25
{7,1,80,1,2,1,8}([7]6,3,5)([8]5,7,4)([9]3,6,7)([10]4,4,6)([11]3,2,7)([12]4,6,3)([13]4,11,5)([14]4,7,6)([15]12,0,5)([16]2,7,4)([17]8,12,0)([18]0,16,4)([19]18,12,7)([20]17,15,4)([21]20,1,7)([22]11,6,7)([23]4,18,7)([24]17,19,0)([25]20,11,3)([26]13,16,4)([27]4,6,2)([28]23,9,4)([29]8,28,7)([30]19,24,5)([31]14,15,2)([32]0,9,2)([33]31,12,2)([34]32,26,6)([35]22,32,2)([36]19,16,5)([37]23,28,3)([38]30,7,4)([39]6,1,5)([40]30,21,2)([41]16,7,3)([42]1,22,4)([43]11,16,3)([44]32,27,4)([45]24,39,6)([46]25,35,6)([47]20,21,6)([48]37,47,2)([49]40,5,2)([50]49,23,2)([51]32,12,5)([52]43,40,2)([53]39,34,5)([54]39,49,0)([55]29,42,5)([56]41,30,6)([57]49,45,4)([58]28,44,2)([59]56,18,0)([60]45,19,6)([61]14,46,5)([62]10,11,2)([63]8,33,2)([64]29,51,3)([65]13,57,7)([66]28,32,3)([67]44,30,6)([68]64,53,5)([69]44,68,0)([70]17,30,2)([71]49,68,3)([72]40,68,0)([73]24,31,2)([74]11,52,3)([75]67,20,0)([76]71,48,6)([77]12,36,3)([78]34,47,5)([79]76,55,2)([80]54,17,1)([81]50,79,3)([82]67,55,4)([83]81,52,6)([84]10,23,3)([85]46,3,3)([86]64,6,3)(83)
optimized area: 122.27
time: 1316193 ms
seed: 1636017392
NOT FOUND
time: 1084141 ms
seed: 1636052147
{7,1,80,1,2,1,8}([7]3,6,2)([8]4,6,6)([9]7,3,6)([10]5,8,5)([11]10,10,6)([12]1,3,6)([13]11,3,2)([14]11,6,4)([15]2,7,4)([16]8,0,4)([17]2,14,7)([18]7,5,4)([19]8,4,7)([20]16,18,6)([21]9,10,3)([22]4,17,3)([23]6,12,4)([24]4,11,3)([25]3,6,7)([26]2,19,4)([27]11,1,7)([28]13,20,3)([29]27,26,3)([30]24,17,4)([31]29,9,2)([32]28,22,7)([33]10,32,7)([34]9,14,2)([35]18,0,7)([36]28,17,5)([37]1,28,6)([38]12,17,0)([39]7,28,1)([40]32,30,4)([41]36,35,5)([42]31,33,7)([43]34,27,6)([44]5,5,1)([45]9,17,7)([46]42,41,2)([47]41,29,5)([48]29,43,5)([49]12,43,6)([50]7,20,0)([51]18,14,3)([52]20,26,4)([53]36,17,2)([54]49,48,1)([55]31,37,0)([56]15,0,2)([57]40,56,5)([58]46,37,7)([59]40,52,1)([60]22,44,4)([61]5,55,2)([62]53,52,3)([63]21,9,3)([64]11,36,1)([65]62,50,5)([66]22,41,6)([67]42,44,0)([68]62,64,3)([69]54,62,3)([70]60,6,4)([71]25,47,2)([72]57,48,6)([73]33,38,6)([74]14,30,6)([75]69,58,2)([76]45,19,5)([77]57,70,6)([78]9,35,2)([79]40,17,6)([80]1,42,2)([81]61,22,2)([82]69,75,3)([83]37,78,0)([84]75,77,3)([85]28,13,1)([86]45,15,5)(84)
evaluations: 12518862
first invidual area: 150.86
{7,1,80,1,2,1,8}([7]6,6,2)([8]4,7,6)([9]6,3,5)([10]5,8,5)([11]1,10,4)([12]1,3,6)([13]12,10,6)([14]3,3,1)([15]13,7,6)([16]8,0,4)([17]2,15,4)([18]9,5,7)([19]8,4,6)([20]18,16,6)([21]17,10,1)([22]4,17,3)([23]15,3,6)([24]3,13,2)([25]4,18,4)([26]19,2,4)([27]11,23,6)([28]24,20,3)([29]12,26,3)([30]26,20,4)([31]29,14,5)([32]31,28,7)([33]28,1,3)([34]10,32,5)([35]18,0,7)([36]35,22,5)([37]17,28,5)([38]37,4,0)([39]36,26,4)([40]35,21,3)([41]38,35,5)([42]22,34,7)([43]3,40,5)([44]40,41,1)([45]2,9,4)([46]42,41,5)([47]44,45,0)([48]36,44,2)([49]20,14,2)([50]40,25,2)([51]0,40,2)([52]42,5,7)([53]50,20,6)([54]39,17,1)([55]44,9,0)([56]16,49,3)([57]16,50,5)([58]33,46,7)([59]10,52,5)([60]16,17,2)([61]59,21,1)([62]52,53,6)([63]40,18,5)([64]33,30,0)([65]27,12,3)([66]18,20,1)([67]20,16,1)([68]30,44,3)([69]68,65,3)([70]39,42,0)([71]63,45,0)([72]31,2,0)([73]20,35,2)([74]3,45,7)([75]69,58,2)([76]15,66,0)([77]57,45,6)([78]77,75,3)([79]39,19,1)([80]78,70,4)([81]32,9,7)([82]57,64,1)([83]53,60,4)([84]12,52,7)([85]64,83,2)([86]26,67,5)(78)
optimized area: 124.58
time: 1327803 ms
seed: 1636085968
{7,1,80,1,2,1,8}([7]5,0,4)([8]1,4,4)([9]5,4,4)([10]3,0,7)([11]10,8,5)([12]7,10,2)([13]6,9,1)([14]3,13,6)([15]7,13,5)([16]10,6,7)([17]2,4,7)([18]16,17,7)([19]11,17,6)([20]2,14,7)([21]9,3,7)([22]20,9,5)([23]11,21,6)([24]1,15,7)([25]12,9,6)([26]11,14,5)([27]7,9,4)([28]8,0,5)([29]27,21,2)([30]28,18,2)([31]30,23,7)([32]19,24,3)([33]22,7,7)([34]29,31,4)([35]28,2,4)([36]22,18,0)([37]29,14,0)([38]8,25,5)([39]32,1,6)([40]13,10,5)([41]6,37,6)([42]16,30,3)([43]11,6,1)([44]5,21,2)([45]34,6,5)([46]33,32,2)([47]42,26,2)([48]46,47,5)([49]15,5,3)([50]31,24,7)([51]28,20,2)([52]7,0,3)([53]9,25,4)([54]8,6,4)([55]34,48,7)([56]41,20,1)([57]49,29,3)([58]15,8,6)([59]19,35,3)([60]29,23,6)([61]30,21,7)([62]59,25,3)([63]57,55,2)([64]30,21,5)([65]51,54,1)([66]36,1,2)([67]17,26,2)([68]37,51,6)([69]41,62,2)([70]5,32,0)([71]34,56,4)([72]11,59,5)([73]53,16,2)([74]18,13,5)([75]1,7,0)([76]14,19,5)([77]64,43,7)([78]29,61,1)([79]61,21,4)([80]30,15,1)([81]69,63,3)([82]41,75,1)([83]54,50,0)([84]81,24,7)([85]57,80,1)([86]38,7,0)(84)
evaluations: 13352699
first invidual area: 136.81
{7,1,80,1,2,1,8}([7]0,5,4)([8]4,1,4)([9]4,5,4)([10]3,0,7)([11]8,10,5)([12]0,7,2)([13]6,1,1)([14]3,13,6)([15]13,7,5)([16]10,13,4)([17]2,4,7)([18]17,16,7)([19]17,11,6)([20]2,14,4)([21]3,9,7)([22]12,10,1)([23]21,11,3)([24]15,1,7)([25]12,9,6)([26]11,14,5)([27]4,0,4)([28]0,8,5)([29]27,21,2)([30]18,28,5)([31]9,6,2)([32]2,25,7)([33]23,28,2)([34]2,28,4)([35]20,9,5)([36]30,29,4)([37]24,19,3)([38]20,12,6)([39]16,18,3)([40]36,23,4)([41]27,35,7)([42]4,6,7)([43]34,19,3)([44]26,13,7)([45]15,22,0)([46]41,39,2)([47]46,26,2)([48]37,47,5)([49]33,6,1)([50]49,35,2)([51]9,43,1)([52]1,4,1)([53]28,44,3)([54]4,33,3)([55]45,29,3)([56]40,48,7)([57]55,5,6)([58]48,53,0)([59]24,17,4)([60]57,21,1)([61]3,34,3)([62]43,25,3)([63]41,62,4)([64]17,60,6)([65]6,29,6)([66]28,21,7)([67]29,6,2)([68]44,64,1)([69]55,32,5)([70]53,43,1)([71]39,44,6)([72]38,14,7)([73]6,50,3)([74]18,46,1)([75]18,19,0)([76]15,6,3)([77]1,26,1)([78]65,62,2)([79]30,8,4)([80]8,6,3)([81]56,57,6)([82]15,44,4)([83]78,81,6)([84]83,24,4)([85]74,75,5)([86]79,54,7)(84)
optimized area: 136.34
time: 1249774 ms
seed: 1636119096
{7,1,80,1,2,1,8}([7]2,3,7)([8]0,5,3)([9]6,3,0)([10]4,5,3)([11]4,6,7)([12]10,9,1)([13]0,4,3)([14]5,6,7)([15]10,7,2)([16]15,3,2)([17]4,16,4)([18]7,8,5)([19]0,17,3)([20]1,19,3)([21]18,16,3)([22]11,18,4)([23]8,5,0)([24]22,10,5)([25]4,0,4)([26]4,23,5)([27]7,10,4)([28]21,20,7)([29]22,25,5)([30]28,26,2)([31]30,19,7)([32]13,18,6)([33]1,31,7)([34]30,26,1)([35]29,0,4)([36]33,35,3)([37]31,3,4)([38]17,24,5)([39]36,8,6)([40]1,8,2)([41]38,33,7)([42]11,32,5)([43]14,25,6)([44]37,23,5)([45]40,34,2)([46]22,5,6)([47]27,36,4)([48]43,44,6)([49]34,38,5)([50]34,45,4)([51]16,48,7)([52]22,50,3)([53]2,7,7)([54]41,32,3)([55]46,54,3)([56]5,20,7)([57]26,4,5)([58]47,51,4)([59]24,28,6)([60]55,14,5)([61]39,54,0)([62]39,58,5)([63]0,13,6)([64]59,60,4)([65]5,25,7)([66]35,17,5)([67]2,1,6)([68]62,20,4)([69]51,0,0)([70]58,67,0)([71]49,60,7)([72]29,57,1)([73]41,11,3)([74]44,18,5)([75]64,70,5)([76]8,48,2)([77]72,48,4)([78]35,62,5)([79]17,6,1)([80]18,54,7)([81]28,75,7)([82]61,24,4)([83]60,5,1)([84]22,71,2)([85]28,17,6)([86]77,46,2)(81)
evaluations: 7347592
first invidual area: 139.16
{7,1,80,1,2,1,8}([7]3,2,7)([8]5,0,3)([9]4,5,3)([10]7,4,0)([11]8,10,5)([12]6,11,7)([13]9,3,2)([14]5,6,7)([15]8,4,5)([16]13,7,2)([17]16,4,4)([18]9,2,5)([19]0,17,3)([20]0,2,0)([21]16,11,3)([22]4,12,4)([23]15,21,5)([24]1,14,6)([25]20,4,4)([26]24,10,0)([27]24,20,0)([28]22,25,5)([29]1,19,3)([30]13,16,1)([31]19,23,4)([32]0,28,4)([33]31,1,7)([34]7,30,5)([35]15,23,6)([36]33,32,3)([37]31,3,4)([38]17,6,5)([39]36,34,4)([40]38,33,7)([41]31,16,0)([42]38,36,6)([43]25,14,6)([44]37,8,5)([45]33,20,0)([46]11,0,6)([47]4,8,5)([48]44,43,6)([49]29,21,4)([50]6,22,6)([51]39,9,4)([52]46,50,3)([53]34,32,4)([54]12,17,5)([55]52,40,3)([56]13,10,6)([57]35,40,2)([58]51,48,4)([59]58,7,5)([60]55,14,2)([61]51,34,1)([62]48,17,0)([63]18,41,1)([64]60,42,6)([65]52,63,2)([66]64,58,5)([67]40,58,0)([68]66,34,5)([69]15,43,4)([70]60,34,5)([71]6,67,4)([72]57,22,1)([73]15,27,6)([74]42,10,4)([75]40,37,7)([76]57,41,1)([77]63,11,1)([78]51,67,0)([79]9,1,0)([80]65,46,7)([81]49,66,4)([82]22,48,4)([83]79,62,2)([84]78,56,7)([85]71,20,4)([86]51,3,4)(81)
optimized area: 131.18
time: 1364855 ms
seed: 1636151716
NOT FOUND
time: 1063631 ms
seed: 1636184118
NOT FOUND
time: 1056120 ms
seed: 1636214835
{7,1,80,1,2,1,8}([7]5,1,4)([8]4,5,4)([9]8,7,5)([10]1,0,4)([11]2,9,2)([12]7,6,4)([13]8,10,7)([14]1,6,4)([15]2,2,6)([16]3,15,7)([17]0,2,2)([18]10,11,4)([19]18,16,5)([20]17,4,6)([21]6,14,2)([22]20,19,4)([23]4,20,5)([24]22,0,2)([25]22,15,2)([26]21,9,5)([27]16,21,2)([28]12,24,7)([29]10,25,4)([30]29,12,6)([31]15,7,6)([32]24,16,5)([33]2,3,4)([34]20,29,5)([35]29,14,7)([36]7,20,7)([37]27,10,0)([38]9,29,2)([39]29,9,6)([40]21,8,1)([41]16,36,5)([42]9,39,0)([43]13,25,3)([44]41,28,5)([45]1,12,0)([46]42,30,5)([47]22,42,6)([48]38,14,0)([49]44,14,3)([50]8,11,2)([51]11,16,5)([52]7,15,4)([53]9,35,4)([54]48,1,2)([55]39,44,3)([56]14,49,7)([57]12,28,4)([58]43,3,4)([59]56,46,2)([60]41,59,7)([61]50,1,4)([62]6,3,5)([63]62,58,5)([64]43,13,6)([65]53,19,5)([66]59,55,1)([67]55,37,4)([68]60,63,3)([69]31,16,7)([70]63,55,0)([71]39,56,0)([72]45,27,3)([73]56,57,7)([74]20,35,2)([75]6,57,1)([76]4,19,2)([77]67,68,2)([78]60,6,2)([79]7,28,7)([80]60,77,7)([81]28,34,1)([82]1,6,6)([83]55,4,5)([84]56,47,0)([85]16,20,2)([86]5,25,4)(77)
evaluations: 9720666
first invidual area: 125.57
{7,1,80,1,2,1,8}([7]1,5,4)([8]5,4,4)([9]8,7,5)([10]0,1,4)([11]2,9,5)([12]8,11,0)([13]2,0,2)([14]6,1,4)([15]10,11,7)([16]2,3,4)([17]16,15,5)([18]16,14,2)([19]2,6,1)([20]4,13,6)([21]16,14,3)([22]20,17,4)([23]17,1,4)([24]10,12,7)([25]22,19,2)([26]0,22,5)([27]14,26,4)([28]22,13,6)([29]25,10,4)([30]25,24,6)([31]29,19,1)([32]5,31,5)([33]5,12,4)([34]21,29,5)([35]5,27,4)([36]35,32,0)([37]7,20,7)([38]15,11,7)([39]29,9,6)([40]16,16,7)([41]37,16,5)([42]7,36,2)([43]6,18,5)([44]35,41,5)([45]22,25,3)([46]31,35,4)([47]14,35,3)([48]3,41,6)([49]21,8,3)([50]30,3,7)([51]20,43,7)([52]18,25,4)([53]44,25,0)([54]30,37,6)([55]31,48,1)([56]44,32,4)([57]21,32,5)([58]35,45,7)([59]47,32,5)([60]59,41,4)([61]30,6,5)([62]19,47,0)([63]61,50,5)([64]39,44,3)([65]54,25,7)([66]18,50,6)([67]64,43,7)([68]60,63,3)([69]44,33,0)([70]43,66,0)([71]56,64,6)([72]2,48,1)([73]67,68,2)([74]70,56,5)([75]30,1,2)([76]66,46,3)([77]27,64,7)([78]1,47,4)([79]46,14,2)([80]70,43,4)([81]30,45,3)([82]50,46,6)([83]39,3,4)([84]25,31,5)([85]82,71,6)([86]63,5,4)(73)
optimized area: 117.12
time: 1317221 ms
seed: 1636244763
{7,1,80,1,2,1,8}([7]6,2,5)([8]5,1,7)([9]3,6,5)([10]0,9,5)([11]6,2,4)([12]0,5,7)([13]11,4,5)([14]13,3,5)([15]2,11,7)([16]4,13,0)([17]1,15,6)([18]16,2,7)([19]10,16,6)([20]19,2,0)([21]15,0,6)([22]15,19,4)([23]22,12,2)([24]7,12,3)([25]8,19,0)([26]18,9,0)([27]17,2,4)([28]0,7,7)([29]20,10,3)([30]14,26,3)([31]1,23,2)([32]6,0,2)([33]25,14,7)([34]2,24,5)([35]24,29,2)([36]8,32,7)([37]12,17,3)([38]23,18,0)([39]35,33,5)([40]30,23,6)([41]3,35,2)([42]16,28,3)([43]41,39,1)([44]33,26,4)([45]32,18,3)([46]41,42,1)([47]23,14,2)([48]11,39,2)([49]23,6,4)([50]6,10,1)([51]2,25,5)([52]48,40,6)([53]28,1,5)([54]27,41,7)([55]33,37,2)([56]0,12,1)([57]24,55,5)([58]53,42,7)([59]35,20,2)([60]27,50,6)([61]56,55,0)([62]53,45,6)([63]34,6,3)([64]58,24,6)([65]58,52,4)([66]39,51,4)([67]66,21,2)([68]58,24,7)([69]62,66,7)([70]69,65,5)([71]13,3,5)([72]61,48,2)([73]57,21,3)([74]39,55,4)([75]59,41,4)([76]54,70,4)([77]20,37,4)([78]48,3,3)([79]72,65,1)([80]32,61,0)([81]40,33,5)([82]22,50,4)([83]41,12,3)([84]51,55,1)([85]76,31,3)([86]71,63,0)(85)
evaluations: 22598994
first invidual area: 126.96
{7,1,80,1,2,1,8}([7]2,6,5)([8]5,1,7)([9]6,3,5)([10]0,9,5)([11]2,6,4)([12]0,5,7)([13]11,4,5)([14]13,3,5)([15]7,12,3)([16]11,0,3)([17]6,11,1)([18]4,2,7)([19]4,10,6)([20]2,8,5)([21]4,14,7)([22]19,17,4)([23]12,22,2)([24]23,18,3)([25]17,1,6)([26]1,23,2)([27]10,26,0)([28]0,7,7)([29]27,19,3)([30]28,4,3)([31]21,5,2)([32]8,14,7)([33]3,17,3)([34]25,2,7)([35]29,15,2)([36]6,21,1)([37]31,23,2)([38]1,32,4)([39]10,21,0)([40]32,15,3)([41]3,35,5)([42]5,2,4)([43]39,3,5)([44]24,14,6)([45]6,38,7)([46]34,41,7)([47]11,20,2)([48]22,44,2)([49]42,39,6)([50]37,19,3)([51]30,7,0)([52]44,47,6)([53]1,28,5)([54]41,17,6)([55]29,7,4)([56]53,30,5)([57]19,15,4)([58]19,12,5)([59]32,35,5)([60]45,41,2)([61]55,37,7)([62]53,18,6)([63]28,49,2)([64]54,4,5)([65]56,52,7)([66]59,20,7)([67]60,1,1)([68]51,1,7)([69]62,66,4)([70]69,65,5)([71]21,50,5)([72]71,59,1)([73]1,46,7)([74]53,58,7)([75]42,30,5)([76]46,70,4)([77]26,73,0)([78]13,77,6)([79]69,67,3)([80]38,58,0)([81]76,59,6)([82]75,78,3)([83]38,76,0)([84]50,30,7)([85]76,26,3)([86]78,77,7)(85)
optimized area: 115.70
time: 1207608 ms
seed: 1636263919
NOT FOUND
time: 1080385 ms
seed: 1636280542
NOT FOUND
time: 1081435 ms
seed: 1636296898
NOT FOUND
time: 1051637 ms
seed: 1636313268
{7,1,80,1,2,1,8}([7]1,6,2)([8]6,1,7)([9]5,0,4)([10]6,4,4)([11]9,8,7)([12]3,0,3)([13]5,10,7)([14]10,11,5)([15]2,12,5)([16]8,9,5)([17]9,3,5)([18]17,2,2)([19]15,14,5)([20]10,10,6)([21]7,13,4)([22]21,19,6)([23]6,17,4)([24]8,5,2)([25]18,13,2)([26]10,16,2)([27]22,1,7)([28]2,3,4)([29]15,14,6)([30]9,19,0)([31]4,25,7)([32]28,23,6)([33]24,27,4)([34]30,28,4)([35]0,33,7)([36]32,16,5)([37]17,21,4)([38]35,31,2)([39]16,27,2)([40]29,22,4)([41]18,34,2)([42]29,24,1)([43]16,29,1)([44]35,25,3)([45]15,44,7)([46]3,38,7)([47]45,26,5)([48]16,38,2)([49]40,10,2)([50]44,12,0)([51]19,5,4)([52]41,3,6)([53]6,8,3)([54]50,27,2)([55]28,53,2)([56]21,32,4)([57]32,39,4)([58]53,34,3)([59]17,47,6)([60]47,41,0)([61]40,24,4)([62]38,21,0)([63]58,8,1)([64]44,44,3)([65]59,49,7)([66]13,32,0)([67]58,52,7)([68]11,45,7)([69]40,22,6)([70]65,57,5)([71]21,54,7)([72]49,20,0)([73]58,51,5)([74]45,67,5)([75]65,38,4)([76]68,9,6)([77]13,10,6)([78]12,26,1)([79]1,36,1)([80]55,3,7)([81]0,50,5)([82]71,40,1)([83]10,22,7)([84]34,22,0)([85]48,22,4)([86]74,70,2)(86)
evaluations: 23501082
first invidual area: 136.81
{7,1,80,1,2,1,8}([7]0,3,3)([8]1,6,7)([9]0,5,4)([10]6,4,4)([11]8,9,7)([12]5,8,5)([13]5,10,7)([14]11,10,5)([15]2,7,5)([16]15,14,6)([17]2,9,5)([18]8,11,5)([19]14,15,5)([20]1,6,5)([21]20,13,7)([22]21,19,6)([23]11,13,2)([24]6,17,4)([25]1,12,5)([26]20,1,5)([27]1,22,7)([28]3,2,4)([29]24,23,0)([30]11,20,2)([31]28,29,3)([32]12,0,7)([33]2,13,1)([34]28,9,4)([35]27,32,7)([36]13,14,2)([37]29,16,0)([38]24,23,2)([39]18,27,5)([40]22,16,3)([41]2,17,2)([42]27,7,1)([43]40,25,2)([44]35,38,6)([45]15,44,4)([46]8,15,4)([47]39,31,4)([48]26,9,1)([49]40,10,2)([50]45,10,5)([51]37,11,7)([52]26,27,1)([53]0,44,6)([54]41,45,5)([55]8,18,3)([56]25,7,6)([57]34,26,1)([58]26,34,3)([59]17,50,6)([60]11,46,5)([61]37,53,1)([62]0,36,1)([63]38,43,1)([64]20,48,1)([65]59,49,6)([66]3,41,3)([67]58,66,4)([68]63,52,7)([69]59,68,7)([70]65,47,5)([71]33,14,1)([72]39,22,5)([73]35,54,4)([74]45,67,5)([75]36,37,3)([76]7,66,3)([77]66,42,7)([78]14,77,3)([79]16,55,6)([80]71,71,2)([81]74,70,2)([82]17,7,6)([83]51,40,3)([84]73,58,0)([85]45,35,0)([86]3,84,2)(81)
optimized area: 127.89
time: 1253768 ms
seed: 1636329577
NOT FOUND
time: 1080539 ms
