seed: 1634026266
NOT FOUND
time: 532011 ms
seed: 1634075138
{7,1,80,1,2,1,8}([7]3,5,4)([8]7,4,7)([9]6,4,7)([10]2,0,7)([11]3,9,1)([12]4,6,3)([13]5,7,6)([14]3,9,6)([15]13,3,7)([16]1,2,4)([17]13,11,2)([18]6,16,1)([19]14,5,6)([20]19,10,6)([21]18,12,6)([22]20,20,5)([23]16,13,7)([24]14,18,2)([25]11,0,4)([26]0,4,2)([27]2,20,1)([28]9,8,6)([29]6,1,2)([30]15,23,6)([31]10,8,4)([32]16,24,5)([33]30,17,3)([34]14,9,0)([35]1,5,4)([36]23,24,4)([37]29,36,3)([38]31,14,6)([39]6,26,7)([40]13,1,2)([41]18,33,3)([42]37,22,5)([43]28,25,3)([44]7,32,3)([45]42,30,7)([46]43,3,7)([47]2,21,1)([48]43,33,5)([49]38,36,4)([50]23,25,5)([51]27,11,0)([52]50,25,4)([53]31,46,0)([54]35,39,1)([55]43,39,2)([56]33,38,7)([57]50,19,4)([58]55,2,5)([59]4,6,4)([60]19,51,4)([61]7,34,0)([62]51,6,4)([63]22,48,4)([64]44,43,6)([65]12,27,5)([66]45,45,1)([67]29,47,7)([68]48,36,3)([69]45,48,2)([70]16,51,6)([71]57,9,3)([72]17,27,5)([73]54,40,5)([74]67,11,7)([75]8,58,4)([76]60,45,4)([77]20,76,0)([78]38,68,2)([79]38,27,4)([80]55,45,6)([81]69,78,6)([82]42,9,4)([83]82,18,1)([84]81,75,7)([85]78,78,5)([86]26,23,4)(84)
evaluations: 23939307
first invidual area: 120.40
{7,1,80,1,2,1,8}([7]3,5,4)([8]7,4,7)([9]4,6,7)([10]2,0,7)([11]4,0,5)([12]9,10,1)([13]7,5,6)([14]3,9,6)([15]3,12,2)([16]8,9,6)([17]0,3,7)([18]2,13,7)([19]7,5,2)([20]1,18,4)([21]8,14,0)([22]14,5,6)([23]6,18,2)([24]10,22,3)([25]11,6,4)([26]19,23,0)([27]21,10,4)([28]26,20,6)([29]27,20,7)([30]27,24,3)([31]16,17,3)([32]4,5,0)([33]22,27,3)([34]2,25,2)([35]28,4,0)([36]0,16,4)([37]29,23,3)([38]21,19,6)([39]16,10,7)([40]19,14,3)([41]28,13,3)([42]24,37,5)([43]20,40,6)([44]28,42,7)([45]26,27,7)([46]21,2,3)([47]3,20,1)([48]47,29,1)([49]31,24,5)([50]3,3,4)([51]27,46,2)([52]2,50,1)([53]27,27,6)([54]10,21,0)([55]14,27,6)([56]41,31,5)([57]31,35,5)([58]40,23,0)([59]58,46,0)([60]58,58,7)([61]35,35,0)([62]10,13,3)([63]11,4,3)([64]30,61,1)([65]15,7,3)([66]11,65,4)([67]25,11,3)([68]15,38,4)([69]56,44,2)([70]30,12,5)([71]24,4,2)([72]60,15,5)([73]34,31,5)([74]16,7,1)([75]48,7,0)([76]21,73,7)([77]71,0,0)([78]55,57,2)([79]33,48,6)([80]74,39,3)([81]69,78,6)([82]65,32,0)([83]49,71,4)([84]11,10,1)([85]56,20,6)([86]81,76,4)(86)
optimized area: 107.76
time: 592296 ms
seed: 1634236603
{7,1,80,1,2,1,8}([7]1,0,5)([8]3,6,6)([9]0,3,2)([10]0,1,6)([11]2,3,2)([12]3,7,7)([13]0,2,3)([14]2,6,5)([15]4,12,4)([16]3,5,3)([17]11,1,1)([18]13,1,0)([19]5,13,7)([20]16,19,2)([21]20,15,4)([22]1,14,7)([23]2,7,5)([24]11,22,7)([25]8,9,3)([26]24,21,7)([27]26,4,5)([28]14,4,6)([29]21,28,4)([30]21,10,6)([31]15,18,2)([32]9,10,4)([33]4,28,7)([34]31,29,3)([35]26,25,3)([36]30,8,7)([37]32,14,1)([38]16,37,6)([39]13,6,3)([40]25,30,5)([41]2,37,3)([42]20,23,4)([43]13,5,5)([44]35,28,3)([45]12,13,0)([46]35,44,5)([47]38,27,3)([48]28,38,2)([49]47,36,6)([50]34,49,4)([51]42,48,7)([52]6,35,5)([53]39,16,3)([54]52,51,4)([55]50,29,3)([56]44,41,2)([57]10,35,0)([58]14,1,4)([59]1,37,0)([60]35,29,1)([61]55,17,3)([62]54,56,2)([63]31,35,4)([64]13,60,2)([65]29,17,6)([66]52,21,0)([67]16,45,6)([68]7,35,7)([69]40,4,6)([70]11,45,2)([71]5,42,6)([72]58,63,2)([73]36,5,6)([74]18,50,4)([75]54,37,3)([76]14,39,5)([77]1,66,1)([78]74,62,3)([79]68,45,3)([80]14,25,4)([81]29,37,6)([82]13,22,2)([83]34,1,5)([84]72,50,2)([85]20,45,4)([86]52,6,6)(78)
evaluations: 16163903
first invidual area: 132.58
{7,1,80,1,2,1,8}([7]0,1,5)([8]3,6,6)([9]3,0,2)([10]1,0,6)([11]2,3,5)([12]7,4,7)([13]2,0,3)([14]6,2,5)([15]3,12,4)([16]5,3,3)([17]10,9,6)([18]1,14,4)([19]5,13,7)([20]19,16,2)([21]15,20,4)([22]18,11,4)([23]7,2,5)([24]17,16,6)([25]24,3,0)([26]22,21,4)([27]21,4,2)([28]14,4,6)([29]21,28,4)([30]26,4,5)([31]15,13,2)([32]8,9,3)([33]29,10,6)([34]0,33,7)([35]26,32,3)([36]33,8,6)([37]29,31,3)([38]25,8,1)([39]6,35,5)([40]35,36,4)([41]30,21,4)([42]20,39,7)([43]37,28,6)([44]30,21,0)([45]20,39,5)([46]17,2,3)([47]25,36,3)([48]28,16,7)([49]47,30,3)([50]27,9,4)([51]38,42,5)([52]28,35,3)([53]38,27,0)([54]23,51,7)([55]49,13,4)([56]52,46,2)([57]8,44,7)([58]10,52,0)([59]19,53,5)([60]26,39,4)([61]55,19,3)([62]49,3,5)([63]21,50,5)([64]45,58,1)([65]24,6,6)([66]37,55,7)([67]39,6,1)([68]54,56,2)([69]23,12,1)([70]19,28,3)([71]34,57,4)([72]44,42,6)([73]44,56,5)([74]7,64,2)([75]12,69,0)([76]25,2,3)([77]11,64,2)([78]14,76,5)([79]66,68,3)([80]35,4,3)([81]76,48,0)([82]77,1,5)([83]0,39,2)([84]22,31,0)([85]24,3,1)([86]51,71,5)(79)
optimized area: 122.25
time: 645805 ms
seed: 1634374156
NOT FOUND
time: 519931 ms
seed: 1634423197
NOT FOUND
time: 530757 ms
seed: 1634631497
{7,1,80,1,2,1,8}([7]5,0,7)([8]1,6,2)([9]1,0,4)([10]3,7,7)([11]3,7,0)([12]1,2,7)([13]12,0,4)([14]4,7,4)([15]11,12,3)([16]8,5,7)([17]14,6,2)([18]15,16,2)([19]8,4,6)([20]9,10,6)([21]17,12,7)([22]20,4,4)([23]9,12,5)([24]1,22,7)([25]5,10,5)([26]13,2,0)([27]26,24,0)([28]21,18,4)([29]4,24,3)([30]24,9,5)([31]19,16,6)([32]30,13,7)([33]19,18,6)([34]18,21,2)([35]33,3,3)([36]28,16,4)([37]6,36,5)([38]22,35,4)([39]37,29,7)([40]32,3,1)([41]25,14,5)([42]36,41,4)([43]40,36,3)([44]33,25,6)([45]9,4,1)([46]13,2,2)([47]11,23,5)([48]0,2,4)([49]16,7,1)([50]23,5,5)([51]45,15,3)([52]20,13,7)([53]22,19,6)([54]47,39,6)([55]22,4,6)([56]28,54,7)([57]51,36,6)([58]48,33,0)([59]53,46,7)([60]52,58,6)([61]42,32,3)([62]36,46,7)([63]55,32,6)([64]61,38,2)([65]56,46,2)([66]62,56,2)([67]66,64,6)([68]53,45,7)([69]2,42,6)([70]35,12,6)([71]4,35,5)([72]66,54,2)([73]55,30,2)([74]51,54,1)([75]1,35,2)([76]14,0,3)([77]11,61,4)([78]1,21,6)([79]13,61,6)([80]48,5,6)([81]43,76,7)([82]57,56,1)([83]61,63,1)([84]26,4,5)([85]73,82,3)([86]53,37,2)(67)
evaluations: 32818658
first invidual area: 130.74
{7,1,80,1,2,1,8}([7]0,5,7)([8]6,1,2)([9]1,0,4)([10]7,3,7)([11]4,8,6)([12]2,1,7)([13]3,1,0)([14]7,4,4)([15]3,12,3)([16]5,8,7)([17]14,6,5)([18]15,16,2)([19]6,7,2)([20]9,10,3)([21]17,18,4)([22]20,4,4)([23]5,20,5)([24]1,22,0)([25]5,19,1)([26]2,9,5)([27]11,9,5)([28]12,21,4)([29]2,4,3)([30]27,0,5)([31]11,18,6)([32]5,31,5)([33]31,20,7)([34]31,13,3)([35]34,13,0)([36]28,16,4)([37]6,17,5)([38]22,35,7)([39]36,26,4)([40]17,9,1)([41]14,23,5)([42]36,41,4)([43]37,29,7)([44]30,12,7)([45]28,42,1)([46]29,25,6)([47]40,17,7)([48]35,23,6)([49]44,42,3)([50]31,35,3)([51]39,11,2)([52]36,37,2)([53]26,29,5)([54]3,3,7)([55]47,53,5)([56]13,50,3)([57]27,11,1)([58]3,53,5)([59]17,46,5)([60]52,58,6)([61]1,19,2)([62]29,60,7)([63]30,5,7)([64]49,38,2)([65]60,28,7)([66]39,65,2)([67]9,32,0)([68]51,49,5)([69]26,5,6)([70]3,69,7)([71]56,4,4)([72]24,40,3)([73]57,14,0)([74]12,70,4)([75]16,4,4)([76]21,15,5)([77]26,17,4)([78]36,30,4)([79]77,41,6)([80]47,33,1)([81]66,64,6)([82]68,60,4)([83]72,58,0)([84]73,70,1)([85]8,77,6)([86]7,80,6)(81)
optimized area: 119.94
time: 576894 ms
seed: 1635158506
{7,1,80,1,2,1,8}([7]2,1,7)([8]3,1,7)([9]0,6,4)([10]5,2,6)([11]10,4,2)([12]10,3,7)([13]12,0,7)([14]9,7,6)([15]9,13,7)([16]13,12,6)([17]5,3,5)([18]9,11,1)([19]11,6,2)([20]15,2,4)([21]17,20,2)([22]20,13,6)([23]16,8,7)([24]11,4,4)([25]21,4,3)([26]23,25,2)([27]22,1,5)([28]15,16,3)([29]16,0,1)([30]29,25,1)([31]24,8,7)([32]21,9,1)([33]27,5,7)([34]0,31,7)([35]18,28,5)([36]6,18,6)([37]4,30,6)([38]35,26,7)([39]36,10,4)([40]27,11,2)([41]37,11,3)([42]5,16,7)([43]7,41,5)([44]2,2,4)([45]10,19,2)([46]9,37,3)([47]43,15,2)([48]1,14,4)([49]19,20,3)([50]0,23,3)([51]6,35,2)([52]26,3,6)([53]14,42,6)([54]9,31,5)([55]38,7,3)([56]39,1,3)([57]47,34,3)([58]37,33,3)([59]54,13,4)([60]12,43,0)([61]1,26,6)([62]52,59,2)([63]1,54,2)([64]57,36,3)([65]20,9,1)([66]34,63,2)([67]62,53,3)([68]64,53,2)([69]35,35,1)([70]55,68,4)([71]20,33,5)([72]57,66,6)([73]54,65,1)([74]9,45,0)([75]68,35,7)([76]70,67,7)([77]52,41,3)([78]60,20,0)([79]9,14,4)([80]63,8,5)([81]61,42,2)([82]76,58,7)([83]57,65,6)([84]50,79,4)([85]30,67,6)([86]31,63,7)(82)
evaluations: 25211693
first invidual area: 149.45
{7,1,80,1,2,1,8}([7]1,2,7)([8]1,3,7)([9]0,6,4)([10]5,2,6)([11]10,4,2)([12]10,3,7)([13]12,0,7)([14]7,9,6)([15]13,9,7)([16]13,12,6)([17]8,16,7)([18]13,9,0)([19]3,5,5)([20]2,15,4)([21]19,20,2)([22]20,13,6)([23]2,2,2)([24]11,8,4)([25]4,21,3)([26]25,17,2)([27]22,1,5)([28]5,27,7)([29]10,9,0)([30]14,15,5)([31]24,4,7)([32]26,30,7)([33]7,32,3)([34]24,21,0)([35]0,31,7)([36]6,31,6)([37]4,16,6)([38]13,34,4)([39]15,22,4)([40]27,35,0)([41]37,11,3)([42]3,11,3)([43]28,13,4)([44]5,16,6)([45]43,27,1)([46]32,30,0)([47]6,21,1)([48]2,1,3)([49]7,41,5)([50]18,34,6)([51]15,49,2)([52]37,28,6)([53]14,44,6)([54]9,31,5)([55]17,46,1)([56]22,15,7)([57]14,28,2)([58]26,3,6)([59]18,54,4)([60]51,36,3)([61]55,6,3)([62]58,59,2)([63]9,15,0)([64]60,35,3)([65]57,49,4)([66]12,47,0)([67]62,53,3)([68]64,53,5)([69]11,60,0)([70]33,68,7)([71]20,5,4)([72]62,60,6)([73]71,10,1)([74]19,2,0)([75]70,0,4)([76]70,67,7)([77]74,39,2)([78]29,68,3)([79]10,77,7)([80]61,60,5)([81]38,13,5)([82]76,52,4)([83]23,72,7)([84]15,34,6)([85]44,7,5)([86]48,26,5)(82)
optimized area: 140.09
time: 643456 ms
seed: 1635207629
{7,1,80,1,2,1,8}([7]1,4,4)([8]2,7,6)([9]4,0,6)([10]5,9,6)([11]0,2,7)([12]3,2,7)([13]4,10,3)([14]4,13,7)([15]6,3,3)([16]1,15,1)([17]11,3,2)([18]0,1,4)([19]12,12,2)([20]14,5,4)([21]19,11,3)([22]14,18,4)([23]16,2,7)([24]6,12,4)([25]9,18,3)([26]20,19,3)([27]22,3,5)([28]4,22,2)([29]5,25,2)([30]15,21,4)([31]0,30,3)([32]24,29,2)([33]26,23,7)([34]20,17,2)([35]21,10,7)([36]5,8,5)([37]28,3,3)([38]36,24,2)([39]22,34,7)([40]15,31,5)([41]6,21,5)([42]41,39,4)([43]2,38,1)([44]35,41,6)([45]9,33,7)([46]23,15,3)([47]23,45,3)([48]11,43,5)([49]21,47,6)([50]28,47,4)([51]45,30,6)([52]8,32,6)([53]9,40,2)([54]23,27,3)([55]33,34,1)([56]9,5,3)([57]54,50,2)([58]46,54,1)([59]45,57,6)([60]58,48,4)([61]47,39,7)([62]14,1,5)([63]62,58,4)([64]42,52,2)([65]32,0,7)([66]16,61,0)([67]59,64,6)([68]3,47,3)([69]43,56,5)([70]46,65,0)([71]67,46,5)([72]9,6,1)([73]4,55,2)([74]22,8,3)([75]53,29,7)([76]6,53,2)([77]44,42,5)([78]9,7,3)([79]53,28,7)([80]40,35,5)([81]40,35,2)([82]40,49,2)([83]71,80,5)([84]29,9,6)([85]2,12,5)([86]4,32,1)(83)
evaluations: 39830166
first invidual area: 139.14
{7,1,80,1,2,1,8}([7]4,1,4)([8]7,2,6)([9]0,4,6)([10]5,9,6)([11]0,2,7)([12]2,3,7)([13]10,8,1)([14]4,13,3)([15]3,6,3)([16]13,0,3)([17]3,11,2)([18]1,0,4)([19]11,9,1)([20]14,5,4)([21]12,11,3)([22]14,18,4)([23]1,2,4)([24]12,18,5)([25]9,18,3)([26]2,15,3)([27]0,4,3)([28]22,4,5)([29]5,25,2)([30]12,20,6)([31]12,18,1)([32]24,29,2)([33]30,9,4)([34]20,17,5)([35]21,10,7)([36]34,19,7)([37]28,23,7)([38]12,32,4)([39]22,34,4)([40]15,16,5)([41]6,21,5)([42]41,39,4)([43]33,3,5)([44]33,23,7)([45]33,29,7)([46]31,39,7)([47]19,27,5)([48]12,21,6)([49]32,39,0)([50]31,16,1)([51]1,7,2)([52]49,8,6)([53]1,36,3)([54]10,12,6)([55]33,7,5)([56]17,16,4)([57]55,37,2)([58]46,37,1)([59]44,57,6)([60]11,15,3)([61]46,38,6)([62]20,40,7)([63]20,30,6)([64]52,42,2)([65]59,64,6)([66]49,25,1)([67]4,63,2)([68]25,62,5)([69]28,11,7)([70]1,43,4)([71]65,60,5)([72]38,16,5)([73]52,47,5)([74]53,19,3)([75]42,25,0)([76]65,29,4)([77]72,24,0)([78]14,65,1)([79]53,26,4)([80]40,35,5)([81]59,50,7)([82]39,65,1)([83]71,80,5)([84]21,31,1)([85]21,4,0)([86]60,24,2)(83)
optimized area: 121.32
time: 554105 ms
seed: 1635393706
NOT FOUND
time: 982274 ms
seed: 1635638279
NOT FOUND
time: 1079098 ms
seed: 1635685974
{7,1,80,1,2,1,8}([7]0,5,5)([8]7,6,7)([9]1,6,3)([10]6,4,6)([11]3,1,7)([12]10,0,1)([13]9,2,4)([14]4,5,7)([15]14,2,6)([16]3,8,7)([17]3,15,7)([18]2,5,2)([19]7,2,4)([20]0,11,5)([21]14,10,7)([22]10,20,5)([23]22,15,4)([24]1,0,6)([25]18,3,7)([26]3,21,3)([27]19,4,4)([28]27,24,5)([29]27,25,5)([30]25,2,3)([31]1,12,5)([32]1,23,2)([33]29,13,5)([34]6,24,2)([35]31,33,7)([36]28,16,5)([37]30,30,6)([38]24,2,3)([39]17,11,5)([40]26,25,2)([41]35,26,3)([42]33,7,3)([43]33,1,7)([44]10,43,5)([45]30,10,3)([46]32,41,7)([47]45,0,5)([48]1,30,4)([49]40,2,6)([50]24,2,6)([51]20,14,7)([52]33,25,2)([53]36,49,3)([54]46,53,4)([55]50,40,4)([56]18,51,6)([57]56,22,0)([58]32,20,2)([59]12,43,7)([60]10,50,2)([61]0,35,0)([62]48,10,0)([63]9,36,1)([64]35,30,3)([65]36,1,6)([66]2,17,1)([67]40,53,4)([68]52,47,7)([69]3,50,3)([70]68,51,6)([71]9,6,0)([72]24,0,7)([73]37,65,4)([74]61,32,3)([75]38,41,2)([76]42,24,0)([77]67,31,5)([78]28,37,1)([79]59,26,6)([80]7,70,5)([81]80,54,5)([82]77,31,3)([83]23,78,7)([84]37,11,3)([85]14,37,1)([86]84,55,1)(81)
evaluations: 14746084
first invidual area: 127.42
{7,1,80,1,2,1,8}([7]0,5,5)([8]1,0,6)([9]3,6,7)([10]1,3,7)([11]9,8,5)([12]6,1,3)([13]7,9,7)([14]4,5,7)([15]9,4,6)([16]1,5,5)([17]2,12,4)([18]2,5,2)([19]7,2,4)([20]10,0,5)([21]14,5,6)([22]15,20,5)([23]14,2,6)([24]23,22,4)([25]3,18,7)([26]21,3,3)([27]4,19,4)([28]27,8,5)([29]12,11,5)([30]25,2,3)([31]27,25,5)([32]1,24,5)([33]31,17,5)([34]13,28,5)([35]16,33,7)([36]22,19,3)([37]6,8,1)([38]20,33,0)([39]26,11,0)([40]39,30,2)([41]35,39,3)([42]8,3,0)([43]40,18,6)([44]37,3,6)([45]27,15,7)([46]41,32,4)([47]30,0,5)([48]33,47,3)([49]27,19,4)([50]33,25,5)([51]48,45,6)([52]49,33,7)([53]34,43,6)([54]30,21,1)([55]53,33,1)([56]0,36,6)([57]2,5,3)([58]52,26,6)([59]22,29,6)([60]46,40,3)([61]54,38,7)([62]59,25,0)([63]17,28,2)([64]38,14,7)([65]20,14,1)([66]32,61,3)([67]46,53,7)([68]50,47,4)([69]28,22,4)([70]64,68,6)([71]54,65,5)([72]42,51,1)([73]40,28,3)([74]19,57,6)([75]32,6,6)([76]38,53,3)([77]61,37,6)([78]13,70,2)([79]23,36,0)([80]7,70,5)([81]80,67,5)([82]64,32,0)([83]40,81,7)([84]30,60,6)([85]49,4,2)([86]56,20,0)(81)
optimized area: 120.39
time: 1252648 ms
seed: 1635733894
NOT FOUND
time: 1067795 ms
seed: 1635781035
NOT FOUND
time: 1054718 ms
seed: 1635827991
NOT FOUND
time: 1061379 ms
seed: 1635871138
NOT FOUND
time: 1056971 ms
seed: 1635913095
NOT FOUND
time: 1067518 ms
seed: 1635949382
{7,1,80,1,2,1,8}([7]3,6,3)([8]7,1,5)([9]8,5,4)([10]0,0,6)([11]8,2,3)([12]11,3,4)([13]2,1,4)([14]3,5,6)([15]3,0,5)([16]4,12,2)([17]12,1,5)([18]5,4,7)([19]14,15,0)([20]14,6,4)([21]1,18,7)([22]2,20,1)([23]12,6,4)([24]21,22,2)([25]20,10,3)([26]22,3,5)([27]8,20,4)([28]13,21,2)([29]20,14,3)([30]12,28,5)([31]5,17,7)([32]2,13,1)([33]18,15,5)([34]19,28,2)([35]30,5,5)([36]9,3,0)([37]33,20,6)([38]28,14,2)([39]34,12,4)([40]2,31,7)([41]10,33,7)([42]36,33,2)([43]8,25,5)([44]22,42,3)([45]21,40,2)([46]37,16,5)([47]15,3,2)([48]32,21,4)([49]46,41,7)([50]49,22,7)([51]26,27,2)([52]26,37,0)([53]23,33,7)([54]25,42,1)([55]24,50,6)([56]25,26,2)([57]44,56,7)([58]35,24,4)([59]52,0,6)([60]31,44,2)([61]49,49,1)([62]25,5,3)([63]34,61,3)([64]22,5,0)([65]33,13,3)([66]63,52,4)([67]42,47,7)([68]36,26,6)([69]21,23,4)([70]69,12,4)([71]36,57,0)([72]57,31,2)([73]19,43,1)([74]63,72,7)([75]26,47,5)([76]48,58,0)([77]16,6,4)([78]55,51,3)([79]37,35,7)([80]14,79,4)([81]8,23,4)([82]58,17,2)([83]79,78,6)([84]83,74,3)([85]46,60,2)([86]16,76,5)(84)
evaluations: 46289451
first invidual area: 130.22
{7,1,80,1,2,1,8}([7]6,3,3)([8]7,1,5)([9]8,5,4)([10]0,3,1)([11]8,2,3)([12]3,11,4)([13]2,1,4)([14]3,5,6)([15]3,0,5)([16]4,12,2)([17]12,1,5)([18]5,4,7)([19]6,17,2)([20]14,6,4)([21]18,8,4)([22]2,1,1)([23]21,16,3)([24]21,22,2)([25]20,10,3)([26]22,3,5)([27]8,20,4)([28]13,21,2)([29]12,12,1)([30]12,28,5)([31]5,17,7)([32]22,29,7)([33]18,15,5)([34]14,28,2)([35]30,5,5)([36]17,1,1)([37]33,20,6)([38]9,33,2)([39]11,28,4)([40]37,15,0)([41]10,33,7)([42]35,21,0)([43]25,11,5)([44]0,42,4)([45]5,14,0)([46]37,16,5)([47]21,42,2)([48]46,44,0)([49]48,41,4)([50]41,22,7)([51]26,27,2)([52]22,38,6)([53]15,38,4)([54]36,35,4)([55]24,50,6)([56]25,26,5)([57]52,56,7)([58]54,7,1)([59]50,19,2)([60]8,48,3)([61]45,56,0)([62]5,61,3)([63]34,49,3)([64]63,58,2)([65]46,24,6)([66]39,24,3)([67]9,34,1)([68]1,10,4)([69]47,47,0)([70]12,24,1)([71]19,47,1)([72]57,31,2)([73]44,32,2)([74]63,72,7)([75]36,10,4)([76]50,67,4)([77]27,36,4)([78]55,51,3)([79]40,35,7)([80]43,67,7)([81]79,78,6)([82]34,7,0)([83]65,42,0)([84]81,74,3)([85]66,26,5)([86]85,39,1)(84)
optimized area: 127.41
time: 1083622 ms
seed: 1635985529
{7,1,80,1,2,1,8}([7]2,0,7)([8]0,6,6)([9]1,6,4)([10]7,8,7)([11]0,2,0)([12]3,0,4)([13]8,9,4)([14]1,2,4)([15]14,7,3)([16]11,2,1)([17]7,12,3)([18]5,7,3)([19]0,13,2)([20]3,19,6)([21]12,15,2)([22]17,20,7)([23]21,9,6)([24]18,1,4)([25]23,22,7)([26]4,14,4)([27]26,21,3)([28]20,13,6)([29]22,27,6)([30]10,9,3)([31]24,19,3)([32]8,24,5)([33]26,5,4)([34]20,15,4)([35]1,3,1)([36]30,33,2)([37]1,3,4)([38]13,23,6)([39]36,26,2)([40]29,33,4)([41]32,4,2)([42]6,18,0)([43]13,25,5)([44]40,43,4)([45]18,26,4)([46]3,39,4)([47]34,2,0)([48]39,39,0)([49]20,7,3)([50]28,38,7)([51]38,44,6)([52]30,11,2)([53]13,16,3)([54]30,48,4)([55]46,41,3)([56]55,7,4)([57]5,48,3)([58]42,4,4)([59]27,37,5)([60]20,29,6)([61]6,46,2)([62]21,42,3)([63]58,56,7)([64]28,63,3)([65]52,47,7)([66]31,45,4)([67]56,10,6)([68]36,47,5)([69]48,38,4)([70]10,24,6)([71]11,4,7)([72]13,39,6)([73]17,61,7)([74]51,47,2)([75]56,74,4)([76]43,9,1)([77]2,36,2)([78]15,55,6)([79]26,61,4)([80]60,21,5)([81]69,79,5)([82]72,43,0)([83]80,46,5)([84]48,37,5)([85]28,84,5)([86]81,75,5)(86)
evaluations: 23254602
first invidual area: 141.05
{7,1,80,1,2,1,8}([7]0,2,7)([8]0,6,6)([9]1,6,4)([10]0,9,2)([11]3,0,4)([12]7,5,6)([13]8,9,4)([14]2,1,4)([15]7,14,6)([16]10,3,6)([17]16,15,7)([18]17,4,5)([19]7,5,6)([20]11,2,6)([21]6,16,5)([22]1,20,1)([23]13,20,6)([24]13,19,4)([25]11,14,2)([26]4,14,4)([27]22,17,0)([28]0,15,0)([29]7,2,3)([30]24,8,5)([31]6,11,6)([32]26,11,6)([33]26,5,4)([34]28,20,2)([35]9,24,3)([36]35,33,2)([37]25,8,6)([38]13,37,6)([39]26,36,5)([40]17,30,4)([41]30,4,2)([42]33,23,4)([43]20,32,6)([44]42,41,7)([45]14,15,4)([46]3,39,7)([47]41,35,2)([48]21,23,3)([49]23,9,1)([50]7,8,6)([51]31,8,7)([52]46,41,3)([53]43,42,7)([54]21,48,3)([55]3,44,6)([56]52,7,7)([57]4,44,1)([58]0,44,4)([59]26,29,1)([60]40,43,2)([61]24,48,4)([62]53,38,6)([63]52,32,1)([64]37,46,5)([65]54,56,1)([66]34,22,1)([67]47,1,4)([68]48,18,6)([69]36,38,4)([70]21,40,7)([71]54,55,5)([72]54,18,7)([73]10,57,5)([74]62,17,5)([75]26,49,0)([76]75,25,3)([77]63,52,4)([78]74,56,4)([79]26,64,2)([80]71,62,4)([81]79,8,6)([82]50,73,1)([83]6,37,4)([84]18,15,0)([85]79,69,5)([86]85,78,5)(86)
optimized area: 123.69
time: 1222895 ms
seed: 1636021485
NOT FOUND
time: 1072008 ms
seed: 1636056202
NOT FOUND
time: 1072331 ms
seed: 1636090067
NOT FOUND
time: 1058966 ms
seed: 1636123146
{7,1,80,1,2,1,8}([7]6,3,6)([8]0,3,7)([9]4,0,3)([10]1,2,4)([11]2,4,7)([12]7,11,3)([13]5,2,3)([14]3,5,2)([15]13,8,5)([16]5,15,7)([17]13,6,4)([18]17,9,3)([19]13,11,7)([20]10,14,0)([21]16,0,4)([22]10,21,5)([23]4,20,6)([24]3,17,3)([25]24,1,2)([26]5,12,2)([27]14,24,0)([28]26,16,3)([29]8,1,5)([30]23,16,7)([31]30,3,0)([32]28,11,3)([33]5,31,7)([34]23,17,1)([35]22,8,4)([36]32,1,3)([37]35,33,2)([38]3,32,7)([39]14,25,3)([40]3,9,6)([41]38,39,7)([42]6,2,5)([43]7,18,4)([44]17,12,0)([45]7,16,5)([46]20,42,5)([47]35,46,4)([48]16,32,3)([49]33,15,6)([50]47,25,3)([51]45,22,1)([52]4,30,4)([53]48,32,3)([54]4,28,4)([55]14,35,2)([56]10,48,0)([57]43,52,2)([58]39,57,7)([59]12,27,4)([60]52,0,3)([61]51,26,4)([62]54,18,6)([63]46,7,2)([64]41,58,2)([65]31,7,2)([66]64,50,2)([67]65,42,4)([68]67,60,2)([69]1,43,4)([70]68,66,4)([71]61,6,4)([72]70,37,7)([73]49,62,4)([74]55,36,7)([75]4,50,7)([76]4,29,2)([77]0,65,4)([78]48,11,6)([79]64,51,5)([80]52,79,4)([81]42,10,2)([82]5,4,1)([83]73,10,0)([84]25,60,1)([85]66,39,3)([86]36,56,2)(72)
evaluations: 22029223
first invidual area: 141.04
{7,1,80,1,2,1,8}([7]3,6,6)([8]3,0,7)([9]5,1,0)([10]1,2,4)([11]2,4,7)([12]2,9,3)([13]9,11,4)([14]10,4,6)([15]12,8,5)([16]9,15,7)([17]6,12,4)([18]3,9,2)([19]7,3,3)([20]0,16,4)([21]0,4,3)([22]4,21,6)([23]21,17,6)([24]15,14,7)([25]1,19,2)([26]10,20,5)([27]24,7,2)([28]27,16,3)([29]15,15,4)([30]9,24,7)([31]23,7,6)([32]28,11,6)([33]28,26,0)([34]16,32,1)([35]26,8,4)([36]17,19,3)([37]30,6,7)([38]3,32,4)([39]18,25,3)([40]14,32,7)([41]2,22,6)([42]2,6,5)([43]28,38,5)([44]38,39,4)([45]4,16,1)([46]10,42,5)([47]35,46,4)([48]45,27,1)([49]35,24,5)([50]47,25,3)([51]7,25,3)([52]4,30,4)([53]9,2,0)([54]51,37,0)([55]31,52,5)([56]30,7,5)([57]19,12,6)([58]36,54,2)([59]55,38,7)([60]52,0,3)([61]53,37,1)([62]60,27,3)([63]21,40,2)([64]44,59,6)([65]12,56,3)([66]64,50,5)([67]56,60,2)([68]67,42,5)([69]20,67,6)([70]68,66,7)([71]10,11,6)([72]14,24,3)([73]70,49,7)([74]41,15,2)([75]43,54,6)([76]16,0,4)([77]48,53,3)([78]12,69,6)([79]76,21,5)([80]45,75,7)([81]0,22,3)([82]65,17,1)([83]44,75,6)([84]9,11,4)([85]26,16,4)([86]2,58,7)(73)
optimized area: 131.65
time: 1214189 ms
seed: 1636155735
NOT FOUND
time: 1072574 ms
seed: 1636188236
{7,1,80,1,2,1,8}([7]3,3,5)([8]3,5,7)([9]8,4,4)([10]1,7,5)([11]2,9,6)([12]2,8,6)([13]12,2,4)([14]6,3,6)([15]13,6,5)([16]15,9,3)([17]5,16,7)([18]8,4,7)([19]14,0,3)([20]12,3,6)([21]1,20,3)([22]5,4,6)([23]19,10,7)([24]7,20,5)([25]22,19,5)([26]22,10,4)([27]23,2,7)([28]0,14,7)([29]17,24,3)([30]11,29,4)([31]14,19,2)([32]31,13,4)([33]0,14,3)([34]27,11,7)([35]30,26,3)([36]27,19,0)([37]17,34,5)([38]15,23,2)([39]33,16,4)([40]35,20,7)([41]32,8,7)([42]27,33,2)([43]21,31,4)([44]43,8,4)([45]12,37,3)([46]25,27,4)([47]37,28,4)([48]2,38,5)([49]27,17,5)([50]31,35,5)([51]18,19,6)([52]17,35,6)([53]48,44,4)([54]15,13,3)([55]15,50,7)([56]30,38,1)([57]41,34,1)([58]52,42,2)([59]17,13,7)([60]0,20,0)([61]13,42,2)([62]2,9,2)([63]53,52,7)([64]18,50,5)([65]13,49,0)([66]47,63,6)([67]5,24,6)([68]40,66,4)([69]57,5,5)([70]29,36,4)([71]59,20,3)([72]69,68,7)([73]53,51,4)([74]37,73,5)([75]73,68,4)([76]71,41,7)([77]72,37,3)([78]0,17,6)([79]20,6,7)([80]25,13,7)([81]7,0,6)([82]75,13,0)([83]68,37,7)([84]51,52,2)([85]39,55,2)([86]44,54,1)(82)
evaluations: 16534661
first invidual area: 140.12
{7,1,80,1,2,1,8}([7]3,3,1)([8]5,3,7)([9]4,8,4)([10]7,1,5)([11]9,2,3)([12]2,8,6)([13]12,11,3)([14]3,6,6)([15]13,6,5)([16]15,9,6)([17]5,16,4)([18]16,7,0)([19]14,0,3)([20]3,12,6)([21]1,20,6)([22]4,5,3)([23]19,10,7)([24]23,2,4)([25]20,8,1)([26]10,22,7)([27]14,14,2)([28]0,14,4)([29]17,25,6)([30]11,29,4)([31]18,26,5)([32]11,24,7)([33]27,8,7)([34]10,5,0)([35]26,30,3)([36]21,33,7)([37]32,17,5)([38]25,3,0)([39]14,5,1)([40]30,5,2)([41]28,37,4)([42]35,21,3)([43]37,15,3)([44]25,35,4)([45]38,43,6)([46]2,23,2)([47]16,37,4)([48]26,38,4)([49]21,35,5)([50]15,46,5)([51]30,30,6)([52]17,42,2)([53]50,36,4)([54]30,23,2)([55]21,15,0)([56]33,3,4)([57]42,34,2)([58]9,33,1)([59]17,35,3)([60]40,41,5)([61]20,49,0)([62]28,17,4)([63]53,59,7)([64]35,42,6)([65]10,18,0)([66]63,41,3)([67]58,19,6)([68]66,44,7)([69]2,38,0)([70]61,49,0)([71]28,69,0)([72]16,39,2)([73]68,67,4)([74]53,42,4)([75]73,59,7)([76]56,68,0)([77]10,50,1)([78]41,60,2)([79]61,25,1)([80]25,55,5)([81]68,57,0)([82]29,76,0)([83]10,81,6)([84]16,19,6)([85]35,1,0)([86]33,23,1)(75)
optimized area: 131.20
time: 1334541 ms
seed: 1636218869
NOT FOUND
time: 1085305 ms
seed: 1636248862
{7,1,80,1,2,1,8}([7]0,5,4)([8]1,3,4)([9]6,5,4)([10]2,4,4)([11]10,5,2)([12]9,1,4)([13]10,8,6)([14]8,9,3)([15]0,0,6)([16]7,4,2)([17]7,13,5)([18]4,5,4)([19]1,17,7)([20]14,8,7)([21]3,19,2)([22]2,1,3)([23]12,22,5)([24]15,16,3)([25]4,19,7)([26]17,14,5)([27]18,0,3)([28]4,19,2)([29]25,0,2)([30]7,8,7)([31]28,27,3)([32]2,7,3)([33]24,13,3)([34]25,17,5)([35]26,0,4)([36]20,8,1)([37]29,36,3)([38]23,35,4)([39]23,11,6)([40]16,39,3)([41]21,33,4)([42]41,40,3)([43]34,0,6)([44]30,32,2)([45]31,10,2)([46]38,42,7)([47]37,21,6)([48]10,29,7)([49]29,47,4)([50]29,45,4)([51]3,47,5)([52]42,7,6)([53]18,10,2)([54]24,22,2)([55]54,28,7)([56]52,43,6)([57]31,46,0)([58]15,0,6)([59]58,5,0)([60]57,3,2)([61]57,38,2)([62]55,44,3)([63]28,59,5)([64]20,46,2)([65]26,59,5)([66]59,39,2)([67]36,48,6)([68]10,45,3)([69]34,45,3)([70]47,25,0)([71]55,44,6)([72]0,49,0)([73]13,18,2)([74]67,71,6)([75]27,65,3)([76]28,60,6)([77]18,0,1)([78]18,24,6)([79]41,5,3)([80]36,73,5)([81]66,20,2)([82]74,64,6)([83]82,61,4)([84]52,73,4)([85]37,34,4)([86]19,83,4)(83)
evaluations: 6000758
first invidual area: 145.24
{7,1,80,1,2,1,8}([7]5,0,4)([8]1,3,4)([9]5,6,4)([10]4,2,4)([11]0,3,1)([12]1,3,5)([13]10,8,6)([14]8,9,3)([15]7,4,2)([16]1,9,4)([17]13,7,5)([18]4,7,4)([19]1,17,7)([20]8,14,7)([21]19,8,2)([22]1,2,3)([23]22,16,5)([24]15,11,3)([25]19,4,7)([26]17,14,5)([27]10,5,2)([28]19,4,2)([29]18,0,3)([30]7,8,7)([31]25,0,5)([32]8,2,3)([33]11,13,6)([34]32,22,0)([35]26,23,4)([36]6,31,3)([37]32,30,2)([38]0,35,4)([39]27,23,6)([40]15,39,3)([41]12,33,4)([42]41,40,6)([43]35,32,3)([44]29,28,3)([45]23,9,0)([46]38,42,4)([47]45,2,7)([48]10,31,4)([49]22,24,5)([50]30,21,7)([51]48,47,0)([52]45,6,3)([53]16,10,6)([54]10,51,4)([55]49,28,4)([56]38,44,5)([57]14,11,6)([58]30,56,4)([59]20,46,2)([60]15,8,5)([61]23,49,5)([62]39,6,7)([63]39,48,6)([64]12,43,3)([65]58,28,4)([66]42,38,1)([67]32,28,5)([68]22,6,7)([69]4,7,2)([70]23,18,6)([71]37,55,6)([72]20,11,1)([73]6,64,2)([74]72,51,6)([75]46,21,7)([76]27,55,7)([77]46,74,2)([78]56,14,3)([79]73,78,6)([80]0,59,5)([81]74,71,6)([82]81,59,6)([83]61,39,4)([84]82,56,7)([85]76,80,5)([86]79,66,6)(84)
optimized area: 142.42
time: 1315011 ms
seed: 1636268001
NOT FOUND
time: 1083083 ms
seed: 1636284618
{7,1,80,1,2,1,8}([7]2,6,2)([8]0,3,4)([9]7,3,3)([10]4,9,5)([11]3,7,4)([12]2,1,2)([13]6,0,4)([14]9,1,2)([15]8,6,2)([16]1,11,2)([17]5,0,7)([18]15,11,7)([19]5,4,4)([20]2,4,7)([21]19,8,2)([22]6,11,4)([23]1,8,7)([24]13,17,4)([25]1,8,6)([26]21,18,7)([27]10,17,4)([28]25,5,1)([29]12,20,4)([30]14,7,4)([31]8,20,3)([32]23,2,3)([33]19,2,3)([34]28,0,0)([35]26,29,2)([36]30,21,3)([37]36,31,7)([38]2,13,6)([39]37,0,7)([40]35,27,7)([41]32,13,7)([42]4,31,7)([43]26,11,1)([44]14,38,4)([45]29,34,2)([46]45,41,2)([47]44,23,2)([48]39,37,0)([49]48,37,1)([50]40,47,3)([51]14,8,2)([52]20,20,4)([53]22,48,2)([54]11,6,0)([55]47,38,2)([56]37,46,3)([57]51,46,6)([58]57,8,0)([59]42,58,6)([60]50,10,5)([61]11,49,3)([62]53,55,6)([63]62,60,2)([64]34,55,4)([65]24,35,2)([66]1,58,1)([67]35,26,5)([68]67,12,5)([69]38,47,0)([70]48,17,0)([71]40,56,5)([72]38,44,5)([73]27,63,2)([74]71,73,7)([75]24,16,6)([76]25,43,2)([77]75,36,7)([78]25,28,0)([79]20,76,0)([80]79,75,0)([81]17,75,2)([82]38,55,4)([83]63,31,5)([84]2,80,7)([85]58,50,1)([86]14,11,0)(74)
evaluations: 43141762
first invidual area: 147.60
{7,1,80,1,2,1,8}([7]2,6,2)([8]3,0,4)([9]3,7,3)([10]9,4,5)([11]7,3,7)([12]2,1,5)([13]0,2,3)([14]1,9,2)([15]8,6,5)([16]3,3,7)([17]5,0,7)([18]15,11,7)([19]5,4,4)([20]2,4,7)([21]19,8,2)([22]6,9,4)([23]1,8,7)([24]6,17,5)([25]11,14,4)([26]21,18,7)([27]17,10,4)([28]14,11,6)([29]20,12,7)([30]14,7,4)([31]8,20,6)([32]23,11,1)([33]6,13,3)([34]21,30,6)([35]26,29,5)([36]6,30,0)([37]34,31,7)([38]37,30,4)([39]37,0,7)([40]35,27,4)([41]30,28,6)([42]2,24,1)([43]25,23,6)([44]14,33,7)([45]29,32,2)([46]45,24,2)([47]44,23,2)([48]5,30,0)([49]39,22,2)([50]40,47,3)([51]34,2,2)([52]2,27,7)([53]41,47,6)([54]52,48,6)([55]3,39,2)([56]37,46,3)([57]47,53,0)([58]13,39,5)([59]10,12,2)([60]50,10,5)([61]38,36,7)([62]49,55,6)([63]62,60,2)([64]11,17,7)([65]3,29,6)([66]22,4,4)([67]24,43,2)([68]21,36,5)([69]55,36,6)([70]61,60,4)([71]40,56,5)([72]66,16,7)([73]27,63,5)([74]71,73,4)([75]34,73,3)([76]38,75,0)([77]24,20,4)([78]58,25,6)([79]6,30,5)([80]27,2,4)([81]64,69,7)([82]33,50,7)([83]54,5,4)([84]58,5,4)([85]12,72,2)([86]11,50,5)(74)
optimized area: 135.87
time: 1093171 ms
seed: 1636300981
{7,1,80,1,2,1,8}([7]4,1,6)([8]3,0,1)([9]1,8,4)([10]4,0,5)([11]5,6,7)([12]5,10,2)([13]6,3,2)([14]0,5,1)([15]0,2,4)([16]7,2,6)([17]10,11,2)([18]12,16,6)([19]6,14,3)([20]6,0,6)([21]0,11,3)([22]4,15,7)([23]15,7,3)([24]1,1,2)([25]22,19,5)([26]13,19,4)([27]12,4,7)([28]9,15,5)([29]12,28,4)([30]29,17,1)([31]11,25,5)([32]18,22,4)([33]29,26,2)([34]2,27,3)([35]4,30,2)([36]8,23,2)([37]35,19,4)([38]15,37,2)([39]27,15,3)([40]20,36,2)([41]3,31,3)([42]1,22,6)([43]32,33,5)([44]24,25,2)([45]4,44,0)([46]38,11,7)([47]1,43,7)([48]27,20,1)([49]9,9,5)([50]46,8,6)([51]34,40,7)([52]34,45,6)([53]14,24,6)([54]5,35,2)([55]2,15,3)([56]51,47,3)([57]36,12,6)([58]46,38,4)([59]21,50,7)([60]4,6,4)([61]54,33,3)([62]41,56,5)([63]41,22,6)([64]57,8,5)([65]63,30,1)([66]62,41,0)([67]4,58,6)([68]56,10,1)([69]63,0,3)([70]41,7,1)([71]55,13,3)([72]7,54,2)([73]4,22,3)([74]48,62,0)([75]20,48,6)([76]62,47,0)([77]11,44,2)([78]71,64,5)([79]62,59,4)([80]63,11,3)([81]55,37,1)([82]67,52,1)([83]68,27,2)([84]57,63,0)([85]12,83,4)([86]67,9,4)(79)
evaluations: 7370919
first invidual area: 123.20
{7,1,80,1,2,1,8}([7]2,4,1)([8]4,0,5)([9]1,3,7)([10]3,6,5)([11]6,5,7)([12]5,8,2)([13]0,11,6)([14]4,1,6)([15]0,2,4)([16]5,7,6)([17]6,0,6)([18]3,6,1)([19]6,17,3)([20]12,4,7)([21]0,6,7)([22]15,4,7)([23]14,16,3)([24]19,22,5)([25]6,8,1)([26]15,9,5)([27]7,22,6)([28]26,15,0)([29]26,12,4)([30]29,0,1)([31]11,24,5)([32]24,23,7)([33]32,19,2)([34]4,30,5)([35]9,24,1)([36]23,9,2)([37]34,19,7)([38]12,25,1)([39]29,33,2)([40]13,32,0)([41]3,13,1)([42]15,37,5)([43]39,10,5)([44]2,20,6)([45]36,17,5)([46]42,11,4)([47]1,43,7)([48]46,41,6)([49]31,3,3)([50]9,44,0)([51]11,5,5)([52]45,44,7)([53]16,34,0)([54]10,3,2)([55]19,3,4)([56]52,47,3)([57]29,36,4)([58]10,18,3)([59]2,25,3)([60]3,4,0)([61]46,48,0)([62]56,49,5)([63]60,42,1)([64]50,56,6)([65]3,49,5)([66]62,63,3)([67]15,65,4)([68]62,48,4)([69]61,33,5)([70]65,18,7)([71]41,36,2)([72]12,32,6)([73]31,22,2)([74]17,37,4)([75]27,69,3)([76]42,35,7)([77]60,72,1)([78]39,40,4)([79]40,68,4)([80]76,72,4)([81]8,47,7)([82]65,52,2)([83]42,8,4)([84]48,11,5)([85]46,76,0)([86]3,24,3)(79)
optimized area: 116.63
time: 1264463 ms
seed: 1636317330
NOT FOUND
time: 1079113 ms
seed: 1636333665
{7,1,80,1,2,1,8}([7]1,4,6)([8]6,1,7)([9]2,3,7)([10]2,0,6)([11]4,2,7)([12]1,11,7)([13]0,11,6)([14]1,2,6)([15]3,1,6)([16]2,1,4)([17]7,16,5)([18]5,13,6)([19]8,16,4)([20]11,2,3)([21]18,12,4)([22]20,0,4)([23]2,20,5)([24]9,22,3)([25]19,3,7)([26]14,18,6)([27]25,10,5)([28]22,13,1)([29]26,8,4)([30]7,28,5)([31]0,15,7)([32]9,13,4)([33]3,19,3)([34]24,3,3)([35]13,31,7)([36]33,23,7)([37]12,32,6)([38]26,31,2)([39]11,18,3)([40]23,24,5)([41]29,33,1)([42]35,9,5)([43]5,36,5)([44]39,5,4)([45]22,2,7)([46]5,1,6)([47]17,27,0)([48]23,14,6)([49]46,0,3)([50]42,47,3)([51]37,22,7)([52]44,33,4)([53]51,52,6)([54]43,29,1)([55]25,40,2)([56]22,14,6)([57]53,27,2)([58]48,11,5)([59]12,2,4)([60]59,8,6)([61]52,36,4)([62]54,57,4)([63]55,6,7)([64]42,41,6)([65]12,39,0)([66]15,2,6)([67]54,5,3)([68]56,60,3)([69]62,28,7)([70]69,64,6)([71]58,3,7)([72]23,30,2)([73]19,48,5)([74]70,0,4)([75]39,23,3)([76]38,68,2)([77]27,47,6)([78]27,45,5)([79]76,70,3)([80]45,57,3)([81]52,58,5)([82]5,64,1)([83]62,80,6)([84]18,76,3)([85]57,33,3)([86]61,22,5)(79)
evaluations: 37506473
first invidual area: 147.59
{7,1,80,1,2,1,8}([7]3,2,4)([8]1,6,4)([9]0,4,0)([10]3,1,3)([11]2,4,7)([12]1,11,7)([13]11,9,6)([14]2,0,6)([15]11,12,0)([16]7,3,0)([17]15,5,6)([18]5,13,6)([19]7,2,5)([20]2,17,6)([21]2,15,6)([22]21,0,7)([23]11,9,3)([24]2,1,6)([25]6,16,4)([26]18,24,6)([27]25,14,5)([28]1,12,4)([29]1,17,7)([30]25,18,1)([31]0,10,4)([32]7,13,7)([33]3,30,3)([34]14,29,3)([35]16,31,6)([36]2,33,4)([37]12,32,6)([38]26,31,2)([39]15,18,3)([40]12,1,0)([41]5,32,4)([42]29,17,7)([43]35,9,6)([44]39,33,4)([45]11,37,1)([46]12,29,1)([47]36,5,5)([48]1,16,6)([49]24,33,5)([50]46,19,6)([51]22,37,7)([52]44,5,4)([53]51,52,6)([54]2,43,5)([55]20,40,2)([56]35,19,0)([57]53,27,5)([58]32,35,5)([59]8,26,4)([60]14,33,4)([61]1,32,4)([62]47,57,4)([63]3,24,4)([64]58,59,6)([65]40,45,2)([66]59,46,6)([67]40,21,7)([68]36,66,3)([69]22,62,4)([70]69,64,6)([71]15,42,4)([72]40,61,3)([73]29,23,2)([74]16,4,7)([75]65,50,2)([76]38,68,2)([77]39,21,3)([78]73,46,6)([79]76,70,3)([80]46,67,0)([81]6,37,1)([82]1,2,1)([83]34,40,7)([84]54,59,6)([85]57,26,2)([86]20,1,6)(79)
optimized area: 125.09
time: 1130905 ms
