seed: 1634023754
NOT FOUND
time: 528385 ms
seed: 1634072560
NOT FOUND
time: 521566 ms
seed: 1634234087
NOT FOUND
time: 531024 ms
seed: 1634371596
NOT FOUND
time: 535105 ms
seed: 1634420618
{7,1,80,1,2,1,8}([7]3,0,7)([8]0,7,6)([9]7,6,2)([10]8,7,4)([11]7,5,7)([12]4,1,3)([13]2,1,5)([14]10,11,2)([15]9,1,3)([16]0,5,2)([17]3,1,4)([18]6,3,7)([19]14,3,3)([20]16,4,7)([21]9,12,4)([22]20,8,4)([23]2,19,6)([24]10,1,4)([25]18,5,4)([26]9,16,3)([27]14,26,3)([28]24,2,4)([29]24,6,5)([30]27,0,3)([31]21,27,2)([32]20,26,6)([33]6,21,2)([34]28,18,7)([35]24,32,6)([36]12,30,4)([37]5,15,4)([38]14,35,4)([39]6,9,6)([40]38,34,6)([41]5,32,2)([42]32,14,0)([43]42,8,0)([44]40,20,4)([45]37,44,6)([46]23,33,7)([47]3,42,3)([48]2,28,1)([49]34,25,6)([50]29,14,1)([51]37,30,2)([52]45,41,4)([53]28,11,0)([54]1,11,6)([55]53,15,5)([56]34,14,3)([57]19,45,6)([58]53,16,5)([59]19,27,1)([60]25,34,5)([61]53,31,3)([62]44,61,5)([63]7,22,6)([64]11,45,5)([65]43,53,1)([66]27,41,1)([67]19,65,6)([68]30,5,2)([69]64,62,7)([70]36,9,6)([71]46,30,3)([72]6,25,7)([73]69,41,3)([74]25,30,2)([75]68,18,3)([76]68,34,3)([77]63,62,1)([78]3,18,6)([79]50,52,2)([80]52,55,7)([81]75,73,4)([82]22,63,6)([83]43,47,1)([84]71,81,5)([85]5,38,4)([86]78,45,4)(84)
evaluations: 35408126
first invidual area: 129.78
{7,1,80,1,2,1,8}([7]0,3,7)([8]1,4,3)([9]6,7,2)([10]3,7,3)([11]7,5,7)([12]1,9,3)([13]5,5,3)([14]10,11,2)([15]8,9,4)([16]13,0,2)([17]2,4,2)([18]6,3,7)([19]7,16,5)([20]16,4,7)([21]3,3,6)([22]15,20,2)([23]20,22,6)([24]1,10,4)([25]12,24,3)([26]16,9,3)([27]14,26,3)([28]24,2,4)([29]15,27,2)([30]28,18,7)([31]30,10,7)([32]20,26,6)([33]2,17,1)([34]11,33,5)([35]24,32,6)([36]10,18,5)([37]5,12,4)([38]14,35,4)([39]11,6,4)([40]38,30,6)([41]5,32,2)([42]14,23,3)([43]37,36,3)([44]20,40,4)([45]37,44,6)([46]16,8,2)([47]5,26,7)([48]20,16,1)([49]29,28,3)([50]16,18,0)([51]40,35,5)([52]30,42,0)([53]43,18,2)([54]47,47,1)([55]49,20,7)([56]33,27,4)([57]14,18,0)([58]49,4,3)([59]30,33,6)([60]14,43,3)([61]14,2,5)([62]44,49,5)([63]52,26,0)([64]11,45,5)([65]9,8,0)([66]8,30,1)([67]3,12,6)([68]13,27,2)([69]64,62,2)([70]28,14,7)([71]20,24,6)([72]19,55,6)([73]69,41,6)([74]20,35,1)([75]18,68,6)([76]27,68,3)([77]13,72,4)([78]23,57,0)([79]67,68,6)([80]52,70,0)([81]75,73,4)([82]9,12,1)([83]40,36,6)([84]60,81,5)([85]82,61,4)([86]9,6,4)(84)
optimized area: 112.90
time: 570813 ms
seed: 1634628960
NOT FOUND
time: 535885 ms
seed: 1635155967
{7,1,80,1,2,1,8}([7]5,1,4)([8]6,6,3)([9]0,5,7)([10]2,2,6)([11]0,2,4)([12]8,7,6)([13]1,9,2)([14]5,11,3)([15]1,0,7)([16]7,5,6)([17]9,12,4)([18]2,13,4)([19]4,13,7)([20]19,6,2)([21]3,10,7)([22]16,21,5)([23]21,1,5)([24]21,16,3)([25]12,0,4)([26]25,23,5)([27]12,18,3)([28]26,0,7)([29]26,16,6)([30]27,1,6)([31]3,27,6)([32]11,24,3)([33]9,2,5)([34]16,3,7)([35]2,3,0)([36]17,6,4)([37]17,34,2)([38]28,18,5)([39]18,21,3)([40]13,37,5)([41]5,22,3)([42]19,9,4)([43]10,16,4)([44]29,8,0)([45]42,38,4)([46]40,9,2)([47]31,42,5)([48]14,6,2)([49]13,37,7)([50]12,15,4)([51]9,47,6)([52]8,47,7)([53]21,18,6)([54]29,35,3)([55]40,13,4)([56]22,29,7)([57]47,14,0)([58]29,21,3)([59]20,26,6)([60]55,45,3)([61]3,52,4)([62]9,0,4)([63]49,33,6)([64]60,61,5)([65]27,32,6)([66]33,30,1)([67]54,55,7)([68]55,38,5)([69]59,1,0)([70]37,33,6)([71]59,31,2)([72]2,21,5)([73]61,30,6)([74]29,51,4)([75]69,44,1)([76]73,49,2)([77]76,45,6)([78]12,61,7)([79]64,56,4)([80]79,59,6)([81]14,77,2)([82]63,33,1)([83]9,6,1)([84]81,80,6)([85]76,43,5)([86]62,19,4)(84)
evaluations: 34849655
first invidual area: 141.97
{7,1,80,1,2,1,8}([7]1,5,4)([8]4,3,6)([9]0,5,7)([10]2,4,3)([11]3,4,0)([12]6,7,6)([13]9,1,2)([14]0,2,4)([15]9,12,4)([16]1,7,6)([17]12,0,4)([18]13,2,4)([19]4,13,7)([20]19,6,2)([21]3,2,4)([22]21,16,5)([23]21,1,5)([24]23,7,3)([25]20,0,4)([26]17,23,5)([27]18,16,3)([28]26,0,7)([29]26,16,3)([30]27,1,6)([31]3,27,6)([32]28,18,5)([33]15,12,1)([34]16,3,7)([35]27,14,7)([36]4,6,6)([37]15,34,5)([38]37,15,0)([39]36,11,3)([40]39,27,4)([41]14,24,1)([42]19,9,4)([43]40,12,6)([44]14,12,2)([45]32,42,4)([46]37,42,5)([47]11,26,7)([48]42,31,5)([49]38,13,4)([50]47,7,3)([51]15,10,3)([52]6,48,4)([53]38,15,1)([54]30,3,2)([55]47,28,6)([56]22,29,5)([57]55,1,0)([58]36,54,3)([59]20,26,6)([60]46,0,3)([61]3,52,7)([62]18,10,3)([63]14,5,3)([64]60,61,5)([65]39,25,0)([66]11,34,1)([67]13,54,1)([68]63,19,0)([69]8,0,6)([70]4,35,2)([71]55,66,0)([72]22,13,6)([73]61,30,6)([74]71,63,1)([75]18,27,1)([76]73,49,2)([77]76,45,6)([78]0,3,7)([79]56,64,4)([80]79,59,6)([81]77,68,2)([82]52,5,4)([83]80,57,1)([84]81,80,6)([85]23,31,3)([86]16,80,3)(84)
optimized area: 131.65
time: 589316 ms
seed: 1635205109
NOT FOUND
time: 530139 ms
seed: 1635385948
{7,1,80,1,2,1,8}([7]1,3,7)([8]3,6,7)([9]4,7,6)([10]8,5,4)([11]1,5,3)([12]9,5,2)([13]2,7,7)([14]3,10,5)([15]6,4,3)([16]13,14,2)([17]10,13,5)([18]8,12,7)([19]11,4,4)([20]5,4,7)([21]19,16,3)([22]9,19,7)([23]7,17,0)([24]23,19,4)([25]0,16,7)([26]24,13,5)([27]21,25,2)([28]0,15,2)([29]0,3,4)([30]17,27,7)([31]18,30,7)([32]29,25,0)([33]9,25,7)([34]15,24,4)([35]34,16,7)([36]34,15,2)([37]18,21,7)([38]23,24,6)([39]16,14,1)([40]33,25,7)([41]20,37,7)([42]12,38,1)([43]1,27,6)([44]26,24,4)([45]15,14,3)([46]31,25,4)([47]22,38,2)([48]33,10,4)([49]42,42,7)([50]49,29,3)([51]36,2,0)([52]13,45,3)([53]22,35,6)([54]47,5,7)([55]15,44,5)([56]27,11,7)([57]13,38,7)([58]52,18,4)([59]58,35,7)([60]48,59,2)([61]46,50,7)([62]44,0,5)([63]7,17,1)([64]17,62,1)([65]37,56,3)([66]50,46,5)([67]53,31,6)([68]21,39,3)([69]68,4,1)([70]37,25,4)([71]4,54,5)([72]55,2,1)([73]60,65,2)([74]73,71,2)([75]50,5,0)([76]50,11,3)([77]71,59,5)([78]33,65,2)([79]67,17,7)([80]17,29,5)([81]79,74,7)([82]41,6,0)([83]77,8,1)([84]20,65,0)([85]71,16,2)([86]51,33,1)(81)
evaluations: 27322100
first invidual area: 148.57
{7,1,80,1,2,1,8}([7]3,1,7)([8]6,3,7)([9]7,4,6)([10]8,5,4)([11]5,1,3)([12]9,5,5)([13]2,7,7)([14]10,3,5)([15]10,10,0)([16]14,13,2)([17]13,15,5)([18]8,12,4)([19]4,11,4)([20]19,9,7)([21]16,19,3)([22]16,19,4)([23]20,20,6)([24]6,4,6)([25]0,16,7)([26]3,10,3)([27]21,25,5)([28]9,18,7)([29]11,15,5)([30]18,17,7)([31]25,9,7)([32]25,11,4)([33]26,7,0)([34]7,24,4)([35]34,22,4)([36]14,27,2)([37]15,31,4)([38]0,11,5)([39]35,29,0)([40]6,9,5)([41]8,9,1)([42]35,27,4)([43]15,42,6)([44]20,26,0)([45]17,15,5)([46]0,7,6)([47]44,4,4)([48]17,42,1)([49]4,39,2)([50]18,21,2)([51]39,3,7)([52]8,9,2)([53]28,45,2)([54]3,19,6)([55]39,45,2)([56]39,44,6)([57]30,27,4)([58]12,5,0)([59]55,18,5)([60]37,59,2)([61]52,56,1)([62]43,28,2)([63]60,46,4)([64]5,51,5)([65]50,49,3)([66]11,8,2)([67]56,57,3)([68]50,25,1)([69]46,55,7)([70]57,46,1)([71]4,38,5)([72]7,5,0)([73]60,65,2)([74]73,71,5)([75]35,54,3)([76]14,7,6)([77]16,28,4)([78]3,27,0)([79]67,17,4)([80]14,52,4)([81]79,74,4)([82]43,9,1)([83]74,53,0)([84]37,45,3)([85]45,64,2)([86]2,4,6)(81)
optimized area: 126.98
time: 1160710 ms
seed: 1635635828
NOT FOUND
time: 1076871 ms
seed: 1635683551
NOT FOUND
time: 1092956 ms
seed: 1635731316
{7,1,80,1,2,1,8}([7]6,0,5)([8]1,7,4)([9]1,6,4)([10]7,3,7)([11]0,5,7)([12]5,6,2)([13]8,12,3)([14]1,7,7)([15]2,4,7)([16]10,15,6)([17]14,13,6)([18]2,16,3)([19]6,7,4)([20]6,12,2)([21]4,8,3)([22]21,5,7)([23]11,19,2)([24]18,22,6)([25]9,11,5)([26]0,4,5)([27]0,25,4)([28]10,25,5)([29]3,23,5)([30]5,26,3)([31]3,26,3)([32]9,29,2)([33]13,15,4)([34]4,31,2)([35]33,29,7)([36]27,1,2)([37]12,35,4)([38]27,7,7)([39]28,20,6)([40]24,13,7)([41]4,38,7)([42]34,37,3)([43]41,26,0)([44]24,35,7)([45]41,40,0)([46]24,27,4)([47]26,14,7)([48]35,26,2)([49]46,28,2)([50]36,19,1)([51]35,12,0)([52]7,6,6)([53]36,47,6)([54]49,23,3)([55]44,54,1)([56]16,16,1)([57]25,45,5)([58]45,16,6)([59]18,55,7)([60]52,39,6)([61]8,42,6)([62]45,51,3)([63]26,3,2)([64]17,44,0)([65]40,62,3)([66]20,8,5)([67]20,54,7)([68]25,8,1)([69]36,58,7)([70]42,48,6)([71]25,35,1)([72]54,1,5)([73]70,53,6)([74]73,32,4)([75]65,52,6)([76]74,43,5)([77]39,16,4)([78]74,54,7)([79]75,78,6)([80]63,41,1)([81]10,57,2)([82]36,16,5)([83]45,50,2)([84]59,49,4)([85]83,57,6)([86]59,77,4)(79)
evaluations: 27586889
first invidual area: 152.28
{7,1,80,1,2,1,8}([7]0,6,5)([8]1,7,4)([9]6,1,4)([10]3,7,7)([11]5,0,7)([12]5,6,2)([13]12,8,3)([14]8,4,6)([15]4,2,7)([16]15,10,6)([17]11,1,2)([18]15,14,0)([19]15,13,4)([20]16,2,3)([21]7,6,5)([22]5,14,4)([23]21,11,2)([24]22,20,6)([25]9,11,5)([26]0,4,5)([27]0,25,4)([28]10,25,5)([29]3,23,5)([30]27,14,0)([31]26,3,3)([32]9,29,5)([33]22,17,1)([34]4,31,2)([35]19,29,7)([36]2,31,5)([37]12,35,4)([38]30,7,7)([39]12,32,4)([40]13,24,7)([41]4,38,7)([42]37,34,3)([43]12,26,4)([44]40,41,3)([45]25,5,0)([46]27,24,4)([47]22,31,7)([48]43,6,2)([49]46,28,2)([50]14,12,2)([51]8,26,4)([52]26,45,5)([53]17,51,6)([54]49,23,6)([55]40,30,0)([56]39,9,0)([57]0,42,7)([58]45,56,4)([59]9,32,3)([60]35,1,0)([61]44,30,4)([62]37,34,6)([63]32,24,4)([64]27,25,5)([65]60,44,6)([66]26,15,1)([67]8,38,7)([68]34,16,4)([69]8,17,1)([70]42,50,6)([71]17,22,7)([72]35,1,5)([73]70,53,6)([74]73,32,4)([75]31,39,2)([76]21,69,6)([77]23,10,4)([78]74,54,7)([79]65,78,6)([80]46,28,7)([81]5,0,2)([82]3,28,0)([83]37,79,6)([84]67,65,1)([85]12,67,6)([86]25,81,2)(79)
optimized area: 139.62
time: 1212947 ms
seed: 1635778533
{7,1,80,1,2,1,8}([7]3,1,4)([8]6,0,4)([9]7,0,7)([10]3,9,5)([11]2,4,4)([12]7,2,4)([13]1,4,6)([14]11,8,4)([15]10,11,2)([16]4,5,3)([17]1,9,2)([18]3,5,2)([19]4,7,3)([20]16,17,7)([21]9,14,2)([22]19,12,5)([23]22,9,6)([24]11,20,4)([25]12,23,5)([26]24,7,1)([27]6,4,6)([28]5,1,6)([29]27,21,2)([30]13,5,7)([31]23,24,4)([32]2,16,3)([33]25,32,0)([34]32,8,7)([35]34,34,7)([36]27,20,3)([37]29,27,1)([38]0,37,4)([39]10,21,5)([40]8,31,2)([41]28,26,4)([42]18,36,6)([43]39,30,2)([44]38,43,6)([45]42,34,7)([46]31,44,5)([47]43,42,7)([48]43,2,4)([49]1,20,2)([50]2,36,7)([51]41,40,5)([52]16,27,6)([53]27,20,6)([54]36,14,2)([55]37,29,0)([56]48,45,4)([57]24,1,0)([58]4,19,3)([59]29,41,0)([60]30,15,6)([61]51,46,2)([62]10,59,5)([63]4,49,5)([64]9,13,7)([65]6,7,6)([66]21,46,0)([67]45,63,1)([68]61,54,3)([69]61,0,7)([70]6,44,3)([71]28,64,2)([72]61,38,6)([73]57,50,7)([74]4,43,5)([75]6,4,5)([76]37,48,1)([77]48,73,2)([78]49,54,4)([79]1,68,3)([80]45,44,4)([81]80,46,2)([82]2,56,0)([83]45,25,1)([84]58,77,4)([85]81,68,4)([86]66,3,7)(85)
evaluations: 18957823
first invidual area: 133.99
{7,1,80,1,2,1,8}([7]0,1,7)([8]6,0,4)([9]3,7,4)([10]2,4,5)([11]2,4,4)([12]1,5,3)([13]1,11,6)([14]11,8,4)([15]1,4,6)([16]4,5,3)([17]11,16,3)([18]0,10,7)([19]1,9,5)([20]16,19,4)([21]14,9,2)([22]9,7,7)([23]18,9,6)([24]23,7,0)([25]2,1,5)([26]21,13,0)([27]6,4,6)([28]5,3,2)([29]24,20,3)([30]5,15,7)([31]11,29,4)([32]26,27,5)([33]26,28,6)([34]17,8,7)([35]32,0,4)([36]12,23,7)([37]27,20,3)([38]14,14,3)([39]7,26,5)([40]8,31,2)([41]30,25,0)([42]28,37,6)([43]39,30,2)([44]43,35,6)([45]44,42,6)([46]44,31,5)([47]10,45,6)([48]8,23,1)([49]41,30,4)([50]34,45,4)([51]12,32,6)([52]41,44,0)([53]6,52,2)([54]37,14,2)([55]14,33,2)([56]46,13,6)([57]50,43,3)([58]30,31,3)([59]14,41,1)([60]40,36,5)([61]60,46,2)([62]60,60,2)([63]50,46,5)([64]3,59,6)([65]26,48,3)([66]65,15,6)([67]5,57,0)([68]61,54,3)([69]14,26,1)([70]37,15,0)([71]28,12,0)([72]44,20,5)([73]70,62,0)([74]16,70,3)([75]64,42,4)([76]63,68,4)([77]40,21,4)([78]9,12,0)([79]63,68,7)([80]79,38,0)([81]32,5,2)([82]76,3,5)([83]41,30,5)([84]81,82,7)([85]46,60,2)([86]32,76,2)(79)
optimized area: 120.87
time: 1288692 ms
seed: 1635825514
NOT FOUND
time: 1078485 ms
seed: 1635868621
{7,1,80,1,2,1,8}([7]4,1,4)([8]3,6,5)([9]2,3,4)([10]7,0,5)([11]4,0,4)([12]8,5,2)([13]12,9,6)([14]12,10,6)([15]5,11,2)([16]2,7,7)([17]1,6,5)([18]3,17,7)([19]12,9,5)([20]4,12,6)([21]17,15,7)([22]18,8,2)([23]0,16,3)([24]3,13,4)([25]23,15,7)([26]13,21,5)([27]25,12,6)([28]22,1,5)([29]9,28,6)([30]16,6,3)([31]6,24,7)([32]31,10,1)([33]17,25,0)([34]28,21,7)([35]32,10,7)([36]4,34,7)([37]13,19,3)([38]9,25,5)([39]3,15,4)([40]5,30,2)([41]31,40,1)([42]32,30,0)([43]5,26,7)([44]2,8,4)([45]20,11,7)([46]14,28,2)([47]24,34,7)([48]26,35,5)([49]40,24,7)([50]29,46,4)([51]4,48,4)([52]40,22,6)([53]3,7,7)([54]20,33,1)([55]45,54,3)([56]11,29,4)([57]21,33,5)([58]15,43,1)([59]38,41,6)([60]39,16,6)([61]45,50,7)([62]19,5,0)([63]49,36,6)([64]40,13,1)([65]51,63,7)([66]63,59,4)([67]17,30,4)([68]19,66,2)([69]18,57,2)([70]32,59,3)([71]61,52,6)([72]23,9,7)([73]30,28,3)([74]66,65,6)([75]72,19,3)([76]68,20,7)([77]20,31,4)([78]7,21,0)([79]9,51,3)([80]32,41,4)([81]62,66,6)([82]46,36,1)([83]74,71,6)([84]14,16,5)([85]53,39,0)([86]55,68,0)(83)
evaluations: 12236777
first invidual area: 144.78
{7,1,80,1,2,1,8}([7]4,1,4)([8]3,6,5)([9]3,2,4)([10]0,7,5)([11]4,0,4)([12]8,5,2)([13]12,9,6)([14]12,10,6)([15]11,5,5)([16]2,7,7)([17]6,1,5)([18]4,12,6)([19]17,3,7)([20]6,16,3)([21]17,15,4)([22]19,8,2)([23]16,0,6)([24]13,3,4)([25]13,21,5)([26]23,12,3)([27]9,2,5)([28]22,1,5)([29]21,22,1)([30]22,2,3)([31]24,6,4)([32]17,10,3)([33]10,31,7)([34]4,28,4)([35]9,28,6)([36]21,34,4)([37]4,7,0)([38]3,36,3)([39]26,9,5)([40]5,20,2)([41]24,40,7)([42]14,3,0)([43]41,42,0)([44]30,26,1)([45]18,11,7)([46]11,15,5)([47]40,22,6)([48]33,25,5)([49]46,9,3)([50]28,42,2)([51]4,48,7)([52]15,21,0)([53]50,9,1)([54]33,41,1)([55]50,35,3)([56]34,1,3)([57]56,34,2)([58]2,1,4)([59]39,31,6)([60]46,41,2)([61]45,55,7)([62]4,35,2)([63]43,36,6)([64]59,63,4)([65]51,63,4)([66]7,63,5)([67]40,48,2)([68]34,6,4)([69]26,11,0)([70]24,3,5)([71]61,47,6)([72]45,64,1)([73]9,56,1)([74]61,30,2)([75]7,28,1)([76]64,65,6)([77]67,11,2)([78]66,16,4)([79]14,26,2)([80]74,16,0)([81]18,64,5)([82]57,59,2)([83]76,71,6)([84]1,8,2)([85]42,51,2)([86]85,54,2)(83)
optimized area: 136.81
time: 1330195 ms
seed: 1635910617
{7,1,80,1,2,1,8}([7]3,0,7)([8]5,0,6)([9]1,6,7)([10]4,6,1)([11]10,0,4)([12]7,8,4)([13]4,6,6)([14]5,1,3)([15]12,14,5)([16]0,13,2)([17]9,15,7)([18]2,12,7)([19]10,2,5)([20]9,12,7)([21]1,15,3)([22]15,6,4)([23]15,11,6)([24]20,13,6)([25]24,19,7)([26]25,19,0)([27]13,22,4)([28]26,6,7)([29]7,2,7)([30]11,27,4)([31]1,26,3)([32]29,17,7)([33]19,17,6)([34]5,8,0)([35]11,27,3)([36]1,5,7)([37]29,22,0)([38]32,33,3)([39]28,32,2)([40]29,20,1)([41]30,3,4)([42]33,34,7)([43]26,9,6)([44]10,6,2)([45]32,40,3)([46]31,38,4)([47]36,44,5)([48]11,43,4)([49]36,30,1)([50]11,22,0)([51]5,31,7)([52]48,46,5)([53]27,6,1)([54]52,29,3)([55]38,46,6)([56]23,15,7)([57]54,42,5)([58]39,19,5)([59]23,51,7)([60]0,39,2)([61]60,0,1)([62]61,59,3)([63]5,58,7)([64]57,62,7)([65]40,60,7)([66]65,55,0)([67]38,33,0)([68]0,28,1)([69]11,22,2)([70]63,63,3)([71]45,40,1)([72]47,35,2)([73]25,50,7)([74]10,62,5)([75]7,6,5)([76]73,57,0)([77]55,52,1)([78]26,32,7)([79]60,72,4)([80]76,19,5)([81]8,50,3)([82]39,5,2)([83]8,71,7)([84]14,4,1)([85]51,5,7)([86]64,72,4)(86)
evaluations: 29044857
first invidual area: 143.39
{7,1,80,1,2,1,8}([7]0,3,7)([8]5,0,6)([9]1,6,7)([10]4,1,1)([11]0,10,4)([12]7,8,4)([13]4,6,6)([14]1,5,3)([15]14,12,5)([16]15,4,0)([17]15,9,7)([18]9,12,7)([19]10,2,5)([20]9,18,4)([21]14,6,3)([22]0,6,3)([23]7,4,4)([24]18,13,3)([25]24,19,5)([26]15,4,6)([27]22,16,4)([28]5,9,7)([29]2,7,7)([30]19,15,7)([31]25,1,6)([32]17,29,7)([33]17,19,3)([34]10,6,2)([35]27,11,3)([36]27,17,4)([37]25,6,7)([38]34,28,5)([39]32,0,2)([40]9,0,1)([41]5,33,4)([42]1,26,1)([43]17,25,3)([44]11,25,7)([45]8,43,3)([46]31,17,4)([47]24,41,6)([48]14,24,5)([49]37,39,5)([50]35,35,1)([51]26,31,7)([52]44,46,5)([53]39,26,3)([54]52,29,3)([55]54,44,0)([56]12,34,5)([57]54,41,5)([58]57,56,6)([59]5,51,4)([60]53,25,5)([61]11,1,6)([62]49,59,3)([63]53,15,7)([64]57,62,4)([65]1,34,5)([66]29,17,6)([67]56,25,6)([68]6,43,3)([69]53,31,4)([70]45,40,3)([71]47,45,6)([72]38,35,5)([73]7,69,2)([74]24,9,5)([75]39,28,1)([76]23,7,6)([77]73,1,2)([78]26,57,7)([79]28,35,7)([80]16,45,4)([81]17,20,5)([82]74,29,3)([83]65,67,2)([84]30,67,2)([85]64,72,4)([86]52,11,2)(85)
optimized area: 131.20
time: 1201306 ms
seed: 1635946944
NOT FOUND
time: 1056615 ms
seed: 1635983113
NOT FOUND
time: 1067176 ms
seed: 1636019021
NOT FOUND
time: 1066994 ms
seed: 1636053746
{7,1,80,1,2,1,8}([7]0,4,4)([8]2,7,5)([9]0,8,2)([10]7,2,6)([11]8,3,6)([12]2,1,2)([13]3,6,7)([14]6,3,2)([15]7,14,4)([16]1,4,5)([17]11,1,6)([18]12,4,3)([19]6,14,3)([20]3,5,7)([21]2,12,7)([22]21,20,2)([23]20,11,5)([24]17,5,7)([25]13,5,2)([26]10,14,6)([27]4,21,5)([28]0,10,3)([29]26,24,7)([30]18,19,4)([31]22,14,1)([32]11,15,3)([33]25,31,7)([34]23,21,4)([35]8,2,4)([36]7,26,2)([37]32,25,5)([38]25,12,5)([39]5,7,7)([40]16,7,4)([41]28,40,5)([42]11,34,2)([43]9,38,5)([44]37,40,4)([45]17,15,6)([46]37,30,5)([47]29,33,6)([48]28,20,6)([49]13,2,2)([50]46,43,6)([51]24,35,5)([52]45,10,2)([53]44,51,2)([54]13,52,7)([55]31,46,2)([56]27,11,5)([57]36,27,2)([58]36,54,6)([59]54,17,0)([60]8,15,7)([61]43,1,7)([62]45,54,5)([63]27,56,2)([64]58,3,2)([65]48,62,5)([66]53,30,6)([67]66,47,3)([68]61,43,6)([69]62,5,6)([70]30,41,2)([71]0,57,2)([72]65,39,4)([73]50,40,5)([74]52,39,2)([75]2,47,7)([76]59,57,1)([77]27,75,5)([78]15,63,6)([79]60,78,7)([80]19,44,0)([81]67,50,7)([82]29,27,4)([83]31,75,2)([84]17,35,1)([85]81,72,7)([86]10,61,7)(85)
evaluations: 33900801
first invidual area: 147.10
{7,1,80,1,2,1,8}([7]4,0,4)([8]7,2,5)([9]2,8,5)([10]2,7,6)([11]6,3,2)([12]2,1,2)([13]6,3,7)([14]4,1,5)([15]8,3,6)([16]10,11,6)([17]15,1,6)([18]12,4,3)([19]17,2,5)([20]5,3,7)([21]20,13,1)([22]19,20,5)([23]18,10,0)([24]17,5,7)([25]5,13,2)([26]21,25,6)([27]7,18,4)([28]13,20,1)([29]24,16,7)([30]6,23,4)([31]22,1,4)([32]25,18,7)([33]20,10,3)([34]30,12,2)([35]13,6,5)([36]25,27,5)([37]25,22,7)([38]12,25,5)([39]5,7,4)([40]14,7,7)([41]27,40,3)([42]13,28,3)([43]0,38,5)([44]40,36,7)([45]0,6,0)([46]8,30,5)([47]29,37,3)([48]33,45,6)([49]3,31,6)([50]46,43,6)([51]49,1,0)([52]24,9,5)([53]44,52,2)([54]28,13,1)([55]41,31,4)([56]36,29,2)([57]1,47,0)([58]14,25,1)([59]42,44,1)([60]45,21,3)([61]5,21,0)([62]27,28,5)([63]38,56,0)([64]30,53,3)([65]62,48,5)([66]14,41,4)([67]64,47,5)([68]7,30,6)([69]27,67,7)([70]10,17,4)([71]30,69,4)([72]65,39,7)([73]35,68,4)([74]0,14,5)([75]30,67,1)([76]63,65,2)([77]15,30,0)([78]29,41,4)([79]49,66,1)([80]1,23,6)([81]67,50,7)([82]44,81,5)([83]8,6,1)([84]36,12,7)([85]81,72,7)([86]39,63,6)(85)
optimized area: 124.13
time: 1138276 ms
seed: 1636087542
NOT FOUND
time: 1087367 ms
seed: 1636120665
{7,1,80,1,2,1,8}([7]6,4,7)([8]0,1,4)([9]5,0,5)([10]0,4,1)([11]6,5,4)([12]10,6,5)([13]4,7,6)([14]3,13,4)([15]11,5,4)([16]3,12,7)([17]10,11,3)([18]14,7,4)([19]14,8,3)([20]13,18,4)([21]14,3,3)([22]5,20,5)([23]9,18,7)([24]4,8,7)([25]2,17,6)([26]19,17,2)([27]13,2,4)([28]15,16,2)([29]19,4,5)([30]10,27,3)([31]16,25,4)([32]27,29,2)([33]26,23,3)([34]25,24,6)([35]27,24,5)([36]1,32,6)([37]18,12,3)([38]34,15,6)([39]31,5,5)([40]39,18,7)([41]34,36,6)([42]5,32,7)([43]30,16,7)([44]30,39,6)([45]44,41,3)([46]6,38,1)([47]44,42,6)([48]22,33,4)([49]23,46,0)([50]12,21,7)([51]16,49,3)([52]41,47,3)([53]26,44,7)([54]26,35,3)([55]12,18,0)([56]54,51,4)([57]18,25,6)([58]20,52,3)([59]52,48,6)([60]10,20,2)([61]33,27,4)([62]32,30,7)([63]49,22,0)([64]18,5,0)([65]2,60,1)([66]39,4,5)([67]3,37,4)([68]15,2,6)([69]6,37,4)([70]35,14,2)([71]10,21,0)([72]16,51,0)([73]14,32,3)([74]26,54,5)([75]56,59,4)([76]60,37,2)([77]74,6,2)([78]19,28,1)([79]63,54,6)([80]57,53,1)([81]40,31,3)([82]73,18,1)([83]6,64,0)([84]31,55,7)([85]42,6,1)([86]29,34,3)(75)
evaluations: 18899405
first invidual area: 122.75
{7,1,80,1,2,1,8}([7]4,6,7)([8]1,0,4)([9]0,5,5)([10]0,4,1)([11]9,6,7)([12]11,10,5)([13]7,4,6)([14]3,13,4)([15]6,2,6)([16]7,3,4)([17]10,11,3)([18]2,17,6)([19]8,14,3)([20]3,12,2)([21]9,13,7)([22]5,16,5)([23]16,21,4)([24]8,4,7)([25]22,4,2)([26]17,19,2)([27]13,2,4)([28]2,27,5)([29]25,19,5)([30]24,18,6)([31]23,9,5)([32]29,27,2)([33]20,23,3)([34]3,24,1)([35]1,32,6)([36]23,26,3)([37]4,34,5)([38]25,9,6)([39]5,2,1)([40]38,28,0)([41]35,30,6)([42]32,5,7)([43]35,5,5)([44]30,0,4)([45]24,27,5)([46]42,23,5)([47]33,8,0)([48]36,22,4)([49]42,40,6)([50]23,28,5)([51]32,34,1)([52]41,49,3)([53]17,45,3)([54]26,45,3)([55]54,33,7)([56]35,36,3)([57]52,41,7)([58]7,6,2)([59]52,48,6)([60]37,49,4)([61]45,38,3)([62]12,45,0)([63]54,1,3)([64]11,17,5)([65]55,2,4)([66]21,34,4)([67]8,18,6)([68]26,64,2)([69]4,33,6)([70]25,29,1)([71]59,40,3)([72]63,1,6)([73]27,60,6)([74]54,36,1)([75]73,6,7)([76]20,43,3)([77]44,47,3)([78]33,66,3)([79]47,18,0)([80]54,6,4)([81]53,25,4)([82]57,80,2)([83]62,71,7)([84]59,55,7)([85]78,56,5)([86]7,59,4)(84)
optimized area: 113.84
time: 1229037 ms
seed: 1636153325
{7,1,80,1,2,1,8}([7]6,0,6)([8]5,1,7)([9]6,1,4)([10]0,4,2)([11]4,4,1)([12]7,11,2)([13]0,3,7)([14]10,9,7)([15]0,6,3)([16]14,11,3)([17]8,7,3)([18]2,11,5)([19]13,5,2)([20]2,7,6)([21]17,1,6)([22]16,19,7)([23]13,15,1)([24]7,8,4)([25]20,22,7)([26]25,4,0)([27]25,22,4)([28]19,0,2)([29]17,3,7)([30]29,8,3)([31]21,18,6)([32]29,18,7)([33]30,22,4)([34]19,31,4)([35]15,33,4)([36]4,34,4)([37]17,10,1)([38]3,26,2)([39]22,9,4)([40]25,14,4)([41]15,31,4)([42]7,32,1)([43]0,26,2)([44]7,19,7)([45]36,39,5)([46]45,44,4)([47]43,39,7)([48]0,13,5)([49]14,40,3)([50]7,28,1)([51]24,47,4)([52]46,5,4)([53]16,47,3)([54]47,49,5)([55]7,41,2)([56]0,9,3)([57]32,12,7)([58]27,54,6)([59]55,52,4)([60]25,54,5)([61]32,54,6)([62]25,33,3)([63]62,52,2)([64]59,26,5)([65]59,32,5)([66]16,21,0)([67]19,53,1)([68]4,1,6)([69]47,2,2)([70]69,1,5)([71]21,32,0)([72]20,42,6)([73]64,61,5)([74]22,53,0)([75]36,34,2)([76]49,48,2)([77]6,74,5)([78]35,28,2)([79]11,32,2)([80]17,54,6)([81]60,79,5)([82]63,73,7)([83]71,76,1)([84]16,22,4)([85]11,2,7)([86]56,7,3)(82)
evaluations: 41046967
first invidual area: 141.99
{7,1,80,1,2,1,8}([7]0,6,6)([8]5,1,7)([9]6,1,4)([10]4,0,5)([11]4,10,1)([12]2,6,2)([13]4,6,3)([14]9,10,4)([15]3,0,7)([16]14,11,6)([17]7,8,3)([18]2,11,5)([19]15,5,2)([20]2,7,3)([21]1,17,6)([22]16,19,4)([23]22,8,0)([24]21,10,6)([25]20,23,4)([26]25,10,0)([27]11,5,4)([28]1,25,5)([29]17,3,7)([30]29,8,6)([31]21,18,6)([32]29,31,4)([33]30,23,7)([34]4,31,6)([35]1,21,4)([36]19,34,7)([37]34,17,1)([38]23,3,2)([39]23,9,4)([40]26,7,2)([41]36,39,5)([42]31,24,6)([43]0,25,5)([44]7,19,7)([45]25,14,3)([46]41,44,4)([47]43,39,4)([48]7,31,5)([49]13,30,0)([50]32,3,7)([51]1,24,6)([52]46,5,4)([53]23,48,0)([54]47,45,5)([55]31,0,3)([56]46,35,2)([57]52,46,0)([58]17,21,6)([59]48,57,7)([60]17,58,1)([61]54,32,6)([62]25,33,3)([63]62,57,5)([64]59,25,5)([65]26,40,7)([66]1,4,1)([67]65,28,4)([68]47,1,6)([69]63,8,1)([70]37,11,4)([71]23,8,1)([72]64,2,0)([73]64,61,5)([74]48,71,2)([75]60,1,0)([76]56,3,1)([77]6,25,1)([78]57,58,7)([79]4,2,7)([80]32,41,4)([81]45,27,7)([82]63,73,4)([83]49,31,4)([84]57,81,5)([85]49,20,7)([86]26,21,4)(82)
optimized area: 126.04
time: 1116007 ms
seed: 1636185782
{7,1,80,1,2,1,8}([7]6,3,2)([8]2,3,7)([9]0,5,2)([10]5,8,6)([11]7,10,7)([12]11,7,2)([13]6,0,1)([14]11,0,7)([15]8,4,4)([16]8,14,6)([17]3,13,4)([18]0,1,7)([19]5,0,5)([20]4,11,7)([21]14,2,5)([22]20,21,4)([23]9,1,7)([24]20,5,7)([25]24,16,3)([26]23,22,4)([27]11,7,4)([28]19,17,2)([29]15,18,5)([30]15,26,3)([31]30,4,4)([32]23,25,6)([33]14,8,1)([34]32,30,4)([35]21,23,5)([36]27,3,0)([37]5,31,2)([38]34,25,3)([39]37,14,6)([40]10,39,3)([41]28,38,4)([42]15,34,6)([43]13,2,0)([44]17,39,6)([45]15,6,7)([46]8,14,6)([47]45,31,5)([48]25,0,0)([49]27,32,2)([50]45,40,6)([51]50,5,2)([52]18,50,5)([53]47,50,6)([54]39,15,1)([55]10,50,1)([56]10,35,3)([57]52,41,4)([58]28,53,7)([59]25,31,3)([60]42,3,2)([61]57,3,2)([62]24,30,0)([63]4,20,0)([64]23,61,2)([65]13,64,2)([66]55,35,3)([67]46,53,2)([68]57,66,4)([69]56,19,6)([70]32,53,2)([71]59,68,5)([72]10,69,4)([73]29,30,0)([74]45,42,0)([75]25,48,2)([76]40,36,2)([77]34,21,6)([78]70,40,2)([79]28,10,6)([80]40,17,6)([81]30,71,6)([82]71,56,0)([83]67,65,7)([84]8,14,1)([85]83,82,2)([86]1,15,0)(85)
evaluations: 12444306
first invidual area: 149.92
{7,1,80,1,2,1,8}([7]3,6,5)([8]2,3,7)([9]5,0,5)([10]8,5,6)([11]7,10,4)([12]3,6,7)([13]6,9,2)([14]0,11,7)([15]4,8,4)([16]14,8,6)([17]10,9,7)([18]9,12,5)([19]5,4,4)([20]19,11,4)([21]2,14,5)([22]21,5,7)([23]1,9,4)([24]20,5,4)([25]20,16,3)([26]22,23,4)([27]13,0,6)([28]4,23,4)([29]20,14,7)([30]26,15,3)([31]30,4,4)([32]25,9,5)([33]27,0,4)([34]10,31,1)([35]16,31,2)([36]1,0,7)([37]25,28,3)([38]26,11,0)([39]14,32,6)([40]1,30,7)([41]18,37,4)([42]8,5,6)([43]21,38,5)([44]3,18,4)([45]15,6,7)([46]5,9,0)([47]10,39,3)([48]36,36,1)([49]47,45,6)([50]34,7,7)([51]0,30,7)([52]36,36,0)([53]13,9,1)([54]11,43,2)([55]7,48,5)([56]36,49,5)([57]56,41,7)([58]37,18,2)([59]34,45,0)([60]1,8,0)([61]12,47,1)([62]2,35,3)([63]1,42,2)([64]23,54,2)([65]3,64,2)([66]34,43,3)([67]45,35,2)([68]57,66,4)([69]18,3,0)([70]25,31,3)([71]70,68,5)([72]59,62,5)([73]30,69,2)([74]38,56,3)([75]65,9,0)([76]54,32,1)([77]35,75,4)([78]61,23,2)([79]24,30,1)([80]35,56,6)([81]26,12,6)([82]73,8,5)([83]67,75,6)([84]50,49,6)([85]71,83,2)([86]26,44,3)(85)
optimized area: 135.87
time: 1441652 ms
seed: 1636216375
NOT FOUND
time: 1056790 ms
seed: 1636246383
NOT FOUND
time: 1078505 ms
seed: 1636265459
{7,1,80,1,2,1,8}([7]0,4,5)([8]0,2,2)([9]5,4,5)([10]6,2,4)([11]7,7,0)([12]1,0,7)([13]7,3,7)([14]0,0,0)([15]2,5,6)([16]3,10,7)([17]4,5,4)([18]2,16,4)([19]11,5,1)([20]12,4,5)([21]12,1,6)([22]4,18,7)([23]17,21,4)([24]15,6,4)([25]22,9,4)([26]12,11,7)([27]26,5,0)([28]12,23,7)([29]24,3,0)([30]10,26,5)([31]5,30,5)([32]13,28,5)([33]18,19,6)([34]11,10,7)([35]20,34,5)([36]11,21,4)([37]31,36,2)([38]35,22,2)([39]32,37,6)([40]14,2,2)([41]0,36,0)([42]37,29,7)([43]38,21,2)([44]11,40,7)([45]12,21,6)([46]25,32,7)([47]3,2,7)([48]26,34,4)([49]46,43,4)([50]38,42,6)([51]3,1,1)([52]47,35,0)([53]30,13,4)([54]48,5,5)([55]49,18,7)([56]32,21,4)([57]9,10,7)([58]43,27,7)([59]47,8,4)([60]48,48,6)([61]49,39,4)([62]33,23,4)([63]35,29,6)([64]48,16,6)([65]44,35,0)([66]55,23,3)([67]50,0,7)([68]39,45,4)([69]48,42,0)([70]46,19,7)([71]61,42,4)([72]4,59,6)([73]72,61,3)([74]64,55,4)([75]67,73,5)([76]62,74,3)([77]48,3,6)([78]15,66,0)([79]75,76,5)([80]42,52,6)([81]19,43,4)([82]17,79,4)([83]70,24,5)([84]69,33,1)([85]59,69,5)([86]27,67,2)(82)
evaluations: 39136547
first invidual area: 170.59
{7,1,80,1,2,1,8}([7]0,4,5)([8]7,4,1)([9]5,4,5)([10]6,2,4)([11]7,0,0)([12]0,1,7)([13]11,3,7)([14]10,12,5)([15]2,5,6)([16]3,10,7)([17]4,5,4)([18]2,16,4)([19]12,12,3)([20]1,19,0)([21]20,19,6)([22]4,18,7)([23]17,21,4)([24]6,15,7)([25]22,9,4)([26]19,23,7)([27]18,19,5)([28]9,22,3)([29]17,8,1)([30]3,7,0)([31]5,14,5)([32]13,26,5)([33]8,10,4)([34]11,10,7)([35]27,34,5)([36]8,21,7)([37]36,31,2)([38]35,22,2)([39]37,32,6)([40]31,3,3)([41]34,13,3)([42]37,24,4)([43]38,21,5)([44]3,2,5)([45]23,30,7)([46]25,32,7)([47]9,17,1)([48]24,44,6)([49]46,43,4)([50]42,38,6)([51]31,38,3)([52]22,3,3)([53]22,21,1)([54]50,15,0)([55]49,18,7)([56]18,8,6)([57]3,19,7)([58]37,27,3)([59]44,0,7)([60]2,53,2)([61]46,39,4)([62]56,23,7)([63]23,21,7)([64]57,16,6)([65]22,12,7)([66]55,8,4)([67]54,0,7)([68]43,6,7)([69]57,48,4)([70]15,2,5)([71]70,28,4)([72]4,59,6)([73]72,61,3)([74]64,55,4)([75]67,73,5)([76]62,74,5)([77]20,44,3)([78]59,30,1)([79]75,76,5)([80]54,51,4)([81]25,0,5)([82]17,79,4)([83]51,78,1)([84]47,67,0)([85]41,11,3)([86]75,16,2)(82)
optimized area: 159.80
time: 1167056 ms
seed: 1636282113
{7,1,80,1,2,1,8}([7]6,2,4)([8]6,3,7)([9]1,6,0)([10]8,6,5)([11]5,0,4)([12]0,6,2)([13]8,3,0)([14]1,11,7)([15]10,9,4)([16]7,9,2)([17]0,4,3)([18]3,11,3)([19]14,0,4)([20]4,15,1)([21]7,20,7)([22]18,2,4)([23]20,11,5)([24]17,7,6)([25]15,21,7)([26]21,1,5)([27]11,18,4)([28]11,16,3)([29]28,4,4)([30]12,29,3)([31]28,5,6)([32]26,17,3)([33]20,19,4)([34]22,5,6)([35]20,10,3)([36]19,27,5)([37]34,30,6)([38]36,11,4)([39]36,15,3)([40]13,34,3)([41]15,16,6)([42]40,37,7)([43]5,35,7)([44]18,33,7)([45]25,43,3)([46]25,12,4)([47]32,42,7)([48]47,45,2)([49]8,41,1)([50]27,11,7)([51]24,0,7)([52]46,7,0)([53]29,10,4)([54]39,24,4)([55]54,47,6)([56]35,53,7)([57]45,0,2)([58]38,38,5)([59]41,5,2)([60]32,54,1)([61]52,47,1)([62]47,56,1)([63]34,29,5)([64]8,17,2)([65]36,6,6)([66]65,62,6)([67]55,0,7)([68]51,65,7)([69]47,29,1)([70]55,56,4)([71]66,69,7)([72]3,31,4)([73]22,58,4)([74]66,57,6)([75]74,70,4)([76]16,50,0)([77]74,20,3)([78]15,10,4)([79]28,21,5)([80]59,8,6)([81]44,10,6)([82]76,24,7)([83]8,8,7)([84]48,25,1)([85]55,53,0)([86]33,14,1)(75)
evaluations: 18889678
first invidual area: 141.98
{7,1,80,1,2,1,8}([7]6,2,4)([8]7,1,2)([9]6,3,7)([10]9,3,5)([11]0,5,4)([12]4,7,4)([13]6,0,2)([14]11,8,6)([15]10,1,4)([16]14,1,6)([17]4,0,3)([18]3,11,6)([19]0,1,7)([20]12,15,7)([21]19,20,6)([22]2,11,6)([23]2,18,7)([24]17,19,6)([25]15,6,0)([26]13,6,2)([27]11,18,6)([28]4,5,1)([29]14,28,4)([30]29,13,3)([31]25,16,0)([32]28,16,3)([33]18,18,0)([34]23,5,6)([35]10,28,3)([36]19,27,5)([37]34,30,6)([38]23,5,2)([39]25,36,6)([40]9,34,6)([41]39,27,1)([42]24,37,3)([43]11,35,4)([44]35,11,0)([45]43,20,3)([46]17,12,3)([47]42,40,4)([48]29,41,4)([49]26,34,2)([50]37,32,6)([51]41,37,4)([52]43,14,2)([53]42,12,1)([54]39,46,4)([55]54,47,6)([56]48,6,4)([57]52,22,5)([58]33,1,6)([59]42,36,6)([60]58,45,0)([61]45,0,2)([62]19,51,2)([63]53,6,3)([64]41,19,7)([65]47,39,1)([66]59,65,6)([67]66,61,6)([68]10,29,7)([69]2,32,7)([70]55,67,4)([71]16,69,4)([72]16,56,3)([73]44,68,4)([74]41,68,1)([75]42,14,6)([76]70,73,4)([77]26,15,2)([78]40,63,5)([79]78,1,7)([80]37,33,6)([81]2,14,1)([82]55,31,1)([83]47,10,2)([84]38,51,4)([85]65,84,5)([86]67,73,5)(76)
optimized area: 130.72
time: 1227112 ms
seed: 1636298457
{7,1,80,1,2,1,8}([7]1,5,6)([8]3,4,6)([9]1,2,4)([10]8,2,7)([11]6,9,4)([12]11,0,7)([13]4,11,1)([14]13,9,5)([15]1,5,3)([16]13,6,6)([17]3,15,2)([18]13,0,3)([19]18,7,5)([20]19,5,1)([21]5,20,7)([22]21,1,0)([23]5,13,3)([24]16,21,6)([25]11,18,7)([26]12,23,7)([27]25,10,3)([28]17,19,4)([29]5,18,5)([30]6,28,7)([31]28,25,0)([32]29,30,4)([33]23,10,2)([34]8,21,2)([35]25,26,6)([36]10,3,4)([37]29,28,4)([38]18,13,4)([39]26,27,4)([40]22,3,1)([41]11,9,0)([42]12,33,6)([43]34,0,2)([44]3,5,4)([45]17,39,7)([46]9,4,3)([47]31,21,6)([48]18,16,6)([49]14,13,3)([50]38,2,5)([51]39,22,7)([52]11,15,1)([53]42,13,4)([54]47,24,1)([55]53,32,3)([56]0,7,7)([57]11,47,0)([58]8,45,1)([59]34,10,6)([60]56,36,3)([61]26,36,5)([62]19,56,3)([63]29,0,4)([64]30,43,3)([65]18,0,1)([66]24,45,4)([67]4,37,6)([68]60,66,6)([69]60,66,5)([70]63,13,3)([71]6,5,0)([72]48,71,7)([73]69,64,5)([74]42,60,2)([75]15,3,6)([76]73,55,5)([77]42,65,2)([78]75,10,6)([79]18,35,0)([80]14,25,5)([81]70,51,0)([82]76,46,4)([83]58,64,7)([84]58,60,0)([85]5,29,6)([86]57,61,2)(82)
evaluations: 19187614
first invidual area: 131.66
{7,1,80,1,2,1,8}([7]1,5,6)([8]3,4,6)([9]2,1,4)([10]8,2,7)([11]6,9,7)([12]11,0,4)([13]4,9,1)([14]13,6,6)([15]7,14,1)([16]11,8,2)([17]15,3,2)([18]13,0,3)([19]5,18,5)([20]4,9,0)([21]15,14,0)([22]18,7,2)([23]1,0,1)([24]14,9,1)([25]23,18,2)([26]25,10,6)([27]13,5,3)([28]22,17,3)([29]5,25,6)([30]6,28,4)([31]29,14,3)([32]17,22,2)([33]27,31,5)([34]23,6,7)([35]29,8,2)([36]10,3,4)([37]9,36,5)([38]0,15,4)([39]30,35,3)([40]17,1,6)([41]4,26,4)([42]27,10,2)([43]1,22,5)([44]17,26,7)([45]44,17,5)([46]12,42,6)([47]22,34,5)([48]19,30,7)([49]33,41,1)([50]29,19,0)([51]37,31,0)([52]33,37,7)([53]46,13,7)([54]35,19,0)([55]53,48,5)([56]12,33,7)([57]38,36,3)([58]42,3,2)([59]25,1,4)([60]56,54,0)([61]51,52,0)([62]30,42,3)([63]20,46,0)([64]13,38,4)([65]20,9,6)([66]44,60,4)([67]42,34,3)([68]30,0,3)([69]57,66,5)([70]34,28,3)([71]67,21,4)([72]18,22,1)([73]69,39,5)([74]23,16,5)([75]71,16,3)([76]55,73,5)([77]44,35,5)([78]47,12,4)([79]22,9,7)([80]65,55,7)([81]76,65,7)([82]28,39,5)([83]41,51,6)([84]10,83,2)([85]59,43,6)([86]68,64,6)(81)
optimized area: 118.51
time: 1206743 ms
seed: 1636314865
NOT FOUND
time: 1073026 ms
seed: 1636331094
{7,1,80,1,2,1,8}([7]3,1,3)([8]1,3,2)([9]6,2,3)([10]4,2,5)([11]9,1,2)([12]9,11,4)([13]5,4,7)([14]0,4,2)([15]5,3,2)([16]6,11,1)([17]8,10,4)([18]5,13,5)([19]5,17,7)([20]15,12,7)([21]14,18,6)([22]14,19,4)([23]0,20,5)([24]23,4,0)([25]0,4,6)([26]24,6,5)([27]7,14,7)([28]25,6,2)([29]26,13,5)([30]17,18,5)([31]29,22,5)([32]27,19,7)([33]25,1,5)([34]12,18,7)([35]28,30,7)([36]1,8,1)([37]17,7,7)([38]34,26,7)([39]2,31,7)([40]29,2,4)([41]17,27,3)([42]16,15,7)([43]42,24,7)([44]26,31,2)([45]27,35,5)([46]45,43,2)([47]39,28,1)([48]43,37,6)([49]1,29,1)([50]18,17,0)([51]25,34,4)([52]31,12,4)([53]39,45,5)([54]11,40,7)([55]54,18,2)([56]0,22,4)([57]56,29,0)([58]56,0,1)([59]27,40,0)([60]38,15,2)([61]21,60,3)([62]11,19,2)([63]7,22,4)([64]32,4,0)([65]33,64,0)([66]4,58,3)([67]11,44,0)([68]32,38,7)([69]36,51,7)([70]53,61,3)([71]70,46,4)([72]32,68,6)([73]30,41,0)([74]72,18,0)([75]68,56,4)([76]60,68,3)([77]38,66,7)([78]66,54,3)([79]32,6,4)([80]23,38,4)([81]44,59,3)([82]43,20,3)([83]58,80,2)([84]78,71,2)([85]81,19,2)([86]62,58,6)(84)
evaluations: 43270440
first invidual area: 136.80
{7,1,80,1,2,1,8}([7]3,1,6)([8]1,3,2)([9]2,6,3)([10]4,2,5)([11]1,9,2)([12]9,11,4)([13]5,4,7)([14]0,4,2)([15]5,3,2)([16]12,12,6)([17]8,10,4)([18]4,13,5)([19]5,17,7)([20]15,12,7)([21]0,18,6)([22]14,19,4)([23]0,20,5)([24]11,16,2)([25]0,4,6)([26]23,6,5)([27]14,7,3)([28]25,6,2)([29]26,13,5)([30]17,18,5)([31]29,22,5)([32]17,2,6)([33]18,12,7)([34]18,11,3)([35]28,30,6)([36]21,13,4)([37]5,10,7)([38]33,26,7)([39]2,31,7)([40]29,2,7)([41]6,5,2)([42]6,15,4)([43]23,42,7)([44]26,18,3)([45]27,35,5)([46]45,43,5)([47]45,7,0)([48]46,7,6)([49]25,40,6)([50]22,8,0)([51]25,17,4)([52]3,9,3)([53]39,45,5)([54]11,40,4)([55]22,35,2)([56]50,0,7)([57]51,33,4)([58]43,37,5)([59]46,7,1)([60]38,15,2)([61]21,60,3)([62]3,55,3)([63]56,13,2)([64]8,42,6)([65]43,1,2)([66]4,56,3)([67]57,8,7)([68]37,42,6)([69]3,56,4)([70]53,61,3)([71]70,46,7)([72]47,45,5)([73]29,6,7)([74]30,71,5)([75]34,74,7)([76]27,71,4)([77]40,69,7)([78]66,54,3)([79]5,61,1)([80]3,77,4)([81]36,21,6)([82]56,59,4)([83]56,37,2)([84]78,71,2)([85]32,77,2)([86]16,63,2)(84)
optimized area: 128.83
time: 1103299 ms
