seed: 1633869780
NOT FOUND
time: 529448 ms
seed: 1634007430
NOT FOUND
time: 523840 ms
seed: 1634056251
{7,1,80,1,2,1,8}([7]2,0,6)([8]4,7,3)([9]6,4,4)([10]0,5,6)([11]0,3,3)([12]9,3,7)([13]9,1,3)([14]8,1,7)([15]12,0,4)([16]5,14,4)([17]9,0,2)([18]6,14,6)([19]2,13,7)([20]19,11,5)([21]7,12,7)([22]4,20,7)([23]7,19,3)([24]3,16,4)([25]18,12,5)([26]21,24,1)([27]6,17,7)([28]14,12,3)([29]22,15,3)([30]9,19,5)([31]6,5,7)([32]24,30,2)([33]18,26,2)([34]23,29,3)([35]27,34,0)([36]10,20,7)([37]34,25,2)([38]37,7,7)([39]0,25,4)([40]3,10,4)([41]18,17,7)([42]34,14,7)([43]26,32,5)([44]31,12,2)([45]36,38,1)([46]1,44,2)([47]20,39,1)([48]30,46,7)([49]5,35,7)([50]36,5,2)([51]49,28,5)([52]16,42,7)([53]20,48,3)([54]15,13,5)([55]44,12,7)([56]9,42,0)([57]22,50,3)([58]41,43,7)([59]32,20,6)([60]23,51,7)([61]60,58,3)([62]38,57,7)([63]18,53,3)([64]62,52,5)([65]64,61,2)([66]29,47,0)([67]7,42,2)([68]13,3,0)([69]28,62,2)([70]38,39,6)([71]63,65,2)([72]70,63,6)([73]39,27,1)([74]53,47,6)([75]40,58,5)([76]30,3,6)([77]55,71,7)([78]4,21,2)([79]21,62,5)([80]23,9,5)([81]53,66,0)([82]58,77,7)([83]44,63,7)([84]68,6,2)([85]12,55,7)([86]78,38,2)(77)
evaluations: 31114030
first invidual area: 171.97
{7,1,80,1,2,1,8}([7]0,2,6)([8]2,0,2)([9]6,4,4)([10]4,7,6)([11]0,3,3)([12]9,3,7)([13]1,9,6)([14]10,1,4)([15]10,3,1)([16]3,14,4)([17]9,0,2)([18]14,6,6)([19]2,13,4)([20]19,11,5)([21]7,12,4)([22]12,7,0)([23]7,19,3)([24]16,5,4)([25]18,20,3)([26]25,22,5)([27]6,17,4)([28]14,12,3)([29]4,23,3)([30]9,2,5)([31]5,6,7)([32]30,24,2)([33]18,28,5)([34]3,23,7)([35]1,30,5)([36]8,29,3)([37]36,33,5)([38]10,29,1)([39]27,5,4)([40]36,23,5)([41]17,18,4)([42]2,15,0)([43]32,21,5)([44]31,12,2)([45]7,37,7)([46]39,7,0)([47]12,43,5)([48]44,1,5)([49]36,9,3)([50]4,20,4)([51]30,48,4)([52]8,51,1)([53]51,20,3)([54]28,46,5)([55]44,22,7)([56]12,40,7)([57]15,48,7)([58]41,43,4)([59]5,58,1)([60]23,54,7)([61]60,58,3)([62]45,50,7)([63]53,41,3)([64]62,59,5)([65]64,61,2)([66]9,26,1)([67]6,14,4)([68]6,49,0)([69]58,67,7)([70]60,29,1)([71]63,65,5)([72]37,58,3)([73]11,28,4)([74]41,59,7)([75]30,65,3)([76]13,16,0)([77]55,71,4)([78]37,58,0)([79]61,67,6)([80]78,75,5)([81]15,71,7)([82]30,57,7)([83]47,19,7)([84]56,44,6)([85]11,84,6)([86]9,36,7)(77)
optimized area: 147.12
time: 589773 ms
seed: 1634170565
NOT FOUND
time: 532615 ms
seed: 1634217803
NOT FOUND
time: 542137 ms
seed: 1634314833
NOT FOUND
time: 525958 ms
seed: 1634355328
{7,1,80,1,2,1,8}([7]1,3,4)([8]3,0,4)([9]1,8,6)([10]2,3,5)([11]0,8,3)([12]5,5,6)([13]12,0,5)([14]10,6,4)([15]5,7,1)([16]9,2,4)([17]1,13,2)([18]4,14,4)([19]5,14,3)([20]11,6,7)([21]3,5,3)([22]17,18,4)([23]4,14,3)([24]20,14,0)([25]22,19,2)([26]21,21,3)([27]19,23,4)([28]21,2,7)([29]7,2,7)([30]25,21,4)([31]4,29,2)([32]16,13,0)([33]28,13,2)([34]31,2,2)([35]9,17,0)([36]28,31,7)([37]25,20,5)([38]25,29,4)([39]24,12,2)([40]16,13,5)([41]16,37,4)([42]29,25,7)([43]36,30,6)([44]32,35,2)([45]23,22,2)([46]29,4,0)([47]15,37,2)([48]40,19,5)([49]5,19,4)([50]31,33,4)([51]48,31,5)([52]4,12,6)([53]45,52,7)([54]6,18,5)([55]12,12,4)([56]8,32,5)([57]41,53,2)([58]0,11,6)([59]23,51,7)([60]7,4,7)([61]3,54,4)([62]34,9,2)([63]47,23,7)([64]17,33,7)([65]59,57,7)([66]27,36,3)([67]16,22,1)([68]43,64,3)([69]42,36,4)([70]32,13,0)([71]6,59,3)([72]68,41,6)([73]62,36,2)([74]61,0,4)([75]54,29,3)([76]72,61,2)([77]65,30,1)([78]12,53,2)([79]36,67,0)([80]76,8,1)([81]58,37,7)([82]65,76,4)([83]4,80,7)([84]72,9,1)([85]14,8,0)([86]44,25,3)(82)
evaluations: 6551587
first invidual area: 137.29
{7,1,80,1,2,1,8}([7]2,3,4)([8]0,3,4)([9]1,8,4)([10]3,2,5)([11]1,7,7)([12]5,1,1)([13]0,12,5)([14]6,10,7)([15]1,8,6)([16]5,6,3)([17]1,13,2)([18]14,4,7)([19]15,2,4)([20]1,1,0)([21]0,8,6)([22]10,3,7)([23]4,18,3)([24]19,13,5)([25]15,22,0)([26]12,14,5)([27]18,15,3)([28]6,21,4)([29]18,17,4)([30]8,12,3)([31]29,23,5)([32]8,12,6)([33]31,27,6)([34]12,26,5)([35]8,26,0)([36]28,29,5)([37]26,23,6)([38]4,12,3)([39]12,33,1)([40]15,12,3)([41]36,19,4)([42]11,4,2)([43]12,7,7)([44]25,39,2)([45]26,24,5)([46]27,34,3)([47]31,39,7)([48]2,30,2)([49]1,23,1)([50]23,5,5)([51]42,45,5)([52]20,9,5)([53]38,31,7)([54]8,50,6)([55]28,36,6)([56]43,17,4)([57]29,44,1)([58]7,5,4)([59]51,23,5)([60]55,12,0)([61]41,53,5)([62]33,13,0)([63]27,34,2)([64]19,29,7)([65]59,61,4)([66]52,62,5)([67]33,49,2)([68]56,51,7)([69]64,42,0)([70]63,56,3)([71]28,65,2)([72]41,70,6)([73]49,36,6)([74]72,10,5)([75]72,46,5)([76]65,74,4)([77]48,55,7)([78]73,35,5)([79]31,43,5)([80]14,69,2)([81]78,35,4)([82]23,48,0)([83]44,27,0)([84]16,31,7)([85]46,10,2)([86]60,58,6)(76)
optimized area: 112.90
time: 656058 ms
seed: 1634404305
{7,1,80,1,2,1,8}([7]1,4,4)([8]5,7,0)([9]6,7,7)([10]3,2,2)([11]5,1,2)([12]5,7,4)([13]2,3,6)([14]11,13,7)([15]0,2,7)([16]14,0,2)([17]4,13,7)([18]10,6,7)([19]12,4,6)([20]17,8,6)([21]19,12,1)([22]2,4,3)([23]1,22,2)([24]5,23,4)([25]0,6,4)([26]21,6,5)([27]18,19,4)([28]1,19,4)([29]23,3,2)([30]24,25,5)([31]26,16,2)([32]15,12,4)([33]19,3,6)([34]17,27,5)([35]1,12,0)([36]2,8,4)([37]9,34,5)([38]10,29,5)([39]28,33,6)([40]21,6,6)([41]25,37,5)([42]29,41,0)([43]2,12,5)([44]0,31,7)([45]32,33,7)([46]29,31,7)([47]46,27,5)([48]34,5,1)([49]37,10,6)([50]18,9,6)([51]39,42,3)([52]30,17,5)([53]17,41,4)([54]49,15,5)([55]54,36,2)([56]13,24,6)([57]41,22,6)([58]31,45,1)([59]56,53,3)([60]59,35,7)([61]50,47,7)([62]23,28,2)([63]24,12,6)([64]11,54,2)([65]7,19,7)([66]59,55,6)([67]61,66,4)([68]36,21,3)([69]47,16,2)([70]55,34,7)([71]35,70,1)([72]18,17,7)([73]63,7,1)([74]40,23,2)([75]60,4,2)([76]33,57,3)([77]73,18,3)([78]44,47,0)([79]54,44,1)([80]58,19,2)([81]2,78,1)([82]13,27,6)([83]61,27,5)([84]62,67,2)([85]43,59,1)([86]10,24,7)(67)
evaluations: 11521713
first invidual area: 118.07
{7,1,80,1,2,1,8}([7]5,4,7)([8]1,4,4)([9]8,6,7)([10]1,5,5)([11]6,0,4)([12]5,1,4)([13]3,2,6)([14]12,4,3)([15]2,3,5)([16]13,10,4)([17]4,13,7)([18]15,6,4)([19]2,17,1)([20]9,3,0)([21]18,14,7)([22]4,2,3)([23]11,21,3)([24]22,3,2)([25]24,6,5)([26]11,4,5)([27]22,12,2)([28]22,10,3)([29]21,17,0)([30]25,0,2)([31]16,30,5)([32]5,5,5)([33]23,15,2)([34]1,24,5)([35]26,31,5)([36]18,17,5)([37]23,32,2)([38]31,34,7)([39]20,36,5)([40]35,27,0)([41]11,39,5)([42]9,40,5)([43]23,29,0)([44]16,31,6)([45]42,18,0)([46]7,7,1)([47]13,27,6)([48]21,3,1)([49]47,21,2)([50]46,48,1)([51]41,17,4)([52]2,5,4)([53]11,19,3)([54]9,18,3)([55]45,52,2)([56]26,23,7)([57]20,14,3)([58]29,38,5)([59]55,51,3)([60]17,36,7)([61]37,12,6)([62]26,61,2)([63]17,29,6)([64]41,45,0)([65]17,37,4)([66]59,47,3)([67]26,7,7)([68]49,42,5)([69]59,41,2)([70]19,49,7)([71]58,54,4)([72]10,21,7)([73]26,30,0)([74]37,68,1)([75]53,11,2)([76]43,48,0)([77]35,6,2)([78]70,63,6)([79]45,47,4)([80]43,35,5)([81]3,23,6)([82]71,66,7)([83]15,10,4)([84]52,57,1)([85]72,35,1)([86]49,29,0)(82)
optimized area: 109.15
time: 604473 ms
seed: 1634453310
NOT FOUND
time: 528877 ms
seed: 1634513528
{7,1,80,1,2,1,8}([7]6,1,7)([8]4,0,2)([9]6,5,2)([10]5,5,1)([11]1,10,5)([12]1,11,4)([13]5,6,4)([14]3,2,4)([15]14,3,2)([16]4,1,5)([17]8,16,4)([18]10,1,6)([19]2,9,3)([20]0,7,3)([21]3,2,2)([22]14,4,7)([23]12,17,2)([24]21,22,4)([25]20,1,2)([26]5,14,3)([27]17,11,5)([28]4,7,5)([29]23,4,6)([30]24,26,5)([31]0,2,5)([32]24,15,6)([33]20,30,4)([34]0,3,4)([35]28,18,3)([36]4,6,4)([37]36,16,5)([38]21,36,4)([39]13,0,7)([40]9,19,1)([41]33,23,5)([42]19,5,4)([43]34,31,0)([44]31,24,2)([45]15,13,3)([46]35,38,7)([47]25,13,7)([48]32,29,7)([49]48,39,6)([50]19,41,5)([51]47,44,6)([52]43,10,0)([53]48,26,7)([54]6,6,1)([55]50,53,2)([56]39,10,2)([57]28,18,5)([58]55,34,2)([59]56,37,3)([60]28,31,4)([61]17,24,6)([62]0,17,7)([63]49,50,7)([64]29,19,2)([65]29,37,1)([66]36,8,6)([67]62,31,1)([68]46,58,6)([69]17,28,1)([70]38,13,0)([71]32,26,4)([72]34,11,7)([73]30,30,1)([74]51,63,6)([75]19,4,0)([76]61,13,5)([77]57,21,4)([78]67,41,3)([79]4,62,3)([80]60,53,6)([81]8,71,2)([82]74,68,6)([83]82,41,7)([84]57,80,4)([85]46,19,3)([86]69,57,2)(83)
evaluations: 3724451
first invidual area: 148.05
{7,1,80,1,2,1,8}([7]2,0,5)([8]2,3,5)([9]2,3,6)([10]4,2,0)([11]1,5,5)([12]8,10,2)([13]6,5,4)([14]6,1,7)([15]4,0,5)([16]1,4,5)([17]7,3,2)([18]10,6,3)([19]16,10,5)([20]0,14,3)([21]20,1,5)([22]15,16,7)([23]11,22,2)([24]9,10,4)([25]24,7,2)([26]5,12,3)([27]8,18,4)([28]13,21,4)([29]8,23,2)([30]26,24,5)([31]5,6,2)([32]17,24,6)([33]30,20,4)([34]28,6,6)([35]34,19,6)([36]2,31,3)([37]35,17,6)([38]24,4,0)([39]9,19,0)([40]25,30,0)([41]23,33,5)([42]37,10,1)([43]37,33,4)([44]23,10,6)([45]43,33,0)([46]27,35,7)([47]0,13,7)([48]44,32,6)([49]4,37,1)([50]36,41,5)([51]40,24,5)([52]48,47,6)([53]21,22,1)([54]0,48,4)([55]49,48,0)([56]13,7,5)([57]38,48,0)([58]50,54,2)([59]18,7,7)([60]12,51,7)([61]15,52,6)([62]25,28,6)([63]52,50,7)([64]0,9,3)([65]24,14,4)([66]51,0,6)([67]15,3,2)([68]46,58,6)([69]54,4,2)([70]46,6,7)([71]59,53,6)([72]62,39,6)([73]6,40,3)([74]62,63,6)([75]68,49,2)([76]4,75,5)([77]47,46,6)([78]73,19,5)([79]35,57,5)([80]45,10,1)([81]34,39,2)([82]74,68,6)([83]41,82,7)([84]58,26,6)([85]81,31,1)([86]21,66,6)(83)
optimized area: 124.12
time: 692529 ms
seed: 1634612755
NOT FOUND
time: 539310 ms
seed: 1635139705
NOT FOUND
time: 537624 ms
seed: 1635188883
{7,1,80,1,2,1,8}([7]2,3,6)([8]5,3,4)([9]4,6,5)([10]2,4,4)([11]3,1,4)([12]2,3,5)([13]10,6,3)([14]0,7,0)([15]8,7,5)([16]15,1,2)([17]14,12,2)([18]9,8,2)([19]17,5,6)([20]11,12,2)([21]18,5,0)([22]13,18,4)([23]20,20,7)([24]19,6,4)([25]13,2,6)([26]10,4,6)([27]17,2,5)([28]0,11,1)([29]14,26,0)([30]10,5,5)([31]30,5,2)([32]20,25,4)([33]4,7,5)([34]6,16,5)([35]32,24,7)([36]1,24,5)([37]13,26,3)([38]28,29,4)([39]22,0,6)([40]11,39,2)([41]26,40,4)([42]31,41,5)([43]10,34,6)([44]30,5,7)([45]10,29,2)([46]37,30,5)([47]39,31,2)([48]43,15,1)([49]19,20,5)([50]16,35,6)([51]45,33,6)([52]47,15,1)([53]50,49,0)([54]18,37,3)([55]0,49,7)([56]36,42,7)([57]46,3,6)([58]13,23,5)([59]6,43,6)([60]56,48,5)([61]3,27,0)([62]2,22,4)([63]62,57,4)([64]60,63,7)([65]31,18,5)([66]61,45,7)([67]49,62,7)([68]45,67,4)([69]45,7,3)([70]44,57,0)([71]11,20,2)([72]68,53,5)([73]3,1,2)([74]49,41,5)([75]23,45,1)([76]7,42,4)([77]61,6,3)([78]21,9,5)([79]45,50,2)([80]62,38,5)([81]24,8,6)([82]64,72,7)([83]31,23,7)([84]33,13,5)([85]12,81,6)([86]82,69,6)(82)
evaluations: 13014172
first invidual area: 132.10
{7,1,80,1,2,1,8}([7]5,3,0)([8]1,1,2)([9]3,2,5)([10]4,2,4)([11]3,8,4)([12]7,3,4)([13]6,10,3)([14]0,9,2)([15]14,5,5)([16]1,15,2)([17]6,4,5)([18]17,12,5)([19]5,14,6)([20]9,11,2)([21]11,15,7)([22]18,13,7)([23]12,8,2)([24]19,6,4)([25]13,16,5)([26]13,2,6)([27]20,12,3)([28]25,10,3)([29]24,8,5)([30]7,10,5)([31]7,30,2)([32]20,26,7)([33]27,15,7)([34]26,13,3)([35]32,24,4)([36]24,33,3)([37]15,4,1)([38]0,10,5)([39]22,0,6)([40]11,39,5)([41]40,2,4)([42]31,41,5)([43]24,28,4)([44]4,12,2)([45]0,19,4)([46]34,30,5)([47]27,40,4)([48]19,39,6)([49]7,12,5)([50]16,35,6)([51]10,27,4)([52]20,19,5)([53]3,46,3)([54]42,29,7)([55]36,50,2)([56]54,11,6)([57]13,16,4)([58]25,36,2)([59]19,8,0)([60]54,28,5)([61]42,11,4)([62]22,2,4)([63]62,60,4)([64]53,63,7)([65]23,47,5)([66]53,57,5)([67]62,38,7)([68]52,67,7)([69]40,47,6)([70]26,36,5)([71]18,46,6)([72]68,50,5)([73]36,71,4)([74]46,55,4)([75]51,71,2)([76]53,28,4)([77]46,7,5)([78]69,71,4)([79]54,77,2)([80]13,15,1)([81]71,14,5)([82]64,72,4)([83]23,80,3)([84]72,55,1)([85]80,27,6)([86]67,44,6)(82)
optimized area: 124.61
time: 649580 ms
seed: 1635336682
{7,1,80,1,2,1,8}([7]6,3,4)([8]4,0,0)([9]7,2,7)([10]4,1,7)([11]3,9,5)([12]0,5,3)([13]1,3,7)([14]0,10,4)([15]13,1,4)([16]2,10,5)([17]14,13,6)([18]12,12,0)([19]6,13,1)([20]5,4,4)([21]3,17,7)([22]17,18,0)([23]18,20,2)([24]22,15,3)([25]11,4,4)([26]16,6,5)([27]23,10,2)([28]27,6,4)([29]16,14,3)([30]28,4,4)([31]9,25,0)([32]13,30,6)([33]23,6,6)([34]21,23,3)([35]10,20,7)([36]25,25,4)([37]32,7,7)([38]1,2,6)([39]8,30,0)([40]30,34,7)([41]27,26,7)([42]2,37,4)([43]42,27,6)([44]40,18,5)([45]21,43,0)([46]39,0,0)([47]44,42,7)([48]41,40,7)([49]0,35,2)([50]28,48,7)([51]2,23,7)([52]37,0,6)([53]9,26,7)([54]34,9,1)([55]37,26,2)([56]49,35,5)([57]2,23,2)([58]52,50,2)([59]24,33,2)([60]21,6,4)([61]60,1,6)([62]21,61,2)([63]56,53,5)([64]11,27,5)([65]15,36,4)([66]65,38,1)([67]43,47,3)([68]19,52,5)([69]63,59,4)([70]29,48,7)([71]67,9,3)([72]56,18,0)([73]69,25,6)([74]39,46,7)([75]17,9,1)([76]58,73,6)([77]58,8,1)([78]2,23,4)([79]48,10,2)([80]37,75,0)([81]4,44,3)([82]34,56,6)([83]23,26,6)([84]39,45,0)([85]67,76,5)([86]0,0,4)(85)
evaluations: 25284432
first invidual area: 149.02
{7,1,80,1,2,1,8}([7]3,6,4)([8]3,1,7)([9]2,7,7)([10]1,4,7)([11]9,3,5)([12]5,0,3)([13]10,2,5)([14]10,0,4)([15]4,5,4)([16]0,9,1)([17]4,14,0)([18]14,8,6)([19]15,0,4)([20]13,1,6)([21]18,3,7)([22]11,11,1)([23]15,12,2)([24]22,19,5)([25]11,4,7)([26]13,6,5)([27]10,23,2)([28]27,6,4)([29]27,4,1)([30]4,28,4)([31]30,9,5)([32]30,8,6)([33]2,22,0)([34]21,23,3)([35]23,14,4)([36]0,12,2)([37]32,7,6)([38]5,19,1)([39]37,21,3)([40]30,34,7)([41]7,31,1)([42]33,37,4)([43]42,27,6)([44]40,12,5)([45]11,34,0)([46]6,23,6)([47]44,42,7)([48]39,45,5)([49]10,40,0)([50]34,5,2)([51]3,19,2)([52]37,0,6)([53]26,9,7)([54]53,22,2)([55]11,10,6)([56]0,35,5)([57]32,15,5)([58]51,27,6)([59]39,46,5)([60]3,40,7)([61]28,32,5)([62]22,26,2)([63]56,53,5)([64]26,35,4)([65]6,1,2)([66]21,27,7)([67]43,47,3)([68]8,4,0)([69]63,59,4)([70]48,31,2)([71]52,64,2)([72]29,29,2)([73]25,69,2)([74]25,72,2)([75]57,3,7)([76]71,73,6)([77]19,26,5)([78]77,33,3)([79]21,40,6)([80]42,28,1)([81]31,78,3)([82]27,32,4)([83]33,28,3)([84]20,49,6)([85]67,76,5)([86]81,19,4)(85)
optimized area: 129.79
time: 1142548 ms
seed: 1635619883
NOT FOUND
time: 1059631 ms
seed: 1635667582
{7,1,80,1,2,1,8}([7]6,5,7)([8]2,3,7)([9]1,4,6)([10]4,0,6)([11]8,6,4)([12]9,11,6)([13]12,8,5)([14]0,12,7)([15]5,1,6)([16]10,8,4)([17]5,4,5)([18]14,1,7)([19]2,4,6)([20]18,7,5)([21]0,20,7)([22]10,7,2)([23]1,7,4)([24]6,18,3)([25]17,1,6)([26]9,22,7)([27]21,2,3)([28]2,7,0)([29]17,18,3)([30]0,3,2)([31]1,27,5)([32]24,31,4)([33]23,19,5)([34]25,24,7)([35]33,30,4)([36]3,17,6)([37]26,35,5)([38]11,33,5)([39]36,0,5)([40]14,32,0)([41]0,31,4)([42]4,9,0)([43]10,17,0)([44]28,16,4)([45]17,1,7)([46]16,29,5)([47]21,18,7)([48]21,40,3)([49]12,22,5)([50]5,46,5)([51]16,20,1)([52]21,41,1)([53]46,43,2)([54]42,22,6)([55]38,27,5)([56]15,37,5)([57]52,37,6)([58]38,39,5)([59]31,22,0)([60]7,42,6)([61]34,2,2)([62]61,2,6)([63]26,54,0)([64]24,48,7)([65]53,15,7)([66]63,29,1)([67]54,32,6)([68]46,61,3)([69]52,18,0)([70]38,65,0)([71]68,58,5)([72]66,17,2)([73]16,28,2)([74]55,26,6)([75]30,22,5)([76]49,63,5)([77]33,25,3)([78]65,55,5)([79]68,49,0)([80]28,3,5)([81]71,67,4)([82]26,78,3)([83]26,21,6)([84]26,54,0)([85]81,82,4)([86]43,28,7)(85)
evaluations: 29984048
first invidual area: 126.01
{7,1,80,1,2,1,8}([7]5,6,7)([8]2,3,7)([9]1,4,6)([10]0,4,6)([11]6,8,4)([12]9,11,3)([13]8,10,4)([14]12,0,4)([15]2,4,6)([16]4,1,0)([17]4,5,5)([18]14,1,7)([19]1,5,3)([20]18,7,5)([21]20,0,7)([22]7,10,2)([23]7,9,7)([24]18,6,3)([25]1,17,3)([26]9,22,7)([27]2,21,3)([28]18,18,6)([29]17,18,3)([30]16,22,6)([31]27,1,5)([32]31,24,4)([33]23,15,5)([34]25,24,5)([35]6,31,3)([36]17,3,6)([37]32,26,3)([38]11,33,5)([39]21,2,6)([40]27,38,5)([41]8,34,0)([42]0,36,5)([43]12,22,2)([44]42,38,5)([45]32,42,7)([46]13,29,5)([47]9,33,3)([48]26,4,2)([49]29,32,2)([50]40,40,7)([51]9,30,5)([52]38,19,0)([53]4,17,2)([54]30,52,0)([55]2,34,2)([56]37,7,2)([57]53,13,4)([58]41,32,7)([59]56,50,0)([60]41,10,5)([61]16,20,3)([62]55,38,0)([63]21,29,4)([64]49,13,1)([65]60,19,7)([66]57,8,4)([67]58,16,1)([68]46,62,3)([69]47,4,3)([70]12,24,1)([71]68,44,5)([72]5,67,5)([73]9,11,4)([74]28,50,2)([75]21,42,7)([76]73,23,1)([77]32,54,3)([78]65,40,5)([79]70,8,7)([80]34,48,1)([81]71,77,4)([82]26,78,6)([83]38,60,1)([84]74,29,0)([85]81,82,4)([86]67,36,4)(85)
optimized area: 122.72
time: 1195597 ms
seed: 1635715407
NOT FOUND
time: 1053035 ms
seed: 1635762651
{7,1,80,1,2,1,8}([7]6,5,5)([8]5,6,4)([9]4,0,6)([10]0,6,3)([11]4,1,7)([12]11,2,7)([13]7,0,4)([14]9,11,2)([15]8,11,4)([16]9,3,3)([17]5,15,2)([18]3,17,5)([19]13,2,3)([20]5,4,4)([21]18,0,4)([22]20,11,3)([23]2,7,7)([24]4,2,1)([25]18,22,7)([26]10,2,7)([27]8,26,3)([28]16,5,7)([29]4,5,3)([30]3,22,2)([31]1,27,5)([32]16,26,4)([33]29,31,2)([34]30,2,3)([35]30,2,4)([36]6,30,3)([37]19,30,7)([38]31,12,7)([39]11,14,4)([40]37,15,3)([41]21,0,2)([42]6,6,1)([43]28,14,3)([44]24,30,6)([45]32,36,2)([46]26,41,3)([47]1,32,7)([48]33,36,1)([49]8,45,6)([50]47,43,2)([51]3,16,4)([52]2,25,0)([53]13,21,7)([54]3,12,2)([55]36,46,6)([56]33,38,7)([57]39,36,6)([58]19,50,1)([59]15,38,2)([60]54,1,5)([61]39,12,4)([62]41,45,3)([63]40,23,0)([64]8,15,1)([65]44,59,6)([66]52,44,2)([67]1,31,5)([68]29,14,6)([69]41,45,6)([70]63,68,0)([71]16,59,5)([72]6,3,5)([73]69,65,3)([74]55,5,7)([75]14,51,5)([76]50,70,3)([77]43,50,2)([78]23,55,0)([79]28,73,3)([80]76,73,5)([81]37,34,6)([82]15,72,1)([83]33,80,4)([84]61,30,7)([85]61,0,4)([86]11,64,6)(83)
evaluations: 25107298
first invidual area: 128.36
{7,1,80,1,2,1,8}([7]5,6,5)([8]6,5,4)([9]1,5,7)([10]4,0,6)([11]1,4,7)([12]2,8,4)([13]7,0,5)([14]9,6,1)([15]11,8,4)([16]3,10,3)([17]15,16,2)([18]0,17,2)([19]13,2,3)([20]5,18,2)([21]6,0,3)([22]9,11,3)([23]12,0,6)([24]22,10,1)([25]4,5,3)([26]21,2,7)([27]8,26,3)([28]16,5,7)([29]10,6,0)([30]3,22,5)([31]27,1,5)([32]16,26,4)([33]6,3,3)([34]26,25,0)([35]25,23,7)([36]34,3,1)([37]28,23,3)([38]31,12,7)([39]19,30,4)([40]2,21,4)([41]40,40,2)([42]0,0,1)([43]2,5,2)([44]8,11,4)([45]33,32,2)([46]36,39,6)([47]1,32,7)([48]17,0,3)([49]35,9,4)([50]47,37,2)([51]30,45,0)([52]31,25,5)([53]48,7,6)([54]39,15,3)([55]44,2,7)([56]43,51,6)([57]15,38,2)([58]36,46,0)([59]0,55,2)([60]11,24,4)([61]29,32,5)([62]29,6,3)([63]38,15,5)([64]9,14,6)([65]46,57,6)([66]51,30,6)([67]19,3,7)([68]29,66,6)([69]20,45,6)([70]29,52,5)([71]0,60,4)([72]64,47,6)([73]69,65,3)([74]36,59,4)([75]6,3,2)([76]50,54,3)([77]37,0,6)([78]40,25,4)([79]24,37,1)([80]76,73,5)([81]54,55,2)([82]24,27,7)([83]52,80,7)([84]24,13,3)([85]42,47,5)([86]66,45,3)(83)
optimized area: 120.38
time: 1159351 ms
seed: 1635809605
NOT FOUND
time: 1066880 ms
seed: 1635852751
{7,1,80,1,2,1,8}([7]4,6,1)([8]6,5,7)([9]0,1,6)([10]4,3,2)([11]5,9,4)([12]6,2,1)([13]0,9,2)([14]9,1,6)([15]4,8,7)([16]15,7,2)([17]12,2,7)([18]12,1,3)([19]2,14,6)([20]3,16,4)([21]5,18,7)([22]0,13,1)([23]1,10,7)([24]18,16,4)([25]22,24,2)([26]21,2,7)([27]26,18,2)([28]0,15,7)([29]7,17,3)([30]27,28,6)([31]11,15,3)([32]19,29,4)([33]5,3,4)([34]28,20,6)([35]24,31,0)([36]16,23,4)([37]2,25,3)([38]30,31,7)([39]14,28,7)([40]24,34,5)([41]33,38,3)([42]14,30,5)([43]8,17,5)([44]40,12,0)([45]5,38,7)([46]42,4,6)([47]21,35,2)([48]41,36,4)([49]37,39,6)([50]37,23,4)([51]32,47,7)([52]10,51,3)([53]4,6,7)([54]32,52,6)([55]46,52,6)([56]54,40,2)([57]21,37,3)([58]29,14,4)([59]25,52,2)([60]56,45,5)([61]48,14,2)([62]55,47,7)([63]52,49,3)([64]25,51,6)([65]37,7,5)([66]50,56,3)([67]58,65,1)([68]32,4,7)([69]10,17,4)([70]63,62,0)([71]27,36,7)([72]8,22,5)([73]40,70,1)([74]36,48,7)([75]43,10,7)([76]48,62,3)([77]76,66,7)([78]53,74,7)([79]39,34,6)([80]38,32,3)([81]60,23,2)([82]29,32,7)([83]38,69,2)([84]60,75,4)([85]13,55,4)([86]25,17,5)(77)
evaluations: 23184791
first invidual area: 148.53
{7,1,80,1,2,1,8}([7]4,2,1)([8]1,0,3)([9]4,6,7)([10]4,3,2)([11]2,10,3)([12]0,7,1)([13]6,0,1)([14]1,12,6)([15]5,9,7)([16]7,15,2)([17]3,8,7)([18]1,13,3)([19]2,14,3)([20]0,15,7)([21]16,5,3)([22]9,2,4)([23]1,10,7)([24]16,18,4)([25]12,24,2)([26]2,5,7)([27]18,26,2)([28]10,8,6)([29]7,22,6)([30]20,27,6)([31]15,17,6)([32]19,29,4)([33]5,3,4)([34]12,29,3)([35]7,33,5)([36]11,24,2)([37]2,25,6)([38]30,31,4)([39]13,38,7)([40]16,16,3)([41]23,30,5)([42]13,24,5)([43]33,38,3)([44]5,3,1)([45]26,12,5)([46]23,40,4)([47]24,21,2)([48]43,46,4)([49]11,13,4)([50]23,37,7)([51]32,47,7)([52]51,10,3)([53]41,4,6)([54]32,52,6)([55]53,52,3)([56]26,18,5)([57]47,55,4)([58]25,19,2)([59]37,13,2)([60]31,27,2)([61]13,8,1)([62]48,40,2)([63]30,26,2)([64]42,27,4)([65]35,54,2)([66]14,54,0)([67]54,51,1)([68]65,50,3)([69]29,42,6)([70]10,25,3)([71]34,31,7)([72]51,23,1)([73]11,64,3)([74]6,59,3)([75]12,55,5)([76]48,57,3)([77]76,68,7)([78]36,55,0)([79]66,54,7)([80]56,62,3)([81]43,50,3)([82]29,40,7)([83]71,13,0)([84]11,74,5)([85]68,40,1)([86]15,13,3)(77)
optimized area: 139.15
time: 1246252 ms
seed: 1635894862
NOT FOUND
time: 1072545 ms
seed: 1635930997
{7,1,80,1,2,1,8}([7]0,6,6)([8]6,4,6)([9]3,5,1)([10]4,7,7)([11]2,8,4)([12]5,9,7)([13]9,2,2)([14]7,10,3)([15]0,13,7)([16]2,7,6)([17]16,5,4)([18]14,15,3)([19]10,17,6)([20]5,19,0)([21]9,13,3)([22]10,4,3)([23]19,1,4)([24]6,23,3)([25]3,11,6)([26]15,11,4)([27]15,5,6)([28]25,7,3)([29]6,12,6)([30]27,15,3)([31]24,27,3)([32]11,9,4)([33]28,12,6)([34]31,25,7)([35]8,23,3)([36]34,20,4)([37]25,14,4)([38]10,37,6)([39]26,23,3)([40]15,12,2)([41]31,4,4)([42]5,28,4)([43]33,34,4)([44]27,10,2)([45]40,26,2)([46]39,40,2)([47]13,37,0)([48]23,19,1)([49]6,28,2)([50]26,49,3)([51]9,2,3)([52]28,37,3)([53]51,33,4)([54]45,37,6)([55]54,23,5)([56]1,50,6)([57]34,48,1)([58]7,49,0)([59]46,55,5)([60]53,32,3)([61]50,0,4)([62]36,32,6)([63]60,39,4)([64]11,51,7)([65]26,46,6)([66]23,8,7)([67]63,54,6)([68]44,67,3)([69]53,33,2)([70]31,68,5)([71]55,43,7)([72]61,67,5)([73]42,45,6)([74]5,33,3)([75]9,47,2)([76]70,71,5)([77]76,52,0)([78]49,14,0)([79]25,37,1)([80]33,46,1)([81]72,76,5)([82]33,3,1)([83]47,31,3)([84]49,25,7)([85]0,75,2)([86]21,41,0)(81)
evaluations: 26283419
first invidual area: 134.92
{7,1,80,1,2,1,8}([7]0,6,6)([8]4,6,3)([9]3,4,1)([10]7,4,7)([11]4,6,4)([12]9,5,7)([13]9,2,5)([14]10,7,3)([15]0,13,4)([16]14,2,6)([17]5,16,4)([18]9,7,4)([19]8,2,7)([20]2,2,6)([21]16,14,0)([22]10,17,6)([23]1,22,4)([24]22,18,1)([25]3,19,6)([26]19,15,4)([27]15,5,6)([28]23,26,6)([29]25,6,2)([30]17,17,0)([31]2,25,1)([32]17,15,2)([33]23,27,3)([34]33,6,3)([35]7,12,6)([36]15,9,2)([37]14,25,4)([38]30,20,5)([39]16,37,2)([40]3,19,7)([41]35,4,0)([42]25,41,3)([43]42,34,7)([44]14,41,0)([45]27,10,2)([46]44,12,5)([47]13,39,6)([48]16,10,5)([49]20,0,3)([50]29,26,6)([51]48,7,7)([52]12,0,4)([53]31,35,6)([54]32,37,6)([55]23,54,5)([56]6,8,7)([57]0,40,0)([58]33,0,0)([59]54,7,4)([60]53,40,6)([61]50,0,7)([62]32,43,4)([63]60,28,4)([64]28,41,0)([65]43,11,1)([66]13,23,2)([67]63,54,6)([68]45,67,3)([69]54,27,7)([70]34,68,5)([71]55,43,7)([72]61,67,5)([73]70,1,6)([74]27,37,1)([75]50,16,2)([76]70,71,5)([77]76,72,5)([78]5,75,3)([79]64,56,2)([80]33,69,6)([81]75,29,4)([82]20,6,6)([83]41,73,5)([84]41,56,2)([85]66,45,1)([86]71,65,5)(77)
optimized area: 124.13
time: 1307144 ms
seed: 1635967193
{7,1,80,1,2,1,8}([7]2,1,7)([8]6,0,6)([9]3,6,6)([10]5,3,4)([11]6,4,3)([12]11,3,4)([13]8,2,6)([14]13,4,7)([15]11,1,7)([16]8,6,7)([17]15,14,6)([18]15,0,4)([19]11,16,5)([20]10,16,4)([21]19,17,5)([22]13,0,5)([23]12,21,7)([24]19,4,5)([25]9,4,2)([26]7,20,6)([27]3,2,1)([28]10,1,4)([29]0,16,2)([30]18,22,3)([31]9,18,7)([32]18,22,6)([33]7,4,7)([34]15,4,7)([35]32,25,2)([36]25,5,5)([37]28,22,7)([38]3,32,7)([39]3,17,6)([40]32,25,3)([41]25,28,3)([42]7,23,2)([43]40,13,3)([44]36,41,7)([45]34,31,2)([46]2,22,2)([47]31,39,5)([48]47,38,2)([49]48,26,4)([50]40,23,3)([51]43,49,0)([52]51,8,4)([53]7,36,0)([54]13,47,6)([55]11,46,4)([56]47,55,2)([57]38,9,6)([58]46,4,6)([59]46,29,1)([60]24,51,3)([61]30,45,7)([62]42,30,2)([63]60,54,0)([64]18,6,1)([65]59,4,4)([66]44,61,3)([67]60,33,2)([68]62,43,1)([69]26,36,3)([70]68,21,1)([71]58,37,2)([72]28,46,3)([73]71,49,3)([74]23,64,4)([75]69,52,4)([76]63,66,2)([77]30,5,4)([78]1,26,5)([79]57,18,0)([80]64,14,7)([81]69,20,2)([82]35,53,1)([83]76,73,2)([84]31,78,1)([85]81,54,4)([86]50,83,4)(86)
evaluations: 15912287
first invidual area: 151.80
{7,1,80,1,2,1,8}([7]2,1,7)([8]0,6,6)([9]6,3,6)([10]5,3,4)([11]6,4,3)([12]2,4,6)([13]8,2,6)([14]4,13,7)([15]1,11,7)([16]8,6,6)([17]14,15,6)([18]15,0,4)([19]2,16,5)([20]10,16,4)([21]17,19,5)([22]13,0,5)([23]21,3,4)([24]4,19,5)([25]17,9,2)([26]7,20,6)([27]12,17,0)([28]10,1,7)([29]24,15,5)([30]18,22,3)([31]9,18,7)([32]25,13,7)([33]25,28,6)([34]30,13,1)([35]14,9,3)([36]25,28,7)([37]1,27,2)([38]1,8,7)([39]29,31,5)([40]16,33,3)([41]34,3,7)([42]34,25,3)([43]34,25,6)([44]36,27,1)([45]3,17,6)([46]42,42,3)([47]31,45,5)([48]47,41,5)([49]26,48,7)([50]11,10,2)([51]34,14,5)([52]19,32,5)([53]38,37,6)([54]45,14,6)([55]28,24,0)([56]41,7,7)([57]30,39,4)([58]57,15,1)([59]11,23,7)([60]24,35,3)([61]14,20,7)([62]44,28,5)([63]22,32,4)([64]51,19,1)([65]14,22,3)([66]36,57,3)([67]62,12,5)([68]55,22,4)([69]46,30,4)([70]15,57,3)([71]12,68,2)([72]33,47,7)([73]71,49,3)([74]39,53,7)([75]35,70,0)([76]60,66,2)([77]5,63,0)([78]21,72,5)([79]14,66,4)([80]30,56,6)([81]46,63,1)([82]30,3,4)([83]76,73,5)([84]46,59,3)([85]21,52,0)([86]84,83,7)(86)
optimized area: 137.73
time: 1311121 ms
seed: 1636003092
NOT FOUND
time: 1042718 ms
seed: 1636037655
{7,1,80,1,2,1,8}([7]5,3,3)([8]4,6,6)([9]6,2,7)([10]5,0,2)([11]9,5,3)([12]2,7,5)([13]3,0,7)([14]1,1,0)([15]8,9,7)([16]4,12,5)([17]15,5,2)([18]6,12,4)([19]17,1,4)([20]4,19,7)([21]1,7,2)([22]13,10,7)([23]3,16,6)([24]16,17,7)([25]17,2,4)([26]9,4,3)([27]22,12,2)([28]21,9,7)([29]21,13,2)([30]27,25,6)([31]18,15,7)([32]29,23,2)([33]5,12,7)([34]24,5,6)([35]27,20,7)([36]14,10,1)([37]18,30,3)([38]37,28,5)([39]38,2,7)([40]10,33,5)([41]38,26,5)([42]30,7,0)([43]35,29,6)([44]0,24,2)([45]13,44,3)([46]23,17,2)([47]45,43,2)([48]41,47,7)([49]37,46,6)([50]46,2,0)([51]27,34,6)([52]20,33,2)([53]2,11,0)([54]36,38,1)([55]45,32,5)([56]49,45,0)([57]30,21,7)([58]52,54,5)([59]22,15,4)([60]52,9,7)([61]23,56,7)([62]24,55,3)([63]31,24,2)([64]61,52,4)([65]51,48,5)([66]12,63,1)([67]51,14,5)([68]59,33,6)([69]1,27,0)([70]26,61,7)([71]23,3,3)([72]56,20,2)([73]64,0,7)([74]48,64,2)([75]56,65,6)([76]48,57,1)([77]73,60,4)([78]40,12,0)([79]68,59,6)([80]61,68,4)([81]29,57,4)([82]44,4,5)([83]6,40,6)([84]74,80,7)([85]42,46,7)([86]34,35,5)(84)
evaluations: 33242756
first invidual area: 138.70
{7,1,80,1,2,1,8}([7]5,3,3)([8]0,3,0)([9]6,2,7)([10]5,8,5)([11]6,4,3)([12]2,7,5)([13]8,3,7)([14]9,6,0)([15]11,14,4)([16]4,12,5)([17]5,15,2)([18]12,6,4)([19]17,1,4)([20]19,4,7)([21]1,7,2)([22]10,13,4)([23]3,16,3)([24]16,17,7)([25]2,17,4)([26]12,21,6)([27]22,12,2)([28]21,14,7)([29]21,13,2)([30]25,27,6)([31]30,18,3)([32]9,4,3)([33]5,12,7)([34]23,23,4)([35]31,28,5)([36]32,25,1)([37]22,8,4)([38]12,31,2)([39]20,22,0)([40]14,1,4)([41]35,32,5)([42]27,39,7)([43]29,42,6)([44]8,24,2)([45]13,44,3)([46]24,16,6)([47]45,43,5)([48]43,38,0)([49]31,46,3)([50]27,30,5)([51]24,10,0)([52]20,33,2)([53]47,41,7)([54]6,50,3)([55]19,1,5)([56]43,12,4)([57]12,48,2)([58]15,54,1)([59]22,15,4)([60]21,28,6)([61]23,49,7)([62]5,48,6)([63]55,27,6)([64]27,47,2)([65]1,6,6)([66]52,61,4)([67]62,1,7)([68]59,33,6)([69]26,2,0)([70]24,8,6)([71]63,29,0)([72]13,5,6)([73]29,16,4)([74]53,66,5)([75]28,71,1)([76]51,49,7)([77]5,16,7)([78]29,23,6)([79]18,26,4)([80]52,68,3)([81]39,54,6)([82]72,38,5)([83]35,78,1)([84]74,80,4)([85]50,81,3)([86]34,40,4)(84)
optimized area: 134.94
time: 1197589 ms
seed: 1636071679
NOT FOUND
time: 1059892 ms
seed: 1636104709
{7,1,80,1,2,1,8}([7]6,1,7)([8]7,4,7)([9]3,1,5)([10]0,5,7)([11]8,2,4)([12]2,5,7)([13]4,7,6)([14]5,3,4)([15]12,5,7)([16]14,11,3)([17]2,10,7)([18]8,11,6)([19]0,5,6)([20]16,7,6)([21]2,20,4)([22]9,13,0)([23]0,21,3)([24]10,6,7)([25]24,4,6)([26]3,14,2)([27]4,6,7)([28]13,24,5)([29]16,26,6)([30]14,15,5)([31]14,23,6)([32]31,2,7)([33]20,32,2)([34]23,25,5)([35]32,13,4)([36]24,29,3)([37]0,4,1)([38]29,27,4)([39]36,1,2)([40]23,1,2)([41]27,21,3)([42]33,27,7)([43]40,28,2)([44]11,34,5)([45]6,44,7)([46]9,34,7)([47]13,14,7)([48]42,8,6)([49]0,36,5)([50]2,26,7)([51]41,49,4)([52]42,50,4)([53]35,3,7)([54]39,17,3)([55]49,30,6)([56]29,26,0)([57]50,51,0)([58]51,52,2)([59]22,48,7)([60]19,33,4)([61]45,59,3)([62]8,32,6)([63]46,33,2)([64]53,61,5)([65]31,54,0)([66]28,51,4)([67]43,12,3)([68]43,24,4)([69]53,58,3)([70]51,17,0)([71]56,37,5)([72]46,58,5)([73]31,22,4)([74]64,72,7)([75]5,2,7)([76]18,62,2)([77]73,64,0)([78]71,15,1)([79]48,24,6)([80]79,15,4)([81]40,74,4)([82]4,48,5)([83]78,48,1)([84]79,82,5)([85]84,59,0)([86]20,5,5)(81)
evaluations: 39227168
first invidual area: 140.12
{7,1,80,1,2,1,8}([7]6,1,7)([8]7,4,7)([9]1,3,5)([10]5,6,7)([11]2,8,4)([12]9,6,0)([13]2,12,5)([14]5,3,4)([15]4,1,0)([16]11,14,3)([17]14,7,1)([18]1,8,4)([19]4,8,5)([20]16,7,6)([21]20,2,4)([22]16,7,0)([23]0,21,3)([24]0,10,7)([25]15,24,6)([26]12,2,2)([27]16,18,1)([28]14,3,5)([29]3,1,5)([30]24,15,6)([31]14,23,6)([32]19,11,7)([33]8,32,1)([34]23,25,5)([35]32,31,7)([36]10,27,3)([37]8,4,1)([38]28,2,4)([39]9,25,4)([40]23,1,5)([41]38,21,6)([42]20,18,4)([43]39,39,4)([44]11,34,5)([45]6,44,7)([46]7,7,2)([47]36,0,5)([48]10,29,7)([49]6,48,1)([50]8,42,3)([51]41,47,7)([52]42,38,4)([53]35,3,7)([54]6,38,7)([55]39,48,6)([56]0,38,2)([57]56,25,5)([58]51,52,2)([59]12,50,4)([60]10,28,2)([61]45,59,3)([62]58,4,0)([63]3,41,4)([64]53,61,5)([65]53,52,2)([66]65,24,0)([67]13,4,0)([68]53,25,7)([69]33,66,2)([70]69,35,1)([71]11,11,3)([72]39,62,5)([73]53,54,2)([74]64,72,7)([75]36,27,5)([76]0,32,0)([77]67,45,5)([78]51,24,0)([79]1,31,4)([80]18,32,6)([81]32,18,1)([82]44,58,4)([83]40,74,7)([84]41,68,6)([85]17,37,0)([86]64,60,5)(83)
optimized area: 135.43
time: 1112008 ms
seed: 1636137390
{7,1,80,1,2,1,8}([7]5,4,3)([8]6,0,6)([9]5,2,3)([10]8,5,6)([11]7,1,2)([12]4,9,4)([13]0,2,7)([14]12,12,0)([15]3,14,3)([16]4,1,7)([17]11,4,3)([18]14,11,7)([19]7,7,6)([20]12,0,2)([21]6,0,7)([22]16,20,3)([23]2,15,0)([24]22,14,0)([25]19,0,6)([26]15,7,2)([27]1,23,7)([28]15,17,5)([29]6,8,0)([30]20,20,2)([31]18,10,7)([32]25,10,2)([33]24,21,2)([34]10,29,3)([35]17,27,2)([36]18,27,3)([37]3,4,1)([38]13,3,7)([39]27,6,2)([40]34,26,7)([41]38,18,7)([42]7,24,0)([43]33,32,4)([44]3,32,1)([45]12,39,7)([46]28,45,7)([47]13,12,7)([48]18,41,1)([49]42,27,4)([50]23,36,0)([51]41,46,6)([52]43,40,3)([53]36,26,6)([54]43,49,5)([55]54,53,4)([56]17,2,6)([57]23,11,3)([58]10,3,6)([59]38,58,6)([60]52,51,6)([61]55,59,3)([62]25,5,0)([63]8,23,6)([64]30,35,5)([65]52,27,4)([66]16,31,7)([67]44,7,3)([68]24,51,4)([69]41,32,2)([70]3,35,5)([71]11,53,6)([72]70,60,7)([73]31,50,0)([74]19,63,4)([75]31,20,4)([76]30,71,2)([77]5,42,0)([78]61,72,4)([79]62,77,5)([80]49,23,6)([81]63,30,5)([82]51,45,3)([83]55,53,0)([84]13,46,3)([85]70,72,2)([86]83,76,3)(78)
evaluations: 43742294
first invidual area: 139.15
{7,1,80,1,2,1,8}([7]4,5,3)([8]6,0,6)([9]2,5,3)([10]8,5,6)([11]1,7,2)([12]9,4,4)([13]12,12,2)([14]4,1,7)([15]13,3,3)([16]10,3,6)([17]11,4,3)([18]11,12,6)([19]18,7,0)([20]6,13,2)([21]6,0,7)([22]14,20,3)([23]6,15,7)([24]8,11,4)([25]11,22,3)([26]15,7,2)([27]1,2,7)([28]15,17,5)([29]2,0,7)([30]27,7,4)([31]4,20,2)([32]17,29,3)([33]22,21,2)([34]10,6,3)([35]27,17,2)([36]19,27,3)([37]28,24,7)([38]29,3,7)([39]27,6,5)([40]34,26,7)([41]38,19,7)([42]35,3,5)([43]33,31,3)([44]30,26,0)([45]13,39,4)([46]45,28,7)([47]19,4,4)([48]5,38,2)([49]14,24,1)([50]35,0,2)([51]41,46,6)([52]43,40,3)([53]36,26,3)([54]43,30,5)([55]54,53,7)([56]41,10,7)([57]17,4,5)([58]56,1,4)([59]38,16,6)([60]52,51,3)([61]55,59,3)([62]51,35,1)([63]16,24,7)([64]55,9,1)([65]24,55,3)([66]53,54,2)([67]14,41,4)([68]65,61,0)([69]44,35,4)([70]67,9,3)([71]60,51,3)([72]42,60,7)([73]28,1,0)([74]62,72,3)([75]59,48,3)([76]10,4,1)([77]2,28,6)([78]61,72,7)([79]1,63,1)([80]60,27,5)([81]77,40,3)([82]24,41,2)([83]60,73,7)([84]23,17,5)([85]15,69,0)([86]27,79,5)(78)
optimized area: 129.30
time: 1094905 ms
seed: 1636169784
{7,1,80,1,2,1,8}([7]1,2,7)([8]7,0,7)([9]8,2,6)([10]4,9,4)([11]9,6,7)([12]3,5,4)([13]1,12,0)([14]0,5,4)([15]1,14,6)([16]14,4,4)([17]12,16,7)([18]12,16,1)([19]15,6,2)([20]7,15,3)([21]3,7,4)([22]11,15,6)([23]10,6,3)([24]12,20,4)([25]7,23,7)([26]1,25,2)([27]0,22,4)([28]6,7,7)([29]12,26,5)([30]26,8,5)([31]1,17,2)([32]0,31,6)([33]20,1,2)([34]32,16,6)([35]24,33,6)([36]24,26,7)([37]33,23,6)([38]16,27,7)([39]13,10,2)([40]29,4,1)([41]38,36,2)([42]18,31,6)([43]3,29,1)([44]11,21,1)([45]27,10,7)([46]19,34,4)([47]34,6,2)([48]38,44,5)([49]41,24,4)([50]34,4,0)([51]0,13,5)([52]2,12,0)([53]52,51,5)([54]4,29,2)([55]21,53,6)([56]10,25,0)([57]4,1,3)([58]45,29,2)([59]33,41,6)([60]59,21,6)([61]13,19,3)([62]16,25,5)([63]13,48,4)([64]58,63,5)([65]6,6,7)([66]22,50,3)([67]63,21,1)([68]41,14,7)([69]26,35,4)([70]46,64,6)([71]46,49,5)([72]31,50,0)([73]70,21,3)([74]22,71,6)([75]60,71,6)([76]10,75,1)([77]73,75,7)([78]72,60,6)([79]77,69,4)([80]68,62,1)([81]55,13,5)([82]42,30,0)([83]38,40,4)([84]59,35,0)([85]78,2,6)([86]62,78,1)(79)
evaluations: 33445685
first invidual area: 151.83
{7,1,80,1,2,1,8}([7]2,1,7)([8]1,0,4)([9]2,8,6)([10]4,9,4)([11]6,9,7)([12]3,5,4)([13]4,12,4)([14]5,0,4)([15]14,1,6)([16]14,4,4)([17]12,1,2)([18]17,17,1)([19]6,15,5)([20]7,15,3)([21]7,3,4)([22]15,11,6)([23]10,6,3)([24]12,20,4)([25]7,23,7)([26]25,1,2)([27]0,22,4)([28]13,27,6)([29]7,15,5)([30]10,10,5)([31]18,1,2)([32]31,0,6)([33]31,8,7)([34]14,30,6)([35]24,17,3)([36]24,26,7)([37]35,26,7)([38]16,27,7)([39]27,10,7)([40]38,12,3)([41]38,36,5)([42]16,32,3)([43]26,18,1)([44]34,7,7)([45]41,24,7)([46]19,42,4)([47]0,11,6)([48]38,22,5)([49]31,11,0)([50]29,36,3)([51]48,35,0)([52]39,44,0)([53]35,5,0)([54]44,31,2)([55]30,17,1)([56]36,31,6)([57]20,37,0)([58]39,18,2)([59]8,1,0)([60]56,21,6)([61]35,49,2)([62]52,59,5)([63]48,31,4)([64]58,63,5)([65]3,64,7)([66]54,44,6)([67]16,50,1)([68]54,58,6)([69]6,28,6)([70]46,64,6)([71]46,45,5)([72]49,4,4)([73]70,21,3)([74]31,18,3)([75]60,71,3)([76]35,0,6)([77]73,75,7)([78]13,30,0)([79]77,37,7)([80]51,35,3)([81]45,57,2)([82]1,57,2)([83]59,49,3)([84]70,9,0)([85]41,18,0)([86]12,32,0)(79)
optimized area: 144.33
time: 1193789 ms
seed: 1636200474
{7,1,80,1,2,1,8}([7]6,1,1)([8]4,6,0)([9]6,0,6)([10]3,0,0)([11]1,7,7)([12]8,11,5)([13]4,11,3)([14]6,5,7)([15]3,4,7)([16]14,9,2)([17]1,7,3)([18]12,5,1)([19]3,1,4)([20]19,2,5)([21]16,2,5)([22]12,10,2)([23]12,5,3)([24]14,9,6)([25]0,23,5)([26]11,7,5)([27]21,8,5)([28]8,17,4)([29]23,1,0)([30]8,24,3)([31]23,11,5)([32]13,27,2)([33]9,2,3)([34]2,9,5)([35]27,17,4)([36]6,20,4)([37]24,0,7)([38]29,21,7)([39]20,26,4)([40]33,6,7)([41]35,16,7)([42]10,32,3)([43]39,2,4)([44]30,30,1)([45]16,25,7)([46]40,22,7)([47]33,37,4)([48]37,39,2)([49]30,37,0)([50]41,47,6)([51]50,24,2)([52]51,46,3)([53]20,44,5)([54]26,30,5)([55]20,37,7)([56]43,16,0)([57]26,25,5)([58]45,52,2)([59]56,58,6)([60]48,13,3)([61]32,37,3)([62]52,61,7)([63]23,25,2)([64]6,61,0)([65]59,50,6)([66]45,29,6)([67]62,24,4)([68]51,49,1)([69]27,46,5)([70]27,13,5)([71]39,45,0)([72]27,56,4)([73]20,18,2)([74]58,14,3)([75]3,49,2)([76]13,41,6)([77]75,52,2)([78]5,60,6)([79]65,78,3)([80]79,36,0)([81]56,73,1)([82]17,6,6)([83]16,47,4)([84]79,77,6)([85]2,41,3)([86]72,73,5)(84)
evaluations: 12199517
first invidual area: 120.38
{7,1,80,1,2,1,8}([7]6,1,4)([8]6,7,5)([9]0,6,6)([10]5,8,0)([11]0,7,0)([12]7,4,5)([13]3,1,4)([14]5,6,7)([15]7,8,5)([16]14,9,2)([17]13,13,1)([18]12,3,5)([19]6,13,7)([20]16,2,5)([21]18,16,7)([22]2,10,0)([23]3,12,1)([24]14,9,6)([25]13,22,5)([26]12,14,3)([27]4,20,5)([28]20,14,0)([29]4,10,3)([30]2,24,5)([31]8,27,4)([32]11,26,2)([33]9,2,3)([34]32,16,3)([35]33,1,0)([36]16,31,7)([37]24,0,7)([38]33,18,7)([39]25,15,4)([40]36,39,2)([41]13,14,7)([42]40,33,5)([43]4,4,5)([44]22,10,4)([45]37,33,4)([46]20,38,6)([47]38,6,4)([48]37,39,2)([49]3,39,2)([50]45,36,6)([51]50,24,2)([52]51,47,3)([53]47,34,2)([54]11,6,1)([55]2,39,4)([56]46,3,5)([57]47,25,5)([58]2,54,6)([59]34,31,2)([60]29,7,3)([61]53,55,6)([62]35,6,3)([63]27,5,5)([64]42,45,6)([65]44,0,6)([66]11,57,3)([67]50,61,6)([68]50,17,5)([69]23,45,0)([70]42,63,4)([71]36,50,0)([72]60,48,6)([73]68,17,6)([74]38,69,3)([75]3,52,2)([76]7,26,1)([77]75,63,2)([78]37,68,3)([79]67,72,3)([80]33,46,7)([81]33,9,2)([82]17,72,6)([83]37,17,5)([84]79,77,6)([85]33,47,2)([86]48,63,5)(84)
optimized area: 115.69
time: 1316677 ms
seed: 1636230465
{7,1,80,1,2,1,8}([7]4,5,4)([8]2,4,6)([9]2,1,7)([10]3,7,7)([11]8,10,7)([12]2,0,3)([13]5,0,4)([14]3,8,3)([15]14,6,4)([16]12,6,3)([17]16,14,4)([18]0,16,5)([19]1,6,4)([20]19,9,3)([21]14,13,3)([22]5,8,2)([23]14,2,3)([24]22,4,4)([25]24,2,5)([26]14,1,3)([27]1,10,7)([28]3,27,3)([29]13,25,0)([30]18,27,3)([31]11,21,5)([32]21,8,4)([33]6,29,4)([34]0,17,1)([35]7,29,7)([36]30,10,3)([37]15,0,4)([38]22,19,7)([39]23,25,6)([40]37,36,0)([41]30,13,3)([42]33,26,2)([43]40,41,3)([44]36,38,0)([45]28,15,6)([46]9,43,2)([47]45,12,4)([48]36,24,5)([49]32,19,4)([50]30,48,5)([51]38,4,4)([52]48,20,4)([53]2,27,1)([54]28,8,1)([55]49,47,2)([56]27,19,5)([57]24,42,2)([58]46,28,2)([59]52,55,3)([60]43,46,3)([61]50,8,4)([62]57,40,3)([63]8,17,6)([64]39,58,6)([65]58,62,3)([66]31,64,7)([67]10,25,2)([68]56,60,4)([69]1,32,6)([70]65,68,3)([71]51,51,7)([72]35,70,2)([73]70,63,2)([74]24,4,7)([75]73,46,7)([76]30,14,7)([77]47,39,1)([78]4,58,6)([79]31,39,0)([80]36,10,6)([81]44,51,2)([82]77,29,0)([83]81,58,5)([84]59,75,4)([85]68,59,3)([86]37,40,2)(84)
evaluations: 32885556
first invidual area: 150.87
{7,1,80,1,2,1,8}([7]3,5,4)([8]4,2,6)([9]2,1,7)([10]7,4,7)([11]5,8,2)([12]2,0,3)([13]12,6,3)([14]8,3,6)([15]6,14,7)([16]3,13,4)([17]9,15,0)([18]16,8,6)([19]1,6,4)([20]5,15,5)([21]4,11,3)([22]4,2,2)([23]0,3,1)([24]7,6,2)([25]0,7,4)([26]25,18,6)([27]1,10,7)([28]27,3,3)([29]23,23,3)([30]27,23,3)([31]10,30,3)([32]8,26,3)([33]28,22,4)([34]27,19,5)([35]19,17,3)([36]22,35,0)([37]23,15,2)([38]35,36,1)([39]28,15,3)([40]36,24,2)([41]16,6,5)([42]30,20,3)([43]9,35,3)([44]22,21,4)([45]30,34,5)([46]17,42,5)([47]39,12,7)([48]31,21,5)([49]32,19,7)([50]10,23,3)([51]4,4,4)([52]48,35,4)([53]44,37,5)([54]38,26,3)([55]49,47,2)([56]52,50,3)([57]28,17,2)([58]46,55,2)([59]1,1,5)([60]3,45,4)([61]47,44,5)([62]24,37,3)([63]1,43,5)([64]48,7,3)([65]45,62,3)([66]60,34,1)([67]19,64,5)([68]14,54,0)([69]56,28,5)([70]57,65,3)([71]0,7,6)([72]4,25,4)([73]18,70,5)([74]36,18,7)([75]73,46,4)([76]2,4,5)([77]20,8,4)([78]53,12,0)([79]14,21,3)([80]21,48,4)([81]67,58,6)([82]55,52,6)([83]63,6,2)([84]82,75,4)([85]10,36,2)([86]28,30,7)(84)
optimized area: 127.41
time: 1137809 ms
