seed: 1633865693
{7,1,80,1,2,1,8}([7]1,0,2)([8]7,2,6)([9]0,2,7)([10]0,3,2)([11]3,9,3)([12]9,6,2)([13]9,1,7)([14]6,4,7)([15]14,5,7)([16]0,4,1)([17]14,15,7)([18]5,0,6)([19]6,2,4)([20]6,5,6)([21]13,18,3)([22]4,3,2)([23]11,21,4)([24]19,4,5)([25]14,10,4)([26]1,9,7)([27]12,23,6)([28]18,2,3)([29]25,23,2)([30]20,14,7)([31]19,1,3)([32]8,5,4)([33]15,26,4)([34]19,19,1)([35]29,31,3)([36]13,27,4)([37]33,31,4)([38]30,13,7)([39]23,13,3)([40]11,12,7)([41]24,27,6)([42]27,17,5)([43]29,32,7)([44]9,10,1)([45]7,37,7)([46]12,8,7)([47]23,25,2)([48]42,22,3)([49]23,27,5)([50]17,29,2)([51]23,24,6)([52]22,4,5)([53]38,43,6)([54]51,45,7)([55]42,54,2)([56]50,3,5)([57]44,46,5)([58]55,48,4)([59]55,54,1)([60]52,34,0)([61]16,55,4)([62]25,8,7)([63]56,62,2)([64]18,28,1)([65]57,17,7)([66]63,53,6)([67]31,32,7)([68]59,62,3)([69]19,60,4)([70]30,64,2)([71]62,66,7)([72]58,35,2)([73]67,47,6)([74]42,63,4)([75]17,23,4)([76]64,20,2)([77]72,71,3)([78]24,71,4)([79]31,17,0)([80]33,49,2)([81]80,71,3)([82]50,5,7)([83]49,65,0)([84]64,20,5)([85]5,63,4)([86]63,51,4)(77)
evaluations: 17719127
first invidual area: 150.89
{7,1,80,1,2,1,8}([7]0,1,2)([8]6,7,0)([9]0,2,7)([10]3,0,5)([11]5,6,6)([12]1,6,0)([13]9,12,7)([14]4,6,7)([15]13,14,4)([16]9,3,3)([17]7,15,7)([18]0,5,6)([19]6,2,4)([20]5,17,7)([21]13,18,6)([22]18,8,5)([23]16,21,7)([24]8,9,2)([25]14,10,7)([26]17,15,0)([27]12,19,5)([28]27,24,3)([29]25,23,2)([30]4,19,5)([31]19,12,3)([32]29,31,3)([33]3,4,2)([34]24,23,6)([35]7,2,6)([36]23,35,3)([37]32,6,4)([38]10,5,0)([39]38,12,0)([40]5,36,7)([41]3,29,5)([42]34,5,5)([43]25,18,5)([44]6,43,4)([45]31,20,4)([46]16,15,2)([47]11,15,4)([48]42,33,3)([49]40,47,6)([50]28,19,3)([51]23,30,3)([52]38,51,5)([53]18,31,2)([54]51,45,4)([55]42,54,5)([56]32,20,1)([57]1,15,1)([58]55,48,2)([59]55,47,0)([60]4,52,2)([61]19,28,4)([62]25,35,7)([63]41,62,2)([64]52,41,2)([65]36,37,3)([66]63,49,6)([67]36,53,0)([68]58,35,7)([69]24,45,6)([70]19,0,5)([71]62,66,7)([72]58,32,2)([73]34,44,7)([74]7,10,3)([75]38,40,7)([76]21,65,1)([77]72,71,3)([78]57,77,6)([79]58,67,5)([80]43,44,2)([81]9,33,6)([82]52,70,0)([83]28,65,0)([84]22,61,5)([85]69,20,0)([86]20,10,5)(77)
optimized area: 128.84
time: 647122 ms
seed: 1633952690
NOT FOUND
time: 522275 ms
seed: 1634003293
{7,1,80,1,2,1,8}([7]1,0,7)([8]0,5,5)([9]0,3,4)([10]2,0,6)([11]9,7,6)([12]11,4,4)([13]5,12,3)([14]11,7,3)([15]5,4,6)([16]5,2,4)([17]10,4,2)([18]11,1,6)([19]14,5,1)([20]16,7,4)([21]13,6,7)([22]16,9,7)([23]15,17,6)([24]5,19,5)([25]23,24,4)([26]21,22,3)([27]10,25,2)([28]5,4,7)([29]19,12,2)([30]2,23,0)([31]25,30,4)([32]25,3,6)([33]20,0,1)([34]10,23,3)([35]31,29,3)([36]21,32,3)([37]12,8,4)([38]33,26,3)([39]33,21,0)([40]18,37,7)([41]39,8,1)([42]27,26,5)([43]0,41,3)([44]27,35,7)([45]26,32,4)([46]37,31,1)([47]3,28,2)([48]47,2,1)([49]7,42,0)([50]29,30,0)([51]43,22,1)([52]3,13,3)([53]26,40,7)([54]26,47,6)([55]47,38,6)([56]45,10,6)([57]44,51,6)([58]55,10,6)([59]27,26,4)([60]40,58,7)([61]30,20,7)([62]42,45,3)([63]13,31,3)([64]45,37,3)([65]44,37,0)([66]18,47,0)([67]64,36,5)([68]64,45,0)([69]21,29,0)([70]39,61,3)([71]51,34,5)([72]30,46,3)([73]6,1,5)([74]57,67,3)([75]17,21,5)([76]15,41,5)([77]60,74,4)([78]53,72,7)([79]55,28,4)([80]69,14,2)([81]57,3,5)([82]22,0,4)([83]4,68,2)([84]8,1,5)([85]74,6,5)([86]61,59,7)(77)
evaluations: 30271800
first invidual area: 137.73
{7,1,80,1,2,1,8}([7]0,1,7)([8]5,0,5)([9]3,0,4)([10]0,2,6)([11]9,7,6)([12]11,4,4)([13]12,5,3)([14]11,7,6)([15]5,4,6)([16]5,2,4)([17]10,4,2)([18]1,11,3)([19]17,15,3)([20]7,16,4)([21]13,6,7)([22]16,9,7)([23]14,2,0)([24]13,14,5)([25]24,19,7)([26]22,21,3)([27]25,2,4)([28]21,25,6)([29]12,14,2)([30]20,6,1)([31]3,16,0)([32]25,31,6)([33]10,25,5)([34]32,16,0)([35]17,7,3)([36]34,21,3)([37]12,8,4)([38]30,26,3)([39]28,34,0)([40]18,37,7)([41]24,11,5)([42]27,29,3)([43]20,0,6)([44]33,42,5)([45]26,32,5)([46]37,28,1)([47]11,5,7)([48]44,19,7)([49]1,37,6)([50]44,43,6)([51]29,40,6)([52]27,30,3)([53]38,49,6)([54]35,15,0)([55]31,12,5)([56]34,31,1)([57]50,37,5)([58]53,10,6)([59]2,28,1)([60]40,58,7)([61]43,31,2)([62]52,59,1)([63]3,44,3)([64]45,37,3)([65]52,18,7)([66]7,23,6)([67]0,23,4)([68]60,3,6)([69]15,40,2)([70]47,65,4)([71]9,30,0)([72]60,42,3)([73]36,64,5)([74]50,73,6)([75]23,1,4)([76]49,13,5)([77]60,74,4)([78]43,18,2)([79]48,44,4)([80]45,55,5)([81]59,59,7)([82]18,26,0)([83]15,18,2)([84]3,61,4)([85]19,49,4)([86]22,52,7)(77)
optimized area: 122.73
time: 603834 ms
seed: 1634052094
NOT FOUND
time: 527443 ms
seed: 1634166340
{7,1,80,1,2,1,8}([7]2,1,7)([8]7,6,7)([9]6,0,6)([10]0,7,7)([11]9,8,3)([12]0,2,2)([13]5,10,4)([14]1,3,3)([15]4,6,0)([16]15,1,3)([17]12,9,7)([18]3,5,4)([19]5,11,7)([20]9,14,4)([21]3,5,1)([22]13,19,4)([23]17,22,6)([24]13,16,3)([25]11,13,3)([26]4,23,4)([27]1,2,6)([28]10,26,4)([29]25,28,6)([30]25,12,3)([31]30,8,7)([32]22,23,5)([33]27,19,6)([34]28,4,3)([35]5,10,2)([36]21,3,4)([37]18,29,7)([38]26,29,4)([39]33,38,7)([40]39,34,2)([41]3,25,0)([42]35,32,2)([43]20,42,4)([44]23,32,2)([45]43,21,5)([46]25,38,2)([47]11,33,7)([48]35,24,2)([49]40,20,2)([50]45,45,1)([51]37,31,3)([52]6,46,5)([53]51,32,4)([54]0,52,5)([55]0,48,7)([56]45,40,1)([57]26,32,4)([58]50,39,6)([59]27,56,2)([60]22,43,1)([61]20,27,6)([62]38,24,6)([63]53,49,3)([64]7,44,4)([65]33,58,6)([66]65,62,4)([67]66,63,6)([68]48,30,2)([69]25,63,7)([70]21,45,3)([71]60,39,2)([72]48,23,6)([73]42,63,3)([74]22,16,5)([75]7,21,2)([76]33,6,0)([77]11,29,0)([78]74,77,4)([79]43,37,0)([80]26,11,7)([81]49,76,4)([82]29,60,0)([83]50,36,0)([84]83,55,4)([85]39,55,1)([86]78,8,4)(67)
evaluations: 14605227
first invidual area: 144.78
{7,1,80,1,2,1,8}([7]1,2,7)([8]6,7,7)([9]0,6,6)([10]5,7,4)([11]8,9,3)([12]2,0,2)([13]10,0,7)([14]13,4,3)([15]10,0,6)([16]5,14,0)([17]12,9,6)([18]1,2,6)([19]11,5,7)([20]1,3,3)([21]3,15,1)([22]19,13,4)([23]22,17,6)([24]5,22,5)([25]11,13,3)([26]4,23,4)([27]20,15,0)([28]16,26,4)([29]25,28,6)([30]25,12,6)([31]30,8,3)([32]27,9,4)([33]18,19,6)([34]1,14,3)([35]5,23,3)([36]21,16,7)([37]36,29,7)([38]26,29,4)([39]38,33,7)([40]32,39,2)([41]27,23,5)([42]38,5,3)([43]32,24,7)([44]34,38,6)([45]21,43,2)([46]15,32,3)([47]44,2,3)([48]37,31,6)([49]40,42,2)([50]40,30,2)([51]31,4,2)([52]3,9,4)([53]49,48,3)([54]48,36,2)([55]42,49,7)([56]41,16,1)([57]47,50,1)([58]45,39,6)([59]34,4,5)([60]40,22,5)([61]55,41,7)([62]58,11,3)([63]53,14,2)([64]48,19,6)([65]33,58,3)([66]65,44,7)([67]51,61,4)([68]46,28,7)([69]49,66,1)([70]18,59,2)([71]4,17,1)([72]69,34,6)([73]42,16,4)([74]11,35,1)([75]66,53,6)([76]68,64,2)([77]60,21,4)([78]52,52,1)([79]53,41,6)([80]44,20,7)([81]73,1,2)([82]55,58,5)([83]5,49,0)([84]42,8,5)([85]75,52,6)([86]77,69,5)(75)
optimized area: 129.78
time: 770528 ms
seed: 1634213641
{7,1,80,1,2,1,8}([7]0,6,4)([8]5,4,4)([9]5,8,2)([10]7,5,4)([11]3,0,2)([12]11,5,7)([13]12,4,7)([14]0,3,6)([15]2,5,7)([16]3,7,6)([17]15,16,4)([18]5,17,2)([19]18,12,4)([20]2,9,3)([21]13,14,3)([22]0,17,7)([23]1,20,4)([24]6,5,2)([25]19,16,1)([26]19,9,4)([27]22,5,3)([28]17,21,5)([29]16,27,7)([30]28,29,3)([31]10,26,3)([32]10,10,0)([33]10,4,7)([34]30,8,2)([35]31,23,5)([36]33,10,2)([37]33,1,7)([38]8,19,3)([39]34,20,7)([40]32,1,4)([41]14,28,7)([42]23,32,6)([43]11,13,2)([44]42,29,2)([45]41,1,4)([46]25,15,3)([47]2,8,2)([48]43,19,6)([49]27,47,7)([50]20,15,2)([51]45,38,7)([52]22,12,6)([53]49,17,4)([54]8,12,6)([55]47,24,1)([56]47,27,2)([57]2,16,3)([58]49,41,7)([59]46,58,6)([60]39,57,5)([61]29,10,1)([62]37,59,4)([63]2,28,5)([64]61,59,3)([65]40,12,7)([66]22,61,2)([67]35,30,2)([68]48,28,6)([69]38,33,0)([70]36,39,2)([71]39,37,6)([72]54,9,1)([73]71,49,6)([74]37,44,4)([75]16,6,6)([76]2,22,5)([77]57,11,3)([78]64,36,0)([79]62,53,2)([80]8,29,1)([81]60,6,2)([82]62,79,0)([83]20,42,0)([84]67,79,3)([85]62,41,3)([86]84,81,7)(86)
evaluations: 5676592
first invidual area: 149.96
{7,1,80,1,2,1,8}([7]6,0,4)([8]4,5,4)([9]8,5,2)([10]3,0,6)([11]3,0,5)([12]5,11,7)([13]9,9,2)([14]8,11,7)([15]5,2,7)([16]7,3,6)([17]16,15,4)([18]17,10,1)([19]18,13,5)([20]13,2,3)([21]0,16,3)([22]18,0,4)([23]10,14,3)([24]22,3,7)([25]3,14,2)([26]12,19,4)([27]5,22,3)([28]23,17,5)([29]27,15,4)([30]29,28,3)([31]16,2,3)([32]20,1,4)([33]8,7,7)([34]8,2,5)([35]5,33,2)([36]28,24,4)([37]1,33,4)([38]10,19,0)([39]27,4,0)([40]20,2,5)([41]21,19,1)([42]27,23,5)([43]8,30,5)([44]36,19,4)([45]4,33,7)([46]45,26,3)([47]8,35,5)([48]46,32,5)([49]27,34,7)([50]11,34,0)([51]17,37,0)([52]23,21,7)([53]43,20,4)([54]46,28,5)([55]36,15,6)([56]5,3,5)([57]16,14,3)([58]9,56,4)([59]5,36,7)([60]53,31,5)([61]21,49,5)([62]55,37,7)([63]55,3,0)([64]17,49,7)([65]6,26,3)([66]43,49,5)([67]48,30,2)([68]54,59,3)([69]1,4,3)([70]12,26,4)([71]65,2,0)([72]49,2,5)([73]19,24,5)([74]22,5,2)([75]33,61,3)([76]60,40,6)([77]43,60,7)([78]64,62,2)([79]16,33,4)([80]22,71,5)([81]6,60,5)([82]31,20,2)([83]22,35,5)([84]67,78,6)([85]76,10,0)([86]84,81,7)(86)
optimized area: 140.58
time: 686137 ms
seed: 1634310689
NOT FOUND
time: 522953 ms
seed: 1634351191
NOT FOUND
time: 519218 ms
seed: 1634400222
{7,1,80,1,2,1,8}([7]0,5,1)([8]1,5,4)([9]6,7,3)([10]2,1,4)([11]5,0,6)([12]11,8,6)([13]6,10,7)([14]3,10,5)([15]9,13,4)([16]0,11,7)([17]10,16,2)([18]8,17,0)([19]5,15,5)([20]19,4,7)([21]6,4,3)([22]14,6,6)([23]14,8,7)([24]22,20,3)([25]17,14,7)([26]11,11,3)([27]24,1,5)([28]0,12,7)([29]21,5,3)([30]2,9,7)([31]3,29,7)([32]26,20,6)([33]30,20,5)([34]32,19,4)([35]25,30,6)([36]8,30,2)([37]22,36,7)([38]10,9,0)([39]31,37,5)([40]27,30,6)([41]28,33,5)([42]41,15,4)([43]40,28,3)([44]8,7,3)([45]39,42,3)([46]0,28,7)([47]0,42,1)([48]37,40,5)([49]14,20,1)([50]13,33,4)([51]13,28,5)([52]13,31,5)([53]45,43,7)([54]9,31,3)([55]39,29,1)([56]1,30,2)([57]53,31,1)([58]4,29,0)([59]47,1,5)([60]37,32,7)([61]22,17,3)([62]57,34,7)([63]22,29,0)([64]61,5,0)([65]52,50,7)([66]65,24,0)([67]15,65,4)([68]61,65,6)([69]62,68,4)([70]48,43,3)([71]24,56,6)([72]65,0,4)([73]50,24,1)([74]23,61,3)([75]55,14,4)([76]39,75,1)([77]12,27,4)([78]68,48,2)([79]21,71,6)([80]18,75,4)([81]62,1,0)([82]17,24,2)([83]4,8,3)([84]48,55,7)([85]79,75,1)([86]69,78,6)(86)
evaluations: 21259567
first invidual area: 137.27
{7,1,80,1,2,1,8}([7]0,1,1)([8]1,5,4)([9]7,6,3)([10]1,2,4)([11]5,0,6)([12]8,11,3)([13]10,6,7)([14]3,10,5)([15]13,9,4)([16]6,9,0)([17]0,11,6)([18]10,17,2)([19]15,5,5)([20]4,19,7)([21]3,5,6)([22]14,13,6)([23]11,9,7)([24]20,22,3)([25]4,11,6)([26]24,5,3)([27]24,1,5)([28]0,12,4)([29]6,26,3)([30]9,2,7)([31]3,29,7)([32]21,20,2)([33]30,20,5)([34]30,8,5)([35]18,22,3)([36]2,31,3)([37]22,34,4)([38]18,25,0)([39]31,37,5)([40]27,30,6)([41]28,33,5)([42]15,41,4)([43]40,28,6)([44]32,30,6)([45]39,42,6)([46]32,19,4)([47]32,6,0)([48]19,47,7)([49]14,6,1)([50]13,33,4)([51]7,12,5)([52]13,31,5)([53]2,21,5)([54]30,36,2)([55]5,51,2)([56]43,45,4)([57]14,20,7)([58]27,21,4)([59]24,57,4)([60]45,0,0)([61]36,20,0)([62]56,25,4)([63]52,50,7)([64]46,53,7)([65]19,21,4)([66]22,10,0)([67]12,62,3)([68]35,63,3)([69]30,17,4)([70]20,30,7)([71]16,60,1)([72]68,40,6)([73]66,56,3)([74]60,42,2)([75]4,65,6)([76]58,55,1)([77]43,5,0)([78]16,59,1)([79]62,68,7)([80]45,49,3)([81]17,29,5)([82]20,26,2)([83]51,51,2)([84]75,58,0)([85]35,83,4)([86]79,72,6)(86)
optimized area: 126.49
time: 673093 ms
seed: 1634449196
NOT FOUND
time: 521301 ms
seed: 1634509409
NOT FOUND
time: 533698 ms
seed: 1634608615
{7,1,80,1,2,1,8}([7]1,5,3)([8]6,3,4)([9]4,3,5)([10]4,1,6)([11]5,10,7)([12]6,5,4)([13]2,1,4)([14]4,12,2)([15]9,8,4)([16]7,13,4)([17]11,13,7)([18]11,8,5)([19]9,0,7)([20]15,16,5)([21]20,19,7)([22]6,2,7)([23]22,21,3)([24]1,4,4)([25]0,18,4)([26]21,25,6)([27]14,0,0)([28]21,20,4)([29]19,23,7)([30]24,12,7)([31]1,16,7)([32]31,30,4)([33]32,25,7)([34]8,33,5)([35]28,24,1)([36]33,7,1)([37]9,13,6)([38]36,22,5)([39]35,12,4)([40]14,31,6)([41]19,1,5)([42]11,29,7)([43]25,24,2)([44]39,1,6)([45]29,37,7)([46]34,42,5)([47]34,6,7)([48]8,14,7)([49]28,35,5)([50]37,40,0)([51]24,9,7)([52]45,44,2)([53]23,40,0)([54]34,14,6)([55]50,24,3)([56]26,9,5)([57]55,16,6)([58]38,43,2)([59]52,0,7)([60]41,38,2)([61]56,41,5)([62]40,10,4)([63]51,54,4)([64]16,55,6)([65]63,46,5)([66]55,62,5)([67]26,27,0)([68]41,38,2)([69]29,13,0)([70]43,8,4)([71]29,41,1)([72]59,42,4)([73]12,40,3)([74]32,57,7)([75]61,58,0)([76]74,75,2)([77]72,76,3)([78]62,5,6)([79]63,69,1)([80]50,29,3)([81]51,43,2)([82]45,80,1)([83]68,63,3)([84]64,59,1)([85]30,22,3)([86]77,83,2)(86)
evaluations: 18414968
first invidual area: 172.45
{7,1,80,1,2,1,8}([7]1,5,5)([8]3,6,4)([9]3,4,5)([10]1,4,3)([11]10,5,4)([12]5,6,4)([13]4,9,2)([14]5,2,4)([15]8,9,4)([16]14,7,7)([17]11,8,5)([18]16,15,5)([19]9,0,7)([20]9,15,0)([21]19,18,7)([22]2,6,7)([23]22,21,3)([24]1,4,4)([25]17,0,4)([26]13,16,1)([27]25,13,2)([28]16,4,4)([29]19,23,7)([30]12,15,0)([31]28,30,4)([32]4,12,2)([33]25,31,7)([34]33,8,5)([35]19,32,4)([36]4,4,4)([37]20,2,3)([38]33,1,1)([39]35,1,6)([40]14,23,3)([41]19,1,5)([42]11,29,7)([43]37,29,4)([44]29,10,4)([45]3,16,7)([46]38,22,5)([47]25,21,6)([48]45,5,2)([49]22,16,5)([50]7,40,1)([51]24,20,7)([52]43,39,5)([53]32,29,6)([54]34,32,3)([55]0,30,0)([56]47,9,5)([57]1,20,3)([58]37,54,7)([59]55,52,4)([60]24,16,6)([61]56,41,5)([62]14,6,6)([63]51,54,7)([64]42,3,7)([65]59,38,5)([66]45,49,1)([67]16,19,0)([68]52,12,2)([69]8,56,5)([70]60,45,6)([71]46,42,1)([72]59,42,4)([73]13,18,3)([74]31,60,7)([75]24,71,5)([76]74,61,2)([77]72,76,3)([78]46,41,2)([79]66,8,4)([80]64,54,3)([81]17,49,7)([82]47,59,5)([83]78,63,3)([84]61,51,7)([85]19,6,4)([86]77,83,2)(86)
optimized area: 158.39
time: 647347 ms
seed: 1635135502
{7,1,80,1,2,1,8}([7]0,4,2)([8]1,6,4)([9]3,2,4)([10]5,3,7)([11]10,4,2)([12]5,8,2)([13]12,8,1)([14]9,10,5)([15]1,5,5)([16]7,5,4)([17]8,15,3)([18]17,16,5)([19]12,2,6)([20]4,2,2)([21]6,4,7)([22]21,11,4)([23]8,10,3)([24]9,1,7)([25]19,11,6)([26]0,14,5)([27]20,20,1)([28]25,18,4)([29]11,15,3)([30]22,20,5)([31]6,18,4)([32]16,28,4)([33]29,28,1)([34]0,14,1)([35]24,30,7)([36]11,35,6)([37]26,30,2)([38]16,37,3)([39]31,24,7)([40]30,13,6)([41]32,8,7)([42]10,13,6)([43]16,19,3)([44]23,43,4)([45]37,9,3)([46]34,22,2)([47]30,3,5)([48]35,3,5)([49]28,23,0)([50]42,37,7)([51]4,33,2)([52]18,37,2)([53]23,3,0)([54]2,3,2)([55]50,1,2)([56]6,50,5)([57]54,3,1)([58]39,21,5)([59]14,52,5)([60]37,36,6)([61]55,38,4)([62]30,60,5)([63]55,31,6)([64]53,37,2)([65]41,10,3)([66]23,11,0)([67]41,60,3)([68]65,48,6)([69]46,59,5)([70]69,58,6)([71]64,64,0)([72]58,15,7)([73]45,25,4)([74]0,39,5)([75]19,63,0)([76]67,70,4)([77]36,2,7)([78]74,10,2)([79]17,47,4)([80]78,64,1)([81]34,61,3)([82]18,33,3)([83]25,27,6)([84]77,31,6)([85]68,61,3)([86]76,85,2)(86)
evaluations: 18810598
first invidual area: 143.81
{7,1,80,1,2,1,8}([7]0,4,5)([8]6,1,4)([9]3,2,4)([10]5,3,7)([11]4,10,2)([12]8,5,2)([13]12,5,1)([14]10,9,5)([15]5,1,5)([16]7,5,7)([17]15,12,6)([18]17,16,5)([19]2,12,6)([20]4,2,2)([21]6,4,7)([22]11,21,4)([23]18,3,3)([24]1,9,7)([25]19,11,3)([26]13,10,6)([27]0,20,0)([28]25,18,4)([29]19,14,5)([30]22,20,5)([31]4,16,7)([32]8,28,4)([33]31,10,2)([34]0,23,6)([35]24,14,0)([36]27,14,5)([37]30,36,2)([38]24,30,7)([39]31,24,7)([40]23,31,0)([41]16,37,3)([42]35,28,1)([43]27,7,1)([44]26,14,2)([45]8,11,5)([46]20,13,6)([47]22,6,7)([48]3,31,5)([49]23,4,7)([50]26,37,7)([51]39,48,2)([52]11,38,6)([53]45,52,4)([54]34,31,0)([55]50,1,5)([56]5,8,0)([57]3,54,1)([58]42,13,2)([59]37,5,0)([60]59,52,6)([61]41,5,1)([62]54,30,2)([63]60,26,6)([64]41,55,7)([65]32,13,5)([66]43,22,5)([67]32,60,3)([68]32,48,6)([69]51,29,5)([70]69,66,3)([71]21,58,4)([72]21,38,6)([73]43,31,3)([74]44,58,4)([75]73,73,7)([76]67,70,7)([77]69,45,0)([78]69,6,3)([79]24,3,3)([80]58,27,7)([81]53,58,4)([82]81,49,2)([83]27,73,7)([84]65,30,5)([85]68,64,3)([86]76,85,2)(86)
optimized area: 133.50
time: 682288 ms
seed: 1635184696
NOT FOUND
time: 526957 ms
seed: 1635324005
NOT FOUND
time: 974149 ms
seed: 1635615880
{7,1,80,1,2,1,8}([7]6,2,6)([8]2,5,4)([9]0,7,3)([10]2,0,7)([11]3,9,7)([12]0,2,3)([13]8,4,2)([14]5,6,3)([15]5,1,6)([16]0,2,5)([17]15,1,0)([18]5,15,3)([19]1,14,5)([20]19,4,6)([21]15,1,6)([22]6,0,5)([23]2,13,4)([24]18,23,5)([25]10,3,7)([26]23,22,3)([27]4,13,4)([28]7,18,4)([29]6,15,3)([30]7,21,7)([31]19,3,7)([32]25,26,4)([33]24,20,7)([34]30,32,5)([35]9,20,6)([36]7,13,5)([37]35,29,7)([38]29,9,0)([39]22,19,6)([40]37,34,0)([41]6,27,4)([42]11,27,6)([43]28,27,1)([44]8,33,4)([45]10,32,6)([46]38,32,3)([47]12,41,5)([48]47,11,7)([49]11,44,6)([50]26,3,4)([51]1,24,7)([52]40,42,6)([53]47,43,7)([54]52,51,7)([55]1,16,5)([56]23,18,5)([57]10,2,2)([58]47,49,3)([59]13,26,7)([60]8,52,0)([61]28,60,4)([62]41,7,6)([63]6,15,0)([64]57,11,0)([65]17,45,0)([66]58,53,4)([67]56,61,4)([68]54,34,5)([69]49,57,2)([70]29,5,5)([71]62,47,4)([72]9,40,5)([73]62,60,1)([74]48,57,1)([75]69,74,3)([76]23,23,3)([77]38,33,3)([78]61,52,6)([79]58,66,5)([80]68,49,6)([81]11,68,3)([82]62,69,3)([83]80,79,7)([84]5,45,7)([85]63,43,3)([86]47,58,2)(83)
evaluations: 41263010
first invidual area: 138.69
{7,1,80,1,2,1,8}([7]6,2,6)([8]2,5,4)([9]0,7,3)([10]2,0,4)([11]9,3,7)([12]0,10,3)([13]8,4,2)([14]5,5,0)([15]14,1,6)([16]15,6,6)([17]16,8,5)([18]5,15,3)([19]1,17,5)([20]19,4,6)([21]16,6,1)([22]6,9,5)([23]2,13,4)([24]18,23,5)([25]10,3,7)([26]23,22,3)([27]4,13,4)([28]7,18,4)([29]15,1,3)([30]7,29,4)([31]27,26,1)([32]25,26,7)([33]2,25,3)([34]30,32,5)([35]9,20,6)([36]32,7,3)([37]35,16,4)([38]20,23,6)([39]35,5,1)([40]8,21,3)([41]6,27,4)([42]27,11,6)([43]29,36,4)([44]8,38,7)([45]1,4,3)([46]40,18,1)([47]12,41,5)([48]16,20,6)([49]11,44,6)([50]0,2,5)([51]1,24,7)([52]37,42,3)([53]47,28,7)([54]52,51,4)([55]25,52,3)([56]40,29,3)([57]5,7,0)([58]47,49,3)([59]14,45,7)([60]38,42,6)([61]54,34,5)([62]17,27,5)([63]44,48,2)([64]25,1,7)([65]38,64,7)([66]41,64,5)([67]4,4,1)([68]65,52,1)([69]20,23,2)([70]66,11,3)([71]45,16,1)([72]61,32,6)([73]46,65,2)([74]60,17,3)([75]17,47,0)([76]26,0,3)([77]74,12,3)([78]74,45,2)([79]58,53,5)([80]61,49,6)([81]21,11,4)([82]38,58,5)([83]80,79,7)([84]60,72,5)([85]3,76,0)([86]60,58,2)(83)
optimized area: 129.78
time: 1102376 ms
seed: 1635663472
NOT FOUND
time: 1075792 ms
seed: 1635711349
{7,1,80,1,2,1,8}([7]0,2,6)([8]3,6,7)([9]2,6,4)([10]7,8,6)([11]8,0,7)([12]7,11,6)([13]4,3,5)([14]5,4,7)([15]0,5,3)([16]6,12,5)([17]1,9,4)([18]7,14,3)([19]4,16,7)([20]0,9,2)([21]1,18,6)([22]13,5,5)([23]19,2,7)([24]14,15,3)([25]24,23,4)([26]17,6,6)([27]10,22,6)([28]22,12,6)([29]15,4,0)([30]1,8,7)([31]10,18,3)([32]27,8,4)([33]1,5,7)([34]30,26,7)([35]1,0,7)([36]18,3,5)([37]3,33,7)([38]37,31,5)([39]15,6,3)([40]21,32,6)([41]39,18,5)([42]26,37,5)([43]18,20,4)([44]28,17,7)([45]18,20,2)([46]45,14,2)([47]37,43,7)([48]46,25,6)([49]5,24,2)([50]38,39,2)([51]48,40,3)([52]51,43,7)([53]11,33,7)([54]37,10,4)([55]45,6,4)([56]10,37,2)([57]15,26,1)([58]37,39,7)([59]44,52,5)([60]23,41,0)([61]37,42,1)([62]42,43,7)([63]43,2,4)([64]4,57,6)([65]23,17,3)([66]3,59,6)([67]23,36,0)([68]59,41,2)([69]28,61,0)([70]0,45,0)([71]68,27,7)([72]43,51,7)([73]51,58,6)([74]45,2,5)([75]55,37,5)([76]67,34,3)([77]49,52,1)([78]40,53,2)([79]15,52,3)([80]50,32,0)([81]7,13,4)([82]42,51,5)([83]57,6,0)([84]62,59,2)([85]66,0,7)([86]84,73,3)(86)
evaluations: 26922803
first invidual area: 131.19
{7,1,80,1,2,1,8}([7]0,2,6)([8]6,3,7)([9]6,2,4)([10]8,7,6)([11]0,10,4)([12]7,11,6)([13]12,6,5)([14]5,4,7)([15]5,0,3)([16]5,1,4)([17]9,1,4)([18]7,14,6)([19]15,4,5)([20]0,9,2)([21]3,14,5)([22]21,5,5)([23]19,13,7)([24]8,9,7)([25]23,2,7)([26]17,6,6)([27]15,8,0)([28]6,27,6)([29]1,23,2)([30]10,22,6)([31]21,28,3)([32]26,7,5)([33]22,12,3)([34]30,8,4)([35]19,13,2)([36]1,14,6)([37]16,3,4)([38]27,0,2)([39]20,31,0)([40]36,34,6)([41]40,18,5)([42]37,26,5)([43]23,15,7)([44]33,17,4)([45]20,22,2)([46]45,25,6)([47]43,39,5)([48]18,20,7)([49]28,27,5)([50]20,24,1)([51]46,40,3)([52]39,5,7)([53]41,30,6)([54]18,22,7)([55]43,39,0)([56]36,9,3)([57]42,51,7)([58]28,16,6)([59]28,37,4)([60]58,23,2)([61]59,26,0)([62]27,16,3)([63]40,5,7)([64]44,57,5)([65]13,35,3)([66]14,31,0)([67]56,12,3)([68]0,54,2)([69]60,48,1)([70]4,5,5)([71]5,43,6)([72]5,14,4)([73]51,59,6)([74]44,72,2)([75]37,66,7)([76]68,47,7)([77]24,24,1)([78]41,8,4)([79]78,54,2)([80]29,7,4)([81]19,28,5)([82]59,59,3)([83]42,48,7)([84]83,64,2)([85]29,55,7)([86]84,73,3)(86)
optimized area: 123.69
time: 1214659 ms
seed: 1635758619
NOT FOUND
time: 1057311 ms
seed: 1635805469
{7,1,80,1,2,1,8}([7]6,5,5)([8]6,0,6)([9]6,6,3)([10]2,4,7)([11]0,10,5)([12]2,9,4)([13]3,11,3)([14]4,5,4)([15]10,1,3)([16]5,3,1)([17]13,14,7)([18]3,15,3)([19]0,6,5)([20]0,4,4)([21]19,8,4)([22]20,16,1)([23]1,1,3)([24]12,13,7)([25]15,15,5)([26]16,9,6)([27]18,22,7)([28]9,11,4)([29]24,11,5)([30]5,4,4)([31]1,22,4)([32]21,3,6)([33]15,14,5)([34]17,10,2)([35]15,25,5)([36]2,26,7)([37]8,36,6)([38]14,6,3)([39]6,34,2)([40]29,17,7)([41]39,20,6)([42]39,5,7)([43]18,34,7)([44]7,19,4)([45]37,27,6)([46]12,30,0)([47]16,37,5)([48]7,31,3)([49]35,0,3)([50]32,8,2)([51]3,42,3)([52]33,1,7)([53]24,9,4)([54]9,35,2)([55]13,17,7)([56]27,33,1)([57]45,52,3)([58]10,11,4)([59]4,40,2)([60]40,44,2)([61]36,21,0)([62]27,31,6)([63]57,51,5)([64]63,25,1)([65]24,5,2)([66]28,16,4)([67]45,5,4)([68]47,0,6)([69]32,28,3)([70]23,6,7)([71]12,14,4)([72]35,5,7)([73]64,12,7)([74]64,62,7)([75]18,7,3)([76]31,49,5)([77]32,29,3)([78]58,74,0)([79]74,60,3)([80]69,52,0)([81]3,22,7)([82]67,31,7)([83]77,79,4)([84]68,73,3)([85]67,36,2)([86]6,60,6)(83)
evaluations: 29642568
first invidual area: 127.90
{7,1,80,1,2,1,8}([7]6,5,5)([8]0,6,5)([9]0,6,4)([10]2,4,7)([11]0,10,5)([12]2,4,3)([13]3,11,3)([14]4,5,4)([15]10,1,3)([16]2,3,3)([17]14,13,7)([18]5,7,5)([19]9,14,0)([20]4,0,7)([21]4,16,0)([22]6,2,4)([23]3,15,6)([24]17,8,0)([25]18,2,4)([26]23,8,0)([27]26,20,4)([28]3,19,6)([29]11,22,5)([30]14,27,2)([31]6,0,6)([32]3,24,0)([33]7,8,4)([34]17,10,2)([35]25,19,3)([36]16,28,0)([37]31,25,6)([38]1,20,3)([39]6,34,5)([40]24,29,7)([41]40,6,7)([42]39,5,4)([43]26,38,0)([44]32,21,2)([45]26,27,0)([46]45,38,3)([47]4,41,2)([48]29,39,3)([49]15,14,5)([50]25,38,7)([51]3,42,3)([52]28,30,0)([53]39,41,0)([54]4,41,0)([55]37,27,6)([56]49,1,7)([57]55,56,3)([58]6,22,1)([59]20,42,2)([60]40,33,2)([61]48,34,4)([62]41,6,6)([63]51,57,5)([64]52,36,1)([65]13,11,2)([66]63,64,0)([67]5,48,7)([68]36,39,5)([69]56,14,4)([70]61,12,4)([71]18,10,2)([72]58,29,7)([73]25,10,5)([74]66,46,7)([75]60,37,0)([76]59,44,4)([77]28,29,3)([78]33,40,5)([79]74,75,6)([80]72,75,4)([81]10,15,6)([82]38,28,6)([83]77,79,7)([84]48,13,6)([85]60,19,4)([86]1,8,5)(83)
optimized area: 115.72
time: 1123698 ms
seed: 1635848751
NOT FOUND
time: 1074052 ms
seed: 1635890786
NOT FOUND
time: 1049988 ms
seed: 1635926880
{7,1,80,1,2,1,8}([7]2,4,7)([8]6,2,3)([9]7,2,2)([10]6,3,6)([11]5,7,7)([12]1,2,7)([13]7,11,6)([14]9,0,3)([15]9,11,1)([16]15,1,3)([17]11,4,6)([18]12,5,5)([19]6,15,2)([20]18,12,4)([21]11,15,6)([22]6,10,4)([23]12,11,7)([24]21,20,7)([25]6,11,1)([26]4,24,6)([27]0,2,4)([28]10,17,4)([29]27,28,6)([30]29,10,4)([31]23,25,2)([32]28,22,5)([33]23,26,1)([34]30,5,5)([35]27,32,6)([36]3,14,2)([37]36,34,2)([38]18,37,6)([39]20,37,5)([40]32,26,3)([41]32,11,7)([42]39,19,3)([43]19,38,7)([44]41,16,4)([45]5,15,2)([46]39,15,4)([47]40,38,4)([48]26,23,3)([49]39,44,6)([50]35,13,6)([51]50,11,1)([52]47,51,6)([53]43,49,7)([54]47,18,2)([55]31,3,5)([56]34,53,7)([57]25,17,0)([58]34,38,1)([59]30,5,3)([60]52,10,0)([61]2,54,7)([62]14,33,7)([63]61,47,7)([64]55,56,5)([65]10,20,3)([66]52,64,7)([67]22,49,6)([68]31,40,1)([69]62,26,5)([70]20,39,1)([71]46,39,6)([72]38,5,5)([73]42,34,7)([74]58,23,0)([75]12,66,7)([76]65,49,4)([77]76,75,0)([78]13,4,3)([79]33,55,7)([80]56,65,0)([81]51,29,1)([82]2,56,4)([83]12,42,4)([84]30,33,0)([85]4,45,2)([86]45,67,6)(75)
evaluations: 37259811
first invidual area: 144.30
{7,1,80,1,2,1,8}([7]2,4,7)([8]6,2,0)([9]2,4,2)([10]6,3,6)([11]5,7,7)([12]2,1,7)([13]4,5,6)([14]9,0,3)([15]9,3,1)([16]12,15,6)([17]6,14,5)([18]5,12,5)([19]6,15,5)([20]12,18,5)([21]20,11,1)([22]6,10,3)([23]18,11,5)([24]11,7,6)([25]11,4,6)([26]21,4,6)([27]0,2,4)([28]10,25,4)([29]27,28,3)([30]29,10,7)([31]25,6,6)([32]22,28,5)([33]1,30,5)([34]30,5,5)([35]32,27,6)([36]3,14,2)([37]36,34,2)([38]18,37,6)([39]20,37,5)([40]38,22,6)([41]28,11,6)([42]32,26,3)([43]29,16,0)([44]41,16,4)([45]19,38,4)([46]43,37,1)([47]42,38,4)([48]12,24,3)([49]39,44,3)([50]35,24,3)([51]5,8,3)([52]47,50,6)([53]45,49,7)([54]1,6,5)([55]23,40,5)([56]34,53,4)([57]46,23,5)([58]31,6,2)([59]21,4,2)([60]58,17,2)([61]18,34,0)([62]13,16,0)([63]30,59,4)([64]55,56,5)([65]25,34,4)([66]52,12,7)([67]36,53,6)([68]8,38,7)([69]25,67,6)([70]32,69,1)([71]24,14,5)([72]6,12,2)([73]47,63,2)([74]57,37,0)([75]64,66,7)([76]3,70,5)([77]15,7,5)([78]61,29,7)([79]42,2,3)([80]2,54,3)([81]33,10,5)([82]18,68,2)([83]45,55,3)([84]32,25,4)([85]10,40,1)([86]67,1,5)(75)
optimized area: 125.06
time: 1159956 ms
seed: 1635963233
NOT FOUND
time: 1051876 ms
seed: 1635999041
{7,1,80,1,2,1,8}([7]0,2,7)([8]1,6,4)([9]0,4,1)([10]4,6,4)([11]10,1,3)([12]4,2,7)([13]1,7,2)([14]4,12,5)([15]0,10,2)([16]5,8,4)([17]6,0,5)([18]16,15,4)([19]16,14,4)([20]13,19,4)([21]20,12,3)([22]0,1,3)([23]18,21,5)([24]3,5,4)([25]2,8,4)([26]10,22,7)([27]3,18,4)([28]6,25,3)([29]11,23,7)([30]22,19,2)([31]12,13,7)([32]28,10,3)([33]1,14,7)([34]22,27,3)([35]9,13,4)([36]21,6,3)([37]7,10,3)([38]15,29,7)([39]27,26,5)([40]34,35,0)([41]21,32,3)([42]22,26,0)([43]9,31,6)([44]43,24,7)([45]25,17,3)([46]37,35,5)([47]40,33,5)([48]28,19,1)([49]32,24,2)([50]27,28,5)([51]46,30,5)([52]12,23,2)([53]10,33,1)([54]29,32,7)([55]38,44,1)([56]53,42,2)([57]52,56,4)([58]23,6,4)([59]18,8,1)([60]40,54,4)([61]9,3,0)([62]51,28,2)([63]39,45,7)([64]38,51,0)([65]45,54,4)([66]51,9,3)([67]41,14,0)([68]65,44,2)([69]62,68,6)([70]36,39,4)([71]27,18,3)([72]66,31,6)([73]66,41,6)([74]70,63,3)([75]74,69,4)([76]42,47,6)([77]30,76,3)([78]77,65,3)([79]35,43,6)([80]29,58,1)([81]54,6,1)([82]60,56,7)([83]75,63,3)([84]40,25,7)([85]40,33,4)([86]78,75,2)(86)
evaluations: 21440163
first invidual area: 166.81
{7,1,80,1,2,1,8}([7]0,4,4)([8]6,1,4)([9]2,1,2)([10]4,6,4)([11]10,1,3)([12]2,4,7)([13]7,1,5)([14]2,4,5)([15]0,10,5)([16]8,5,4)([17]6,0,5)([18]16,15,7)([19]16,14,4)([20]16,13,4)([21]20,12,3)([22]1,0,3)([23]18,21,5)([24]7,17,4)([25]2,8,4)([26]0,16,1)([27]18,3,4)([28]25,6,3)([29]2,25,6)([30]22,19,2)([31]12,9,7)([32]26,31,5)([33]6,15,5)([34]23,11,4)([35]0,19,3)([36]6,32,5)([37]17,25,3)([38]28,30,2)([39]27,33,5)([40]3,5,4)([41]4,27,5)([42]22,27,1)([43]26,31,3)([44]43,40,4)([45]30,15,5)([46]32,9,5)([47]4,28,3)([48]41,31,6)([49]0,11,1)([50]35,34,2)([51]30,46,5)([52]39,25,1)([53]47,52,7)([54]34,47,7)([55]7,40,0)([56]24,9,4)([57]39,37,3)([58]40,1,1)([59]26,32,2)([60]14,38,2)([61]41,1,5)([62]28,51,2)([63]39,37,2)([64]22,2,4)([65]37,54,7)([66]32,20,6)([67]0,55,1)([68]65,44,2)([69]62,68,6)([70]66,39,6)([71]63,70,3)([72]15,62,4)([73]40,63,5)([74]25,35,3)([75]69,71,4)([76]61,18,1)([77]30,48,3)([78]77,65,3)([79]55,59,2)([80]62,45,3)([81]19,51,6)([82]66,63,3)([83]58,28,4)([84]73,60,7)([85]42,3,4)([86]78,75,2)(86)
optimized area: 148.50
time: 1282552 ms
seed: 1636033587
NOT FOUND
time: 1064477 ms
seed: 1636067573
{7,1,80,1,2,1,8}([7]5,4,7)([8]7,0,0)([9]5,8,2)([10]1,6,7)([11]0,6,4)([12]1,5,4)([13]3,9,7)([14]6,5,2)([15]2,6,7)([16]15,8,5)([17]13,7,7)([18]16,2,7)([19]0,7,1)([20]11,12,4)([21]6,14,2)([22]8,14,7)([23]5,22,5)([24]12,21,7)([25]11,17,3)([26]5,11,4)([27]1,9,5)([28]17,15,4)([29]14,21,2)([30]18,13,7)([31]20,23,6)([32]13,1,2)([33]19,22,4)([34]16,15,1)([35]31,25,4)([36]35,33,6)([37]29,34,6)([38]30,21,4)([39]1,37,7)([40]2,7,0)([41]37,20,3)([42]16,35,7)([43]42,26,7)([44]18,39,3)([45]23,9,1)([46]39,36,7)([47]23,17,3)([48]40,17,2)([49]38,42,2)([50]11,47,4)([51]20,27,1)([52]23,23,7)([53]43,28,5)([54]24,13,5)([55]15,16,0)([56]22,17,1)([57]24,36,1)([58]33,36,6)([59]15,53,2)([60]23,31,3)([61]21,14,3)([62]8,45,3)([63]24,55,0)([64]62,36,6)([65]39,64,7)([66]33,27,4)([67]25,54,2)([68]66,53,2)([69]16,0,5)([70]41,16,4)([71]10,62,4)([72]46,12,7)([73]46,8,2)([74]57,16,3)([75]20,49,2)([76]61,32,4)([77]75,46,6)([78]76,0,4)([79]39,7,0)([80]79,5,4)([81]34,55,1)([82]68,65,2)([83]82,34,3)([84]83,59,4)([85]77,84,6)([86]59,51,3)(85)
evaluations: 8561854
first invidual area: 156.98
{7,1,80,1,2,1,8}([7]4,5,7)([8]7,4,5)([9]8,0,5)([10]4,6,0)([11]0,6,4)([12]5,1,5)([13]3,8,4)([14]5,6,2)([15]6,2,7)([16]15,7,2)([17]13,7,7)([18]2,7,7)([19]5,11,7)([20]12,11,4)([21]9,15,0)([22]7,14,7)([23]5,22,5)([24]17,11,3)([25]2,10,7)([26]4,3,6)([27]20,23,6)([28]9,3,1)([29]15,17,4)([30]13,2,7)([31]25,0,4)([32]24,23,5)([33]0,22,7)([34]14,33,2)([35]27,24,4)([36]33,35,6)([37]14,16,6)([38]26,13,6)([39]1,37,7)([40]5,7,7)([41]37,30,7)([42]16,35,4)([43]14,24,3)([44]3,24,6)([45]6,25,7)([46]39,36,7)([47]33,22,1)([48]7,23,0)([49]37,28,1)([50]42,41,2)([51]7,32,6)([52]42,19,4)([53]29,52,5)([54]33,12,4)([55]9,25,4)([56]34,11,4)([57]53,15,5)([58]45,28,6)([59]44,5,3)([60]31,40,0)([61]42,20,2)([62]54,56,2)([63]47,49,1)([64]55,40,5)([65]39,51,7)([66]63,11,3)([67]54,53,2)([68]56,56,4)([69]59,33,2)([70]26,66,6)([71]28,24,4)([72]55,43,7)([73]36,32,4)([74]2,9,2)([75]20,50,2)([76]69,70,4)([77]75,46,6)([78]48,49,2)([79]7,48,3)([80]77,76,3)([81]51,26,6)([82]67,65,2)([83]82,16,3)([84]83,57,7)([85]77,84,6)([86]83,7,5)(85)
optimized area: 137.78
time: 1426579 ms
seed: 1636100629
NOT FOUND
time: 1064270 ms
seed: 1636133398
NOT FOUND
time: 1062766 ms
seed: 1636165708
NOT FOUND
time: 1079495 ms
seed: 1636196412
{7,1,80,1,2,1,8}([7]4,0,2)([8]4,2,7)([9]4,1,2)([10]8,4,2)([11]0,10,3)([12]8,7,0)([13]6,2,7)([14]5,8,5)([15]14,1,6)([16]15,13,6)([17]5,13,5)([18]6,3,3)([19]11,18,7)([20]3,19,2)([21]0,8,7)([22]16,1,7)([23]8,22,4)([24]20,22,4)([25]24,24,5)([26]24,17,5)([27]16,13,1)([28]27,7,2)([29]25,19,3)([30]7,9,3)([31]1,7,4)([32]29,1,4)([33]25,22,0)([34]25,4,5)([35]20,26,5)([36]15,14,5)([37]24,9,7)([38]19,28,3)([39]33,13,1)([40]5,1,7)([41]23,34,6)([42]28,14,3)([43]5,31,5)([44]24,23,6)([45]38,24,3)([46]23,29,6)([47]7,38,2)([48]44,35,6)([49]16,23,5)([50]31,48,4)([51]45,41,5)([52]28,8,4)([53]1,28,7)([54]32,5,7)([55]50,21,3)([56]27,5,0)([57]21,32,5)([58]42,45,5)([59]22,33,2)([60]43,58,1)([61]51,49,5)([62]56,38,3)([63]9,40,5)([64]50,43,5)([65]63,13,4)([66]39,40,7)([67]46,65,7)([68]10,7,6)([69]30,66,2)([70]47,68,7)([71]67,61,4)([72]9,20,6)([73]54,58,3)([74]15,25,6)([75]66,71,3)([76]69,36,4)([77]54,67,7)([78]61,20,3)([79]62,75,2)([80]54,57,1)([81]57,73,2)([82]64,70,7)([83]5,40,1)([84]62,1,5)([85]79,82,7)([86]57,83,0)(85)
evaluations: 42960415
first invidual area: 149.42
{7,1,80,1,2,1,8}([7]0,4,2)([8]4,2,7)([9]1,4,2)([10]4,2,2)([11]10,0,3)([12]3,6,3)([13]2,6,7)([14]8,5,5)([15]14,1,6)([16]15,13,6)([17]9,5,5)([18]1,7,0)([19]11,12,7)([20]3,11,2)([21]0,10,1)([22]16,18,7)([23]8,22,4)([24]22,20,4)([25]23,24,0)([26]24,17,5)([27]16,13,1)([28]15,15,4)([29]26,19,3)([30]23,12,4)([31]18,7,4)([32]27,27,0)([33]23,29,0)([34]26,4,5)([35]20,26,5)([36]16,10,6)([37]5,1,7)([38]19,7,3)([39]26,34,6)([40]21,19,1)([41]33,34,6)([42]14,36,4)([43]5,31,5)([44]24,23,6)([45]4,41,6)([46]33,29,3)([47]42,41,0)([48]44,35,6)([49]16,33,5)([50]31,48,4)([51]38,41,5)([52]42,11,4)([53]10,38,1)([54]3,29,1)([55]18,10,4)([56]0,55,3)([57]18,2,2)([58]19,28,0)([59]40,58,0)([60]8,31,1)([61]51,49,5)([62]27,38,3)([63]22,6,3)([64]50,43,5)([65]17,13,4)([66]24,37,7)([67]46,65,7)([68]62,55,0)([69]45,15,2)([70]7,53,6)([71]67,61,7)([72]51,17,1)([73]53,45,5)([74]1,68,5)([75]23,74,5)([76]48,43,0)([77]66,71,3)([78]32,66,1)([79]77,68,5)([80]11,54,5)([81]62,34,2)([82]64,70,4)([83]80,75,3)([84]83,79,7)([85]79,82,7)([86]83,29,7)(85)
optimized area: 133.50
time: 1104319 ms
seed: 1636226411
{7,1,80,1,2,1,8}([7]4,5,4)([8]0,6,4)([9]1,2,4)([10]3,0,5)([11]9,8,6)([12]8,6,6)([13]10,1,6)([14]6,11,4)([15]13,8,7)([16]11,3,6)([17]14,16,3)([18]12,5,3)([19]15,9,4)([20]17,9,6)([21]9,18,7)([22]7,5,2)([23]22,20,6)([24]6,2,4)([25]19,23,4)([26]24,5,5)([27]8,14,4)([28]26,20,6)([29]11,7,6)([30]29,12,3)([31]30,1,4)([32]26,1,5)([33]7,0,2)([34]6,6,5)([35]31,25,4)([36]9,6,0)([37]20,30,0)([38]24,25,1)([39]4,25,5)([40]35,28,4)([41]25,3,1)([42]19,7,2)([43]16,40,2)([44]1,3,7)([45]3,40,3)([46]43,5,2)([47]19,35,4)([48]5,17,6)([49]33,20,2)([50]35,6,5)([51]10,47,4)([52]21,25,6)([53]29,9,1)([54]46,51,6)([55]15,42,4)([56]35,19,2)([57]45,29,3)([58]2,14,3)([59]32,54,3)([60]28,12,1)([61]8,25,2)([62]52,57,4)([63]3,0,5)([64]62,59,2)([65]33,0,7)([66]64,6,1)([67]56,19,7)([68]60,18,7)([69]42,25,3)([70]17,63,3)([71]7,44,5)([72]30,48,7)([73]50,7,2)([74]58,72,3)([75]59,55,2)([76]61,56,2)([77]62,51,1)([78]55,76,5)([79]26,50,7)([80]44,65,0)([81]62,40,1)([82]57,23,2)([83]77,0,1)([84]65,64,7)([85]10,9,5)([86]84,76,4)(86)
evaluations: 14024942
first invidual area: 146.19
{7,1,80,1,2,1,8}([7]4,5,4)([8]0,6,4)([9]1,2,4)([10]3,0,5)([11]9,8,6)([12]0,8,6)([13]10,1,3)([14]0,2,1)([15]8,9,7)([16]15,3,6)([17]14,16,3)([18]12,5,6)([19]15,13,4)([20]17,9,6)([21]7,5,2)([22]7,14,3)([23]20,21,3)([24]6,2,4)([25]19,23,4)([26]24,5,5)([27]9,18,4)([28]26,20,3)([29]7,11,6)([30]29,12,3)([31]30,25,4)([32]5,30,7)([33]21,1,3)([34]13,5,0)([35]1,31,4)([36]35,15,3)([37]33,36,4)([38]27,9,4)([39]26,1,5)([40]35,28,7)([41]32,29,1)([42]18,2,4)([43]6,25,4)([44]35,25,2)([45]33,36,5)([46]5,16,5)([47]42,15,6)([48]22,36,3)([49]40,29,3)([50]16,13,1)([51]10,36,7)([52]27,25,6)([53]9,6,1)([54]51,46,2)([55]28,23,1)([56]8,23,2)([57]49,3,6)([58]47,28,4)([59]39,54,3)([60]15,42,0)([61]21,46,0)([62]52,57,7)([63]10,59,3)([64]62,59,5)([65]58,48,6)([66]58,42,2)([67]6,20,4)([68]24,32,1)([69]22,51,7)([70]0,67,2)([71]10,11,3)([72]16,17,7)([73]46,1,2)([74]36,43,7)([75]64,5,4)([76]44,56,5)([77]49,39,7)([78]9,68,0)([79]36,42,6)([80]62,78,6)([81]51,73,4)([82]76,60,2)([83]77,42,4)([84]22,64,4)([85]58,34,0)([86]76,84,7)(86)
optimized area: 132.11
time: 1402864 ms
