seed: 1634024979
{7,1,80,1,2,1,8}([7]1,5,7)([8]0,1,7)([9]4,0,5)([10]8,3,3)([11]10,3,4)([12]6,2,6)([13]7,10,6)([14]9,6,2)([15]13,2,7)([16]10,6,5)([17]12,7,4)([18]5,17,4)([19]14,15,3)([20]17,17,6)([21]13,8,0)([22]16,3,6)([23]7,0,1)([24]6,18,4)([25]13,24,6)([26]18,14,4)([27]22,18,4)([28]9,4,5)([29]2,6,1)([30]16,17,5)([31]7,20,1)([32]17,11,5)([33]6,3,6)([34]19,7,4)([35]12,25,2)([36]19,32,2)([37]5,34,5)([38]8,7,3)([39]0,36,7)([40]37,28,7)([41]19,36,1)([42]28,24,2)([43]9,32,7)([44]5,26,3)([45]37,42,7)([46]10,23,4)([47]40,32,2)([48]31,45,2)([49]24,18,6)([50]39,45,5)([51]50,6,4)([52]6,22,3)([53]48,15,5)([54]47,49,6)([55]15,25,3)([56]42,30,4)([57]55,56,6)([58]3,2,4)([59]27,15,4)([60]51,54,7)([61]21,44,1)([62]0,26,7)([63]58,57,7)([64]11,19,2)([65]6,50,7)([66]12,7,4)([67]64,55,1)([68]36,40,7)([69]20,38,0)([70]60,43,4)([71]23,32,3)([72]13,40,6)([73]43,18,7)([74]21,53,4)([75]34,6,7)([76]19,0,3)([77]66,1,4)([78]19,30,4)([79]63,70,6)([80]10,63,4)([81]79,36,4)([82]66,10,4)([83]4,8,0)([84]75,47,6)([85]16,10,4)([86]81,58,3)(81)
evaluations: 8510639
first invidual area: 134.96
{7,1,80,1,2,1,8}([7]1,5,7)([8]1,0,7)([9]4,0,5)([10]8,3,3)([11]6,0,0)([12]2,6,6)([13]10,3,4)([14]10,7,3)([15]2,14,4)([16]9,6,2)([17]7,12,4)([18]17,11,7)([19]15,16,3)([20]0,19,7)([21]0,11,6)([22]8,20,3)([23]10,8,0)([24]18,5,7)([25]6,21,3)([26]2,3,7)([27]12,24,6)([28]9,4,5)([29]15,16,1)([30]24,6,6)([31]10,1,5)([32]17,13,5)([33]22,5,5)([34]30,24,1)([35]14,7,0)([36]24,8,6)([37]19,29,0)([38]15,27,3)([39]31,17,5)([40]15,19,7)([41]9,11,4)([42]28,24,2)([43]29,31,4)([44]28,33,7)([45]42,5,4)([46]26,34,3)([47]44,32,2)([48]38,29,3)([49]19,32,5)([50]45,20,5)([51]39,37,7)([52]45,46,4)([53]37,49,1)([54]47,30,3)([55]36,54,2)([56]39,42,4)([57]1,17,4)([58]51,30,7)([59]50,32,7)([60]59,54,4)([61]16,40,1)([62]38,56,3)([63]26,62,4)([64]33,42,5)([65]60,41,7)([66]51,39,5)([67]48,11,7)([68]42,34,3)([69]54,18,3)([70]39,24,1)([71]26,55,5)([72]61,13,0)([73]4,2,7)([74]33,63,2)([75]20,58,2)([76]55,72,3)([77]67,33,4)([78]64,17,3)([79]63,65,5)([80]46,8,5)([81]79,49,4)([82]72,2,5)([83]57,14,4)([84]18,10,7)([85]17,12,7)([86]43,29,0)(81)
optimized area: 131.67
time: 677634 ms
seed: 1634073805
NOT FOUND
time: 526588 ms
seed: 1634235407
{7,1,80,1,2,1,8}([7]1,4,7)([8]4,6,4)([9]1,3,7)([10]1,5,4)([11]4,8,3)([12]2,6,2)([13]2,6,3)([14]10,10,2)([15]9,12,4)([16]11,13,2)([17]7,3,1)([18]15,9,1)([19]8,15,5)([20]16,10,7)([21]17,14,3)([22]3,20,3)([23]2,7,0)([24]15,14,4)([25]21,20,6)([26]22,12,6)([27]17,24,5)([28]22,10,0)([29]11,19,5)([30]29,27,6)([31]0,19,7)([32]5,13,0)([33]29,13,4)([34]10,26,7)([35]5,23,7)([36]20,29,5)([37]31,35,4)([38]11,17,2)([39]6,37,5)([40]8,26,3)([41]1,18,4)([42]31,30,4)([43]25,2,7)([44]5,36,3)([45]9,12,3)([46]42,34,3)([47]33,26,7)([48]28,40,2)([49]31,40,4)([50]37,46,2)([51]46,27,0)([52]38,49,2)([53]5,15,1)([54]53,27,7)([55]52,48,7)([56]18,13,3)([57]11,7,0)([58]14,44,2)([59]37,6,7)([60]13,6,4)([61]53,55,7)([62]12,49,7)([63]44,41,3)([64]59,51,3)([65]57,56,2)([66]11,60,2)([67]13,2,5)([68]50,49,2)([69]52,41,4)([70]22,22,6)([71]49,32,6)([72]42,44,5)([73]13,68,5)([74]27,37,6)([75]62,22,3)([76]75,5,0)([77]41,68,6)([78]26,8,0)([79]64,47,5)([80]44,25,6)([81]72,79,2)([82]78,69,1)([83]69,78,7)([84]83,81,3)([85]84,73,2)([86]43,28,0)(85)
evaluations: 38068618
first invidual area: 147.12
{7,1,80,1,2,1,8}([7]4,1,4)([8]4,6,4)([9]8,8,1)([10]1,5,4)([11]8,6,3)([12]6,2,2)([13]6,2,3)([14]3,12,4)([15]1,14,7)([16]13,11,5)([17]5,2,4)([18]9,13,4)([19]15,8,5)([20]10,16,4)([21]13,19,2)([22]20,12,3)([23]15,10,4)([24]11,14,1)([25]1,16,1)([26]22,14,6)([27]7,23,5)([28]7,27,6)([29]11,19,5)([30]27,29,6)([31]0,19,7)([32]22,7,6)([33]29,26,7)([34]10,26,7)([35]24,21,2)([36]34,0,5)([37]25,23,6)([38]7,11,2)([39]33,13,1)([40]8,26,3)([41]40,11,3)([42]31,30,4)([43]22,19,7)([44]31,17,7)([45]0,1,1)([46]42,34,3)([47]33,13,4)([48]42,19,0)([49]31,40,4)([50]44,46,2)([51]33,19,7)([52]38,49,5)([53]31,12,7)([54]12,38,6)([55]14,52,7)([56]18,20,1)([57]12,8,7)([58]10,35,5)([59]14,50,0)([60]41,36,3)([61]10,48,5)([62]27,51,7)([63]5,6,6)([64]63,34,3)([65]55,40,2)([66]11,59,1)([67]26,49,7)([68]50,49,2)([69]20,63,5)([70]3,45,2)([71]23,10,6)([72]48,69,5)([73]13,68,5)([74]13,24,6)([75]47,64,5)([76]40,68,7)([77]15,61,1)([78]16,70,5)([79]16,19,3)([80]15,58,3)([81]72,75,2)([82]53,74,7)([83]55,26,7)([84]83,81,3)([85]84,73,2)([86]60,83,5)(85)
optimized area: 134.00
time: 573154 ms
seed: 1634372896
{7,1,80,1,2,1,8}([7]3,6,6)([8]5,5,3)([9]3,7,3)([10]3,2,4)([11]0,9,7)([12]0,11,1)([13]1,10,1)([14]5,10,6)([15]1,11,6)([16]15,6,5)([17]1,10,6)([18]13,5,4)([19]3,16,0)([20]19,17,7)([21]8,11,4)([22]21,1,6)([23]9,15,7)([24]11,4,7)([25]24,1,7)([26]6,20,7)([27]2,24,2)([28]8,10,4)([29]27,22,6)([30]14,23,7)([31]3,16,5)([32]6,3,5)([33]4,9,4)([34]3,26,5)([35]8,33,2)([36]11,28,2)([37]21,2,6)([38]17,19,0)([39]2,32,6)([40]36,6,7)([41]33,1,7)([42]41,31,4)([43]2,2,5)([44]35,42,3)([45]6,30,2)([46]11,17,5)([47]46,1,3)([48]15,10,3)([49]44,18,2)([50]19,38,6)([51]30,27,2)([52]3,12,6)([53]37,23,1)([54]50,46,2)([55]53,24,3)([56]7,33,6)([57]19,38,5)([58]15,12,5)([59]2,29,5)([60]6,29,6)([61]0,45,6)([62]26,60,3)([63]41,60,4)([64]49,59,2)([65]18,1,1)([66]49,0,6)([67]55,34,4)([68]59,55,3)([69]12,62,4)([70]24,24,6)([71]2,70,5)([72]4,37,5)([73]69,51,3)([74]29,39,4)([75]64,63,3)([76]8,59,1)([77]7,21,5)([78]9,40,7)([79]16,19,5)([80]67,23,2)([81]77,75,2)([82]81,73,4)([83]59,58,7)([84]31,56,2)([85]82,80,3)([86]7,34,6)(85)
evaluations: 38424716
first invidual area: 140.07
{7,1,80,1,2,1,8}([7]6,3,6)([8]3,2,5)([9]3,7,3)([10]3,2,4)([11]0,9,7)([12]10,6,0)([13]11,1,3)([14]4,9,7)([15]9,12,2)([16]5,11,0)([17]12,1,6)([18]12,16,3)([19]1,16,7)([20]17,3,7)([21]16,11,4)([22]21,9,1)([23]13,9,5)([24]4,11,7)([25]1,21,6)([26]6,20,7)([27]24,2,2)([28]5,1,1)([29]27,25,6)([30]18,23,4)([31]26,8,2)([32]15,2,0)([33]15,2,3)([34]3,26,5)([35]27,30,2)([36]33,15,5)([37]21,2,3)([38]4,36,1)([39]2,38,0)([40]26,10,0)([41]14,1,4)([42]41,8,4)([43]39,6,6)([44]20,12,3)([45]41,17,1)([46]0,15,2)([47]20,7,6)([48]1,12,3)([49]42,19,2)([50]47,24,3)([51]12,27,1)([52]3,38,3)([53]37,50,0)([54]3,48,0)([55]48,50,5)([56]27,10,7)([57]11,8,3)([58]1,27,3)([59]10,29,5)([60]29,6,6)([61]59,49,2)([62]26,60,3)([63]41,60,4)([64]37,24,7)([65]37,24,3)([66]47,2,6)([67]65,34,5)([68]39,42,1)([69]62,0,7)([70]22,69,1)([71]7,35,7)([72]44,45,0)([73]69,35,6)([74]23,0,2)([75]61,63,3)([76]60,25,5)([77]7,21,5)([78]5,36,5)([79]55,19,2)([80]67,23,2)([81]77,75,5)([82]81,73,4)([83]80,82,3)([84]7,1,0)([85]35,29,1)([86]54,62,7)(83)
optimized area: 123.21
time: 560097 ms
seed: 1634421908
{7,1,80,1,2,1,8}([7]1,4,3)([8]3,6,7)([9]1,5,7)([10]5,3,6)([11]0,0,0)([12]1,2,5)([13]0,6,1)([14]6,4,7)([15]10,12,6)([16]5,12,2)([17]7,16,3)([18]9,2,3)([19]17,13,5)([20]4,13,4)([21]2,17,6)([22]8,18,7)([23]9,14,2)([24]20,17,2)([25]1,11,7)([26]12,11,4)([27]14,21,4)([28]21,17,2)([29]23,10,6)([30]24,8,7)([31]14,16,2)([32]25,31,6)([33]5,17,1)([34]0,1,0)([35]8,32,2)([36]3,10,7)([37]23,18,3)([38]18,15,0)([39]2,33,5)([40]22,22,5)([41]16,24,4)([42]35,24,5)([43]16,42,1)([44]15,41,6)([45]36,19,3)([46]23,22,4)([47]42,32,7)([48]35,6,5)([49]45,44,2)([50]46,42,7)([51]49,50,4)([52]9,5,4)([53]45,27,7)([54]30,53,3)([55]24,12,0)([56]55,49,1)([57]39,25,7)([58]45,10,1)([59]33,12,2)([60]46,53,2)([61]38,34,7)([62]7,44,2)([63]54,51,2)([64]44,22,6)([65]55,61,2)([66]1,8,5)([67]0,47,7)([68]16,32,2)([69]29,39,4)([70]44,24,6)([71]17,7,3)([72]63,57,5)([73]17,16,1)([74]56,26,6)([75]36,73,0)([76]43,41,3)([77]42,13,1)([78]53,32,0)([79]21,67,3)([80]50,36,5)([81]60,72,4)([82]32,10,1)([83]49,49,7)([84]75,18,3)([85]81,64,4)([86]74,0,4)(85)
evaluations: 43434729
first invidual area: 136.34
{7,1,80,1,2,1,8}([7]5,1,3)([8]6,3,7)([9]5,1,7)([10]3,5,6)([11]2,9,6)([12]1,2,5)([13]0,6,1)([14]4,6,7)([15]10,12,6)([16]8,15,4)([17]7,4,3)([18]13,10,6)([19]17,13,5)([20]4,19,7)([21]2,17,3)([22]8,11,4)([23]9,14,5)([24]5,18,1)([25]1,0,4)([26]12,15,5)([27]14,21,4)([28]6,9,3)([29]20,8,7)([30]15,17,2)([31]24,22,0)([32]20,22,2)([33]21,21,5)([34]22,25,2)([35]25,30,0)([36]3,24,6)([37]15,7,4)([38]20,4,6)([39]2,31,5)([40]35,15,0)([41]5,20,4)([42]21,2,6)([43]22,7,0)([44]15,41,6)([45]19,36,3)([46]23,43,7)([47]41,11,5)([48]29,34,5)([49]45,44,5)([50]46,48,4)([51]49,50,4)([52]36,31,1)([53]45,27,4)([54]29,53,3)([55]6,5,0)([56]11,28,5)([57]51,55,0)([58]46,50,1)([59]50,26,5)([60]46,53,5)([61]25,39,4)([62]41,34,7)([63]54,57,2)([64]44,22,6)([65]32,53,6)([66]33,24,4)([67]30,11,6)([68]11,41,5)([69]61,39,3)([70]5,46,4)([71]70,35,7)([72]63,61,5)([73]22,46,3)([74]37,2,6)([75]49,10,7)([76]73,60,2)([77]46,30,7)([78]70,7,5)([79]40,7,2)([80]63,39,6)([81]60,72,4)([82]80,14,1)([83]74,61,6)([84]38,46,7)([85]81,64,7)([86]7,42,3)(85)
optimized area: 123.22
time: 549393 ms
seed: 1634630228
NOT FOUND
time: 521295 ms
seed: 1635157225
NOT FOUND
time: 533200 ms
seed: 1635206419
{7,1,80,1,2,1,8}([7]1,5,4)([8]3,7,6)([9]3,2,7)([10]8,9,4)([11]0,4,4)([12]8,5,2)([13]11,4,2)([14]7,3,4)([15]0,1,7)([16]0,7,6)([17]15,16,2)([18]1,6,5)([19]8,13,7)([20]18,12,1)([21]11,9,6)([22]12,6,4)([23]1,10,3)([24]11,14,6)([25]6,3,0)([26]24,9,6)([27]5,13,4)([28]2,24,2)([29]26,17,2)([30]29,15,3)([31]15,20,7)([32]0,9,0)([33]18,0,5)([34]3,28,3)([35]26,1,4)([36]6,31,1)([37]30,21,1)([38]16,12,7)([39]33,17,0)([40]0,2,3)([41]18,40,5)([42]10,19,2)([43]21,26,7)([44]34,39,5)([45]10,11,5)([46]36,28,6)([47]45,9,4)([48]44,22,2)([49]23,29,6)([50]19,2,7)([51]31,34,1)([52]43,9,7)([53]39,25,3)([54]46,27,6)([55]42,6,6)([56]47,55,4)([57]11,27,0)([58]49,21,4)([59]51,12,7)([60]41,10,1)([61]28,45,5)([62]23,56,0)([63]52,13,6)([64]56,15,3)([65]47,42,3)([66]2,10,5)([67]44,64,7)([68]34,40,5)([69]67,54,6)([70]69,48,7)([71]32,39,0)([72]11,31,5)([73]0,49,7)([74]48,29,2)([75]70,58,7)([76]4,64,5)([77]45,31,2)([78]16,41,6)([79]33,10,0)([80]67,28,0)([81]29,19,3)([82]0,12,6)([83]62,52,6)([84]40,67,6)([85]73,55,4)([86]44,14,7)(75)
evaluations: 28177205
first invidual area: 126.03
{7,1,80,1,2,1,8}([7]1,5,4)([8]3,7,6)([9]2,3,7)([10]9,8,4)([11]4,0,4)([12]7,3,7)([13]6,5,1)([14]7,9,4)([15]11,14,6)([16]14,0,6)([17]1,8,5)([18]6,11,0)([19]4,11,5)([20]2,16,2)([21]18,1,5)([22]11,10,5)([23]21,4,5)([24]7,1,2)([25]10,16,3)([26]25,1,3)([27]21,0,5)([28]2,15,2)([29]3,15,7)([30]1,14,7)([31]27,0,7)([32]17,6,7)([33]16,9,1)([34]0,1,7)([35]32,1,5)([36]3,28,3)([37]29,17,2)([38]9,23,6)([39]16,30,1)([40]20,3,3)([41]12,37,1)([42]25,33,2)([43]34,20,0)([44]36,27,5)([45]9,11,6)([46]13,28,6)([47]3,43,0)([48]44,32,5)([49]22,9,4)([50]15,4,3)([51]44,21,3)([52]45,49,7)([53]42,6,3)([54]51,16,6)([55]20,52,6)([56]53,49,7)([57]37,14,4)([58]26,48,4)([59]2,18,6)([60]16,45,0)([61]0,29,5)([62]5,19,7)([63]22,32,4)([64]56,34,3)([65]62,46,6)([66]29,8,1)([67]44,64,7)([68]22,36,3)([69]67,65,3)([70]69,58,4)([71]0,15,1)([72]51,0,7)([73]24,30,2)([74]59,32,7)([75]52,32,6)([76]28,9,0)([77]29,34,7)([78]70,45,7)([79]30,34,6)([80]27,37,7)([81]41,66,6)([82]62,50,0)([83]46,33,2)([84]82,64,4)([85]59,71,1)([86]62,53,7)(78)
optimized area: 114.31
time: 582127 ms
seed: 1635389853
{7,1,80,1,2,1,8}([7]4,5,5)([8]4,2,4)([9]7,3,7)([10]9,8,3)([11]3,1,2)([12]4,10,2)([13]7,5,5)([14]8,3,4)([15]11,6,4)([16]9,5,7)([17]1,10,7)([18]1,8,7)([19]15,17,3)([20]15,9,7)([21]14,17,7)([22]19,13,7)([23]20,20,6)([24]12,23,5)([25]4,21,3)([26]2,21,5)([27]25,23,3)([28]26,3,2)([29]14,23,6)([30]0,18,5)([31]28,29,3)([32]22,17,6)([33]23,25,6)([34]32,33,7)([35]22,18,2)([36]21,24,5)([37]33,20,0)([38]23,17,7)([39]35,24,7)([40]23,26,2)([41]9,4,1)([42]8,1,0)([43]19,5,2)([44]43,17,3)([45]39,37,3)([46]9,8,7)([47]6,17,2)([48]34,40,6)([49]42,37,6)([50]4,44,5)([51]24,0,0)([52]24,2,5)([53]13,47,4)([54]21,1,4)([55]17,31,7)([56]21,40,5)([57]45,55,3)([58]0,48,3)([59]2,15,0)([60]58,57,5)([61]42,27,3)([62]11,58,5)([63]3,13,1)([64]40,46,3)([65]60,47,4)([66]53,39,7)([67]46,60,3)([68]53,52,5)([69]2,31,4)([70]63,28,4)([71]65,50,7)([72]16,56,5)([73]10,70,3)([74]20,42,4)([75]48,2,7)([76]3,54,6)([77]23,6,6)([78]39,47,7)([79]28,68,6)([80]24,64,1)([81]14,40,6)([82]15,12,6)([83]17,44,5)([84]72,69,4)([85]26,11,4)([86]71,79,4)(86)
evaluations: 18865750
first invidual area: 139.14
{7,1,80,1,2,1,8}([7]5,4,5)([8]4,2,4)([9]7,3,7)([10]9,8,3)([11]10,4,2)([12]3,1,5)([13]7,5,5)([14]8,3,4)([15]12,6,7)([16]5,0,2)([17]1,10,7)([18]17,17,0)([19]17,15,3)([20]1,8,7)([21]17,14,7)([22]19,13,7)([23]9,15,4)([24]11,23,5)([25]23,4,3)([26]2,21,5)([27]8,13,2)([28]5,15,2)([29]14,23,6)([30]13,21,0)([31]26,3,2)([32]18,22,6)([33]21,25,6)([34]16,13,7)([35]22,20,5)([36]2,20,2)([37]13,34,2)([38]29,31,6)([39]33,32,7)([40]23,26,2)([41]35,14,1)([42]18,28,3)([43]24,35,4)([44]18,38,4)([45]33,44,3)([46]39,3,0)([47]18,6,5)([48]47,23,1)([49]40,39,6)([50]4,42,5)([51]14,41,1)([52]2,24,5)([53]30,47,7)([54]2,52,2)([55]36,30,2)([56]24,41,7)([57]45,43,3)([58]0,49,3)([59]46,45,6)([60]58,57,5)([61]6,10,4)([62]47,60,4)([63]1,48,4)([64]31,27,0)([65]11,19,5)([66]5,21,4)([67]25,19,5)([68]53,52,5)([69]7,65,2)([70]8,9,2)([71]62,50,7)([72]47,49,1)([73]19,28,2)([74]52,20,6)([75]26,68,6)([76]60,4,6)([77]14,29,5)([78]40,52,3)([79]3,68,6)([80]71,79,7)([81]13,10,6)([82]17,22,7)([83]74,36,6)([84]49,15,2)([85]0,75,2)([86]75,38,1)(80)
optimized area: 135.39
time: 1258967 ms
seed: 1635637055
NOT FOUND
time: 1046909 ms
seed: 1635684692
NOT FOUND
time: 1059445 ms
seed: 1635732597
{7,1,80,1,2,1,8}([7]0,1,3)([8]0,4,7)([9]6,3,7)([10]0,5,4)([11]7,5,3)([12]5,4,6)([13]8,11,5)([14]6,3,3)([15]10,6,3)([16]6,13,3)([17]16,8,3)([18]3,10,6)([19]8,11,7)([20]18,2,4)([21]1,16,7)([22]5,18,5)([23]10,21,4)([24]3,19,5)([25]20,21,6)([26]1,4,6)([27]23,0,2)([28]4,9,4)([29]21,9,6)([30]29,23,1)([31]12,14,3)([32]7,13,6)([33]22,30,7)([34]20,27,4)([35]34,24,0)([36]32,25,3)([37]31,36,4)([38]13,0,2)([39]11,22,0)([40]17,15,1)([41]24,37,3)([42]2,27,3)([43]23,7,1)([44]35,18,5)([45]34,14,6)([46]41,29,6)([47]6,32,1)([48]31,37,4)([49]46,33,4)([50]42,24,7)([51]13,49,5)([52]47,51,6)([53]47,2,7)([54]15,34,5)([55]1,15,7)([56]35,52,4)([57]43,38,2)([58]39,19,3)([59]52,37,7)([60]8,33,4)([61]14,36,2)([62]15,19,3)([63]1,47,7)([64]7,26,3)([65]30,35,0)([66]5,46,3)([67]50,60,6)([68]25,4,6)([69]11,15,0)([70]54,67,2)([71]39,8,2)([72]5,8,7)([73]50,70,7)([74]55,70,5)([75]70,41,6)([76]60,64,0)([77]59,74,7)([78]43,38,5)([79]78,26,5)([80]30,74,7)([81]59,72,7)([82]42,22,2)([83]82,64,2)([84]70,45,3)([85]58,34,6)([86]21,59,3)(77)
evaluations: 21002919
first invidual area: 133.52
{7,1,80,1,2,1,8}([7]0,1,3)([8]0,4,7)([9]5,4,6)([10]5,0,4)([11]7,10,3)([12]6,3,7)([13]11,8,5)([14]9,3,3)([15]6,13,3)([16]0,6,4)([17]10,6,6)([18]3,10,6)([19]11,8,7)([20]2,18,4)([21]15,1,7)([22]21,20,6)([23]10,21,4)([24]19,14,5)([25]6,9,1)([26]23,25,5)([27]23,0,2)([28]21,12,6)([29]0,18,5)([30]29,3,0)([31]6,14,6)([32]7,13,6)([33]1,17,3)([34]27,2,4)([35]30,28,4)([36]32,22,6)([37]31,36,4)([38]36,17,5)([39]17,14,7)([40]28,24,3)([41]2,24,3)([42]34,27,6)([43]38,38,1)([44]28,4,3)([45]24,42,4)([46]24,36,7)([47]27,5,2)([48]19,45,2)([49]35,41,2)([50]45,31,0)([51]13,49,5)([52]25,51,3)([53]3,0,3)([54]37,52,7)([55]1,17,3)([56]1,34,5)([57]29,26,2)([58]2,46,0)([59]1,18,3)([60]8,35,4)([61]14,54,3)([62]5,13,2)([63]7,10,5)([64]26,6,7)([65]41,25,7)([66]46,65,1)([67]45,60,6)([68]41,49,4)([69]57,5,1)([70]56,67,2)([71]33,5,6)([72]2,51,0)([73]65,2,5)([74]55,70,5)([75]12,64,4)([76]16,23,7)([77]54,74,4)([78]11,47,3)([79]55,69,2)([80]76,22,7)([81]62,6,7)([82]39,53,5)([83]28,23,3)([84]80,14,2)([85]7,84,5)([86]83,65,7)(77)
optimized area: 125.08
time: 1235457 ms
seed: 1635779793
NOT FOUND
time: 1067447 ms
seed: 1635826711
NOT FOUND
time: 1063425 ms
seed: 1635869926
NOT FOUND
time: 1065204 ms
seed: 1635911889
{7,1,80,1,2,1,8}([7]3,1,5)([8]5,0,2)([9]4,0,4)([10]9,6,6)([11]2,4,2)([12]10,1,4)([13]6,7,7)([14]11,6,5)([15]11,2,3)([16]3,13,2)([17]5,5,0)([18]8,13,4)([19]14,18,2)([20]15,4,7)([21]2,12,5)([22]8,12,5)([23]3,22,2)([24]7,4,4)([25]13,18,2)([26]24,22,0)([27]20,21,4)([28]12,5,4)([29]19,23,6)([30]0,16,4)([31]1,26,3)([32]27,31,5)([33]3,22,3)([34]16,6,0)([35]7,5,4)([36]28,5,7)([37]6,20,4)([38]34,27,5)([39]7,29,7)([40]30,27,7)([41]13,6,4)([42]0,2,3)([43]11,41,0)([44]42,13,4)([45]44,9,4)([46]11,32,1)([47]8,17,7)([48]1,34,4)([49]0,24,6)([50]28,13,7)([51]31,50,7)([52]15,17,5)([53]32,48,7)([54]44,39,6)([55]28,43,0)([56]52,36,0)([57]16,53,5)([58]42,57,3)([59]41,54,4)([60]28,19,2)([61]7,4,2)([62]34,33,4)([63]50,59,6)([64]12,36,4)([65]39,53,3)([66]32,63,5)([67]40,65,2)([68]28,32,5)([69]29,34,2)([70]2,44,2)([71]39,65,0)([72]5,67,3)([73]46,71,5)([74]11,17,1)([75]63,16,5)([76]67,66,4)([77]71,19,5)([78]7,33,5)([79]11,41,5)([80]2,17,1)([81]54,19,3)([82]66,46,1)([83]41,48,7)([84]6,28,3)([85]73,71,7)([86]10,32,3)(76)
evaluations: 31836861
first invidual area: 128.40
{7,1,80,1,2,1,8}([7]3,1,5)([8]5,0,2)([9]0,4,4)([10]6,9,3)([11]4,10,2)([12]1,10,4)([13]6,7,7)([14]9,1,3)([15]3,6,3)([16]11,2,5)([17]8,6,1)([18]17,13,7)([19]18,16,2)([20]12,2,2)([21]12,5,7)([22]6,21,7)([23]0,2,3)([24]7,5,1)([25]21,23,7)([26]17,3,2)([27]20,4,4)([28]9,16,0)([29]19,26,6)([30]15,10,1)([31]1,20,3)([32]27,31,5)([33]13,25,0)([34]29,24,4)([35]33,22,1)([36]24,19,4)([37]6,9,0)([38]31,5,7)([39]20,28,4)([40]38,33,5)([41]24,22,3)([42]40,3,7)([43]5,13,5)([44]3,33,5)([45]27,26,4)([46]30,31,2)([47]3,45,6)([48]1,39,6)([49]17,24,0)([50]12,3,7)([51]9,24,1)([52]51,7,7)([53]32,48,4)([54]25,29,6)([55]44,39,4)([56]53,31,0)([57]17,19,6)([58]25,49,4)([59]16,42,1)([60]5,27,1)([61]57,28,5)([62]24,41,3)([63]54,41,6)([64]33,13,3)([65]34,53,3)([66]32,63,5)([67]55,65,5)([68]24,13,5)([69]13,22,6)([70]42,48,4)([71]22,33,5)([72]28,53,4)([73]71,72,0)([74]41,35,5)([75]39,62,7)([76]10,24,7)([77]7,25,5)([78]66,67,7)([79]67,70,5)([80]51,63,5)([81]12,50,3)([82]22,37,5)([83]9,40,4)([84]39,74,7)([85]67,5,4)([86]73,43,5)(78)
optimized area: 107.75
time: 1126523 ms
seed: 1635948172
{7,1,80,1,2,1,8}([7]0,6,5)([8]6,0,4)([9]5,2,4)([10]7,3,4)([11]6,7,5)([12]3,4,4)([13]4,1,4)([14]11,1,2)([15]11,10,5)([16]12,5,3)([17]16,11,5)([18]2,13,6)([19]8,1,2)([20]9,12,5)([21]18,1,7)([22]10,17,7)([23]13,11,3)([24]2,23,5)([25]19,21,4)([26]15,24,6)([27]15,15,6)([28]16,27,2)([29]4,28,4)([30]29,19,6)([31]13,20,2)([32]30,15,7)([33]23,1,4)([34]33,28,7)([35]3,22,6)([36]32,28,6)([37]3,2,3)([38]0,21,5)([39]3,31,2)([40]31,35,2)([41]35,0,7)([42]34,38,4)([43]5,14,3)([44]30,9,7)([45]30,10,6)([46]23,17,0)([47]32,31,3)([48]24,15,4)([49]44,19,0)([50]43,2,6)([51]47,4,2)([52]20,10,6)([53]30,32,3)([54]52,44,1)([55]45,49,6)([56]29,27,1)([57]22,55,4)([58]57,51,2)([59]48,50,6)([60]15,38,1)([61]26,3,3)([62]49,0,6)([63]5,19,0)([64]48,26,2)([65]13,50,6)([66]41,15,6)([67]40,60,0)([68]14,9,5)([69]54,42,5)([70]59,41,2)([71]70,47,5)([72]68,29,3)([73]12,63,3)([74]56,14,6)([75]71,69,4)([76]2,6,2)([77]47,64,6)([78]75,58,4)([79]12,77,5)([80]7,61,6)([81]26,3,7)([82]37,76,7)([83]38,1,4)([84]40,78,3)([85]25,1,1)([86]18,81,5)(84)
evaluations: 18206374
first invidual area: 154.13
{7,1,80,1,2,1,8}([7]0,6,5)([8]6,0,4)([9]5,2,4)([10]7,3,4)([11]8,6,5)([12]4,3,4)([13]4,1,4)([14]11,9,0)([15]14,10,5)([16]5,12,3)([17]14,16,5)([18]13,2,3)([19]8,2,6)([20]9,12,5)([21]1,18,4)([22]17,10,7)([23]13,11,3)([24]2,23,5)([25]8,1,2)([26]1,14,2)([27]17,22,6)([28]10,20,3)([29]4,27,4)([30]29,25,3)([31]13,20,2)([32]15,30,4)([33]23,27,4)([34]21,7,3)([35]3,22,6)([36]35,0,7)([37]33,1,4)([38]0,21,5)([39]19,16,3)([40]35,17,1)([41]37,17,1)([42]37,38,7)([43]26,9,3)([44]35,31,2)([45]32,9,4)([46]8,30,7)([47]32,31,3)([48]15,24,4)([49]4,47,5)([50]5,43,6)([51]0,37,3)([52]42,39,2)([53]5,2,7)([54]36,11,5)([55]15,45,3)([56]42,28,5)([57]22,55,4)([58]57,49,3)([59]50,48,6)([60]30,31,6)([61]18,51,6)([62]6,47,1)([63]3,42,3)([64]2,40,2)([65]7,36,3)([66]61,16,0)([67]12,12,4)([68]29,51,2)([69]28,61,6)([70]59,36,2)([71]70,47,5)([72]42,43,3)([73]56,28,4)([74]9,8,6)([75]71,56,7)([76]0,3,3)([77]1,69,4)([78]75,58,4)([79]32,30,0)([80]54,67,7)([81]40,7,4)([82]42,18,1)([83]59,28,5)([84]44,78,3)([85]66,40,0)([86]39,9,4)(84)
optimized area: 147.58
time: 1368508 ms
seed: 1635984356
NOT FOUND
time: 1056959 ms
seed: 1636020187
{7,1,80,1,2,1,8}([7]4,3,5)([8]1,0,1)([9]8,3,4)([10]4,8,4)([11]4,5,3)([12]1,2,3)([13]12,10,0)([14]2,11,6)([15]5,3,7)([16]11,0,4)([17]0,6,6)([18]15,3,6)([19]7,1,5)([20]18,2,7)([21]15,13,5)([22]10,20,4)([23]3,18,3)([24]4,17,2)([25]16,20,3)([26]15,18,3)([27]26,25,4)([28]9,16,4)([29]4,14,1)([30]29,27,2)([31]6,21,6)([32]5,4,2)([33]17,30,3)([34]6,5,4)([35]17,14,7)([36]34,9,4)([37]0,33,3)([38]36,1,2)([39]28,33,4)([40]34,9,4)([41]35,19,5)([42]27,38,6)([43]5,41,1)([44]39,16,1)([45]40,39,4)([46]26,19,7)([47]27,43,6)([48]29,0,5)([49]42,11,5)([50]7,49,6)([51]44,41,5)([52]42,0,2)([53]4,39,3)([54]34,32,4)([55]54,2,0)([56]10,49,3)([57]22,56,3)([58]52,55,5)([59]5,20,0)([60]56,51,2)([61]1,59,5)([62]25,47,2)([63]16,22,3)([64]60,58,7)([65]24,0,2)([66]14,53,3)([67]32,19,2)([68]63,57,5)([69]19,53,7)([70]6,64,7)([71]30,69,6)([72]6,66,4)([73]14,22,4)([74]57,37,7)([75]33,38,2)([76]49,53,2)([77]43,56,1)([78]34,10,0)([79]53,6,6)([80]68,70,4)([81]29,11,2)([82]45,48,7)([83]28,19,4)([84]83,67,5)([85]31,17,1)([86]55,23,7)(80)
evaluations: 7628982
first invidual area: 129.77
{7,1,80,1,2,1,8}([7]4,2,0)([8]1,3,7)([9]8,7,5)([10]1,7,7)([11]5,7,3)([12]4,1,1)([13]3,0,0)([14]5,5,4)([15]5,13,6)([16]0,11,4)([17]0,6,6)([18]11,11,3)([19]15,3,3)([20]2,19,4)([21]16,20,3)([22]5,15,6)([23]16,8,4)([24]10,20,4)([25]11,12,5)([26]9,1,5)([27]21,22,7)([28]12,27,2)([29]5,6,5)([30]18,2,3)([31]17,30,4)([32]28,17,6)([33]22,2,2)([34]32,23,4)([35]6,25,7)([36]8,29,4)([37]14,32,5)([38]1,36,2)([39]5,9,3)([40]26,31,5)([41]9,14,3)([42]38,27,6)([43]7,5,1)([44]28,11,5)([45]27,31,5)([46]43,25,2)([47]0,7,7)([48]3,45,2)([49]42,18,5)([50]0,42,2)([51]46,20,7)([52]20,34,5)([53]40,34,5)([54]24,16,3)([55]13,14,0)([56]49,10,3)([57]51,21,5)([58]50,9,7)([59]49,20,7)([60]56,53,5)([61]56,24,3)([62]50,35,5)([63]35,38,2)([64]60,62,7)([65]53,39,6)([66]57,48,4)([67]19,65,4)([68]54,61,5)([69]7,45,0)([70]6,64,7)([71]4,42,2)([72]39,70,0)([73]37,51,7)([74]12,15,7)([75]2,12,3)([76]26,49,2)([77]66,35,6)([78]12,62,6)([79]68,70,7)([80]76,65,4)([81]67,42,3)([82]19,59,5)([83]55,22,5)([84]5,51,6)([85]1,20,4)([86]23,38,5)(79)
optimized area: 120.86
time: 1323334 ms
seed: 1636054902
NOT FOUND
time: 1069970 ms
seed: 1636088841
{7,1,80,1,2,1,8}([7]4,2,7)([8]2,7,2)([9]7,6,5)([10]6,1,7)([11]8,3,1)([12]5,11,4)([13]3,4,5)([14]4,6,5)([15]1,2,1)([16]0,13,3)([17]5,4,2)([18]3,12,3)([19]1,2,0)([20]17,1,6)([21]0,8,4)([22]1,18,7)([23]0,22,7)([24]19,1,1)([25]23,13,7)([26]12,10,4)([27]13,11,7)([28]13,5,2)([29]20,21,4)([30]19,2,7)([31]14,29,3)([32]30,0,1)([33]4,12,1)([34]25,10,4)([35]9,22,2)([36]8,33,1)([37]28,25,5)([38]21,22,5)([39]24,18,2)([40]38,32,5)([41]28,10,5)([42]12,41,2)([43]30,5,3)([44]22,32,4)([45]41,3,4)([46]40,35,0)([47]26,43,7)([48]22,15,4)([49]46,29,5)([50]46,46,2)([51]34,45,3)([52]20,19,1)([53]29,22,1)([54]27,34,5)([55]47,35,3)([56]50,45,7)([57]54,49,5)([58]42,15,5)([59]12,4,5)([60]27,3,2)([61]19,58,1)([62]40,59,3)([63]24,12,3)([64]56,29,4)([65]56,6,3)([66]30,62,0)([67]57,62,7)([68]42,31,4)([69]35,49,6)([70]46,24,6)([71]63,25,6)([72]34,55,2)([73]66,1,3)([74]21,55,5)([75]47,57,7)([76]61,39,6)([77]64,67,6)([78]46,19,7)([79]72,77,7)([80]74,22,2)([81]62,43,4)([82]66,78,2)([83]8,54,1)([84]1,20,7)([85]28,74,7)([86]8,22,3)(79)
evaluations: 10054411
first invidual area: 129.79
{7,1,80,1,2,1,8}([7]2,4,7)([8]7,2,2)([9]8,2,7)([10]6,1,7)([11]2,6,7)([12]5,4,5)([13]3,4,5)([14]5,13,2)([15]5,8,7)([16]2,13,3)([17]6,7,5)([18]17,7,0)([19]4,5,2)([20]15,3,6)([21]0,8,4)([22]1,20,4)([23]15,4,5)([24]22,21,5)([25]10,0,4)([26]21,1,6)([27]11,22,0)([28]25,13,7)([29]22,18,2)([30]1,2,4)([31]10,8,4)([32]19,1,6)([33]19,21,5)([34]22,28,7)([35]3,1,1)([36]13,30,7)([37]9,24,7)([38]33,20,6)([39]24,25,3)([40]24,30,5)([41]3,25,3)([42]37,0,5)([43]5,30,3)([44]10,14,5)([45]44,3,4)([46]42,22,6)([47]43,31,7)([48]29,47,3)([49]45,40,5)([50]32,21,4)([51]45,10,2)([52]43,38,5)([53]45,40,6)([54]16,34,5)([55]17,36,4)([56]52,50,6)([57]54,49,5)([58]31,35,5)([59]14,7,7)([60]34,27,6)([61]14,2,5)([62]40,23,6)([63]34,48,5)([64]53,50,4)([65]25,56,2)([66]26,39,3)([67]65,37,3)([68]29,18,7)([69]62,57,4)([70]46,43,6)([71]26,22,7)([72]68,0,3)([73]48,67,7)([74]61,15,3)([75]69,64,3)([76]25,12,1)([77]1,72,7)([78]75,63,7)([79]41,33,5)([80]31,42,3)([81]60,2,3)([82]26,79,0)([83]4,7,6)([84]68,33,4)([85]37,40,2)([86]15,5,1)(78)
optimized area: 121.82
time: 1300533 ms
seed: 1636121907
{7,1,80,1,2,1,8}([7]1,2,6)([8]6,3,6)([9]2,3,5)([10]6,9,3)([11]5,6,2)([12]4,2,2)([13]0,1,2)([14]8,5,4)([15]5,3,7)([16]12,14,4)([17]4,13,7)([18]16,17,4)([19]0,16,2)([20]1,19,4)([21]19,15,3)([22]20,3,2)([23]17,20,5)([24]23,6,4)([25]10,18,0)([26]24,17,4)([27]20,17,4)([28]3,22,1)([29]16,7,4)([30]29,23,2)([31]26,2,3)([32]22,2,6)([33]0,25,7)([34]26,21,7)([35]30,3,3)([36]4,2,1)([37]35,1,3)([38]24,13,4)([39]3,33,4)([40]34,32,2)([41]33,20,5)([42]29,37,3)([43]4,40,0)([44]11,22,0)([45]39,36,2)([46]41,42,2)([47]22,44,2)([48]12,38,2)([49]45,17,7)([50]44,11,3)([51]2,25,4)([52]23,27,3)([53]10,27,3)([54]24,53,4)([55]45,21,2)([56]0,30,1)([57]19,53,5)([58]8,54,3)([59]18,47,3)([60]14,49,5)([61]23,41,5)([62]58,37,4)([63]40,33,6)([64]60,55,2)([65]7,64,7)([66]54,19,3)([67]41,63,7)([68]56,6,7)([69]21,6,5)([70]18,12,5)([71]69,28,4)([72]62,65,7)([73]18,67,6)([74]51,63,0)([75]72,73,7)([76]22,24,0)([77]46,69,6)([78]13,0,2)([79]48,64,3)([80]6,49,1)([81]8,39,5)([82]75,77,4)([83]60,37,3)([84]24,44,0)([85]70,28,6)([86]39,39,2)(82)
evaluations: 13498912
first invidual area: 163.06
{7,1,80,1,2,1,8}([7]1,2,3)([8]3,6,6)([9]2,3,5)([10]6,9,3)([11]5,8,4)([12]2,4,5)([13]0,1,5)([14]5,3,7)([15]1,3,2)([16]11,12,7)([17]13,4,4)([18]15,2,6)([19]0,16,2)([20]19,1,4)([21]15,12,0)([22]2,12,0)([23]20,17,5)([24]23,6,4)([25]8,24,4)([26]16,18,4)([27]17,20,4)([28]13,11,5)([29]3,3,0)([30]26,23,2)([31]25,3,4)([32]19,3,3)([33]10,0,7)([34]19,0,6)([35]30,1,3)([36]33,21,4)([37]35,29,3)([38]4,14,1)([39]6,25,3)([40]31,18,2)([41]33,20,5)([42]34,37,0)([43]16,17,4)([44]27,41,4)([45]36,28,2)([46]41,37,2)([47]29,8,7)([48]9,28,7)([49]24,17,1)([50]27,43,6)([51]13,8,5)([52]10,27,6)([53]19,14,3)([54]25,52,7)([55]45,53,2)([56]7,20,7)([57]53,53,0)([58]54,8,3)([59]0,38,2)([60]56,40,4)([61]39,3,1)([62]58,37,7)([63]40,33,3)([64]38,55,5)([65]7,64,4)([66]27,56,0)([67]41,63,5)([68]39,9,2)([69]6,53,5)([70]58,40,3)([71]58,68,2)([72]62,65,4)([73]43,67,3)([74]33,28,3)([75]72,73,4)([76]32,31,3)([77]46,69,3)([78]35,10,0)([79]15,67,4)([80]27,68,3)([81]12,12,7)([82]75,77,4)([83]20,9,4)([84]59,1,1)([85]54,44,6)([86]83,35,2)(82)
optimized area: 151.80
time: 1353834 ms
seed: 1636154539
NOT FOUND
time: 1064479 ms
seed: 1636187036
{7,1,80,1,2,1,8}([7]2,2,0)([8]7,1,3)([9]8,3,4)([10]1,3,2)([11]0,4,6)([12]4,10,3)([13]11,0,3)([14]7,11,7)([15]6,12,3)([16]11,15,7)([17]16,5,6)([18]8,15,2)([19]13,18,2)([20]13,7,2)([21]6,1,7)([22]19,5,4)([23]1,17,7)([24]5,10,2)([25]9,21,3)([26]21,9,7)([27]21,11,2)([28]12,18,4)([29]13,25,4)([30]7,5,4)([31]28,16,3)([32]11,31,6)([33]30,10,3)([34]1,29,4)([35]20,22,3)([36]4,34,4)([37]17,26,5)([38]32,33,4)([39]24,35,3)([40]33,18,2)([41]4,0,5)([42]32,10,0)([43]32,39,3)([44]36,11,3)([45]38,29,0)([46]43,27,4)([47]46,44,4)([48]37,23,4)([49]8,24,1)([50]26,38,7)([51]20,48,2)([52]43,20,7)([53]51,51,7)([54]45,38,4)([55]8,48,6)([56]51,47,3)([57]1,46,5)([58]20,37,4)([59]55,29,7)([60]58,5,1)([61]25,10,4)([62]16,39,3)([63]0,50,4)([64]27,12,3)([65]64,51,4)([66]55,34,0)([67]65,61,7)([68]36,47,5)([69]26,59,2)([70]18,36,0)([71]10,24,0)([72]65,28,7)([73]27,24,0)([74]10,20,5)([75]4,3,5)([76]67,50,5)([77]58,1,2)([78]76,56,5)([79]38,41,1)([80]47,68,4)([81]61,69,3)([82]12,24,6)([83]52,2,1)([84]43,21,3)([85]32,48,0)([86]65,54,7)(78)
evaluations: 26031112
first invidual area: 148.54
{7,1,80,1,2,1,8}([7]1,4,4)([8]1,2,3)([9]8,3,4)([10]1,3,2)([11]0,4,6)([12]4,10,3)([13]0,11,3)([14]8,6,5)([15]6,4,6)([16]11,15,4)([17]16,5,6)([18]2,5,4)([19]18,10,6)([20]13,2,2)([21]1,6,7)([22]14,18,7)([23]1,17,7)([24]8,12,4)([25]21,9,3)([26]21,9,7)([27]21,11,2)([28]20,22,3)([29]26,7,5)([30]23,16,1)([31]11,24,3)([32]18,27,1)([33]20,1,7)([34]25,4,0)([35]7,25,7)([36]0,35,7)([37]17,26,5)([38]19,31,4)([39]31,24,5)([40]31,16,6)([41]12,25,5)([42]10,28,3)([43]40,42,6)([44]36,11,6)([45]32,37,5)([46]43,27,7)([47]46,44,7)([48]37,23,4)([49]12,0,3)([50]42,47,4)([51]20,48,2)([52]30,43,3)([53]12,9,2)([54]29,6,7)([55]21,36,0)([56]51,47,3)([57]27,10,3)([58]0,37,1)([59]36,54,2)([60]58,31,6)([61]48,29,2)([62]26,38,7)([63]43,24,4)([64]62,56,4)([65]57,51,4)([66]18,28,1)([67]33,60,2)([68]2,41,6)([69]16,6,6)([70]8,40,5)([71]58,56,2)([72]20,40,5)([73]65,41,7)([74]37,4,6)([75]57,60,2)([76]73,62,5)([77]19,4,3)([78]76,56,5)([79]56,0,6)([80]28,9,1)([81]20,56,7)([82]57,38,5)([83]59,27,2)([84]18,60,7)([85]58,21,0)([86]42,55,5)(78)
optimized area: 140.57
time: 1199490 ms
seed: 1636217640
{7,1,80,1,2,1,8}([7]4,0,4)([8]5,2,6)([9]6,7,4)([10]8,7,3)([11]7,1,7)([12]0,5,2)([13]2,6,7)([14]5,1,3)([15]12,3,4)([16]1,2,5)([17]11,16,6)([18]15,1,5)([19]13,3,4)([20]13,7,3)([21]18,9,2)([22]12,18,7)([23]14,16,4)([24]7,6,0)([25]4,9,1)([26]3,13,7)([27]3,12,3)([28]25,21,2)([29]19,23,4)([30]3,29,5)([31]11,22,1)([32]3,20,4)([33]27,23,6)([34]10,28,7)([35]33,32,3)([36]7,23,2)([37]30,34,5)([38]23,4,2)([39]9,35,6)([40]28,39,1)([41]13,26,5)([42]4,3,6)([43]31,22,0)([44]14,19,0)([45]12,29,2)([46]45,9,5)([47]18,37,2)([48]39,45,4)([49]1,43,6)([50]2,19,1)([51]27,41,1)([52]3,26,2)([53]44,12,4)([54]36,27,1)([55]30,6,4)([56]15,52,3)([57]41,43,7)([58]55,6,6)([59]47,42,3)([60]54,23,4)([61]29,14,6)([62]36,24,7)([63]62,9,6)([64]19,38,4)([65]48,47,6)([66]52,31,2)([67]26,48,6)([68]59,57,2)([69]59,8,6)([70]26,6,0)([71]55,16,0)([72]29,57,6)([73]64,68,2)([74]38,0,4)([75]31,5,3)([76]54,60,3)([77]9,5,5)([78]6,41,6)([79]65,73,7)([80]54,2,3)([81]56,48,1)([82]28,4,0)([83]71,57,1)([84]33,19,0)([85]32,10,6)([86]24,57,2)(79)
evaluations: 16006115
first invidual area: 126.96
{7,1,80,1,2,1,8}([7]4,0,4)([8]0,2,0)([9]7,6,4)([10]4,2,1)([11]5,1,3)([12]5,8,2)([13]2,6,7)([14]3,4,6)([15]2,1,5)([16]9,10,5)([17]4,13,1)([18]13,3,5)([19]13,3,4)([20]1,9,0)([21]14,3,1)([22]5,2,6)([23]11,15,5)([24]22,7,6)([25]3,15,0)([26]1,7,7)([27]19,3,0)([28]1,5,3)([29]23,27,4)([30]25,29,5)([31]12,8,0)([32]15,1,7)([33]23,21,6)([34]19,30,2)([35]9,34,3)([36]12,3,4)([37]16,24,7)([38]24,5,1)([39]35,33,3)([40]8,26,4)([41]21,34,2)([42]1,36,5)([43]16,7,6)([44]26,18,4)([45]30,37,5)([46]0,20,7)([47]42,45,2)([48]20,38,7)([49]1,35,5)([50]41,17,3)([51]4,9,2)([52]29,31,5)([53]39,29,4)([54]20,35,3)([55]48,28,6)([56]52,39,4)([57]35,49,7)([58]23,4,5)([59]47,14,3)([60]56,47,3)([61]17,41,4)([62]20,34,5)([63]48,6,2)([64]33,38,0)([65]7,57,4)([66]18,9,6)([67]48,57,6)([68]44,56,7)([69]58,19,7)([70]10,9,5)([71]44,59,2)([72]57,54,0)([73]69,71,5)([74]22,17,1)([75]28,27,6)([76]17,0,1)([77]73,60,7)([78]16,74,0)([79]46,44,2)([80]71,64,2)([81]80,65,1)([82]47,61,5)([83]82,4,2)([84]5,60,5)([85]49,42,1)([86]84,20,1)(77)
optimized area: 108.20
time: 1227939 ms
seed: 1636247607
{7,1,80,1,2,1,8}([7]5,4,4)([8]7,1,4)([9]1,2,7)([10]6,5,3)([11]0,7,7)([12]10,9,5)([13]1,11,5)([14]6,0,5)([15]3,1,7)([16]4,4,5)([17]13,9,2)([18]0,6,4)([19]12,11,6)([20]17,12,7)([21]2,4,2)([22]20,8,6)([23]21,1,6)([24]0,15,3)([25]8,22,3)([26]3,4,5)([27]19,14,2)([28]18,26,2)([29]28,25,4)([30]11,8,7)([31]23,6,2)([32]0,21,2)([33]9,25,7)([34]24,17,4)([35]9,32,6)([36]21,7,4)([37]35,10,3)([38]18,12,7)([39]31,30,5)([40]31,36,3)([41]18,16,7)([42]22,7,1)([43]3,34,4)([44]18,30,2)([45]8,23,7)([46]37,24,4)([47]43,40,2)([48]27,47,6)([49]24,39,4)([50]7,42,2)([51]46,29,2)([52]7,43,0)([53]46,24,1)([54]49,8,4)([55]41,51,7)([56]48,44,6)([57]11,52,0)([58]33,44,4)([59]56,20,0)([60]1,38,6)([61]7,19,0)([62]26,31,3)([63]61,26,6)([64]46,44,3)([65]50,63,3)([66]22,38,2)([67]55,59,7)([68]32,56,0)([69]4,16,5)([70]26,26,1)([71]55,27,5)([72]38,59,5)([73]42,69,7)([74]7,48,2)([75]40,5,0)([76]31,30,0)([77]49,74,5)([78]32,20,6)([79]51,6,2)([80]10,21,7)([81]6,21,2)([82]18,20,4)([83]15,2,0)([84]30,41,6)([85]23,49,2)([86]77,67,5)(86)
evaluations: 16269899
first invidual area: 143.83
{7,1,80,1,2,1,8}([7]4,5,4)([8]6,0,5)([9]1,2,7)([10]5,6,3)([11]0,7,7)([12]9,10,5)([13]12,11,6)([14]3,1,7)([15]11,1,5)([16]7,2,4)([17]9,15,2)([18]6,0,4)([19]3,3,0)([20]12,17,5)([21]4,2,2)([22]14,9,5)([23]1,21,6)([24]0,14,3)([25]20,16,6)([26]3,4,5)([27]13,8,2)([28]26,18,5)([29]1,0,4)([30]4,14,2)([31]23,6,2)([32]18,29,2)([33]31,4,6)([34]17,24,4)([35]9,32,6)([36]21,7,4)([37]19,9,1)([38]22,33,3)([39]10,35,6)([40]31,36,3)([41]18,4,4)([42]6,35,3)([43]34,3,4)([44]25,28,4)([45]38,19,3)([46]39,24,7)([47]43,40,2)([48]27,47,6)([49]41,17,6)([50]19,7,0)([51]46,44,5)([52]31,24,1)([53]30,29,4)([54]13,52,6)([55]51,41,4)([56]48,32,3)([57]38,0,5)([58]5,31,4)([59]46,11,5)([60]45,44,6)([61]58,15,0)([62]19,54,4)([63]24,52,5)([64]39,57,5)([65]60,56,3)([66]49,52,7)([67]57,43,5)([68]64,36,2)([69]34,25,3)([70]60,29,2)([71]7,13,0)([72]48,63,2)([73]4,51,4)([74]70,26,1)([75]34,19,1)([76]55,56,4)([77]71,72,5)([78]20,4,1)([79]77,16,6)([80]20,27,6)([81]73,48,7)([82]14,45,5)([83]68,7,2)([84]29,1,2)([85]36,23,0)([86]77,76,5)(86)
optimized area: 130.23
time: 1253453 ms
seed: 1636266708
NOT FOUND
time: 1068905 ms
seed: 1636283334
NOT FOUND
time: 1068209 ms
seed: 1636299741
{7,1,80,1,2,1,8}([7]2,1,3)([8]3,6,6)([9]0,5,1)([10]1,6,4)([11]0,5,3)([12]4,6,4)([13]6,0,4)([14]10,5,4)([15]12,0,4)([16]15,10,5)([17]7,14,7)([18]0,16,7)([19]3,17,6)([20]11,6,2)([21]11,17,5)([22]0,20,3)([23]18,12,5)([24]2,16,5)([25]22,7,4)([26]13,19,6)([27]26,24,6)([28]5,1,7)([29]12,25,6)([30]19,29,7)([31]1,13,5)([32]12,18,0)([33]8,15,3)([34]26,24,4)([35]6,4,5)([36]26,19,4)([37]31,8,4)([38]33,35,5)([39]38,25,2)([40]5,37,5)([41]39,3,7)([42]31,34,2)([43]27,24,1)([44]30,41,5)([45]7,11,4)([46]16,9,6)([47]41,35,3)([48]25,39,4)([49]38,19,1)([50]21,15,5)([51]24,47,3)([52]1,8,1)([53]41,39,6)([54]40,53,7)([55]42,21,2)([56]54,27,2)([57]29,36,5)([58]39,55,7)([59]15,56,6)([60]7,20,1)([61]6,48,0)([62]13,34,5)([63]4,60,2)([64]51,7,5)([65]26,36,6)([66]58,64,4)([67]57,54,4)([68]42,62,1)([69]16,14,3)([70]27,44,6)([71]36,34,4)([72]66,30,1)([73]59,70,4)([74]36,18,3)([75]72,73,3)([76]48,61,7)([77]64,25,1)([78]76,24,7)([79]15,57,1)([80]18,42,5)([81]7,66,2)([82]62,11,1)([83]64,14,1)([84]55,6,7)([85]23,7,6)([86]57,62,4)(75)
evaluations: 36208153
first invidual area: 135.38
{7,1,80,1,2,1,8}([7]1,2,3)([8]3,6,6)([9]4,5,2)([10]6,1,4)([11]5,0,3)([12]6,4,4)([13]0,6,4)([14]3,3,0)([15]4,13,4)([16]7,5,4)([17]10,16,7)([18]3,14,0)([19]3,17,6)([20]3,14,5)([21]11,17,5)([22]9,0,6)([23]10,15,5)([24]2,23,5)([25]22,7,7)([26]19,13,6)([27]26,24,6)([28]16,15,4)([29]12,25,3)([30]29,19,4)([31]13,1,5)([32]7,24,3)([33]8,15,3)([34]15,30,1)([35]6,4,5)([36]26,24,4)([37]31,8,4)([38]33,35,5)([39]38,25,2)([40]5,37,5)([41]39,18,7)([42]31,36,2)([43]7,19,0)([44]30,41,5)([45]35,4,0)([46]23,21,2)([47]45,41,3)([48]47,24,3)([49]33,47,5)([50]37,45,2)([51]33,48,6)([52]40,14,7)([53]44,27,6)([54]23,41,1)([55]42,21,5)([56]52,27,2)([57]56,15,6)([58]39,55,4)([59]0,12,3)([60]55,35,4)([61]32,44,7)([62]43,8,7)([63]22,16,2)([64]48,43,5)([65]53,59,6)([66]58,64,7)([67]35,21,4)([68]61,31,3)([69]15,53,6)([70]1,68,0)([71]4,39,2)([72]56,7,0)([73]57,53,4)([74]9,57,7)([75]66,73,3)([76]47,18,2)([77]48,34,2)([78]63,12,5)([79]11,9,0)([80]57,59,6)([81]18,0,3)([82]17,14,4)([83]21,48,6)([84]40,83,1)([85]17,30,6)([86]49,60,3)(75)
optimized area: 131.17
time: 1144829 ms
seed: 1636316100
NOT FOUND
time: 1071041 ms
seed: 1636332374
NOT FOUND
time: 1086130 ms
