seed: 1633849577
NOT FOUND
time: 526371 ms
seed: 1633936376
NOT FOUND
time: 534297 ms
seed: 1633964109
{7,1,80,1,2,1,8}([7]3,1,2)([8]3,5,3)([9]2,1,4)([10]4,9,3)([11]5,10,5)([12]3,5,2)([13]11,8,2)([14]1,11,7)([15]14,0,4)([16]12,2,7)([17]6,14,3)([18]6,12,7)([19]18,18,6)([20]13,9,7)([21]4,18,3)([22]7,19,2)([23]4,6,7)([24]3,9,3)([25]7,11,2)([26]24,15,2)([27]22,14,7)([28]7,12,6)([29]17,21,2)([30]15,4,2)([31]0,3,6)([32]5,24,7)([33]20,26,4)([34]29,26,6)([35]6,20,6)([36]34,29,1)([37]28,34,5)([38]29,13,6)([39]9,25,3)([40]31,32,6)([41]34,37,2)([42]2,38,6)([43]4,39,4)([44]43,31,3)([45]44,35,6)([46]2,10,3)([47]5,38,4)([48]46,21,6)([49]38,23,5)([50]24,49,5)([51]6,44,6)([52]34,40,2)([53]26,1,3)([54]45,50,3)([55]23,12,3)([56]27,33,2)([57]8,21,4)([58]54,52,6)([59]17,17,5)([60]56,58,6)([61]53,58,2)([62]56,53,0)([63]53,50,5)([64]60,34,7)([65]1,25,6)([66]51,28,4)([67]22,35,7)([68]62,12,7)([69]42,41,4)([70]37,34,1)([71]38,49,2)([72]22,5,3)([73]63,48,4)([74]5,73,3)([75]73,31,3)([76]34,43,1)([77]48,32,7)([78]70,11,7)([79]47,31,3)([80]18,10,2)([81]80,55,1)([82]73,31,3)([83]72,50,0)([84]60,32,2)([85]51,34,6)([86]64,75,5)(86)
evaluations: 20720564
first invidual area: 135.83
{7,1,80,1,2,1,8}([7]5,3,5)([8]3,5,3)([9]2,1,4)([10]9,4,3)([11]5,10,5)([12]1,3,2)([13]8,11,2)([14]1,11,7)([15]0,4,0)([16]7,6,4)([17]6,14,3)([18]0,14,4)([19]8,4,3)([20]13,9,7)([21]16,4,3)([22]6,13,6)([23]9,16,3)([24]3,9,3)([25]23,15,3)([26]24,18,2)([27]20,26,4)([28]3,13,5)([29]17,21,2)([30]13,6,5)([31]15,3,6)([32]15,26,6)([33]12,27,0)([34]26,29,6)([35]2,11,2)([36]25,33,6)([37]6,20,6)([38]4,29,6)([39]35,9,3)([40]5,31,6)([41]25,3,1)([42]30,14,5)([43]4,39,4)([44]37,31,3)([45]1,26,3)([46]17,4,6)([47]44,43,6)([48]43,21,3)([49]38,22,5)([50]24,49,5)([51]50,21,2)([52]34,40,2)([53]24,34,0)([54]47,50,3)([55]45,13,4)([56]42,27,2)([57]22,44,4)([58]54,52,6)([59]12,35,0)([60]56,58,3)([61]26,38,2)([62]9,34,6)([63]45,50,5)([64]60,34,4)([65]45,9,3)([66]11,54,2)([67]61,19,6)([68]39,8,6)([69]16,43,5)([70]0,39,7)([71]25,5,5)([72]43,46,3)([73]63,48,2)([74]56,53,4)([75]73,31,3)([76]67,6,0)([77]25,55,2)([78]15,22,3)([79]65,3,7)([80]78,64,3)([81]16,2,2)([82]40,58,2)([83]37,78,0)([84]8,27,4)([85]69,27,4)([86]64,75,5)(86)
optimized area: 115.66
time: 658397 ms
seed: 1633987112
NOT FOUND
time: 533191 ms
seed: 1634035988
NOT FOUND
time: 526590 ms
seed: 1634150138
{7,1,80,1,2,1,8}([7]2,1,7)([8]1,0,5)([9]2,4,7)([10]3,0,6)([11]6,1,7)([12]5,9,5)([13]5,11,4)([14]9,10,7)([15]3,10,3)([16]12,7,6)([17]7,10,4)([18]6,16,6)([19]18,0,7)([20]0,16,3)([21]15,11,3)([22]19,18,1)([23]10,19,6)([24]13,6,0)([25]12,20,4)([26]13,22,5)([27]25,9,4)([28]22,4,3)([29]28,17,2)([30]11,23,3)([31]13,27,6)([32]18,25,7)([33]28,12,6)([34]24,15,6)([35]34,27,6)([36]6,11,2)([37]3,35,3)([38]21,15,6)([39]24,11,0)([40]24,15,4)([41]1,31,1)([42]40,8,7)([43]10,33,4)([44]24,4,0)([45]37,9,4)([46]42,30,3)([47]31,38,4)([48]4,29,2)([49]46,35,7)([50]30,30,0)([51]19,8,4)([52]19,47,3)([53]45,52,6)([54]43,3,6)([55]49,7,4)([56]53,25,4)([57]5,52,0)([58]31,46,3)([59]25,10,6)([60]55,29,6)([61]53,55,2)([62]61,54,4)([63]62,60,4)([64]54,11,5)([65]63,40,6)([66]58,61,7)([67]10,61,4)([68]51,23,1)([69]30,10,4)([70]25,48,4)([71]70,3,4)([72]27,10,3)([73]30,35,6)([74]15,4,6)([75]23,23,3)([76]46,49,7)([77]50,53,2)([78]73,4,4)([79]44,38,3)([80]60,30,7)([81]23,34,5)([82]14,79,0)([83]35,55,7)([84]35,29,6)([85]60,48,7)([86]34,20,2)(63)
evaluations: 35776503
first invidual area: 136.35
{7,1,80,1,2,1,8}([7]1,2,7)([8]0,0,3)([9]2,4,7)([10]0,3,6)([11]1,6,7)([12]5,9,5)([13]5,11,4)([14]7,10,4)([15]10,3,3)([16]7,12,6)([17]8,2,2)([18]16,6,6)([19]18,0,7)([20]0,16,6)([21]15,11,3)([22]19,8,1)([23]10,19,6)([24]15,0,5)([25]12,20,4)([26]15,13,6)([27]9,25,7)([28]22,4,3)([29]28,14,2)([30]27,29,1)([31]13,27,6)([32]4,18,3)([33]15,5,6)([34]23,11,3)([35]26,27,6)([36]13,7,6)([37]24,13,4)([38]12,28,3)([39]35,3,3)([40]36,10,0)([41]20,40,2)([42]3,1,2)([43]27,32,2)([44]38,15,7)([45]9,39,4)([46]37,34,6)([47]21,31,7)([48]20,44,3)([49]46,35,7)([50]24,18,4)([51]19,12,3)([52]19,45,3)([53]47,52,6)([54]44,3,3)([55]49,7,7)([56]33,9,5)([57]55,29,3)([58]23,33,6)([59]44,56,0)([60]38,14,4)([61]53,55,5)([62]61,54,4)([63]62,57,7)([64]23,54,5)([65]13,51,0)([66]16,20,7)([67]54,23,2)([68]0,2,5)([69]2,59,1)([70]4,0,0)([71]2,20,6)([72]62,68,0)([73]0,71,6)([74]23,15,3)([75]1,56,3)([76]69,31,7)([77]39,8,5)([78]62,59,5)([79]54,25,1)([80]62,74,7)([81]73,28,2)([82]49,43,2)([83]73,78,0)([84]10,37,6)([85]3,46,5)([86]67,36,2)(63)
optimized area: 128.85
time: 579347 ms
seed: 1634197437
{7,1,80,1,2,1,8}([7]5,6,4)([8]7,3,4)([9]8,4,4)([10]1,4,4)([11]9,6,6)([12]2,9,3)([13]2,7,3)([14]10,5,7)([15]9,10,4)([16]12,8,4)([17]0,9,3)([18]17,3,7)([19]18,1,7)([20]17,5,2)([21]10,17,2)([22]0,14,0)([23]16,20,5)([24]12,19,7)([25]3,8,0)([26]19,2,4)([27]6,22,2)([28]15,18,6)([29]26,14,5)([30]14,13,4)([31]21,27,3)([32]25,29,4)([33]32,5,4)([34]26,6,7)([35]33,22,7)([36]18,32,6)([37]35,25,3)([38]17,11,2)([39]37,1,3)([40]22,1,7)([41]21,24,2)([42]41,35,6)([43]28,0,2)([44]42,36,6)([45]23,11,4)([46]45,30,4)([47]26,27,2)([48]47,15,3)([49]2,48,1)([50]12,43,7)([51]38,0,0)([52]29,43,5)([53]50,14,2)([54]32,8,6)([55]2,38,7)([56]0,10,2)([57]40,10,2)([58]53,47,3)([59]12,12,1)([60]54,37,5)([61]19,16,0)([62]43,11,6)([63]16,2,3)([64]44,62,2)([65]2,11,7)([66]39,7,6)([67]39,65,0)([68]9,51,1)([69]50,33,6)([70]36,9,7)([71]58,46,6)([72]60,4,2)([73]71,64,6)([74]4,60,0)([75]47,22,2)([76]62,67,6)([77]10,28,7)([78]23,13,4)([79]31,8,6)([80]64,0,0)([81]65,17,7)([82]63,81,5)([83]31,28,5)([84]73,66,3)([85]52,6,7)([86]16,55,2)(84)
evaluations: 18049085
first invidual area: 144.32
{7,1,80,1,2,1,8}([7]6,5,4)([8]3,7,4)([9]4,8,4)([10]4,1,4)([11]6,9,6)([12]9,2,6)([13]6,0,2)([14]5,10,7)([15]10,2,0)([16]2,7,6)([17]9,0,3)([18]17,3,7)([19]1,18,7)([20]17,5,2)([21]8,12,7)([22]21,20,5)([23]18,3,7)([24]19,12,4)([25]24,15,2)([26]19,2,4)([27]13,19,4)([28]10,9,4)([29]14,26,5)([30]14,22,7)([31]16,30,4)([32]3,29,4)([33]5,0,7)([34]28,18,6)([35]33,32,4)([36]5,15,6)([37]32,18,6)([38]11,37,6)([39]28,34,3)([40]39,22,5)([41]34,2,0)([42]25,35,6)([43]34,0,2)([44]42,43,6)([45]22,10,7)([46]31,11,4)([47]26,13,2)([48]26,5,3)([49]47,47,2)([50]43,12,3)([51]46,7,5)([52]34,44,5)([53]50,14,2)([54]52,14,3)([55]9,48,2)([56]54,11,3)([57]34,4,4)([58]53,47,3)([59]53,39,6)([60]28,17,4)([61]2,39,5)([62]52,18,7)([63]49,57,1)([64]44,38,2)([65]45,4,6)([66]20,52,6)([67]61,45,7)([68]19,12,5)([69]50,7,4)([70]8,59,0)([71]58,46,6)([72]9,51,6)([73]71,64,6)([74]12,33,7)([75]54,53,2)([76]73,46,5)([77]60,72,2)([78]30,45,0)([79]71,6,7)([80]41,48,0)([81]11,20,7)([82]57,16,2)([83]27,10,3)([84]73,66,3)([85]67,36,5)([86]0,42,0)(84)
optimized area: 136.82
time: 665668 ms
seed: 1634246422
{7,1,80,1,2,1,8}([7]6,1,7)([8]5,7,4)([9]0,2,2)([10]0,6,2)([11]3,2,5)([12]1,3,7)([13]11,10,4)([14]12,9,5)([15]5,0,1)([16]14,3,4)([17]16,7,6)([18]2,15,4)([19]12,2,7)([20]17,18,4)([21]4,20,4)([22]12,8,5)([23]16,8,2)([24]0,3,4)([25]13,17,6)([26]25,23,3)([27]1,2,2)([28]6,1,4)([29]25,18,7)([30]25,20,4)([31]4,5,7)([32]24,17,4)([33]21,27,3)([34]12,28,3)([35]15,33,4)([36]17,2,6)([37]24,13,2)([38]17,12,5)([39]21,20,4)([40]26,35,6)([41]21,8,5)([42]35,30,4)([43]30,33,6)([44]26,30,7)([45]40,32,7)([46]41,40,3)([47]43,32,1)([48]43,44,4)([49]47,39,5)([50]6,11,2)([51]19,43,7)([52]24,50,0)([53]13,44,5)([54]46,46,2)([55]52,22,6)([56]16,41,0)([57]25,0,0)([58]46,51,7)([59]53,58,2)([60]4,54,4)([61]6,19,6)([62]45,59,5)([63]7,40,6)([64]32,21,6)([65]2,31,1)([66]56,46,4)([67]17,37,0)([68]12,27,2)([69]33,51,7)([70]30,61,4)([71]31,63,7)([72]1,27,7)([73]51,62,7)([74]15,61,6)([75]67,59,0)([76]44,48,4)([77]72,50,7)([78]29,10,6)([79]47,39,1)([80]53,19,1)([81]66,5,3)([82]21,71,7)([83]27,70,7)([84]15,34,1)([85]5,49,0)([86]69,65,7)(73)
evaluations: 32785123
first invidual area: 123.25
{7,1,80,1,2,1,8}([7]1,6,7)([8]5,7,4)([9]0,2,2)([10]0,6,5)([11]2,3,5)([12]1,3,7)([13]10,11,2)([14]1,2,2)([15]12,9,5)([16]3,15,4)([17]16,7,6)([18]17,5,4)([19]2,12,7)([20]2,18,7)([21]20,4,4)([22]1,3,2)([23]8,16,2)([24]0,17,4)([25]13,17,6)([26]25,23,3)([27]2,21,6)([28]25,4,4)([29]4,16,7)([30]26,24,1)([31]26,27,5)([32]24,3,4)([33]21,14,3)([34]5,13,5)([35]5,33,7)([36]18,35,3)([37]13,33,0)([38]1,19,3)([39]15,20,1)([40]26,35,6)([41]8,21,5)([42]23,20,7)([43]33,40,1)([44]40,21,0)([45]15,9,7)([46]41,32,3)([47]33,28,6)([48]32,40,7)([49]40,36,7)([50]4,29,2)([51]19,47,7)([52]19,38,3)([53]37,42,5)([54]14,21,6)([55]11,51,1)([56]23,55,6)([57]48,52,0)([58]46,51,7)([59]53,58,2)([60]52,53,1)([61]57,47,4)([62]48,59,5)([63]37,33,4)([64]19,2,4)([65]2,19,1)([66]39,60,5)([67]16,44,3)([68]48,44,7)([69]60,13,1)([70]42,13,6)([71]42,7,1)([72]38,65,7)([73]46,0,7)([74]51,62,7)([75]3,9,0)([76]12,42,1)([77]69,27,3)([78]66,54,5)([79]62,75,3)([80]74,41,3)([81]21,0,4)([82]18,57,0)([83]66,38,1)([84]79,28,3)([85]52,20,7)([86]42,81,6)(74)
optimized area: 119.03
time: 596551 ms
seed: 1634294583
{7,1,80,1,2,1,8}([7]1,4,6)([8]4,1,2)([9]6,1,7)([10]2,4,3)([11]5,3,1)([12]3,10,4)([13]7,2,1)([14]9,5,4)([15]11,10,2)([16]7,14,6)([17]15,12,3)([18]17,6,4)([19]15,16,6)([20]0,15,4)([21]18,0,3)([22]20,19,6)([23]22,1,2)([24]7,17,4)([25]11,3,6)([26]12,16,3)([27]8,25,7)([28]12,2,7)([29]27,23,3)([30]12,16,4)([31]0,28,6)([32]27,25,4)([33]30,2,3)([34]2,4,6)([35]22,16,6)([36]19,32,1)([37]33,21,5)([38]27,7,2)([39]7,30,7)([40]24,16,6)([41]38,14,3)([42]4,21,4)([43]1,28,4)([44]23,23,6)([45]8,31,3)([46]16,38,0)([47]20,45,7)([48]10,3,4)([49]7,42,2)([50]37,29,2)([51]36,13,7)([52]49,9,4)([53]24,6,0)([54]22,24,6)([55]22,9,5)([56]21,9,3)([57]43,54,6)([58]33,56,2)([59]47,41,5)([60]50,49,5)([61]17,3,4)([62]8,49,6)([63]59,1,2)([64]48,48,3)([65]59,14,7)([66]57,65,6)([67]30,42,4)([68]38,20,5)([69]17,32,1)([70]20,4,5)([71]6,22,4)([72]59,53,6)([73]22,34,7)([74]36,7,7)([75]2,74,5)([76]4,71,6)([77]29,40,3)([78]50,66,3)([79]10,49,2)([80]75,16,0)([81]35,12,7)([82]38,78,7)([83]18,5,4)([84]33,60,2)([85]2,22,1)([86]70,52,7)(82)
evaluations: 14283598
first invidual area: 117.59
{7,1,80,1,2,1,8}([7]4,1,6)([8]4,1,2)([9]1,6,4)([10]4,2,3)([11]5,10,1)([12]3,10,4)([13]12,1,0)([14]9,11,4)([15]11,10,2)([16]13,14,7)([17]15,12,3)([18]0,9,7)([19]2,16,3)([20]0,15,4)([21]6,9,1)([22]9,20,6)([23]6,22,2)([24]18,3,0)([25]3,11,6)([26]25,8,6)([27]19,25,4)([28]13,2,7)([29]26,23,3)([30]6,17,4)([31]0,28,6)([32]1,28,4)([33]0,30,3)([34]33,19,5)([35]21,19,5)([36]27,22,7)([37]22,3,6)([38]7,0,2)([39]0,18,1)([40]10,36,4)([41]29,7,5)([42]2,36,0)([43]13,28,7)([44]14,38,3)([45]31,8,3)([46]29,34,2)([47]25,31,0)([48]8,13,0)([49]20,45,7)([50]41,17,7)([51]23,27,5)([52]10,40,6)([53]43,39,3)([54]50,22,6)([55]44,49,5)([56]32,32,0)([57]32,54,6)([58]28,0,1)([59]40,8,1)([60]58,11,1)([61]11,15,6)([62]33,8,4)([63]19,40,2)([64]25,29,0)([65]55,14,7)([66]57,65,6)([67]7,12,0)([68]24,12,7)([69]27,57,3)([70]13,42,6)([71]69,12,3)([72]45,6,1)([73]31,26,3)([74]13,48,6)([75]9,73,5)([76]70,67,4)([77]37,25,6)([78]58,64,2)([79]17,9,2)([80]46,26,1)([81]26,79,7)([82]66,46,6)([83]34,52,2)([84]41,82,7)([85]8,19,5)([86]64,56,2)(84)
optimized area: 112.43
time: 636951 ms
seed: 1634335026
{7,1,80,1,2,1,8}([7]4,3,4)([8]2,7,7)([9]7,5,7)([10]6,9,7)([11]2,0,4)([12]4,11,0)([13]9,2,7)([14]10,6,0)([15]7,11,6)([16]1,5,4)([17]10,3,7)([18]11,14,4)([19]5,13,4)([20]10,0,4)([21]18,12,6)([22]21,13,2)([23]3,15,4)([24]23,12,0)([25]10,19,3)([26]19,23,4)([27]23,6,3)([28]26,22,7)([29]26,9,7)([30]29,16,7)([31]27,25,2)([32]17,31,2)([33]1,25,2)([34]20,5,3)([35]30,22,7)([36]30,2,7)([37]1,25,4)([38]22,0,6)([39]25,32,0)([40]23,36,0)([41]36,39,5)([42]8,16,4)([43]10,4,2)([44]19,33,5)([45]35,32,3)([46]21,6,6)([47]21,29,3)([48]42,42,2)([49]17,0,4)([50]7,9,5)([51]28,2,4)([52]29,23,5)([53]45,34,3)([54]20,42,5)([55]41,43,4)([56]15,18,7)([57]22,55,3)([58]29,41,3)([59]46,44,5)([60]29,4,1)([61]21,5,1)([62]16,22,1)([63]46,53,4)([64]54,29,3)([65]56,6,7)([66]59,16,7)([67]32,58,1)([68]57,16,6)([69]33,32,3)([70]65,57,3)([71]58,21,7)([72]26,37,6)([73]72,31,0)([74]35,71,4)([75]33,73,1)([76]65,32,4)([77]7,18,6)([78]27,58,4)([79]64,66,6)([80]31,33,1)([81]70,30,6)([82]15,45,7)([83]52,30,2)([84]82,81,7)([85]58,80,7)([86]79,84,7)(86)
evaluations: 13265526
first invidual area: 162.17
{7,1,80,1,2,1,8}([7]3,4,4)([8]0,6,4)([9]5,6,7)([10]7,7,2)([11]0,2,4)([12]10,4,5)([13]9,10,7)([14]7,2,0)([15]11,7,6)([16]13,1,0)([17]2,7,1)([18]13,11,4)([19]14,2,4)([20]16,3,7)([21]4,18,6)([22]21,8,2)([23]3,15,4)([24]23,6,3)([25]13,19,3)([26]19,23,4)([27]21,6,6)([28]5,18,2)([29]10,1,4)([30]18,17,7)([31]25,20,2)([32]22,0,1)([33]29,26,7)([34]31,17,0)([35]34,24,2)([36]22,33,7)([37]36,35,3)([38]10,2,2)([39]22,33,3)([40]18,14,5)([41]27,39,4)([42]4,13,5)([43]30,41,5)([44]39,27,5)([45]38,21,7)([46]25,24,3)([47]8,26,7)([48]33,38,2)([49]31,10,5)([50]23,20,7)([51]28,27,5)([52]6,1,6)([53]4,43,5)([54]17,25,5)([55]42,54,7)([56]29,27,5)([57]9,20,7)([58]13,19,7)([59]45,40,0)([60]15,37,4)([61]8,31,0)([62]26,57,3)([63]55,24,2)([64]43,47,3)([65]40,6,7)([66]7,60,6)([67]63,66,5)([68]39,15,0)([69]35,17,3)([70]65,68,3)([71]56,19,7)([72]21,47,4)([73]53,5,4)([74]5,60,1)([75]3,6,5)([76]10,74,3)([77]59,28,5)([78]46,11,1)([79]64,71,3)([80]70,55,3)([81]20,42,1)([82]4,7,2)([83]18,10,3)([84]79,80,5)([85]25,44,3)([86]60,84,7)(86)
optimized area: 143.87
time: 683147 ms
seed: 1634383927
{7,1,80,1,2,1,8}([7]2,1,4)([8]3,5,3)([9]7,2,3)([10]3,1,7)([11]3,5,5)([12]5,1,6)([13]4,5,4)([14]6,3,3)([15]3,6,7)([16]0,15,6)([17]12,10,7)([18]6,10,3)([19]1,16,6)([20]7,16,7)([21]0,20,6)([22]5,19,7)([23]8,4,4)([24]22,6,7)([25]0,9,2)([26]25,24,2)([27]13,21,7)([28]27,17,6)([29]0,16,6)([30]3,6,7)([31]23,22,0)([32]9,19,4)([33]12,19,1)([34]2,23,4)([35]21,11,5)([36]29,8,2)([37]31,34,6)([38]28,18,2)([39]38,34,4)([40]10,16,3)([41]12,32,1)([42]8,3,2)([43]23,7,3)([44]14,2,6)([45]37,42,0)([46]10,37,4)([47]39,26,2)([48]39,41,0)([49]20,38,3)([50]39,38,7)([51]36,1,4)([52]35,50,4)([53]26,8,2)([54]36,49,5)([55]48,41,0)([56]24,52,2)([57]56,54,2)([58]37,57,0)([59]46,47,7)([60]7,12,7)([61]27,23,7)([62]44,58,0)([63]49,59,5)([64]39,12,4)([65]57,38,2)([66]63,57,7)([67]8,22,4)([68]47,4,0)([69]12,32,6)([70]25,3,0)([71]25,55,5)([72]68,3,5)([73]67,19,5)([74]0,36,5)([75]12,9,2)([76]12,3,4)([77]71,60,4)([78]37,23,5)([79]2,4,5)([80]18,17,7)([81]30,68,0)([82]26,47,7)([83]33,48,5)([84]35,81,2)([85]55,54,3)([86]35,80,1)(66)
evaluations: 17602330
first invidual area: 129.33
{7,1,80,1,2,1,8}([7]1,2,4)([8]3,5,3)([9]5,4,4)([10]3,1,7)([11]0,7,6)([12]5,6,4)([13]5,1,6)([14]10,13,6)([15]3,6,7)([16]15,0,6)([17]16,1,6)([18]6,1,3)([19]9,0,4)([20]16,7,7)([21]17,18,0)([22]19,3,4)([23]4,8,4)([24]21,12,4)([25]21,21,7)([26]0,20,6)([27]3,25,7)([28]19,14,6)([29]22,16,2)([30]3,5,5)([31]3,17,5)([32]13,9,3)([33]18,10,4)([34]23,2,4)([35]26,30,5)([36]23,34,6)([37]15,6,5)([38]24,31,2)([39]28,34,4)([40]28,6,0)([41]0,38,2)([42]1,41,3)([43]34,2,5)([44]36,10,7)([45]40,18,2)([46]35,34,7)([47]39,41,5)([48]18,39,2)([49]20,45,3)([50]21,36,7)([51]47,29,5)([52]13,28,2)([53]18,25,7)([54]41,28,1)([55]11,48,5)([56]55,46,2)([57]45,44,3)([58]26,36,2)([59]47,44,7)([60]48,28,0)([61]43,4,0)([62]37,14,1)([63]62,27,0)([64]56,24,5)([65]8,11,4)([66]39,56,6)([67]17,42,7)([68]31,63,4)([69]52,5,3)([70]59,49,5)([71]20,8,2)([72]70,31,6)([73]64,70,4)([74]39,73,7)([75]11,48,2)([76]2,37,3)([77]70,55,2)([78]35,40,7)([79]62,9,0)([80]29,14,3)([81]68,11,7)([82]71,7,4)([83]60,36,4)([84]45,18,2)([85]74,54,4)([86]71,53,4)(73)
optimized area: 120.88
time: 631577 ms
seed: 1634432988
NOT FOUND
time: 524444 ms
seed: 1634493280
NOT FOUND
time: 530180 ms
seed: 1634592456
{7,1,80,1,2,1,8}([7]0,6,7)([8]7,0,3)([9]1,8,2)([10]9,3,2)([11]5,1,4)([12]10,0,5)([13]1,3,7)([14]12,8,7)([15]11,6,4)([16]6,3,5)([17]4,7,7)([18]15,14,1)([19]10,5,2)([20]5,7,7)([21]5,13,2)([22]19,15,3)([23]9,4,7)([24]9,15,5)([25]13,15,6)([26]6,18,5)([27]8,9,6)([28]20,23,5)([29]20,4,5)([30]18,14,5)([31]19,15,7)([32]24,11,0)([33]2,28,5)([34]15,5,5)([35]22,20,3)([36]33,25,4)([37]3,31,4)([38]4,12,1)([39]12,26,1)([40]23,30,2)([41]17,37,2)([42]31,21,6)([43]16,9,1)([44]41,34,2)([45]26,41,1)([46]17,26,5)([47]31,33,3)([48]31,24,3)([49]42,40,4)([50]2,35,2)([51]33,45,3)([52]0,23,1)([53]42,40,6)([54]35,8,4)([55]0,34,4)([56]17,55,4)([57]44,48,7)([58]36,57,3)([59]25,22,6)([60]51,39,0)([61]57,33,4)([62]42,20,4)([63]2,37,4)([64]58,48,2)([65]47,49,5)([66]33,56,1)([67]30,20,0)([68]33,44,3)([69]63,24,6)([70]33,48,0)([71]42,27,0)([72]2,44,2)([73]65,58,4)([74]70,42,3)([75]10,14,6)([76]60,47,1)([77]69,73,6)([78]4,19,3)([79]68,37,0)([80]6,67,3)([81]73,0,1)([82]50,8,3)([83]25,81,7)([84]80,38,7)([85]51,55,7)([86]52,72,3)(77)
evaluations: 8065601
first invidual area: 119.94
{7,1,80,1,2,1,8}([7]6,0,7)([8]7,0,3)([9]8,1,2)([10]4,3,2)([11]6,1,4)([12]0,10,5)([13]7,5,7)([14]5,1,4)([15]11,5,4)([16]3,1,7)([17]7,4,7)([18]9,4,7)([19]15,1,0)([20]8,12,5)([21]16,5,2)([22]6,5,4)([23]5,8,7)([24]9,15,5)([25]1,21,2)([26]3,24,6)([27]2,10,4)([28]26,6,1)([29]27,25,4)([30]12,4,2)([31]15,25,6)([32]18,13,5)([33]2,32,5)([34]2,19,0)([35]19,12,5)([36]26,16,5)([37]31,3,5)([38]20,19,3)([39]15,30,0)([40]18,38,5)([41]17,37,2)([42]30,17,0)([43]39,16,6)([44]35,41,2)([45]31,21,6)([46]8,8,2)([47]24,25,2)([48]24,27,6)([49]40,45,7)([50]18,8,4)([51]38,31,2)([52]45,21,4)([53]33,31,3)([54]43,29,0)([55]33,43,4)([56]17,11,5)([57]55,26,3)([58]57,44,6)([59]56,10,2)([60]58,49,4)([61]56,52,7)([62]26,22,7)([63]52,40,7)([64]16,47,5)([65]6,62,2)([66]19,59,5)([67]5,51,0)([68]17,50,6)([69]17,68,2)([70]47,11,5)([71]53,49,5)([72]20,58,1)([73]71,58,7)([74]49,64,1)([75]31,46,6)([76]59,61,3)([77]48,5,6)([78]37,44,5)([79]11,27,1)([80]2,42,1)([81]23,28,6)([82]30,68,1)([83]53,74,6)([84]24,3,5)([85]62,84,5)([86]48,73,6)(86)
optimized area: 108.20
time: 651742 ms
seed: 1634641271
{7,1,80,1,2,1,8}([7]4,6,7)([8]6,0,5)([9]4,2,7)([10]1,2,4)([11]9,8,5)([12]0,9,3)([13]3,10,2)([14]5,13,7)([15]2,5,3)([16]11,14,3)([17]16,15,4)([18]12,6,6)([19]16,12,2)([20]0,15,5)([21]1,11,1)([22]17,18,3)([23]7,20,3)([24]3,8,3)([25]16,4,3)([26]5,23,4)([27]21,19,6)([28]22,7,4)([29]28,9,2)([30]13,27,4)([31]7,15,0)([32]29,18,7)([33]20,3,3)([34]30,32,5)([35]4,11,5)([36]34,0,5)([37]26,18,3)([38]0,37,1)([39]36,19,3)([40]7,5,3)([41]11,17,6)([42]37,14,4)([43]25,10,4)([44]9,15,3)([45]39,39,6)([46]3,43,4)([47]15,14,7)([48]12,32,0)([49]1,34,2)([50]40,33,7)([51]16,35,1)([52]49,39,4)([53]28,27,6)([54]14,6,2)([55]37,35,4)([56]50,52,7)([57]22,55,3)([58]31,7,1)([59]3,23,0)([60]16,16,7)([61]55,1,4)([62]35,52,3)([63]56,61,3)([64]47,13,3)([65]53,26,4)([66]2,59,0)([67]25,62,7)([68]44,28,3)([69]21,2,7)([70]3,3,6)([71]46,34,2)([72]56,13,5)([73]54,72,1)([74]47,41,5)([75]33,74,4)([76]74,13,4)([77]71,68,5)([78]46,24,2)([79]49,2,5)([80]31,32,4)([81]78,80,6)([82]11,68,2)([83]25,35,5)([84]81,37,1)([85]72,0,2)([86]63,77,5)(86)
evaluations: 3159405
first invidual area: 138.20
{7,1,80,1,2,1,8}([7]6,4,7)([8]6,0,5)([9]2,4,7)([10]1,2,4)([11]8,9,5)([12]9,0,3)([13]10,3,2)([14]13,5,7)([15]5,2,3)([16]11,14,3)([17]12,16,2)([18]12,6,6)([19]2,16,3)([20]15,0,5)([21]16,15,5)([22]1,14,1)([23]20,7,6)([24]20,3,3)([25]0,24,2)([26]23,5,7)([27]22,17,6)([28]7,21,4)([29]9,28,2)([30]5,7,3)([31]27,13,4)([32]29,18,6)([33]24,7,2)([34]31,32,5)([35]11,4,5)([36]18,26,3)([37]23,21,2)([38]1,34,2)([39]16,31,6)([40]35,36,4)([41]38,39,6)([42]9,18,0)([43]10,19,7)([44]21,6,5)([45]6,33,6)([46]3,43,7)([47]30,24,5)([48]37,23,4)([49]44,9,3)([50]14,8,5)([51]44,42,6)([52]31,28,6)([53]18,36,4)([54]52,25,7)([55]45,54,6)([56]41,47,7)([57]17,24,6)([58]14,21,6)([59]13,34,1)([60]40,22,4)([61]13,39,1)([62]53,16,6)([63]11,16,2)([64]45,60,3)([65]43,16,4)([66]56,59,3)([67]35,62,3)([68]43,9,4)([69]60,56,5)([70]28,32,5)([71]46,49,2)([72]49,28,1)([73]65,28,3)([74]18,39,1)([75]26,18,0)([76]10,45,3)([77]71,34,5)([78]42,37,0)([79]27,24,5)([80]76,15,5)([81]70,59,0)([82]2,51,7)([83]5,39,6)([84]4,42,4)([85]0,51,2)([86]69,77,5)(86)
optimized area: 122.71
time: 728931 ms
seed: 1634679325
{7,1,80,1,2,1,8}([7]0,6,4)([8]1,6,4)([9]1,8,2)([10]2,1,7)([11]4,8,7)([12]10,5,3)([13]10,11,5)([14]12,11,7)([15]14,0,4)([16]7,11,4)([17]14,15,5)([18]17,4,5)([19]7,13,4)([20]3,10,4)([21]5,2,7)([22]14,10,2)([23]3,8,2)([24]6,4,0)([25]20,15,7)([26]2,25,5)([27]24,20,2)([28]26,17,0)([29]7,3,7)([30]14,0,5)([31]23,21,4)([32]31,26,1)([33]23,28,2)([34]32,28,2)([35]29,34,2)([36]10,17,7)([37]1,9,3)([38]14,22,3)([39]36,24,2)([40]34,18,5)([41]24,29,5)([42]16,36,3)([43]42,9,3)([44]38,27,2)([45]32,6,6)([46]43,32,4)([47]33,46,3)([48]43,20,2)([49]48,40,7)([50]43,7,5)([51]26,27,2)([52]36,4,0)([53]40,30,6)([54]39,35,0)([55]11,28,7)([56]6,32,2)([57]7,3,4)([58]34,45,6)([59]36,58,4)([60]55,48,0)([61]19,20,4)([62]40,34,7)([63]9,1,5)([64]18,19,6)([65]34,27,4)([66]23,17,3)([67]64,35,7)([68]55,41,3)([69]33,25,7)([70]11,29,2)([71]2,34,2)([72]68,6,3)([73]68,71,7)([74]67,59,3)([75]34,64,3)([76]49,73,3)([77]73,61,4)([78]59,68,0)([79]16,17,0)([80]55,44,3)([81]39,74,1)([82]26,42,7)([83]49,31,6)([84]76,74,2)([85]13,55,0)([86]71,2,0)(84)
evaluations: 30473906
first invidual area: 139.17
{7,1,80,1,2,1,8}([7]6,0,4)([8]1,6,4)([9]2,6,6)([10]1,2,7)([11]8,4,7)([12]5,10,6)([13]10,0,5)([14]12,11,4)([15]0,14,4)([16]6,2,0)([17]15,14,5)([18]17,4,5)([19]8,3,5)([20]10,3,4)([21]2,5,7)([22]7,13,4)([23]3,17,1)([24]19,19,7)([25]15,20,7)([26]25,2,5)([27]20,14,5)([28]11,7,4)([29]3,7,7)([30]29,8,0)([31]19,21,4)([32]18,5,4)([33]31,16,7)([34]26,31,2)([35]34,30,5)([36]17,10,7)([37]4,36,6)([38]19,34,6)([39]28,28,1)([40]17,21,1)([41]33,20,7)([42]9,36,3)([43]28,42,3)([44]18,34,5)([45]6,30,5)([46]43,10,2)([47]15,34,3)([48]43,20,5)([49]48,44,4)([50]11,26,7)([51]32,24,5)([52]7,48,0)([53]29,30,5)([54]7,1,5)([55]44,6,5)([56]48,9,5)([57]51,46,1)([58]4,5,4)([59]36,47,2)([60]22,18,3)([61]56,29,3)([62]56,27,7)([63]35,12,0)([64]41,46,3)([65]54,3,1)([66]56,61,0)([67]60,35,7)([68]50,45,6)([69]56,11,7)([70]22,40,6)([71]2,34,2)([72]53,34,4)([73]68,71,3)([74]60,13,7)([75]59,67,3)([76]49,73,3)([77]20,20,5)([78]0,24,0)([79]70,3,5)([80]35,67,3)([81]75,22,3)([82]71,58,2)([83]65,24,5)([84]76,75,2)([85]4,75,6)([86]19,12,0)(84)
optimized area: 129.32
time: 915136 ms
seed: 1634712189
{7,1,80,1,2,1,8}([7]2,4,7)([8]2,0,4)([9]2,1,4)([10]7,5,4)([11]10,9,5)([12]1,6,7)([13]7,11,1)([14]9,3,7)([15]12,13,7)([16]1,10,3)([17]15,3,2)([18]12,7,3)([19]15,8,3)([20]12,9,7)([21]13,0,4)([22]20,21,5)([23]16,3,3)([24]11,23,7)([25]17,21,6)([26]20,17,5)([27]0,11,4)([28]4,27,4)([29]20,15,6)([30]22,19,2)([31]28,27,0)([32]21,13,5)([33]25,30,4)([34]14,26,4)([35]6,27,2)([36]28,8,6)([37]32,5,2)([38]31,25,6)([39]33,37,4)([40]26,21,1)([41]38,5,3)([42]12,41,7)([43]40,25,7)([44]38,5,2)([45]35,3,4)([46]15,22,6)([47]32,1,6)([48]34,45,3)([49]47,27,4)([50]44,16,6)([51]21,34,2)([52]39,35,4)([53]6,14,5)([54]27,42,6)([55]28,0,6)([56]17,34,7)([57]20,19,3)([58]7,0,2)([59]54,0,4)([60]10,46,0)([61]31,33,3)([62]39,54,3)([63]56,33,4)([64]63,28,5)([65]23,63,2)([66]4,35,2)([67]17,39,3)([68]3,2,2)([69]46,31,3)([70]31,4,4)([71]37,38,7)([72]62,65,6)([73]64,7,6)([74]35,61,1)([75]22,36,5)([76]39,48,5)([77]67,26,6)([78]70,36,0)([79]45,16,6)([80]46,33,1)([81]65,7,1)([82]47,58,5)([83]76,73,6)([84]9,68,6)([85]32,31,4)([86]83,72,6)(86)
evaluations: 23722458
first invidual area: 139.16
{7,1,80,1,2,1,8}([7]2,4,7)([8]0,2,4)([9]2,1,4)([10]5,7,4)([11]7,4,1)([12]9,10,5)([13]5,8,0)([14]6,1,7)([15]7,14,4)([16]10,1,3)([17]15,3,2)([18]5,14,3)([19]8,15,3)([20]14,9,7)([21]4,8,4)([22]20,21,5)([23]3,16,3)([24]13,23,0)([25]21,17,3)([26]20,17,5)([27]17,6,2)([28]23,21,0)([29]12,0,4)([30]22,19,5)([31]26,3,5)([32]21,11,5)([33]25,30,4)([34]31,9,7)([35]6,29,5)([36]27,5,3)([37]32,5,5)([38]21,24,1)([39]33,37,7)([40]14,14,2)([41]37,7,2)([42]14,36,7)([43]19,29,4)([44]21,41,0)([45]43,26,7)([46]3,35,7)([47]45,11,5)([48]0,19,4)([49]7,20,2)([50]49,8,1)([51]2,3,2)([52]39,2,0)([53]46,34,3)([54]42,29,6)([55]14,20,0)([56]10,21,0)([57]51,8,4)([58]28,15,2)([59]34,17,7)([60]59,28,3)([61]5,30,2)([62]52,54,3)([63]59,37,7)([64]13,11,6)([65]28,63,2)([66]64,54,7)([67]57,23,7)([68]41,47,4)([69]65,62,6)([70]30,34,0)([71]39,53,5)([72]23,65,6)([73]28,32,6)([74]4,59,2)([75]68,19,1)([76]30,31,7)([77]40,74,0)([78]25,62,4)([79]61,27,5)([80]65,76,0)([81]6,24,5)([82]48,16,3)([83]71,73,6)([84]49,83,2)([85]55,18,1)([86]69,83,6)(86)
optimized area: 128.37
time: 636468 ms
seed: 1634757009
{7,1,80,1,2,1,8}([7]3,1,4)([8]1,4,6)([9]6,2,2)([10]4,2,7)([11]5,10,7)([12]8,9,5)([13]11,1,2)([14]13,4,2)([15]11,3,7)([16]3,14,3)([17]8,13,6)([18]16,17,2)([19]18,12,7)([20]15,11,4)([21]15,4,6)([22]15,14,6)([23]0,11,3)([24]10,22,5)([25]14,20,7)([26]18,11,4)([27]9,23,4)([28]7,24,0)([29]19,2,4)([30]1,5,4)([31]26,21,3)([32]31,0,2)([33]29,1,1)([34]26,5,6)([35]6,32,2)([36]35,21,3)([37]0,12,3)([38]0,30,3)([39]38,19,6)([40]33,36,6)([41]31,2,6)([42]38,4,6)([43]41,38,3)([44]2,16,4)([45]33,6,4)([46]45,39,2)([47]27,2,2)([48]1,28,5)([49]48,43,2)([50]40,37,4)([51]6,9,0)([52]28,47,2)([53]2,42,6)([54]24,52,4)([55]46,49,3)([56]35,32,5)([57]54,41,3)([58]35,41,2)([59]56,20,0)([60]13,21,5)([61]57,19,7)([62]50,54,5)([63]1,3,3)([64]17,12,1)([65]6,61,2)([66]26,31,0)([67]40,9,5)([68]2,37,3)([69]62,55,4)([70]55,23,3)([71]22,63,2)([72]38,44,2)([73]64,32,1)([74]23,43,7)([75]69,35,4)([76]3,50,4)([77]32,10,1)([78]43,72,6)([79]26,33,2)([80]36,14,4)([81]7,3,0)([82]6,38,7)([83]63,42,0)([84]26,42,7)([85]47,19,2)([86]31,34,2)(75)
evaluations: 24467178
first invidual area: 133.04
{7,1,80,1,2,1,8}([7]3,1,4)([8]4,1,6)([9]2,6,2)([10]4,2,7)([11]10,5,7)([12]8,9,5)([13]11,1,2)([14]5,1,4)([15]3,11,7)([16]11,0,3)([17]8,13,6)([18]17,3,2)([19]12,2,2)([20]13,2,2)([21]4,15,6)([22]15,20,6)([23]19,18,7)([24]10,22,5)([25]16,6,4)([26]11,18,4)([27]6,0,2)([28]3,17,4)([29]2,25,2)([30]15,3,5)([31]26,21,3)([32]20,7,5)([33]15,14,3)([34]27,12,6)([35]27,31,2)([36]35,21,3)([37]35,1,2)([38]14,0,3)([39]16,7,5)([40]23,36,6)([41]31,2,6)([42]15,27,7)([43]38,41,3)([44]18,38,6)([45]6,23,4)([46]45,44,2)([47]12,24,0)([48]1,7,5)([49]0,13,2)([50]43,48,2)([51]24,42,3)([52]7,29,5)([53]21,12,7)([54]24,52,7)([55]50,46,6)([56]19,16,0)([57]34,40,6)([58]39,52,6)([59]47,21,3)([60]28,40,0)([61]15,19,1)([62]57,54,5)([63]27,58,5)([64]32,14,4)([65]46,0,7)([66]53,58,5)([67]36,33,3)([68]12,65,2)([69]55,62,4)([70]24,8,3)([71]41,62,2)([72]46,35,4)([73]68,28,5)([74]24,48,6)([75]69,35,7)([76]15,3,4)([77]69,49,7)([78]74,6,7)([79]7,60,4)([80]60,23,7)([81]0,6,0)([82]78,41,0)([83]38,44,4)([84]14,10,3)([85]78,48,1)([86]65,21,0)(75)
optimized area: 124.13
time: 1194884 ms
seed: 1634822142
NOT FOUND
time: 984355 ms
seed: 1634946830
NOT FOUND
time: 1001012 ms
seed: 1635076901
NOT FOUND
time: 968595 ms
seed: 1635119317
NOT FOUND
time: 521563 ms
seed: 1635168222
{7,1,80,1,2,1,8}([7]3,2,6)([8]7,0,2)([9]8,7,5)([10]2,0,2)([11]10,5,6)([12]0,2,6)([13]7,10,4)([14]13,8,6)([15]11,12,4)([16]6,11,4)([17]14,3,3)([18]1,2,7)([19]12,5,1)([20]5,6,7)([21]10,6,7)([22]11,14,7)([23]18,16,6)([24]12,8,7)([25]12,20,6)([26]9,21,7)([27]9,15,2)([28]23,4,2)([29]5,0,4)([30]4,26,7)([31]7,29,3)([32]26,0,6)([33]1,11,4)([34]26,26,1)([35]20,22,4)([36]18,7,6)([37]36,20,7)([38]4,33,3)([39]28,8,4)([40]26,22,5)([41]27,8,4)([42]24,34,0)([43]28,25,2)([44]6,33,4)([45]29,5,5)([46]32,37,6)([47]31,1,1)([48]38,30,4)([49]38,48,2)([50]24,36,6)([51]4,20,3)([52]18,3,7)([53]15,25,7)([54]17,27,4)([55]53,36,2)([56]11,23,3)([57]49,46,6)([58]29,48,4)([59]22,50,0)([60]6,57,7)([61]35,10,1)([62]4,31,6)([63]54,58,6)([64]62,52,5)([65]44,22,3)([66]43,52,6)([67]38,65,7)([68]52,29,2)([69]15,22,1)([70]65,24,4)([71]66,57,3)([72]28,31,3)([73]64,65,2)([74]11,41,5)([75]26,16,2)([76]16,72,2)([77]49,5,1)([78]69,58,7)([79]67,63,3)([80]15,25,2)([81]77,50,4)([82]16,74,6)([83]1,36,4)([84]21,23,7)([85]71,79,2)([86]59,33,5)(85)
evaluations: 25535476
first invidual area: 142.45
{7,1,80,1,2,1,8}([7]3,2,6)([8]6,5,4)([9]0,5,7)([10]2,0,2)([11]10,5,6)([12]0,2,6)([13]9,11,3)([14]7,0,2)([15]13,4,2)([16]11,0,0)([17]7,10,6)([18]1,2,7)([19]10,14,6)([20]3,19,3)([21]19,13,0)([22]17,11,7)([23]7,19,2)([24]8,4,4)([25]3,24,7)([26]7,18,3)([27]12,22,4)([28]12,26,6)([29]4,21,7)([30]6,29,7)([31]27,21,5)([32]8,24,3)([33]1,16,4)([34]3,18,7)([35]10,31,2)([36]33,6,4)([37]1,8,6)([38]4,33,3)([39]29,32,4)([40]19,6,2)([41]19,26,1)([42]13,0,5)([43]15,28,2)([44]8,26,7)([45]40,34,6)([46]44,40,6)([47]25,26,5)([48]38,30,7)([49]7,16,5)([50]31,20,2)([51]20,4,6)([52]27,34,5)([53]29,18,0)([54]48,38,2)([55]40,18,4)([56]44,1,0)([57]54,46,6)([58]9,48,7)([59]7,22,1)([60]14,28,2)([61]44,0,0)([62]2,5,3)([63]24,60,4)([64]17,6,5)([65]36,22,6)([66]34,43,6)([67]38,65,4)([68]15,39,3)([69]50,58,6)([70]36,37,5)([71]66,57,3)([72]57,27,4)([73]4,47,3)([74]39,1,3)([75]22,39,7)([76]61,74,1)([77]23,19,0)([78]46,63,5)([79]53,78,7)([80]69,67,3)([81]0,27,0)([82]40,0,4)([83]16,72,3)([84]66,40,0)([85]71,80,2)([86]42,11,2)(85)
optimized area: 126.03
time: 604444 ms
seed: 1635274962
{7,1,80,1,2,1,8}([7]1,2,4)([8]4,2,4)([9]0,1,3)([10]3,7,4)([11]5,0,0)([12]6,10,7)([13]0,8,7)([14]1,0,4)([15]4,11,4)([16]3,5,3)([17]10,16,7)([18]2,13,5)([19]7,3,2)([20]4,16,2)([21]12,18,6)([22]6,5,4)([23]2,5,2)([24]6,8,2)([25]13,22,4)([26]17,21,4)([27]3,13,5)([28]25,9,4)([29]15,12,5)([30]24,19,3)([31]17,14,3)([32]16,29,6)([33]27,26,5)([34]3,8,3)([35]20,22,6)([36]29,11,6)([37]36,4,7)([38]23,30,4)([39]5,28,5)([40]35,28,5)([41]28,38,3)([42]39,1,6)([43]25,32,4)([44]23,29,6)([45]21,32,4)([46]18,14,1)([47]10,22,1)([48]36,14,1)([49]40,26,6)([50]41,26,7)([51]10,1,2)([52]43,47,6)([53]9,26,1)([54]31,50,2)([55]50,50,3)([56]55,40,4)([57]44,27,6)([58]48,10,2)([59]10,38,1)([60]49,31,5)([61]15,6,7)([62]46,5,5)([63]56,42,3)([64]44,1,5)([65]57,60,7)([66]20,43,6)([67]62,58,5)([68]61,67,5)([69]45,6,2)([70]16,65,2)([71]52,70,4)([72]17,8,0)([73]68,63,6)([74]16,61,7)([75]71,56,4)([76]28,31,3)([77]75,63,2)([78]59,77,4)([79]34,64,6)([80]72,16,5)([81]63,5,7)([82]68,21,1)([83]67,7,0)([84]18,73,1)([85]19,17,0)([86]75,46,0)(77)
evaluations: 16560658
first invidual area: 148.53
{7,1,80,1,2,1,8}([7]3,2,4)([8]2,4,4)([9]0,1,3)([10]1,7,4)([11]5,4,4)([12]6,10,7)([13]0,8,7)([14]10,11,1)([15]11,12,5)([16]3,5,3)([17]16,14,7)([18]13,15,4)([19]13,2,5)([20]8,9,2)([21]12,19,6)([22]5,6,4)([23]2,5,2)([24]8,6,2)([25]13,22,4)([26]21,17,4)([27]4,16,2)([28]25,9,4)([29]3,17,2)([30]13,2,7)([31]27,22,6)([32]23,15,6)([33]26,32,5)([34]25,33,7)([35]5,15,4)([36]29,24,6)([37]34,20,6)([38]14,13,6)([39]0,34,1)([40]18,24,1)([41]36,23,7)([42]13,3,5)([43]8,13,2)([44]29,32,5)([45]22,15,3)([46]41,28,3)([47]39,46,3)([48]31,28,5)([49]19,46,3)([50]13,10,5)([51]6,35,0)([52]5,28,2)([53]28,47,4)([54]34,14,6)([55]46,48,5)([56]26,55,4)([57]32,42,3)([58]56,7,6)([59]22,19,7)([60]9,58,5)([61]43,53,6)([62]46,48,2)([63]16,19,3)([64]0,46,0)([65]57,60,5)([66]52,56,3)([67]7,39,2)([68]20,47,3)([69]66,8,2)([70]10,23,5)([71]54,56,4)([72]67,66,3)([73]13,69,3)([74]8,25,6)([75]71,65,4)([76]56,21,2)([77]75,66,2)([78]68,63,6)([79]47,53,4)([80]21,8,2)([81]65,68,4)([82]36,56,7)([83]11,4,0)([84]81,80,3)([85]48,84,6)([86]32,10,5)(77)
optimized area: 131.18
time: 1222092 ms
seed: 1635432556
NOT FOUND
time: 992400 ms
seed: 1635539829
NOT FOUND
time: 991141 ms
seed: 1635600062
NOT FOUND
time: 1051122 ms
seed: 1635647697
{7,1,80,1,2,1,8}([7]1,4,2)([8]0,6,7)([9]2,1,4)([10]3,5,2)([11]4,6,1)([12]11,10,2)([13]7,6,3)([14]6,3,4)([15]3,9,4)([16]2,14,1)([17]2,3,7)([18]9,17,6)([19]11,18,7)([20]10,10,5)([21]1,14,6)([22]18,0,4)([23]12,5,4)([24]21,17,4)([25]23,1,3)([26]8,24,5)([27]10,6,3)([28]4,6,2)([29]23,26,4)([30]19,26,7)([31]14,30,2)([32]22,25,7)([33]18,30,4)([34]27,32,5)([35]29,16,7)([36]14,3,1)([37]22,13,2)([38]10,6,4)([39]3,27,1)([40]32,11,0)([41]12,37,3)([42]30,23,6)([43]19,39,3)([44]43,38,3)([45]44,34,4)([46]33,34,2)([47]1,42,4)([48]0,46,7)([49]18,4,3)([50]22,7,2)([51]47,41,4)([52]33,0,4)([53]33,29,1)([54]44,51,2)([55]7,19,4)([56]43,47,0)([57]1,2,1)([58]43,12,1)([59]46,18,0)([60]37,29,7)([61]16,11,6)([62]15,53,3)([63]20,34,2)([64]9,38,0)([65]46,54,6)([66]4,35,6)([67]55,15,0)([68]8,0,0)([69]10,19,0)([70]16,14,6)([71]66,56,0)([72]43,23,1)([73]12,3,2)([74]64,64,5)([75]0,39,5)([76]25,47,6)([77]13,36,3)([78]46,62,2)([79]65,78,7)([80]8,67,0)([81]61,22,2)([82]58,65,6)([83]76,44,6)([84]2,57,1)([85]50,54,7)([86]30,76,0)(79)
evaluations: 20147035
first invidual area: 125.10
{7,1,80,1,2,1,8}([7]1,4,2)([8]7,6,3)([9]1,2,4)([10]5,3,2)([11]3,1,7)([12]6,10,3)([13]3,6,7)([14]8,10,4)([15]9,3,4)([16]0,6,7)([17]13,1,3)([18]9,11,6)([19]18,4,4)([20]5,7,3)([21]18,5,0)([22]18,0,4)([23]12,5,0)([24]15,17,7)([25]8,22,2)([26]24,16,5)([27]7,7,4)([28]3,15,1)([29]22,20,7)([30]19,26,7)([31]10,16,4)([32]10,21,2)([33]5,31,2)([34]1,11,5)([35]13,10,6)([36]30,18,4)([37]28,19,3)([38]25,32,6)([39]32,5,4)([40]21,22,6)([41]37,23,0)([42]30,7,1)([43]28,6,4)([44]14,37,3)([45]29,12,5)([46]45,36,2)([47]39,30,3)([48]38,1,7)([49]22,43,5)([50]40,22,7)([51]48,47,7)([52]7,7,2)([53]32,23,7)([54]44,51,2)([55]15,46,2)([56]42,9,4)([57]14,42,4)([58]19,27,5)([59]7,24,5)([60]41,29,6)([61]16,12,1)([62]27,22,1)([63]14,7,3)([64]38,49,5)([65]46,54,6)([66]14,15,6)([67]11,55,3)([68]58,21,4)([69]7,51,7)([70]35,67,5)([71]47,42,2)([72]30,1,1)([73]31,72,3)([74]65,55,6)([75]60,68,2)([76]38,48,2)([77]33,38,3)([78]51,6,4)([79]1,58,3)([80]12,3,1)([81]63,25,6)([82]7,74,5)([83]35,10,2)([84]35,19,4)([85]30,30,5)([86]75,53,7)(74)
optimized area: 117.61
time: 1209463 ms
seed: 1635695531
{7,1,80,1,2,1,8}([7]4,6,5)([8]3,3,3)([9]3,4,7)([10]8,0,7)([11]1,2,4)([12]10,11,2)([13]12,2,4)([14]5,7,7)([15]5,14,2)([16]5,10,2)([17]3,3,6)([18]16,11,6)([19]14,7,0)([20]1,17,7)([21]15,4,7)([22]12,9,7)([23]21,8,2)([24]3,9,2)([25]6,22,4)([26]24,15,0)([27]2,19,4)([28]6,22,1)([29]6,23,4)([30]8,13,2)([31]0,27,3)([32]30,26,6)([33]16,31,6)([34]13,9,5)([35]17,2,0)([36]26,25,6)([37]36,19,3)([38]22,32,0)([39]10,33,4)([40]10,36,6)([41]21,31,4)([42]13,7,6)([43]32,11,4)([44]43,29,2)([45]20,43,1)([46]41,14,5)([47]24,36,3)([48]45,24,0)([49]41,43,1)([50]4,33,6)([51]43,48,3)([52]20,9,4)([53]27,36,2)([54]36,46,3)([55]17,53,2)([56]16,24,3)([57]25,8,5)([58]51,54,5)([59]32,29,6)([60]49,4,7)([61]58,45,7)([62]57,9,5)([63]43,55,4)([64]56,18,5)([65]55,21,3)([66]11,59,3)([67]63,61,3)([68]10,19,6)([69]67,28,1)([70]44,39,5)([71]51,50,0)([72]27,18,1)([73]10,2,4)([74]42,70,3)([75]34,52,4)([76]12,50,6)([77]43,75,7)([78]72,22,5)([79]71,25,7)([80]9,9,5)([81]44,65,2)([82]38,77,6)([83]67,75,5)([84]74,67,7)([85]10,20,6)([86]62,28,5)(84)
evaluations: 10071906
first invidual area: 133.07
{7,1,80,1,2,1,8}([7]4,6,5)([8]7,5,5)([9]7,5,3)([10]0,3,7)([11]2,1,4)([12]10,11,2)([13]2,12,4)([14]7,13,6)([15]11,8,6)([16]3,3,0)([17]1,15,7)([18]4,13,0)([19]8,9,0)([20]16,18,1)([21]4,19,4)([22]9,8,5)([23]4,12,7)([24]4,3,2)([25]15,0,5)([26]21,16,5)([27]2,22,4)([28]13,3,2)([29]23,20,5)([30]26,6,7)([31]27,0,3)([32]7,18,0)([33]31,15,3)([34]24,28,3)([35]29,6,4)([36]24,35,6)([37]7,25,5)([38]34,13,3)([39]36,20,2)([40]10,33,7)([41]31,21,4)([42]41,17,7)([43]34,11,7)([44]43,30,2)([45]1,3,7)([46]22,41,5)([47]34,29,1)([48]27,39,5)([49]2,12,2)([50]46,36,3)([51]43,45,3)([52]29,4,7)([53]6,5,2)([54]11,13,3)([55]11,19,2)([56]14,22,1)([57]21,50,3)([58]51,50,5)([59]38,51,0)([60]0,43,2)([61]58,45,7)([62]44,40,5)([63]43,48,7)([64]39,11,7)([65]13,4,3)([66]7,30,6)([67]61,63,3)([68]45,4,4)([69]62,14,3)([70]34,55,1)([71]69,35,5)([72]31,54,0)([73]31,39,2)([74]40,36,1)([75]14,24,5)([76]34,65,2)([77]50,1,3)([78]76,1,5)([79]73,55,0)([80]65,15,5)([81]45,28,6)([82]81,79,2)([83]78,22,3)([84]67,69,2)([85]2,31,0)([86]47,11,0)(84)
optimized area: 123.67
time: 1296751 ms
seed: 1635742797
NOT FOUND
time: 1068653 ms
seed: 1635789765
NOT FOUND
time: 1068593 ms
