seed: 1633868418
NOT FOUND
time: 539654 ms
seed: 1634006021
NOT FOUND
time: 538943 ms
seed: 1634054819
NOT FOUND
time: 531935 ms
seed: 1634169067
{7,1,80,1,2,1,8}([7]1,4,7)([8]0,2,5)([9]0,1,3)([10]5,6,3)([11]8,5,5)([12]8,4,7)([13]1,2,7)([14]13,0,6)([15]10,12,5)([16]0,14,7)([17]6,16,4)([18]15,14,6)([19]0,5,4)([20]17,3,7)([21]13,2,2)([22]6,11,2)([23]11,20,0)([24]19,7,5)([25]17,2,3)([26]6,15,6)([27]19,9,2)([28]15,21,4)([29]22,28,3)([30]8,11,2)([31]20,29,2)([32]27,31,7)([33]26,31,6)([34]0,13,4)([35]32,24,6)([36]33,28,7)([37]2,16,7)([38]37,22,2)([39]34,27,3)([40]3,33,1)([41]26,27,0)([42]38,26,7)([43]23,23,2)([44]42,32,6)([45]8,3,5)([46]19,0,5)([47]39,24,5)([48]16,7,0)([49]23,20,7)([50]3,30,4)([51]7,40,4)([52]39,51,2)([53]46,36,2)([54]53,18,6)([55]16,2,1)([56]54,52,6)([57]33,19,4)([58]56,35,3)([59]57,20,0)([60]23,9,1)([61]23,3,5)([62]10,50,3)([63]62,43,1)([64]5,2,5)([65]7,27,7)([66]58,16,7)([67]45,50,5)([68]16,59,1)([69]39,12,1)([70]35,53,5)([71]1,44,1)([72]35,45,4)([73]51,60,4)([74]49,37,3)([75]65,68,2)([76]49,47,3)([77]40,56,4)([78]48,42,2)([79]33,16,6)([80]20,8,3)([81]55,40,5)([82]44,66,6)([83]7,28,6)([84]77,1,7)([85]27,36,3)([86]68,5,6)(82)
evaluations: 16932621
first invidual area: 130.24
{7,1,80,1,2,1,8}([7]1,4,7)([8]2,0,5)([9]0,1,3)([10]5,6,3)([11]8,5,5)([12]8,4,7)([13]1,2,7)([14]13,0,6)([15]12,10,5)([16]0,14,6)([17]3,16,7)([18]15,12,0)([19]0,5,4)([20]6,17,4)([21]2,13,5)([22]0,13,4)([23]7,19,5)([24]20,4,4)([25]6,11,2)([26]18,6,6)([27]9,19,2)([28]18,21,7)([29]28,25,3)([30]26,24,6)([31]29,20,2)([32]31,27,7)([33]26,31,3)([34]22,27,3)([35]32,23,6)([36]16,2,7)([37]6,26,4)([38]36,25,2)([39]33,28,4)([40]29,18,6)([41]23,14,4)([42]18,14,6)([43]19,0,5)([44]18,26,4)([45]30,4,3)([46]13,31,2)([47]15,15,6)([48]3,7,7)([49]48,47,2)([50]25,5,3)([51]28,8,2)([52]34,48,2)([53]43,39,2)([54]53,42,6)([55]26,38,6)([56]54,52,6)([57]47,54,2)([58]56,35,6)([59]8,32,1)([60]51,34,3)([61]0,15,7)([62]20,55,2)([63]16,58,4)([64]46,63,6)([65]21,29,3)([66]51,24,7)([67]28,65,5)([68]55,23,1)([69]66,27,7)([70]41,64,6)([71]16,36,0)([72]10,25,5)([73]41,35,4)([74]10,36,7)([75]58,15,6)([76]51,27,4)([77]55,32,6)([78]71,10,6)([79]39,23,3)([80]51,79,7)([81]43,23,4)([82]55,23,2)([83]45,46,1)([84]83,21,6)([85]25,15,4)([86]77,63,6)(86)
optimized area: 123.67
time: 649556 ms
seed: 1634216340
NOT FOUND
time: 525664 ms
seed: 1634313428
NOT FOUND
time: 524124 ms
seed: 1634353957
{7,1,80,1,2,1,8}([7]4,2,7)([8]3,0,5)([9]8,4,4)([10]6,7,5)([11]7,2,5)([12]5,6,6)([13]6,1,5)([14]13,3,7)([15]5,0,5)([16]9,5,2)([17]14,9,5)([18]7,10,1)([19]13,3,2)([20]2,1,7)([21]13,5,7)([22]10,5,7)([23]12,18,5)([24]15,22,7)([25]22,13,2)([26]14,25,3)([27]2,21,2)([28]27,15,7)([29]28,25,1)([30]0,26,7)([31]20,10,2)([32]31,18,7)([33]30,32,2)([34]25,16,7)([35]5,23,4)([36]15,9,2)([37]5,36,7)([38]17,23,5)([39]21,20,4)([40]33,29,5)([41]39,33,4)([42]41,15,2)([43]16,38,4)([44]26,38,0)([45]20,11,1)([46]26,34,5)([47]19,14,4)([48]26,20,5)([49]5,19,0)([50]39,46,4)([51]12,28,5)([52]2,43,6)([53]48,52,2)([54]7,53,4)([55]1,26,1)([56]35,53,3)([57]1,3,2)([58]34,53,7)([59]5,42,7)([60]56,46,3)([61]42,54,2)([62]29,8,5)([63]60,40,7)([64]19,43,3)([65]64,61,3)([66]35,55,0)([67]62,49,1)([68]25,7,6)([69]55,16,3)([70]4,30,0)([71]9,58,7)([72]0,67,1)([73]57,69,4)([74]63,65,2)([75]60,36,7)([76]46,6,1)([77]67,55,2)([78]67,41,1)([79]74,18,4)([80]49,65,7)([81]49,80,4)([82]75,78,7)([83]45,6,3)([84]57,21,5)([85]76,65,0)([86]46,0,0)(79)
evaluations: 31792421
first invidual area: 141.01
{7,1,80,1,2,1,8}([7]2,4,7)([8]3,0,5)([9]8,4,4)([10]7,6,5)([11]10,5,7)([12]5,6,6)([13]6,1,5)([14]13,3,7)([15]0,5,5)([16]5,9,2)([17]9,14,5)([18]7,12,1)([19]10,1,0)([20]1,2,7)([21]13,5,7)([22]4,4,5)([23]12,18,5)([24]20,19,5)([25]13,11,2)([26]14,25,3)([27]21,2,5)([28]27,15,7)([29]11,16,7)([30]0,26,4)([31]2,23,5)([32]24,18,7)([33]30,32,6)([34]17,0,2)([35]18,22,5)([36]14,13,2)([37]25,4,3)([38]23,17,5)([39]21,33,7)([40]15,16,0)([41]39,20,7)([42]41,40,2)([43]16,38,4)([44]34,40,3)([45]13,41,0)([46]26,29,5)([47]18,39,5)([48]34,21,0)([49]36,43,3)([50]5,49,1)([51]23,46,3)([52]2,43,6)([53]1,52,2)([54]0,44,5)([55]23,50,2)([56]55,53,3)([57]48,34,3)([58]43,33,3)([59]33,28,5)([60]56,46,3)([61]42,37,2)([62]36,40,4)([63]60,59,7)([64]12,45,4)([65]49,61,3)([66]0,20,6)([67]46,62,6)([68]64,2,5)([69]6,39,7)([70]67,68,5)([71]7,43,1)([72]54,21,4)([73]9,49,2)([74]63,65,5)([75]48,47,2)([76]44,11,2)([77]32,63,0)([78]74,8,4)([79]74,7,4)([80]4,60,3)([81]68,54,0)([82]65,7,3)([83]10,58,3)([84]54,56,4)([85]2,56,1)([86]61,68,5)(79)
optimized area: 133.03
time: 600129 ms
seed: 1634402881
NOT FOUND
time: 533571 ms
seed: 1634451897
{7,1,80,1,2,1,8}([7]5,5,6)([8]5,4,6)([9]6,2,7)([10]5,1,5)([11]1,4,4)([12]2,8,4)([13]10,3,5)([14]4,0,7)([15]6,11,4)([16]5,3,5)([17]13,7,7)([18]13,6,3)([19]17,11,5)([20]14,12,6)([21]7,20,6)([22]21,0,6)([23]4,15,6)([24]16,10,2)([25]6,16,6)([26]12,19,7)([27]13,19,4)([28]24,18,2)([29]5,16,3)([30]6,8,3)([31]25,27,4)([32]12,4,4)([33]23,0,3)([34]11,17,0)([35]15,7,7)([36]3,0,7)([37]23,30,0)([38]26,33,7)([39]31,32,3)([40]18,8,2)([41]28,38,5)([42]31,9,3)([43]24,5,4)([44]20,12,3)([45]42,14,3)([46]36,0,5)([47]46,45,5)([48]25,35,7)([49]13,11,4)([50]16,26,6)([51]20,20,0)([52]25,23,7)([53]33,25,1)([54]42,4,6)([55]40,20,2)([56]47,48,5)([57]6,21,6)([58]38,57,0)([59]28,55,4)([60]14,17,5)([61]56,22,7)([62]13,27,1)([63]41,61,5)([64]53,54,0)([65]9,28,5)([66]40,2,2)([67]6,18,1)([68]49,26,1)([69]68,45,3)([70]61,17,6)([71]29,5,2)([72]26,56,2)([73]67,4,5)([74]1,23,2)([75]8,29,0)([76]10,64,2)([77]72,27,1)([78]12,64,3)([79]63,39,4)([80]34,7,2)([81]17,6,3)([82]19,2,2)([83]79,5,4)([84]60,55,0)([85]43,30,5)([86]56,69,7)(83)
evaluations: 14472148
first invidual area: 129.32
{7,1,80,1,2,1,8}([7]5,6,1)([8]4,4,2)([9]5,8,6)([10]5,1,5)([11]4,1,4)([12]9,2,4)([13]10,3,5)([14]8,0,7)([15]11,6,4)([16]5,3,5)([17]7,13,7)([18]6,17,3)([19]11,17,5)([20]12,14,6)([21]20,7,6)([22]0,21,3)([23]15,4,6)([24]23,19,5)([25]6,16,6)([26]2,24,2)([27]13,25,2)([28]12,19,7)([29]23,0,3)([30]19,25,4)([31]13,30,4)([32]12,8,4)([33]16,18,2)([34]32,10,6)([35]15,25,7)([36]24,9,2)([37]35,5,4)([38]36,28,4)([39]31,34,3)([40]0,3,5)([41]29,28,7)([42]25,29,7)([43]7,3,0)([44]36,42,4)([45]39,14,3)([46]33,28,0)([47]45,40,5)([48]2,16,3)([49]32,45,3)([50]2,12,6)([51]33,41,5)([52]6,46,4)([53]15,29,1)([54]53,9,2)([55]38,1,0)([56]47,37,5)([57]22,56,4)([58]38,24,0)([59]56,52,1)([60]18,40,4)([61]51,57,5)([62]22,11,1)([63]11,37,1)([64]57,10,3)([65]49,62,7)([66]30,32,5)([67]46,58,4)([68]37,27,4)([69]32,31,3)([70]60,63,7)([71]0,3,1)([72]31,39,5)([73]48,7,5)([74]55,33,7)([75]23,13,3)([76]25,22,2)([77]17,4,7)([78]13,6,4)([79]61,69,7)([80]58,45,1)([81]59,35,2)([82]26,36,3)([83]33,35,5)([84]55,58,1)([85]5,79,7)([86]69,62,3)(85)
optimized area: 119.00
time: 630018 ms
seed: 1634512129
NOT FOUND
time: 537569 ms
seed: 1634611324
{7,1,80,1,2,1,8}([7]3,4,2)([8]2,1,7)([9]8,3,3)([10]2,0,6)([11]3,10,4)([12]8,4,5)([13]1,0,5)([14]5,7,7)([15]9,0,1)([16]0,15,7)([17]4,5,5)([18]17,13,3)([19]2,18,5)([20]16,3,7)([21]8,6,7)([22]12,11,0)([23]1,11,4)([24]9,14,5)([25]4,19,7)([26]22,20,7)([27]5,2,4)([28]27,23,6)([29]16,24,5)([30]29,21,2)([31]1,26,5)([32]19,17,6)([33]6,16,7)([34]29,23,5)([35]4,28,3)([36]30,25,6)([37]10,12,5)([38]31,5,7)([39]21,20,2)([40]2,3,7)([41]37,32,6)([42]39,14,6)([43]35,7,7)([44]42,33,6)([45]0,9,5)([46]16,16,6)([47]34,7,4)([48]19,28,3)([49]2,28,5)([50]1,2,6)([51]43,6,2)([52]13,8,7)([53]51,31,7)([54]38,53,6)([55]31,28,6)([56]45,5,2)([57]20,32,6)([58]26,31,5)([59]46,25,5)([60]15,55,5)([61]50,35,4)([62]54,36,6)([63]34,58,5)([64]62,25,1)([65]31,25,6)([66]42,37,6)([67]39,61,2)([68]16,16,4)([69]64,47,7)([70]43,29,0)([71]65,57,3)([72]46,5,1)([73]69,66,7)([74]40,3,4)([75]29,22,3)([76]60,47,7)([77]74,14,5)([78]44,36,0)([79]74,33,0)([80]68,3,5)([81]3,12,4)([82]73,20,2)([83]9,28,1)([84]19,25,7)([85]81,17,2)([86]48,84,1)(73)
evaluations: 11144156
first invidual area: 127.43
{7,1,80,1,2,1,8}([7]4,3,2)([8]2,1,7)([9]3,8,3)([10]2,0,6)([11]0,4,3)([12]4,8,5)([13]1,3,4)([14]5,7,7)([15]14,9,5)([16]0,9,4)([17]0,5,5)([18]4,17,1)([19]13,10,4)([20]16,3,4)([21]6,8,7)([22]17,21,5)([23]17,12,3)([24]2,23,5)([25]24,4,7)([26]12,20,4)([27]25,21,3)([28]20,22,6)([29]15,16,5)([30]21,29,2)([31]26,1,5)([32]31,24,0)([33]21,20,6)([34]28,28,7)([35]4,28,6)([36]28,15,4)([37]10,12,5)([38]32,5,7)([39]35,7,3)([40]34,14,5)([41]14,28,6)([42]19,35,4)([43]5,39,4)([44]30,25,6)([45]3,22,3)([46]41,39,0)([47]2,19,2)([48]18,41,0)([49]34,48,5)([50]48,43,2)([51]47,50,0)([52]6,39,5)([53]52,31,4)([54]38,53,6)([55]41,40,7)([56]47,46,5)([57]30,21,2)([58]46,5,1)([59]48,11,2)([60]29,19,5)([61]36,44,6)([62]54,44,6)([63]10,32,1)([64]40,17,6)([65]7,60,4)([66]41,37,6)([67]62,24,4)([68]12,1,2)([69]46,51,0)([70]66,65,4)([71]49,53,7)([72]43,23,7)([73]35,46,7)([74]42,26,3)([75]62,70,7)([76]16,23,0)([77]3,51,1)([78]13,17,0)([79]0,75,1)([80]13,30,1)([81]17,14,3)([82]33,40,7)([83]57,59,3)([84]39,62,0)([85]37,25,0)([86]22,78,3)(75)
optimized area: 114.78
time: 641634 ms
seed: 1635138313
NOT FOUND
time: 527984 ms
seed: 1635187423
{7,1,80,1,2,1,8}([7]1,6,6)([8]3,5,4)([9]6,0,6)([10]4,7,4)([11]5,10,2)([12]0,5,4)([13]1,10,7)([14]6,9,3)([15]1,2,2)([16]15,13,6)([17]5,15,6)([18]8,14,2)([19]8,10,5)([20]19,17,3)([21]3,15,5)([22]6,3,4)([23]2,11,7)([24]1,20,2)([25]12,18,4)([26]23,11,6)([27]25,4,7)([28]13,8,1)([29]28,11,4)([30]19,17,5)([31]0,16,3)([32]27,21,5)([33]22,24,7)([34]33,26,3)([35]27,34,4)([36]12,19,5)([37]17,0,6)([38]23,31,3)([39]38,23,3)([40]30,2,2)([41]36,22,2)([42]25,11,4)([43]39,32,7)([44]42,31,2)([45]35,43,0)([46]30,4,6)([47]44,22,6)([48]41,40,7)([49]43,45,5)([50]46,29,2)([51]21,48,2)([52]49,50,3)([53]19,44,4)([54]7,16,1)([55]52,51,4)([56]22,54,6)([57]32,43,6)([58]8,5,1)([59]3,49,5)([60]58,46,2)([61]35,17,7)([62]54,48,1)([63]38,3,7)([64]46,53,0)([65]27,64,0)([66]59,41,4)([67]59,52,1)([68]13,35,7)([69]39,29,0)([70]9,57,0)([71]30,10,3)([72]38,5,6)([73]5,39,3)([74]41,71,0)([75]11,60,5)([76]12,54,3)([77]43,4,6)([78]18,54,4)([79]57,47,5)([80]15,71,4)([81]72,55,4)([82]26,81,3)([83]59,68,3)([84]39,10,2)([85]4,66,3)([86]79,55,2)(86)
evaluations: 28855039
first invidual area: 143.34
{7,1,80,1,2,1,8}([7]1,6,3)([8]3,5,4)([9]0,8,1)([10]7,4,7)([11]10,5,2)([12]9,5,7)([13]10,1,7)([14]6,9,3)([15]1,2,2)([16]15,13,6)([17]5,15,6)([18]8,14,5)([19]10,8,5)([20]19,17,3)([21]3,15,5)([22]6,3,4)([23]2,11,7)([24]1,20,5)([25]12,18,4)([26]11,23,6)([27]25,4,4)([28]7,19,0)([29]16,0,3)([30]19,17,5)([31]25,16,2)([32]21,27,5)([33]24,22,4)([34]33,26,6)([35]34,27,7)([36]12,19,5)([37]6,33,0)([38]23,29,3)([39]9,11,6)([40]39,8,4)([41]36,22,5)([42]19,5,5)([43]38,32,7)([44]2,30,5)([45]43,44,6)([46]4,30,6)([47]30,9,1)([48]41,44,7)([49]35,43,5)([50]46,16,2)([51]21,48,5)([52]49,50,6)([53]33,48,4)([54]14,16,3)([55]52,51,4)([56]18,25,6)([57]18,1,0)([58]49,18,0)([59]37,53,2)([60]42,32,6)([61]24,3,4)([62]6,11,4)([63]20,60,6)([64]4,13,7)([65]31,51,3)([66]24,36,7)([67]50,5,2)([68]10,56,2)([69]45,31,0)([70]33,48,1)([71]51,44,4)([72]10,63,4)([73]36,61,4)([74]67,48,6)([75]0,26,0)([76]20,35,0)([77]43,12,3)([78]6,66,0)([79]69,60,5)([80]36,9,7)([81]35,68,7)([82]48,30,1)([83]49,76,5)([84]29,40,4)([85]12,43,1)([86]79,55,2)(86)
optimized area: 126.46
time: 624232 ms
seed: 1635332417
NOT FOUND
time: 985106 ms
seed: 1635618541
NOT FOUND
time: 1059449 ms
seed: 1635666219
NOT FOUND
time: 1068530 ms
seed: 1635713994
NOT FOUND
time: 1058923 ms
seed: 1635761271
NOT FOUND
time: 1066557 ms
seed: 1635808220
NOT FOUND
time: 1059569 ms
seed: 1635851390
NOT FOUND
time: 1085106 ms
seed: 1635893523
{7,1,80,1,2,1,8}([7]6,3,5)([8]5,2,4)([9]4,7,4)([10]9,1,7)([11]5,4,7)([12]8,5,0)([13]1,11,4)([14]10,0,2)([15]5,9,2)([16]10,5,2)([17]3,16,7)([18]1,6,5)([19]4,18,6)([20]8,1,4)([21]8,10,6)([22]9,6,2)([23]19,0,3)([24]5,14,6)([25]3,15,2)([26]3,23,5)([27]11,2,7)([28]19,22,0)([29]17,28,0)([30]15,6,6)([31]17,3,3)([32]29,20,5)([33]15,18,4)([34]29,30,2)([35]5,34,2)([36]17,19,0)([37]4,2,3)([38]26,13,3)([39]31,12,1)([40]24,26,0)([41]0,12,7)([42]2,16,7)([43]22,3,4)([44]21,27,2)([45]7,18,6)([46]18,42,7)([47]24,25,3)([48]14,19,0)([49]30,17,6)([50]49,27,2)([51]29,37,3)([52]46,35,3)([53]32,37,2)([54]53,43,6)([55]52,26,4)([56]16,8,0)([57]11,10,2)([58]17,43,1)([59]43,40,7)([60]5,40,7)([61]30,47,6)([62]54,50,3)([63]19,3,1)([64]60,37,2)([65]57,33,1)([66]62,38,7)([67]57,5,4)([68]30,50,4)([69]60,66,6)([70]57,6,4)([71]58,61,4)([72]41,55,3)([73]2,14,5)([74]73,60,7)([75]48,55,5)([76]57,56,1)([77]20,28,6)([78]60,75,7)([79]66,18,1)([80]15,61,2)([81]72,45,3)([82]41,81,4)([83]81,69,2)([84]75,40,7)([85]44,33,1)([86]14,63,4)(83)
evaluations: 42371098
first invidual area: 131.65
{7,1,80,1,2,1,8}([7]6,3,5)([8]5,2,4)([9]7,4,4)([10]1,9,7)([11]4,5,7)([12]6,4,6)([13]11,1,4)([14]10,0,5)([15]9,5,2)([16]10,5,2)([17]16,3,7)([18]1,6,5)([19]18,5,6)([20]8,1,4)([21]17,20,2)([22]2,9,0)([23]19,0,3)([24]23,10,6)([25]15,12,3)([26]3,23,5)([27]11,22,7)([28]3,21,2)([29]21,8,1)([30]6,9,5)([31]28,19,6)([32]31,16,6)([33]19,21,4)([34]15,6,6)([35]33,13,0)([36]8,0,7)([37]4,22,3)([38]6,22,5)([39]13,26,3)([40]17,34,6)([41]22,5,2)([42]2,16,7)([43]3,30,7)([44]30,20,1)([45]7,42,6)([46]18,42,7)([47]27,20,3)([48]10,14,5)([49]9,48,6)([50]40,27,2)([51]1,31,6)([52]46,28,3)([53]29,37,2)([54]53,43,6)([55]52,26,5)([56]4,10,7)([57]51,26,2)([58]0,18,7)([59]14,49,1)([60]5,14,6)([61]45,40,4)([62]54,50,6)([63]62,39,4)([64]38,4,4)([65]61,32,2)([66]55,2,3)([67]30,15,0)([68]33,43,4)([69]60,63,6)([70]19,20,2)([71]69,48,4)([72]61,7,6)([73]67,0,6)([74]55,36,3)([75]58,62,2)([76]5,26,5)([77]38,76,4)([78]23,64,6)([79]6,61,3)([80]3,30,3)([81]74,45,3)([82]13,67,1)([83]81,69,2)([84]71,12,0)([85]52,80,6)([86]54,47,7)(83)
optimized area: 122.73
time: 1098214 ms
seed: 1635929648
NOT FOUND
time: 1083340 ms
seed: 1635965842
NOT FOUND
time: 1083139 ms
seed: 1636001731
{7,1,80,1,2,1,8}([7]4,4,4)([8]6,1,4)([9]1,8,2)([10]2,3,3)([11]8,10,4)([12]7,5,7)([13]5,4,5)([14]9,3,6)([15]11,8,0)([16]0,13,2)([17]8,3,2)([18]17,2,7)([19]4,0,7)([20]4,8,4)([21]20,16,5)([22]5,2,0)([23]21,22,7)([24]19,19,6)([25]1,16,0)([26]16,3,3)([27]8,23,4)([28]26,24,4)([29]14,16,3)([30]18,27,6)([31]14,28,4)([32]1,20,2)([33]10,21,7)([34]4,5,4)([35]32,17,4)([36]23,35,6)([37]23,27,0)([38]13,33,6)([39]2,1,2)([40]0,30,6)([41]40,29,3)([42]41,37,2)([43]13,38,1)([44]1,42,3)([45]2,29,1)([46]40,31,4)([47]1,31,3)([48]19,34,3)([49]42,9,7)([50]33,42,5)([51]19,25,7)([52]49,0,7)([53]49,13,3)([54]32,50,3)([55]7,37,2)([56]18,11,6)([57]11,51,1)([58]20,48,6)([59]47,18,4)([60]5,40,6)([61]34,21,2)([62]33,36,6)([63]14,60,2)([64]11,35,2)([65]59,35,2)([66]18,33,5)([67]41,26,5)([68]45,20,6)([69]5,10,6)([70]62,63,4)([71]11,66,3)([72]34,35,1)([73]1,56,2)([74]36,38,5)([75]57,39,5)([76]3,54,3)([77]30,75,1)([78]52,52,6)([79]62,42,0)([80]44,57,7)([81]80,59,6)([82]66,40,7)([83]81,70,6)([84]53,83,7)([85]16,73,3)([86]47,24,2)(84)
evaluations: 38955557
first invidual area: 131.66
{7,1,80,1,2,1,8}([7]1,1,3)([8]6,7,4)([9]8,7,2)([10]3,2,3)([11]9,1,1)([12]10,8,4)([13]5,4,5)([14]3,9,6)([15]13,0,2)([16]0,4,4)([17]3,8,5)([18]17,2,4)([19]14,4,4)([20]4,8,4)([21]20,15,5)([22]17,15,0)([23]21,5,7)([24]13,22,6)([25]22,7,4)([26]20,7,5)([27]12,10,2)([28]5,5,6)([29]20,19,2)([30]19,23,1)([31]21,16,4)([32]29,18,6)([33]21,10,7)([34]33,22,0)([35]26,22,4)([36]7,1,3)([37]31,8,7)([38]21,30,4)([39]22,29,6)([40]32,0,6)([41]40,30,3)([42]41,23,2)([43]31,12,5)([44]42,7,6)([45]6,11,2)([46]23,35,6)([47]45,4,6)([48]1,31,6)([49]41,9,7)([50]17,12,0)([51]45,17,0)([52]51,36,1)([53]49,13,6)([54]19,25,6)([55]40,1,2)([56]21,9,6)([57]20,17,1)([58]16,55,2)([59]48,18,7)([60]5,40,6)([61]25,48,0)([62]34,46,6)([63]14,60,5)([64]36,28,1)([65]62,7,0)([66]54,4,3)([67]54,38,0)([68]15,15,4)([69]47,31,4)([70]65,63,7)([71]51,19,4)([72]38,61,6)([73]28,59,3)([74]38,40,2)([75]68,70,1)([76]40,65,1)([77]21,46,4)([78]16,34,1)([79]78,20,2)([80]44,12,7)([81]80,59,6)([82]48,2,5)([83]81,70,6)([84]53,83,4)([85]48,54,1)([86]48,50,6)(84)
optimized area: 120.88
time: 1116036 ms
seed: 1636036265
NOT FOUND
time: 1077955 ms
seed: 1636070179
{7,1,80,1,2,1,8}([7]4,4,1)([8]1,6,4)([9]5,3,7)([10]9,8,5)([11]7,2,2)([12]9,7,7)([13]1,12,7)([14]2,1,3)([15]0,10,3)([16]12,2,4)([17]13,0,2)([18]1,11,3)([19]16,6,2)([20]9,0,4)([21]8,4,7)([22]14,21,4)([23]21,10,2)([24]2,14,4)([25]23,24,6)([26]24,11,4)([27]19,22,6)([28]20,13,5)([29]27,16,5)([30]28,14,0)([31]22,3,4)([32]9,0,1)([33]5,27,6)([34]7,6,4)([35]25,3,3)([36]15,14,2)([37]14,5,2)([38]9,37,7)([39]22,28,4)([40]31,18,5)([41]3,19,4)([42]33,39,5)([43]1,4,4)([44]20,37,4)([45]36,13,5)([46]3,29,5)([47]30,14,4)([48]40,34,6)([49]41,42,2)([50]15,41,3)([51]24,26,7)([52]45,35,5)([53]9,49,2)([54]48,44,6)([55]51,44,2)([56]25,4,1)([57]52,54,3)([58]29,55,3)([59]38,40,7)([60]22,57,7)([61]47,30,4)([62]43,8,7)([63]5,2,4)([64]57,49,4)([65]9,18,4)([66]24,16,4)([67]35,62,3)([68]67,6,3)([69]45,22,4)([70]64,58,5)([71]62,6,7)([72]17,7,2)([73]25,14,6)([74]40,47,7)([75]55,58,0)([76]14,37,0)([77]14,57,6)([78]7,50,3)([79]30,71,2)([80]18,46,7)([81]2,59,4)([82]43,38,6)([83]72,29,2)([84]38,77,4)([85]18,68,1)([86]64,52,5)(70)
evaluations: 36194416
first invidual area: 138.21
{7,1,80,1,2,1,8}([7]4,2,1)([8]1,6,4)([9]3,5,7)([10]8,5,0)([11]8,9,5)([12]9,4,4)([13]1,12,7)([14]10,10,5)([15]3,11,3)([16]2,12,4)([17]6,4,7)([18]2,1,3)([19]16,6,5)([20]9,0,4)([21]4,8,7)([22]18,21,4)([23]21,11,2)([24]18,2,4)([25]23,24,6)([26]18,25,6)([27]22,9,6)([28]16,4,7)([29]22,21,4)([30]2,15,5)([31]18,30,5)([32]13,20,5)([33]27,5,6)([34]0,16,3)([35]3,25,3)([36]18,15,2)([37]18,5,5)([38]11,30,1)([39]22,32,4)([40]38,24,2)([41]3,19,7)([42]33,39,5)([43]27,16,5)([44]20,37,7)([45]36,13,5)([46]20,5,4)([47]31,17,6)([48]15,26,7)([49]41,42,5)([50]27,37,3)([51]33,6,0)([52]45,35,5)([53]15,0,3)([54]47,44,6)([55]30,44,2)([56]14,43,3)([57]52,54,6)([58]43,55,3)([59]47,18,1)([60]31,56,1)([61]21,14,0)([62]48,4,1)([63]2,46,7)([64]17,50,2)([65]64,43,5)([66]40,19,2)([67]31,43,0)([68]6,44,6)([69]57,49,4)([70]69,58,5)([71]69,54,2)([72]23,47,4)([73]11,72,6)([74]61,73,1)([75]38,0,5)([76]62,58,3)([77]3,63,3)([78]7,77,6)([79]24,67,0)([80]2,78,2)([81]1,1,1)([82]36,47,1)([83]44,50,3)([84]7,43,4)([85]78,27,7)([86]50,47,7)(70)
optimized area: 118.52
time: 1131245 ms
seed: 1636103341
NOT FOUND
time: 1055643 ms
seed: 1636136002
{7,1,80,1,2,1,8}([7]4,0,4)([8]6,4,2)([9]3,0,7)([10]5,2,6)([11]3,7,3)([12]6,7,5)([13]5,12,3)([14]3,6,5)([15]1,10,4)([16]6,14,1)([17]9,5,4)([18]1,9,6)([19]15,1,7)([20]8,18,3)([21]10,2,4)([22]21,12,4)([23]13,22,1)([24]0,22,4)([25]6,13,5)([26]20,10,3)([27]1,2,2)([28]0,26,5)([29]17,7,2)([30]24,17,4)([31]27,30,7)([32]29,15,6)([33]15,28,7)([34]22,22,5)([35]19,18,5)([36]12,32,6)([37]24,6,6)([38]5,8,1)([39]4,11,5)([40]21,32,6)([41]37,31,7)([42]6,39,3)([43]24,18,5)([44]11,33,2)([45]9,36,6)([46]3,7,2)([47]38,36,4)([48]36,44,4)([49]29,18,0)([50]42,21,1)([51]23,40,3)([52]11,34,5)([53]30,20,2)([54]27,36,2)([55]24,42,2)([56]35,50,7)([57]16,41,5)([58]27,27,7)([59]55,23,6)([60]49,47,6)([61]14,5,5)([62]48,61,7)([63]62,41,6)([64]59,10,0)([65]13,32,0)([66]23,6,6)([67]16,25,4)([68]59,1,5)([69]35,17,0)([70]30,22,5)([71]38,17,2)([72]19,55,0)([73]51,56,2)([74]73,63,3)([75]10,26,0)([76]51,48,4)([77]20,5,4)([78]64,43,2)([79]51,31,7)([80]14,22,3)([81]78,74,4)([82]79,55,2)([83]18,30,4)([84]32,32,1)([85]46,47,4)([86]7,9,0)(81)
evaluations: 16757380
first invidual area: 142.41
{7,1,80,1,2,1,8}([7]0,4,4)([8]6,4,2)([9]0,3,7)([10]2,5,6)([11]3,7,3)([12]6,7,5)([13]5,12,6)([14]1,9,6)([15]1,10,4)([16]2,1,5)([17]5,9,7)([18]11,16,3)([19]6,3,5)([20]16,17,4)([21]2,10,3)([22]21,0,7)([23]14,10,3)([24]12,22,7)([25]6,20,4)([26]23,8,3)([27]11,5,0)([28]0,26,5)([29]20,7,2)([30]6,16,0)([31]10,8,1)([32]15,29,6)([33]15,28,7)([34]31,23,5)([35]23,12,3)([36]2,8,4)([37]14,22,7)([38]30,24,5)([39]11,4,5)([40]21,32,6)([41]25,38,4)([42]6,39,3)([43]40,13,3)([44]11,33,5)([45]30,6,5)([46]38,35,3)([47]32,12,3)([48]47,44,7)([49]5,19,5)([50]42,24,2)([51]14,13,7)([52]10,20,7)([53]49,48,4)([54]24,13,2)([55]20,24,7)([56]13,50,3)([57]34,42,5)([58]43,57,2)([59]43,30,0)([60]34,2,3)([61]24,47,0)([62]16,11,5)([63]53,41,6)([64]62,4,1)([65]58,32,0)([66]32,18,4)([67]56,19,0)([68]8,14,5)([69]22,52,3)([70]16,6,1)([71]8,64,0)([72]67,63,5)([73]55,5,2)([74]58,63,3)([75]38,63,5)([76]22,31,5)([77]67,74,7)([78]74,23,5)([79]59,20,7)([80]11,31,6)([81]7,79,1)([82]80,28,4)([83]36,58,4)([84]30,66,7)([85]31,40,3)([86]5,65,4)(77)
optimized area: 125.53
time: 1233841 ms
seed: 1636168452
NOT FOUND
time: 1070494 ms
seed: 1636199068
NOT FOUND
time: 1069921 ms
seed: 1636229115
NOT FOUND
time: 1091439 ms
