seed: 1633877444
NOT FOUND
time: 528595 ms
seed: 1634015129
{7,1,80,1,2,1,8}([7]2,0,7)([8]6,4,5)([9]2,8,7)([10]9,7,6)([11]10,6,4)([12]10,3,7)([13]5,2,0)([14]4,1,5)([15]1,5,2)([16]4,0,7)([17]16,2,2)([18]17,4,1)([19]12,9,7)([20]19,15,6)([21]17,5,6)([22]1,20,7)([23]6,17,7)([24]19,5,2)([25]16,3,2)([26]10,24,7)([27]5,17,4)([28]12,26,2)([29]25,26,0)([30]14,26,4)([31]28,7,3)([32]30,4,1)([33]32,4,2)([34]3,32,0)([35]8,31,5)([36]16,32,4)([37]36,11,2)([38]6,21,4)([39]12,14,5)([40]12,29,4)([41]40,24,7)([42]29,21,4)([43]22,36,2)([44]40,1,7)([45]23,38,2)([46]43,29,7)([47]38,44,7)([48]26,32,2)([49]43,33,5)([50]28,29,6)([51]37,35,7)([52]51,26,4)([53]27,51,2)([54]25,47,3)([55]33,22,7)([56]48,53,7)([57]56,54,5)([58]38,2,7)([59]20,26,3)([60]46,37,4)([61]39,15,0)([62]49,29,3)([63]46,52,6)([64]39,59,4)([65]8,21,7)([66]44,48,6)([67]55,57,2)([68]50,37,6)([69]12,35,1)([70]20,59,3)([71]67,63,3)([72]49,52,6)([73]19,28,6)([74]29,64,1)([75]42,68,7)([76]69,47,2)([77]36,41,4)([78]66,11,3)([79]77,15,1)([80]18,52,0)([81]7,77,6)([82]5,1,5)([83]10,12,3)([84]0,30,3)([85]57,13,6)([86]37,5,2)(71)
evaluations: 47802003
first invidual area: 144.80
{7,1,80,1,2,1,8}([7]2,0,7)([8]6,4,5)([9]2,8,7)([10]9,7,6)([11]10,6,4)([12]10,3,7)([13]4,0,0)([14]13,1,5)([15]1,5,2)([16]13,0,7)([17]16,2,2)([18]8,0,3)([19]9,12,7)([20]19,15,6)([21]17,5,6)([22]1,20,7)([23]21,10,1)([24]19,5,2)([25]16,3,2)([26]10,24,7)([27]5,17,4)([28]12,26,2)([29]16,21,0)([30]14,26,4)([31]28,7,3)([32]30,17,1)([33]32,13,2)([34]19,10,0)([35]8,31,5)([36]16,32,4)([37]36,11,2)([38]6,21,4)([39]22,13,0)([40]23,33,1)([41]27,20,2)([42]17,7,0)([43]22,36,2)([44]12,1,7)([45]42,41,5)([46]43,25,7)([47]38,44,7)([48]36,15,5)([49]4,47,2)([50]25,13,0)([51]37,35,7)([52]51,26,4)([53]27,51,2)([54]50,47,3)([55]33,22,7)([56]32,53,7)([57]56,54,5)([58]50,49,0)([59]27,30,5)([60]33,49,4)([61]18,29,6)([62]56,32,4)([63]46,52,6)([64]6,6,3)([65]51,38,2)([66]16,15,0)([67]55,57,2)([68]9,9,7)([69]22,32,0)([70]8,19,1)([71]67,63,3)([72]50,15,7)([73]35,10,7)([74]39,3,7)([75]48,58,5)([76]20,74,0)([77]52,68,7)([78]34,40,6)([79]47,40,3)([80]70,22,5)([81]42,21,5)([82]79,3,1)([83]34,23,2)([84]69,40,1)([85]74,83,7)([86]18,21,7)(71)
optimized area: 137.77
time: 532275 ms
seed: 1634063957
NOT FOUND
time: 530995 ms
seed: 1634178177
NOT FOUND
time: 528242 ms
seed: 1634225418
{7,1,80,1,2,1,8}([7]2,6,1)([8]1,2,7)([9]6,3,4)([10]5,1,4)([11]5,2,6)([12]11,6,4)([13]12,10,5)([14]0,5,5)([15]14,10,7)([16]15,8,3)([17]14,0,4)([18]16,13,5)([19]0,18,6)([20]18,4,5)([21]4,1,7)([22]18,5,3)([23]19,10,4)([24]12,2,3)([25]21,19,7)([26]23,16,0)([27]20,6,4)([28]25,16,5)([29]22,17,7)([30]10,28,6)([31]4,14,7)([32]8,17,5)([33]30,29,4)([34]9,19,5)([35]4,9,3)([36]0,35,4)([37]33,21,7)([38]1,26,0)([39]28,24,7)([40]39,37,2)([41]36,11,5)([42]22,25,2)([43]28,32,0)([44]19,40,7)([45]5,1,4)([46]28,32,3)([47]7,44,7)([48]19,2,5)([49]41,32,2)([50]26,49,3)([51]48,40,5)([52]28,33,3)([53]25,42,7)([54]8,51,3)([55]44,36,5)([56]27,51,2)([57]13,56,4)([58]38,56,3)([59]13,31,7)([60]49,55,3)([61]2,22,2)([62]2,5,5)([63]56,48,0)([64]43,41,7)([65]59,60,7)([66]38,10,7)([67]8,65,0)([68]29,49,1)([69]54,65,2)([70]19,68,3)([71]43,53,1)([72]3,42,5)([73]42,7,1)([74]70,57,7)([75]36,21,0)([76]3,56,3)([77]12,64,5)([78]16,52,2)([79]39,40,7)([80]76,69,4)([81]14,65,1)([82]26,19,7)([83]81,50,6)([84]42,12,1)([85]54,54,4)([86]75,80,3)(80)
evaluations: 40195595
first invidual area: 140.57
{7,1,80,1,2,1,8}([7]5,6,0)([8]1,2,7)([9]6,3,4)([10]1,7,4)([11]2,7,6)([12]6,11,4)([13]12,10,5)([14]5,0,5)([15]14,10,7)([16]15,8,3)([17]14,0,5)([18]16,13,5)([19]0,18,6)([20]5,10,3)([21]1,4,7)([22]18,7,3)([23]18,4,5)([24]2,12,3)([25]23,17,0)([26]25,9,4)([27]21,19,7)([28]27,16,5)([29]22,17,7)([30]10,28,3)([31]14,4,4)([32]8,17,5)([33]30,29,4)([34]7,23,7)([35]4,9,6)([36]21,21,5)([37]33,21,4)([38]4,36,1)([39]28,24,7)([40]39,37,2)([41]37,13,2)([42]11,8,1)([43]3,10,5)([44]19,40,7)([45]33,16,2)([46]43,32,5)([47]6,5,6)([48]35,0,7)([49]42,32,5)([50]33,35,5)([51]50,40,5)([52]18,31,4)([53]45,31,1)([54]8,51,3)([55]44,48,2)([56]26,51,2)([57]25,24,1)([58]23,16,6)([59]13,31,4)([60]49,55,5)([61]21,42,2)([62]54,35,7)([63]29,22,7)([64]46,54,6)([65]59,60,7)([66]33,55,1)([67]40,55,1)([68]60,39,0)([69]54,65,5)([70]62,52,6)([71]41,62,7)([72]37,52,6)([73]13,2,0)([74]61,66,3)([75]7,38,1)([76]3,56,6)([77]24,32,1)([78]75,58,2)([79]29,30,1)([80]76,29,2)([81]30,42,5)([82]3,81,5)([83]76,69,4)([84]49,5,6)([85]9,4,6)([86]60,20,1)(83)
optimized area: 136.34
time: 596264 ms
seed: 1634322512
NOT FOUND
time: 526627 ms
seed: 1634363005
NOT FOUND
time: 528877 ms
seed: 1634412069
{7,1,80,1,2,1,8}([7]2,5,7)([8]1,4,6)([9]2,3,2)([10]4,7,2)([11]10,7,2)([12]0,7,7)([13]10,0,3)([14]6,12,4)([15]12,2,7)([16]4,2,4)([17]10,9,2)([18]10,15,7)([19]3,8,3)([20]13,16,3)([21]15,2,6)([22]13,21,1)([23]20,21,3)([24]13,6,3)([25]9,21,3)([26]19,5,1)([27]6,22,5)([28]1,2,4)([29]23,1,4)([30]18,29,7)([31]21,28,1)([32]28,20,2)([33]25,30,5)([34]2,26,4)([35]8,1,4)([36]24,28,5)([37]0,8,7)([38]27,37,5)([39]15,30,6)([40]4,23,7)([41]30,35,3)([42]15,19,3)([43]4,21,4)([44]41,3,5)([45]44,37,5)([46]44,13,0)([47]42,33,5)([48]12,29,3)([49]28,20,0)([50]26,47,1)([51]44,38,7)([52]40,38,4)([53]51,20,4)([54]28,24,6)([55]34,52,3)([56]43,51,4)([57]56,53,3)([58]42,32,7)([59]32,12,3)([60]47,45,5)([61]39,52,0)([62]54,51,3)([63]29,55,3)([64]63,10,3)([65]18,47,4)([66]60,6,7)([67]14,66,6)([68]14,9,0)([69]37,25,3)([70]33,27,6)([71]67,62,4)([72]61,17,4)([73]71,64,5)([74]54,50,7)([75]22,47,4)([76]1,71,4)([77]47,19,4)([78]22,4,6)([79]14,23,2)([80]30,7,5)([81]78,73,4)([82]20,53,5)([83]64,68,5)([84]31,27,5)([85]51,42,4)([86]4,21,3)(81)
evaluations: 24775843
first invidual area: 146.64
{7,1,80,1,2,1,8}([7]2,5,7)([8]4,1,6)([9]2,3,2)([10]4,7,2)([11]4,7,6)([12]6,2,7)([13]10,0,3)([14]11,0,0)([15]0,5,7)([16]8,1,3)([17]1,2,4)([18]10,15,7)([19]8,3,3)([20]5,13,3)([21]2,15,6)([22]13,11,1)([23]20,11,6)([24]10,0,4)([25]9,21,3)([26]23,1,7)([27]6,13,3)([28]12,0,0)([29]20,11,6)([30]26,18,7)([31]4,23,4)([32]0,17,5)([33]30,25,5)([34]2,19,7)([35]22,6,5)([36]10,13,6)([37]8,0,7)([38]35,37,5)([39]17,27,3)([40]15,12,4)([41]30,16,3)([42]28,19,3)([43]27,31,4)([44]41,3,5)([45]37,44,5)([46]18,36,4)([47]7,28,3)([48]43,26,0)([49]18,7,6)([50]24,3,3)([51]44,38,4)([52]37,48,6)([53]14,17,0)([54]42,33,5)([55]34,43,3)([56]31,12,2)([57]16,48,5)([58]45,54,5)([59]20,30,6)([60]5,13,6)([61]16,30,2)([62]39,51,5)([63]26,10,3)([64]63,55,3)([65]21,29,0)([66]58,6,7)([67]40,66,6)([68]22,0,0)([69]11,36,1)([70]33,42,5)([71]67,62,4)([72]25,7,5)([73]71,64,5)([74]60,26,4)([75]3,16,1)([76]25,14,4)([77]5,33,7)([78]68,31,3)([79]27,3,5)([80]66,2,7)([81]78,73,7)([82]32,38,5)([83]50,6,2)([84]73,22,4)([85]1,28,2)([86]23,10,0)(81)
optimized area: 140.07
time: 631172 ms
seed: 1634521236
NOT FOUND
time: 534936 ms
seed: 1634620367
NOT FOUND
time: 526351 ms
seed: 1635147365
NOT FOUND
time: 545072 ms
seed: 1635196524
NOT FOUND
time: 536050 ms
seed: 1635359958
NOT FOUND
time: 984752 ms
seed: 1635627432
NOT FOUND
time: 1075508 ms
seed: 1635675118
NOT FOUND
time: 1086406 ms
seed: 1635722957
{7,1,80,1,2,1,8}([7]4,5,7)([8]1,0,5)([9]1,4,7)([10]1,6,7)([11]9,0,7)([12]3,8,0)([13]2,9,3)([14]8,7,3)([15]2,0,1)([16]5,13,4)([17]7,2,4)([18]7,14,4)([19]9,18,3)([20]18,1,3)([21]16,6,3)([22]21,17,5)([23]19,10,4)([24]4,11,5)([25]7,8,1)([26]16,8,6)([27]15,11,2)([28]7,23,0)([29]2,6,4)([30]26,6,6)([31]29,12,4)([32]17,6,4)([33]31,9,4)([34]6,19,2)([35]21,16,4)([36]27,20,7)([37]12,32,4)([38]32,5,3)([39]20,37,5)([40]32,15,3)([41]30,24,7)([42]23,33,2)([43]3,21,1)([44]11,22,4)([45]42,44,6)([46]1,40,5)([47]41,34,7)([48]18,7,1)([49]5,39,3)([50]16,41,5)([51]3,6,1)([52]8,51,4)([53]30,36,6)([54]52,46,2)([55]1,32,1)([56]55,20,5)([57]16,23,1)([58]54,45,3)([59]39,39,7)([60]56,47,2)([61]53,47,4)([62]61,28,1)([63]43,50,7)([64]45,14,2)([65]62,58,5)([66]15,29,6)([67]31,41,5)([68]12,27,0)([69]60,59,4)([70]55,27,0)([71]9,50,3)([72]8,28,7)([73]20,42,3)([74]6,50,4)([75]72,68,4)([76]39,39,5)([77]72,3,5)([78]10,60,6)([79]19,18,3)([80]17,49,3)([81]41,10,6)([82]76,65,7)([83]30,78,2)([84]25,74,2)([85]59,1,1)([86]84,5,4)(82)
evaluations: 32306863
first invidual area: 146.19
{7,1,80,1,2,1,8}([7]4,5,7)([8]1,0,5)([9]4,1,7)([10]1,6,4)([11]9,0,7)([12]8,1,1)([13]9,2,5)([14]13,10,4)([15]2,7,1)([16]5,0,3)([17]2,7,4)([18]12,7,6)([19]9,18,3)([20]1,18,3)([21]6,14,3)([22]19,10,4)([23]5,0,3)([24]4,11,5)([25]12,17,2)([26]6,25,6)([27]12,22,4)([28]19,2,7)([29]15,11,5)([30]5,21,2)([31]28,3,4)([32]17,6,4)([33]31,4,7)([34]6,19,5)([35]17,21,5)([36]20,29,7)([37]3,32,4)([38]26,3,3)([39]20,37,5)([40]15,32,3)([41]33,22,6)([42]34,7,0)([43]34,29,3)([44]35,11,4)([45]41,44,6)([46]9,10,0)([47]24,34,4)([48]8,3,7)([49]34,45,1)([50]20,47,0)([51]19,36,0)([52]32,46,6)([53]1,40,5)([54]48,53,2)([55]54,25,7)([56]0,36,0)([57]24,18,4)([58]54,45,3)([59]14,16,5)([60]36,26,6)([61]60,47,7)([62]7,53,4)([63]21,48,2)([64]46,44,2)([65]61,58,5)([66]3,42,4)([67]40,4,1)([68]31,35,7)([69]44,28,4)([70]48,25,1)([71]2,9,6)([72]39,65,4)([73]50,44,1)([74]15,24,6)([75]24,6,5)([76]64,37,1)([77]23,49,6)([78]43,17,6)([79]69,56,0)([80]47,63,1)([81]35,45,3)([82]58,5,2)([83]13,8,5)([84]53,60,2)([85]26,46,6)([86]37,45,4)(72)
optimized area: 132.13
time: 1137673 ms
seed: 1635770185
NOT FOUND
time: 1057324 ms
seed: 1635817056
NOT FOUND
time: 1067792 ms
seed: 1635860284
NOT FOUND
time: 1065628 ms
seed: 1635902226
NOT FOUND
time: 1086201 ms
seed: 1635938493
NOT FOUND
time: 1063141 ms
seed: 1635974705
NOT FOUND
time: 1063229 ms
seed: 1636010584
NOT FOUND
time: 1068725 ms
seed: 1636045260
NOT FOUND
time: 1074511 ms
seed: 1636079147
NOT FOUND
time: 1062396 ms
seed: 1636112221
NOT FOUND
time: 1087482 ms
seed: 1636144918
{7,1,80,1,2,1,8}([7]1,5,6)([8]2,3,7)([9]1,2,7)([10]3,7,4)([11]1,10,7)([12]11,4,7)([13]5,4,7)([14]11,4,6)([15]10,12,2)([16]6,4,4)([17]3,3,7)([18]16,0,4)([19]2,17,4)([20]5,10,7)([21]18,7,0)([22]13,0,2)([23]16,2,7)([24]12,9,4)([25]15,23,3)([26]15,19,5)([27]20,18,7)([28]25,27,5)([29]11,8,1)([30]6,28,3)([31]15,22,6)([32]21,15,2)([33]19,31,5)([34]6,0,6)([35]8,6,2)([36]33,21,1)([37]19,2,6)([38]34,28,6)([39]33,23,7)([40]23,16,6)([41]14,18,6)([42]36,38,6)([43]11,39,3)([44]41,11,6)([45]35,30,0)([46]27,45,2)([47]46,34,4)([48]32,24,6)([49]18,9,1)([50]0,43,2)([51]41,31,0)([52]6,26,4)([53]51,41,4)([54]9,36,3)([55]11,33,4)([56]40,37,3)([57]17,44,5)([58]44,54,2)([59]40,15,7)([60]35,15,5)([61]49,15,2)([62]6,60,5)([63]12,60,6)([64]2,50,0)([65]7,62,3)([66]32,38,5)([67]48,65,5)([68]23,35,5)([69]4,35,0)([70]55,50,7)([71]39,5,6)([72]37,26,2)([73]58,42,6)([74]53,23,2)([75]18,73,4)([76]62,5,4)([77]75,71,7)([78]67,50,3)([79]31,56,0)([80]10,47,7)([81]27,78,6)([82]6,44,6)([83]81,77,4)([84]27,51,4)([85]71,76,1)([86]2,30,7)(83)
evaluations: 7788044
first invidual area: 148.99
{7,1,80,1,2,1,8}([7]5,1,6)([8]0,6,6)([9]2,1,7)([10]3,7,4)([11]10,1,7)([12]4,11,7)([13]2,7,1)([14]4,5,7)([15]10,12,2)([16]6,4,4)([17]15,1,0)([18]0,16,4)([19]18,10,4)([20]11,13,0)([21]13,14,5)([22]14,2,1)([23]13,16,4)([24]23,17,3)([25]14,7,7)([26]4,0,2)([27]0,14,2)([28]2,14,4)([29]28,1,1)([30]11,7,2)([31]27,17,6)([32]9,30,6)([33]13,31,5)([34]12,9,4)([35]17,16,2)([36]31,9,3)([37]19,5,4)([38]10,13,6)([39]33,23,7)([40]12,18,6)([41]37,24,5)([42]26,15,2)([43]39,20,3)([44]33,32,0)([45]44,35,2)([46]8,41,6)([47]32,12,0)([48]34,35,6)([49]44,2,1)([50]10,48,0)([51]20,4,6)([52]27,29,6)([53]35,17,1)([54]0,43,2)([55]47,37,5)([56]37,4,0)([57]20,40,6)([58]57,36,2)([59]49,46,6)([60]46,18,6)([61]47,27,2)([62]6,31,5)([63]29,48,7)([64]34,2,4)([65]7,62,3)([66]43,24,7)([67]65,48,5)([68]26,62,6)([69]63,33,7)([70]58,59,3)([71]39,5,6)([72]0,49,2)([73]6,31,7)([74]54,37,3)([75]18,70,4)([76]36,44,6)([77]75,71,4)([78]39,1,2)([79]64,74,4)([80]66,21,4)([81]67,74,6)([82]40,74,4)([83]81,77,4)([84]77,46,6)([85]52,47,4)([86]6,61,4)(83)
optimized area: 129.77
time: 1358285 ms
seed: 1636177387
NOT FOUND
time: 1065977 ms
seed: 1636207967
NOT FOUND
time: 1071222 ms
seed: 1636237907
{7,1,80,1,2,1,8}([7]0,4,0)([8]5,6,4)([9]7,5,3)([10]3,5,5)([11]2,9,5)([12]3,0,7)([13]12,10,4)([14]8,12,6)([15]1,9,4)([16]8,9,1)([17]15,5,3)([18]11,1,2)([19]17,10,0)([20]2,8,3)([21]5,11,3)([22]16,1,7)([23]3,18,7)([24]2,1,0)([25]24,13,7)([26]12,13,7)([27]17,4,7)([28]14,21,4)([29]22,25,5)([30]29,13,4)([31]23,27,2)([32]30,31,3)([33]17,0,4)([34]2,0,3)([35]31,15,6)([36]28,13,5)([37]13,23,3)([38]34,23,4)([39]32,11,5)([40]17,36,2)([41]20,0,3)([42]4,6,7)([43]28,35,3)([44]43,41,2)([45]36,38,5)([46]45,28,7)([47]30,40,7)([48]9,26,2)([49]45,7,7)([50]20,9,6)([51]14,28,2)([52]37,2,5)([53]8,34,1)([54]27,43,2)([55]20,13,3)([56]53,47,4)([57]17,38,4)([58]50,50,4)([59]2,38,3)([60]54,33,1)([61]4,56,7)([62]42,29,5)([63]39,60,3)([64]58,25,1)([65]46,62,4)([66]55,53,7)([67]65,44,5)([68]60,50,2)([69]51,67,6)([70]59,12,2)([71]67,63,5)([72]16,48,5)([73]71,57,7)([74]67,2,6)([75]16,18,4)([76]65,75,5)([77]52,55,7)([78]21,30,2)([79]47,72,2)([80]17,44,1)([81]19,42,1)([82]77,73,6)([83]27,66,5)([84]75,83,1)([85]48,3,2)([86]73,73,3)(73)
evaluations: 17304010
first invidual area: 129.77
{7,1,80,1,2,1,8}([7]0,6,3)([8]6,5,4)([9]5,0,3)([10]5,3,5)([11]9,2,5)([12]0,3,7)([13]10,12,4)([14]2,13,7)([15]9,1,4)([16]8,1,4)([17]5,15,3)([18]14,1,3)([19]1,11,5)([20]8,12,6)([21]4,6,7)([22]2,8,6)([23]19,3,4)([24]20,20,1)([25]12,6,4)([26]11,5,6)([27]17,4,7)([28]26,20,7)([29]14,16,5)([30]29,13,4)([31]23,27,2)([32]28,19,1)([33]31,30,3)([34]2,0,3)([35]28,11,5)([36]28,13,5)([37]10,1,6)([38]34,23,4)([39]33,27,5)([40]17,38,4)([41]21,34,3)([42]15,31,6)([43]28,42,3)([44]43,41,2)([45]38,36,5)([46]32,9,3)([47]2,3,4)([48]5,22,1)([49]33,27,5)([50]45,27,7)([51]28,45,7)([52]21,29,5)([53]40,44,3)([54]8,27,4)([55]22,29,7)([56]2,14,4)([57]3,41,0)([58]49,5,3)([59]51,52,4)([60]39,35,3)([61]41,34,2)([62]15,24,2)([63]32,5,2)([64]53,26,6)([65]53,8,5)([66]51,13,2)([67]59,44,5)([68]5,64,7)([69]15,68,6)([70]57,31,6)([71]67,60,5)([72]51,5,4)([73]71,40,7)([74]11,62,3)([75]50,12,6)([76]66,70,0)([77]52,54,3)([78]72,15,0)([79]18,8,4)([80]54,49,4)([81]29,45,0)([82]38,27,7)([83]6,42,4)([84]67,79,4)([85]22,80,7)([86]56,74,6)(73)
optimized area: 123.69
time: 1261909 ms
seed: 1636257075
NOT FOUND
time: 1063350 ms
