seed: 1633855913
{7,1,80,1,2,1,8}([7]4,5,2)([8]1,7,5)([9]3,1,2)([10]6,4,4)([11]8,9,7)([12]0,9,7)([13]12,11,0)([14]10,8,2)([15]13,12,0)([16]1,2,3)([17]0,16,5)([18]16,3,3)([19]5,6,5)([20]4,5,4)([21]11,14,6)([22]17,11,6)([23]2,19,6)([24]12,19,2)([25]0,21,5)([26]25,5,4)([27]12,5,3)([28]15,19,7)([29]18,14,7)([30]20,28,2)([31]1,1,2)([32]3,10,7)([33]25,28,5)([34]22,26,4)([35]14,21,0)([36]8,6,0)([37]2,32,7)([38]4,18,5)([39]34,38,5)([40]37,18,2)([41]4,23,7)([42]0,39,5)([43]21,0,3)([44]40,42,4)([45]24,2,6)([46]30,44,6)([47]39,26,4)([48]46,29,7)([49]28,6,6)([50]15,2,6)([51]18,23,6)([52]1,39,7)([53]40,15,7)([54]47,52,6)([55]52,54,4)([56]43,45,2)([57]37,54,4)([58]1,30,7)([59]29,26,7)([60]47,29,1)([61]23,54,1)([62]32,15,2)([63]40,3,5)([64]35,41,1)([65]60,8,0)([66]35,48,2)([67]14,60,2)([68]47,56,4)([69]15,42,2)([70]59,56,6)([71]38,41,6)([72]61,3,4)([73]52,56,5)([74]13,28,5)([75]56,39,6)([76]69,30,3)([77]48,65,7)([78]8,51,7)([79]64,40,5)([80]64,68,7)([81]57,48,5)([82]54,38,3)([83]62,63,4)([84]81,70,7)([85]41,69,7)([86]55,73,7)(84)
evaluations: 27562101
first invidual area: 132.13
{7,1,80,1,2,1,8}([7]1,4,2)([8]5,7,5)([9]3,1,5)([10]6,4,4)([11]5,4,4)([12]0,9,4)([13]9,8,4)([14]8,10,2)([15]8,2,1)([16]1,2,3)([17]16,0,5)([18]16,3,3)([19]5,6,5)([20]15,8,4)([21]14,13,6)([22]17,12,6)([23]12,19,2)([24]13,0,4)([25]0,21,5)([26]5,25,4)([27]5,4,6)([28]12,19,7)([29]18,14,7)([30]28,11,2)([31]19,16,1)([32]3,10,4)([33]6,9,1)([34]18,16,5)([35]0,21,3)([36]22,26,4)([37]32,2,4)([38]18,4,5)([39]38,36,5)([40]37,18,5)([41]36,38,0)([42]0,39,5)([43]28,27,7)([44]40,42,7)([45]23,2,6)([46]30,44,6)([47]1,26,7)([48]26,3,2)([49]29,46,7)([50]39,1,7)([51]5,6,0)([52]39,35,7)([53]46,24,1)([54]47,50,6)([55]36,47,0)([56]3,46,5)([57]37,54,4)([58]45,35,2)([59]29,26,7)([60]27,47,5)([61]28,8,6)([62]7,53,1)([63]36,8,3)([64]26,26,2)([65]61,50,2)([66]26,27,0)([67]66,23,0)([68]23,53,4)([69]28,58,6)([70]59,58,6)([71]36,13,0)([72]42,44,7)([73]61,10,3)([74]59,46,6)([75]13,32,4)([76]28,44,5)([77]3,7,4)([78]75,75,4)([79]5,74,2)([80]53,7,0)([81]57,49,5)([82]34,19,1)([83]36,40,2)([84]81,70,7)([85]60,10,5)([86]39,72,7)(84)
optimized area: 131.19
time: 611749 ms
seed: 1633942745
{7,1,80,1,2,1,8}([7]5,3,2)([8]1,5,7)([9]3,1,7)([10]2,5,4)([11]9,6,2)([12]2,3,4)([13]3,8,4)([14]5,6,7)([15]11,14,6)([16]10,0,7)([17]8,12,3)([18]1,14,5)([19]1,16,4)([20]7,16,4)([21]7,19,2)([22]19,5,3)([23]0,15,4)([24]23,17,7)([25]1,10,4)([26]9,15,5)([27]12,1,3)([28]12,21,7)([29]17,15,0)([30]18,2,1)([31]14,4,7)([32]7,31,1)([33]27,14,2)([34]14,19,2)([35]25,16,2)([36]20,33,5)([37]31,26,2)([38]26,2,0)([39]12,7,0)([40]36,26,5)([41]34,1,4)([42]38,28,1)([43]17,7,5)([44]9,2,3)([45]23,12,0)([46]45,7,4)([47]19,36,7)([48]21,37,2)([49]23,41,2)([50]23,21,2)([51]37,25,6)([52]45,37,4)([53]14,45,6)([54]5,45,2)([55]2,9,7)([56]37,53,3)([57]20,42,4)([58]2,24,5)([59]10,29,2)([60]54,54,1)([61]49,28,3)([62]17,61,7)([63]58,56,2)([64]53,30,2)([65]64,51,3)([66]54,65,7)([67]43,31,2)([68]67,47,7)([69]63,62,3)([70]52,47,3)([71]15,61,3)([72]35,5,1)([73]23,66,1)([74]4,26,3)([75]71,37,6)([76]70,69,5)([77]54,72,4)([78]1,30,7)([79]64,68,5)([80]24,54,5)([81]2,70,0)([82]28,80,4)([83]73,2,4)([84]49,69,7)([85]39,67,7)([86]24,52,2)(76)
evaluations: 31094557
first invidual area: 119.96
{7,1,80,1,2,1,8}([7]5,3,2)([8]1,5,7)([9]1,3,7)([10]7,7,1)([11]6,9,2)([12]2,3,4)([13]5,2,4)([14]6,5,7)([15]14,11,6)([16]0,13,7)([17]8,12,3)([18]16,5,5)([19]1,16,4)([20]16,10,2)([21]4,14,7)([22]1,11,0)([23]15,0,4)([24]7,19,2)([25]1,12,3)([26]9,15,5)([27]14,25,2)([28]24,12,6)([29]0,15,2)([30]14,3,2)([31]27,19,5)([32]28,23,4)([33]1,31,7)([34]10,8,7)([35]24,24,0)([36]20,27,5)([37]21,26,2)([38]2,23,0)([39]1,23,3)([40]28,0,0)([41]30,25,4)([42]3,0,6)([43]32,33,2)([44]5,21,4)([45]9,44,4)([46]29,37,3)([47]25,21,7)([48]30,37,7)([49]37,36,4)([50]17,11,7)([51]10,4,0)([52]23,37,4)([53]19,18,3)([54]34,34,2)([55]17,46,1)([56]41,10,5)([57]44,0,2)([58]2,32,5)([59]55,0,4)([60]41,39,2)([61]43,28,6)([62]17,61,4)([63]58,46,2)([64]19,36,7)([65]25,22,6)([66]1,0,3)([67]39,19,7)([68]66,67,0)([69]63,62,3)([70]64,52,3)([71]60,23,4)([72]30,12,6)([73]49,0,1)([74]60,64,0)([75]67,46,5)([76]43,50,1)([77]34,47,0)([78]47,25,1)([79]69,70,5)([80]62,32,1)([81]17,51,2)([82]63,9,6)([83]7,36,6)([84]76,1,2)([85]16,61,2)([86]66,34,1)(79)
optimized area: 116.19
time: 574535 ms
seed: 1633970423
NOT FOUND
time: 532603 ms
seed: 1633993352
{7,1,80,1,2,1,8}([7]4,2,7)([8]5,0,6)([9]1,6,4)([10]1,8,4)([11]6,5,4)([12]5,0,2)([13]4,11,1)([14]1,0,4)([15]0,14,3)([16]11,7,3)([17]9,12,7)([18]9,10,2)([19]4,3,6)([20]0,0,0)([21]15,16,2)([22]16,0,4)([23]2,18,7)([24]9,13,7)([25]18,3,4)([26]17,19,2)([27]25,17,4)([28]23,26,6)([29]12,2,4)([30]5,26,3)([31]29,24,2)([32]24,10,7)([33]12,0,1)([34]26,30,7)([35]25,15,5)([36]27,31,5)([37]25,7,4)([38]2,14,2)([39]22,33,5)([40]19,34,7)([41]32,38,6)([42]8,8,2)([43]21,34,2)([44]28,24,2)([45]36,15,0)([46]14,43,5)([47]0,45,3)([48]31,10,3)([49]25,41,4)([50]8,29,4)([51]41,5,1)([52]47,39,2)([53]43,33,7)([54]37,43,7)([55]40,22,3)([56]38,28,3)([57]42,55,0)([58]7,19,2)([59]41,8,2)([60]29,2,1)([61]35,27,7)([62]24,5,3)([63]36,46,2)([64]59,46,7)([65]56,52,7)([66]17,16,2)([67]63,59,7)([68]32,49,1)([69]66,51,4)([70]51,41,2)([71]67,49,2)([72]66,56,3)([73]33,68,4)([74]60,58,1)([75]49,20,0)([76]24,51,7)([77]65,71,4)([78]7,37,0)([79]45,15,1)([80]46,24,3)([81]62,8,6)([82]46,12,5)([83]81,2,0)([84]19,57,3)([85]74,59,2)([86]52,34,7)(77)
evaluations: 24923148
first invidual area: 139.63
{7,1,80,1,2,1,8}([7]5,6,4)([8]5,0,6)([9]1,6,4)([10]8,1,4)([11]8,1,0)([12]5,0,2)([13]8,5,6)([14]1,0,4)([15]4,3,6)([16]4,2,7)([17]9,12,7)([18]9,10,2)([19]7,16,3)([20]17,15,2)([21]18,2,7)([22]0,19,4)([23]12,14,1)([24]9,4,4)([25]18,3,4)([26]18,20,2)([27]16,25,4)([28]27,24,2)([29]1,6,5)([30]5,20,7)([31]20,11,4)([32]25,12,3)([33]24,10,7)([34]15,10,0)([35]16,17,7)([36]35,28,5)([37]23,22,5)([38]14,2,2)([39]1,12,3)([40]30,14,2)([41]33,38,6)([42]41,8,0)([43]25,23,5)([44]21,20,6)([45]41,11,5)([46]19,40,5)([47]0,36,3)([48]44,38,6)([49]25,42,4)([50]37,4,0)([51]23,11,4)([52]47,37,5)([53]22,18,1)([54]1,16,0)([55]14,17,3)([56]11,43,4)([57]38,15,4)([58]52,48,7)([59]45,17,0)([60]49,40,5)([61]29,3,7)([62]26,39,0)([63]36,46,5)([64]15,24,0)([65]38,52,4)([66]61,51,5)([67]63,59,7)([68]20,11,1)([69]0,41,4)([70]12,10,1)([71]67,49,5)([72]47,11,1)([73]30,63,2)([74]24,71,6)([75]39,44,2)([76]38,56,1)([77]58,71,7)([78]49,69,6)([79]23,18,7)([80]67,47,0)([81]56,20,2)([82]33,24,7)([83]10,40,7)([84]30,12,1)([85]47,73,2)([86]77,32,6)(77)
optimized area: 129.33
time: 603998 ms
seed: 1634042308
{7,1,80,1,2,1,8}([7]2,6,4)([8]0,2,2)([9]5,0,4)([10]8,4,6)([11]10,7,4)([12]1,2,3)([13]1,4,2)([14]9,7,4)([15]14,10,6)([16]0,2,6)([17]11,5,4)([18]3,14,7)([19]3,16,7)([20]6,14,5)([21]10,7,5)([22]19,17,5)([23]19,9,1)([24]15,19,5)([25]3,24,6)([26]9,25,7)([27]12,22,6)([28]6,20,5)([29]10,5,3)([30]17,4,4)([31]1,28,7)([32]18,14,2)([33]4,18,7)([34]20,18,2)([35]26,12,7)([36]19,28,1)([37]31,34,6)([38]37,13,6)([39]37,10,4)([40]35,32,6)([41]6,9,4)([42]29,2,4)([43]5,14,7)([44]37,16,6)([45]31,4,4)([46]42,38,2)([47]27,33,1)([48]31,21,5)([49]33,46,5)([50]49,20,4)([51]7,47,2)([52]30,20,6)([53]19,23,6)([54]22,40,7)([55]0,25,4)([56]27,9,2)([57]50,40,1)([58]11,23,3)([59]3,29,0)([60]2,16,7)([61]42,30,5)([62]38,33,6)([63]45,14,5)([64]2,3,3)([65]64,50,2)([66]29,54,7)([67]60,6,4)([68]30,61,0)([69]46,39,2)([70]46,39,1)([71]33,28,3)([72]67,17,3)([73]8,62,5)([74]41,15,6)([75]1,44,7)([76]5,25,4)([77]38,67,6)([78]54,56,3)([79]44,59,2)([80]48,17,6)([81]15,56,5)([82]14,26,1)([83]80,78,6)([84]1,83,1)([85]81,16,2)([86]83,65,4)(86)
evaluations: 44774517
first invidual area: 132.58
{7,1,80,1,2,1,8}([7]6,2,4)([8]2,0,2)([9]0,5,4)([10]4,8,6)([11]7,10,4)([12]1,2,3)([13]3,4,0)([14]9,7,4)([15]14,10,6)([16]0,2,3)([17]5,11,4)([18]13,14,7)([19]13,16,4)([20]14,6,5)([21]10,7,5)([22]19,17,5)([23]20,2,2)([24]15,16,5)([25]13,24,6)([26]9,25,4)([27]1,3,6)([28]6,20,5)([29]10,5,3)([30]12,14,1)([31]1,28,7)([32]18,3,2)([33]4,18,7)([34]18,0,7)([35]26,12,4)([36]18,1,2)([37]31,35,6)([38]4,28,0)([39]9,14,3)([40]35,32,6)([41]40,23,4)([42]29,2,4)([43]36,37,6)([44]11,5,1)([45]38,10,4)([46]42,43,2)([47]10,18,5)([48]31,21,5)([49]33,46,5)([50]49,20,4)([51]50,24,6)([52]1,7,6)([53]50,16,6)([54]22,40,7)([55]49,32,1)([56]30,25,2)([57]46,54,6)([58]0,39,6)([59]41,49,4)([60]26,54,6)([61]13,37,6)([62]24,35,4)([63]19,56,0)([64]2,3,3)([65]64,50,5)([66]26,25,4)([67]66,20,6)([68]23,0,6)([69]15,64,3)([70]25,48,3)([71]26,31,7)([72]26,9,0)([73]56,1,3)([74]59,29,2)([75]42,57,0)([76]34,65,3)([77]26,72,4)([78]54,56,3)([79]4,60,4)([80]48,17,6)([81]18,31,5)([82]20,12,7)([83]80,78,3)([84]71,8,3)([85]19,15,7)([86]83,65,4)(86)
optimized area: 128.83
time: 540436 ms
seed: 1634156407
NOT FOUND
time: 537470 ms
seed: 1634203770
NOT FOUND
time: 533356 ms
seed: 1634252757
{7,1,80,1,2,1,8}([7]1,2,7)([8]7,0,2)([9]6,5,6)([10]2,3,7)([11]9,0,3)([12]2,0,5)([13]8,1,3)([14]1,5,6)([15]7,7,2)([16]15,1,7)([17]4,9,5)([18]10,13,2)([19]3,2,2)([20]12,4,2)([21]16,9,1)([22]5,19,3)([23]5,3,4)([24]13,20,4)([25]6,24,2)([26]25,2,4)([27]5,26,5)([28]8,4,7)([29]7,9,5)([30]29,19,7)([31]6,16,0)([32]17,19,4)([33]6,18,5)([34]23,26,2)([35]32,9,5)([36]27,22,4)([37]7,9,2)([38]2,33,4)([39]18,17,2)([40]1,6,1)([41]32,10,5)([42]41,12,0)([43]8,35,3)([44]43,36,5)([45]21,34,3)([46]25,0,4)([47]16,34,3)([48]9,23,5)([49]13,48,3)([50]33,1,5)([51]42,47,4)([52]36,7,7)([53]46,42,4)([54]52,45,4)([55]32,28,5)([56]28,50,3)([57]15,44,7)([58]12,54,4)([59]25,2,4)([60]21,36,1)([61]8,58,0)([62]56,53,2)([63]28,8,4)([64]1,21,1)([65]57,24,6)([66]15,58,2)([67]1,44,7)([68]11,47,3)([69]15,3,6)([70]51,51,4)([71]62,58,5)([72]61,10,7)([73]71,68,2)([74]67,73,7)([75]47,45,6)([76]54,21,5)([77]16,28,6)([78]37,70,1)([79]33,63,1)([80]53,4,1)([81]40,20,3)([82]15,37,5)([83]17,63,7)([84]13,2,4)([85]78,32,3)([86]25,15,6)(74)
evaluations: 16428066
first invidual area: 133.05
{7,1,80,1,2,1,8}([7]2,1,7)([8]0,7,2)([9]5,6,6)([10]3,2,2)([11]0,9,3)([12]2,0,5)([13]8,1,6)([14]9,4,5)([15]12,4,5)([16]13,15,4)([17]8,16,0)([18]4,8,7)([19]14,3,4)([20]3,2,7)([21]20,6,5)([22]14,9,5)([23]2,13,1)([24]10,5,3)([25]6,16,2)([26]2,25,4)([27]12,7,4)([28]19,6,6)([29]9,5,5)([30]5,3,4)([31]0,25,7)([32]17,14,7)([33]26,5,5)([34]30,26,2)([35]10,29,5)([36]33,24,5)([37]7,10,4)([38]8,22,3)([39]12,19,1)([40]22,14,5)([41]22,33,1)([42]21,15,7)([43]19,20,5)([44]36,38,5)([45]23,34,6)([46]2,6,4)([47]45,34,3)([48]11,47,3)([49]44,27,0)([50]7,5,2)([51]25,28,2)([52]36,12,7)([53]43,31,7)([54]52,45,4)([55]9,43,2)([56]21,1,5)([57]54,7,7)([58]14,38,4)([59]36,21,5)([60]56,18,3)([61]1,49,4)([62]60,53,2)([63]31,42,1)([64]0,16,6)([65]22,57,0)([66]23,30,2)([67]20,41,0)([68]10,60,4)([69]43,12,5)([70]52,29,6)([71]62,57,5)([72]41,45,0)([73]71,48,5)([74]61,73,7)([75]28,60,6)([76]31,4,5)([77]55,64,2)([78]49,49,3)([79]17,46,1)([80]1,62,5)([81]73,47,3)([82]74,34,5)([83]80,78,5)([84]4,44,7)([85]62,48,4)([86]24,73,3)(74)
optimized area: 122.26
time: 623384 ms
seed: 1634300823
{7,1,80,1,2,1,8}([7]0,4,7)([8]3,1,2)([9]3,2,7)([10]2,8,2)([11]9,5,3)([12]7,8,6)([13]2,11,2)([14]10,13,4)([15]5,2,7)([16]0,14,4)([17]0,15,5)([18]17,13,1)([19]16,7,5)([20]6,0,7)([21]15,19,7)([22]6,21,2)([23]5,19,7)([24]18,13,1)([25]23,11,6)([26]6,3,0)([27]1,25,6)([28]14,1,4)([29]8,27,0)([30]10,7,3)([31]18,30,6)([32]25,11,3)([33]12,27,4)([34]22,31,4)([35]7,10,5)([36]7,24,2)([37]19,8,3)([38]16,32,7)([39]36,28,6)([40]13,24,6)([41]3,5,7)([42]37,21,7)([43]23,36,5)([44]20,33,6)([45]1,29,0)([46]2,35,1)([47]9,43,4)([48]44,39,7)([49]6,35,4)([50]31,48,5)([51]19,20,7)([52]48,49,3)([53]42,38,2)([54]5,25,3)([55]23,50,2)([56]19,0,1)([57]33,50,1)([58]28,42,3)([59]20,15,7)([60]59,45,7)([61]52,45,3)([62]54,55,5)([63]52,41,2)([64]41,63,7)([65]44,34,6)([66]40,9,6)([67]32,5,5)([68]67,14,0)([69]29,64,0)([70]66,59,0)([71]55,64,4)([72]53,70,5)([73]10,54,1)([74]27,34,3)([75]13,19,6)([76]37,7,6)([77]63,39,3)([78]71,46,0)([79]28,22,2)([80]61,74,2)([81]40,63,3)([82]27,80,3)([83]72,74,2)([84]78,83,4)([85]6,26,2)([86]26,29,0)(84)
evaluations: 13071933
first invidual area: 155.08
{7,1,80,1,2,1,8}([7]4,0,7)([8]3,1,2)([9]2,3,7)([10]8,9,2)([11]9,5,3)([12]7,8,6)([13]2,11,5)([14]10,13,6)([15]2,5,7)([16]0,14,4)([17]15,0,2)([18]14,15,5)([19]7,16,5)([20]8,4,5)([21]15,19,7)([22]1,14,4)([23]5,19,7)([24]0,6,7)([25]11,23,6)([26]7,17,3)([27]25,1,6)([28]1,10,4)([29]5,13,6)([30]12,27,4)([31]26,10,6)([32]21,6,5)([33]6,3,2)([34]19,22,4)([35]9,25,0)([36]24,30,3)([37]17,12,6)([38]9,12,1)([39]37,22,3)([40]6,24,4)([41]15,35,7)([42]39,4,6)([43]23,37,7)([44]41,24,7)([45]25,5,7)([46]10,7,5)([47]20,0,5)([48]36,39,7)([49]6,46,4)([50]48,31,5)([51]25,7,0)([52]49,48,6)([53]8,36,1)([54]41,41,2)([55]23,50,5)([56]16,47,2)([57]30,24,1)([58]53,36,4)([59]14,42,3)([60]41,12,0)([61]59,2,7)([62]0,38,2)([63]32,31,7)([64]60,52,5)([65]35,40,2)([66]36,29,3)([67]1,32,6)([68]23,16,6)([69]14,55,1)([70]23,4,4)([71]55,64,4)([72]56,38,5)([73]21,68,2)([74]33,73,5)([75]36,54,4)([76]2,51,5)([77]73,69,7)([78]68,56,2)([79]27,63,3)([80]44,67,4)([81]69,16,0)([82]6,16,5)([83]79,72,5)([84]71,83,4)([85]47,63,0)([86]22,79,4)(84)
optimized area: 129.76
time: 713996 ms
seed: 1634341375
{7,1,80,1,2,1,8}([7]1,5,0)([8]3,4,4)([9]5,4,7)([10]9,0,6)([11]7,10,4)([12]6,6,2)([13]9,1,4)([14]11,12,3)([15]4,7,3)([16]0,11,4)([17]3,2,4)([18]7,3,1)([19]15,8,4)([20]2,10,6)([21]14,4,4)([22]6,20,7)([23]5,8,2)([24]22,10,3)([25]16,12,6)([26]22,6,7)([27]17,21,4)([28]0,3,3)([29]17,12,5)([30]16,24,0)([31]13,28,6)([32]16,20,3)([33]13,24,7)([34]14,15,4)([35]33,19,6)([36]29,30,3)([37]20,27,3)([38]21,8,5)([39]19,37,2)([40]36,35,7)([41]10,18,0)([42]9,36,2)([43]31,21,7)([44]29,21,5)([45]16,23,4)([46]29,14,4)([47]20,31,0)([48]32,14,2)([49]33,42,3)([50]38,48,0)([51]20,48,1)([52]39,10,4)([53]52,0,6)([54]27,20,1)([55]40,20,1)([56]15,27,0)([57]2,24,1)([58]26,34,4)([59]48,55,3)([60]45,29,5)([61]47,53,6)([62]34,48,3)([63]59,6,1)([64]2,49,6)([65]64,38,2)([66]52,20,6)([67]60,59,7)([68]6,14,2)([69]4,53,6)([70]67,5,3)([71]23,46,2)([72]61,65,3)([73]58,5,0)([74]2,66,5)([75]23,17,1)([76]7,70,3)([77]31,0,7)([78]70,72,4)([79]36,32,2)([80]2,43,1)([81]50,25,7)([82]18,13,5)([83]78,25,7)([84]32,31,4)([85]83,26,5)([86]18,6,2)(83)
evaluations: 34792078
first invidual area: 138.22
{7,1,80,1,2,1,8}([7]3,6,0)([8]2,3,4)([9]4,5,7)([10]9,0,6)([11]1,10,4)([12]4,3,4)([13]12,2,4)([14]11,6,3)([15]4,1,3)([16]0,11,4)([17]6,4,5)([18]10,13,3)([19]12,15,4)([20]10,2,6)([21]5,5,0)([22]1,9,7)([23]13,14,4)([24]6,20,7)([25]8,6,6)([26]10,24,6)([27]16,8,2)([28]6,23,6)([29]6,8,5)([30]8,2,2)([31]18,9,6)([32]16,20,3)([33]26,22,7)([34]18,15,2)([35]33,19,3)([36]16,29,3)([37]6,16,6)([38]9,18,6)([39]8,12,5)([40]35,36,7)([41]17,5,1)([42]9,36,2)([43]28,10,3)([44]19,23,5)([45]36,21,1)([46]30,32,5)([47]12,23,7)([48]14,32,2)([49]2,42,3)([50]38,34,7)([51]41,11,4)([52]44,10,7)([53]52,0,6)([54]47,12,7)([55]13,26,4)([56]20,8,7)([57]49,4,0)([58]15,5,1)([59]48,40,3)([60]16,29,5)([61]20,53,6)([62]28,16,4)([63]36,9,2)([64]33,57,6)([65]64,39,2)([66]55,9,3)([67]60,59,7)([68]52,50,3)([69]48,29,0)([70]67,5,3)([71]40,12,7)([72]61,65,3)([73]23,29,1)([74]54,58,0)([75]13,23,2)([76]52,53,0)([77]53,56,6)([78]70,72,7)([79]31,20,1)([80]26,34,0)([81]6,61,1)([82]76,13,3)([83]78,37,4)([84]83,44,6)([85]17,39,4)([86]72,26,4)(83)
optimized area: 126.98
time: 567901 ms
seed: 1634390299
NOT FOUND
time: 527158 ms
seed: 1634439254
NOT FOUND
time: 529864 ms
seed: 1634499572
NOT FOUND
time: 525994 ms
seed: 1634598778
NOT FOUND
time: 519997 ms
seed: 1634647544
{7,1,80,1,2,1,8}([7]6,1,4)([8]1,5,7)([9]0,6,2)([10]0,2,2)([11]8,7,6)([12]9,11,6)([13]3,6,7)([14]10,12,4)([15]4,0,3)([16]0,2,6)([17]5,14,7)([18]3,10,3)([19]17,15,6)([20]10,17,2)([21]8,18,5)([22]2,17,6)([23]7,6,2)([24]10,20,0)([25]19,13,7)([26]12,12,0)([27]4,21,7)([28]21,16,2)([29]25,21,7)([30]18,19,7)([31]7,22,5)([32]8,0,6)([33]8,23,7)([34]10,3,6)([35]20,28,6)([36]26,15,4)([37]10,33,5)([38]35,9,4)([39]18,2,5)([40]37,11,5)([41]4,31,4)([42]15,4,5)([43]32,29,3)([44]1,4,2)([45]15,6,7)([46]30,29,1)([47]29,30,3)([48]41,47,2)([49]28,13,3)([50]38,27,6)([51]7,38,7)([52]34,28,4)([53]48,35,5)([54]53,14,5)([55]44,39,2)([56]36,12,4)([57]22,40,0)([58]29,24,3)([59]30,11,7)([60]54,0,4)([61]15,4,5)([62]0,49,6)([63]56,24,1)([64]14,28,0)([65]48,61,0)([66]51,48,5)([67]62,33,2)([68]50,25,1)([69]67,60,1)([70]53,45,7)([71]39,32,5)([72]58,32,6)([73]72,35,2)([74]69,68,7)([75]16,36,0)([76]66,43,4)([77]28,33,7)([78]74,76,3)([79]78,60,7)([80]60,58,1)([81]38,48,5)([82]21,62,7)([83]24,11,2)([84]80,82,7)([85]24,9,2)([86]24,54,4)(79)
evaluations: 32374924
first invidual area: 143.36
{7,1,80,1,2,1,8}([7]6,1,4)([8]1,5,7)([9]0,6,2)([10]2,0,2)([11]8,7,6)([12]11,9,3)([13]3,6,7)([14]10,12,7)([15]0,4,3)([16]0,2,6)([17]5,14,7)([18]10,3,3)([19]17,15,6)([20]7,4,0)([21]18,8,5)([22]17,2,6)([23]7,6,5)([24]10,17,2)([25]13,19,4)([26]13,0,3)([27]21,4,7)([28]21,16,2)([29]21,25,4)([30]2,27,2)([31]7,22,5)([32]0,8,6)([33]19,11,3)([34]7,23,2)([35]24,28,6)([36]16,35,4)([37]32,29,3)([38]35,9,4)([39]9,2,3)([40]19,18,7)([41]4,31,4)([42]32,23,7)([43]9,1,2)([44]18,8,4)([45]16,26,6)([46]8,4,5)([47]29,40,3)([48]47,41,2)([49]18,32,2)([50]38,27,3)([51]45,7,7)([52]19,24,3)([53]48,35,5)([54]53,14,5)([55]47,27,0)([56]36,51,3)([57]40,43,0)([58]39,36,4)([59]45,43,3)([60]54,0,7)([61]35,55,5)([62]3,18,1)([63]42,31,6)([64]6,3,1)([65]50,52,2)([66]51,48,5)([67]45,42,5)([68]57,67,6)([69]40,42,1)([70]33,46,7)([71]41,69,1)([72]64,0,5)([73]0,63,6)([74]67,50,2)([75]1,25,4)([76]66,37,5)([77]48,19,1)([78]74,76,6)([79]78,60,7)([80]73,8,6)([81]33,19,2)([82]12,52,7)([83]5,36,4)([84]60,83,2)([85]33,58,5)([86]50,60,1)(79)
optimized area: 134.45
time: 622427 ms
seed: 1634698407
NOT FOUND
time: 941337 ms
seed: 1634776035
{7,1,80,1,2,1,8}([7]2,6,6)([8]3,2,2)([9]7,3,7)([10]5,0,7)([11]1,10,4)([12]6,10,4)([13]12,0,6)([14]2,10,5)([15]12,10,5)([16]10,11,3)([17]2,15,4)([18]8,0,3)([19]7,4,4)([20]2,10,2)([21]0,1,4)([22]4,19,3)([23]21,3,3)([24]20,4,0)([25]20,4,1)([26]24,5,5)([27]18,13,3)([28]25,23,5)([29]9,27,4)([30]16,6,6)([31]23,13,5)([32]18,31,7)([33]29,26,5)([34]26,28,2)([35]10,24,3)([36]4,28,3)([37]34,0,3)([38]33,11,3)([39]19,6,5)([40]31,27,5)([41]4,25,0)([42]29,32,6)([43]0,22,6)([44]38,39,1)([45]4,37,4)([46]24,12,2)([47]40,17,6)([48]11,39,5)([49]30,47,6)([50]17,26,4)([51]30,22,7)([52]36,17,6)([53]50,27,5)([54]52,49,4)([55]1,35,4)([56]48,53,6)([57]33,28,4)([58]51,57,2)([59]31,42,0)([60]25,11,4)([61]58,38,1)([62]45,44,3)([63]19,62,2)([64]63,27,5)([65]41,43,1)([66]60,17,0)([67]56,54,7)([68]40,52,5)([69]64,67,4)([70]20,40,7)([71]34,9,3)([72]24,8,7)([73]27,22,2)([74]5,40,0)([75]50,63,4)([76]42,73,5)([77]57,24,3)([78]61,69,5)([79]59,56,0)([80]45,37,7)([81]11,48,7)([82]56,41,2)([83]15,16,1)([84]27,30,0)([85]39,58,3)([86]50,5,0)(78)
evaluations: 35534337
first invidual area: 144.26
{7,1,80,1,2,1,8}([7]6,2,6)([8]3,2,2)([9]7,3,7)([10]5,0,7)([11]1,10,4)([12]10,6,4)([13]12,0,6)([14]5,6,3)([15]12,10,5)([16]0,15,0)([17]15,2,4)([18]8,0,3)([19]7,4,4)([20]10,2,2)([21]1,18,4)([22]4,7,3)([23]3,21,3)([24]1,10,3)([25]20,18,1)([26]0,20,5)([27]18,13,3)([28]25,23,5)([29]9,27,4)([30]24,6,6)([31]20,15,6)([32]10,13,6)([33]29,26,5)([34]13,23,5)([35]5,34,0)([36]17,4,3)([37]28,16,6)([38]33,11,6)([39]3,12,2)([40]34,27,5)([41]36,28,6)([42]34,1,5)([43]35,3,0)([44]37,34,7)([45]4,37,7)([46]6,19,5)([47]40,17,6)([48]11,46,5)([49]30,47,3)([50]17,26,4)([51]30,22,7)([52]21,49,2)([53]50,27,5)([54]41,49,4)([55]45,34,6)([56]48,53,3)([57]33,28,4)([58]51,57,5)([59]34,23,3)([60]13,15,7)([61]25,19,0)([62]45,38,3)([63]19,62,2)([64]63,27,5)([65]4,11,6)([66]21,29,3)([67]56,54,4)([68]54,41,5)([69]64,67,7)([70]15,20,3)([71]23,37,1)([72]0,42,3)([73]61,19,4)([74]1,64,5)([75]70,42,0)([76]50,11,5)([77]37,38,5)([78]58,69,5)([79]36,64,3)([80]0,75,0)([81]55,19,7)([82]7,8,3)([83]82,59,6)([84]17,81,1)([85]72,18,5)([86]5,67,1)(78)
optimized area: 138.65
time: 1078577 ms
seed: 1634841194
NOT FOUND
time: 981040 ms
seed: 1635095889
{7,1,80,1,2,1,8}([7]2,2,1)([8]1,6,7)([9]7,6,2)([10]0,9,4)([11]5,3,3)([12]2,4,7)([13]12,8,4)([14]5,13,4)([15]13,10,4)([16]1,14,2)([17]9,11,7)([18]2,15,7)([19]11,5,2)([20]10,8,2)([21]4,10,3)([22]6,10,7)([23]5,13,6)([24]21,19,3)([25]12,17,2)([26]6,11,6)([27]25,1,7)([28]16,7,1)([29]9,27,7)([30]20,29,5)([31]21,18,0)([32]12,20,0)([33]30,11,4)([34]1,19,7)([35]34,1,0)([36]8,25,7)([37]7,29,5)([38]28,29,2)([39]38,19,5)([40]13,12,5)([41]21,14,7)([42]31,21,5)([43]24,33,4)([44]22,40,3)([45]11,37,1)([46]0,38,3)([47]46,7,2)([48]46,16,5)([49]3,31,0)([50]19,48,4)([51]33,35,7)([52]16,2,3)([53]21,34,5)([54]24,50,1)([55]49,6,0)([56]3,51,4)([57]13,17,6)([58]30,6,5)([59]54,2,7)([60]26,47,7)([61]45,9,5)([62]53,44,2)([63]48,52,7)([64]3,42,1)([65]22,20,6)([66]65,49,1)([67]16,56,4)([68]52,46,7)([69]62,11,5)([70]69,50,5)([71]68,43,3)([72]38,0,0)([73]17,64,1)([74]69,43,5)([75]14,24,0)([76]7,26,2)([77]67,68,6)([78]59,36,5)([79]16,61,2)([80]14,68,4)([81]25,46,2)([82]55,4,2)([83]60,74,4)([84]77,83,6)([85]23,65,7)([86]47,74,3)(84)
evaluations: 26857791
first invidual area: 136.35
{7,1,80,1,2,1,8}([7]2,5,1)([8]5,1,7)([9]7,6,2)([10]0,9,4)([11]3,5,3)([12]4,7,4)([13]6,5,7)([14]12,13,7)([15]6,1,7)([16]14,1,2)([17]5,12,4)([18]15,6,0)([19]0,4,2)([20]14,12,5)([21]4,10,3)([22]9,11,7)([23]18,7,0)([24]10,0,0)([25]22,12,5)([26]10,18,2)([27]25,1,4)([28]2,4,1)([29]27,9,7)([30]24,1,4)([31]2,16,6)([32]26,29,5)([33]11,32,4)([34]22,10,5)([35]16,6,1)([36]33,2,7)([37]21,5,6)([38]1,33,4)([39]19,9,7)([40]1,30,0)([41]30,11,3)([42]29,35,2)([43]40,39,6)([44]9,25,2)([45]11,6,3)([46]0,42,3)([47]46,7,5)([48]46,9,2)([49]4,44,1)([50]37,46,6)([51]38,5,7)([52]45,31,7)([53]2,43,1)([54]43,21,3)([55]14,2,7)([56]3,51,7)([57]31,28,0)([58]43,26,3)([59]30,20,3)([60]45,47,4)([61]36,14,2)([62]11,59,2)([63]47,61,4)([64]33,37,7)([65]46,57,4)([66]21,51,5)([67]31,17,0)([68]43,28,0)([69]62,66,5)([70]35,49,2)([71]44,68,5)([72]44,25,0)([73]72,49,2)([74]69,64,5)([75]53,32,4)([76]56,16,4)([77]31,19,3)([78]47,7,5)([79]10,78,0)([80]28,36,0)([81]76,65,6)([82]57,77,7)([83]60,74,7)([84]81,83,6)([85]0,10,7)([86]61,22,0)(84)
optimized area: 133.07
time: 1125414 ms
seed: 1635125649
NOT FOUND
time: 528459 ms
seed: 1635174596
{7,1,80,1,2,1,8}([7]0,6,1)([8]2,0,5)([9]5,6,4)([10]9,8,2)([11]0,2,3)([12]9,8,4)([13]4,9,6)([14]10,5,1)([15]6,1,4)([16]15,4,2)([17]6,11,5)([18]2,15,5)([19]17,7,2)([20]14,1,2)([21]2,8,7)([22]16,19,2)([23]10,15,6)([24]8,3,2)([25]10,16,5)([26]18,0,7)([27]12,21,0)([28]17,15,7)([29]5,13,7)([30]11,24,2)([31]17,3,4)([32]12,17,4)([33]24,28,7)([34]9,2,0)([35]13,26,6)([36]35,10,4)([37]20,3,4)([38]34,15,5)([39]9,4,2)([40]35,23,4)([41]5,25,1)([42]15,16,0)([43]38,1,7)([44]28,15,1)([45]16,43,1)([46]39,42,7)([47]12,12,0)([48]40,22,4)([49]47,20,3)([50]48,18,0)([51]37,32,5)([52]33,48,2)([53]30,21,0)([54]4,20,7)([55]1,46,5)([56]36,25,4)([57]55,51,6)([58]37,25,1)([59]18,43,1)([60]25,29,1)([61]3,1,6)([62]21,53,2)([63]52,13,4)([64]43,59,7)([65]43,14,7)([66]58,41,6)([67]37,24,3)([68]56,21,7)([69]63,49,4)([70]57,33,7)([71]8,9,7)([72]8,14,6)([73]36,59,7)([74]68,70,7)([75]38,48,4)([76]25,53,6)([77]4,47,3)([78]5,28,7)([79]78,77,4)([80]76,61,4)([81]75,74,6)([82]51,63,2)([83]82,81,3)([84]65,12,7)([85]4,66,2)([86]8,57,0)(83)
evaluations: 40421013
first invidual area: 142.44
{7,1,80,1,2,1,8}([7]0,1,1)([8]0,2,5)([9]6,5,4)([10]8,9,2)([11]2,0,3)([12]11,4,7)([13]9,4,6)([14]10,1,1)([15]1,6,4)([16]4,15,2)([17]11,6,5)([18]16,11,0)([19]3,7,2)([20]14,1,5)([21]3,15,0)([22]16,19,5)([23]15,10,6)([24]8,3,5)([25]15,21,0)([26]9,8,4)([27]25,2,5)([28]17,24,7)([29]2,7,5)([30]17,26,4)([31]18,4,3)([32]17,9,1)([33]25,28,4)([34]27,0,7)([35]13,34,3)([36]16,4,1)([37]20,3,7)([38]17,36,0)([39]9,4,5)([40]35,23,7)([41]39,2,0)([42]33,20,0)([43]36,12,1)([44]9,15,5)([45]5,42,4)([46]15,41,4)([47]32,28,3)([48]40,22,7)([49]1,46,5)([50]48,40,0)([51]37,30,5)([52]42,50,5)([53]31,9,3)([54]43,16,7)([55]32,33,5)([56]16,40,4)([57]51,49,6)([58]18,19,6)([59]30,36,4)([60]39,7,7)([61]15,0,0)([62]42,51,2)([63]52,13,7)([64]37,27,1)([65]40,34,6)([66]45,31,1)([67]49,30,3)([68]56,29,7)([69]24,1,4)([70]57,42,7)([71]13,22,5)([72]45,44,1)([73]54,31,3)([74]68,70,4)([75]44,48,4)([76]0,45,2)([77]1,68,0)([78]32,5,3)([79]14,15,5)([80]66,29,6)([81]75,74,6)([82]51,63,2)([83]82,81,3)([84]30,39,5)([85]39,65,2)([86]52,51,3)(83)
optimized area: 130.71
time: 572253 ms
seed: 1635294188
{7,1,80,1,2,1,8}([7]6,5,2)([8]5,6,4)([9]2,3,4)([10]0,1,4)([11]4,0,6)([12]7,9,0)([13]8,5,2)([14]12,8,5)([15]6,9,7)([16]3,11,4)([17]12,2,7)([18]17,0,2)([19]2,10,7)([20]9,18,6)([21]1,11,7)([22]20,0,4)([23]4,22,2)([24]16,21,7)([25]19,23,2)([26]0,2,3)([27]9,4,3)([28]26,24,0)([29]26,1,2)([30]23,3,7)([31]27,1,1)([32]28,20,4)([33]12,26,4)([34]3,32,7)([35]2,33,3)([36]21,15,1)([37]25,28,2)([38]12,12,4)([39]5,15,0)([40]30,15,5)([41]8,37,6)([42]31,8,2)([43]11,24,1)([44]13,20,3)([45]18,11,3)([46]42,5,6)([47]24,15,0)([48]18,34,5)([49]9,9,4)([50]42,44,3)([51]12,47,3)([52]37,41,0)([53]16,40,7)([54]50,21,5)([55]13,10,4)([56]9,20,5)([57]43,53,2)([58]51,28,5)([59]8,12,6)([60]54,14,1)([61]11,40,4)([62]61,58,6)([63]49,46,1)([64]63,10,2)([65]62,54,4)([66]27,41,5)([67]14,48,3)([68]65,5,4)([69]40,66,6)([70]23,38,5)([71]42,37,3)([72]66,68,2)([73]59,23,1)([74]11,62,5)([75]3,13,5)([76]20,35,0)([77]23,4,4)([78]63,74,2)([79]68,10,1)([80]75,51,7)([81]2,23,6)([82]62,37,7)([83]9,29,0)([84]32,78,2)([85]72,45,4)([86]39,55,2)(85)
evaluations: 46471170
first invidual area: 121.35
{7,1,80,1,2,1,8}([7]6,5,2)([8]5,6,4)([9]2,3,4)([10]2,1,4)([11]4,0,6)([12]9,10,4)([13]8,5,2)([14]9,6,7)([15]7,4,0)([16]1,5,5)([17]7,2,7)([18]17,0,2)([19]0,10,7)([20]9,18,6)([21]1,11,7)([22]20,0,4)([23]4,22,2)([24]14,15,3)([25]19,23,2)([26]0,2,3)([27]9,4,3)([28]11,16,2)([29]27,0,1)([30]23,3,7)([31]8,0,0)([32]24,4,6)([33]18,11,3)([34]6,31,0)([35]25,34,6)([36]31,14,3)([37]25,26,2)([38]13,5,7)([39]0,34,5)([40]30,14,5)([41]31,37,6)([42]29,8,2)([43]39,37,4)([44]13,20,3)([45]24,36,0)([46]14,12,2)([47]22,29,0)([48]3,47,5)([49]2,44,4)([50]42,44,3)([51]15,12,3)([52]51,36,5)([53]12,20,0)([54]50,21,5)([55]5,44,0)([56]48,40,3)([57]2,31,6)([58]51,26,5)([59]19,42,2)([60]55,0,6)([61]11,40,4)([62]61,58,6)([63]27,32,6)([64]50,61,2)([65]62,54,4)([66]27,41,5)([67]38,36,5)([68]65,5,4)([69]10,25,3)([70]62,54,6)([71]25,65,4)([72]66,68,5)([73]61,27,2)([74]2,1,5)([75]8,74,6)([76]74,2,4)([77]13,5,5)([78]30,73,4)([79]69,72,7)([80]35,30,3)([81]51,12,5)([82]63,47,4)([83]32,3,1)([84]39,9,6)([85]72,33,7)([86]56,31,0)(85)
optimized area: 116.19
time: 993793 ms
seed: 1635451825
{7,1,80,1,2,1,8}([7]1,6,1)([8]3,7,4)([9]2,8,2)([10]4,5,7)([11]6,7,6)([12]0,6,4)([13]6,5,3)([14]2,11,7)([15]2,4,4)([16]0,9,3)([17]13,0,2)([18]10,12,4)([19]8,0,7)([20]3,15,2)([21]11,5,4)([22]12,21,4)([23]15,9,3)([24]8,18,4)([25]5,20,2)([26]23,22,2)([27]16,14,4)([28]13,24,5)([29]5,8,0)([30]14,20,1)([31]24,19,2)([32]27,1,4)([33]13,18,5)([34]28,32,6)([35]19,20,5)([36]19,16,4)([37]9,28,5)([38]37,31,4)([39]36,26,4)([40]15,1,3)([41]1,21,6)([42]17,34,4)([43]27,41,7)([44]9,27,0)([45]18,2,5)([46]32,18,1)([47]25,3,5)([48]43,38,2)([49]18,47,2)([50]3,30,6)([51]26,36,7)([52]4,42,6)([53]49,30,4)([54]17,52,4)([55]15,39,5)([56]54,26,6)([57]25,38,6)([58]36,27,3)([59]6,0,7)([60]35,35,5)([61]35,39,4)([62]20,57,0)([63]2,13,3)([64]26,57,3)([65]53,28,2)([66]13,56,2)([67]10,0,7)([68]18,29,1)([69]15,64,3)([70]34,27,5)([71]56,48,3)([72]21,57,2)([73]38,46,7)([74]36,45,1)([75]30,26,6)([76]53,58,3)([77]45,56,7)([78]14,44,4)([79]41,55,6)([80]33,16,6)([81]1,12,3)([82]42,60,2)([83]76,71,4)([84]4,17,4)([85]2,61,1)([86]56,2,3)(83)
evaluations: 19217859
first invidual area: 141.98
{7,1,80,1,2,1,8}([7]1,3,1)([8]3,7,4)([9]8,2,2)([10]5,4,4)([11]6,7,6)([12]0,6,4)([13]5,6,3)([14]1,5,3)([15]2,11,7)([16]9,0,3)([17]0,13,2)([18]12,10,7)([19]8,0,7)([20]17,7,4)([21]12,5,4)([22]16,19,4)([23]21,11,4)([24]8,18,4)([25]18,15,2)([26]6,0,2)([27]16,15,4)([28]24,13,5)([29]25,9,3)([30]24,19,5)([31]7,27,7)([32]29,0,4)([33]29,23,2)([34]9,22,6)([35]4,31,4)([36]20,12,2)([37]28,9,5)([38]30,37,7)([39]7,38,2)([40]24,1,7)([41]28,31,6)([42]17,41,4)([43]27,14,4)([44]5,1,5)([45]27,22,3)([46]45,23,1)([47]27,32,1)([48]38,43,2)([49]44,18,5)([50]30,7,7)([51]5,2,3)([52]42,4,6)([53]50,42,0)([54]17,52,4)([55]4,8,2)([56]27,17,3)([57]1,32,1)([58]4,34,7)([59]15,49,4)([60]45,59,6)([61]33,54,6)([62]60,30,0)([63]7,29,6)([64]44,14,1)([65]27,25,0)([66]36,14,1)([67]25,36,5)([68]53,48,1)([69]40,35,2)([70]7,65,0)([71]48,61,6)([72]69,37,5)([73]59,35,7)([74]0,58,7)([75]8,28,3)([76]23,44,7)([77]5,19,4)([78]57,42,0)([79]70,54,7)([80]35,72,2)([81]58,18,5)([82]56,65,7)([83]56,66,4)([84]49,26,4)([85]71,62,4)([86]81,49,2)(85)
optimized area: 132.61
time: 1121656 ms
seed: 1635559011
{7,1,80,1,2,1,8}([7]0,4,3)([8]3,4,6)([9]1,7,5)([10]5,0,7)([11]6,10,3)([12]6,1,7)([13]10,4,4)([14]2,0,4)([15]5,7,2)([16]4,0,5)([17]9,13,6)([18]2,17,6)([19]16,15,6)([20]12,11,2)([21]8,5,4)([22]3,20,6)([23]8,12,2)([24]10,3,2)([25]23,13,4)([26]6,14,5)([27]2,15,3)([28]11,15,2)([29]10,18,7)([30]1,2,5)([31]23,24,6)([32]13,30,4)([33]26,19,6)([34]28,23,3)([35]6,13,6)([36]31,32,4)([37]7,30,4)([38]31,11,1)([39]16,9,0)([40]34,22,6)([41]31,33,5)([42]20,36,6)([43]20,39,3)([44]30,33,7)([45]10,40,7)([46]5,1,5)([47]34,2,7)([48]47,27,1)([49]24,44,7)([50]47,49,6)([51]45,46,7)([52]51,41,4)([53]22,47,5)([54]29,9,1)([55]50,42,5)([56]8,17,7)([57]55,1,7)([58]11,34,6)([59]6,48,6)([60]31,25,2)([61]42,28,1)([62]48,57,6)([63]37,51,2)([64]42,23,1)([65]57,63,3)([66]23,64,3)([67]54,32,0)([68]65,54,4)([69]48,22,0)([70]44,20,1)([71]31,64,1)([72]66,17,6)([73]69,64,1)([74]59,52,6)([75]47,20,3)([76]38,33,3)([77]46,44,3)([78]39,49,2)([79]56,50,3)([80]49,32,1)([81]66,36,5)([82]0,45,1)([83]57,44,7)([84]18,61,6)([85]68,74,4)([86]40,13,2)(85)
evaluations: 30285265
first invidual area: 147.10
{7,1,80,1,2,1,8}([7]4,0,3)([8]3,4,6)([9]1,7,5)([10]5,0,7)([11]6,10,3)([12]1,6,7)([13]10,4,4)([14]0,2,4)([15]7,11,2)([16]13,10,1)([17]13,9,6)([18]2,17,6)([19]14,6,5)([20]11,12,2)([21]16,5,6)([22]20,3,6)([23]8,12,2)([24]10,3,2)([25]1,5,5)([26]18,24,6)([27]0,24,7)([28]5,15,2)([29]18,10,7)([30]16,9,3)([31]23,24,6)([32]13,15,5)([33]19,21,6)([34]28,23,3)([35]22,34,3)([36]31,32,4)([37]1,4,5)([38]30,4,1)([39]19,24,6)([40]34,13,5)([41]31,33,5)([42]36,12,6)([43]5,33,5)([44]40,6,0)([45]10,35,7)([46]7,37,5)([47]34,2,7)([48]13,33,7)([49]45,1,1)([50]48,47,6)([51]45,25,4)([52]4,3,1)([53]47,14,1)([54]18,26,0)([55]50,42,5)([56]46,38,0)([57]55,1,7)([58]6,8,3)([59]6,53,6)([60]57,41,0)([61]59,28,0)([62]41,51,4)([63]56,51,2)([64]56,41,5)([65]60,63,3)([66]52,18,2)([67]58,23,6)([68]65,29,7)([69]67,38,6)([70]14,21,0)([71]49,28,6)([72]18,53,6)([73]18,8,6)([74]61,62,6)([75]37,32,1)([76]42,37,3)([77]59,37,3)([78]70,20,2)([79]38,28,5)([80]26,35,3)([81]34,12,5)([82]69,7,4)([83]37,29,6)([84]62,29,6)([85]68,74,4)([86]33,48,1)(85)
optimized area: 134.90
time: 1135043 ms
seed: 1635606210
NOT FOUND
time: 1064151 ms
seed: 1635653853
{7,1,80,1,2,1,8}([7]3,5,4)([8]5,2,7)([9]6,5,4)([10]1,8,7)([11]4,10,2)([12]3,4,4)([13]12,6,7)([14]8,7,1)([15]2,12,7)([16]13,0,7)([17]2,11,4)([18]8,3,3)([19]10,13,4)([20]19,18,3)([21]5,12,2)([22]17,10,7)([23]20,3,0)([24]9,17,5)([25]16,5,7)([26]7,0,6)([27]13,2,3)([28]11,9,3)([29]2,23,4)([30]27,15,0)([31]28,13,2)([32]0,28,4)([33]4,18,7)([34]29,30,4)([35]28,15,6)([36]28,25,3)([37]32,20,3)([38]37,2,4)([39]25,0,5)([40]10,39,7)([41]24,40,5)([42]16,41,2)([43]31,39,1)([44]19,2,2)([45]33,1,1)([46]0,22,5)([47]7,42,7)([48]17,15,4)([49]10,31,0)([50]0,7,5)([51]26,11,7)([52]35,1,5)([53]10,52,7)([54]33,39,6)([55]28,11,6)([56]32,21,3)([57]49,36,2)([58]44,37,7)([59]57,40,2)([60]25,50,6)([61]16,12,5)([62]58,47,6)([63]41,19,5)([64]23,50,0)([65]43,58,4)([66]58,34,1)([67]42,63,5)([68]10,61,4)([69]6,59,6)([70]46,62,6)([71]12,20,4)([72]34,66,0)([73]34,51,2)([74]55,45,0)([75]63,65,6)([76]17,25,2)([77]7,12,7)([78]53,47,5)([79]19,31,1)([80]75,77,5)([81]9,1,3)([82]70,73,3)([83]82,80,5)([84]16,5,3)([85]83,78,4)([86]22,3,0)(85)
evaluations: 43947743
first invidual area: 163.54
{7,1,80,1,2,1,8}([7]3,5,4)([8]5,2,7)([9]5,6,4)([10]8,1,7)([11]4,10,2)([12]4,3,4)([13]12,6,7)([14]2,13,3)([15]2,11,1)([16]0,13,7)([17]2,11,4)([18]8,3,3)([19]13,10,4)([20]19,18,3)([21]15,13,2)([22]3,7,3)([23]6,16,7)([24]9,17,5)([25]5,13,7)([26]19,17,2)([27]1,20,5)([28]10,9,3)([29]15,12,4)([30]2,20,4)([31]20,6,5)([32]0,25,5)([33]11,11,0)([34]30,14,4)([35]28,8,6)([36]10,17,7)([37]6,20,6)([38]1,33,7)([39]12,27,7)([40]10,32,7)([41]24,40,5)([42]16,41,5)([43]21,13,4)([44]7,0,3)([45]1,12,2)([46]0,36,5)([47]7,42,4)([48]2,5,7)([49]46,38,3)([50]25,13,3)([51]44,11,4)([52]35,19,5)([53]10,52,7)([54]6,4,2)([55]25,36,2)([56]12,5,0)([57]5,6,4)([58]6,49,1)([59]18,8,0)([60]10,41,6)([61]14,56,0)([62]37,47,6)([63]41,19,5)([64]18,24,4)([65]23,25,3)([66]9,35,1)([67]35,59,3)([68]20,22,2)([69]0,25,2)([70]46,62,6)([71]8,28,3)([72]67,65,6)([73]34,51,2)([74]17,36,5)([75]63,45,6)([76]58,58,4)([77]18,12,7)([78]53,47,5)([79]73,68,7)([80]75,77,5)([81]50,46,0)([82]70,73,3)([83]82,80,5)([84]43,67,4)([85]83,78,4)([86]81,44,0)(85)
optimized area: 140.57
time: 1107111 ms
seed: 1635701680
{7,1,80,1,2,1,8}([7]1,5,7)([8]2,0,5)([9]4,7,5)([10]0,6,4)([11]2,9,4)([12]2,6,5)([13]2,1,7)([14]3,8,5)([15]4,5,4)([16]14,5,7)([17]8,13,2)([18]3,3,2)([19]18,6,5)([20]17,12,3)([21]17,4,5)([22]4,1,4)([23]7,19,4)([24]15,12,5)([25]9,20,2)([26]13,4,0)([27]3,23,5)([28]23,17,4)([29]0,25,4)([30]28,24,7)([31]1,13,0)([32]11,27,3)([33]32,5,1)([34]13,32,5)([35]29,13,7)([36]9,26,6)([37]36,10,4)([38]36,37,7)([39]24,32,5)([40]27,5,7)([41]32,38,2)([42]39,37,7)([43]25,0,3)([44]11,3,2)([45]10,34,4)([46]43,31,6)([47]45,30,5)([48]29,42,2)([49]27,25,2)([50]38,0,1)([51]47,4,1)([52]30,36,3)([53]22,15,5)([54]52,47,3)([55]18,48,4)([56]55,53,3)([57]47,52,7)([58]4,56,4)([59]23,54,0)([60]28,49,2)([61]60,33,4)([62]51,33,2)([63]44,55,3)([64]58,57,5)([65]47,20,2)([66]62,52,3)([67]16,61,2)([68]27,13,1)([69]47,59,5)([70]5,44,3)([71]64,48,7)([72]62,56,2)([73]4,38,7)([74]72,28,6)([75]67,71,3)([76]37,10,6)([77]37,70,6)([78]73,66,2)([79]18,72,3)([80]35,18,5)([81]44,58,7)([82]26,54,2)([83]11,59,0)([84]57,81,0)([85]62,30,7)([86]4,44,3)(75)
evaluations: 42363066
first invidual area: 141.03
{7,1,80,1,2,1,8}([7]1,5,7)([8]0,2,5)([9]7,4,5)([10]0,6,7)([11]2,9,4)([12]2,6,5)([13]1,2,7)([14]8,3,5)([15]5,4,4)([16]9,2,7)([17]8,13,2)([18]6,3,5)([19]7,18,3)([20]12,17,3)([21]0,10,2)([22]2,18,4)([23]7,18,4)([24]15,12,5)([25]9,20,2)([26]1,10,4)([27]3,23,5)([28]23,17,4)([29]0,25,4)([30]28,24,7)([31]19,3,7)([32]11,27,3)([33]21,12,6)([34]13,32,5)([35]2,12,7)([36]9,13,6)([37]36,10,7)([38]32,1,1)([39]32,24,5)([40]11,20,3)([41]9,0,6)([42]39,37,7)([43]39,31,1)([44]34,10,7)([45]14,5,7)([46]7,15,5)([47]44,30,5)([48]29,42,2)([49]27,25,2)([50]48,14,3)([51]38,13,0)([52]30,36,3)([53]43,47,4)([54]25,44,3)([55]3,48,3)([56]55,46,3)([57]47,52,2)([58]4,56,4)([59]3,12,1)([60]28,49,2)([61]60,51,3)([62]17,40,7)([63]5,36,0)([64]58,57,5)([65]45,63,0)([66]29,32,6)([67]65,61,2)([68]19,38,5)([69]6,56,7)([70]20,31,7)([71]64,48,7)([72]60,68,3)([73]23,7,7)([74]62,5,3)([75]67,71,3)([76]9,72,3)([77]53,12,4)([78]77,7,3)([79]55,14,7)([80]2,47,7)([81]48,40,0)([82]20,29,2)([83]64,20,1)([84]62,81,7)([85]19,79,7)([86]51,23,3)(75)
optimized area: 129.29
time: 1132493 ms
seed: 1635748985
{7,1,80,1,2,1,8}([7]6,4,4)([8]5,1,4)([9]2,4,7)([10]8,1,2)([11]0,6,0)([12]8,7,4)([13]8,0,7)([14]2,13,4)([15]13,7,4)([16]7,10,6)([17]0,4,0)([18]12,13,6)([19]3,7,6)([20]16,19,4)([21]8,13,5)([22]9,8,2)([23]0,12,7)([24]2,9,3)([25]9,18,4)([26]22,11,2)([27]12,14,6)([28]13,14,7)([29]28,10,4)([30]5,6,7)([31]20,11,5)([32]27,10,4)([33]21,2,5)([34]25,30,0)([35]24,18,6)([36]25,33,3)([37]9,25,0)([38]26,3,7)([39]9,15,5)([40]30,2,4)([41]12,25,2)([42]30,35,3)([43]30,39,5)([44]24,5,7)([45]25,5,5)([46]22,38,1)([47]18,30,3)([48]3,26,5)([49]13,38,7)([50]19,11,7)([51]46,49,7)([52]31,32,2)([53]45,43,7)([54]48,43,4)([55]35,52,6)([56]40,15,3)([57]16,55,7)([58]49,52,7)([59]0,28,5)([60]57,48,1)([61]53,16,0)([62]31,40,6)([63]56,58,2)([64]53,36,3)([65]63,33,0)([66]63,53,2)([67]58,62,3)([68]51,15,7)([69]21,60,6)([70]66,6,5)([71]64,66,4)([72]60,14,3)([73]43,54,6)([74]67,48,6)([75]29,67,4)([76]61,20,2)([77]71,72,5)([78]35,6,5)([79]3,33,2)([80]19,25,4)([81]11,56,5)([82]21,52,5)([83]40,29,1)([84]66,16,1)([85]7,82,5)([86]72,49,5)(77)
evaluations: 16561469
first invidual area: 138.69
{7,1,80,1,2,1,8}([7]4,6,4)([8]5,1,4)([9]4,2,7)([10]1,8,2)([11]6,9,5)([12]8,7,4)([13]0,8,7)([14]3,6,2)([15]13,7,4)([16]0,2,5)([17]7,3,6)([18]13,12,6)([19]1,18,7)([20]5,6,7)([21]17,8,7)([22]2,13,4)([23]7,10,6)([24]22,12,6)([25]9,18,4)([26]10,20,6)([27]10,24,4)([28]10,15,5)([29]12,27,5)([30]9,8,5)([31]2,4,7)([32]21,0,5)([33]28,2,5)([34]30,13,5)([35]21,5,6)([36]25,33,3)([37]16,20,6)([38]9,15,5)([39]29,9,3)([40]30,31,6)([41]4,15,1)([42]4,12,3)([43]20,38,5)([44]17,42,2)([45]5,25,5)([46]25,41,6)([47]43,6,0)([48]43,2,7)([49]15,5,2)([50]49,42,4)([51]48,40,2)([52]32,27,2)([53]45,43,7)([54]34,52,4)([55]46,52,6)([56]15,48,3)([57]23,55,4)([58]54,3,4)([59]58,56,2)([60]52,48,0)([61]36,43,3)([62]49,52,3)([63]13,36,7)([64]17,41,2)([65]3,48,7)([66]6,53,7)([67]42,38,7)([68]57,22,3)([69]59,53,5)([70]52,18,7)([71]68,69,2)([72]9,62,3)([73]57,33,6)([74]19,64,0)([75]2,18,1)([76]21,11,1)([77]71,61,5)([78]65,62,4)([79]11,63,2)([80]61,47,6)([81]7,63,2)([82]65,51,3)([83]76,23,0)([84]13,62,1)([85]41,44,6)([86]35,2,7)(77)
optimized area: 127.90
time: 1279696 ms
seed: 1635795923
{7,1,80,1,2,1,8}([7]5,2,5)([8]7,3,7)([9]8,1,3)([10]8,4,3)([11]3,1,5)([12]2,10,5)([13]6,5,4)([14]1,5,6)([15]2,4,4)([16]10,6,2)([17]2,14,7)([18]14,0,4)([19]6,17,5)([20]13,12,5)([21]4,17,4)([22]21,16,5)([23]20,10,4)([24]19,1,7)([25]11,0,6)([26]8,22,3)([27]22,20,7)([28]2,8,2)([29]9,24,3)([30]9,2,0)([31]16,3,5)([32]21,27,5)([33]32,9,4)([34]3,13,6)([35]17,23,1)([36]14,14,3)([37]27,29,2)([38]20,33,4)([39]30,19,7)([40]0,37,6)([41]40,35,5)([42]4,33,2)([43]15,20,7)([44]16,12,2)([45]26,25,7)([46]29,17,4)([47]3,24,4)([48]9,40,4)([49]46,48,4)([50]14,24,7)([51]32,13,6)([52]39,36,3)([53]0,47,2)([54]39,14,4)([55]48,13,0)([56]15,53,2)([57]38,50,3)([58]46,7,3)([59]8,21,5)([60]33,45,6)([61]27,16,2)([62]41,29,3)([63]57,49,4)([64]28,21,5)([65]62,0,3)([66]62,18,3)([67]64,22,1)([68]23,34,7)([69]68,43,2)([70]17,63,6)([71]60,59,5)([72]0,33,1)([73]47,35,7)([74]53,69,5)([75]63,41,5)([76]67,45,5)([77]11,66,7)([78]67,53,3)([79]12,13,6)([80]76,75,4)([81]37,0,6)([82]70,44,3)([83]74,80,7)([84]55,10,6)([85]60,18,0)([86]74,70,1)(83)
evaluations: 40742059
first invidual area: 156.49
{7,1,80,1,2,1,8}([7]5,2,5)([8]7,3,7)([9]1,8,3)([10]4,8,3)([11]2,10,5)([12]3,0,0)([13]5,6,4)([14]1,5,6)([15]6,10,2)([16]2,3,6)([17]2,14,7)([18]2,4,7)([19]6,17,5)([20]11,13,5)([21]4,17,4)([22]21,15,5)([23]19,14,7)([24]19,1,7)([25]0,17,6)([26]3,25,5)([27]20,22,7)([28]18,23,2)([29]24,9,3)([30]24,25,2)([31]24,0,2)([32]27,21,5)([33]32,20,7)([34]24,13,4)([35]12,25,3)([36]34,25,6)([37]27,29,2)([38]20,9,0)([39]9,33,7)([40]37,0,6)([41]40,25,5)([42]8,12,5)([43]18,20,7)([44]13,10,3)([45]7,8,2)([46]29,17,4)([47]12,24,4)([48]9,40,4)([49]46,48,7)([50]14,24,7)([51]22,13,7)([52]23,32,4)([53]0,47,2)([54]28,37,6)([55]44,15,1)([56]55,28,1)([57]39,50,3)([58]20,57,6)([59]10,35,7)([60]17,24,0)([61]18,2,0)([62]30,1,0)([63]49,57,7)([64]54,17,7)([65]62,38,3)([66]23,62,6)([67]6,34,4)([68]44,34,7)([69]68,43,6)([70]2,53,0)([71]42,38,1)([72]27,52,6)([73]20,48,4)([74]53,69,5)([75]63,41,5)([76]62,45,5)([77]54,67,7)([78]63,55,1)([79]54,71,4)([80]76,75,5)([81]16,28,6)([82]21,9,3)([83]74,80,7)([84]59,3,7)([85]67,32,1)([86]47,56,6)(83)
optimized area: 142.44
time: 1117983 ms
seed: 1635839127
{7,1,80,1,2,1,8}([7]6,5,6)([8]4,6,0)([9]3,4,3)([10]9,6,4)([11]10,1,4)([12]2,4,5)([13]10,8,6)([14]10,3,6)([15]0,13,2)([16]15,3,3)([17]13,0,3)([18]5,12,4)([19]11,0,6)([20]15,18,4)([21]13,0,4)([22]16,20,4)([23]1,16,4)([24]17,6,0)([25]0,5,5)([26]12,6,5)([27]13,23,3)([28]24,11,5)([29]19,9,1)([30]29,26,2)([31]18,17,6)([32]8,28,4)([33]20,3,4)([34]8,22,3)([35]28,34,5)([36]0,31,3)([37]25,22,3)([38]37,27,7)([39]35,36,7)([40]5,33,6)([41]39,27,5)([42]30,40,3)([43]42,7,7)([44]34,29,2)([45]2,7,4)([46]34,13,2)([47]39,3,2)([48]42,21,6)([49]38,32,3)([50]4,19,2)([51]49,47,2)([52]10,41,0)([53]1,20,7)([54]51,4,0)([55]28,37,6)([56]47,49,3)([57]3,38,0)([58]23,10,1)([59]33,41,4)([60]41,43,2)([61]52,47,4)([62]15,50,3)([63]52,6,0)([64]18,58,3)([65]16,52,5)([66]19,10,4)([67]40,7,4)([68]45,56,2)([69]28,27,2)([70]4,31,3)([71]60,68,3)([72]70,69,5)([73]71,64,3)([74]38,21,1)([75]68,4,6)([76]6,51,1)([77]31,75,5)([78]53,31,3)([79]42,65,1)([80]19,18,4)([81]35,71,7)([82]66,26,1)([83]69,47,1)([84]56,10,1)([85]18,21,7)([86]32,84,3)(81)
evaluations: 12761020
first invidual area: 122.73
{7,1,80,1,2,1,8}([7]6,5,6)([8]3,1,4)([9]3,4,3)([10]6,9,4)([11]1,10,4)([12]2,4,5)([13]4,10,6)([14]8,13,3)([15]13,0,2)([16]3,15,3)([17]0,13,3)([18]15,5,4)([19]13,18,1)([20]18,12,4)([21]0,11,3)([22]20,16,4)([23]5,20,5)([24]17,20,6)([25]7,14,0)([26]22,5,6)([27]8,4,0)([28]11,17,5)([29]16,20,5)([30]24,0,6)([31]4,22,3)([32]6,12,5)([33]17,0,0)([34]32,21,2)([35]28,31,5)([36]7,28,1)([37]7,0,4)([38]28,4,4)([39]35,30,4)([40]34,26,6)([41]14,39,5)([42]27,18,4)([43]33,4,0)([44]15,24,5)([45]40,7,4)([46]27,29,7)([47]39,3,2)([48]13,42,4)([49]47,46,3)([50]13,9,6)([51]19,26,2)([52]15,20,3)([53]20,26,4)([54]32,43,2)([55]7,2,4)([56]38,49,3)([57]48,48,2)([58]4,43,4)([59]29,56,1)([60]41,45,2)([61]56,55,2)([62]12,48,4)([63]48,51,2)([64]11,18,7)([65]60,0,4)([66]14,37,2)([67]25,4,0)([68]42,66,7)([69]27,27,4)([70]48,26,7)([71]61,60,3)([72]27,51,2)([73]27,68,3)([74]27,42,5)([75]25,19,5)([76]61,69,6)([77]56,63,0)([78]37,50,5)([79]51,28,7)([80]35,71,7)([81]35,6,6)([82]68,61,2)([83]72,36,7)([84]15,33,5)([85]9,33,5)([86]7,37,3)(80)
optimized area: 114.30
time: 1331873 ms
seed: 1635881126
NOT FOUND
time: 1057247 ms
