seed: 1633850662
{7,1,80,1,2,1,8}([7]2,4,4)([8]1,1,0)([9]6,5,6)([10]2,1,7)([11]9,3,7)([12]7,8,3)([13]5,2,4)([14]6,9,3)([15]3,7,5)([16]11,8,2)([17]16,3,7)([18]5,8,2)([19]13,0,3)([20]15,19,6)([21]14,13,5)([22]1,19,7)([23]6,11,5)([24]21,7,4)([25]20,23,2)([26]0,4,2)([27]12,3,7)([28]19,27,2)([29]22,26,4)([30]29,28,0)([31]7,17,7)([32]12,0,3)([33]26,16,2)([34]7,25,4)([35]5,34,4)([36]1,35,3)([37]35,32,7)([38]34,2,5)([39]1,0,6)([40]37,7,2)([41]39,6,6)([42]36,6,2)([43]29,0,5)([44]22,10,2)([45]24,42,3)([46]45,33,4)([47]46,41,4)([48]47,20,4)([49]31,30,6)([50]28,48,4)([51]38,17,5)([52]44,41,3)([53]14,24,1)([54]26,39,0)([55]11,37,4)([56]25,38,5)([57]23,16,3)([58]49,55,7)([59]31,52,6)([60]38,46,7)([61]32,10,5)([62]10,4,4)([63]26,43,4)([64]50,14,5)([65]8,57,1)([66]38,12,7)([67]15,30,4)([68]39,32,5)([69]14,7,1)([70]56,55,0)([71]58,59,3)([72]46,66,7)([73]72,63,7)([74]37,31,7)([75]68,69,0)([76]7,72,0)([77]74,9,1)([78]21,71,2)([79]2,29,4)([80]71,64,6)([81]80,73,7)([82]63,17,5)([83]69,45,3)([84]68,65,3)([85]27,7,5)([86]14,58,3)(81)
evaluations: 10641117
first invidual area: 175.26
{7,1,80,1,2,1,8}([7]4,2,4)([8]7,4,0)([9]5,6,6)([10]1,0,2)([11]9,3,7)([12]8,1,3)([13]2,5,4)([14]6,9,3)([15]3,8,5)([16]11,1,5)([17]7,16,4)([18]3,12,7)([19]13,0,3)([20]15,19,6)([21]1,0,6)([22]19,1,4)([23]14,13,5)([24]23,8,4)([25]5,12,4)([26]4,10,2)([27]3,7,7)([28]19,18,5)([29]26,22,6)([30]26,11,5)([31]17,3,7)([32]3,23,3)([33]12,0,6)([34]7,20,4)([35]34,5,4)([36]6,21,3)([37]11,33,4)([38]34,2,5)([39]5,1,4)([40]35,1,3)([41]20,36,4)([42]6,40,2)([43]25,12,2)([44]24,42,6)([45]44,30,0)([46]30,45,4)([47]46,28,7)([48]20,47,3)([49]29,31,3)([50]36,48,7)([51]28,25,2)([52]10,9,3)([53]31,52,6)([54]53,42,5)([55]37,35,4)([56]0,6,4)([57]46,24,5)([58]49,55,4)([59]39,25,4)([60]12,14,4)([61]22,52,4)([62]4,12,7)([63]30,6,2)([64]14,50,5)([65]16,46,4)([66]38,12,5)([67]65,11,2)([68]13,49,7)([69]53,47,5)([70]49,65,5)([71]58,53,3)([72]10,66,4)([73]72,46,4)([74]2,69,0)([75]35,65,5)([76]52,15,1)([77]6,32,0)([78]59,25,1)([79]13,22,6)([80]71,64,3)([81]80,73,4)([82]5,35,3)([83]58,18,2)([84]2,1,4)([85]25,18,3)([86]15,32,7)(81)
optimized area: 150.87
time: 689487 ms
seed: 1633937522
{7,1,80,1,2,1,8}([7]4,0,7)([8]7,3,7)([9]7,1,5)([10]6,8,4)([11]5,7,0)([12]10,3,5)([13]2,12,2)([14]10,4,7)([15]14,14,6)([16]7,14,2)([17]2,4,6)([18]12,5,2)([19]4,1,7)([20]13,6,3)([21]19,2,5)([22]17,10,0)([23]2,20,1)([24]17,20,6)([25]21,9,2)([26]15,6,5)([27]9,8,3)([28]12,7,7)([29]7,15,0)([30]8,15,3)([31]18,17,3)([32]16,10,5)([33]17,0,0)([34]21,22,1)([35]16,20,6)([36]8,31,7)([37]24,24,6)([38]31,26,5)([39]30,38,5)([40]32,25,5)([41]19,15,4)([42]11,39,4)([43]7,41,7)([44]43,34,3)([45]20,7,1)([46]42,44,2)([47]20,37,5)([48]46,2,4)([49]31,25,4)([50]23,24,4)([51]1,7,0)([52]30,33,7)([53]38,9,2)([54]45,35,1)([55]1,44,0)([56]6,8,5)([57]31,56,4)([58]6,1,6)([59]13,24,6)([60]48,53,4)([61]46,49,3)([62]39,41,0)([63]55,10,7)([64]39,40,7)([65]37,63,6)([66]53,15,5)([67]26,10,2)([68]48,51,2)([69]10,6,5)([70]60,64,3)([71]20,28,0)([72]13,28,3)([73]21,61,6)([74]72,61,0)([75]70,61,5)([76]33,33,2)([77]10,31,6)([78]58,25,1)([79]69,74,3)([80]9,26,4)([81]69,2,6)([82]65,75,3)([83]78,79,4)([84]74,8,2)([85]83,23,4)([86]62,64,1)(82)
evaluations: 6446962
first invidual area: 121.32
{7,1,80,1,2,1,8}([7]4,0,7)([8]7,3,7)([9]7,1,5)([10]8,6,4)([11]4,10,4)([12]4,2,6)([13]10,3,5)([14]1,4,7)([15]13,1,1)([16]14,2,5)([17]2,13,2)([18]1,9,0)([19]13,6,1)([20]17,12,3)([21]20,9,6)([22]6,20,3)([23]2,17,6)([24]9,16,5)([25]4,16,0)([26]5,13,2)([27]11,6,5)([28]24,11,0)([29]18,15,1)([30]16,20,1)([31]26,12,3)([32]20,27,5)([33]31,17,4)([34]11,8,3)([35]32,9,5)([36]27,31,5)([37]33,27,7)([38]12,1,2)([39]36,34,5)([40]39,2,4)([41]18,10,7)([42]5,39,4)([43]7,41,7)([44]43,30,3)([45]22,41,6)([46]42,44,2)([47]8,45,4)([48]40,14,3)([49]18,26,1)([50]16,13,3)([51]39,4,1)([52]19,37,6)([53]28,5,0)([54]29,38,2)([55]31,28,7)([56]12,10,2)([57]19,5,7)([58]48,17,1)([59]39,35,7)([60]40,46,4)([61]46,55,3)([62]59,34,3)([63]50,46,4)([64]60,59,3)([65]37,50,5)([66]60,53,0)([67]66,24,6)([68]6,64,4)([69]30,12,4)([70]23,52,5)([71]52,64,3)([72]68,60,5)([73]12,16,3)([74]51,68,7)([75]61,64,5)([76]12,27,1)([77]4,36,2)([78]74,12,7)([79]46,58,6)([80]11,68,2)([81]59,1,5)([82]45,75,3)([83]78,60,6)([84]56,10,6)([85]3,24,3)([86]65,38,0)(82)
optimized area: 106.80
time: 724550 ms
seed: 1633965238
{7,1,80,1,2,1,8}([7]3,4,3)([8]2,5,2)([9]8,0,4)([10]6,2,6)([11]2,0,6)([12]7,6,4)([13]9,6,4)([14]12,11,7)([15]3,11,4)([16]0,2,1)([17]5,15,3)([18]4,5,4)([19]15,10,7)([20]1,13,7)([21]20,4,7)([22]11,6,3)([23]14,1,4)([24]23,20,2)([25]18,23,7)([26]21,0,2)([27]15,20,6)([28]27,8,2)([29]18,13,6)([30]17,13,6)([31]7,13,7)([32]19,30,4)([33]31,15,1)([34]0,25,0)([35]23,32,6)([36]15,14,4)([37]36,0,3)([38]26,30,7)([39]1,25,0)([40]11,37,3)([41]2,23,0)([42]9,17,6)([43]18,9,7)([44]24,40,6)([45]35,21,0)([46]0,36,5)([47]27,44,6)([48]25,41,0)([49]2,38,6)([50]16,9,3)([51]45,12,6)([52]45,6,3)([53]2,32,0)([54]18,30,4)([55]47,43,2)([56]19,55,6)([57]27,56,1)([58]56,49,2)([59]54,2,6)([60]51,58,7)([61]51,39,5)([62]34,4,5)([63]42,53,0)([64]33,56,6)([65]4,50,1)([66]43,11,7)([67]32,57,3)([68]60,55,4)([69]8,68,3)([70]38,25,7)([71]20,62,2)([72]62,18,2)([73]10,44,5)([74]13,60,2)([75]26,45,5)([76]75,17,1)([77]25,75,4)([78]47,62,7)([79]61,76,5)([80]54,20,7)([81]77,55,6)([82]8,14,3)([83]52,32,0)([84]5,16,0)([85]68,81,7)([86]22,17,1)(85)
evaluations: 21085148
first invidual area: 137.78
{7,1,80,1,2,1,8}([7]4,3,6)([8]2,5,5)([9]0,8,7)([10]2,6,6)([11]2,0,6)([12]6,7,7)([13]6,9,4)([14]5,12,4)([15]11,3,4)([16]5,15,3)([17]1,11,7)([18]5,4,4)([19]10,15,7)([20]1,13,7)([21]2,17,0)([22]0,6,0)([23]17,12,4)([24]20,4,7)([25]23,7,0)([26]24,9,2)([27]16,6,5)([28]13,16,6)([29]28,28,4)([30]21,18,5)([31]18,9,7)([32]19,28,4)([33]27,0,3)([34]33,11,6)([35]25,32,6)([36]22,33,6)([37]18,14,1)([38]0,36,0)([39]32,26,6)([40]4,36,4)([41]23,3,7)([42]20,15,6)([43]14,26,3)([44]28,38,5)([45]38,32,7)([46]15,17,5)([47]42,34,6)([48]18,25,7)([49]19,39,6)([50]40,1,1)([51]49,35,5)([52]43,44,1)([53]30,50,7)([54]35,12,3)([55]31,47,2)([56]2,55,6)([57]29,51,7)([58]56,49,5)([59]0,9,3)([60]58,54,4)([61]41,33,0)([62]55,2,5)([63]20,59,4)([64]60,31,3)([65]17,1,5)([66]40,10,3)([67]23,52,2)([68]44,38,2)([69]26,45,2)([70]42,34,1)([71]2,62,1)([72]29,40,2)([73]53,2,7)([74]72,42,1)([75]35,9,7)([76]26,56,2)([77]48,51,2)([78]77,21,1)([79]38,13,2)([80]47,53,7)([81]64,73,4)([82]16,22,0)([83]55,77,3)([84]59,12,5)([85]60,83,4)([86]45,32,0)(85)
optimized area: 119.95
time: 651732 ms
seed: 1633988218
NOT FOUND
time: 522534 ms
seed: 1634037153
NOT FOUND
time: 532952 ms
seed: 1634151210
NOT FOUND
time: 523441 ms
seed: 1634198477
NOT FOUND
time: 531217 ms
seed: 1634247501
NOT FOUND
time: 542190 ms
seed: 1634295649
NOT FOUND
time: 524406 ms
seed: 1634336086
{7,1,80,1,2,1,8}([7]4,3,6)([8]7,6,7)([9]4,3,5)([10]3,3,5)([11]6,5,7)([12]0,8,7)([13]8,2,6)([14]7,5,4)([15]9,2,2)([16]10,0,6)([17]9,6,4)([18]2,17,6)([19]11,1,5)([20]11,13,4)([21]12,1,5)([22]3,21,5)([23]15,5,0)([24]9,21,5)([25]5,15,4)([26]16,20,2)([27]12,7,6)([28]6,19,1)([29]19,24,4)([30]13,29,2)([31]21,18,3)([32]2,12,2)([33]1,26,4)([34]31,33,7)([35]15,34,7)([36]23,23,6)([37]2,36,5)([38]22,24,7)([39]7,30,3)([40]25,33,6)([41]29,32,2)([42]38,20,7)([43]27,40,4)([44]2,2,0)([45]41,25,7)([46]29,43,2)([47]46,4,7)([48]45,47,5)([49]47,36,6)([50]35,49,1)([51]50,30,6)([52]37,34,2)([53]22,0,3)([54]6,41,1)([55]42,37,2)([56]10,10,0)([57]39,33,4)([58]2,21,4)([59]44,9,0)([60]39,34,3)([61]18,38,1)([62]16,5,6)([63]34,27,2)([64]41,45,6)([65]39,53,2)([66]51,5,6)([67]57,43,1)([68]37,23,3)([69]20,7,4)([70]17,25,3)([71]48,28,2)([72]7,25,4)([73]51,55,6)([74]65,73,4)([75]51,8,5)([76]68,42,6)([77]16,49,1)([78]67,33,1)([79]24,74,4)([80]74,71,4)([81]34,4,5)([82]60,65,5)([83]36,77,4)([84]22,69,7)([85]54,18,4)([86]62,57,5)(80)
evaluations: 23900059
first invidual area: 146.63
{7,1,80,1,2,1,8}([7]3,4,6)([8]7,6,7)([9]3,4,5)([10]3,7,1)([11]6,5,7)([12]8,0,7)([13]8,2,6)([14]12,0,6)([15]9,2,5)([16]10,0,6)([17]1,9,3)([18]9,5,2)([19]1,11,5)([20]13,11,4)([21]12,1,5)([22]21,3,5)([23]18,2,6)([24]21,9,5)([25]6,13,7)([26]16,20,5)([27]12,2,2)([28]27,16,7)([29]24,19,4)([30]13,29,2)([31]21,23,6)([32]3,17,6)([33]1,26,4)([34]31,33,7)([35]15,34,7)([36]30,35,6)([37]15,2,5)([38]20,22,7)([39]7,30,3)([40]34,27,3)([41]29,27,5)([42]41,18,7)([43]14,40,7)([44]11,35,6)([45]42,2,7)([46]29,43,5)([47]46,4,4)([48]45,47,5)([49]6,19,1)([50]17,46,4)([51]38,24,7)([52]37,51,2)([53]22,0,3)([54]28,20,5)([55]32,20,7)([56]35,6,2)([57]9,55,5)([58]47,45,7)([59]45,15,5)([60]10,7,1)([61]48,49,5)([62]46,5,4)([63]38,5,4)([64]60,54,2)([65]39,53,5)([66]17,18,2)([67]1,27,7)([68]14,44,0)([69]16,68,2)([70]68,41,2)([71]62,13,2)([72]13,13,7)([73]36,52,6)([74]65,73,7)([75]26,50,3)([76]53,51,7)([77]54,75,6)([78]33,65,1)([79]17,60,3)([80]74,61,7)([81]22,26,6)([82]42,15,5)([83]28,25,5)([84]24,55,2)([85]46,13,5)([86]1,4,5)(80)
optimized area: 137.25
time: 652969 ms
seed: 1634385023
{7,1,80,1,2,1,8}([7]6,2,3)([8]1,5,7)([9]1,5,3)([10]9,2,4)([11]3,10,4)([12]4,11,3)([13]4,9,4)([14]6,2,3)([15]1,10,7)([16]0,7,7)([17]16,15,2)([18]17,2,6)([19]13,18,6)([20]6,8,3)([21]20,2,4)([22]4,16,3)([23]21,12,2)([24]19,16,6)([25]13,11,3)([26]21,11,6)([27]7,8,5)([28]9,27,7)([29]0,21,6)([30]18,11,2)([31]19,30,7)([32]12,3,2)([33]31,22,5)([34]15,29,5)([35]0,26,3)([36]32,28,3)([37]27,34,5)([38]35,13,2)([39]33,36,4)([40]5,4,6)([41]9,40,7)([42]38,31,7)([43]19,37,2)([44]29,17,5)([45]36,6,7)([46]27,17,7)([47]15,29,6)([48]43,45,7)([49]25,47,4)([50]41,13,0)([51]3,17,6)([52]14,16,3)([53]40,47,4)([54]29,36,0)([55]42,12,6)([56]42,24,2)([57]56,3,7)([58]0,12,5)([59]41,58,2)([60]48,59,7)([61]57,23,3)([62]39,49,3)([63]18,19,0)([64]49,17,7)([65]21,51,4)([66]46,6,2)([67]21,21,7)([68]55,51,0)([69]53,50,6)([70]18,8,5)([71]39,24,2)([72]60,55,4)([73]25,70,3)([74]39,61,2)([75]74,72,3)([76]75,62,5)([77]28,44,2)([78]24,37,3)([79]42,71,3)([80]50,38,6)([81]43,36,7)([82]27,59,0)([83]13,60,4)([84]27,68,4)([85]4,33,2)([86]79,34,5)(76)
evaluations: 26210941
first invidual area: 161.16
{7,1,80,1,2,1,8}([7]6,2,3)([8]5,1,7)([9]5,1,3)([10]2,9,4)([11]10,3,4)([12]11,4,3)([13]9,4,4)([14]0,12,5)([15]1,10,7)([16]7,0,7)([17]16,15,2)([18]17,2,6)([19]13,18,6)([20]6,8,3)([21]2,20,4)([22]5,2,4)([23]21,12,2)([24]21,6,5)([25]11,13,6)([26]16,4,3)([27]8,7,5)([28]9,27,7)([29]0,21,6)([30]18,11,2)([31]19,30,6)([32]12,3,2)([33]31,26,5)([34]15,29,5)([35]0,29,3)([36]32,28,3)([37]27,34,5)([38]27,13,4)([39]33,36,4)([40]4,5,3)([41]21,23,3)([42]33,32,3)([43]19,37,5)([44]22,38,1)([45]36,6,4)([46]16,14,6)([47]29,15,3)([48]43,45,7)([49]25,47,4)([50]2,32,3)([51]6,46,1)([52]40,9,4)([53]50,32,2)([54]18,8,3)([55]17,35,0)([56]6,42,5)([57]3,56,4)([58]28,43,5)([59]52,14,5)([60]16,53,0)([61]57,23,3)([62]37,6,6)([63]12,35,6)([64]17,26,5)([65]48,59,4)([66]21,18,7)([67]39,49,3)([68]47,39,3)([69]55,10,0)([70]11,66,6)([71]16,25,5)([72]65,63,3)([73]32,60,0)([74]61,39,2)([75]74,72,3)([76]75,67,5)([77]12,28,7)([78]77,14,6)([79]50,48,5)([80]50,14,3)([81]75,55,3)([82]38,63,4)([83]59,32,6)([84]28,26,4)([85]59,28,2)([86]5,40,0)(76)
optimized area: 145.68
time: 655565 ms
seed: 1634434050
{7,1,80,1,2,1,8}([7]1,4,7)([8]4,2,3)([9]5,1,7)([10]5,0,0)([11]4,10,5)([12]6,0,2)([13]10,3,6)([14]6,3,5)([15]14,4,5)([16]10,14,4)([17]16,15,7)([18]15,13,6)([19]15,9,2)([20]7,9,7)([21]0,18,6)([22]16,5,4)([23]9,12,3)([24]13,19,0)([25]21,10,4)([26]6,9,2)([27]11,5,2)([28]25,3,3)([29]10,9,4)([30]26,1,4)([31]22,1,7)([32]15,6,7)([33]2,15,1)([34]26,19,4)([35]33,20,2)([36]17,32,5)([37]9,8,1)([38]8,10,1)([39]0,20,4)([40]25,17,5)([41]40,28,5)([42]29,32,3)([43]40,33,7)([44]43,21,2)([45]28,42,3)([46]17,42,2)([47]3,34,6)([48]47,39,3)([49]20,44,7)([50]19,27,7)([51]39,24,3)([52]49,12,7)([53]12,36,3)([54]43,48,4)([55]17,6,2)([56]54,46,2)([57]45,31,5)([58]48,52,3)([59]57,56,6)([60]2,36,3)([61]41,36,0)([62]57,42,0)([63]59,60,7)([64]45,20,4)([65]49,63,2)([66]31,51,5)([67]39,49,3)([68]58,9,5)([69]58,8,4)([70]33,63,3)([71]69,44,3)([72]13,54,7)([73]34,53,3)([74]13,71,4)([75]28,14,0)([76]26,59,3)([77]53,52,0)([78]59,73,4)([79]62,60,0)([80]76,74,3)([81]65,50,7)([82]80,81,7)([83]45,57,7)([84]56,41,5)([85]37,47,0)([86]9,75,0)(82)
evaluations: 11856304
first invidual area: 169.62
{7,1,80,1,2,1,8}([7]2,1,1)([8]1,1,2)([9]1,5,7)([10]9,6,2)([11]8,9,0)([12]2,4,6)([13]5,3,6)([14]6,3,5)([15]4,14,5)([16]14,15,5)([17]16,5,7)([18]15,13,6)([19]9,15,2)([20]4,5,7)([21]0,18,6)([22]3,19,6)([23]9,5,6)([24]11,12,3)([25]5,21,4)([26]7,17,5)([27]20,4,3)([28]3,25,3)([29]14,8,7)([30]10,6,3)([31]19,29,3)([32]6,15,7)([33]32,28,3)([34]20,25,0)([35]3,20,1)([36]14,0,2)([37]13,17,6)([38]25,17,5)([39]30,3,3)([40]9,34,0)([41]20,0,4)([42]17,3,6)([43]2,38,4)([44]21,43,2)([45]11,31,1)([46]17,32,2)([47]32,44,3)([48]41,22,3)([49]34,44,7)([50]47,0,6)([51]27,19,4)([52]1,33,7)([53]16,15,4)([54]43,48,4)([55]46,54,2)([56]11,31,4)([57]29,33,5)([58]49,4,6)([59]57,55,6)([60]6,45,6)([61]10,59,3)([62]29,18,5)([63]26,59,7)([64]30,25,2)([65]7,37,2)([66]47,13,0)([67]33,64,7)([68]48,36,3)([69]68,12,7)([70]44,65,1)([71]69,44,3)([72]13,63,1)([73]47,10,6)([74]13,71,4)([75]63,49,5)([76]43,23,2)([77]57,69,0)([78]3,25,6)([79]44,3,3)([80]61,74,6)([81]75,51,7)([82]81,80,7)([83]6,23,7)([84]59,28,6)([85]6,51,3)([86]42,61,0)(82)
optimized area: 136.33
time: 754691 ms
seed: 1634494408
NOT FOUND
time: 535230 ms
seed: 1634593536
{7,1,80,1,2,1,8}([7]0,0,1)([8]7,1,2)([9]7,3,7)([10]8,2,7)([11]4,3,5)([12]3,2,4)([13]1,11,7)([14]2,11,2)([15]13,5,4)([16]6,6,2)([17]10,15,2)([18]16,3,4)([19]4,17,3)([20]19,5,4)([21]14,0,2)([22]11,10,4)([23]11,22,2)([24]12,20,6)([25]18,15,7)([26]19,10,4)([27]21,20,4)([28]9,6,2)([29]10,28,7)([30]3,5,4)([31]12,1,6)([32]6,12,6)([33]1,20,7)([34]24,4,2)([35]32,18,4)([36]32,10,1)([37]29,27,1)([38]31,32,5)([39]22,28,1)([40]18,24,5)([41]18,38,3)([42]18,7,4)([43]22,5,3)([44]32,21,0)([45]17,3,2)([46]17,8,1)([47]20,33,1)([48]37,13,7)([49]21,28,4)([50]40,34,5)([51]38,8,7)([52]25,46,4)([53]42,48,2)([54]23,45,5)([55]48,49,2)([56]52,27,6)([57]23,42,6)([58]17,51,7)([59]50,1,7)([60]27,26,6)([61]33,7,1)([62]55,30,7)([63]61,50,2)([64]43,12,1)([65]30,39,7)([66]24,4,5)([67]27,35,1)([68]56,62,2)([69]57,58,6)([70]63,68,4)([71]32,10,2)([72]65,56,4)([73]26,38,1)([74]69,27,2)([75]48,6,2)([76]70,74,7)([77]66,2,3)([78]2,53,7)([79]45,12,0)([80]22,78,3)([81]71,72,0)([82]81,13,3)([83]6,26,7)([84]25,70,2)([85]23,79,7)([86]41,4,7)(76)
evaluations: 28424341
first invidual area: 158.38
{7,1,80,1,2,1,8}([7]0,5,1)([8]7,1,2)([9]5,2,0)([10]8,2,7)([11]4,3,5)([12]3,2,4)([13]11,1,4)([14]11,2,2)([15]13,5,7)([16]14,0,5)([17]15,10,2)([18]3,6,4)([19]4,17,6)([20]9,19,7)([21]0,13,6)([22]10,11,1)([23]22,11,2)([24]15,18,7)([25]18,12,6)([26]10,5,5)([27]20,16,7)([28]5,3,7)([29]24,17,7)([30]3,7,0)([31]12,1,6)([32]10,14,6)([33]32,26,2)([34]5,25,2)([35]31,6,5)([36]17,26,0)([37]35,13,7)([38]31,35,2)([39]4,34,5)([40]20,23,0)([41]4,30,6)([42]18,0,7)([43]6,42,5)([44]42,42,1)([45]26,42,7)([46]11,40,7)([47]40,43,7)([48]6,27,7)([49]39,3,5)([50]32,32,7)([51]38,8,6)([52]42,14,7)([53]1,40,4)([54]45,39,7)([55]37,47,5)([56]29,27,6)([57]23,42,6)([58]36,51,4)([59]7,27,0)([60]47,20,5)([61]58,57,6)([62]55,28,7)([63]53,39,5)([64]53,39,5)([65]52,57,7)([66]33,16,6)([67]58,48,5)([68]56,62,5)([69]68,14,1)([70]63,68,7)([71]7,66,5)([72]38,55,4)([73]1,52,0)([74]27,61,5)([75]63,59,0)([76]70,74,7)([77]51,16,7)([78]27,7,0)([79]27,4,5)([80]4,46,1)([81]11,21,3)([82]61,10,3)([83]34,48,1)([84]67,23,4)([85]25,82,2)([86]71,63,5)(76)
optimized area: 134.47
time: 601947 ms
seed: 1634642376
NOT FOUND
time: 529964 ms
seed: 1634682568
{7,1,80,1,2,1,8}([7]3,6,2)([8]6,5,6)([9]6,4,3)([10]1,5,4)([11]9,5,5)([12]3,10,4)([13]12,4,0)([14]6,2,6)([15]10,12,7)([16]6,11,7)([17]10,1,1)([18]11,4,4)([19]2,1,4)([20]15,16,7)([21]1,19,5)([22]7,0,5)([23]17,18,6)([24]10,0,4)([25]23,7,2)([26]21,16,7)([27]5,13,2)([28]4,24,4)([29]28,5,6)([30]15,28,4)([31]30,1,2)([32]15,22,4)([33]16,1,4)([34]10,29,4)([35]26,27,0)([36]7,23,4)([37]1,10,7)([38]31,12,5)([39]11,6,6)([40]35,38,2)([41]2,36,2)([42]3,19,7)([43]41,20,7)([44]35,22,2)([45]42,32,3)([46]28,43,2)([47]45,40,5)([48]27,24,2)([49]29,9,4)([50]23,6,3)([51]14,18,5)([52]1,18,4)([53]21,25,5)([54]50,2,2)([55]19,46,2)([56]38,36,3)([57]47,54,7)([58]25,38,7)([59]55,31,2)([60]3,13,3)([61]10,16,3)([62]39,47,0)([63]48,0,7)([64]57,55,4)([65]36,63,6)([66]62,34,0)([67]31,57,4)([68]67,48,5)([69]48,37,3)([70]9,18,1)([71]12,54,7)([72]65,51,2)([73]71,11,5)([74]20,69,3)([75]67,39,6)([76]72,64,3)([77]39,59,4)([78]4,60,4)([79]27,13,7)([80]5,51,6)([81]76,78,4)([82]69,0,1)([83]60,33,3)([84]40,5,2)([85]41,28,4)([86]14,61,5)(81)
evaluations: 31277904
first invidual area: 148.54
{7,1,80,1,2,1,8}([7]6,3,5)([8]4,6,3)([9]6,0,5)([10]1,5,4)([11]0,4,4)([12]3,10,4)([13]6,2,6)([14]5,8,5)([15]6,12,3)([16]6,14,7)([17]10,7,1)([18]5,4,7)([19]2,1,4)([20]5,12,5)([21]19,1,5)([22]17,18,3)([23]3,16,4)([24]17,0,7)([25]5,2,0)([26]21,16,7)([27]3,19,7)([28]4,24,4)([29]12,3,0)([30]0,6,0)([31]11,29,2)([32]28,0,4)([33]30,15,6)([34]10,7,5)([35]2,25,7)([36]7,22,4)([37]4,17,6)([38]31,1,5)([39]15,9,5)([40]26,38,2)([41]2,36,5)([42]9,3,2)([43]41,23,4)([44]29,12,5)([45]42,27,3)([46]28,43,2)([47]45,40,5)([48]20,24,5)([49]18,13,5)([50]6,36,3)([51]7,16,1)([52]32,44,0)([53]17,9,5)([54]50,2,5)([55]19,46,5)([56]11,30,0)([57]47,54,4)([58]28,54,7)([59]29,10,3)([60]35,45,1)([61]53,48,1)([62]17,50,6)([63]10,48,4)([64]57,55,7)([65]36,63,6)([66]27,58,0)([67]54,12,3)([68]39,8,1)([69]55,64,4)([70]26,5,3)([71]48,29,3)([72]65,49,2)([73]61,36,1)([74]31,45,7)([75]16,69,4)([76]72,64,3)([77]15,36,0)([78]4,59,7)([79]28,38,2)([80]46,47,5)([81]76,78,7)([82]43,15,7)([83]14,50,7)([84]19,53,6)([85]26,2,2)([86]77,18,0)(81)
optimized area: 138.68
time: 913637 ms
seed: 1634713305
{7,1,80,1,2,1,8}([7]6,5,7)([8]0,2,3)([9]2,4,6)([10]8,1,4)([11]8,4,4)([12]4,0,6)([13]3,5,6)([14]6,8,7)([15]14,3,3)([16]7,3,5)([17]9,10,7)([18]16,4,5)([19]17,5,7)([20]11,16,4)([21]9,13,5)([22]14,0,3)([23]15,4,7)([24]19,20,2)([25]17,19,3)([26]0,21,5)([27]3,23,3)([28]1,27,6)([29]2,12,7)([30]26,16,0)([31]21,0,4)([32]30,24,7)([33]14,8,2)([34]15,29,7)([35]34,32,3)([36]10,12,6)([37]22,20,6)([38]37,25,3)([39]36,18,4)([40]11,6,3)([41]0,26,0)([42]31,5,6)([43]6,13,5)([44]35,39,5)([45]41,10,3)([46]41,45,6)([47]17,9,3)([48]34,32,3)([49]38,44,7)([50]47,20,2)([51]40,19,7)([52]12,51,7)([53]31,1,0)([54]10,52,6)([55]54,43,5)([56]24,5,4)([57]6,14,7)([58]51,5,2)([59]28,37,4)([60]55,49,2)([61]2,6,6)([62]36,16,2)([63]36,19,6)([64]15,29,6)([65]28,24,3)([66]16,65,5)([67]25,26,3)([68]43,24,4)([69]31,54,5)([70]63,68,6)([71]59,33,7)([72]23,13,1)([73]70,50,5)([74]32,60,6)([75]15,5,7)([76]60,73,4)([77]23,73,5)([78]32,57,1)([79]67,15,3)([80]69,20,2)([81]79,16,6)([82]23,19,3)([83]31,36,5)([84]35,35,6)([85]7,5,2)([86]7,0,5)(76)
evaluations: 46648803
first invidual area: 134.46
{7,1,80,1,2,1,8}([7]6,5,7)([8]0,2,3)([9]2,4,6)([10]8,1,4)([11]4,8,4)([12]4,0,6)([13]5,3,6)([14]6,8,7)([15]14,3,6)([16]7,3,5)([17]9,10,7)([18]16,4,5)([19]17,5,7)([20]11,16,4)([21]19,16,2)([22]14,0,3)([23]9,7,5)([24]19,20,5)([25]17,19,3)([26]0,23,5)([27]11,23,6)([28]17,27,0)([29]2,12,7)([30]3,11,1)([31]3,16,3)([32]26,24,4)([33]6,11,3)([34]15,29,4)([35]34,32,3)([36]10,12,6)([37]22,20,6)([38]37,25,3)([39]36,18,4)([40]37,19,1)([41]28,28,4)([42]35,38,6)([43]6,13,5)([44]35,39,5)([45]17,31,6)([46]26,28,5)([47]28,9,3)([48]42,3,2)([49]38,44,7)([50]47,20,2)([51]33,19,4)([52]12,51,4)([53]29,19,6)([54]10,52,6)([55]54,43,5)([56]32,23,3)([57]2,41,3)([58]35,52,2)([59]53,55,5)([60]55,49,5)([61]14,1,0)([62]36,33,1)([63]32,22,6)([64]3,16,0)([65]59,23,6)([66]50,52,0)([67]18,60,0)([68]43,19,4)([69]54,12,6)([70]63,68,6)([71]4,59,6)([72]11,11,1)([73]70,50,5)([74]55,7,4)([75]72,41,2)([76]60,73,7)([77]11,18,7)([78]15,71,3)([79]61,40,4)([80]56,36,5)([81]44,15,5)([82]40,73,2)([83]32,40,1)([84]16,53,6)([85]40,34,1)([86]6,35,7)(76)
optimized area: 133.52
time: 526532 ms
seed: 1634760256
NOT FOUND
time: 1003889 ms
seed: 1634825360
{7,1,80,1,2,1,8}([7]2,4,3)([8]5,1,3)([9]2,1,2)([10]1,7,4)([11]8,7,2)([12]10,0,4)([13]0,6,7)([14]3,6,7)([15]11,4,7)([16]7,5,6)([17]5,12,4)([18]14,10,4)([19]4,18,6)([20]2,13,5)([21]0,19,4)([22]6,14,7)([23]9,12,5)([24]21,15,3)([25]7,12,3)([26]20,18,5)([27]17,2,5)([28]1,15,4)([29]6,25,5)([30]18,8,0)([31]8,3,5)([32]8,19,2)([33]21,26,4)([34]33,27,7)([35]16,29,7)([36]23,17,6)([37]29,15,0)([38]22,35,4)([39]35,24,2)([40]28,23,7)([41]17,21,7)([42]40,34,6)([43]8,42,0)([44]41,32,0)([45]0,35,6)([46]34,10,6)([47]39,2,3)([48]0,14,1)([49]48,26,5)([50]13,49,6)([51]27,14,5)([52]17,13,5)([53]23,19,2)([54]52,29,0)([55]49,17,2)([56]13,35,3)([57]52,2,2)([58]23,22,5)([59]25,55,2)([60]27,45,1)([61]43,59,5)([62]61,47,3)([63]28,1,0)([64]56,14,7)([65]62,42,2)([66]28,64,7)([67]59,57,1)([68]36,55,5)([69]54,46,1)([70]67,24,2)([71]59,52,0)([72]6,23,2)([73]72,39,6)([74]57,44,5)([75]47,66,2)([76]1,67,6)([77]76,31,2)([78]26,23,7)([79]76,78,5)([80]75,74,2)([81]47,3,0)([82]52,51,5)([83]65,80,6)([84]45,0,7)([85]53,41,0)([86]22,36,3)(83)
evaluations: 12304945
first invidual area: 140.07
{7,1,80,1,2,1,8}([7]2,4,3)([8]1,5,3)([9]0,2,2)([10]7,1,4)([11]8,10,5)([12]0,10,4)([13]9,6,6)([14]2,13,5)([15]6,3,7)([16]7,1,7)([17]12,5,4)([18]1,15,7)([19]9,1,5)([20]18,4,3)([21]20,0,4)([22]5,4,3)([23]3,3,1)([24]15,13,2)([25]12,20,3)([26]14,18,5)([27]17,2,5)([28]4,11,4)([29]25,6,5)([30]29,22,4)([31]10,3,5)([32]28,19,7)([33]26,21,7)([34]27,33,7)([35]17,30,5)([36]27,7,2)([37]31,4,4)([38]22,1,4)([39]9,13,3)([40]10,33,2)([41]5,22,1)([42]21,27,7)([43]37,28,2)([44]17,0,7)([45]36,26,4)([46]19,15,2)([47]2,30,3)([48]2,35,2)([49]16,39,3)([50]44,23,5)([51]9,15,2)([52]34,32,6)([53]21,10,0)([54]34,1,4)([55]5,35,2)([56]48,21,0)([57]4,50,6)([58]17,31,5)([59]33,15,1)([60]24,49,5)([61]58,42,5)([62]23,11,3)([63]28,3,7)([64]58,47,3)([65]64,52,2)([66]63,13,4)([67]66,47,2)([68]50,29,0)([69]30,36,6)([70]68,17,0)([71]9,1,2)([72]10,31,5)([73]63,67,2)([74]56,42,5)([75]17,71,6)([76]23,16,3)([77]40,9,2)([78]0,34,3)([79]52,43,0)([80]67,74,2)([81]30,69,5)([82]51,32,0)([83]65,80,6)([84]48,45,3)([85]12,62,1)([86]37,27,5)(83)
optimized area: 119.46
time: 1183584 ms
seed: 1634950167
NOT FOUND
time: 984264 ms
seed: 1635080235
NOT FOUND
time: 1012133 ms
seed: 1635120440
{7,1,80,1,2,1,8}([7]2,5,3)([8]1,0,5)([9]1,3,4)([10]4,9,7)([11]10,10,5)([12]6,10,5)([13]2,12,4)([14]7,3,6)([15]8,13,4)([16]12,5,2)([17]3,15,7)([18]0,4,5)([19]9,6,2)([20]13,19,1)([21]19,13,2)([22]5,0,4)([23]22,14,4)([24]23,16,6)([25]3,6,4)([26]19,17,2)([27]22,10,7)([28]11,25,2)([29]5,17,2)([30]9,12,7)([31]21,9,7)([32]17,3,1)([33]27,31,7)([34]16,21,4)([35]31,26,7)([36]10,32,7)([37]0,18,0)([38]25,20,6)([39]4,36,3)([40]29,28,7)([41]40,20,4)([42]1,34,4)([43]10,39,7)([44]12,31,7)([45]26,43,4)([46]37,3,4)([47]46,41,3)([48]5,42,6)([49]24,17,0)([50]18,47,7)([51]3,21,0)([52]43,48,3)([53]34,1,5)([54]46,9,2)([55]33,50,5)([56]36,30,4)([57]31,15,4)([58]15,26,4)([59]23,48,3)([60]40,6,1)([61]0,35,1)([62]59,60,0)([63]12,35,7)([64]63,24,6)([65]23,50,6)([66]55,53,4)([67]64,61,3)([68]39,63,6)([69]52,30,7)([70]67,60,4)([71]56,15,7)([72]9,30,6)([73]16,35,7)([74]66,70,2)([75]41,56,2)([76]5,11,5)([77]73,73,7)([78]43,67,2)([79]58,37,6)([80]74,69,4)([81]57,28,2)([82]76,51,5)([83]1,72,5)([84]53,57,5)([85]67,14,7)([86]59,85,0)(80)
evaluations: 43065173
first invidual area: 176.20
{7,1,80,1,2,1,8}([7]0,5,4)([8]0,1,5)([9]3,1,4)([10]9,4,7)([11]10,6,1)([12]6,10,5)([13]2,12,4)([14]3,1,3)([15]3,13,4)([16]0,11,1)([17]8,15,7)([18]16,5,5)([19]6,13,2)([20]19,15,7)([21]19,9,2)([22]0,3,7)([23]15,8,1)([24]23,5,6)([25]3,6,4)([26]5,12,5)([27]5,8,2)([28]11,25,5)([29]5,17,5)([30]12,9,4)([31]7,4,7)([32]13,5,6)([33]21,31,7)([34]26,21,7)([35]30,6,3)([36]11,17,4)([37]6,23,2)([38]4,0,5)([39]4,36,5)([40]29,28,7)([41]40,13,7)([42]1,21,4)([43]17,39,4)([44]25,22,6)([45]41,41,0)([46]0,3,4)([47]46,45,3)([48]5,42,6)([49]0,39,7)([50]38,47,7)([51]33,2,1)([52]43,48,3)([53]34,1,5)([54]41,19,2)([55]33,50,5)([56]37,22,2)([57]8,13,2)([58]13,16,4)([59]37,40,2)([60]53,51,0)([61]7,40,7)([62]29,12,4)([63]12,35,5)([64]63,24,6)([65]4,35,1)([66]55,53,4)([67]64,16,3)([68]48,50,6)([69]30,52,4)([70]67,40,7)([71]36,53,1)([72]60,3,7)([73]23,39,5)([74]66,70,5)([75]64,8,1)([76]62,73,5)([77]10,17,4)([78]9,65,2)([79]9,3,3)([80]74,69,7)([81]3,13,5)([82]56,42,2)([83]73,10,0)([84]14,35,4)([85]37,51,6)([86]72,85,4)(80)
optimized area: 149.01
time: 547262 ms
seed: 1635169357
{7,1,80,1,2,1,8}([7]0,1,5)([8]3,6,4)([9]3,4,5)([10]2,4,6)([11]4,5,7)([12]2,5,4)([13]9,1,5)([14]7,10,7)([15]4,14,2)([16]4,2,7)([17]16,5,7)([18]10,6,3)([19]9,18,5)([20]10,18,1)([21]11,1,7)([22]13,14,7)([23]21,2,2)([24]16,19,5)([25]3,0,5)([26]8,17,3)([27]14,13,6)([28]0,10,2)([29]12,3,4)([30]15,26,7)([31]5,19,7)([32]23,18,6)([33]31,31,0)([34]16,25,5)([35]34,30,7)([36]1,30,3)([37]4,26,3)([38]0,29,7)([39]38,36,6)([40]33,27,2)([41]39,19,2)([42]22,41,3)([43]7,35,7)([44]42,37,5)([45]12,43,7)([46]44,40,4)([47]33,39,7)([48]17,44,4)([49]9,34,2)([50]43,13,4)([51]46,32,7)([52]47,30,5)([53]6,52,5)([54]53,45,3)([55]25,22,2)([56]28,45,3)([57]54,51,7)([58]21,44,3)([59]28,11,4)([60]49,58,6)([61]10,24,6)([62]57,60,3)([63]53,59,5)([64]23,0,7)([65]24,11,1)([66]15,46,5)([67]60,16,1)([68]57,54,7)([69]64,7,6)([70]16,53,2)([71]10,66,7)([72]17,18,3)([73]51,48,0)([74]9,61,1)([75]72,60,3)([76]34,7,1)([77]68,48,0)([78]43,8,1)([79]11,59,2)([80]75,4,5)([81]55,20,2)([82]27,55,2)([83]71,13,6)([84]21,15,3)([85]34,31,5)([86]60,20,7)(62)
evaluations: 42315923
first invidual area: 148.06
{7,1,80,1,2,1,8}([7]0,1,5)([8]6,3,4)([9]3,4,5)([10]4,2,6)([11]5,4,7)([12]2,5,4)([13]9,1,5)([14]7,10,7)([15]2,2,7)([16]4,14,5)([17]5,10,3)([18]10,6,3)([19]9,18,5)([20]2,11,7)([21]11,1,7)([22]13,14,7)([23]2,21,2)([24]2,4,7)([25]3,0,5)([26]8,20,3)([27]14,13,6)([28]10,3,1)([29]12,3,7)([30]16,26,5)([31]5,19,7)([32]23,18,6)([33]5,11,2)([34]24,25,5)([35]34,30,4)([36]1,30,3)([37]4,26,3)([38]0,29,4)([39]38,36,6)([40]31,27,5)([41]39,19,2)([42]41,22,3)([43]7,35,4)([44]42,37,5)([45]12,43,7)([46]44,40,7)([47]15,35,3)([48]24,3,6)([49]9,34,2)([50]33,48,4)([51]46,32,4)([52]28,30,5)([53]6,52,5)([54]53,45,6)([55]33,29,0)([56]55,40,2)([57]54,51,7)([58]21,44,3)([59]16,20,5)([60]49,58,6)([61]43,38,2)([62]47,38,6)([63]43,22,0)([64]17,14,6)([65]54,25,2)([66]34,59,4)([67]53,13,1)([68]55,14,0)([69]16,7,5)([70]29,37,2)([71]60,57,3)([72]57,66,7)([73]62,56,1)([74]18,29,3)([75]45,27,5)([76]57,44,2)([77]18,8,3)([78]13,68,1)([79]29,72,6)([80]44,4,5)([81]26,51,2)([82]46,72,6)([83]17,51,3)([84]50,57,3)([85]39,82,2)([86]37,51,4)(71)
optimized area: 141.01
time: 557734 ms
seed: 1635278327
{7,1,80,1,2,1,8}([7]3,6,4)([8]4,0,7)([9]2,4,2)([10]2,5,3)([11]2,0,4)([12]11,9,4)([13]12,1,7)([14]13,10,5)([15]3,13,4)([16]5,9,4)([17]1,11,5)([18]4,12,4)([19]8,16,7)([20]10,3,2)([21]10,11,6)([22]21,15,3)([23]5,20,4)([24]10,22,6)([25]16,2,2)([26]7,23,3)([27]7,17,3)([28]25,1,4)([29]19,13,2)([30]22,4,4)([31]29,26,6)([32]9,31,4)([33]4,17,3)([34]31,24,3)([35]28,14,0)([36]28,31,4)([37]12,31,3)([38]29,17,2)([39]30,22,5)([40]28,7,0)([41]28,10,7)([42]28,34,3)([43]29,24,0)([44]11,27,4)([45]13,7,5)([46]6,11,0)([47]42,29,7)([48]39,46,5)([49]36,35,6)([50]24,6,0)([51]4,44,7)([52]48,21,7)([53]21,46,1)([54]30,7,3)([55]48,36,7)([56]3,20,5)([57]24,33,6)([58]49,39,2)([59]39,57,4)([60]5,35,3)([61]41,15,3)([62]37,61,4)([63]36,53,3)([64]55,61,5)([65]29,6,0)([66]15,65,2)([67]48,64,5)([68]61,51,7)([69]50,53,4)([70]68,54,5)([71]25,47,2)([72]55,35,5)([73]54,21,4)([74]72,43,7)([75]72,60,7)([76]75,70,6)([77]50,58,2)([78]29,66,6)([79]76,47,3)([80]66,72,3)([81]4,57,3)([82]43,27,7)([83]79,82,4)([84]83,51,6)([85]49,57,3)([86]52,42,5)(83)
evaluations: 33561578
first invidual area: 149.96
{7,1,80,1,2,1,8}([7]3,6,4)([8]0,4,4)([9]4,2,2)([10]2,5,3)([11]2,0,4)([12]11,1,7)([13]9,12,4)([14]10,5,0)([15]3,13,4)([16]5,9,4)([17]8,16,4)([18]0,10,6)([19]16,2,5)([20]10,6,5)([21]1,12,5)([22]15,18,3)([23]5,20,7)([24]15,9,3)([25]22,14,6)([26]7,23,3)([27]7,21,3)([28]19,1,7)([29]17,13,2)([30]22,4,4)([31]26,29,6)([32]28,23,5)([33]4,17,5)([34]15,4,0)([35]7,30,3)([36]31,25,3)([37]31,36,0)([38]18,15,5)([39]22,30,5)([40]25,34,3)([41]23,3,5)([42]36,28,3)([43]27,11,5)([44]27,28,5)([45]5,36,2)([46]18,23,1)([47]42,29,7)([48]39,6,5)([49]12,26,3)([50]4,46,5)([51]4,43,4)([52]2,49,7)([53]36,46,5)([54]28,5,3)([55]48,37,4)([56]14,28,7)([57]3,49,0)([58]57,40,3)([59]8,10,0)([60]55,42,5)([61]56,15,6)([62]0,24,4)([63]13,0,5)([64]61,11,0)([65]58,49,0)([66]27,31,0)([67]22,39,7)([68]61,51,7)([69]66,31,0)([70]68,35,5)([71]17,48,1)([72]33,11,1)([73]5,57,2)([74]34,53,0)([75]60,54,2)([76]75,47,3)([77]69,17,6)([78]65,49,2)([79]76,70,6)([80]45,27,4)([81]34,77,4)([82]79,42,7)([83]27,82,7)([84]27,74,5)([85]26,9,5)([86]21,59,6)(83)
optimized area: 139.16
time: 1131398 ms
seed: 1635435826
NOT FOUND
time: 1000852 ms
seed: 1635543084
NOT FOUND
time: 994001 ms
seed: 1635601135
NOT FOUND
time: 1062311 ms
seed: 1635648796
NOT FOUND
time: 1067014 ms
seed: 1635696503
NOT FOUND
time: 1068621 ms
seed: 1635743866
NOT FOUND
time: 1067346 ms
seed: 1635790760
NOT FOUND
time: 1067871 ms
