seed: 1634033381
{7,1,80,1,2,1,8}([7]6,0,3)([8]7,2,2)([9]6,4,3)([10]2,6,5)([11]9,5,4)([12]11,9,4)([13]3,2,7)([14]11,4,2)([15]3,14,3)([16]0,11,4)([17]4,3,4)([18]16,17,0)([19]7,8,7)([20]13,1,7)([21]15,8,0)([22]5,6,5)([23]0,9,2)([24]15,1,5)([25]16,19,7)([26]25,18,2)([27]23,21,3)([28]3,25,2)([29]27,14,6)([30]18,22,2)([31]10,20,5)([32]30,31,7)([33]32,23,2)([34]11,28,6)([35]19,24,7)([36]8,27,3)([37]22,35,7)([38]8,14,6)([39]35,10,5)([40]34,37,6)([41]33,27,2)([42]9,17,2)([43]35,13,7)([44]26,0,2)([45]29,40,3)([46]31,45,7)([47]6,13,6)([48]17,45,5)([49]29,34,7)([50]22,39,7)([51]29,44,2)([52]20,15,4)([53]52,50,6)([54]25,46,5)([55]4,22,5)([56]41,8,6)([57]53,54,2)([58]4,47,5)([59]26,1,3)([60]23,57,4)([61]10,23,7)([62]52,8,1)([63]40,42,0)([64]60,58,2)([65]30,40,4)([66]34,36,6)([67]53,55,0)([68]61,52,4)([69]2,52,1)([70]49,38,3)([71]8,31,6)([72]54,69,0)([73]34,37,7)([74]37,32,2)([75]3,71,5)([76]66,10,0)([77]64,41,6)([78]64,1,1)([79]46,51,3)([80]74,36,1)([81]63,28,5)([82]55,11,7)([83]15,35,3)([84]79,42,3)([85]26,43,1)([86]84,77,4)(86)
evaluations: 32780859
first invidual area: 144.28
{7,1,80,1,2,1,8}([7]2,5,1)([8]0,6,3)([9]4,6,3)([10]6,2,5)([11]9,5,4)([12]11,11,5)([13]2,3,7)([14]4,11,2)([15]14,3,3)([16]11,0,7)([17]15,15,7)([18]9,2,0)([19]8,7,5)([20]13,1,7)([21]3,19,2)([22]6,5,5)([23]0,9,2)([24]15,1,5)([25]16,19,4)([26]22,10,0)([27]10,25,5)([28]3,4,4)([29]3,25,2)([30]5,22,5)([31]10,20,5)([32]30,31,4)([33]32,23,2)([34]11,29,6)([35]19,24,4)([36]15,23,6)([37]26,35,4)([38]36,9,0)([39]37,10,5)([40]34,37,6)([41]15,24,6)([42]9,28,2)([43]30,28,2)([44]31,37,0)([45]40,36,6)([46]31,45,4)([47]6,13,6)([48]21,36,3)([49]25,34,2)([50]39,22,2)([51]15,48,0)([52]20,15,4)([53]52,50,6)([54]53,4,7)([55]14,32,0)([56]53,48,1)([57]53,27,5)([58]18,47,5)([59]47,49,2)([60]23,57,7)([61]37,1,1)([62]16,46,7)([63]61,35,5)([64]60,58,2)([65]16,46,5)([66]18,44,1)([67]10,37,0)([68]45,32,6)([69]63,2,1)([70]53,65,7)([71]65,58,7)([72]70,51,6)([73]40,0,2)([74]26,58,1)([75]64,29,6)([76]11,31,0)([77]64,33,6)([78]53,71,0)([79]46,42,3)([80]6,30,5)([81]23,10,1)([82]2,34,5)([83]70,6,3)([84]79,59,3)([85]14,79,6)([86]84,77,4)(86)
optimized area: 130.21
time: 597495 ms
seed: 1634243777
{7,1,80,1,2,1,8}([7]0,6,3)([8]0,3,5)([9]4,0,4)([10]2,6,4)([11]5,7,4)([12]8,5,4)([13]11,8,2)([14]10,0,4)([15]5,2,2)([16]3,14,7)([17]7,10,4)([18]9,3,6)([19]4,16,2)([20]4,13,4)([21]2,1,1)([22]16,6,2)([23]21,12,4)([24]3,14,3)([25]24,8,0)([26]4,11,7)([27]23,15,3)([28]24,17,5)([29]17,4,0)([30]28,18,7)([31]7,6,4)([32]4,22,7)([33]9,11,7)([34]5,33,2)([35]12,30,7)([36]20,2,4)([37]19,12,4)([38]27,1,3)([39]36,35,2)([40]39,12,7)([41]19,22,7)([42]3,37,2)([43]18,42,6)([44]22,13,2)([45]34,17,6)([46]33,9,0)([47]45,15,5)([48]38,26,3)([49]10,43,5)([50]49,1,2)([51]40,50,2)([52]38,32,6)([53]46,52,2)([54]37,45,6)([55]13,15,3)([56]7,27,7)([57]48,29,4)([58]32,41,4)([59]6,32,4)([60]39,21,5)([61]32,50,0)([62]51,54,4)([63]45,11,6)([64]57,26,4)([65]2,43,2)([66]60,34,3)([67]33,39,3)([68]24,64,1)([69]62,53,7)([70]14,26,6)([71]22,47,6)([72]8,32,1)([73]68,28,2)([74]22,50,4)([75]20,69,4)([76]51,31,3)([77]39,8,4)([78]40,22,2)([79]18,20,1)([80]2,22,2)([81]51,18,6)([82]31,47,5)([83]72,61,0)([84]1,44,1)([85]47,21,3)([86]83,29,5)(75)
evaluations: 18334977
first invidual area: 140.58
{7,1,80,1,2,1,8}([7]6,0,3)([8]3,0,5)([9]4,0,4)([10]6,2,4)([11]7,5,4)([12]5,8,4)([13]11,8,5)([14]0,2,5)([15]0,10,4)([16]15,3,7)([17]7,10,4)([18]3,9,6)([19]8,5,2)([20]12,5,2)([21]4,13,7)([22]16,4,5)([23]2,4,2)([24]18,7,7)([25]16,6,5)([26]0,25,3)([27]19,23,3)([28]17,26,5)([29]4,25,4)([30]18,28,4)([31]21,16,1)([32]30,12,4)([33]9,11,7)([34]27,33,2)([35]27,29,3)([36]21,2,4)([37]12,22,7)([38]18,13,1)([39]36,32,5)([40]39,12,4)([41]10,18,3)([42]37,18,6)([43]8,42,4)([44]35,1,6)([45]44,21,0)([46]7,6,3)([47]34,17,6)([48]16,29,3)([49]42,10,5)([50]40,1,2)([51]12,28,1)([52]8,1,5)([53]33,44,5)([54]37,47,6)([55]31,32,7)([56]40,50,4)([57]32,41,6)([58]50,49,5)([59]47,12,2)([60]29,57,0)([61]42,48,7)([62]58,54,7)([63]23,37,0)([64]11,5,3)([65]15,44,2)([66]27,29,6)([67]40,64,4)([68]61,45,5)([69]21,53,4)([70]28,49,3)([71]70,26,3)([72]67,69,2)([73]57,8,3)([74]62,69,4)([75]17,74,3)([76]26,34,2)([77]40,64,5)([78]3,17,2)([79]1,28,6)([80]74,77,0)([81]69,15,2)([82]22,16,1)([83]5,20,2)([84]72,43,1)([85]39,55,2)([86]6,70,0)(80)
optimized area: 131.67
time: 608803 ms
seed: 1634381294
{7,1,80,1,2,1,8}([7]6,0,7)([8]5,2,3)([9]8,3,7)([10]7,6,6)([11]10,2,7)([12]4,1,6)([13]1,11,4)([14]2,7,5)([15]13,5,2)([16]8,6,3)([17]3,11,6)([18]9,15,3)([19]4,8,4)([20]13,3,2)([21]2,7,7)([22]13,5,7)([23]4,20,7)([24]16,18,6)([25]11,20,6)([26]23,21,6)([27]6,11,4)([28]20,1,4)([29]26,17,4)([30]11,8,4)([31]19,18,4)([32]21,29,6)([33]0,25,3)([34]13,22,6)([35]19,33,2)([36]22,26,4)([37]8,1,1)([38]29,6,7)([39]36,9,7)([40]11,34,7)([41]38,25,7)([42]0,40,0)([43]35,20,7)([44]34,40,5)([45]8,42,3)([46]43,39,5)([47]44,38,5)([48]20,47,7)([49]3,37,7)([50]43,47,3)([51]39,15,7)([52]5,33,6)([53]9,14,5)([54]46,31,4)([55]26,47,7)([56]21,1,6)([57]47,38,7)([58]3,30,3)([59]32,18,3)([60]32,0,6)([61]26,8,1)([62]38,35,4)([63]26,59,4)([64]60,33,2)([65]47,63,2)([66]34,5,4)([67]61,45,1)([68]50,52,3)([69]10,52,4)([70]23,54,5)([71]65,54,6)([72]49,59,5)([73]3,33,5)([74]71,37,3)([75]42,24,7)([76]64,42,6)([77]68,75,2)([78]25,66,1)([79]71,77,7)([80]9,69,3)([81]79,46,7)([82]13,58,2)([83]67,79,5)([84]31,62,6)([85]75,41,4)([86]0,57,0)(81)
evaluations: 33296989
first invidual area: 148.55
{7,1,80,1,2,1,8}([7]6,0,7)([8]2,5,3)([9]8,3,7)([10]6,7,6)([11]10,2,7)([12]1,11,4)([13]12,5,2)([14]8,6,3)([15]4,8,5)([16]11,7,0)([17]0,12,4)([18]13,9,3)([19]8,4,4)([20]3,12,2)([21]7,2,7)([22]12,5,7)([23]20,4,7)([24]3,11,6)([25]20,11,6)([26]23,21,6)([27]21,9,3)([28]18,22,5)([29]26,24,3)([30]14,29,0)([31]19,18,7)([32]22,21,6)([33]0,25,3)([34]31,16,5)([35]19,33,5)([36]16,16,5)([37]6,29,7)([38]8,31,6)([39]28,9,4)([40]5,32,5)([41]32,36,6)([42]33,22,6)([43]35,20,4)([44]14,18,3)([45]8,2,3)([46]43,39,5)([47]40,37,5)([48]14,13,6)([49]48,11,4)([50]43,47,3)([51]39,45,7)([52]16,25,7)([53]27,23,2)([54]46,31,7)([55]30,12,7)([56]41,50,3)([57]49,44,6)([58]41,39,6)([59]32,18,6)([60]2,9,6)([61]45,43,2)([62]18,2,6)([63]59,26,7)([64]22,34,5)([65]47,63,2)([66]55,5,5)([67]33,1,6)([68]50,42,3)([69]36,55,4)([70]57,37,3)([71]65,54,3)([72]37,22,5)([73]13,29,5)([74]42,10,2)([75]44,0,4)([76]32,6,4)([77]68,75,5)([78]50,14,4)([79]71,46,7)([80]40,55,4)([81]79,77,7)([82]49,16,3)([83]37,50,1)([84]64,18,6)([85]62,70,2)([86]74,27,2)(81)
optimized area: 135.41
time: 622710 ms
seed: 1634430354
{7,1,80,1,2,1,8}([7]0,4,2)([8]1,5,5)([9]2,8,6)([10]2,3,7)([11]9,0,7)([12]3,11,7)([13]5,12,4)([14]10,11,0)([15]11,6,2)([16]12,4,4)([17]13,5,3)([18]6,16,7)([19]6,1,7)([20]18,7,2)([21]14,6,3)([22]15,20,6)([23]12,22,6)([24]14,13,3)([25]21,1,6)([26]10,23,1)([27]19,2,4)([28]27,19,1)([29]20,2,2)([30]5,19,7)([31]19,26,6)([32]2,16,7)([33]25,8,6)([34]16,23,6)([35]17,24,6)([36]0,31,7)([37]25,10,7)([38]0,2,3)([39]13,28,6)([40]36,20,4)([41]37,34,5)([42]23,35,5)([43]13,6,2)([44]36,25,3)([45]24,40,4)([46]39,15,4)([47]29,8,7)([48]43,32,4)([49]41,3,0)([50]45,46,3)([51]39,38,7)([52]47,34,7)([53]16,45,5)([54]48,44,5)([55]50,50,6)([56]46,8,7)([57]53,24,6)([58]17,8,1)([59]6,58,0)([60]52,57,1)([61]47,48,0)([62]4,20,4)([63]34,53,6)([64]27,62,2)([65]4,41,1)([66]52,20,1)([67]36,38,7)([68]41,55,2)([69]68,60,6)([70]51,62,6)([71]44,63,4)([72]70,54,6)([73]67,48,2)([74]19,8,4)([75]51,68,4)([76]64,1,3)([77]9,9,2)([78]29,76,6)([79]72,69,6)([80]59,56,1)([81]7,38,7)([82]6,9,1)([83]60,28,6)([84]9,11,2)([85]20,44,4)([86]14,23,3)(79)
evaluations: 33336205
first invidual area: 152.74
{7,1,80,1,2,1,8}([7]0,4,2)([8]5,1,5)([9]2,8,3)([10]2,3,7)([11]9,0,4)([12]11,3,7)([13]5,12,4)([14]13,10,3)([15]11,6,2)([16]3,6,7)([17]6,10,7)([18]10,6,3)([19]6,1,7)([20]7,16,2)([21]10,5,1)([22]15,11,1)([23]13,15,5)([24]22,12,6)([25]1,18,6)([26]13,6,5)([27]19,2,7)([28]4,12,4)([29]20,2,5)([30]2,26,4)([31]19,21,6)([32]18,23,5)([33]12,2,1)([34]28,24,6)([35]34,27,0)([36]0,31,7)([37]31,25,6)([38]27,0,7)([39]13,27,6)([40]36,20,3)([41]37,35,5)([42]7,20,6)([43]34,26,4)([44]36,25,3)([45]14,40,4)([46]39,15,4)([47]8,29,7)([48]2,43,7)([49]10,29,7)([50]49,21,4)([51]39,41,7)([52]47,35,7)([53]25,41,0)([54]48,44,5)([55]14,37,4)([56]46,45,6)([57]0,27,2)([58]31,44,3)([59]25,49,2)([60]30,36,2)([61]44,41,0)([62]20,4,4)([63]62,57,4)([64]20,26,4)([65]52,25,0)([66]30,38,6)([67]36,17,5)([68]41,56,2)([69]68,65,6)([70]51,62,6)([71]51,22,1)([72]70,54,6)([73]69,51,6)([74]28,25,6)([75]67,68,5)([76]36,31,1)([77]39,51,5)([78]39,21,5)([79]72,69,6)([80]78,72,4)([81]68,70,3)([82]22,66,6)([83]63,22,1)([84]75,6,4)([85]33,34,4)([86]32,58,2)(79)
optimized area: 138.68
time: 606247 ms
seed: 1634638649
NOT FOUND
time: 535618 ms
seed: 1635165580
{7,1,80,1,2,1,8}([7]4,2,0)([8]6,7,4)([9]4,3,7)([10]3,2,4)([11]9,0,4)([12]8,5,7)([13]8,7,5)([14]1,10,3)([15]2,0,6)([16]12,15,7)([17]3,14,3)([18]4,15,5)([19]8,10,5)([20]17,18,5)([21]20,11,4)([22]2,2,5)([23]5,14,7)([24]19,21,2)([25]24,10,7)([26]21,1,5)([27]13,13,6)([28]12,19,1)([29]1,2,4)([30]3,16,2)([31]23,29,7)([32]19,6,2)([33]7,16,7)([34]24,8,7)([35]31,7,2)([36]27,5,0)([37]34,34,1)([38]9,35,6)([39]5,35,2)([40]24,36,3)([41]26,5,4)([42]35,25,2)([43]33,23,6)([44]41,9,0)([45]1,37,4)([46]28,45,3)([47]31,1,3)([48]43,42,2)([49]21,12,6)([50]44,12,3)([51]31,6,3)([52]19,16,5)([53]29,24,2)([54]33,47,5)([55]53,38,3)([56]55,11,2)([57]51,55,5)([58]46,42,7)([59]8,48,1)([60]56,48,3)([61]0,4,3)([62]53,54,3)([63]13,38,4)([64]39,34,7)([65]40,37,5)([66]36,51,4)([67]54,34,6)([68]8,63,0)([69]62,60,5)([70]64,52,3)([71]50,53,2)([72]43,48,3)([73]49,62,5)([74]23,56,3)([75]46,51,7)([76]75,54,3)([77]39,44,3)([78]76,70,2)([79]56,19,2)([80]24,62,7)([81]52,43,6)([82]78,69,5)([83]27,0,5)([84]81,44,3)([85]36,84,2)([86]70,3,3)(82)
evaluations: 8591434
first invidual area: 140.07
{7,1,80,1,2,1,8}([7]5,0,0)([8]4,6,4)([9]3,4,7)([10]2,3,4)([11]9,0,4)([12]8,7,4)([13]12,12,3)([14]1,10,3)([15]2,0,6)([16]12,15,4)([17]8,10,5)([18]15,4,5)([19]14,3,3)([20]18,19,5)([21]11,20,4)([22]8,18,0)([23]18,6,0)([24]21,17,2)([25]14,5,4)([26]7,12,5)([27]10,21,7)([28]25,27,2)([29]2,1,4)([30]8,15,4)([31]25,29,4)([32]15,17,1)([33]16,4,7)([34]22,24,7)([35]4,31,2)([36]25,14,6)([37]14,32,4)([38]6,14,2)([39]9,35,6)([40]37,29,5)([41]28,35,2)([42]5,35,2)([43]16,41,7)([44]3,21,2)([45]34,1,7)([46]13,45,3)([47]1,31,3)([48]27,37,0)([49]41,20,3)([50]39,34,7)([51]10,31,1)([52]47,23,0)([53]29,24,2)([54]52,33,5)([55]53,39,3)([56]6,31,3)([57]7,37,5)([58]56,46,2)([59]55,11,2)([60]59,41,3)([61]5,22,3)([62]49,22,0)([63]0,35,4)([64]43,52,3)([65]53,54,3)([66]16,34,5)([67]16,21,5)([68]59,29,6)([69]60,65,5)([70]42,66,3)([71]15,60,6)([72]0,0,0)([73]60,53,1)([74]38,22,2)([75]25,18,1)([76]58,54,3)([77]51,25,0)([78]76,70,2)([79]47,25,3)([80]67,5,0)([81]1,9,4)([82]78,69,5)([83]6,18,6)([84]65,78,3)([85]18,39,3)([86]9,12,0)(82)
optimized area: 127.89
time: 690877 ms
seed: 1635214830
{7,1,80,1,2,1,8}([7]6,2,7)([8]4,0,7)([9]5,4,6)([10]3,1,6)([11]0,2,4)([12]7,4,6)([13]8,6,0)([14]12,7,3)([15]11,7,5)([16]6,5,7)([17]8,6,4)([18]11,9,4)([19]15,1,6)([20]18,2,3)([21]16,5,5)([22]1,3,4)([23]5,12,5)([24]22,16,3)([25]7,20,4)([26]1,23,4)([27]15,12,1)([28]8,6,7)([29]28,25,3)([30]22,8,4)([31]11,24,6)([32]29,31,4)([33]22,3,5)([34]29,30,5)([35]34,19,4)([36]32,11,4)([37]10,22,4)([38]30,2,6)([39]33,11,7)([40]36,21,6)([41]10,0,2)([42]16,13,2)([43]40,26,3)([44]15,41,7)([45]43,32,5)([46]9,35,5)([47]30,20,2)([48]22,5,3)([49]37,30,3)([50]42,39,4)([51]35,48,5)([52]50,50,0)([53]52,2,2)([54]31,24,0)([55]51,14,4)([56]39,6,3)([57]21,45,4)([58]18,9,0)([59]47,16,2)([60]51,53,6)([61]46,38,6)([62]36,49,5)([63]10,3,6)([64]48,42,0)([65]22,43,5)([66]20,65,3)([67]52,61,5)([68]38,16,7)([69]47,67,4)([70]33,46,6)([71]55,60,3)([72]32,21,4)([73]61,6,1)([74]9,71,6)([75]24,56,0)([76]33,61,7)([77]57,74,6)([78]29,2,6)([79]1,62,2)([80]77,35,6)([81]7,51,2)([82]14,19,3)([83]63,82,7)([84]69,77,7)([85]38,56,0)([86]37,70,0)(84)
evaluations: 38375237
first invidual area: 152.74
{7,1,80,1,2,1,8}([7]6,2,7)([8]4,0,7)([9]4,5,6)([10]0,9,4)([11]0,2,4)([12]7,4,6)([13]7,11,5)([14]7,12,3)([15]6,3,0)([16]5,6,7)([17]8,14,3)([18]16,14,5)([19]13,1,6)([20]10,2,3)([21]15,5,5)([22]3,1,4)([23]5,12,5)([24]22,16,3)([25]7,20,4)([26]1,23,4)([27]14,21,2)([28]8,15,7)([29]28,25,3)([30]22,8,4)([31]11,24,6)([32]31,29,4)([33]26,22,5)([34]30,29,5)([35]34,19,4)([36]3,15,6)([37]30,32,5)([38]30,2,6)([39]33,11,4)([40]39,21,6)([41]32,1,0)([42]16,10,5)([43]40,26,3)([44]37,4,4)([45]43,32,5)([46]9,35,5)([47]30,20,5)([48]22,5,3)([49]15,10,7)([50]42,39,4)([51]35,48,5)([52]51,14,4)([53]50,2,2)([54]52,46,0)([55]49,11,6)([56]37,39,4)([57]45,21,4)([58]37,0,3)([59]56,14,6)([60]51,53,6)([61]38,46,6)([62]38,43,7)([63]45,1,5)([64]4,39,1)([65]45,15,4)([66]62,64,7)([67]50,61,5)([68]65,48,3)([69]47,67,7)([70]62,21,7)([71]33,64,1)([72]52,33,6)([73]60,54,3)([74]9,73,6)([75]59,71,7)([76]20,27,4)([77]57,74,6)([78]43,39,0)([79]10,63,2)([80]77,13,1)([81]0,53,6)([82]15,72,5)([83]23,49,7)([84]69,77,7)([85]19,32,5)([86]2,42,7)(84)
optimized area: 147.11
time: 579264 ms
seed: 1635645099
{7,1,80,1,2,1,8}([7]4,0,5)([8]4,2,6)([9]6,5,3)([10]3,3,6)([11]6,4,4)([12]7,1,6)([13]2,12,6)([14]9,1,2)([15]8,11,1)([16]0,13,7)([17]5,6,2)([18]13,14,4)([19]8,6,3)([20]10,10,6)([21]17,10,5)([22]9,15,6)([23]5,12,4)([24]10,19,3)([25]14,19,6)([26]18,21,5)([27]13,23,7)([28]14,5,5)([29]17,2,4)([30]11,10,0)([31]1,2,0)([32]23,21,0)([33]28,3,7)([34]27,19,7)([35]18,3,3)([36]7,15,2)([37]0,22,4)([38]13,10,5)([39]33,33,3)([40]13,17,7)([41]20,4,2)([42]2,27,6)([43]11,2,4)([44]25,9,4)([45]35,37,7)([46]25,31,4)([47]46,41,7)([48]26,4,5)([49]26,0,7)([50]30,4,6)([51]43,42,3)([52]34,24,5)([53]24,40,3)([54]18,35,1)([55]51,31,5)([56]51,7,0)([57]47,54,1)([58]48,26,1)([59]56,33,6)([60]10,40,7)([61]52,37,4)([62]34,18,7)([63]1,46,4)([64]14,32,7)([65]45,48,4)([66]5,50,7)([67]11,62,5)([68]67,57,5)([69]49,64,0)([70]26,52,3)([71]35,20,7)([72]21,59,4)([73]24,47,5)([74]51,12,1)([75]37,52,7)([76]59,65,3)([77]59,59,2)([78]27,7,4)([79]73,49,6)([80]73,63,6)([81]68,75,3)([82]38,42,3)([83]60,8,3)([84]76,81,5)([85]23,77,7)([86]85,75,7)(84)
evaluations: 14727221
first invidual area: 129.75
{7,1,80,1,2,1,8}([7]4,5,0)([8]2,4,6)([9]5,6,3)([10]0,4,5)([11]6,4,4)([12]10,1,6)([13]12,2,6)([14]1,9,2)([15]2,11,4)([16]0,6,7)([17]6,15,0)([18]13,14,4)([19]6,8,3)([20]13,5,7)([21]7,3,5)([22]13,0,7)([23]11,6,7)([24]11,10,6)([25]21,24,5)([26]25,18,5)([27]20,12,4)([28]11,27,6)([29]27,19,7)([30]28,8,5)([31]30,15,2)([32]18,3,6)([33]5,10,0)([34]30,14,5)([35]14,33,5)([36]28,3,5)([37]0,30,7)([38]19,14,3)([39]26,7,5)([40]7,9,4)([41]21,1,7)([42]16,31,4)([43]3,34,3)([44]29,43,7)([45]32,37,7)([46]41,38,7)([47]43,1,7)([48]15,34,2)([49]9,3,7)([50]13,8,4)([51]15,28,3)([52]29,36,5)([53]12,1,2)([54]45,39,7)([55]53,20,1)([56]35,3,7)([57]26,37,4)([58]4,7,2)([59]51,56,6)([60]41,36,6)([61]11,57,5)([62]35,39,1)([63]25,42,5)([64]54,28,1)([65]31,54,4)([66]57,21,5)([67]19,37,6)([68]15,0,7)([69]8,10,5)([70]54,59,3)([71]32,39,5)([72]37,54,3)([73]64,71,7)([74]62,73,3)([75]52,37,7)([76]33,75,5)([77]27,64,4)([78]25,0,2)([79]46,61,5)([80]9,64,3)([81]79,75,3)([82]58,63,2)([83]47,61,7)([84]70,81,5)([85]21,4,5)([86]16,63,0)(84)
optimized area: 120.86
time: 1296886 ms
seed: 1635692924
{7,1,80,1,2,1,8}([7]4,3,7)([8]2,1,7)([9]7,6,1)([10]3,6,7)([11]2,6,0)([12]4,7,3)([13]8,5,4)([14]10,2,6)([15]10,0,6)([16]12,5,5)([17]6,11,6)([18]3,14,3)([19]10,1,4)([20]0,19,4)([21]17,6,0)([22]16,18,2)([23]6,19,3)([24]7,10,4)([25]23,16,2)([26]4,20,0)([27]14,25,7)([28]18,7,4)([29]12,9,2)([30]27,26,2)([31]24,30,5)([32]28,15,2)([33]9,32,7)([34]23,13,5)([35]5,8,3)([36]11,24,4)([37]13,10,0)([38]28,2,6)([39]20,25,3)([40]9,39,7)([41]30,3,7)([42]17,33,6)([43]36,22,5)([44]8,8,3)([45]28,44,4)([46]41,14,7)([47]42,26,2)([48]38,23,1)([49]37,43,4)([50]31,34,5)([51]30,27,1)([52]0,4,7)([53]44,49,2)([54]40,34,4)([55]4,32,7)([56]50,30,5)([57]33,53,4)([58]54,50,5)([59]43,20,1)([60]25,19,2)([61]1,29,7)([62]55,7,7)([63]57,58,2)([64]1,19,2)([65]13,51,7)([66]31,17,4)([67]30,0,0)([68]16,36,1)([69]50,61,6)([70]56,21,3)([71]68,24,6)([72]25,66,3)([73]0,72,2)([74]34,68,4)([75]32,23,5)([76]59,37,5)([77]40,61,6)([78]40,76,0)([79]32,29,1)([80]73,63,4)([81]6,19,0)([82]4,44,0)([83]0,19,2)([84]28,64,4)([85]48,39,6)([86]4,26,2)(80)
evaluations: 13375745
first invidual area: 127.45
{7,1,80,1,2,1,8}([7]3,4,7)([8]1,2,7)([9]6,2,3)([10]6,3,7)([11]3,1,5)([12]7,4,3)([13]6,5,1)([14]10,2,6)([15]14,3,3)([16]5,12,5)([17]5,12,0)([18]0,10,6)([19]1,10,4)([20]19,0,4)([21]5,8,4)([22]15,16,2)([23]19,6,3)([24]13,4,2)([25]16,23,2)([26]7,8,0)([27]19,7,4)([28]26,15,4)([29]26,11,0)([30]14,25,7)([31]24,30,5)([32]18,28,5)([33]29,32,4)([34]21,29,0)([35]15,5,2)([36]27,22,5)([37]4,21,7)([38]25,20,3)([39]3,4,1)([40]29,38,7)([41]34,34,1)([42]40,31,5)([43]23,34,2)([44]5,36,7)([45]27,10,6)([46]9,7,2)([47]44,8,5)([48]40,43,3)([49]33,47,4)([50]31,22,6)([51]23,9,3)([52]9,44,6)([53]29,36,7)([54]16,25,1)([55]14,19,3)([56]12,27,7)([57]31,9,7)([58]48,42,5)([59]57,53,4)([60]24,8,5)([61]45,51,3)([62]58,16,0)([63]49,62,5)([64]8,30,4)([65]16,54,0)([66]62,56,2)([67]59,3,1)([68]52,52,2)([69]33,6,5)([70]25,53,3)([71]17,53,5)([72]25,57,3)([73]40,4,4)([74]2,53,4)([75]30,17,7)([76]64,23,0)([77]65,47,5)([78]72,0,5)([79]60,0,3)([80]47,0,1)([81]78,63,4)([82]81,61,7)([83]82,47,5)([84]60,23,5)([85]36,3,7)([86]2,58,6)(81)
optimized area: 119.00
time: 1254318 ms
seed: 1635740778
NOT FOUND
time: 1050819 ms
seed: 1635788006
NOT FOUND
time: 1082553 ms
seed: 1635834914
{7,1,80,1,2,1,8}([7]1,4,4)([8]2,3,5)([9]0,6,7)([10]4,9,5)([11]1,7,6)([12]8,7,7)([13]4,12,4)([14]2,11,7)([15]5,6,7)([16]0,14,5)([17]1,16,7)([18]9,7,4)([19]13,6,4)([20]13,6,4)([21]16,3,6)([22]15,21,3)([23]20,6,4)([24]22,11,0)([25]12,17,5)([26]24,25,2)([27]12,22,4)([28]4,3,4)([29]0,19,6)([30]27,10,4)([31]2,27,5)([32]14,18,5)([33]23,32,7)([34]14,30,7)([35]24,32,3)([36]29,35,7)([37]6,28,3)([38]36,20,7)([39]8,32,4)([40]11,26,4)([41]24,36,7)([42]37,9,2)([43]34,10,5)([44]14,19,0)([45]39,43,3)([46]14,39,5)([47]5,14,1)([48]22,43,6)([49]11,31,3)([50]12,31,0)([51]40,49,4)([52]2,46,1)([53]47,41,6)([54]38,23,6)([55]53,46,5)([56]43,12,7)([57]28,45,2)([58]13,20,4)([59]57,55,4)([60]32,59,0)([61]46,43,7)([62]6,25,4)([63]44,29,4)([64]63,21,4)([65]38,51,3)([66]47,19,6)([67]6,31,0)([68]61,40,2)([69]65,59,5)([70]69,0,7)([71]8,17,6)([72]24,66,0)([73]70,48,1)([74]58,62,3)([75]9,46,2)([76]49,46,3)([77]1,44,3)([78]64,33,5)([79]56,75,3)([80]74,23,6)([81]80,30,6)([82]28,70,1)([83]23,44,2)([84]18,1,1)([85]12,67,5)([86]22,30,2)(70)
evaluations: 35385199
first invidual area: 149.02
{7,1,80,1,2,1,8}([7]4,1,7)([8]3,2,5)([9]0,6,7)([10]4,9,5)([11]4,1,6)([12]8,7,4)([13]4,6,7)([14]2,11,7)([15]5,10,1)([16]0,14,5)([17]16,1,7)([18]13,17,4)([19]12,13,7)([20]6,5,7)([21]16,3,6)([22]20,21,3)([23]17,12,5)([24]2,7,3)([25]4,3,4)([26]23,22,5)([27]12,22,4)([28]27,9,4)([29]19,0,3)([30]12,11,5)([31]2,27,5)([32]14,18,5)([33]25,31,0)([34]27,14,4)([35]4,6,6)([36]29,30,5)([37]22,36,7)([38]36,19,6)([39]8,32,4)([40]31,26,7)([41]22,28,5)([42]35,31,0)([43]34,10,5)([44]39,29,0)([45]39,43,3)([46]14,44,5)([47]32,4,3)([48]46,30,0)([49]11,46,5)([50]22,45,7)([51]40,49,7)([52]1,16,2)([53]15,37,6)([54]52,7,4)([55]48,53,5)([56]41,1,6)([57]25,45,5)([58]24,57,7)([59]57,55,7)([60]28,34,5)([61]17,38,6)([62]10,38,7)([63]62,29,6)([64]34,0,5)([65]38,51,3)([66]58,57,0)([67]19,22,2)([68]53,59,3)([69]65,59,5)([70]53,54,7)([71]67,34,3)([72]2,6,2)([73]27,26,2)([74]53,24,1)([75]32,58,2)([76]25,7,7)([77]55,1,1)([78]6,62,3)([79]18,21,0)([80]31,40,6)([81]38,49,3)([82]38,41,2)([83]0,69,7)([84]77,29,1)([85]12,28,4)([86]80,75,6)(83)
optimized area: 132.59
time: 1176550 ms
seed: 1635878065
NOT FOUND
time: 1055981 ms
seed: 1635920120
NOT FOUND
time: 1056850 ms
seed: 1635956412
{7,1,80,1,2,1,8}([7]6,1,6)([8]1,4,4)([9]0,8,7)([10]2,3,5)([11]0,3,7)([12]2,4,5)([13]5,11,2)([14]13,2,3)([15]0,2,3)([16]5,15,4)([17]15,8,6)([18]1,12,7)([19]7,18,7)([20]16,13,3)([21]6,3,5)([22]12,9,7)([23]20,18,4)([24]4,11,7)([25]19,17,3)([26]20,24,2)([27]9,18,3)([28]26,25,3)([29]13,9,7)([30]25,16,5)([31]26,19,3)([32]6,17,0)([33]27,26,7)([34]31,28,5)([35]19,34,2)([36]6,29,7)([37]18,18,5)([38]14,37,4)([39]22,21,5)([40]30,5,0)([41]6,23,7)([42]0,34,3)([43]7,42,6)([44]19,26,2)([45]30,11,4)([46]37,42,3)([47]2,45,7)([48]28,42,5)([49]33,38,2)([50]49,45,0)([51]36,6,1)([52]41,48,6)([53]32,31,6)([54]30,14,3)([55]42,8,2)([56]18,52,6)([57]26,32,0)([58]50,43,3)([59]52,58,6)([60]21,15,4)([61]0,46,6)([62]43,27,1)([63]15,60,1)([64]59,35,0)([65]46,54,0)([66]51,47,3)([67]42,43,2)([68]25,55,7)([69]17,44,1)([70]68,66,6)([71]70,28,0)([72]46,24,3)([73]25,18,1)([74]17,73,2)([75]2,63,7)([76]70,39,2)([77]35,71,5)([78]76,64,4)([79]2,31,2)([80]5,77,7)([81]1,4,4)([82]64,50,6)([83]4,82,4)([84]30,18,0)([85]70,17,5)([86]12,66,7)(78)
evaluations: 25651753
first invidual area: 148.05
{7,1,80,1,2,1,8}([7]1,6,6)([8]1,4,4)([9]0,8,7)([10]2,2,0)([11]0,3,7)([12]4,2,5)([13]5,11,2)([14]13,10,3)([15]2,0,3)([16]5,15,4)([17]8,15,6)([18]1,12,7)([19]7,18,7)([20]13,16,3)([21]9,13,4)([22]9,12,7)([23]20,18,4)([24]4,11,7)([25]17,19,3)([26]24,20,2)([27]14,22,3)([28]26,25,3)([29]23,20,2)([30]6,18,5)([31]9,0,5)([32]16,19,5)([33]26,27,7)([34]6,21,7)([35]10,32,4)([36]26,19,6)([37]8,17,7)([38]14,18,7)([39]3,3,5)([40]20,32,7)([41]23,6,7)([42]0,36,3)([43]7,42,6)([44]9,23,1)([45]3,11,4)([46]4,7,5)([47]16,31,6)([48]28,42,5)([49]38,33,2)([50]35,11,7)([51]22,30,5)([52]41,48,6)([53]20,9,3)([54]36,25,2)([55]8,42,5)([56]34,51,4)([57]24,2,2)([58]49,43,3)([59]52,58,3)([60]30,15,0)([61]58,6,6)([62]50,3,0)([63]5,43,5)([64]24,9,3)([65]55,25,4)([66]6,30,6)([67]34,50,3)([68]33,32,0)([69]33,55,2)([70]65,67,6)([71]55,5,5)([72]9,17,2)([73]26,33,0)([74]48,3,3)([75]46,7,5)([76]70,51,5)([77]51,46,0)([78]59,76,4)([79]9,74,0)([80]45,43,0)([81]15,17,0)([82]52,24,4)([83]26,54,5)([84]62,6,6)([85]62,54,0)([86]63,64,6)(78)
optimized area: 141.97
time: 1247853 ms
seed: 1635992469
NOT FOUND
time: 1061517 ms
seed: 1636028423
{7,1,80,1,2,1,8}([7]5,3,1)([8]6,2,4)([9]4,0,6)([10]5,0,3)([11]8,0,3)([12]1,0,7)([13]7,3,7)([14]1,4,7)([15]14,13,3)([16]9,15,4)([17]11,13,2)([18]0,11,2)([19]7,0,0)([20]10,14,7)([21]15,10,7)([22]6,4,7)([23]13,14,2)([24]22,19,5)([25]17,24,3)([26]16,8,2)([27]3,16,7)([28]20,24,4)([29]19,9,3)([30]12,27,3)([31]25,30,4)([32]8,25,5)([33]28,31,5)([34]29,28,4)([35]4,6,3)([36]26,19,7)([37]36,11,6)([38]12,36,6)([39]37,33,4)([40]20,35,6)([41]13,12,0)([42]12,34,3)([43]41,5,5)([44]32,0,5)([45]23,42,2)([46]37,35,5)([47]24,27,3)([48]29,24,0)([49]43,34,6)([50]14,3,3)([51]5,35,2)([52]38,6,5)([53]44,49,4)([54]45,18,1)([55]25,39,6)([56]35,21,5)([57]19,0,3)([58]36,51,2)([59]58,4,4)([60]33,3,3)([61]56,39,2)([62]2,59,6)([63]24,21,6)([64]33,62,1)([65]17,0,3)([66]18,56,0)([67]62,61,4)([68]33,23,4)([69]54,38,2)([70]24,60,1)([71]47,4,2)([72]69,53,3)([73]3,36,4)([74]48,39,2)([75]60,67,5)([76]61,24,3)([77]72,75,4)([78]76,50,1)([79]8,51,7)([80]1,14,4)([81]10,68,6)([82]75,46,6)([83]22,81,5)([84]58,2,6)([85]37,14,3)([86]39,52,4)(77)
evaluations: 41578730
first invidual area: 154.13
{7,1,80,1,2,1,8}([7]5,4,1)([8]6,2,4)([9]0,4,3)([10]5,0,3)([11]8,10,3)([12]0,1,7)([13]7,3,7)([14]1,4,7)([15]13,14,3)([16]9,15,7)([17]11,13,2)([18]4,8,0)([19]14,10,4)([20]10,14,7)([21]10,15,7)([22]6,4,7)([23]2,14,2)([24]7,22,5)([25]24,17,3)([26]16,8,2)([27]3,16,7)([28]24,20,4)([29]17,12,6)([30]12,27,3)([31]30,25,4)([32]8,25,5)([33]28,31,5)([34]27,28,4)([35]18,6,3)([36]7,26,6)([37]12,36,6)([38]8,33,5)([39]11,33,7)([40]36,38,1)([41]11,38,3)([42]23,34,5)([43]17,5,5)([44]32,0,5)([45]15,11,7)([46]29,43,0)([47]5,37,2)([48]17,28,2)([49]43,34,6)([50]23,32,0)([51]42,23,1)([52]43,33,6)([53]44,49,4)([54]51,26,7)([55]47,12,6)([56]35,21,5)([57]21,14,4)([58]36,35,5)([59]58,18,7)([60]33,3,3)([61]56,39,5)([62]2,59,3)([63]53,22,0)([64]20,59,3)([65]44,55,1)([66]62,49,5)([67]62,61,4)([68]37,66,1)([69]42,37,2)([70]18,8,1)([71]10,26,1)([72]69,63,3)([73]7,18,6)([74]70,34,5)([75]60,67,5)([76]4,24,3)([77]72,75,4)([78]21,12,2)([79]0,77,4)([80]78,7,2)([81]5,43,1)([82]54,7,1)([83]67,13,4)([84]69,6,1)([85]83,12,1)([86]41,21,4)(77)
optimized area: 139.61
time: 1125197 ms
seed: 1636063120
{7,1,80,1,2,1,8}([7]5,6,3)([8]7,1,5)([9]7,3,1)([10]3,4,7)([11]8,5,0)([12]8,2,4)([13]6,12,4)([14]9,10,3)([15]3,14,3)([16]13,3,5)([17]16,2,2)([18]2,5,2)([19]18,15,4)([20]17,1,5)([21]18,8,6)([22]5,20,7)([23]12,0,7)([24]4,10,5)([25]0,4,4)([26]4,22,2)([27]1,12,5)([28]15,23,1)([29]26,9,4)([30]5,18,5)([31]25,6,4)([32]31,22,3)([33]10,12,6)([34]15,6,5)([35]1,14,4)([36]6,11,2)([37]33,23,7)([38]29,25,6)([39]35,37,3)([40]5,22,2)([41]37,38,6)([42]36,24,4)([43]28,22,2)([44]25,21,2)([45]24,44,5)([46]39,26,3)([47]45,19,7)([48]32,47,4)([49]46,13,7)([50]25,45,4)([51]24,26,4)([52]7,38,4)([53]48,38,3)([54]11,16,0)([55]37,27,0)([56]48,42,2)([57]7,1,7)([58]24,23,5)([59]10,16,3)([60]30,17,4)([61]25,10,2)([62]56,46,7)([63]15,11,6)([64]2,31,7)([65]20,18,7)([66]21,59,2)([67]11,6,1)([68]25,49,2)([69]34,34,5)([70]14,36,3)([71]18,56,1)([72]25,63,2)([73]72,63,0)([74]4,41,3)([75]74,51,2)([76]52,67,1)([77]14,49,4)([78]13,8,6)([79]77,41,2)([80]14,63,5)([81]0,40,5)([82]31,57,1)([83]16,16,2)([84]18,43,1)([85]12,54,3)([86]79,62,3)(86)
evaluations: 17895483
first invidual area: 132.60
{7,1,80,1,2,1,8}([7]6,5,3)([8]1,7,5)([9]7,7,1)([10]3,4,7)([11]2,1,2)([12]8,2,4)([13]12,6,4)([14]9,10,3)([15]13,3,5)([16]12,8,1)([17]3,14,3)([18]5,2,2)([19]4,10,5)([20]11,15,5)([21]2,10,6)([22]5,20,7)([23]10,16,5)([24]18,17,7)([25]4,0,4)([26]22,4,2)([27]5,18,5)([28]26,7,7)([29]28,25,6)([30]18,8,6)([31]6,25,4)([32]31,22,3)([33]27,5,4)([34]14,1,4)([35]27,7,6)([36]8,6,5)([37]23,0,4)([38]30,29,2)([39]26,37,3)([40]5,12,6)([41]0,33,1)([42]36,19,7)([43]17,14,6)([44]25,30,5)([45]22,7,6)([46]34,39,3)([47]24,44,7)([48]29,37,6)([49]32,47,7)([50]9,31,7)([51]7,42,7)([52]51,51,3)([53]7,22,7)([54]26,12,4)([55]45,12,1)([56]49,42,5)([57]12,45,7)([58]35,57,2)([59]46,26,2)([60]19,36,2)([61]13,46,7)([62]50,12,3)([63]55,37,4)([64]50,5,5)([65]38,59,1)([66]39,14,4)([67]41,63,7)([68]12,8,5)([69]18,46,7)([70]49,61,0)([71]32,20,0)([72]35,28,3)([73]53,70,5)([74]60,72,4)([75]46,56,4)([76]7,0,0)([77]61,14,4)([78]16,0,1)([79]77,48,2)([80]30,56,1)([81]67,37,5)([82]8,32,6)([83]75,81,4)([84]31,16,1)([85]29,39,2)([86]79,75,3)(86)
optimized area: 125.56
time: 1260739 ms
seed: 1636097020
NOT FOUND
time: 1062800 ms
seed: 1636130126
NOT FOUND
time: 1064857 ms
seed: 1636162697
{7,1,80,1,2,1,8}([7]6,4,4)([8]5,2,4)([9]1,2,4)([10]7,8,3)([11]2,0,6)([12]11,0,4)([13]2,7,2)([14]4,3,4)([15]4,2,7)([16]12,5,6)([17]8,15,4)([18]14,0,3)([19]14,11,3)([20]10,19,2)([21]20,7,3)([22]9,20,7)([23]5,19,3)([24]19,13,2)([25]18,1,4)([26]16,24,4)([27]3,6,3)([28]0,15,5)([29]10,4,4)([30]6,22,5)([31]14,21,2)([32]1,3,4)([33]3,30,2)([34]6,28,7)([35]19,30,6)([36]26,31,4)([37]25,5,5)([38]13,9,7)([39]36,38,6)([40]37,28,7)([41]39,22,4)([42]11,16,5)([43]27,28,1)([44]24,33,1)([45]17,39,2)([46]41,39,2)([47]0,46,7)([48]37,42,7)([49]35,20,6)([50]42,35,7)([51]45,47,7)([52]4,22,3)([53]27,16,1)([54]40,24,6)([55]19,16,4)([56]51,48,2)([57]51,10,2)([58]24,20,3)([59]52,54,2)([60]37,56,5)([61]10,2,1)([62]1,0,4)([63]57,59,3)([64]49,63,4)([65]12,52,4)([66]28,13,7)([67]11,21,7)([68]60,9,2)([69]4,16,5)([70]56,32,6)([71]69,59,2)([72]24,9,1)([73]27,35,3)([74]40,23,2)([75]70,34,5)([76]51,47,4)([77]75,64,2)([78]59,18,0)([79]0,19,0)([80]10,79,3)([81]71,32,5)([82]17,33,6)([83]10,53,5)([84]82,59,2)([85]42,3,3)([86]66,30,1)(77)
evaluations: 21635010
first invidual area: 156.97
{7,1,80,1,2,1,8}([7]4,6,4)([8]5,2,4)([9]2,1,4)([10]8,7,3)([11]0,2,6)([12]11,0,3)([13]7,2,2)([14]3,4,4)([15]10,2,0)([16]13,14,5)([17]5,12,3)([18]0,14,6)([19]11,14,3)([20]19,10,2)([21]1,18,7)([22]20,9,7)([23]20,2,4)([24]4,7,0)([25]18,8,2)([26]17,16,4)([27]24,2,7)([28]0,27,5)([29]8,18,2)([30]6,22,5)([31]5,22,4)([32]3,1,4)([33]13,9,7)([34]6,28,7)([35]30,19,6)([36]26,14,4)([37]5,21,5)([38]6,34,1)([39]33,36,6)([40]28,37,7)([41]4,32,0)([42]20,30,7)([43]35,20,6)([44]40,26,6)([45]31,39,5)([46]39,24,5)([47]0,45,7)([48]10,27,2)([49]32,28,1)([50]5,21,5)([51]46,47,7)([52]41,22,3)([53]11,25,7)([54]1,29,0)([55]51,10,2)([56]51,37,2)([57]47,27,5)([58]9,1,5)([59]52,44,2)([60]4,26,1)([61]46,60,3)([62]40,8,0)([63]55,59,6)([64]43,63,7)([65]1,32,1)([66]32,56,6)([67]47,5,0)([68]59,67,1)([69]0,63,2)([70]41,14,5)([71]67,37,0)([72]36,71,2)([73]0,5,7)([74]73,59,5)([75]66,34,5)([76]63,0,2)([77]29,15,4)([78]28,15,4)([79]38,66,2)([80]2,43,5)([81]8,21,5)([82]69,38,6)([83]75,64,2)([84]8,5,6)([85]70,1,5)([86]40,11,4)(83)
optimized area: 137.28
time: 1307838 ms
seed: 1636195097
NOT FOUND
time: 1069589 ms
seed: 1636225808
NOT FOUND
time: 1062355 ms
seed: 1636255794
NOT FOUND
time: 1068590 ms
seed: 1636274941
NOT FOUND
time: 1064949 ms
seed: 1636291489
NOT FOUND
time: 1064047 ms
seed: 1636307959
NOT FOUND
time: 1062601 ms
seed: 1636324200
{7,1,80,1,2,1,8}([7]0,6,6)([8]1,7,3)([9]4,7,6)([10]1,6,4)([11]5,2,7)([12]9,4,7)([13]5,1,4)([14]0,10,4)([15]4,2,7)([16]3,1,2)([17]14,15,7)([18]8,8,1)([19]16,13,2)([20]6,11,7)([21]9,3,4)([22]13,4,2)([23]20,18,3)([24]12,17,3)([25]2,24,5)([26]2,14,7)([27]21,2,1)([28]27,22,2)([29]15,18,3)([30]16,4,7)([31]28,25,2)([32]10,25,4)([33]17,3,1)([34]21,23,5)([35]31,10,7)([36]3,22,2)([37]32,16,6)([38]29,13,0)([39]6,5,3)([40]39,33,4)([41]34,5,3)([42]34,40,2)([43]7,11,4)([44]15,14,1)([45]6,3,5)([46]0,37,7)([47]4,30,6)([48]36,30,7)([49]2,41,3)([50]32,43,0)([51]5,10,1)([52]37,34,4)([53]3,41,1)([54]35,43,2)([55]47,45,4)([56]31,23,5)([57]42,48,6)([58]4,27,4)([59]46,56,5)([60]26,49,0)([61]24,50,0)([62]30,17,6)([63]52,45,1)([64]5,54,2)([65]4,21,7)([66]32,56,3)([67]12,64,6)([68]46,25,5)([69]67,59,7)([70]58,27,6)([71]55,61,7)([72]2,23,7)([73]16,1,3)([74]40,17,7)([75]41,7,6)([76]56,13,6)([77]57,63,6)([78]2,38,0)([79]49,55,3)([80]69,77,7)([81]71,13,3)([82]38,24,5)([83]40,50,3)([84]28,57,5)([85]38,76,6)([86]23,35,0)(80)
evaluations: 10701933
first invidual area: 144.31
{7,1,80,1,2,1,8}([7]0,6,6)([8]6,5,6)([9]4,7,6)([10]1,6,4)([11]2,10,4)([12]9,4,6)([13]7,1,6)([14]0,4,4)([15]12,9,1)([16]3,1,2)([17]11,14,4)([18]1,5,4)([19]17,8,4)([20]11,18,4)([21]9,3,4)([22]18,4,2)([23]13,20,3)([24]17,12,3)([25]2,24,5)([26]21,6,5)([27]21,20,6)([28]22,26,2)([29]2,26,4)([30]4,16,7)([31]28,25,2)([32]25,10,4)([33]21,23,1)([34]32,20,3)([35]23,21,5)([36]8,35,4)([37]32,16,6)([38]6,8,0)([39]23,11,3)([40]3,22,5)([41]31,10,7)([42]35,19,2)([43]3,13,7)([44]35,37,7)([45]13,27,1)([46]37,0,7)([47]40,38,5)([48]30,40,4)([49]13,38,0)([50]26,13,6)([51]23,31,5)([52]18,7,2)([53]46,8,1)([54]14,41,7)([55]1,50,4)([56]37,38,0)([57]42,48,6)([58]41,2,2)([59]51,46,5)([60]57,44,3)([61]0,32,0)([62]1,42,0)([63]33,37,2)([64]5,58,2)([65]5,45,1)([66]21,55,4)([67]12,64,6)([68]20,32,6)([69]67,59,4)([70]37,18,1)([71]0,69,1)([72]4,9,5)([73]24,48,5)([74]46,56,4)([75]20,62,7)([76]55,67,7)([77]43,17,2)([78]62,5,7)([79]61,65,6)([80]69,60,7)([81]52,20,6)([82]4,28,4)([83]73,23,4)([84]64,78,4)([85]0,38,6)([86]61,26,7)(80)
optimized area: 128.38
time: 1322022 ms
seed: 1636340462
{7,1,80,1,2,1,8}([7]4,3,4)([8]7,0,5)([9]2,7,5)([10]0,1,4)([11]8,2,7)([12]11,10,2)([13]1,9,3)([14]5,9,7)([15]14,11,3)([16]13,11,4)([17]4,8,3)([18]0,2,6)([19]10,5,5)([20]6,1,5)([21]7,15,7)([22]17,4,7)([23]15,6,7)([24]23,7,4)([25]21,20,3)([26]16,13,2)([27]3,4,2)([28]14,1,2)([29]1,7,1)([30]25,0,7)([31]23,19,3)([32]17,23,4)([33]21,30,6)([34]12,6,7)([35]4,17,7)([36]9,8,4)([37]33,31,2)([38]4,26,5)([39]10,1,2)([40]30,20,1)([41]28,10,6)([42]31,39,3)([43]13,38,1)([44]14,6,6)([45]37,7,7)([46]33,41,6)([47]18,32,4)([48]38,0,6)([49]40,27,4)([50]38,17,2)([51]47,46,6)([52]5,45,7)([53]1,47,2)([54]47,37,3)([55]28,51,4)([56]38,49,2)([57]35,32,2)([58]15,50,3)([59]35,19,5)([60]4,52,6)([61]4,54,5)([62]1,34,3)([63]40,8,0)([64]57,55,4)([65]31,39,7)([66]61,38,3)([67]10,22,2)([68]62,59,2)([69]68,44,6)([70]9,6,2)([71]51,19,2)([72]69,64,6)([73]46,30,7)([74]65,56,7)([75]43,63,0)([76]69,63,1)([77]74,49,6)([78]44,33,7)([79]56,72,7)([80]4,63,1)([81]80,4,3)([82]56,8,4)([83]66,38,5)([84]66,79,2)([85]71,43,7)([86]36,23,3)(84)
evaluations: 12333944
first invidual area: 148.03
{7,1,80,1,2,1,8}([7]4,3,4)([8]0,7,5)([9]2,7,5)([10]1,0,4)([11]2,8,7)([12]4,3,5)([13]0,11,5)([14]5,9,7)([15]14,11,3)([16]6,1,5)([17]8,4,3)([18]6,13,4)([19]10,5,5)([20]17,15,4)([21]15,7,7)([22]16,21,3)([23]0,12,3)([24]2,0,6)([25]1,18,3)([26]4,4,0)([27]11,23,1)([28]14,1,5)([29]17,23,1)([30]22,0,7)([31]4,9,0)([32]6,20,7)([33]21,30,6)([34]12,10,4)([35]31,29,3)([36]3,17,6)([37]27,16,0)([38]31,27,5)([39]10,35,1)([40]6,14,6)([41]20,6,1)([42]19,35,5)([43]29,14,3)([44]39,13,1)([45]26,18,4)([46]33,39,6)([47]24,32,4)([48]8,5,1)([49]30,12,4)([50]46,1,0)([51]47,46,6)([52]48,50,7)([53]39,49,3)([54]47,33,3)([55]10,33,2)([56]38,49,5)([57]35,32,5)([58]28,51,4)([59]35,26,2)([60]6,38,0)([61]53,54,5)([62]33,41,2)([63]39,51,4)([64]57,58,4)([65]44,34,4)([66]61,38,3)([67]66,61,3)([68]25,42,2)([69]68,40,6)([70]55,6,1)([71]51,0,0)([72]69,64,3)([73]39,4,2)([74]41,64,3)([75]73,58,3)([76]59,3,2)([77]57,1,6)([78]34,72,4)([79]72,56,7)([80]43,26,6)([81]69,50,3)([82]16,67,6)([83]6,49,5)([84]79,66,2)([85]25,21,6)([86]44,29,6)(84)
optimized area: 132.08
time: 1407731 ms
seed: 1636347146
NOT FOUND
time: 1078907 ms
seed: 1636353458
NOT FOUND
time: 902413 ms
