seed: 1633861217
NOT FOUND
time: 528541 ms
seed: 1633948164
{7,1,80,1,2,1,8}([7]0,2,2)([8]0,5,7)([9]1,0,5)([10]6,6,3)([11]5,3,2)([12]8,1,4)([13]10,0,7)([14]13,13,5)([15]4,10,0)([16]4,7,6)([17]9,6,2)([18]3,17,7)([19]0,1,7)([20]7,12,5)([21]14,5,6)([22]3,17,6)([23]2,11,4)([24]0,6,2)([25]1,4,2)([26]3,2,6)([27]15,24,7)([28]25,22,7)([29]7,24,7)([30]23,17,7)([31]16,3,7)([32]29,30,2)([33]19,13,1)([34]18,21,6)([35]27,26,6)([36]0,32,5)([37]35,32,2)([38]27,2,2)([39]31,13,6)([40]35,28,4)([41]21,31,2)([42]28,12,7)([43]39,21,3)([44]37,4,3)([45]27,38,1)([46]42,36,4)([47]33,43,5)([48]26,47,6)([49]8,38,6)([50]6,29,0)([51]9,8,5)([52]34,27,1)([53]23,5,4)([54]6,31,1)([55]46,40,5)([56]4,48,4)([57]47,18,4)([58]28,14,1)([59]26,46,5)([60]57,56,3)([61]40,25,3)([62]29,20,3)([63]60,20,2)([64]16,22,3)([65]38,55,3)([66]45,33,3)([67]1,62,5)([68]6,29,1)([69]45,48,2)([70]24,68,4)([71]65,63,2)([72]45,60,3)([73]29,44,2)([74]1,28,3)([75]48,19,7)([76]37,33,0)([77]5,67,4)([78]27,51,4)([79]67,69,7)([80]37,71,3)([81]7,36,5)([82]12,81,1)([83]30,18,5)([84]47,21,4)([85]46,13,6)([86]83,18,7)(80)
evaluations: 23063710
first invidual area: 136.80
{7,1,80,1,2,1,8}([7]3,2,6)([8]1,0,4)([9]1,4,5)([10]0,1,5)([11]5,3,5)([12]5,8,7)([13]0,6,7)([14]13,4,1)([15]12,0,2)([16]11,2,7)([17]6,10,2)([18]3,17,7)([19]3,17,3)([20]2,15,5)([21]10,1,7)([22]4,9,4)([23]11,1,3)([24]8,15,0)([25]0,6,5)([26]14,12,6)([27]4,25,4)([28]9,19,7)([29]9,10,5)([30]16,17,7)([31]13,26,6)([32]23,30,2)([33]12,12,0)([34]21,32,1)([35]27,7,6)([36]30,31,7)([37]32,35,2)([38]27,2,2)([39]38,13,6)([40]35,28,4)([41]33,35,7)([42]31,7,5)([43]39,26,3)([44]39,30,5)([45]18,7,6)([46]14,39,4)([47]43,6,7)([48]8,41,3)([49]43,8,5)([50]28,44,1)([51]16,3,6)([52]41,44,7)([53]4,43,5)([54]40,52,5)([55]7,45,7)([56]45,4,4)([57]49,18,4)([58]57,7,6)([59]1,48,7)([60]57,56,3)([61]38,15,1)([62]44,34,0)([63]60,20,2)([64]4,41,1)([65]38,54,3)([66]36,65,1)([67]58,9,7)([68]11,7,6)([69]59,3,1)([70]11,55,5)([71]63,65,2)([72]59,15,4)([73]39,71,3)([74]68,26,7)([75]57,22,3)([76]50,37,0)([77]15,41,5)([78]43,34,5)([79]33,9,0)([80]60,73,3)([81]26,42,6)([82]59,20,6)([83]68,68,5)([84]37,71,3)([85]50,46,3)([86]6,3,7)(84)
optimized area: 119.45
time: 601284 ms
seed: 1633975834
{7,1,80,1,2,1,8}([7]3,5,7)([8]3,6,2)([9]4,2,3)([10]2,8,3)([11]2,6,7)([12]6,4,7)([13]10,5,5)([14]11,7,4)([15]11,13,6)([16]9,4,4)([17]13,1,7)([18]4,5,4)([19]3,1,4)([20]6,5,6)([21]20,19,7)([22]11,13,1)([23]12,10,4)([24]9,2,4)([25]2,18,4)([26]20,9,3)([27]21,7,5)([28]12,21,5)([29]15,14,6)([30]1,29,5)([31]10,8,1)([32]23,25,7)([33]19,32,3)([34]27,16,4)([35]24,0,4)([36]25,33,3)([37]35,17,2)([38]3,34,3)([39]0,38,4)([40]0,13,1)([41]33,31,6)([42]39,37,3)([43]39,16,6)([44]4,4,0)([45]15,29,7)([46]0,43,3)([47]25,37,4)([48]8,1,7)([49]34,22,3)([50]22,44,0)([51]22,17,3)([52]40,11,3)([53]36,31,3)([54]41,32,2)([55]9,42,6)([56]40,49,7)([57]29,19,2)([58]26,56,7)([59]18,1,3)([60]30,49,6)([61]25,17,2)([62]60,13,3)([63]46,36,4)([64]6,36,1)([65]1,59,7)([66]42,18,7)([67]58,63,5)([68]55,24,5)([69]44,57,2)([70]42,69,6)([71]26,68,6)([72]17,44,2)([73]10,44,3)([74]68,73,5)([75]56,14,6)([76]67,70,7)([77]44,69,0)([78]38,6,0)([79]5,52,3)([80]76,63,0)([81]65,47,4)([82]46,74,4)([83]1,56,1)([84]17,60,5)([85]66,21,3)([86]8,68,5)(80)
evaluations: 40023279
first invidual area: 144.33
{7,1,80,1,2,1,8}([7]5,3,7)([8]6,3,2)([9]4,2,3)([10]8,2,3)([11]2,6,7)([12]10,6,4)([13]5,10,5)([14]7,11,4)([15]4,0,1)([16]15,2,3)([17]13,1,7)([18]11,10,4)([19]3,1,4)([20]6,5,6)([21]20,19,7)([22]11,4,1)([23]0,10,1)([24]9,3,1)([25]5,18,7)([26]12,4,4)([27]21,7,5)([28]4,24,6)([29]15,14,6)([30]15,27,1)([31]2,7,0)([32]30,28,3)([33]19,26,3)([34]27,28,4)([35]16,0,2)([36]25,33,6)([37]35,17,2)([38]3,34,3)([39]0,38,4)([40]19,24,3)([41]29,7,7)([42]39,37,3)([43]20,3,6)([44]2,32,1)([45]38,15,6)([46]0,45,6)([47]20,9,6)([48]13,47,6)([49]34,22,6)([50]35,45,4)([51]13,43,7)([52]25,22,3)([53]11,39,1)([54]28,32,4)([55]5,47,5)([56]49,0,4)([57]19,29,2)([58]47,56,7)([59]57,21,7)([60]35,52,0)([61]17,29,2)([62]8,9,2)([63]46,36,4)([64]27,1,2)([65]39,2,1)([66]57,13,2)([67]58,63,5)([68]11,5,6)([69]16,43,1)([70]42,66,6)([71]28,40,4)([72]48,18,6)([73]14,30,1)([74]12,52,0)([75]20,51,5)([76]67,70,7)([77]5,76,5)([78]54,62,2)([79]2,33,5)([80]19,26,3)([81]51,50,2)([82]34,78,0)([83]18,61,7)([84]23,20,6)([85]25,60,7)([86]17,69,2)(76)
optimized area: 131.65
time: 545452 ms
seed: 1633998808
{7,1,80,1,2,1,8}([7]4,0,0)([8]4,2,7)([9]2,0,5)([10]6,9,5)([11]0,8,5)([12]3,10,7)([13]12,6,1)([14]10,12,6)([15]12,0,2)([16]15,12,0)([17]8,5,5)([18]11,13,4)([19]12,5,4)([20]5,10,4)([21]17,11,1)([22]7,10,7)([23]1,2,7)([24]10,19,1)([25]1,11,0)([26]15,23,6)([27]25,6,6)([28]27,18,7)([29]13,2,4)([30]22,19,2)([31]16,27,6)([32]26,30,7)([33]10,1,2)([34]7,20,4)([35]20,13,5)([36]1,27,4)([37]33,31,5)([38]35,25,5)([39]17,12,2)([40]10,39,2)([41]28,32,6)([42]20,0,2)([43]24,11,7)([44]14,20,0)([45]38,41,4)([46]36,8,7)([47]43,46,6)([48]34,29,6)([49]28,11,1)([50]4,39,6)([51]7,41,7)([52]36,0,3)([53]18,3,6)([54]37,0,7)([55]42,50,6)([56]48,46,5)([57]56,55,5)([58]17,31,5)([59]13,55,1)([60]45,54,5)([61]41,36,1)([62]61,0,5)([63]23,39,7)([64]50,11,7)([65]21,7,1)([66]6,23,0)([67]40,55,1)([68]63,62,2)([69]16,39,2)([70]5,50,0)([71]29,52,3)([72]47,33,4)([73]18,61,7)([74]41,54,7)([75]54,1,6)([76]43,22,2)([77]42,20,2)([78]48,37,4)([79]1,31,6)([80]65,57,7)([81]7,67,5)([82]64,40,4)([83]13,24,3)([84]28,1,5)([85]57,60,4)([86]57,82,0)(85)
evaluations: 14154146
first invidual area: 123.22
{7,1,80,1,2,1,8}([7]1,2,7)([8]2,4,7)([9]0,2,5)([10]6,9,5)([11]8,5,5)([12]3,10,7)([13]12,1,1)([14]0,8,5)([15]0,12,2)([16]6,1,6)([17]10,4,7)([18]12,16,4)([19]14,16,3)([20]5,10,4)([21]15,10,1)([22]0,18,0)([23]5,12,4)([24]12,2,7)([25]10,1,2)([26]15,7,6)([27]6,5,5)([28]18,14,4)([29]8,13,1)([30]23,17,5)([31]11,12,2)([32]13,20,5)([33]30,26,4)([34]28,33,6)([35]4,20,4)([36]21,25,5)([37]19,1,4)([38]18,17,5)([39]27,5,6)([40]4,31,6)([41]1,32,5)([42]7,10,3)([43]34,41,4)([44]16,17,7)([45]0,36,7)([46]17,24,1)([47]20,0,2)([48]24,35,6)([49]12,35,6)([50]30,42,7)([51]43,43,5)([52]1,41,3)([53]8,35,3)([54]48,36,0)([55]47,40,6)([56]50,48,5)([57]56,55,5)([58]37,50,4)([59]31,33,3)([60]43,45,5)([61]20,57,2)([62]52,3,7)([63]61,34,0)([64]1,46,3)([65]51,45,1)([66]1,45,6)([67]52,30,1)([68]27,64,1)([69]56,48,7)([70]49,40,4)([71]37,53,1)([72]66,28,1)([73]2,23,5)([74]20,20,6)([75]47,13,5)([76]21,44,6)([77]47,27,1)([78]71,60,5)([79]44,51,4)([80]9,49,4)([81]59,10,6)([82]32,18,4)([83]14,45,1)([84]78,62,1)([85]60,57,4)([86]27,18,3)(85)
optimized area: 119.46
time: 619123 ms
seed: 1634047614
NOT FOUND
time: 525530 ms
seed: 1634161817
NOT FOUND
time: 533225 ms
seed: 1634209135
NOT FOUND
time: 526154 ms
seed: 1634258112
{7,1,80,1,2,1,8}([7]3,6,1)([8]3,5,5)([9]8,6,4)([10]9,1,4)([11]2,1,7)([12]7,11,5)([13]4,11,0)([14]4,0,7)([15]14,5,7)([16]0,7,3)([17]2,6,2)([18]15,2,3)([19]2,14,5)([20]0,18,2)([21]17,11,3)([22]15,6,2)([23]14,5,2)([24]10,20,2)([25]6,24,7)([26]18,16,4)([27]5,2,2)([28]14,25,5)([29]6,10,4)([30]12,29,5)([31]30,14,3)([32]17,23,7)([33]26,11,5)([34]32,24,5)([35]6,31,4)([36]12,26,4)([37]34,3,4)([38]25,4,2)([39]30,5,2)([40]3,33,6)([41]23,33,4)([42]27,39,3)([43]18,42,3)([44]1,40,7)([45]10,22,3)([46]38,36,2)([47]45,41,6)([48]30,34,0)([49]42,35,1)([50]24,19,2)([51]48,37,3)([52]28,19,2)([53]15,37,1)([54]52,42,3)([55]52,7,5)([56]46,49,5)([57]18,42,5)([58]11,2,2)([59]56,47,7)([60]20,53,2)([61]55,37,2)([62]61,25,1)([63]34,58,7)([64]60,37,0)([65]42,30,1)([66]59,61,7)([67]38,40,7)([68]66,6,6)([69]35,5,7)([70]35,29,2)([71]13,70,3)([72]47,43,0)([73]16,59,5)([74]43,55,5)([75]69,23,6)([76]21,13,4)([77]71,66,7)([78]66,52,4)([79]22,48,0)([80]25,77,2)([81]70,47,5)([82]60,9,2)([83]40,35,3)([84]53,33,6)([85]10,74,7)([86]19,79,0)(77)
evaluations: 42778613
first invidual area: 139.13
{7,1,80,1,2,1,8}([7]3,1,1)([8]3,5,5)([9]8,1,4)([10]9,6,4)([11]1,2,7)([12]11,7,5)([13]1,5,1)([14]4,0,7)([15]14,5,7)([16]0,7,3)([17]15,15,0)([18]15,2,3)([19]2,14,5)([20]18,0,2)([21]12,5,1)([22]6,17,2)([23]14,5,2)([24]20,10,2)([25]6,24,7)([26]18,16,4)([27]23,13,2)([28]14,25,5)([29]10,11,2)([30]6,2,5)([31]21,14,3)([32]30,23,4)([33]26,11,5)([34]32,24,5)([35]6,31,4)([36]12,26,4)([37]34,7,7)([38]25,4,2)([39]13,5,2)([40]37,18,2)([41]23,33,4)([42]22,39,6)([43]27,0,0)([44]5,2,1)([45]10,22,3)([46]38,36,2)([47]45,41,3)([48]1,36,5)([49]48,44,2)([50]8,12,6)([51]25,44,1)([52]28,19,2)([53]39,24,6)([54]47,1,3)([55]52,34,5)([56]46,42,5)([57]42,32,5)([58]18,11,5)([59]56,47,5)([60]24,23,0)([61]55,37,5)([62]4,13,5)([63]38,2,1)([64]2,56,6)([65]61,52,5)([66]59,61,7)([67]1,21,6)([68]64,39,0)([69]39,67,4)([70]35,9,2)([71]4,70,6)([72]63,63,4)([73]55,28,5)([74]12,64,4)([75]51,39,6)([76]2,56,3)([77]71,66,7)([78]35,42,1)([79]5,38,3)([80]44,77,7)([81]64,65,1)([82]9,3,2)([83]4,71,7)([84]60,76,6)([85]74,4,3)([86]78,33,3)(77)
optimized area: 127.87
time: 545104 ms
seed: 1634306253
{7,1,80,1,2,1,8}([7]5,2,4)([8]6,0,0)([9]6,1,4)([10]0,0,3)([11]1,0,7)([12]6,3,7)([13]3,1,4)([14]8,13,5)([15]5,6,6)([16]4,5,4)([17]12,10,7)([18]16,15,2)([19]12,5,0)([20]16,2,3)([21]17,7,4)([22]18,19,7)([23]11,5,6)([24]10,9,5)([25]22,2,7)([26]23,22,3)([27]24,21,5)([28]6,25,3)([29]10,22,6)([30]12,16,7)([31]24,17,2)([32]28,21,2)([33]29,12,5)([34]32,4,4)([35]26,9,2)([36]30,20,1)([37]14,34,4)([38]20,6,5)([39]36,24,6)([40]14,13,4)([41]35,4,4)([42]21,1,4)([43]17,38,7)([44]43,27,5)([45]27,3,6)([46]2,37,4)([47]44,33,7)([48]23,31,4)([49]31,7,0)([50]9,2,6)([51]10,30,7)([52]5,3,0)([53]50,10,5)([54]32,4,2)([55]37,1,6)([56]14,54,3)([57]30,9,1)([58]6,3,7)([59]5,29,2)([60]29,37,7)([61]9,16,7)([62]4,7,2)([63]28,40,0)([64]11,39,3)([65]45,39,7)([66]6,1,3)([67]56,46,2)([68]15,25,6)([69]56,1,0)([70]67,62,3)([71]25,49,5)([72]47,70,5)([73]4,0,0)([74]36,13,2)([75]46,45,5)([76]14,54,7)([77]12,22,4)([78]58,45,4)([79]10,76,6)([80]56,8,1)([81]30,72,4)([82]72,41,4)([83]52,44,0)([84]37,79,6)([85]71,82,5)([86]31,54,0)(85)
evaluations: 42427937
first invidual area: 131.66
{7,1,80,1,2,1,8}([7]2,5,4)([8]6,5,6)([9]1,6,4)([10]0,8,7)([11]9,8,0)([12]6,3,7)([13]11,3,7)([14]6,13,5)([15]2,8,0)([16]4,5,4)([17]12,0,7)([18]4,8,2)([19]16,7,7)([20]16,15,3)([21]17,7,4)([22]18,12,7)([23]10,5,6)([24]9,0,5)([25]22,2,7)([26]23,22,3)([27]24,21,5)([28]6,25,3)([29]17,18,6)([30]3,12,7)([31]26,5,7)([32]28,21,5)([33]29,12,5)([34]3,0,7)([35]26,9,5)([36]17,26,7)([37]14,19,5)([38]20,6,5)([39]25,15,0)([40]6,20,7)([41]35,4,4)([42]32,37,4)([43]17,38,7)([44]43,27,5)([45]2,7,1)([46]45,3,4)([47]44,33,7)([48]15,4,2)([49]24,17,2)([50]30,21,2)([51]1,0,1)([52]23,4,4)([53]22,5,2)([54]23,34,2)([55]3,39,1)([56]14,48,3)([57]46,7,1)([58]54,5,4)([59]5,36,1)([60]32,11,2)([61]46,52,4)([62]4,7,2)([63]23,39,7)([64]9,16,5)([65]41,24,6)([66]2,55,1)([67]56,42,2)([68]67,21,5)([69]42,43,1)([70]67,62,3)([71]25,49,5)([72]47,70,5)([73]68,7,5)([74]72,29,2)([75]19,18,3)([76]51,15,4)([77]0,50,1)([78]16,14,0)([79]43,71,3)([80]26,10,2)([81]74,64,1)([82]72,41,7)([83]42,36,7)([84]13,72,0)([85]71,82,5)([86]77,63,6)(85)
optimized area: 127.90
time: 543125 ms
seed: 1634346770
NOT FOUND
time: 532320 ms
seed: 1634395677
NOT FOUND
time: 519808 ms
seed: 1634444673
{7,1,80,1,2,1,8}([7]5,0,0)([8]0,2,5)([9]0,6,4)([10]9,3,4)([11]0,4,7)([12]9,1,5)([13]5,8,2)([14]5,1,7)([15]11,6,6)([16]15,2,2)([17]16,10,4)([18]14,12,2)([19]17,1,6)([20]7,12,7)([21]17,13,3)([22]20,19,7)([23]21,0,7)([24]23,1,4)([25]18,2,3)([26]4,3,5)([27]26,5,3)([28]25,17,2)([29]2,26,3)([30]28,27,7)([31]13,10,5)([32]24,3,4)([33]23,22,5)([34]19,33,1)([35]29,15,6)([36]8,15,7)([37]36,17,2)([38]36,32,3)([39]38,4,2)([40]6,28,1)([41]30,39,6)([42]29,33,7)([43]42,13,6)([44]7,2,7)([45]32,12,5)([46]14,41,3)([47]41,15,3)([48]29,36,2)([49]40,37,3)([50]10,13,6)([51]48,8,6)([52]7,8,5)([53]18,30,6)([54]0,10,0)([55]25,23,5)([56]49,34,4)([57]52,30,4)([58]29,56,5)([59]48,34,2)([60]36,50,4)([61]26,2,3)([62]26,0,3)([63]18,17,1)([64]16,0,3)([65]52,59,7)([66]49,63,0)([67]47,42,2)([68]64,62,7)([69]34,6,4)([70]18,11,0)([71]15,31,5)([72]26,11,3)([73]65,46,5)([74]73,48,7)([75]18,15,1)([76]44,9,3)([77]74,36,2)([78]15,52,7)([79]41,17,3)([80]12,58,4)([81]22,76,6)([82]75,55,3)([83]77,67,7)([84]76,67,7)([85]31,30,3)([86]40,84,1)(83)
evaluations: 13444768
first invidual area: 132.12
{7,1,80,1,2,1,8}([7]5,1,0)([8]0,2,5)([9]0,6,4)([10]3,9,4)([11]0,4,7)([12]9,1,5)([13]8,5,2)([14]7,1,7)([15]11,6,6)([16]2,15,5)([17]16,10,7)([18]14,12,2)([19]17,1,6)([20]19,7,4)([21]17,13,6)([22]20,12,4)([23]0,21,4)([24]3,23,4)([25]2,18,3)([26]3,4,5)([27]26,7,3)([28]25,10,5)([29]26,2,3)([30]28,27,4)([31]24,1,4)([32]27,30,4)([33]22,23,5)([34]19,17,1)([35]1,7,3)([36]15,8,7)([37]17,21,7)([38]31,36,3)([39]4,38,2)([40]18,9,0)([41]30,39,6)([42]8,12,3)([43]32,42,5)([44]11,39,7)([45]22,25,5)([46]15,41,3)([47]33,4,0)([48]27,17,7)([49]29,0,0)([50]5,1,2)([51]47,5,4)([52]29,47,7)([53]14,41,3)([54]50,52,6)([55]16,41,3)([56]51,3,6)([57]8,8,1)([58]17,14,1)([59]49,34,5)([60]33,51,7)([61]22,14,5)([62]39,58,0)([63]29,2,2)([64]59,13,7)([65]15,29,7)([66]50,17,7)([67]57,2,3)([68]54,38,0)([69]52,46,5)([70]29,33,7)([71]49,28,0)([72]35,26,1)([73]64,53,5)([74]73,29,7)([75]4,21,1)([76]30,15,0)([77]74,36,5)([78]4,77,0)([79]38,76,2)([80]62,73,4)([81]7,34,2)([82]52,23,4)([83]77,69,7)([84]45,58,2)([85]50,19,1)([86]62,79,3)(83)
optimized area: 125.56
time: 675345 ms
seed: 1634504893
{7,1,80,1,2,1,8}([7]6,2,3)([8]1,1,5)([9]7,3,7)([10]5,2,0)([11]3,6,4)([12]6,4,6)([13]8,2,7)([14]7,12,3)([15]7,0,5)([16]3,8,3)([17]11,4,3)([18]16,12,7)([19]10,15,6)([20]2,11,4)([21]5,13,7)([22]4,1,2)([23]16,20,7)([24]22,9,4)([25]24,0,3)([26]3,14,4)([27]21,10,5)([28]12,14,3)([29]0,17,6)([30]1,21,4)([31]23,15,6)([32]7,31,4)([33]12,25,4)([34]31,28,2)([35]33,32,7)([36]12,27,3)([37]23,21,5)([38]4,2,3)([39]20,35,7)([40]4,12,6)([41]39,24,6)([42]40,39,7)([43]26,10,7)([44]37,41,2)([45]0,13,5)([46]33,38,4)([47]45,19,7)([48]21,4,0)([49]10,8,6)([50]32,36,3)([51]31,50,5)([52]23,24,4)([53]45,17,7)([54]50,35,3)([55]49,34,4)([56]21,3,6)([57]46,54,5)([58]42,2,4)([59]53,25,2)([60]58,55,5)([61]21,18,2)([62]2,39,7)([63]5,10,7)([64]24,44,0)([65]47,29,4)([66]37,6,6)([67]59,60,3)([68]65,54,7)([69]68,67,7)([70]4,46,0)([71]69,10,4)([72]47,6,6)([73]44,1,1)([74]44,69,6)([75]5,16,4)([76]52,40,0)([77]65,45,6)([78]26,6,2)([79]51,61,5)([80]4,64,3)([81]44,62,1)([82]47,78,1)([83]0,0,4)([84]40,7,7)([85]35,39,0)([86]72,61,4)(74)
evaluations: 44086837
first invidual area: 151.81
{7,1,80,1,2,1,8}([7]6,2,3)([8]1,3,1)([9]7,3,4)([10]0,8,6)([11]3,6,4)([12]4,6,6)([13]2,1,4)([14]8,3,6)([15]0,7,5)([16]5,15,3)([17]11,4,3)([18]8,0,1)([19]12,9,4)([20]2,11,4)([21]5,13,7)([22]4,1,5)([23]20,14,4)([24]22,9,4)([25]0,24,3)([26]8,24,4)([27]13,5,5)([28]4,12,3)([29]17,0,6)([30]9,28,1)([31]23,15,6)([32]7,31,7)([33]12,25,7)([34]10,9,5)([35]33,32,7)([36]27,12,3)([37]23,21,5)([38]2,27,4)([39]20,35,7)([40]16,39,7)([41]39,24,6)([42]28,39,7)([43]0,39,5)([44]37,41,2)([45]0,13,5)([46]2,33,7)([47]45,16,4)([48]5,0,0)([49]48,8,6)([50]33,36,3)([51]13,9,0)([52]50,4,4)([53]45,17,7)([54]50,35,3)([55]49,31,4)([56]48,25,7)([57]32,26,2)([58]42,2,7)([59]53,25,2)([60]58,55,5)([61]6,18,6)([62]10,1,1)([63]3,22,3)([64]59,60,3)([65]47,29,6)([66]25,7,4)([67]35,47,3)([68]65,54,7)([69]68,64,4)([70]26,49,0)([71]28,28,2)([72]41,32,7)([73]15,22,1)([74]44,69,6)([75]43,58,0)([76]14,23,2)([77]42,61,3)([78]22,39,1)([79]38,32,4)([80]47,4,3)([81]9,28,5)([82]14,10,3)([83]57,21,1)([84]41,76,1)([85]21,41,3)([86]7,78,2)(74)
optimized area: 141.50
time: 547246 ms
seed: 1634604161
{7,1,80,1,2,1,8}([7]4,0,5)([8]3,7,5)([9]0,2,7)([10]4,2,5)([11]1,3,4)([12]2,11,6)([13]1,11,0)([14]6,9,3)([15]8,9,2)([16]10,8,7)([17]6,3,7)([18]16,1,5)([19]11,9,6)([20]17,8,3)([21]17,16,1)([22]1,5,7)([23]18,20,5)([24]4,17,1)([25]21,19,7)([26]14,3,2)([27]14,15,7)([28]1,25,6)([29]28,4,4)([30]3,19,7)([31]26,29,4)([32]29,22,6)([33]9,2,6)([34]2,5,6)([35]0,23,3)([36]4,29,4)([37]22,27,7)([38]22,31,6)([39]28,31,5)([40]29,31,6)([41]39,30,5)([42]12,38,7)([43]11,35,5)([44]33,37,3)([45]12,13,2)([46]28,34,2)([47]24,22,2)([48]39,37,5)([49]37,48,3)([50]48,18,0)([51]35,50,2)([52]12,0,7)([53]49,8,5)([54]47,15,7)([55]21,13,6)([56]1,8,1)([57]45,38,6)([58]15,57,2)([59]49,54,5)([60]44,17,6)([61]51,24,4)([62]61,40,6)([63]46,53,7)([64]37,21,1)([65]60,57,7)([66]23,19,5)([67]62,46,3)([68]7,60,4)([69]53,33,2)([70]43,10,0)([71]7,36,5)([72]20,65,7)([73]40,34,2)([74]27,22,0)([75]66,32,2)([76]10,37,1)([77]56,62,0)([78]10,61,2)([79]21,56,4)([80]72,52,2)([81]43,29,3)([82]58,36,0)([83]38,72,0)([84]1,20,2)([85]67,80,3)([86]31,84,4)(85)
evaluations: 19024189
first invidual area: 133.03
{7,1,80,1,2,1,8}([7]0,4,5)([8]7,3,5)([9]0,2,7)([10]2,4,5)([11]3,1,7)([12]2,11,3)([13]12,9,4)([14]6,9,3)([15]9,8,5)([16]10,3,4)([17]3,6,7)([18]1,16,5)([19]15,3,6)([20]8,17,3)([21]19,6,4)([22]1,5,7)([23]20,18,5)([24]0,3,2)([25]6,19,4)([26]3,14,5)([27]25,17,2)([28]1,25,6)([29]28,4,4)([30]22,1,0)([31]29,26,7)([32]0,23,3)([33]11,4,1)([34]28,30,5)([35]13,34,0)([36]15,14,5)([37]36,30,7)([38]7,1,0)([39]37,17,3)([40]29,23,0)([41]36,6,2)([42]31,30,6)([43]34,37,5)([44]0,35,4)([45]18,0,0)([46]34,2,6)([47]10,36,7)([48]25,40,6)([49]6,2,0)([50]9,47,5)([51]20,37,0)([52]24,42,6)([53]12,17,5)([54]31,29,6)([55]17,33,7)([56]32,43,5)([57]21,37,2)([58]28,8,2)([59]14,41,2)([60]26,27,5)([61]56,4,4)([62]61,54,6)([63]45,5,3)([64]39,0,3)([65]60,13,1)([66]50,27,3)([67]62,46,3)([68]26,43,2)([69]20,10,7)([70]2,28,2)([71]52,51,7)([72]64,71,4)([73]53,51,3)([74]72,13,2)([75]11,40,0)([76]70,6,4)([77]23,68,5)([78]64,64,1)([79]30,25,3)([80]55,16,4)([81]53,9,4)([82]13,1,3)([83]69,20,4)([84]65,19,7)([85]67,74,3)([86]31,5,6)(85)
optimized area: 121.32
time: 636015 ms
seed: 1634652911
NOT FOUND
time: 523699 ms
seed: 1634857591
NOT FOUND
time: 975101 ms
seed: 1635112161
NOT FOUND
time: 969287 ms
seed: 1635131004
NOT FOUND
time: 531261 ms
seed: 1635180185
NOT FOUND
time: 537501 ms
seed: 1635310416
{7,1,80,1,2,1,8}([7]2,0,7)([8]6,3,4)([9]3,1,3)([10]4,8,6)([11]2,8,5)([12]8,5,1)([13]8,11,2)([14]10,2,6)([15]1,5,6)([16]6,14,5)([17]16,0,5)([18]5,12,3)([19]18,3,5)([20]7,15,5)([21]11,9,5)([22]21,6,7)([23]7,22,6)([24]19,14,1)([25]2,7,7)([26]23,13,3)([27]5,4,2)([28]1,26,2)([29]5,25,4)([30]23,7,4)([31]27,28,7)([32]30,19,5)([33]1,17,6)([34]16,4,5)([35]17,6,7)([36]17,2,1)([37]15,2,4)([38]34,34,3)([39]29,31,2)([40]34,25,1)([41]35,21,7)([42]41,4,6)([43]39,42,6)([44]24,27,3)([45]8,8,7)([46]40,11,4)([47]3,36,3)([48]28,36,1)([49]27,47,7)([50]43,33,4)([51]46,49,4)([52]32,44,0)([53]32,8,1)([54]11,25,6)([55]1,21,1)([56]49,32,1)([57]9,16,4)([58]22,51,6)([59]54,37,7)([60]52,6,5)([61]51,59,5)([62]55,37,1)([63]50,54,3)([64]30,17,3)([65]61,52,6)([66]36,49,0)([67]63,65,4)([68]38,65,0)([69]63,61,3)([70]29,39,7)([71]16,34,5)([72]17,70,5)([73]16,46,6)([74]6,9,3)([75]0,2,3)([76]66,39,7)([77]24,58,7)([78]61,24,1)([79]38,1,6)([80]58,59,0)([81]40,42,5)([82]56,23,2)([83]1,60,7)([84]25,24,6)([85]17,14,2)([86]63,74,1)(67)
evaluations: 25920915
first invidual area: 136.32
{7,1,80,1,2,1,8}([7]2,0,7)([8]6,3,4)([9]5,6,3)([10]8,4,6)([11]2,8,5)([12]3,1,3)([13]2,10,6)([14]13,8,2)([15]9,3,5)([16]6,13,5)([17]0,16,5)([18]4,1,6)([19]5,1,6)([20]17,3,0)([21]11,12,5)([22]21,6,7)([23]7,22,6)([24]5,0,4)([25]2,19,4)([26]23,14,3)([27]4,5,2)([28]1,26,5)([29]22,20,7)([30]4,29,6)([31]7,17,2)([32]15,27,6)([33]17,1,6)([34]16,4,5)([35]33,34,4)([36]33,3,3)([37]27,28,4)([38]29,27,0)([39]24,37,2)([40]15,0,4)([41]13,36,3)([42]0,21,2)([43]30,39,3)([44]1,31,7)([45]20,33,5)([46]34,27,7)([47]15,19,4)([48]41,22,2)([49]36,11,5)([50]43,33,7)([51]46,49,7)([52]20,27,7)([53]4,42,7)([54]11,7,6)([55]7,23,3)([56]14,32,7)([57]15,42,7)([58]28,28,3)([59]54,25,7)([60]55,51,5)([61]59,15,5)([62]56,6,5)([63]50,54,3)([64]55,44,3)([65]61,60,3)([66]31,49,0)([67]52,26,2)([68]24,66,0)([69]50,38,7)([70]65,51,0)([71]44,6,7)([72]22,65,4)([73]10,10,7)([74]31,44,6)([75]36,67,5)([76]70,66,6)([77]6,73,1)([78]59,11,1)([79]0,50,7)([80]65,34,0)([81]69,69,2)([82]48,12,4)([83]48,31,6)([84]1,67,6)([85]9,19,1)([86]65,63,7)(86)
optimized area: 117.10
time: 1109042 ms
seed: 1635468165
NOT FOUND
time: 995400 ms
seed: 1635611457
NOT FOUND
time: 1096161 ms
seed: 1635659094
NOT FOUND
time: 1047740 ms
seed: 1635706954
NOT FOUND
time: 1059141 ms
seed: 1635754147
{7,1,80,1,2,1,8}([7]1,0,7)([8]2,0,2)([9]8,6,3)([10]7,2,3)([11]9,4,3)([12]1,5,4)([13]8,12,2)([14]9,3,4)([15]14,10,2)([16]4,1,4)([17]5,12,5)([18]11,15,5)([19]2,17,7)([20]0,15,4)([21]6,1,4)([22]4,20,6)([23]13,22,3)([24]19,22,3)([25]4,15,3)([26]24,25,2)([27]3,18,5)([28]7,10,3)([29]9,20,3)([30]2,5,7)([31]8,13,7)([32]26,21,7)([33]26,1,6)([34]7,15,2)([35]30,2,4)([36]33,28,2)([37]21,3,2)([38]3,18,7)([39]36,31,4)([40]16,26,0)([41]18,22,3)([42]19,38,7)([43]40,27,1)([44]37,27,1)([45]36,31,0)([46]38,5,4)([47]42,25,7)([48]10,4,7)([49]34,32,0)([50]33,4,0)([51]28,36,1)([52]46,31,7)([53]16,1,2)([54]5,1,3)([55]38,49,4)([56]24,29,4)([57]15,49,4)([58]24,43,6)([59]8,52,0)([60]11,18,2)([61]15,59,1)([62]11,37,3)([63]9,30,0)([64]18,32,7)([65]16,47,5)([66]22,30,2)([67]26,49,5)([68]18,35,7)([69]55,42,6)([70]58,29,5)([71]16,8,1)([72]58,50,1)([73]52,70,2)([74]15,2,2)([75]72,32,2)([76]64,45,3)([77]40,38,2)([78]57,26,7)([79]52,72,4)([80]20,40,3)([81]76,73,3)([82]66,21,3)([83]39,7,6)([84]63,34,3)([85]23,81,4)([86]80,46,2)(85)
evaluations: 32353973
first invidual area: 117.13
{7,1,80,1,2,1,8}([7]0,1,7)([8]0,2,2)([9]1,5,0)([10]7,2,3)([11]6,8,3)([12]9,5,4)([13]6,4,3)([14]3,11,4)([15]10,14,2)([16]5,12,5)([17]15,7,0)([18]13,15,5)([19]2,16,7)([20]0,17,4)([21]6,18,4)([22]4,20,6)([23]6,16,7)([24]19,22,3)([25]4,17,3)([26]24,25,5)([27]3,18,7)([28]27,5,4)([29]12,2,1)([30]9,21,6)([31]22,11,0)([32]21,26,7)([33]17,8,1)([34]32,9,4)([35]8,29,5)([36]30,10,2)([37]35,24,0)([38]29,30,0)([39]34,36,3)([40]12,8,2)([41]26,20,6)([42]28,27,1)([43]37,42,7)([44]36,19,1)([45]23,2,2)([46]22,30,2)([47]4,21,7)([48]6,24,4)([49]47,24,3)([50]19,1,0)([51]16,26,5)([52]28,35,7)([53]46,14,6)([54]22,40,6)([55]21,52,5)([56]14,6,3)([57]52,49,2)([58]15,17,7)([59]10,9,2)([60]25,49,6)([61]50,51,5)([62]14,49,2)([63]58,19,1)([64]1,36,1)([65]64,9,7)([66]39,20,0)([67]25,46,1)([68]63,64,4)([69]13,62,3)([70]62,24,6)([71]18,5,6)([72]32,70,0)([73]68,38,1)([74]62,42,1)([75]40,66,3)([76]58,0,0)([77]52,11,3)([78]75,38,6)([79]45,52,2)([80]64,33,1)([81]39,57,3)([82]11,44,7)([83]23,51,5)([84]29,46,1)([85]54,81,7)([86]39,39,0)(85)
optimized area: 107.29
time: 1129703 ms
seed: 1635801120
{7,1,80,1,2,1,8}([7]3,6,4)([8]0,2,3)([9]5,3,5)([10]0,8,7)([11]1,9,7)([12]0,3,4)([13]4,11,3)([14]2,11,3)([15]1,7,2)([16]7,7,0)([17]10,13,5)([18]8,3,5)([19]11,16,6)([20]9,11,4)([21]5,0,0)([22]1,2,4)([23]17,21,0)([24]15,22,7)([25]23,19,7)([26]19,3,4)([27]7,12,3)([28]21,24,4)([29]25,14,5)([30]17,15,4)([31]8,20,4)([32]4,25,1)([33]30,16,6)([34]30,2,6)([35]8,32,2)([36]34,30,6)([37]9,17,6)([38]27,37,4)([39]0,38,6)([40]16,25,5)([41]40,7,7)([42]14,33,3)([43]30,0,7)([44]28,18,7)([45]38,42,5)([46]36,32,6)([47]11,28,7)([48]24,5,1)([49]41,46,6)([50]17,34,5)([51]45,38,3)([52]31,39,7)([53]28,18,4)([54]35,52,3)([55]21,25,4)([56]28,54,6)([57]53,11,4)([58]4,24,7)([59]34,28,7)([60]56,49,4)([61]8,22,3)([62]21,54,6)([63]53,50,5)([64]23,55,1)([65]2,48,2)([66]13,18,5)([67]23,62,4)([68]44,19,3)([69]0,45,2)([70]55,18,7)([71]68,69,2)([72]65,12,1)([73]3,5,3)([74]55,31,0)([75]73,25,3)([76]57,74,7)([77]44,57,1)([78]60,75,2)([79]14,21,3)([80]55,30,7)([81]78,71,7)([82]45,17,1)([83]61,80,2)([84]10,37,1)([85]30,83,0)([86]41,55,5)(81)
evaluations: 13220883
first invidual area: 144.30
{7,1,80,1,2,1,8}([7]6,3,4)([8]0,2,3)([9]3,5,5)([10]7,7,0)([11]1,9,7)([12]0,3,4)([13]8,0,7)([14]11,4,3)([15]3,5,3)([16]10,15,1)([17]14,13,5)([18]1,7,5)([19]11,10,6)([20]9,17,6)([21]13,2,5)([22]18,2,4)([23]1,8,7)([24]22,5,4)([25]19,17,7)([26]10,20,0)([27]11,2,3)([28]24,1,4)([29]18,1,7)([30]7,12,6)([31]21,22,6)([32]4,0,1)([33]28,12,7)([34]17,25,6)([35]15,12,3)([36]17,7,2)([37]25,20,7)([38]30,20,7)([39]0,38,3)([40]20,26,0)([41]31,32,6)([42]28,29,4)([43]27,34,3)([44]8,32,2)([45]43,38,5)([46]13,27,2)([47]39,33,0)([48]17,14,4)([49]6,14,6)([50]2,2,5)([51]25,2,4)([52]23,39,4)([53]8,9,3)([54]44,52,3)([55]21,32,6)([56]54,28,3)([57]41,36,6)([58]45,0,2)([59]14,24,2)([60]27,51,1)([61]52,58,4)([62]1,30,5)([63]25,30,5)([64]23,53,6)([65]48,33,3)([66]9,65,7)([67]7,10,5)([68]56,57,7)([69]54,20,2)([70]27,1,7)([71]28,38,1)([72]19,33,3)([73]44,49,7)([74]58,72,5)([75]15,25,3)([76]44,65,5)([77]72,8,7)([78]68,75,5)([79]14,77,3)([80]74,78,7)([81]52,18,7)([82]20,55,7)([83]59,35,4)([84]70,36,0)([85]27,56,3)([86]69,16,7)(80)
optimized area: 126.95
time: 1275372 ms
seed: 1635844326
{7,1,80,1,2,1,8}([7]6,0,2)([8]1,5,4)([9]7,3,7)([10]2,7,7)([11]3,8,7)([12]0,7,6)([13]8,2,4)([14]6,5,4)([15]12,13,6)([16]10,8,2)([17]3,16,7)([18]3,7,6)([19]17,4,3)([20]15,8,5)([21]1,12,5)([22]19,15,4)([23]9,1,4)([24]10,14,7)([25]22,9,4)([26]11,13,6)([27]14,3,3)([28]7,21,1)([29]27,2,0)([30]0,29,3)([31]27,10,3)([32]8,30,2)([33]22,6,7)([34]28,4,7)([35]12,1,6)([36]35,4,7)([37]30,25,7)([38]30,25,7)([39]24,27,0)([40]7,5,7)([41]4,26,3)([42]2,16,2)([43]24,23,2)([44]17,29,6)([45]26,14,7)([46]25,35,7)([47]23,3,6)([48]31,38,7)([49]38,33,6)([50]3,1,3)([51]28,26,7)([52]28,1,3)([53]45,43,2)([54]44,41,5)([55]38,39,0)([56]20,54,7)([57]9,34,5)([58]39,3,6)([59]2,36,3)([60]53,55,5)([61]46,21,6)([62]11,44,1)([63]30,41,5)([64]48,36,2)([65]46,7,7)([66]27,15,4)([67]24,64,0)([68]32,46,1)([69]36,50,6)([70]68,45,4)([71]39,47,4)([72]7,47,0)([73]18,47,3)([74]43,65,7)([75]63,18,2)([76]52,20,4)([77]56,60,7)([78]57,13,7)([79]75,45,1)([80]79,57,1)([81]75,77,4)([82]64,49,3)([83]82,57,5)([84]83,77,2)([85]47,3,3)([86]50,75,0)(84)
evaluations: 11122802
first invidual area: 141.98
{7,1,80,1,2,1,8}([7]0,6,2)([8]1,5,4)([9]7,3,7)([10]2,7,7)([11]2,5,5)([12]0,6,1)([13]2,8,4)([14]5,6,4)([15]13,12,6)([16]8,10,5)([17]16,3,4)([18]8,3,2)([19]18,13,6)([20]4,17,6)([21]9,1,4)([22]20,15,7)([23]13,10,5)([24]19,15,1)([25]15,22,1)([26]15,2,5)([27]14,3,3)([28]1,19,7)([29]22,6,7)([30]0,27,6)([31]30,17,3)([32]1,12,3)([33]19,31,6)([34]22,9,4)([35]7,4,3)([36]32,4,4)([37]16,27,6)([38]30,34,4)([39]5,27,5)([40]24,0,4)([41]27,10,3)([42]28,29,2)([43]0,16,4)([44]34,24,5)([45]41,22,0)([46]37,22,5)([47]38,23,5)([48]33,42,0)([49]45,47,5)([50]49,23,6)([51]29,6,5)([52]45,44,0)([53]38,41,2)([54]44,24,7)([55]14,19,4)([56]36,15,4)([57]35,9,5)([58]3,40,4)([59]29,38,6)([60]17,58,3)([61]35,55,1)([62]32,13,0)([63]55,47,6)([64]39,21,3)([65]63,46,0)([66]53,36,2)([67]32,23,2)([68]51,18,0)([69]32,37,2)([70]46,26,7)([71]57,53,2)([72]47,44,0)([73]46,0,3)([74]23,54,1)([75]23,72,4)([76]65,21,5)([77]70,76,2)([78]44,65,4)([79]42,56,0)([80]21,60,4)([81]74,10,3)([82]59,66,3)([83]57,82,5)([84]83,77,2)([85]72,26,6)([86]64,60,3)(84)
optimized area: 124.14
time: 1321400 ms
seed: 1635886444
{7,1,80,1,2,1,8}([7]6,0,2)([8]5,3,6)([9]2,7,5)([10]3,0,4)([11]4,0,5)([12]1,5,4)([13]12,0,6)([14]4,3,4)([15]9,6,5)([16]15,3,4)([17]7,6,6)([18]0,2,2)([19]9,7,1)([20]11,2,5)([21]12,15,4)([22]5,0,2)([23]2,10,4)([24]15,22,6)([25]11,4,0)([26]23,14,6)([27]18,5,5)([28]6,19,0)([29]4,16,7)([30]29,7,0)([31]15,5,4)([32]9,1,7)([33]16,13,6)([34]2,13,7)([35]0,18,0)([36]29,33,1)([37]5,0,3)([38]37,35,7)([39]2,13,7)([40]26,32,2)([41]38,38,5)([42]28,6,0)([43]35,40,7)([44]29,10,3)([45]26,20,0)([46]34,42,3)([47]46,15,5)([48]9,21,2)([49]47,30,4)([50]44,17,6)([51]49,31,5)([52]36,33,7)([53]32,41,5)([54]16,20,6)([55]7,2,1)([56]51,52,2)([57]4,21,6)([58]54,56,6)([59]7,21,4)([60]24,1,3)([61]18,55,1)([62]14,31,4)([63]24,1,3)([64]43,21,6)([65]58,44,7)([66]34,43,4)([67]18,4,1)([68]11,8,3)([69]25,53,6)([70]22,56,0)([71]44,63,4)([72]7,23,1)([73]64,58,6)([74]26,52,0)([75]52,65,3)([76]40,17,3)([77]71,66,2)([78]73,77,3)([79]16,15,0)([80]25,3,1)([81]52,15,2)([82]26,75,4)([83]57,81,0)([84]50,62,6)([85]39,79,5)([86]62,72,5)(78)
evaluations: 31663641
first invidual area: 122.75
{7,1,80,1,2,1,8}([7]2,6,6)([8]2,0,2)([9]6,8,5)([10]3,0,4)([11]1,4,1)([12]1,5,4)([13]12,0,6)([14]5,0,2)([15]9,6,5)([16]3,15,4)([17]0,4,5)([18]3,4,4)([19]18,7,0)([20]16,13,3)([21]15,12,4)([22]17,2,5)([23]10,2,4)([24]15,14,6)([25]24,1,6)([26]9,11,5)([27]7,0,0)([28]5,24,7)([29]4,16,7)([30]18,23,6)([31]19,21,3)([32]16,22,6)([33]24,4,7)([34]2,13,7)([35]33,20,1)([36]26,30,5)([37]17,18,2)([38]18,34,0)([39]4,9,5)([40]11,17,7)([41]6,34,3)([42]41,3,4)([43]0,36,4)([44]20,21,4)([45]23,18,5)([46]45,36,7)([47]11,40,0)([48]20,40,5)([49]39,36,3)([50]35,26,0)([51]42,28,5)([52]29,20,7)([53]10,29,3)([54]3,32,0)([55]41,27,1)([56]51,52,2)([57]27,39,5)([58]32,56,6)([59]29,51,6)([60]27,3,3)([61]34,48,4)([62]37,37,2)([63]58,10,3)([64]43,21,6)([65]24,8,7)([66]34,43,4)([67]14,31,6)([68]67,57,3)([69]53,25,7)([70]19,26,4)([71]43,18,0)([72]66,45,7)([73]64,58,6)([74]60,0,0)([75]61,54,3)([76]39,59,7)([77]69,66,2)([78]73,77,3)([79]64,9,0)([80]52,33,4)([81]49,68,1)([82]59,23,5)([83]16,53,6)([84]68,25,2)([85]73,38,3)([86]44,17,3)(78)
optimized area: 117.59
time: 1130417 ms
seed: 1635922541
NOT FOUND
time: 1080372 ms
seed: 1635958760
NOT FOUND
time: 1053148 ms
seed: 1635994548
{7,1,80,1,2,1,8}([7]3,4,4)([8]5,3,3)([9]8,6,4)([10]4,0,6)([11]7,9,5)([12]2,10,6)([13]4,7,6)([14]11,13,1)([15]11,2,3)([16]1,5,7)([17]10,16,1)([18]17,1,5)([19]0,18,7)([20]11,8,5)([21]6,18,5)([22]5,10,3)([23]20,22,3)([24]9,16,4)([25]23,21,7)([26]1,13,7)([27]2,22,5)([28]25,13,4)([29]9,13,1)([30]14,19,4)([31]24,23,6)([32]12,24,4)([33]0,32,6)([34]20,28,3)([35]18,7,5)([36]19,27,7)([37]15,16,1)([38]1,7,5)([39]8,37,4)([40]32,16,6)([41]36,16,5)([42]15,35,2)([43]12,34,3)([44]21,23,5)([45]20,38,0)([46]31,38,3)([47]23,31,5)([48]43,18,6)([49]35,28,3)([50]3,30,7)([51]12,42,2)([52]45,43,7)([53]37,52,7)([54]28,47,1)([55]35,36,6)([56]41,5,2)([57]52,23,5)([58]44,19,0)([59]41,0,1)([60]41,20,3)([61]28,51,4)([62]50,50,6)([63]23,46,0)([64]15,1,5)([65]4,20,3)([66]6,35,5)([67]18,26,2)([68]6,54,6)([69]68,12,1)([70]49,67,2)([71]48,59,3)([72]45,19,0)([73]42,5,5)([74]36,36,5)([75]53,62,2)([76]36,61,2)([77]64,72,4)([78]75,76,3)([79]25,2,3)([80]63,22,7)([81]7,1,3)([82]68,17,0)([83]65,33,2)([84]71,10,4)([85]83,78,3)([86]71,19,0)(85)
evaluations: 8342453
first invidual area: 125.54
{7,1,80,1,2,1,8}([7]3,4,4)([8]3,5,3)([9]6,8,4)([10]4,0,6)([11]9,7,5)([12]10,2,6)([13]10,4,1)([14]11,2,3)([15]5,9,7)([16]3,1,1)([17]14,12,2)([18]1,13,5)([19]0,18,7)([20]8,11,5)([21]0,16,5)([22]10,5,3)([23]22,20,6)([24]7,3,6)([25]24,23,3)([26]6,18,5)([27]13,13,4)([28]26,25,4)([29]1,15,7)([30]28,17,6)([31]20,7,0)([32]17,29,7)([33]18,7,5)([34]32,0,6)([35]15,20,5)([36]11,3,7)([37]12,27,7)([38]3,26,3)([39]17,8,3)([40]20,30,3)([41]14,40,5)([42]34,26,0)([43]22,2,5)([44]14,19,4)([45]42,29,5)([46]32,12,2)([47]17,33,5)([48]29,17,1)([49]8,38,3)([50]36,19,4)([51]16,10,4)([52]43,33,4)([53]33,29,5)([54]14,43,7)([55]20,53,6)([56]28,47,7)([57]25,8,6)([58]8,38,4)([59]43,7,1)([60]23,19,3)([61]57,36,4)([62]39,8,5)([63]56,34,1)([64]48,30,1)([65]62,6,7)([66]64,52,2)([67]50,41,2)([68]39,23,7)([69]19,43,7)([70]56,42,6)([71]12,24,1)([72]58,61,4)([73]7,2,6)([74]6,42,3)([75]49,64,3)([76]56,69,2)([77]29,41,4)([78]67,76,3)([79]69,9,1)([80]18,79,3)([81]27,41,5)([82]61,58,6)([83]4,20,3)([84]34,83,2)([85]84,78,3)([86]30,57,1)(85)
optimized area: 110.07
time: 1292173 ms
seed: 1636029124
{7,1,80,1,2,1,8}([7]1,6,3)([8]6,0,2)([9]6,3,4)([10]3,5,3)([11]7,10,5)([12]4,11,2)([13]5,1,4)([14]3,5,5)([15]12,7,4)([16]2,3,1)([17]4,15,4)([18]16,12,0)([19]0,4,1)([20]7,16,0)([21]0,4,4)([22]0,0,1)([23]1,19,1)([24]22,9,3)([25]9,24,1)([26]12,5,3)([27]24,3,4)([28]10,17,4)([29]13,12,6)([30]7,22,4)([31]2,17,1)([32]25,8,7)([33]29,19,3)([34]32,28,3)([35]7,3,7)([36]34,33,4)([37]32,26,7)([38]34,23,0)([39]11,21,7)([40]2,14,2)([41]17,4,5)([42]25,5,4)([43]39,6,4)([44]43,31,1)([45]37,29,3)([46]45,16,4)([47]22,14,4)([48]40,42,4)([49]43,46,6)([50]29,37,6)([51]50,35,5)([52]51,32,7)([53]50,25,6)([54]24,21,2)([55]49,48,2)([56]45,44,7)([57]42,52,7)([58]40,52,6)([59]48,24,0)([60]14,3,4)([61]4,4,7)([62]13,14,2)([63]36,1,1)([64]36,58,6)([65]17,2,6)([66]65,15,7)([67]20,27,1)([68]65,64,6)([69]18,62,5)([70]39,69,6)([71]7,44,4)([72]70,27,5)([73]46,3,6)([74]68,27,3)([75]58,7,0)([76]68,55,6)([77]18,34,6)([78]52,77,7)([79]15,53,0)([80]16,46,4)([81]45,15,0)([82]68,12,7)([83]66,0,4)([84]76,72,7)([85]27,71,0)([86]18,2,0)(84)
evaluations: 9258496
first invidual area: 148.51
{7,1,80,1,2,1,8}([7]6,1,3)([8]0,6,5)([9]6,3,4)([10]5,3,3)([11]7,10,5)([12]4,11,2)([13]5,1,4)([14]10,4,5)([15]1,3,5)([16]15,9,7)([17]7,14,2)([18]3,8,5)([19]1,0,0)([20]4,0,7)([21]2,7,0)([22]0,14,1)([23]11,20,4)([24]22,9,6)([25]11,20,1)([26]17,21,6)([27]15,24,5)([28]16,10,7)([29]13,12,6)([30]29,3,0)([31]17,10,4)([32]9,8,7)([33]22,30,3)([34]32,31,6)([35]32,4,7)([36]9,5,4)([37]15,32,2)([38]27,1,3)([39]32,38,6)([40]8,4,2)([41]20,15,4)([42]2,15,2)([43]42,6,3)([44]21,6,3)([45]30,37,6)([46]36,2,4)([47]19,26,4)([48]15,28,7)([49]41,46,6)([50]21,15,1)([51]45,46,5)([52]51,32,7)([53]22,17,6)([54]37,44,4)([55]13,18,2)([56]3,18,3)([57]45,2,7)([58]42,52,6)([59]33,34,7)([60]35,6,2)([61]13,38,0)([62]40,41,3)([63]38,26,2)([64]59,58,6)([65]57,49,2)([66]35,50,6)([67]30,13,2)([68]26,64,6)([69]55,50,5)([70]23,69,6)([71]35,29,4)([72]70,27,5)([73]21,26,2)([74]3,26,0)([75]35,5,3)([76]68,65,3)([77]43,42,2)([78]52,51,2)([79]77,30,7)([80]50,48,5)([81]47,48,4)([82]19,37,3)([83]12,19,2)([84]76,72,4)([85]74,50,0)([86]57,22,0)(84)
optimized area: 127.40
time: 1299534 ms
