seed: 1633875397
NOT FOUND
time: 530325 ms
seed: 1634013068
NOT FOUND
time: 533612 ms
seed: 1634061852
NOT FOUND
time: 530166 ms
seed: 1634176092
NOT FOUND
time: 518864 ms
seed: 1634223329
NOT FOUND
time: 522035 ms
seed: 1634320473
{7,1,80,1,2,1,8}([7]4,2,4)([8]4,5,3)([9]2,3,7)([10]7,0,3)([11]10,4,5)([12]11,0,3)([13]5,10,7)([14]10,1,5)([15]5,3,6)([16]0,14,4)([17]12,15,4)([18]13,16,2)([19]16,7,6)([20]19,6,3)([21]13,9,5)([22]18,12,5)([23]19,6,2)([24]16,7,5)([25]17,1,6)([26]1,24,5)([27]8,26,0)([28]1,6,3)([29]20,24,7)([30]26,21,4)([31]7,30,6)([32]29,17,3)([33]12,26,1)([34]28,19,4)([35]3,23,4)([36]20,13,6)([37]18,0,6)([38]16,18,3)([39]13,35,7)([40]29,3,7)([41]19,31,7)([42]2,39,6)([43]22,26,2)([44]37,26,7)([45]43,3,4)([46]42,37,6)([47]46,0,1)([48]8,42,2)([49]28,46,3)([50]4,45,4)([51]17,45,0)([52]30,8,2)([53]29,50,2)([54]53,48,4)([55]49,30,4)([56]23,25,4)([57]41,54,5)([58]50,22,1)([59]49,15,7)([60]50,30,6)([61]25,18,7)([62]5,55,0)([63]46,43,5)([64]42,16,5)([65]57,19,0)([66]59,57,6)([67]65,49,3)([68]45,45,4)([69]52,66,7)([70]13,41,5)([71]21,41,7)([72]47,32,7)([73]69,32,2)([74]59,64,6)([75]21,18,0)([76]20,72,5)([77]69,32,2)([78]57,48,7)([79]10,31,4)([80]6,46,4)([81]51,74,5)([82]11,66,6)([83]77,19,1)([84]36,37,4)([85]81,38,4)([86]57,69,0)(73)
evaluations: 6296078
first invidual area: 132.58
{7,1,80,1,2,1,8}([7]2,4,4)([8]4,5,3)([9]2,3,7)([10]0,7,3)([11]7,4,5)([12]0,11,6)([13]5,10,7)([14]1,10,5)([15]5,3,6)([16]14,0,4)([17]12,15,7)([18]13,8,6)([19]16,7,6)([20]16,13,2)([21]9,13,5)([22]8,3,5)([23]19,9,3)([24]16,7,5)([25]17,15,0)([26]1,24,5)([27]19,18,1)([28]6,19,3)([29]28,24,7)([30]21,26,4)([31]20,17,5)([32]7,30,6)([33]32,17,0)([34]30,15,5)([35]6,1,6)([36]26,31,5)([37]13,23,4)([38]14,26,5)([39]18,37,7)([40]30,34,3)([41]33,19,7)([42]2,37,6)([43]0,0,0)([44]5,32,0)([45]4,36,4)([46]33,35,4)([47]37,36,6)([48]42,8,5)([49]47,35,5)([50]3,45,7)([51]18,12,7)([52]18,48,3)([53]29,50,5)([54]21,35,6)([55]48,53,4)([56]40,0,7)([57]41,55,5)([58]54,34,0)([59]49,15,7)([60]16,39,0)([61]25,23,6)([62]37,50,1)([63]31,61,0)([64]30,8,5)([65]2,11,4)([66]59,57,3)([67]3,3,1)([68]66,31,3)([69]64,66,7)([70]64,7,2)([71]12,58,6)([72]29,17,3)([73]69,72,2)([74]62,31,0)([75]37,41,1)([76]25,4,7)([77]28,70,4)([78]66,29,7)([79]59,46,0)([80]8,78,7)([81]71,35,6)([82]73,52,5)([83]51,39,4)([84]18,25,5)([85]19,66,3)([86]20,3,0)(73)
optimized area: 123.20
time: 713129 ms
seed: 1634360964
NOT FOUND
time: 530506 ms
seed: 1634409897
{7,1,80,1,2,1,8}([7]6,2,3)([8]1,2,4)([9]1,4,7)([10]9,6,6)([11]10,9,7)([12]10,8,3)([13]6,2,4)([14]3,10,3)([15]5,6,2)([16]14,2,2)([17]12,1,1)([18]5,13,4)([19]7,7,5)([20]3,16,7)([21]11,0,3)([22]14,1,7)([23]19,12,3)([24]9,15,7)([25]22,24,0)([26]15,3,4)([27]20,18,7)([28]10,6,3)([29]27,5,4)([30]22,27,2)([31]0,10,1)([32]16,8,3)([33]20,19,0)([34]23,9,6)([35]31,17,0)([36]21,24,4)([37]17,15,3)([38]17,28,6)([39]11,23,7)([40]2,5,6)([41]39,22,4)([42]11,18,7)([43]25,33,7)([44]19,15,0)([45]38,30,5)([46]20,36,2)([47]19,30,6)([48]46,5,4)([49]47,21,2)([50]48,22,5)([51]6,21,1)([52]21,41,7)([53]48,8,0)([54]37,0,5)([55]50,26,4)([56]53,36,2)([57]45,24,0)([58]0,50,0)([59]28,14,3)([60]17,0,1)([61]41,30,4)([62]49,56,4)([63]62,54,5)([64]63,55,7)([65]30,40,5)([66]8,12,7)([67]32,24,3)([68]64,65,5)([69]45,50,1)([70]66,60,1)([71]57,36,3)([72]70,11,6)([73]46,25,7)([74]28,60,6)([75]55,70,2)([76]74,27,6)([77]41,75,2)([78]19,13,7)([79]71,68,2)([80]11,43,0)([81]28,79,7)([82]62,28,0)([83]29,19,7)([84]25,41,3)([85]25,6,7)([86]79,51,3)(79)
evaluations: 36760445
first invidual area: 126.96
{7,1,80,1,2,1,8}([7]5,6,7)([8]2,1,4)([9]1,4,7)([10]6,9,6)([11]6,3,1)([12]9,10,6)([13]8,4,6)([14]10,3,3)([15]5,6,2)([16]2,8,0)([17]16,7,4)([18]3,4,0)([19]14,2,5)([20]3,19,4)([21]12,0,3)([22]1,14,7)([23]0,17,4)([24]12,9,7)([25]15,21,1)([26]15,3,7)([27]20,17,4)([28]20,25,2)([29]9,15,4)([30]22,27,2)([31]11,5,4)([32]14,30,7)([33]21,2,0)([34]8,10,6)([35]25,29,5)([36]29,33,7)([37]9,8,5)([38]32,22,7)([39]14,0,7)([40]36,20,5)([41]36,21,0)([42]14,12,6)([43]15,34,3)([44]5,36,6)([45]30,9,6)([46]6,2,6)([47]46,30,6)([48]40,5,7)([49]44,23,4)([50]48,22,5)([51]26,50,7)([52]12,32,1)([53]33,47,5)([54]43,0,5)([55]16,25,0)([56]48,36,5)([57]31,38,6)([58]51,4,4)([59]19,48,4)([60]36,52,1)([61]48,46,4)([62]53,56,4)([63]62,54,5)([64]63,51,7)([65]30,44,5)([66]36,16,0)([67]37,18,6)([68]64,65,5)([69]47,0,1)([70]44,43,4)([71]37,65,3)([72]23,65,3)([73]35,47,2)([74]12,56,2)([75]36,8,6)([76]17,34,0)([77]52,60,0)([78]62,56,5)([79]71,68,2)([80]60,7,1)([81]78,48,1)([82]28,60,4)([83]43,38,3)([84]5,69,2)([85]17,43,3)([86]34,85,3)(79)
optimized area: 114.78
time: 574740 ms
seed: 1634458949
NOT FOUND
time: 536366 ms
seed: 1634519142
{7,1,80,1,2,1,8}([7]0,5,7)([8]7,3,7)([9]3,6,4)([10]5,3,7)([11]7,0,3)([12]2,0,5)([13]12,9,5)([14]10,2,7)([15]8,1,5)([16]4,10,3)([17]13,6,2)([18]8,5,5)([19]17,2,1)([20]16,15,7)([21]3,1,3)([22]21,18,4)([23]1,18,6)([24]12,9,4)([25]21,20,0)([26]2,4,4)([27]2,19,4)([28]7,26,6)([29]24,20,7)([30]27,22,2)([31]9,16,5)([32]4,22,7)([33]15,4,5)([34]17,17,7)([35]20,29,7)([36]27,12,1)([37]31,36,6)([38]10,14,1)([39]30,37,6)([40]39,10,4)([41]12,38,4)([42]37,20,4)([43]2,4,0)([44]3,27,3)([45]42,1,7)([46]33,8,6)([47]11,20,2)([48]42,1,6)([49]45,28,6)([50]23,24,6)([51]39,5,4)([52]39,47,7)([53]50,10,3)([54]49,51,0)([55]1,54,7)([56]46,40,5)([57]39,54,5)([58]52,57,5)([59]6,55,3)([60]52,47,5)([61]56,55,7)([62]30,53,1)([63]55,31,6)([64]36,61,6)([65]39,60,5)([66]21,8,6)([67]63,6,3)([68]44,9,0)([69]60,23,6)([70]61,58,2)([71]6,12,7)([72]36,9,5)([73]37,20,5)([74]66,20,1)([75]27,51,4)([76]32,50,2)([77]71,6,2)([78]70,76,3)([79]21,5,2)([80]50,17,0)([81]6,6,5)([82]37,36,7)([83]30,18,7)([84]32,37,2)([85]17,70,7)([86]56,23,0)(78)
evaluations: 34306941
first invidual area: 132.11
{7,1,80,1,2,1,8}([7]5,0,7)([8]7,3,7)([9]3,6,4)([10]3,5,7)([11]1,9,0)([12]0,2,5)([13]7,0,3)([14]9,12,5)([15]11,8,5)([16]10,4,3)([17]1,3,6)([18]5,8,5)([19]2,4,4)([20]15,16,7)([21]6,13,7)([22]18,17,7)([23]12,1,5)([24]12,9,4)([25]6,14,5)([26]16,13,5)([27]2,25,4)([28]7,19,6)([29]3,18,3)([30]22,27,2)([31]9,27,5)([32]4,22,7)([33]32,18,4)([34]13,14,6)([35]1,25,6)([36]22,31,3)([37]26,31,6)([38]18,22,0)([39]30,37,6)([40]39,10,4)([41]11,15,0)([42]1,37,7)([43]29,4,7)([44]42,4,5)([45]20,42,4)([46]44,8,6)([47]37,25,5)([48]39,0,0)([49]45,28,6)([50]35,24,6)([51]13,13,1)([52]48,20,6)([53]35,22,0)([54]39,52,7)([55]41,49,4)([56]46,40,5)([57]40,14,2)([58]24,15,1)([59]38,47,7)([60]17,44,7)([61]56,55,7)([62]0,56,5)([63]0,19,5)([64]39,58,5)([65]57,12,4)([66]33,63,1)([67]61,52,6)([68]55,18,0)([69]8,51,6)([70]0,5,1)([71]8,28,2)([72]68,46,0)([73]38,45,0)([74]38,41,5)([75]56,71,2)([76]32,50,2)([77]76,2,5)([78]67,76,3)([79]20,3,1)([80]18,53,2)([81]51,36,4)([82]6,64,6)([83]71,19,3)([84]58,55,2)([85]75,17,2)([86]6,13,4)(78)
optimized area: 122.28
time: 582511 ms
seed: 1634618281
{7,1,80,1,2,1,8}([7]4,5,4)([8]3,4,4)([9]3,6,7)([10]1,3,5)([11]2,7,4)([12]5,11,6)([13]2,12,1)([14]6,8,3)([15]4,13,2)([16]2,9,7)([17]8,16,5)([18]8,9,7)([19]8,4,5)([20]0,16,5)([21]16,2,1)([22]12,0,3)([23]0,6,6)([24]10,20,4)([25]5,23,6)([26]22,19,2)([27]17,7,2)([28]3,7,2)([29]25,27,4)([30]4,1,4)([31]21,25,2)([32]18,24,6)([33]9,11,5)([34]30,32,5)([35]1,31,7)([36]10,0,2)([37]31,1,6)([38]34,30,3)([39]35,26,7)([40]29,4,1)([41]34,28,7)([42]36,7,7)([43]29,10,2)([44]39,23,1)([45]24,11,3)([46]41,14,4)([47]7,46,7)([48]32,27,2)([49]45,4,2)([50]40,46,7)([51]1,37,1)([52]15,26,5)([53]45,27,1)([54]29,49,6)([55]1,29,6)([56]43,13,6)([57]30,47,6)([58]47,52,5)([59]56,21,7)([60]54,39,6)([61]29,14,1)([62]14,46,1)([63]18,22,4)([64]0,12,2)([65]55,49,0)([66]25,50,3)([67]61,38,6)([68]4,5,0)([69]68,49,6)([70]43,50,7)([71]11,67,7)([72]27,38,0)([73]70,60,1)([74]58,59,2)([75]66,2,6)([76]15,51,0)([77]76,34,3)([78]51,2,3)([79]7,56,5)([80]33,67,7)([81]40,11,7)([82]74,60,3)([83]18,70,6)([84]25,34,3)([85]44,72,3)([86]12,84,7)(82)
evaluations: 41581191
first invidual area: 130.70
{7,1,80,1,2,1,8}([7]4,5,4)([8]3,4,4)([9]6,3,4)([10]1,3,5)([11]7,2,4)([12]11,5,6)([13]2,6,1)([14]8,6,6)([15]14,13,2)([16]2,9,4)([17]8,16,5)([18]2,8,6)([19]8,4,5)([20]0,16,5)([21]16,14,1)([22]12,0,3)([23]0,6,6)([24]20,10,4)([25]5,23,6)([26]22,19,5)([27]17,7,5)([28]7,3,5)([29]25,27,7)([30]19,1,7)([31]21,25,5)([32]18,24,6)([33]31,20,0)([34]32,30,5)([35]1,26,4)([36]34,18,7)([37]18,36,0)([38]0,30,2)([39]31,35,4)([40]14,19,6)([41]35,38,5)([42]34,7,4)([43]29,10,2)([44]20,2,7)([45]24,11,3)([46]28,14,7)([47]42,46,7)([48]46,11,7)([49]45,4,2)([50]47,46,6)([51]29,33,1)([52]15,22,5)([53]31,37,6)([54]29,49,6)([55]19,29,6)([56]43,13,6)([57]31,11,2)([58]10,32,2)([59]25,0,7)([60]54,39,6)([61]4,21,7)([62]41,46,0)([63]57,15,1)([64]48,58,5)([65]52,47,5)([66]15,60,2)([67]7,1,3)([68]60,35,0)([69]58,17,3)([70]10,50,2)([71]50,0,5)([72]56,16,4)([73]51,65,0)([74]65,72,2)([75]27,18,6)([76]7,28,1)([77]24,40,4)([78]42,67,5)([79]50,12,6)([80]21,47,4)([81]2,80,3)([82]74,60,3)([83]29,5,4)([84]61,21,5)([85]21,37,5)([86]79,48,1)(82)
optimized area: 126.47
time: 545245 ms
seed: 1635145328
NOT FOUND
time: 531607 ms
seed: 1635194429
{7,1,80,1,2,1,8}([7]1,5,4)([8]7,3,3)([9]6,1,3)([10]2,7,2)([11]0,8,2)([12]10,1,6)([13]4,8,4)([14]1,0,4)([15]13,5,6)([16]13,15,4)([17]9,4,3)([18]16,12,7)([19]9,15,0)([20]11,2,5)([21]18,13,1)([22]2,5,3)([23]5,4,7)([24]6,18,4)([25]6,24,2)([26]20,25,4)([27]24,23,6)([28]22,27,6)([29]28,10,6)([30]11,17,5)([31]25,2,4)([32]2,14,4)([33]16,21,7)([34]32,13,7)([35]23,30,3)([36]20,0,7)([37]9,30,5)([38]2,4,5)([39]8,23,3)([40]34,37,5)([41]0,13,6)([42]22,23,6)([43]40,12,0)([44]43,25,3)([45]35,3,2)([46]18,20,7)([47]44,18,4)([48]31,31,5)([49]33,48,5)([50]19,0,1)([51]15,26,6)([52]51,45,7)([53]52,47,2)([54]49,16,6)([55]33,29,1)([56]1,35,5)([57]41,29,2)([58]47,46,6)([59]30,32,7)([60]34,24,0)([61]21,23,4)([62]0,60,2)([63]12,13,3)([64]29,29,6)([65]17,58,4)([66]59,32,5)([67]8,60,5)([68]57,53,6)([69]12,42,2)([70]16,52,3)([71]38,17,3)([72]31,46,4)([73]62,52,0)([74]31,23,2)([75]52,31,5)([76]63,29,2)([77]58,43,0)([78]34,39,4)([79]61,58,1)([80]25,56,2)([81]68,49,5)([82]49,67,4)([83]49,56,4)([84]14,76,5)([85]25,75,2)([86]44,7,7)(68)
evaluations: 3094116
first invidual area: 110.56
{7,1,80,1,2,1,8}([7]1,5,4)([8]3,7,3)([9]1,6,3)([10]2,7,2)([11]0,8,2)([12]1,10,6)([13]8,4,4)([14]5,7,0)([15]13,14,6)([16]15,13,3)([17]11,3,0)([18]12,16,4)([19]6,1,7)([20]2,11,5)([21]13,14,5)([22]0,13,4)([23]4,14,7)([24]2,5,3)([25]18,6,2)([26]20,25,4)([27]19,23,6)([28]1,5,7)([29]22,1,7)([30]17,9,5)([31]17,16,0)([32]23,30,3)([33]25,4,7)([34]24,27,6)([35]21,27,4)([36]2,29,4)([37]9,30,5)([38]30,24,0)([39]36,37,5)([40]24,10,7)([41]7,26,4)([42]39,25,3)([43]17,36,2)([44]33,41,0)([45]18,42,7)([46]10,13,6)([47]22,16,6)([48]19,47,3)([49]15,9,2)([50]32,3,5)([51]49,26,3)([52]51,50,7)([53]52,45,5)([54]32,42,1)([55]41,20,5)([56]0,34,6)([57]46,56,5)([58]4,42,7)([59]26,34,7)([60]21,6,4)([61]60,18,7)([62]43,15,3)([63]61,3,6)([64]22,19,4)([65]27,38,7)([66]49,46,0)([67]66,19,6)([68]57,53,2)([69]7,39,5)([70]51,25,1)([71]58,49,7)([72]66,42,7)([73]37,52,4)([74]47,6,7)([75]54,51,5)([76]27,2,2)([77]75,44,5)([78]57,32,7)([79]39,18,6)([80]7,37,3)([81]80,69,4)([82]66,76,5)([83]6,13,6)([84]59,61,1)([85]34,68,6)([86]2,74,3)(68)
optimized area: 106.80
time: 676312 ms
seed: 1635353465
{7,1,80,1,2,1,8}([7]0,1,4)([8]7,4,4)([9]6,3,7)([10]5,1,4)([11]8,3,6)([12]8,4,2)([13]12,5,4)([14]9,7,2)([15]2,12,3)([16]0,10,5)([17]10,3,6)([18]13,11,4)([19]0,16,0)([20]14,19,5)([21]11,17,6)([22]13,6,2)([23]2,20,4)([24]19,9,3)([25]22,19,0)([26]19,0,6)([27]5,17,1)([28]1,16,2)([29]21,7,7)([30]18,9,4)([31]2,27,5)([32]7,15,6)([33]32,24,5)([34]9,16,4)([35]18,20,6)([36]33,17,3)([37]20,17,6)([38]37,34,4)([39]28,4,4)([40]25,28,6)([41]31,39,6)([42]40,33,2)([43]28,12,3)([44]21,8,7)([45]17,4,7)([46]42,23,7)([47]43,36,1)([48]16,24,0)([49]2,44,2)([50]14,41,3)([51]17,43,3)([52]23,42,5)([53]32,38,4)([54]48,10,3)([55]45,46,2)([56]18,6,2)([57]55,41,1)([58]50,44,7)([59]27,40,5)([60]17,59,5)([61]14,39,6)([62]34,1,3)([63]2,31,4)([64]16,19,5)([65]54,37,0)([66]6,48,0)([67]58,18,3)([68]30,53,4)([69]33,43,1)([70]45,53,5)([71]52,67,4)([72]4,20,5)([73]55,1,1)([74]35,1,3)([75]70,30,1)([76]10,12,0)([77]49,53,0)([78]59,27,3)([79]71,75,3)([80]36,57,7)([81]3,70,1)([82]29,46,1)([83]22,33,1)([84]81,21,3)([85]13,0,6)([86]0,34,0)(79)
evaluations: 19887906
first invidual area: 124.15
{7,1,80,1,2,1,8}([7]0,1,4)([8]4,7,4)([9]3,6,7)([10]5,1,4)([11]9,9,3)([12]4,8,5)([13]5,12,7)([14]7,11,2)([15]10,6,0)([16]10,0,5)([17]3,10,6)([18]6,2,7)([19]13,6,3)([20]8,3,6)([21]7,2,3)([22]9,16,7)([23]4,0,2)([24]20,17,6)([25]2,14,7)([26]14,0,5)([27]18,15,4)([28]16,1,2)([29]20,7,4)([30]1,28,0)([31]27,5,7)([32]21,8,6)([33]32,9,5)([34]24,8,4)([35]34,33,0)([36]26,23,6)([37]13,6,2)([38]36,22,4)([39]36,29,5)([40]34,2,5)([41]40,23,6)([42]33,25,2)([43]2,2,0)([44]9,33,3)([45]20,7,7)([46]13,20,4)([47]30,36,0)([48]46,40,0)([49]14,41,3)([50]37,28,6)([51]49,2,1)([52]50,42,5)([53]1,17,0)([54]31,46,0)([55]5,0,6)([56]14,36,0)([57]17,4,7)([58]49,34,4)([59]22,55,0)([60]38,32,7)([61]46,58,6)([62]0,32,6)([63]16,19,3)([64]61,52,7)([65]61,44,5)([66]23,41,3)([67]57,60,2)([68]43,10,3)([69]12,31,5)([70]32,59,0)([71]8,16,2)([72]24,4,5)([73]17,44,4)([74]3,11,1)([75]60,23,5)([76]42,51,1)([77]25,56,3)([78]28,76,6)([79]43,15,2)([80]36,22,6)([81]53,45,7)([82]27,43,2)([83]64,13,6)([84]67,64,3)([85]43,69,1)([86]69,38,4)(84)
optimized area: 116.66
time: 1144819 ms
seed: 1635625370
{7,1,80,1,2,1,8}([7]0,2,5)([8]0,4,6)([9]4,6,5)([10]5,6,0)([11]8,3,4)([12]7,3,5)([13]5,12,3)([14]3,1,4)([15]10,4,4)([16]11,13,5)([17]10,8,0)([18]5,16,4)([19]15,14,5)([20]5,17,0)([21]9,14,5)([22]7,1,2)([23]15,21,6)([24]13,22,5)([25]24,2,5)([26]6,3,4)([27]17,15,3)([28]13,0,7)([29]6,22,4)([30]28,18,6)([31]22,17,3)([32]10,29,5)([33]16,13,5)([34]25,32,7)([35]34,23,3)([36]2,0,5)([37]27,28,2)([38]18,1,5)([39]5,11,1)([40]28,39,6)([41]26,34,2)([42]4,13,4)([43]10,28,3)([44]3,10,7)([45]37,30,6)([46]0,42,7)([47]38,30,7)([48]45,41,3)([49]21,29,7)([50]25,49,7)([51]49,45,5)([52]46,11,0)([53]35,33,3)([54]38,48,7)([55]9,40,2)([56]53,54,7)([57]40,36,1)([58]19,46,2)([59]24,22,2)([60]22,17,7)([61]50,28,3)([62]8,34,3)([63]61,49,2)([64]51,13,5)([65]30,17,1)([66]4,54,3)([67]39,13,2)([68]58,63,5)([69]39,36,1)([70]56,68,2)([71]53,40,6)([72]17,51,6)([73]21,29,2)([74]8,68,7)([75]4,11,6)([76]11,16,6)([77]16,36,0)([78]62,33,5)([79]14,23,4)([80]10,34,0)([81]70,49,1)([82]76,59,2)([83]72,70,3)([84]11,14,6)([85]83,25,2)([86]38,33,0)(83)
evaluations: 41094908
first invidual area: 132.09
{7,1,80,1,2,1,8}([7]0,2,5)([8]4,0,6)([9]4,6,5)([10]7,3,5)([11]3,8,4)([12]5,2,0)([13]12,10,3)([14]3,1,4)([15]4,5,4)([16]11,13,5)([17]4,2,5)([18]16,5,4)([19]15,14,5)([20]16,13,5)([21]9,14,5)([22]7,1,2)([23]15,21,6)([24]13,22,5)([25]2,24,5)([26]6,3,4)([27]15,5,3)([28]0,13,7)([29]22,6,4)([30]0,18,6)([31]22,22,1)([32]12,29,5)([33]1,18,5)([34]25,32,7)([35]23,34,3)([36]8,21,5)([37]27,28,2)([38]27,35,1)([39]17,23,3)([40]24,9,4)([41]26,34,2)([42]36,26,4)([43]39,11,6)([44]35,0,3)([45]37,30,6)([46]21,36,3)([47]18,37,4)([48]45,41,6)([49]21,29,7)([50]41,46,2)([51]49,45,5)([52]24,44,2)([53]35,20,6)([54]33,48,4)([55]17,19,2)([56]53,54,4)([57]38,51,7)([58]35,57,7)([59]19,14,7)([60]37,58,3)([61]25,9,2)([62]4,28,4)([63]62,49,2)([64]60,9,7)([65]31,0,3)([66]30,15,5)([67]48,29,2)([68]55,63,5)([69]46,9,6)([70]56,68,2)([71]61,66,4)([72]5,51,6)([73]43,52,0)([74]25,54,5)([75]23,5,7)([76]46,64,7)([77]3,65,6)([78]73,48,6)([79]76,38,1)([80]51,41,5)([81]37,2,3)([82]28,75,3)([83]72,70,3)([84]26,5,2)([85]34,43,2)([86]21,27,7)(83)
optimized area: 122.24
time: 1123189 ms
seed: 1635673045
NOT FOUND
time: 1072358 ms
seed: 1635720908
{7,1,80,1,2,1,8}([7]6,1,7)([8]2,0,1)([9]1,0,7)([10]6,5,5)([11]5,0,7)([12]3,0,0)([13]11,4,6)([14]11,3,4)([15]5,11,3)([16]14,7,3)([17]8,5,4)([18]15,9,7)([19]0,9,3)([20]4,18,4)([21]9,10,2)([22]18,17,5)([23]0,6,6)([24]7,16,3)([25]1,11,1)([26]2,7,2)([27]0,26,5)([28]12,6,7)([29]3,6,7)([30]2,9,2)([31]24,8,6)([32]2,24,3)([33]22,20,5)([34]33,10,4)([35]32,28,7)([36]9,35,3)([37]33,34,6)([38]36,30,4)([39]25,23,5)([40]34,31,7)([41]34,40,2)([42]13,14,6)([43]18,20,5)([44]20,2,7)([45]10,1,1)([46]4,31,4)([47]25,8,5)([48]14,3,1)([49]5,6,5)([50]19,24,7)([51]50,27,7)([52]17,30,0)([53]43,43,6)([54]40,39,2)([55]41,50,1)([56]45,17,7)([57]49,51,7)([58]43,28,5)([59]27,15,7)([60]58,59,5)([61]42,16,2)([62]42,38,4)([63]58,27,7)([64]36,48,1)([65]58,22,3)([66]37,62,7)([67]27,19,1)([68]54,65,2)([69]38,45,2)([70]40,63,7)([71]55,29,1)([72]21,43,2)([73]68,66,6)([74]9,72,2)([75]49,27,7)([76]34,45,1)([77]23,61,2)([78]11,57,3)([79]8,71,7)([80]50,79,6)([81]55,18,7)([82]8,75,5)([83]73,70,4)([84]77,22,4)([85]10,54,2)([86]48,10,2)(83)
evaluations: 44591774
first invidual area: 133.06
{7,1,80,1,2,1,8}([7]6,1,7)([8]2,0,1)([9]0,1,7)([10]5,6,5)([11]5,0,7)([12]5,2,7)([13]3,4,6)([14]11,3,4)([15]0,11,2)([16]1,11,6)([17]9,14,6)([18]15,1,7)([19]3,8,3)([20]4,18,4)([21]0,16,1)([22]18,12,5)([23]2,2,2)([24]7,14,3)([25]24,18,6)([26]2,7,2)([27]0,26,5)([28]3,6,7)([29]6,2,3)([30]23,9,5)([31]24,8,6)([32]2,24,3)([33]22,20,5)([34]33,10,4)([35]32,28,7)([36]9,35,3)([37]9,5,6)([38]36,30,5)([39]7,21,5)([40]34,31,7)([41]30,12,7)([42]13,14,6)([43]18,20,5)([44]10,39,2)([45]34,10,3)([46]1,36,0)([47]0,6,5)([48]12,8,5)([49]13,17,3)([50]22,9,1)([51]39,40,6)([52]51,8,7)([53]16,8,4)([54]40,39,2)([55]13,21,6)([56]40,7,5)([57]7,32,7)([58]43,28,5)([59]56,26,5)([60]45,59,7)([61]30,7,4)([62]42,38,7)([63]58,27,7)([64]40,11,5)([65]58,22,3)([66]45,62,4)([67]23,56,6)([68]54,65,2)([69]29,31,3)([70]40,63,7)([71]29,19,5)([72]70,47,5)([73]68,66,3)([74]73,45,2)([75]72,21,7)([76]12,53,3)([77]14,48,6)([78]42,59,0)([79]75,5,7)([80]60,73,2)([81]49,3,5)([82]46,2,2)([83]73,70,7)([84]61,21,0)([85]4,16,3)([86]84,82,1)(83)
optimized area: 125.09
time: 1087522 ms
seed: 1635768105
NOT FOUND
time: 1076361 ms
seed: 1635815090
NOT FOUND
time: 1064743 ms
seed: 1635858220
{7,1,80,1,2,1,8}([7]5,3,4)([8]7,1,7)([9]0,2,2)([10]9,4,7)([11]10,0,4)([12]10,8,3)([13]2,1,4)([14]5,0,4)([15]9,3,3)([16]4,6,7)([17]11,6,3)([18]2,3,6)([19]6,12,5)([20]17,15,2)([21]0,16,7)([22]21,5,6)([23]1,14,7)([24]13,13,5)([25]20,8,6)([26]20,6,4)([27]23,19,7)([28]3,10,4)([29]18,19,4)([30]10,14,4)([31]10,3,0)([32]27,14,6)([33]25,21,7)([34]17,13,3)([35]19,27,7)([36]31,29,6)([37]14,34,3)([38]32,35,6)([39]38,26,6)([40]15,7,3)([41]12,15,1)([42]8,10,6)([43]18,25,2)([44]6,6,2)([45]34,37,3)([46]7,24,6)([47]33,37,7)([48]39,9,0)([49]6,24,4)([50]2,26,6)([51]32,5,2)([52]8,35,5)([53]10,7,7)([54]51,33,1)([55]16,46,6)([56]30,26,4)([57]2,37,3)([58]1,7,7)([59]20,8,7)([60]8,4,4)([61]10,14,5)([62]48,29,4)([63]47,46,3)([64]2,48,7)([65]53,63,3)([66]21,63,2)([67]54,7,2)([68]33,65,4)([69]55,60,3)([70]68,69,5)([71]15,19,5)([72]8,39,2)([73]21,9,0)([74]69,46,1)([75]33,51,4)([76]71,53,3)([77]20,14,6)([78]14,17,2)([79]62,65,1)([80]36,64,2)([81]48,70,7)([82]14,80,5)([83]65,49,2)([84]47,22,0)([85]81,82,4)([86]14,83,4)(85)
evaluations: 35062287
first invidual area: 150.43
{7,1,80,1,2,1,8}([7]3,5,4)([8]7,1,7)([9]2,0,2)([10]9,4,7)([11]10,0,4)([12]2,4,4)([13]1,2,4)([14]0,5,4)([15]9,3,3)([16]4,6,7)([17]11,6,3)([18]10,8,3)([19]6,18,2)([20]15,17,2)([21]8,20,7)([22]2,16,0)([23]14,1,7)([24]22,3,6)([25]21,11,4)([26]6,20,4)([27]6,23,7)([28]13,26,1)([29]0,16,4)([30]20,8,3)([31]23,6,5)([32]7,11,0)([33]30,29,7)([34]10,29,6)([35]19,24,7)([36]19,14,6)([37]17,14,6)([38]36,23,6)([39]26,38,6)([40]32,6,2)([41]3,5,1)([42]17,17,4)([43]40,36,3)([44]22,35,5)([45]37,33,4)([46]40,28,6)([47]19,35,4)([48]15,38,5)([49]4,20,3)([50]30,10,6)([51]35,10,6)([52]27,50,3)([53]10,7,7)([54]45,8,4)([55]16,46,6)([56]27,3,0)([57]31,18,2)([58]18,52,5)([59]50,28,4)([60]8,4,4)([61]36,1,0)([62]24,11,6)([63]45,46,3)([64]2,39,7)([65]53,63,3)([66]55,55,3)([67]25,22,0)([68]33,65,4)([69]66,60,3)([70]68,69,5)([71]12,51,4)([72]54,13,1)([73]6,48,6)([74]30,13,5)([75]73,43,0)([76]30,50,4)([77]75,8,2)([78]14,23,1)([79]75,67,5)([80]51,64,2)([81]39,70,7)([82]14,80,5)([83]24,1,3)([84]24,83,5)([85]82,81,4)([86]67,50,5)(85)
optimized area: 141.05
time: 1131400 ms
seed: 1635900216
{7,1,80,1,2,1,8}([7]0,5,7)([8]0,1,5)([9]3,8,6)([10]4,1,7)([11]6,8,4)([12]7,3,6)([13]1,7,3)([14]5,10,1)([15]0,6,7)([16]14,3,4)([17]11,16,6)([18]10,14,2)([19]6,13,2)([20]10,8,7)([21]19,20,3)([22]19,18,4)([23]3,18,4)([24]2,12,6)([25]21,0,3)([26]17,4,6)([27]13,11,0)([28]23,24,7)([29]7,22,2)([30]14,27,4)([31]17,4,7)([32]22,3,5)([33]23,2,2)([34]15,4,4)([35]32,26,2)([36]25,8,7)([37]4,2,1)([38]21,35,7)([39]1,28,2)([40]16,25,3)([41]22,24,2)([42]2,40,4)([43]29,39,4)([44]38,36,0)([45]27,40,5)([46]19,7,6)([47]20,14,6)([48]10,15,2)([49]36,9,4)([50]48,42,1)([51]7,12,6)([52]6,25,2)([53]42,48,3)([54]23,49,4)([55]1,2,6)([56]38,35,4)([57]37,6,7)([58]54,12,7)([59]34,28,3)([60]51,0,6)([61]16,56,6)([62]28,32,1)([63]21,34,1)([64]55,47,1)([65]39,64,6)([66]57,51,6)([67]31,31,1)([68]57,43,5)([69]15,66,2)([70]19,55,0)([71]22,54,0)([72]53,38,5)([73]12,9,7)([74]69,65,4)([75]72,69,3)([76]56,38,6)([77]55,36,6)([78]74,31,0)([79]54,68,5)([80]61,63,4)([81]75,79,4)([82]45,58,6)([83]10,40,3)([84]73,7,7)([85]2,81,6)([86]0,58,6)(81)
evaluations: 23901608
first invidual area: 138.68
{7,1,80,1,2,1,8}([7]0,5,7)([8]1,0,5)([9]3,1,0)([10]1,4,7)([11]8,6,4)([12]7,3,6)([13]7,1,3)([14]5,5,1)([15]6,0,7)([16]14,3,4)([17]2,12,3)([18]10,14,2)([19]13,6,2)([20]8,10,7)([21]20,19,3)([22]18,19,4)([23]18,9,4)([24]16,21,2)([25]16,11,6)([26]4,25,6)([27]8,1,3)([28]17,23,4)([29]8,18,5)([30]1,28,5)([31]3,8,6)([32]9,22,5)([33]16,0,3)([34]7,22,5)([35]21,0,3)([36]8,35,2)([37]15,13,1)([38]10,15,2)([39]26,32,5)([40]16,33,6)([41]33,2,4)([42]17,1,3)([43]34,30,4)([44]7,11,6)([45]31,44,5)([46]9,22,7)([47]41,37,6)([48]31,36,6)([49]37,39,2)([50]31,17,6)([51]35,15,6)([52]37,29,4)([53]41,38,3)([54]48,23,7)([55]53,54,2)([56]28,45,4)([57]4,6,4)([58]55,38,6)([59]21,39,4)([60]12,26,4)([61]56,1,4)([62]18,50,7)([63]7,25,7)([64]47,11,0)([65]11,27,1)([66]57,9,6)([67]59,28,2)([68]57,43,5)([69]15,66,2)([70]66,7,2)([71]44,60,6)([72]53,59,5)([73]2,62,3)([74]21,43,1)([75]72,69,3)([76]62,1,2)([77]63,41,1)([78]43,17,5)([79]54,68,5)([80]0,21,6)([81]8,75,2)([82]77,36,0)([83]41,54,0)([84]43,55,0)([85]59,50,2)([86]75,79,4)(86)
optimized area: 128.83
time: 1190217 ms
seed: 1635936456
NOT FOUND
time: 1075786 ms
seed: 1635972672
{7,1,80,1,2,1,8}([7]5,5,0)([8]0,7,6)([9]4,8,4)([10]9,1,1)([11]3,4,4)([12]4,2,7)([13]7,11,5)([14]1,12,6)([15]12,0,2)([16]5,10,6)([17]16,10,3)([18]0,0,5)([19]17,15,6)([20]19,6,7)([21]20,15,2)([22]13,11,7)([23]0,9,7)([24]20,15,4)([25]20,2,2)([26]1,13,4)([27]0,24,6)([28]0,0,5)([29]16,14,4)([30]14,26,3)([31]26,13,4)([32]29,22,4)([33]24,1,5)([34]32,24,3)([35]8,19,6)([36]25,35,4)([37]29,23,1)([38]23,32,2)([39]9,13,2)([40]39,3,7)([41]6,37,3)([42]0,11,6)([43]11,40,5)([44]34,43,5)([45]5,30,4)([46]41,1,7)([47]24,11,6)([48]26,36,7)([49]24,38,2)([50]13,41,7)([51]45,33,6)([52]8,3,6)([53]42,31,0)([54]44,48,6)([55]6,46,1)([56]50,16,7)([57]51,53,4)([58]42,52,0)([59]51,35,1)([60]57,53,4)([61]56,6,2)([62]5,26,6)([63]32,61,4)([64]14,35,2)([65]48,8,4)([66]54,63,5)([67]65,54,2)([68]49,67,7)([69]57,66,7)([70]69,68,4)([71]54,55,6)([72]49,42,7)([73]63,13,6)([74]47,3,6)([75]47,2,7)([76]25,8,7)([77]39,10,2)([78]15,19,6)([79]66,31,4)([80]20,79,3)([81]10,7,2)([82]28,75,1)([83]78,68,5)([84]34,36,1)([85]60,61,3)([86]70,45,7)(86)
evaluations: 14798449
first invidual area: 164.48
{7,1,80,1,2,1,8}([7]5,6,0)([8]0,5,6)([9]4,8,7)([10]9,8,0)([11]4,3,4)([12]2,4,7)([13]5,11,5)([14]12,1,6)([15]12,0,2)([16]7,9,6)([17]15,10,3)([18]6,0,0)([19]17,16,6)([20]19,6,7)([21]3,2,6)([22]14,19,0)([23]0,10,4)([24]20,15,4)([25]23,14,0)([26]1,13,4)([27]9,7,7)([28]13,11,5)([29]16,22,7)([30]19,8,3)([31]22,26,3)([32]29,28,4)([33]24,1,2)([34]17,7,2)([35]2,20,5)([36]30,26,7)([37]7,35,6)([38]3,33,7)([39]3,13,1)([40]25,32,2)([41]24,32,3)([42]24,2,2)([43]29,39,5)([44]41,43,5)([45]19,29,5)([46]5,31,4)([47]36,35,4)([48]11,0,3)([49]40,24,5)([50]39,8,4)([51]46,33,6)([52]51,11,3)([53]15,35,6)([54]44,47,6)([55]21,34,7)([56]22,39,1)([57]51,48,7)([58]40,56,6)([59]37,40,2)([60]37,41,3)([61]27,18,5)([62]8,45,5)([63]32,61,7)([64]61,20,5)([65]16,50,0)([66]54,8,5)([67]63,54,5)([68]67,49,4)([69]66,57,5)([70]40,28,4)([71]35,51,7)([72]12,50,7)([73]52,36,3)([74]69,68,4)([75]28,11,4)([76]50,44,2)([77]48,29,1)([78]12,55,2)([79]71,2,6)([80]41,29,0)([81]74,39,0)([82]25,66,3)([83]73,76,2)([84]54,78,1)([85]77,52,7)([86]25,58,3)(81)
optimized area: 132.59
time: 1494000 ms
seed: 1636008526
{7,1,80,1,2,1,8}([7]2,6,6)([8]4,5,7)([9]1,7,3)([10]5,0,7)([11]2,9,3)([12]2,0,5)([13]1,8,7)([14]1,0,3)([15]6,10,6)([16]8,7,7)([17]7,0,5)([18]15,12,3)([19]16,9,7)([20]14,2,0)([21]5,8,1)([22]6,3,4)([23]4,22,6)([24]1,18,5)([25]0,9,2)([26]12,13,5)([27]21,6,2)([28]10,25,0)([29]16,11,5)([30]23,14,7)([31]28,27,7)([32]29,28,1)([33]21,3,4)([34]27,20,3)([35]15,10,7)([36]24,17,4)([37]33,22,3)([38]25,26,2)([39]36,37,7)([40]30,7,3)([41]23,24,7)([42]11,30,5)([43]38,33,3)([44]17,40,3)([45]2,19,2)([46]40,33,0)([47]28,3,2)([48]42,19,5)([49]48,34,7)([50]43,3,4)([51]4,34,7)([52]41,51,3)([53]24,27,1)([54]42,26,3)([55]47,54,7)([56]10,28,7)([57]7,34,7)([58]54,39,5)([59]11,39,7)([60]35,4,3)([61]18,17,1)([62]30,55,2)([63]49,58,5)([64]19,33,0)([65]54,32,5)([66]55,32,4)([67]9,43,7)([68]4,43,5)([69]13,68,3)([70]69,43,5)([71]66,60,5)([72]35,65,6)([73]49,18,1)([74]1,0,6)([75]50,67,0)([76]66,72,4)([77]63,71,5)([78]9,44,6)([79]19,68,6)([80]77,79,7)([81]38,39,0)([82]29,46,5)([83]11,38,3)([84]8,23,2)([85]71,49,1)([86]46,31,2)(80)
evaluations: 32965316
first invidual area: 135.37
{7,1,80,1,2,1,8}([7]6,2,6)([8]4,5,7)([9]7,1,3)([10]5,0,7)([11]9,2,3)([12]2,0,5)([13]8,1,7)([14]1,0,3)([15]10,6,6)([16]8,7,7)([17]7,0,5)([18]15,12,3)([19]16,9,7)([20]17,1,7)([21]10,3,5)([22]3,6,4)([23]4,22,3)([24]1,18,5)([25]4,5,2)([26]13,12,5)([27]6,10,2)([28]13,3,3)([29]11,11,2)([30]23,14,4)([31]10,15,6)([32]14,27,6)([33]5,3,7)([34]6,19,4)([35]15,4,3)([36]17,24,7)([37]22,33,6)([38]1,36,2)([39]36,37,7)([40]4,10,7)([41]29,11,5)([42]11,30,5)([43]38,33,3)([44]13,43,3)([45]3,5,5)([46]19,32,0)([47]36,14,3)([48]19,42,5)([49]48,32,4)([50]49,34,7)([51]28,16,1)([52]30,26,2)([53]16,11,5)([54]26,42,3)([55]21,54,7)([56]39,43,6)([57]52,7,0)([58]54,39,5)([59]10,1,1)([60]57,18,5)([61]4,43,5)([62]6,42,3)([63]49,58,5)([64]8,63,5)([65]64,35,6)([66]55,53,4)([67]31,4,3)([68]44,60,2)([69]54,37,6)([70]58,62,4)([71]66,67,5)([72]56,41,4)([73]5,30,2)([74]44,39,6)([75]33,71,5)([76]7,70,0)([77]63,71,5)([78]18,13,6)([79]19,61,6)([80]77,79,7)([81]30,68,4)([82]61,47,6)([83]33,68,7)([84]59,73,0)([85]50,55,4)([86]33,73,1)(80)
optimized area: 127.41
time: 1167459 ms
seed: 1636043133
NOT FOUND
time: 1082092 ms
seed: 1636077103
NOT FOUND
time: 1074531 ms
seed: 1636110132
NOT FOUND
time: 1072162 ms
seed: 1636142869
{7,1,80,1,2,1,8}([7]4,2,4)([8]4,3,4)([9]1,7,3)([10]8,1,7)([11]10,6,2)([12]5,3,6)([13]0,12,1)([14]1,10,6)([15]1,5,5)([16]12,14,7)([17]2,15,0)([18]10,0,1)([19]6,2,3)([20]12,18,3)([21]15,11,3)([22]5,13,6)([23]19,9,5)([24]6,12,2)([25]13,5,4)([26]16,23,5)([27]21,3,2)([28]0,23,6)([29]20,28,5)([30]22,26,4)([31]13,11,7)([32]19,29,4)([33]18,25,4)([34]33,30,6)([35]24,18,2)([36]27,32,7)([37]19,21,3)([38]6,5,5)([39]21,14,6)([40]34,36,4)([41]3,21,6)([42]6,22,2)([43]37,26,5)([44]40,38,4)([45]40,29,6)([46]45,2,6)([47]41,10,5)([48]29,37,2)([49]32,0,0)([50]31,30,2)([51]31,48,7)([52]4,50,6)([53]43,14,7)([54]49,38,0)([55]7,54,6)([56]35,28,1)([57]3,54,3)([58]29,12,2)([59]55,5,6)([60]0,19,5)([61]19,42,1)([62]29,10,6)([63]26,12,5)([64]36,19,5)([65]55,44,3)([66]19,1,2)([67]65,35,4)([68]12,38,2)([69]52,67,2)([70]66,11,5)([71]12,8,0)([72]38,58,1)([73]63,2,3)([74]40,35,6)([75]4,29,6)([76]6,27,3)([77]76,69,5)([78]68,42,3)([79]22,70,7)([80]17,50,5)([81]20,27,2)([82]74,40,4)([83]74,77,4)([84]70,31,7)([85]83,47,2)([86]26,24,1)(85)
evaluations: 44811701
first invidual area: 133.03
{7,1,80,1,2,1,8}([7]4,2,4)([8]4,3,7)([9]1,7,3)([10]8,1,4)([11]6,10,2)([12]5,3,6)([13]0,11,1)([14]10,8,3)([15]1,5,5)([16]12,14,4)([17]1,7,2)([18]10,5,1)([19]6,2,3)([20]12,18,3)([21]15,11,3)([22]5,13,3)([23]19,9,5)([24]6,12,2)([25]18,5,4)([26]16,23,5)([27]21,3,2)([28]0,23,6)([29]20,28,5)([30]22,26,7)([31]0,11,4)([32]19,29,5)([33]13,25,4)([34]33,30,3)([35]25,24,2)([36]27,32,7)([37]3,5,1)([38]6,5,5)([39]23,35,7)([40]34,36,7)([41]20,21,6)([42]32,40,5)([43]4,0,0)([44]40,38,4)([45]44,0,0)([46]12,36,1)([47]41,4,5)([48]45,38,1)([49]11,41,3)([50]31,30,2)([51]40,12,4)([52]43,50,6)([53]21,0,0)([54]13,48,2)([55]7,32,6)([56]12,33,4)([57]17,16,5)([58]56,29,2)([59]8,30,3)([60]29,55,4)([61]8,0,1)([62]47,13,1)([63]16,55,1)([64]51,0,5)([65]55,45,3)([66]61,26,0)([67]65,35,4)([68]15,24,2)([69]52,67,2)([70]65,68,3)([71]56,44,4)([72]54,2,1)([73]57,20,0)([74]40,35,6)([75]32,36,3)([76]6,27,3)([77]76,69,5)([78]26,31,7)([79]28,6,0)([80]55,38,3)([81]27,71,0)([82]71,36,7)([83]74,77,4)([84]16,7,1)([85]83,47,2)([86]59,7,6)(85)
optimized area: 130.21
time: 1090010 ms
seed: 1636175310
{7,1,80,1,2,1,8}([7]4,6,4)([8]6,1,4)([9]0,8,2)([10]5,7,6)([11]2,10,7)([12]3,1,5)([13]5,11,3)([14]13,0,5)([15]10,13,3)([16]15,8,2)([17]0,3,7)([18]5,3,0)([19]14,1,7)([20]16,17,7)([21]4,18,4)([22]18,9,4)([23]21,3,4)([24]4,12,7)([25]2,22,4)([26]2,3,4)([27]23,20,3)([28]27,14,5)([29]0,10,6)([30]28,26,2)([31]25,10,5)([32]24,27,4)([33]29,30,4)([34]31,13,5)([35]3,34,5)([36]34,13,7)([37]30,22,5)([38]18,19,5)([39]35,19,2)([40]22,1,0)([41]23,20,3)([42]22,11,4)([43]42,28,4)([44]17,24,7)([45]32,43,6)([46]33,41,7)([47]3,0,2)([48]39,41,4)([49]14,14,0)([50]36,48,6)([51]41,38,3)([52]36,35,5)([53]17,3,5)([54]46,45,5)([55]3,35,1)([56]33,14,4)([57]54,48,2)([58]35,25,3)([59]55,57,6)([60]24,9,2)([61]8,59,3)([62]5,19,2)([63]56,57,0)([64]30,22,5)([65]0,19,3)([66]37,5,1)([67]23,53,0)([68]50,51,6)([69]34,55,3)([70]22,45,3)([71]1,9,5)([72]66,57,3)([73]66,23,1)([74]72,40,7)([75]65,32,4)([76]6,28,6)([77]40,2,3)([78]74,44,3)([79]32,36,5)([80]77,37,6)([81]27,63,4)([82]8,40,6)([83]70,9,5)([84]53,29,5)([85]82,33,5)([86]25,79,3)(72)
evaluations: 14300889
first invidual area: 131.20
{7,1,80,1,2,1,8}([7]6,4,4)([8]1,6,4)([9]0,8,5)([10]7,5,6)([11]2,10,7)([12]1,3,5)([13]11,5,3)([14]0,13,5)([15]13,10,3)([16]8,15,5)([17]0,16,7)([18]14,1,7)([19]3,5,7)([20]17,3,7)([21]11,10,2)([22]9,5,7)([23]2,3,4)([24]19,4,4)([25]10,9,5)([26]20,25,7)([27]24,20,5)([28]14,27,5)([29]0,15,3)([30]0,11,4)([31]23,28,5)([32]5,10,5)([33]29,31,5)([34]13,25,5)([35]3,34,5)([36]22,33,6)([37]27,14,4)([38]19,3,5)([39]18,35,5)([40]27,39,7)([41]13,22,6)([42]28,11,4)([43]9,36,3)([44]42,33,7)([45]44,36,6)([46]8,18,2)([47]12,4,4)([48]11,28,7)([49]5,38,1)([50]47,39,4)([51]0,22,2)([52]11,0,4)([53]29,23,7)([54]45,50,5)([55]0,31,0)([56]21,10,1)([57]54,40,2)([58]21,6,2)([59]39,51,5)([60]30,53,6)([61]13,58,7)([62]42,59,5)([63]8,21,5)([64]41,2,1)([65]37,29,4)([66]0,59,3)([67]33,22,2)([68]28,10,2)([69]49,0,1)([70]56,8,6)([71]6,53,2)([72]67,57,3)([73]40,3,7)([74]8,11,2)([75]50,27,2)([76]26,14,2)([77]1,39,6)([78]20,40,6)([79]3,5,3)([80]77,15,5)([81]57,80,0)([82]15,35,3)([83]40,61,0)([84]3,83,5)([85]42,59,4)([86]16,20,7)(72)
optimized area: 115.72
time: 1350374 ms
seed: 1636205861
{7,1,80,1,2,1,8}([7]3,4,7)([8]2,0,6)([9]4,2,7)([10]0,1,4)([11]5,3,6)([12]11,2,3)([13]0,5,6)([14]2,12,1)([15]7,0,3)([16]1,9,4)([17]7,5,2)([18]11,6,5)([19]8,4,4)([20]13,17,7)([21]18,17,7)([22]10,5,7)([23]12,21,7)([24]16,20,5)([25]10,19,0)([26]6,14,4)([27]16,15,2)([28]22,12,2)([29]27,8,2)([30]6,9,2)([31]22,27,1)([32]23,24,7)([33]19,10,6)([34]6,20,1)([35]23,24,6)([36]22,15,4)([37]13,27,7)([38]29,3,7)([39]6,33,3)([40]38,8,4)([41]40,37,5)([42]33,1,7)([43]39,36,2)([44]43,35,7)([45]19,5,0)([46]24,12,0)([47]15,30,2)([48]28,38,6)([49]26,5,0)([50]25,36,0)([51]4,43,3)([52]36,25,3)([53]17,46,3)([54]53,43,5)([55]0,30,4)([56]41,26,6)([57]49,52,2)([58]14,30,4)([59]24,45,5)([60]4,39,1)([61]56,34,4)([62]40,11,2)([63]16,47,3)([64]2,23,6)([65]54,46,7)([66]40,55,3)([67]33,44,4)([68]31,15,7)([69]48,61,5)([70]56,32,5)([71]32,13,2)([72]38,54,0)([73]57,3,5)([74]9,0,2)([75]74,69,7)([76]44,70,2)([77]71,43,3)([78]14,57,3)([79]61,3,7)([80]56,15,1)([81]69,76,4)([82]57,28,7)([83]77,33,2)([84]5,74,2)([85]72,79,2)([86]35,19,3)(81)
evaluations: 26172715
first invidual area: 134.01
{7,1,80,1,2,1,8}([7]3,4,7)([8]2,0,6)([9]2,4,4)([10]0,1,4)([11]5,3,6)([12]11,2,3)([13]0,5,3)([14]2,6,7)([15]0,7,3)([16]1,9,7)([17]7,5,2)([18]11,6,2)([19]16,13,5)([20]6,5,7)([21]18,17,6)([22]5,10,7)([23]21,12,5)([24]22,7,5)([25]19,23,6)([26]7,7,5)([27]16,7,2)([28]22,12,2)([29]13,13,4)([30]10,26,5)([31]20,19,2)([32]8,27,5)([33]4,8,4)([34]10,33,6)([35]2,16,5)([36]22,15,4)([37]1,2,3)([38]3,32,4)([39]6,37,0)([40]38,8,4)([41]23,38,5)([42]39,34,3)([43]42,36,5)([44]36,10,5)([45]39,26,1)([46]19,10,7)([47]36,16,5)([48]28,38,6)([49]37,4,4)([50]42,26,5)([51]40,34,7)([52]48,23,6)([53]25,43,4)([54]40,47,5)([55]26,9,4)([56]54,14,6)([57]16,15,7)([58]1,54,1)([59]45,37,7)([60]11,34,5)([61]45,56,3)([62]57,56,0)([63]23,19,2)([64]54,43,2)([65]53,45,5)([66]27,27,0)([67]40,30,2)([68]38,44,2)([69]48,61,5)([70]56,63,5)([71]53,70,5)([72]71,49,7)([73]68,11,3)([74]45,51,0)([75]8,27,4)([76]64,17,2)([77]63,70,7)([78]60,5,4)([79]8,69,6)([80]25,9,0)([81]69,71,7)([82]5,57,4)([83]55,64,2)([84]29,42,3)([85]5,9,6)([86]23,59,2)(81)
optimized area: 114.29
time: 1204181 ms
seed: 1636235899
{7,1,80,1,2,1,8}([7]2,4,5)([8]1,5,7)([9]0,4,1)([10]9,8,7)([11]9,7,7)([12]8,7,6)([13]0,2,2)([14]6,12,3)([15]4,2,4)([16]10,1,6)([17]4,8,3)([18]16,5,4)([19]18,6,6)([20]13,3,7)([21]4,1,7)([22]14,20,7)([23]15,21,2)([24]21,14,2)([25]1,17,4)([26]3,16,7)([27]16,22,4)([28]26,4,4)([29]27,21,3)([30]29,22,5)([31]28,29,0)([32]20,18,2)([33]11,25,2)([34]23,26,2)([35]10,4,4)([36]26,6,5)([37]12,6,1)([38]1,18,3)([39]35,19,0)([40]33,30,7)([41]34,40,6)([42]8,41,4)([43]25,15,5)([44]42,28,5)([45]9,42,1)([46]39,28,7)([47]15,20,5)([48]32,38,2)([49]18,0,2)([50]34,24,4)([51]21,19,7)([52]38,22,4)([53]49,42,7)([54]46,19,6)([55]14,43,3)([56]46,11,0)([57]44,50,0)([58]53,30,4)([59]49,3,3)([60]12,48,0)([61]1,26,7)([62]45,24,7)([63]0,55,2)([64]0,24,2)([65]36,14,4)([66]52,58,5)([67]39,32,5)([68]41,64,3)([69]33,63,4)([70]51,66,2)([71]63,66,6)([72]71,33,4)([73]65,27,3)([74]1,38,4)([75]14,32,4)([76]68,71,7)([77]47,10,4)([78]57,76,2)([79]8,47,6)([80]6,63,6)([81]10,78,7)([82]12,6,3)([83]47,80,0)([84]40,38,0)([85]61,51,1)([86]8,50,5)(81)
evaluations: 16786538
first invidual area: 144.32
{7,1,80,1,2,1,8}([7]2,4,5)([8]1,5,7)([9]4,8,6)([10]8,0,4)([11]0,2,5)([12]7,8,6)([13]0,7,4)([14]12,6,3)([15]1,2,3)([16]1,10,6)([17]3,14,4)([18]5,0,1)([19]16,4,5)([20]16,15,0)([21]4,1,7)([22]17,11,7)([23]12,17,6)([24]1,5,3)([25]1,9,7)([26]3,20,7)([27]14,11,0)([28]25,13,5)([29]26,21,2)([30]19,22,5)([31]14,21,2)([32]28,30,4)([33]25,30,1)([34]19,13,7)([35]15,29,2)([36]19,12,3)([37]26,4,4)([38]27,33,3)([39]19,2,6)([40]31,28,5)([41]35,32,6)([42]8,41,4)([43]39,1,6)([44]42,37,5)([45]30,25,6)([46]7,2,6)([47]46,6,4)([48]12,44,1)([49]12,26,0)([50]22,36,7)([51]38,13,3)([52]43,22,7)([53]42,0,6)([54]2,47,6)([55]42,40,6)([56]53,38,2)([57]42,31,5)([58]31,0,2)([59]14,7,3)([60]59,12,1)([61]14,51,3)([62]54,47,7)([63]0,38,2)([64]63,33,1)([65]22,53,7)([66]52,65,5)([67]58,45,0)([68]67,41,6)([69]63,66,6)([70]11,46,7)([71]6,47,0)([72]2,52,2)([73]11,37,2)([74]18,70,6)([75]24,19,4)([76]68,69,4)([77]31,28,7)([78]44,76,5)([79]78,52,6)([80]35,69,7)([81]10,78,4)([82]81,79,7)([83]71,60,2)([84]59,81,1)([85]16,17,3)([86]59,42,1)(81)
optimized area: 126.49
time: 1322279 ms
