seed: 1633871284
{7,1,80,1,2,1,8}([7]5,0,7)([8]0,4,5)([9]4,6,6)([10]8,6,7)([11]3,5,5)([12]2,9,7)([13]1,12,3)([14]1,5,4)([15]4,0,6)([16]12,7,5)([17]16,4,5)([18]16,6,1)([19]7,9,5)([20]10,17,3)([21]15,13,4)([22]12,11,4)([23]18,1,4)([24]3,14,5)([25]6,21,4)([26]8,18,3)([27]25,26,7)([28]6,12,5)([29]0,1,5)([30]3,5,3)([31]14,4,4)([32]3,29,0)([33]2,26,6)([34]3,27,3)([35]22,10,6)([36]8,7,4)([37]17,18,5)([38]17,30,4)([39]29,35,7)([40]22,28,2)([41]14,38,1)([42]28,38,3)([43]12,42,7)([44]40,28,3)([45]37,41,2)([46]6,39,6)([47]37,40,6)([48]11,19,6)([49]10,41,2)([50]23,14,5)([51]38,40,4)([52]49,1,4)([53]29,42,2)([54]22,50,7)([55]22,22,5)([56]50,23,7)([57]26,46,2)([58]21,5,0)([59]36,53,4)([60]43,43,1)([61]24,20,6)([62]10,3,6)([63]53,61,3)([64]35,30,1)([65]17,5,4)([66]23,63,0)([67]23,41,7)([68]59,64,2)([69]44,36,1)([70]31,63,4)([71]54,51,2)([72]19,56,5)([73]3,35,2)([74]50,53,1)([75]47,18,2)([76]17,17,2)([77]70,68,3)([78]56,7,1)([79]34,77,4)([80]49,34,7)([81]49,75,3)([82]57,27,0)([83]66,12,6)([84]71,79,3)([85]42,46,3)([86]79,42,4)(84)
evaluations: 36005628
first invidual area: 137.27
{7,1,80,1,2,1,8}([7]0,5,7)([8]4,0,5)([9]4,6,6)([10]8,6,7)([11]3,5,5)([12]9,2,7)([13]1,0,5)([14]1,5,4)([15]0,4,6)([16]7,12,5)([17]16,4,5)([18]12,1,6)([19]5,3,6)([20]17,8,3)([21]14,11,5)([22]11,12,4)([23]10,22,3)([24]15,6,7)([25]24,18,7)([26]5,16,4)([27]25,20,4)([28]6,12,5)([29]12,3,2)([30]11,28,4)([31]14,4,7)([32]2,13,0)([33]5,23,0)([34]3,27,3)([35]30,17,3)([36]29,3,4)([37]22,22,6)([38]17,19,7)([39]30,13,7)([40]22,28,5)([41]16,3,3)([42]0,21,5)([43]20,40,6)([44]7,8,4)([45]28,38,3)([46]6,3,5)([47]13,38,5)([48]38,40,7)([49]23,47,1)([50]26,14,5)([51]28,4,4)([52]41,36,3)([53]13,45,2)([54]50,22,7)([55]15,36,1)([56]41,55,4)([57]34,6,6)([58]16,54,6)([59]44,53,4)([60]7,46,6)([61]18,57,3)([62]30,4,2)([63]53,60,3)([64]28,31,2)([65]62,14,0)([66]56,60,3)([67]61,38,5)([68]59,23,2)([69]21,11,6)([70]31,63,7)([71]54,48,2)([72]19,70,2)([73]53,50,0)([74]45,23,5)([75]30,53,7)([76]57,19,4)([77]68,70,3)([78]11,37,0)([79]34,77,4)([80]59,62,6)([81]75,40,3)([82]2,19,3)([83]14,37,1)([84]71,79,3)([85]20,50,0)([86]25,85,7)(84)
optimized area: 131.66
time: 572942 ms
seed: 1634008973
{7,1,80,1,2,1,8}([7]0,2,5)([8]5,7,5)([9]1,2,6)([10]3,9,4)([11]6,8,4)([12]8,10,4)([13]0,0,0)([14]4,6,6)([15]1,3,7)([16]5,1,4)([17]7,1,6)([18]0,11,3)([19]0,4,6)([20]2,19,5)([21]5,13,5)([22]11,17,6)([23]10,6,7)([24]19,16,3)([25]0,0,3)([26]2,10,6)([27]1,3,4)([28]14,1,5)([29]26,28,6)([30]19,1,3)([31]14,19,0)([32]17,3,4)([33]15,21,7)([34]23,33,2)([35]8,3,3)([36]6,16,2)([37]0,4,0)([38]34,24,6)([39]18,38,4)([40]11,14,2)([41]2,33,2)([42]22,20,5)([43]40,39,4)([44]8,39,0)([45]8,24,7)([46]29,12,2)([47]12,43,7)([48]14,34,0)([49]45,33,2)([50]13,42,7)([51]4,18,1)([52]46,36,7)([53]30,38,5)([54]41,6,1)([55]19,52,7)([56]32,50,2)([57]56,45,6)([58]43,32,3)([59]4,23,2)([60]57,4,3)([61]47,56,3)([62]61,55,6)([63]4,62,3)([64]21,33,0)([65]28,16,0)([66]19,12,0)([67]21,31,3)([68]54,23,5)([69]25,43,6)([70]62,9,6)([71]40,49,7)([72]36,13,1)([73]43,13,3)([74]68,71,5)([75]55,22,6)([76]33,62,4)([77]60,20,4)([78]3,16,7)([79]55,68,5)([80]22,7,4)([81]79,51,7)([82]77,81,3)([83]23,29,6)([84]82,76,4)([85]27,77,0)([86]22,8,6)(84)
evaluations: 12308564
first invidual area: 156.01
{7,1,80,1,2,1,8}([7]2,0,5)([8]7,5,5)([9]1,2,6)([10]8,9,4)([11]8,6,4)([12]10,3,4)([13]6,4,6)([14]13,8,5)([15]13,0,1)([16]1,5,4)([17]1,7,6)([18]11,0,3)([19]4,0,6)([20]19,2,5)([21]5,0,5)([22]1,3,7)([23]12,11,7)([24]16,22,4)([25]3,17,4)([26]22,2,6)([27]4,23,7)([28]26,3,0)([29]4,26,6)([30]23,19,3)([31]12,29,2)([32]23,13,7)([33]22,21,7)([34]23,13,5)([35]11,11,1)([36]6,16,2)([37]33,30,2)([38]16,37,3)([39]18,14,5)([40]1,20,2)([41]2,33,5)([42]25,29,0)([43]39,38,7)([44]42,4,0)([45]35,41,5)([46]12,6,5)([47]12,43,4)([48]8,21,7)([49]31,12,5)([50]0,45,7)([51]22,23,1)([52]31,36,6)([53]50,22,2)([54]23,41,5)([55]52,19,7)([56]42,50,2)([57]48,17,6)([58]45,34,2)([59]55,49,5)([60]4,57,6)([61]47,55,3)([62]61,56,6)([63]54,21,6)([64]10,59,1)([65]60,20,7)([66]20,30,5)([67]4,56,2)([68]52,34,4)([69]56,65,0)([70]66,56,6)([71]51,5,2)([72]35,62,3)([73]8,47,6)([74]27,24,7)([75]7,49,0)([76]33,62,7)([77]73,59,1)([78]63,5,6)([79]55,54,5)([80]35,53,7)([81]79,4,4)([82]65,81,6)([83]60,77,4)([84]82,76,4)([85]25,83,3)([86]69,16,0)(84)
optimized area: 144.29
time: 664575 ms
seed: 1634057764
NOT FOUND
time: 530251 ms
seed: 1634172023
NOT FOUND
time: 540041 ms
seed: 1634219294
{7,1,80,1,2,1,8}([7]3,6,4)([8]1,3,7)([9]7,0,6)([10]5,2,7)([11]8,0,7)([12]1,5,4)([13]11,9,1)([14]6,11,6)([15]7,10,1)([16]4,4,6)([17]13,12,2)([18]2,14,7)([19]17,2,2)([20]5,0,2)([21]16,11,2)([22]3,18,6)([23]21,7,2)([24]10,22,3)([25]16,20,4)([26]19,14,5)([27]8,6,2)([28]10,26,4)([29]25,15,2)([30]18,28,7)([31]29,6,2)([32]12,2,6)([33]5,12,2)([34]16,33,6)([35]31,13,6)([36]24,20,3)([37]29,33,5)([38]21,21,3)([39]34,36,7)([40]39,31,6)([41]25,17,5)([42]21,17,0)([43]23,35,6)([44]0,24,7)([45]40,27,6)([46]25,32,2)([47]33,8,2)([48]41,10,7)([49]27,10,2)([50]28,48,5)([51]40,6,6)([52]7,41,2)([53]46,21,4)([54]53,15,5)([55]2,8,4)([56]39,50,4)([57]8,23,5)([58]22,42,6)([59]9,30,7)([60]39,52,7)([61]44,57,5)([62]45,2,6)([63]56,27,7)([64]51,31,4)([65]56,62,4)([66]52,61,4)([67]65,66,2)([68]66,51,5)([69]44,57,6)([70]8,32,0)([71]58,21,0)([72]62,63,0)([73]67,53,7)([74]9,42,4)([75]73,59,7)([76]57,16,4)([77]55,61,5)([78]30,9,5)([79]40,45,6)([80]48,6,5)([81]31,45,4)([82]77,74,3)([83]40,67,0)([84]5,67,6)([85]5,12,3)([86]36,33,1)(75)
evaluations: 6928484
first invidual area: 155.08
{7,1,80,1,2,1,8}([7]3,6,4)([8]1,3,7)([9]5,1,4)([10]2,5,7)([11]8,0,7)([12]11,2,1)([13]11,6,6)([14]5,8,7)([15]9,2,5)([16]4,10,1)([17]9,12,2)([18]0,5,5)([19]6,8,2)([20]2,13,7)([21]16,11,2)([22]20,3,6)([23]15,13,5)([24]10,22,3)([25]16,18,7)([26]20,25,4)([27]3,21,6)([28]0,1,4)([29]25,10,4)([30]17,29,2)([31]5,23,7)([32]9,2,6)([33]9,31,2)([34]24,32,3)([35]31,21,7)([36]2,25,5)([37]25,17,5)([38]16,33,6)([39]38,34,7)([40]7,21,5)([41]6,39,6)([42]39,30,6)([43]6,39,5)([44]40,38,2)([45]41,19,6)([46]25,32,5)([47]40,24,4)([48]21,2,1)([49]0,24,7)([50]5,47,3)([51]0,7,6)([52]7,37,5)([53]46,51,4)([54]33,1,2)([55]0,3,7)([56]8,35,1)([57]44,49,6)([58]21,50,1)([59]31,22,3)([60]45,2,6)([61]49,40,5)([62]10,41,0)([63]28,12,5)([64]7,7,3)([65]42,60,4)([66]52,61,7)([67]65,66,5)([68]3,44,0)([69]37,29,3)([70]47,3,1)([71]50,19,7)([72]20,71,6)([73]53,35,4)([74]55,48,2)([75]14,62,1)([76]4,62,6)([77]66,33,6)([78]18,33,5)([79]35,66,3)([80]35,10,7)([81]67,73,4)([82]70,36,2)([83]45,24,0)([84]9,44,1)([85]65,68,6)([86]22,69,2)(81)
optimized area: 136.80
time: 702268 ms
seed: 1634316392
NOT FOUND
time: 528953 ms
seed: 1634356887
{7,1,80,1,2,1,8}([7]5,0,2)([8]3,2,7)([9]7,4,3)([10]6,0,4)([11]6,5,4)([12]5,0,3)([13]4,3,6)([14]0,6,2)([15]14,2,3)([16]6,4,5)([17]5,10,2)([18]3,11,3)([19]1,18,4)([20]3,15,5)([21]7,13,6)([22]8,18,4)([23]18,21,7)([24]3,1,4)([25]20,22,2)([26]23,22,4)([27]3,1,0)([28]16,1,3)([29]27,9,4)([30]1,25,6)([31]23,4,7)([32]11,21,2)([33]16,5,3)([34]12,32,3)([35]26,10,5)([36]30,34,4)([37]1,17,6)([38]37,37,2)([39]38,31,7)([40]38,29,3)([41]2,23,2)([42]40,41,4)([43]20,5,6)([44]32,19,7)([45]11,6,5)([46]20,42,0)([47]43,46,7)([48]44,26,4)([49]37,10,1)([50]48,35,6)([51]43,7,5)([52]41,50,7)([53]51,46,5)([54]37,31,1)([55]36,29,3)([56]13,16,1)([57]21,16,6)([58]54,14,0)([59]57,43,4)([60]54,12,7)([61]4,56,0)([62]18,36,6)([63]9,42,0)([64]31,1,1)([65]6,49,4)([66]2,8,0)([67]59,48,2)([68]28,18,0)([69]52,39,5)([70]67,64,7)([71]63,68,2)([72]7,55,0)([73]12,18,4)([74]42,0,7)([75]34,53,6)([76]42,58,0)([77]72,24,2)([78]20,69,3)([79]21,59,4)([80]67,78,4)([81]62,49,6)([82]76,30,7)([83]51,65,4)([84]69,55,7)([85]3,17,4)([86]80,84,2)(86)
evaluations: 31885960
first invidual area: 138.69
{7,1,80,1,2,1,8}([7]0,5,2)([8]1,5,0)([9]4,7,6)([10]0,6,4)([11]6,5,4)([12]3,4,6)([13]1,7,4)([14]3,2,3)([15]6,0,2)([16]5,10,2)([17]15,2,3)([18]3,11,3)([19]18,8,4)([20]3,17,5)([21]12,7,6)([22]18,14,7)([23]18,21,7)([24]9,22,6)([25]22,20,2)([26]23,25,4)([27]8,25,6)([28]0,5,3)([29]25,21,2)([30]19,18,1)([31]23,4,4)([32]11,23,2)([33]3,9,7)([34]28,32,3)([35]26,10,5)([36]31,23,7)([37]8,16,6)([38]0,35,6)([39]31,37,4)([40]2,19,7)([41]2,23,5)([42]12,34,2)([43]5,20,6)([44]32,19,4)([45]27,34,4)([46]0,21,6)([47]28,15,4)([48]44,41,4)([49]47,21,6)([50]44,35,3)([51]1,49,0)([52]41,50,7)([53]31,18,6)([54]9,36,2)([55]45,33,6)([56]10,34,1)([57]41,21,2)([58]53,15,4)([59]53,43,3)([60]44,6,7)([61]15,60,1)([62]29,18,0)([63]0,61,1)([64]59,30,1)([65]11,46,3)([66]23,22,5)([67]59,48,5)([68]13,63,7)([69]52,39,5)([70]60,25,6)([71]6,10,3)([72]41,25,7)([73]30,57,0)([74]67,54,1)([75]61,31,5)([76]72,71,6)([77]33,1,2)([78]20,69,3)([79]70,24,4)([80]67,78,7)([81]6,14,3)([82]1,76,5)([83]66,10,1)([84]55,69,4)([85]71,77,5)([86]84,80,2)(86)
optimized area: 131.18
time: 600883 ms
seed: 1634405791
NOT FOUND
time: 526095 ms
seed: 1634454810
NOT FOUND
time: 532265 ms
seed: 1634515011
NOT FOUND
time: 528597 ms
seed: 1634614265
{7,1,80,1,2,1,8}([7]4,0,2)([8]2,7,6)([9]0,5,5)([10]6,8,7)([11]9,6,5)([12]9,10,2)([13]2,10,3)([14]10,3,0)([15]13,12,7)([16]13,3,2)([17]15,10,6)([18]1,4,2)([19]12,4,4)([20]11,1,7)([21]13,2,4)([22]4,17,5)([23]17,19,3)([24]16,5,3)([25]21,5,2)([26]18,11,4)([27]0,19,7)([28]26,23,2)([29]4,24,3)([30]6,12,4)([31]29,3,7)([32]22,20,5)([33]5,6,3)([34]10,22,5)([35]5,28,5)([36]29,32,5)([37]30,26,5)([38]1,29,2)([39]0,0,5)([40]31,27,5)([41]30,5,2)([42]40,25,7)([43]21,20,6)([44]43,42,7)([45]44,38,1)([46]6,45,6)([47]2,43,1)([48]8,33,4)([49]38,16,7)([50]42,10,7)([51]35,49,7)([52]25,17,6)([53]36,44,2)([54]19,37,5)([55]8,51,1)([56]6,12,6)([57]53,24,4)([58]4,43,3)([59]44,55,1)([60]51,17,7)([61]38,19,1)([62]2,12,1)([63]12,41,7)([64]36,18,5)([65]33,54,5)([66]8,34,7)([67]65,60,3)([68]21,47,0)([69]49,62,3)([70]23,66,6)([71]58,66,2)([72]13,37,1)([73]22,64,3)([74]6,44,1)([75]34,38,4)([76]6,6,2)([77]33,30,5)([78]1,26,1)([79]6,57,1)([80]0,29,3)([81]32,14,4)([82]23,44,3)([83]27,22,4)([84]57,67,5)([85]50,61,4)([86]17,62,4)(84)
evaluations: 26696298
first invidual area: 130.70
{7,1,80,1,2,1,8}([7]0,4,2)([8]7,2,3)([9]0,5,5)([10]8,6,4)([11]9,6,5)([12]9,10,5)([13]10,2,3)([14]4,4,3)([15]2,0,1)([16]3,13,2)([17]15,10,6)([18]4,16,5)([19]12,14,7)([20]11,1,7)([21]15,13,2)([22]4,17,5)([23]17,5,5)([24]16,5,3)([25]5,21,5)([26]18,11,7)([27]20,21,6)([28]26,5,2)([29]14,24,3)([30]1,29,5)([31]29,3,7)([32]19,17,3)([33]5,6,3)([34]6,0,7)([35]20,22,5)([36]29,35,5)([37]35,28,5)([38]19,0,7)([39]38,31,5)([40]31,38,5)([41]16,19,1)([42]40,25,4)([43]35,22,1)([44]27,42,7)([45]14,11,0)([46]5,34,5)([47]32,28,5)([48]11,33,7)([49]30,16,4)([50]35,7,1)([51]47,49,4)([52]17,27,3)([53]36,44,5)([54]19,37,5)([55]54,33,5)([56]48,26,3)([57]53,24,7)([58]20,27,2)([59]46,6,4)([60]51,17,4)([61]56,35,0)([62]38,46,5)([63]5,20,4)([64]63,35,6)([65]60,55,3)([66]54,43,6)([67]41,23,0)([68]21,14,7)([69]25,4,1)([70]50,4,4)([71]52,40,5)([72]21,38,4)([73]24,5,0)([74]31,67,3)([75]45,43,6)([76]34,62,5)([77]19,24,1)([78]16,63,5)([79]19,45,7)([80]14,35,7)([81]23,48,5)([82]48,2,6)([83]14,41,1)([84]57,65,5)([85]13,78,1)([86]3,46,1)(84)
optimized area: 118.02
time: 619474 ms
seed: 1635141231
NOT FOUND
time: 529162 ms
seed: 1635190375
NOT FOUND
time: 527393 ms
seed: 1635341262
NOT FOUND
time: 1002619 ms
seed: 1635621368
NOT FOUND
time: 1071180 ms
seed: 1635669086
NOT FOUND
time: 1062945 ms
seed: 1635716917
{7,1,80,1,2,1,8}([7]0,5,2)([8]3,0,4)([9]0,2,2)([10]8,3,2)([11]1,6,4)([12]3,1,7)([13]5,11,4)([14]9,11,6)([15]8,2,4)([16]14,6,7)([17]3,4,3)([18]15,17,5)([19]1,2,2)([20]14,18,4)([21]6,12,3)([22]20,5,0)([23]19,21,5)([24]9,12,5)([25]16,4,7)([26]23,15,4)([27]14,15,4)([28]20,7,1)([29]21,7,6)([30]27,8,0)([31]9,29,2)([32]21,16,5)([33]26,10,6)([34]5,20,0)([35]0,28,0)([36]4,33,3)([37]29,36,4)([38]24,6,4)([39]33,29,5)([40]10,15,1)([41]2,27,1)([42]24,5,4)([43]36,23,0)([44]15,6,0)([45]27,22,6)([46]22,32,5)([47]42,38,2)([48]9,38,1)([49]5,46,5)([50]27,7,7)([51]12,39,4)([52]27,2,6)([53]25,23,7)([54]40,49,7)([55]0,37,7)([56]21,27,7)([57]52,54,6)([58]31,53,7)([59]43,2,2)([60]54,52,5)([61]11,39,3)([62]34,32,0)([63]13,28,6)([64]57,37,4)([65]38,29,4)([66]38,44,0)([67]41,52,3)([68]10,46,4)([69]25,50,6)([70]45,14,0)([71]53,21,4)([72]55,71,7)([73]28,33,2)([74]38,63,2)([75]55,18,1)([76]19,14,1)([77]42,62,2)([78]55,69,5)([79]54,53,7)([80]43,53,1)([81]64,78,2)([82]59,47,5)([83]9,33,7)([84]74,81,3)([85]17,43,0)([86]46,22,2)(84)
evaluations: 23310333
first invidual area: 130.71
{7,1,80,1,2,1,8}([7]5,0,2)([8]3,0,4)([9]0,2,2)([10]8,3,2)([11]6,1,4)([12]3,1,7)([13]11,5,4)([14]11,9,6)([15]8,2,4)([16]14,6,7)([17]4,3,3)([18]4,16,7)([19]1,2,2)([20]17,15,5)([21]12,6,3)([22]19,21,5)([23]19,2,3)([24]9,21,5)([25]8,16,6)([26]15,22,5)([27]14,15,4)([28]7,27,6)([29]7,21,6)([30]28,6,1)([31]22,24,6)([32]10,19,0)([33]26,10,6)([34]1,12,0)([35]14,20,4)([36]4,33,3)([37]29,36,4)([38]24,6,4)([39]18,28,6)([40]16,17,3)([41]36,8,2)([42]26,13,5)([43]3,30,2)([44]4,15,5)([45]2,27,6)([46]35,42,5)([47]7,1,4)([48]13,0,1)([49]37,31,0)([50]10,7,1)([51]38,50,6)([52]22,1,6)([53]46,5,5)([54]32,53,4)([55]0,37,7)([56]51,13,4)([57]54,45,6)([58]17,45,6)([59]13,46,6)([60]10,59,1)([61]39,51,1)([62]29,44,2)([63]60,3,1)([64]57,49,4)([65]25,7,0)([66]37,56,0)([67]18,53,4)([68]23,33,0)([69]48,53,3)([70]46,69,4)([71]45,47,7)([72]48,20,4)([73]24,69,5)([74]38,59,2)([75]39,55,5)([76]41,45,2)([77]35,13,0)([78]52,18,7)([79]78,34,1)([80]50,75,2)([81]64,75,2)([82]78,19,6)([83]8,20,6)([84]74,81,3)([85]81,78,4)([86]54,58,6)(84)
optimized area: 122.74
time: 1196848 ms
seed: 1635764128
NOT FOUND
time: 1079693 ms
seed: 1635811071
{7,1,80,1,2,1,8}([7]0,4,6)([8]4,0,2)([9]7,3,4)([10]8,6,7)([11]9,10,4)([12]0,11,6)([13]3,7,2)([14]2,11,7)([15]5,13,6)([16]11,5,6)([17]1,5,6)([18]16,15,4)([19]17,8,4)([20]19,7,4)([21]12,2,6)([22]20,18,3)([23]22,21,2)([24]1,23,7)([25]24,8,6)([26]21,10,1)([27]2,3,4)([28]9,19,4)([29]4,14,7)([30]16,25,6)([31]20,24,6)([32]24,29,5)([33]32,30,7)([34]22,26,4)([35]17,27,5)([36]24,15,3)([37]6,4,6)([38]12,28,7)([39]24,27,7)([40]11,31,1)([41]39,0,6)([42]29,4,3)([43]31,9,1)([44]37,22,3)([45]41,1,6)([46]45,6,6)([47]36,45,6)([48]16,42,3)([49]25,5,5)([50]44,3,3)([51]42,49,4)([52]15,3,4)([53]1,5,0)([54]1,51,0)([55]23,12,0)([56]0,40,7)([57]11,8,2)([58]33,39,5)([59]46,9,3)([60]38,51,5)([61]58,47,4)([62]0,28,7)([63]17,27,5)([64]35,18,5)([65]9,17,6)([66]61,59,7)([67]31,59,2)([68]34,22,6)([69]41,63,3)([70]1,9,1)([71]20,63,5)([72]56,38,7)([73]11,48,6)([74]71,27,4)([75]73,54,1)([76]66,60,5)([77]29,11,1)([78]1,7,2)([79]18,71,0)([80]34,61,7)([81]5,13,2)([82]46,81,2)([83]76,42,1)([84]48,22,2)([85]23,63,1)([86]65,58,6)(76)
evaluations: 13146391
first invidual area: 133.54
{7,1,80,1,2,1,8}([7]0,4,6)([8]4,0,2)([9]3,7,4)([10]9,8,7)([11]6,10,4)([12]0,11,6)([13]7,10,2)([14]4,11,4)([15]13,5,6)([16]11,15,2)([17]5,1,3)([18]2,2,3)([19]8,17,7)([20]16,7,3)([21]18,12,6)([22]20,19,3)([23]21,22,5)([24]1,23,4)([25]8,24,6)([26]11,5,6)([27]11,20,4)([28]19,12,4)([29]2,14,4)([30]20,11,5)([31]24,3,4)([32]9,28,7)([33]24,29,5)([34]32,28,4)([35]10,7,7)([36]5,20,5)([37]9,30,0)([38]19,33,6)([39]31,2,7)([40]13,11,5)([41]0,39,6)([42]4,29,3)([43]15,24,3)([44]11,33,2)([45]41,1,6)([46]26,25,3)([47]43,45,6)([48]45,2,0)([49]23,6,4)([50]47,48,0)([51]22,3,3)([52]1,15,6)([53]25,50,5)([54]53,42,4)([55]33,35,6)([56]6,48,6)([57]46,33,4)([58]57,39,5)([59]56,9,3)([60]54,32,5)([61]5,5,5)([62]50,53,0)([63]0,22,5)([64]59,53,5)([65]58,47,7)([66]65,59,4)([67]25,5,0)([68]19,42,5)([69]1,49,6)([70]48,53,0)([71]52,6,6)([72]21,15,5)([73]56,35,1)([74]41,3,4)([75]17,52,1)([76]54,4,2)([77]43,41,2)([78]37,27,1)([79]57,5,4)([80]60,66,5)([81]16,76,0)([82]72,15,5)([83]68,27,5)([84]18,69,6)([85]61,21,1)([86]65,1,1)(80)
optimized area: 128.37
time: 1485453 ms
seed: 1635854271
NOT FOUND
time: 1058669 ms
seed: 1635896303
NOT FOUND
time: 1084940 ms
seed: 1635932529
{7,1,80,1,2,1,8}([7]4,6,7)([8]2,6,7)([9]6,5,0)([10]0,2,3)([11]8,1,4)([12]5,4,7)([13]0,11,6)([14]7,12,5)([15]0,1,3)([16]7,7,5)([17]1,4,4)([18]16,12,3)([19]15,12,7)([20]13,14,0)([21]9,19,4)([22]4,3,5)([23]3,14,4)([24]3,14,4)([25]20,17,3)([26]23,11,3)([27]17,20,5)([28]1,21,0)([29]21,18,2)([30]21,27,7)([31]13,2,3)([32]3,0,4)([33]5,14,5)([34]29,25,3)([35]26,19,4)([36]33,34,6)([37]24,30,7)([38]3,18,2)([39]0,19,5)([40]36,30,4)([41]27,30,4)([42]27,26,3)([43]40,35,2)([44]8,43,5)([45]21,11,0)([46]22,11,2)([47]37,29,4)([48]28,37,1)([49]11,46,6)([50]47,13,0)([51]32,50,5)([52]51,44,4)([53]44,52,7)([54]33,43,4)([55]4,30,4)([56]30,15,5)([57]38,52,7)([58]8,46,1)([59]23,53,7)([60]39,42,4)([61]22,2,3)([62]35,33,0)([63]25,51,5)([64]2,12,5)([65]48,60,3)([66]4,43,2)([67]63,46,5)([68]44,5,4)([69]67,68,0)([70]14,50,4)([71]61,51,5)([72]10,17,6)([73]69,65,2)([74]57,54,5)([75]34,73,5)([76]19,29,1)([77]66,60,0)([78]75,76,4)([79]0,58,3)([80]35,27,1)([81]58,51,3)([82]16,58,0)([83]2,71,2)([84]9,20,4)([85]32,18,5)([86]73,74,4)(86)
evaluations: 46764184
first invidual area: 148.53
{7,1,80,1,2,1,8}([7]4,6,7)([8]2,6,7)([9]1,0,3)([10]0,4,5)([11]8,1,4)([12]5,4,7)([13]0,11,6)([14]7,12,5)([15]1,12,0)([16]7,14,5)([17]1,4,4)([18]4,9,0)([19]9,12,7)([20]8,7,6)([21]6,19,4)([22]3,4,5)([23]6,14,3)([24]3,14,4)([25]22,19,0)([26]24,11,6)([27]17,13,5)([28]19,26,7)([29]21,16,5)([30]21,27,7)([31]12,0,5)([32]3,0,4)([33]5,14,5)([34]21,29,2)([35]18,13,5)([36]16,15,6)([37]24,30,7)([38]3,16,5)([39]37,10,0)([40]36,30,3)([41]25,1,0)([42]27,24,3)([43]40,28,2)([44]8,43,2)([45]10,1,6)([46]25,11,2)([47]39,29,7)([48]15,26,1)([49]46,1,1)([50]4,46,5)([51]32,47,5)([52]51,44,7)([53]8,14,0)([54]33,43,4)([55]47,50,5)([56]49,20,2)([57]38,52,4)([58]11,10,2)([59]27,50,4)([60]31,42,5)([61]29,15,1)([62]33,22,0)([63]17,51,5)([64]19,63,0)([65]48,60,3)([66]14,19,0)([67]63,46,5)([68]41,5,7)([69]10,47,2)([70]41,15,7)([71]62,61,1)([72]13,18,3)([73]67,65,5)([74]57,54,2)([75]41,39,2)([76]42,51,4)([77]20,2,7)([78]31,22,0)([79]71,77,7)([80]64,78,4)([81]59,31,3)([82]74,74,2)([83]34,44,5)([84]82,42,0)([85]28,47,0)([86]73,84,4)(86)
optimized area: 131.18
time: 1086855 ms
seed: 1635968638
{7,1,80,1,2,1,8}([7]3,5,7)([8]0,3,2)([9]7,6,5)([10]2,1,6)([11]4,1,5)([12]0,11,5)([13]6,12,2)([14]8,10,6)([15]12,5,4)([16]6,9,4)([17]6,7,4)([18]10,17,2)([19]1,18,7)([20]9,2,2)([21]17,5,2)([22]21,19,6)([23]15,4,5)([24]14,13,7)([25]13,20,6)([26]11,2,5)([27]11,16,4)([28]20,16,0)([29]23,18,7)([30]28,25,4)([31]17,30,5)([32]24,20,7)([33]31,0,7)([34]33,29,4)([35]32,5,4)([36]22,4,7)([37]3,15,7)([38]37,35,2)([39]14,34,7)([40]39,19,0)([41]18,5,6)([42]26,38,6)([43]34,27,6)([44]23,15,6)([45]32,43,7)([46]36,24,4)([47]5,1,2)([48]16,19,4)([49]39,7,3)([50]32,35,2)([51]29,32,6)([52]48,45,5)([53]3,29,6)([54]38,5,0)([55]29,48,7)([56]54,21,4)([57]5,24,3)([58]46,28,0)([59]23,22,4)([60]55,42,3)([61]12,60,4)([62]40,56,5)([63]41,52,3)([64]4,59,7)([65]52,20,0)([66]38,42,4)([67]8,59,5)([68]51,64,3)([69]11,44,0)([70]49,6,3)([71]70,68,3)([72]3,33,4)([73]64,64,0)([74]7,62,2)([75]45,66,5)([76]33,17,4)([77]20,54,0)([78]6,62,5)([79]33,3,3)([80]75,46,7)([81]80,71,7)([82]0,18,2)([83]63,81,5)([84]50,59,5)([85]43,33,5)([86]79,55,1)(83)
evaluations: 36470039
first invidual area: 173.85
{7,1,80,1,2,1,8}([7]3,5,7)([8]0,3,2)([9]6,7,5)([10]2,1,6)([11]1,4,5)([12]0,11,5)([13]12,6,5)([14]8,10,6)([15]12,5,4)([16]9,6,5)([17]6,7,4)([18]17,10,2)([19]18,1,6)([20]2,9,2)([21]17,5,2)([22]21,19,3)([23]15,4,5)([24]13,14,4)([25]2,24,2)([26]11,2,2)([27]16,11,4)([28]11,2,6)([29]18,28,6)([30]19,16,4)([31]29,17,5)([32]24,20,7)([33]31,23,4)([34]33,0,4)([35]32,5,4)([36]4,22,4)([37]1,8,3)([38]37,35,2)([39]24,34,4)([40]33,32,6)([41]38,36,7)([42]5,10,6)([43]27,34,3)([44]41,28,0)([45]43,32,4)([46]36,24,4)([47]40,32,6)([48]44,29,0)([49]39,17,3)([50]4,32,1)([51]15,36,6)([52]30,45,5)([53]49,7,3)([54]6,50,3)([55]33,8,1)([56]54,25,1)([57]47,54,6)([58]4,52,5)([59]52,25,0)([60]43,51,6)([61]60,43,6)([62]10,14,0)([63]42,52,3)([64]37,30,7)([65]36,54,0)([66]38,26,3)([67]59,25,1)([68]51,40,3)([69]14,50,5)([70]36,38,5)([71]53,68,6)([72]11,46,7)([73]53,5,5)([74]20,54,0)([75]45,66,2)([76]20,45,3)([77]69,8,1)([78]48,41,3)([79]18,33,5)([80]75,71,6)([81]80,46,7)([82]62,10,5)([83]63,81,5)([84]56,26,2)([85]39,71,7)([86]54,84,0)(83)
optimized area: 145.68
time: 1202930 ms
seed: 1636004562
NOT FOUND
time: 1070102 ms
seed: 1636039158
NOT FOUND
time: 1078138 ms
seed: 1636073058
{7,1,80,1,2,1,8}([7]0,4,7)([8]7,3,4)([9]3,1,6)([10]5,0,7)([11]9,10,6)([12]8,2,1)([13]12,0,3)([14]3,9,6)([15]5,1,4)([16]1,7,4)([17]0,11,6)([18]17,15,3)([19]9,9,1)([20]6,7,4)([21]14,4,5)([22]13,15,7)([23]17,8,1)([24]21,5,7)([25]4,8,3)([26]23,16,2)([27]15,4,5)([28]21,2,5)([29]2,21,6)([30]9,16,0)([31]19,8,2)([32]8,17,5)([33]15,1,4)([34]29,16,6)([35]27,6,7)([36]30,29,0)([37]32,23,6)([38]12,20,4)([39]10,3,5)([40]5,24,6)([41]26,35,6)([42]28,21,1)([43]41,28,2)([44]24,25,5)([45]23,11,1)([46]21,0,6)([47]34,15,6)([48]8,34,6)([49]26,8,5)([50]18,4,6)([51]31,20,3)([52]31,38,6)([53]14,43,1)([54]52,44,2)([55]39,35,5)([56]50,29,1)([57]55,3,2)([58]50,51,4)([59]43,47,7)([60]38,10,7)([61]58,57,6)([62]59,54,4)([63]55,27,3)([64]30,18,2)([65]26,57,7)([66]33,39,3)([67]21,62,6)([68]44,39,3)([69]62,46,6)([70]35,4,0)([71]56,53,2)([72]2,6,2)([73]28,50,1)([74]46,28,0)([75]61,73,5)([76]28,74,3)([77]17,66,2)([78]71,3,1)([79]24,48,5)([80]75,62,4)([81]61,46,3)([82]33,24,7)([83]48,23,5)([84]5,19,6)([85]79,41,6)([86]19,53,3)(80)
evaluations: 25693399
first invidual area: 124.12
{7,1,80,1,2,1,8}([7]0,4,7)([8]5,0,7)([9]1,3,6)([10]9,3,6)([11]8,9,6)([12]5,8,0)([13]6,3,7)([14]9,1,6)([15]12,1,4)([16]1,7,4)([17]0,11,6)([18]4,15,0)([19]9,10,4)([20]7,6,4)([21]10,18,5)([22]9,20,6)([23]13,22,6)([24]9,13,6)([25]17,18,3)([26]4,15,5)([27]26,3,2)([28]2,21,5)([29]2,21,6)([30]27,5,0)([31]20,24,6)([32]16,13,1)([33]12,21,7)([34]16,29,6)([35]26,6,7)([36]35,11,5)([37]28,11,2)([38]15,31,3)([39]32,17,6)([40]33,25,5)([41]39,35,6)([42]6,35,0)([43]34,15,6)([44]1,42,4)([45]29,12,7)([46]27,17,2)([47]41,28,5)([48]12,23,4)([49]8,26,0)([50]21,47,2)([51]25,15,6)([52]34,3,1)([53]37,49,7)([54]40,23,5)([55]37,17,2)([56]4,35,5)([57]3,36,2)([58]31,51,7)([59]3,0,4)([60]54,43,4)([61]57,58,6)([62]12,29,1)([63]61,7,2)([64]37,59,2)([65]14,34,4)([66]35,45,1)([67]45,57,3)([68]8,57,5)([69]47,60,7)([70]28,40,2)([71]28,47,1)([72]35,46,3)([73]12,49,2)([74]2,18,1)([75]71,61,5)([76]44,4,6)([77]37,32,0)([78]62,31,5)([79]35,49,3)([80]75,69,4)([81]5,29,0)([82]37,66,1)([83]78,27,2)([84]4,4,2)([85]29,59,5)([86]6,65,3)(80)
optimized area: 113.82
time: 1206266 ms
seed: 1636106174
{7,1,80,1,2,1,8}([7]2,3,1)([8]2,6,4)([9]3,1,2)([10]0,1,7)([11]4,6,6)([12]5,2,7)([13]5,9,4)([14]6,10,6)([15]10,3,7)([16]14,13,3)([17]10,7,6)([18]0,11,3)([19]8,17,3)([20]16,10,4)([21]4,20,2)([22]1,6,7)([23]18,12,7)([24]9,8,3)([25]2,13,5)([26]7,23,7)([27]26,23,2)([28]21,27,2)([29]26,24,5)([30]19,13,4)([31]27,17,0)([32]31,15,3)([33]30,32,6)([34]4,33,6)([35]29,17,0)([36]28,16,4)([37]9,22,6)([38]23,37,7)([39]35,0,2)([40]35,0,0)([41]3,36,6)([42]12,39,6)([43]40,41,4)([44]21,36,2)([45]26,32,3)([46]0,35,4)([47]29,26,3)([48]17,23,2)([49]36,39,5)([50]29,24,6)([51]4,33,7)([52]15,40,5)([53]42,30,4)([54]51,52,3)([55]4,35,6)([56]14,52,2)([57]34,49,6)([58]5,50,5)([59]57,16,5)([60]52,53,5)([61]59,3,7)([62]14,1,0)([63]39,25,1)([64]38,57,7)([65]61,38,2)([66]4,23,3)([67]30,33,3)([68]66,65,5)([69]53,68,6)([70]43,34,4)([71]69,70,4)([72]40,70,2)([73]48,23,1)([74]20,2,7)([75]13,35,1)([76]20,63,0)([77]52,4,3)([78]40,68,1)([79]13,26,0)([80]41,35,2)([81]23,53,7)([82]38,21,1)([83]10,54,3)([84]40,70,2)([85]71,70,1)([86]57,56,1)(85)
evaluations: 9633673
first invidual area: 141.49
{7,1,80,1,2,1,8}([7]6,4,6)([8]2,6,4)([9]1,3,2)([10]0,1,7)([11]0,7,6)([12]5,11,7)([13]9,5,4)([14]10,6,6)([15]10,14,6)([16]14,3,3)([17]1,14,3)([18]10,3,7)([19]15,8,3)([20]1,6,7)([21]14,5,3)([22]20,3,3)([23]12,2,4)([24]9,8,3)([25]0,19,2)([26]4,17,2)([27]23,12,2)([28]27,24,0)([29]24,12,5)([30]13,19,4)([31]29,4,0)([32]30,18,3)([33]27,32,6)([34]4,33,3)([35]27,26,5)([36]21,35,7)([37]22,23,4)([38]19,14,1)([39]29,6,3)([40]3,36,3)([41]5,29,2)([42]11,29,3)([43]40,34,4)([44]30,0,0)([45]23,29,0)([46]3,19,1)([47]37,9,2)([48]6,4,5)([49]13,25,5)([50]7,46,5)([51]22,20,7)([52]33,50,5)([53]4,45,3)([54]29,43,7)([55]37,54,7)([56]30,1,3)([57]13,22,6)([58]43,49,6)([59]53,39,7)([60]48,26,1)([61]32,13,7)([62]3,58,4)([63]44,42,2)([64]62,37,2)([65]5,41,0)([66]29,1,6)([67]7,53,2)([68]53,64,5)([69]68,63,3)([70]15,36,0)([71]69,54,7)([72]30,23,2)([73]8,51,7)([74]33,2,6)([75]47,32,3)([76]40,66,5)([77]68,38,2)([78]53,58,6)([79]9,56,0)([80]26,76,5)([81]16,53,0)([82]35,70,7)([83]31,33,0)([84]16,62,2)([85]21,4,4)([86]6,17,5)(71)
optimized area: 126.96
time: 1347285 ms
seed: 1636138901
{7,1,80,1,2,1,8}([7]6,4,2)([8]7,1,4)([9]6,2,4)([10]2,1,6)([11]3,5,4)([12]0,4,7)([13]10,8,4)([14]3,4,4)([15]12,9,5)([16]2,11,5)([17]0,13,4)([18]1,9,3)([19]4,8,7)([20]3,19,6)([21]12,10,2)([22]4,18,3)([23]7,20,3)([24]3,11,6)([25]23,24,3)([26]9,16,5)([27]4,5,4)([28]8,26,2)([29]16,15,6)([30]5,19,3)([31]25,0,0)([32]30,1,5)([33]25,28,4)([34]10,10,0)([35]22,16,4)([36]23,9,4)([37]29,17,5)([38]35,13,4)([39]8,30,1)([40]3,32,4)([41]33,6,6)([42]7,39,6)([43]15,8,7)([44]8,5,7)([45]29,22,7)([46]16,20,1)([47]40,21,4)([48]45,44,3)([49]5,0,2)([50]33,43,3)([51]48,47,3)([52]49,31,3)([53]48,6,1)([54]4,13,1)([55]52,10,4)([56]55,41,4)([57]52,27,4)([58]14,21,1)([59]17,41,4)([60]38,0,0)([61]60,56,5)([62]4,15,3)([63]57,59,5)([64]19,21,5)([65]51,13,7)([66]63,51,4)([67]61,47,6)([68]11,63,3)([69]23,52,7)([70]63,62,4)([71]49,58,2)([72]58,8,4)([73]46,68,2)([74]28,73,4)([75]40,18,0)([76]1,33,7)([77]36,50,0)([78]28,76,7)([79]11,18,5)([80]11,57,5)([81]67,66,6)([82]69,79,2)([83]47,61,3)([84]76,76,0)([85]25,19,6)([86]37,21,0)(81)
evaluations: 26344291
first invidual area: 149.48
{7,1,80,1,2,1,8}([7]4,6,2)([8]1,7,4)([9]6,2,4)([10]2,1,6)([11]5,3,4)([12]4,0,7)([13]8,10,4)([14]3,5,6)([15]0,13,4)([16]2,11,5)([17]12,10,5)([18]9,8,3)([19]8,4,7)([20]3,19,6)([21]19,5,3)([22]15,9,5)([23]7,20,3)([24]5,2,5)([25]23,14,3)([26]2,16,5)([27]22,16,3)([28]1,26,5)([29]27,1,1)([30]24,7,4)([31]4,5,4)([32]21,1,5)([33]28,25,7)([34]9,0,7)([35]27,30,0)([36]3,32,7)([37]18,16,5)([38]13,37,4)([39]12,21,5)([40]17,8,3)([41]33,6,6)([42]4,18,3)([43]31,10,4)([44]8,5,7)([45]42,35,5)([46]41,15,4)([47]36,17,4)([48]45,44,3)([49]0,5,2)([50]36,10,5)([51]48,47,3)([52]49,25,3)([53]3,6,0)([54]38,17,0)([55]10,52,3)([56]55,41,4)([57]52,31,4)([58]52,43,7)([59]26,53,6)([60]2,44,6)([61]54,56,5)([62]22,12,3)([63]57,46,5)([64]19,62,4)([65]63,27,0)([66]63,51,4)([67]61,47,6)([68]26,24,1)([69]27,18,1)([70]14,26,1)([71]16,20,1)([72]30,36,0)([73]29,69,0)([74]37,25,7)([75]29,20,0)([76]60,46,3)([77]3,3,4)([78]56,22,4)([79]23,74,1)([80]57,43,4)([81]67,66,6)([82]27,26,4)([83]73,69,3)([84]16,51,3)([85]42,77,6)([86]30,23,2)(81)
optimized area: 140.55
time: 1236095 ms
seed: 1636171333
{7,1,80,1,2,1,8}([7]1,5,4)([8]6,2,7)([9]7,4,5)([10]7,4,3)([11]8,9,1)([12]0,9,7)([13]0,10,4)([14]10,6,4)([15]2,10,6)([16]5,11,2)([17]16,9,3)([18]3,5,4)([19]15,18,3)([20]16,13,5)([21]17,16,4)([22]7,17,4)([23]3,14,7)([24]3,2,2)([25]22,19,2)([26]25,13,7)([27]5,20,2)([28]27,4,3)([29]2,16,3)([30]24,9,7)([31]13,29,4)([32]17,31,5)([33]25,18,6)([34]12,32,2)([35]11,30,6)([36]5,34,5)([37]24,3,4)([38]36,23,4)([39]26,38,3)([40]23,16,3)([41]14,28,7)([42]15,25,3)([43]39,41,4)([44]26,16,4)([45]8,4,0)([46]26,32,6)([47]9,33,4)([48]41,29,4)([49]25,10,7)([50]38,49,2)([51]43,41,3)([52]51,35,4)([53]14,8,2)([54]28,10,3)([55]6,45,1)([56]0,53,5)([57]53,20,1)([58]37,34,2)([59]7,38,1)([60]13,45,2)([61]2,50,5)([62]30,46,4)([63]24,33,3)([64]62,23,6)([65]59,41,5)([66]55,23,4)([67]64,61,6)([68]3,62,3)([69]64,4,3)([70]5,10,6)([71]52,68,5)([72]60,23,7)([73]47,66,7)([74]43,32,2)([75]67,71,6)([76]44,30,1)([77]74,75,7)([78]20,25,2)([79]37,40,0)([80]32,26,0)([81]38,67,5)([82]25,60,4)([83]28,47,0)([84]57,2,7)([85]55,44,1)([86]80,84,4)(77)
evaluations: 38354373
first invidual area: 146.18
{7,1,80,1,2,1,8}([7]5,1,4)([8]6,2,4)([9]4,7,5)([10]7,4,3)([11]3,2,5)([12]8,4,5)([13]0,10,4)([14]6,10,4)([15]13,14,5)([16]5,8,2)([17]16,9,3)([18]5,3,4)([19]4,2,6)([20]19,18,3)([21]13,16,5)([22]7,17,5)([23]18,14,7)([24]10,19,7)([25]22,20,5)([26]13,25,4)([27]21,5,2)([28]26,0,4)([29]2,16,6)([30]11,9,4)([31]13,29,7)([32]17,31,5)([33]9,0,7)([34]33,32,5)([35]8,30,6)([36]34,5,5)([37]27,4,6)([38]36,23,4)([39]26,38,3)([40]21,15,7)([41]37,14,4)([42]11,2,3)([43]41,39,4)([44]21,30,7)([45]19,32,3)([46]26,32,3)([47]9,10,7)([48]33,24,2)([49]36,33,7)([50]38,28,2)([51]41,39,6)([52]51,35,7)([53]51,10,0)([54]7,15,6)([55]50,10,3)([56]14,28,3)([57]37,55,0)([58]20,41,0)([59]22,20,0)([60]4,25,3)([61]42,47,2)([62]30,46,7)([63]23,34,3)([64]62,50,5)([65]14,25,7)([66]55,18,6)([67]64,29,6)([68]3,62,3)([69]55,62,5)([70]20,51,5)([71]52,68,5)([72]22,33,6)([73]34,24,0)([74]43,32,5)([75]67,71,3)([76]36,59,1)([77]74,75,7)([78]15,50,2)([79]50,33,5)([80]0,12,5)([81]74,39,7)([82]40,63,5)([83]63,29,2)([84]55,61,6)([85]72,41,2)([86]53,62,3)(77)
optimized area: 137.74
time: 1186615 ms
seed: 1636201892
{7,1,80,1,2,1,8}([7]4,2,1)([8]0,4,7)([9]5,1,5)([10]8,3,7)([11]8,3,2)([12]2,1,3)([13]11,10,7)([14]10,6,4)([15]11,5,3)([16]3,14,0)([17]5,6,6)([18]4,14,5)([19]6,4,4)([20]12,17,6)([21]7,2,7)([22]18,10,2)([23]22,1,4)([24]9,15,7)([25]5,16,4)([26]2,4,6)([27]20,15,6)([28]23,27,7)([29]23,25,3)([30]8,14,2)([31]23,30,3)([32]30,3,4)([33]21,25,4)([34]29,26,0)([35]24,7,3)([36]10,32,4)([37]24,4,2)([38]27,29,5)([39]10,15,5)([40]27,19,7)([41]21,14,3)([42]2,31,7)([43]17,39,3)([44]10,43,2)([45]42,35,5)([46]38,45,7)([47]46,19,3)([48]24,21,3)([49]10,6,1)([50]29,5,2)([51]33,17,2)([52]0,31,5)([53]37,49,6)([54]43,25,7)([55]50,41,2)([56]28,47,7)([57]2,55,5)([58]38,5,7)([59]51,5,5)([60]48,27,3)([61]29,21,4)([62]57,56,5)([63]48,36,4)([64]45,54,2)([65]7,24,4)([66]20,5,5)([67]1,62,5)([68]58,5,2)([69]64,63,5)([70]4,34,3)([71]12,24,3)([72]67,63,6)([73]69,62,2)([74]31,51,1)([75]13,43,6)([76]56,44,1)([77]38,2,2)([78]33,9,7)([79]19,67,4)([80]9,52,5)([81]33,20,6)([82]61,78,2)([83]9,48,6)([84]41,74,2)([85]40,5,2)([86]29,34,2)(73)
evaluations: 46659279
first invidual area: 135.86
{7,1,80,1,2,1,8}([7]4,1,1)([8]0,4,7)([9]1,6,7)([10]8,3,7)([11]3,10,2)([12]2,1,3)([13]5,3,4)([14]6,11,4)([15]11,5,3)([16]1,5,5)([17]6,0,1)([18]4,17,5)([19]17,7,4)([20]12,17,6)([21]7,2,7)([22]18,10,2)([23]22,1,4)([24]16,15,2)([25]5,3,4)([26]25,12,0)([27]20,15,6)([28]23,27,4)([29]23,26,3)([30]8,14,2)([31]23,30,3)([32]19,14,5)([33]16,21,2)([34]31,21,5)([35]24,7,3)([36]3,22,3)([37]7,29,5)([38]27,29,5)([39]10,15,5)([40]14,27,3)([41]19,17,3)([42]2,31,7)([43]27,33,0)([44]24,36,3)([45]42,35,5)([46]38,45,7)([47]46,19,6)([48]24,21,3)([49]20,4,0)([50]29,5,2)([51]48,30,1)([52]10,9,0)([53]16,29,2)([54]39,26,7)([55]50,41,2)([56]28,47,7)([57]2,55,5)([58]55,37,1)([59]39,38,2)([60]33,0,0)([61]34,37,7)([62]57,56,5)([63]48,40,4)([64]45,54,2)([65]10,55,7)([66]42,17,1)([67]32,48,2)([68]60,35,3)([69]64,63,5)([70]5,39,1)([71]13,20,5)([72]22,3,0)([73]69,62,2)([74]50,6,6)([75]20,74,6)([76]24,57,0)([77]6,22,7)([78]53,15,1)([79]62,14,3)([80]70,16,7)([81]32,80,1)([82]20,65,2)([83]44,36,6)([84]82,38,3)([85]10,8,0)([86]45,40,1)(73)
optimized area: 123.19
time: 1067248 ms
seed: 1636231948
{7,1,80,1,2,1,8}([7]4,1,3)([8]7,6,2)([9]2,8,6)([10]3,5,4)([11]2,10,2)([12]5,4,4)([13]0,1,4)([14]12,1,7)([15]6,11,2)([16]4,9,4)([17]14,9,2)([18]3,13,5)([19]10,6,4)([20]17,8,3)([21]9,15,6)([22]0,21,2)([23]3,16,4)([24]3,21,4)([25]21,12,2)([26]2,8,5)([27]20,2,5)([28]19,16,2)([29]13,24,4)([30]22,28,7)([31]18,1,5)([32]22,7,7)([33]30,20,4)([34]14,24,6)([35]17,18,3)([36]31,23,2)([37]25,32,5)([38]36,24,6)([39]12,4,4)([40]28,37,3)([41]16,27,5)([42]33,37,4)([43]20,22,7)([44]37,3,7)([45]2,34,7)([46]27,3,7)([47]40,29,4)([48]22,34,7)([49]31,26,7)([50]1,38,5)([51]4,9,6)([52]43,36,6)([53]41,12,2)([54]30,51,5)([55]45,52,2)([56]21,10,4)([57]29,30,2)([58]55,44,4)([59]22,13,2)([60]42,55,3)([61]51,25,0)([62]60,28,5)([63]38,3,7)([64]63,17,6)([65]24,37,0)([66]11,6,4)([67]1,1,6)([68]14,61,5)([69]35,53,4)([70]26,56,3)([71]28,29,4)([72]4,6,3)([73]40,61,1)([74]47,62,2)([75]63,10,6)([76]53,43,3)([77]42,58,5)([78]74,69,5)([79]67,2,1)([80]11,28,5)([81]77,78,2)([82]0,62,2)([83]65,45,6)([84]58,35,5)([85]11,34,2)([86]57,14,6)(81)
evaluations: 34005536
first invidual area: 153.21
{7,1,80,1,2,1,8}([7]4,1,3)([8]6,7,2)([9]2,8,6)([10]5,3,4)([11]6,2,2)([12]4,5,4)([13]1,0,4)([14]1,12,7)([15]10,11,2)([16]9,4,4)([17]14,9,2)([18]13,3,5)([19]6,10,4)([20]17,8,3)([21]9,15,6)([22]21,0,2)([23]16,3,4)([24]3,21,4)([25]21,12,2)([26]21,6,7)([27]11,10,1)([28]16,19,2)([29]13,24,4)([30]28,22,7)([31]18,1,5)([32]22,7,7)([33]30,20,7)([34]2,8,4)([35]33,18,3)([36]31,23,2)([37]25,32,5)([38]6,2,6)([39]14,24,3)([40]19,37,3)([41]16,27,5)([42]33,37,7)([43]20,22,7)([44]5,15,4)([45]39,2,5)([46]17,38,7)([47]40,29,4)([48]35,30,6)([49]7,29,2)([50]33,36,5)([51]46,25,7)([52]43,36,6)([53]41,12,5)([54]39,46,5)([55]45,52,2)([56]51,24,7)([57]3,33,7)([58]55,57,4)([59]29,13,2)([60]42,55,3)([61]32,51,3)([62]60,28,5)([63]44,49,2)([64]28,31,0)([65]14,0,7)([66]51,62,0)([67]66,18,1)([68]2,55,5)([69]35,53,7)([70]41,26,5)([71]69,67,6)([72]51,26,4)([73]58,57,0)([74]47,62,2)([75]10,26,4)([76]55,55,6)([77]42,73,5)([78]74,69,5)([79]30,47,4)([80]71,3,6)([81]77,78,2)([82]11,54,5)([83]4,12,3)([84]40,36,3)([85]2,9,2)([86]31,79,5)(81)
optimized area: 149.45
time: 1253273 ms
