seed: 1633862278
{7,1,80,1,2,1,8}([7]3,3,1)([8]3,6,2)([9]5,7,6)([10]4,6,3)([11]6,2,5)([12]6,2,3)([13]1,5,5)([14]3,11,3)([15]0,4,5)([16]9,10,6)([17]1,12,7)([18]15,5,7)([19]11,1,3)([20]5,7,6)([21]15,16,7)([22]4,19,4)([23]8,15,1)([24]18,21,7)([25]17,21,2)([26]24,0,2)([27]12,18,6)([28]8,25,6)([29]22,17,3)([30]29,11,2)([31]9,1,4)([32]28,30,0)([33]27,26,3)([34]31,6,1)([35]30,32,2)([36]28,33,2)([37]36,7,7)([38]37,34,4)([39]38,2,1)([40]37,30,5)([41]34,30,7)([42]25,18,5)([43]28,35,1)([44]33,36,5)([45]2,38,7)([46]12,22,7)([47]13,11,7)([48]38,32,4)([49]39,15,6)([50]36,42,2)([51]10,18,5)([52]23,35,7)([53]6,50,7)([54]48,11,4)([55]38,29,0)([56]47,33,3)([57]55,0,6)([58]35,30,2)([59]40,32,4)([60]16,9,6)([61]56,39,5)([62]27,22,3)([63]50,32,4)([64]7,12,3)([65]61,57,5)([66]51,32,4)([67]65,3,4)([68]58,67,4)([69]66,53,3)([70]34,55,0)([71]46,66,3)([72]61,8,7)([73]68,70,6)([74]67,69,3)([75]72,59,3)([76]58,37,7)([77]65,75,7)([78]15,77,4)([79]78,22,4)([80]79,8,3)([81]58,53,7)([82]76,28,3)([83]56,4,5)([84]70,54,3)([85]55,74,2)([86]74,79,5)(86)
evaluations: 47539562
first invidual area: 147.56
{7,1,80,1,2,1,8}([7]3,0,1)([8]3,6,2)([9]5,7,6)([10]4,6,3)([11]6,2,5)([12]6,2,3)([13]7,5,5)([14]0,13,0)([15]0,4,5)([16]9,10,3)([17]1,12,7)([18]15,5,7)([19]11,17,3)([20]15,3,5)([21]15,16,5)([22]4,19,4)([23]17,11,4)([24]18,21,7)([25]17,21,2)([26]24,14,2)([27]12,18,6)([28]8,25,6)([29]22,17,3)([30]29,11,2)([31]9,1,4)([32]26,15,0)([33]27,26,3)([34]10,30,6)([35]28,8,0)([36]35,33,2)([37]36,7,7)([38]37,31,7)([39]38,24,1)([40]37,30,5)([41]22,38,5)([42]29,25,1)([43]0,9,1)([44]23,0,2)([45]8,7,5)([46]13,22,0)([47]13,11,7)([48]5,36,7)([49]15,31,0)([50]4,0,6)([51]12,18,5)([52]18,46,3)([53]6,36,6)([54]13,20,7)([55]12,32,4)([56]47,36,3)([57]38,0,6)([58]15,9,2)([59]40,35,4)([60]20,38,2)([61]56,39,5)([62]53,8,0)([63]6,27,7)([64]49,32,2)([65]61,57,5)([66]51,35,4)([67]65,3,4)([68]2,13,3)([69]66,53,3)([70]1,1,5)([71]42,4,7)([72]61,8,7)([73]42,0,5)([74]67,69,3)([75]72,59,3)([76]56,41,6)([77]65,75,7)([78]15,77,4)([79]78,22,4)([80]78,3,4)([81]16,80,3)([82]10,66,5)([83]54,11,2)([84]77,4,5)([85]84,67,1)([86]74,79,5)(86)
optimized area: 136.78
time: 538752 ms
seed: 1633949233
NOT FOUND
time: 525367 ms
seed: 1633976958
{7,1,80,1,2,1,8}([7]6,6,1)([8]1,2,4)([9]5,1,6)([10]8,3,4)([11]4,2,7)([12]0,11,1)([13]11,12,3)([14]6,9,3)([15]2,13,7)([16]10,15,5)([17]4,12,2)([18]9,6,7)([19]16,1,5)([20]12,19,4)([21]17,5,7)([22]13,18,5)([23]17,11,5)([24]15,7,2)([25]6,10,2)([26]5,25,6)([27]26,2,0)([28]24,8,2)([29]20,10,6)([30]15,29,2)([31]22,21,4)([32]19,10,4)([33]25,20,2)([34]29,13,7)([35]31,32,4)([36]24,4,3)([37]36,19,2)([38]32,18,6)([39]27,38,7)([40]36,34,4)([41]28,18,4)([42]41,33,7)([43]16,14,1)([44]30,14,2)([45]31,35,7)([46]40,42,6)([47]37,3,7)([48]24,45,6)([49]45,35,6)([50]49,19,5)([51]17,47,7)([52]26,41,7)([53]6,14,1)([54]36,21,7)([55]21,4,2)([56]54,5,1)([57]46,35,3)([58]56,57,4)([59]35,42,3)([60]32,29,6)([61]45,4,5)([62]27,37,7)([63]57,44,6)([64]16,19,7)([65]57,17,2)([66]4,39,7)([67]46,54,6)([68]51,66,2)([69]48,23,1)([70]5,49,6)([71]34,11,1)([72]35,27,3)([73]58,25,6)([74]72,68,2)([75]9,48,2)([76]30,30,2)([77]14,66,1)([78]67,19,5)([79]78,17,2)([80]27,24,7)([81]61,29,6)([82]13,3,7)([83]61,79,3)([84]74,63,1)([85]63,74,4)([86]31,57,5)(85)
evaluations: 20576775
first invidual area: 146.66
{7,1,80,1,2,1,8}([7]2,4,7)([8]2,3,7)([9]3,3,4)([10]1,8,7)([11]5,1,3)([12]0,1,1)([13]7,12,3)([14]6,9,1)([15]2,13,7)([16]15,8,5)([17]12,4,2)([18]11,6,4)([19]16,1,5)([20]12,19,4)([21]17,5,7)([22]18,13,5)([23]7,6,4)([24]15,14,2)([25]6,10,2)([26]25,5,3)([27]1,10,7)([28]24,21,5)([29]10,20,6)([30]15,28,2)([31]22,21,7)([32]19,10,4)([33]25,20,5)([34]29,13,4)([35]31,32,7)([36]24,4,3)([37]31,27,4)([38]32,18,3)([39]38,4,4)([40]36,34,7)([41]28,18,5)([42]33,41,7)([43]36,19,5)([44]30,29,2)([45]39,26,4)([46]40,42,6)([47]43,3,7)([48]11,25,4)([49]32,24,6)([50]10,43,0)([51]47,17,4)([52]1,23,4)([53]22,7,3)([54]48,42,2)([55]50,25,6)([56]18,38,1)([57]35,46,3)([58]23,53,1)([59]47,44,7)([60]36,54,4)([61]54,35,0)([62]17,10,4)([63]57,44,6)([64]43,62,4)([65]48,48,4)([66]11,47,3)([67]41,50,7)([68]51,45,2)([69]5,16,5)([70]14,26,2)([71]8,24,0)([72]29,50,4)([73]39,35,3)([74]68,73,5)([75]49,73,4)([76]2,62,7)([77]73,45,3)([78]30,67,4)([79]34,42,1)([80]74,63,7)([81]63,66,5)([82]76,29,2)([83]62,66,7)([84]76,16,4)([85]65,45,2)([86]74,70,1)(80)
optimized area: 139.62
time: 680966 ms
seed: 1633999915
NOT FOUND
time: 531328 ms
seed: 1634048704
NOT FOUND
time: 524869 ms
seed: 1634162957
NOT FOUND
time: 527815 ms
seed: 1634210202
NOT FOUND
time: 533907 ms
seed: 1634259169
NOT FOUND
time: 466625 ms
seed: 1634307287
NOT FOUND
time: 523414 ms
seed: 1634347832
NOT FOUND
time: 536233 ms
seed: 1634396726
NOT FOUND
time: 525413 ms
seed: 1634445758
NOT FOUND
time: 559873 ms
seed: 1634505993
{7,1,80,1,2,1,8}([7]0,3,4)([8]7,2,4)([9]4,3,3)([10]1,6,6)([11]7,2,3)([12]4,2,5)([13]9,12,5)([14]5,2,7)([15]13,6,3)([16]2,4,3)([17]11,1,7)([18]15,0,7)([19]5,6,4)([20]4,14,7)([21]14,7,2)([22]16,13,3)([23]17,3,2)([24]13,17,7)([25]8,1,6)([26]24,5,7)([27]1,22,2)([28]27,18,0)([29]2,17,1)([30]24,10,4)([31]10,23,6)([32]1,7,7)([33]2,19,3)([34]0,30,3)([35]23,4,4)([36]24,13,3)([37]5,12,0)([38]4,17,4)([39]17,28,1)([40]16,0,7)([41]4,10,4)([42]38,39,7)([43]38,24,0)([44]40,19,4)([45]3,43,6)([46]44,45,3)([47]28,31,1)([48]0,46,7)([49]40,12,7)([50]34,26,3)([51]27,48,2)([52]41,40,5)([53]27,15,5)([54]16,3,1)([55]21,51,6)([56]53,10,5)([57]52,33,7)([58]52,8,6)([59]41,16,5)([60]50,57,2)([61]55,34,7)([62]60,20,1)([63]5,54,7)([64]51,57,0)([65]51,25,2)([66]23,41,4)([67]31,62,3)([68]0,24,2)([69]51,2,4)([70]25,18,6)([71]24,42,5)([72]64,31,5)([73]30,6,2)([74]7,61,6)([75]67,61,7)([76]43,36,7)([77]63,71,6)([78]56,34,1)([79]33,71,2)([80]49,74,1)([81]61,32,1)([82]66,70,2)([83]59,22,2)([84]37,31,2)([85]64,72,3)([86]75,82,3)(86)
evaluations: 36903422
first invidual area: 145.25
{7,1,80,1,2,1,8}([7]3,0,4)([8]7,2,4)([9]4,3,3)([10]1,6,6)([11]2,8,6)([12]2,4,5)([13]12,9,5)([14]2,5,7)([15]6,13,3)([16]4,2,3)([17]1,11,4)([18]4,14,5)([19]5,6,4)([20]10,13,4)([21]7,14,2)([22]19,3,5)([23]3,17,2)([24]1,8,6)([25]14,6,6)([26]3,15,2)([27]1,22,2)([28]13,9,5)([29]15,7,5)([30]20,17,7)([31]11,9,7)([32]10,23,6)([33]19,2,3)([34]0,30,3)([35]3,30,3)([36]12,25,6)([37]26,17,7)([38]32,13,7)([39]12,21,1)([40]16,0,7)([41]4,10,4)([42]5,23,4)([43]15,34,2)([44]36,15,5)([45]31,19,5)([46]0,15,7)([47]33,24,4)([48]16,45,7)([49]23,28,7)([50]34,42,3)([51]27,48,2)([52]40,41,5)([53]23,49,0)([54]34,27,7)([55]21,51,6)([56]17,45,4)([57]52,33,7)([58]31,29,2)([59]6,41,5)([60]48,43,4)([61]55,34,4)([62]50,57,5)([63]16,54,4)([64]40,35,0)([65]50,40,0)([66]23,41,4)([67]32,62,6)([68]62,45,0)([69]54,48,3)([70]24,46,6)([71]64,3,2)([72]39,21,7)([73]18,41,1)([74]14,45,0)([75]67,61,7)([76]31,3,6)([77]65,37,2)([78]9,40,6)([79]20,22,5)([80]44,1,6)([81]29,50,2)([82]66,70,2)([83]80,2,6)([84]78,29,4)([85]2,61,3)([86]75,82,3)(86)
optimized area: 135.41
time: 564055 ms
seed: 1634605253
NOT FOUND
time: 526494 ms
seed: 1634860789
{7,1,80,1,2,1,8}([7]5,0,5)([8]3,5,2)([9]0,5,0)([10]2,7,4)([11]0,8,7)([12]5,1,4)([13]12,2,3)([14]1,4,4)([15]13,8,3)([16]1,14,6)([17]11,10,2)([18]6,17,4)([19]18,9,5)([20]15,3,6)([21]17,3,7)([22]4,19,5)([23]14,18,3)([24]6,16,7)([25]11,4,4)([26]23,5,2)([27]23,8,6)([28]15,21,3)([29]1,0,4)([30]10,28,7)([31]4,4,6)([32]29,18,4)([33]21,26,7)([34]26,30,3)([35]27,4,0)([36]34,29,2)([37]8,25,1)([38]33,2,7)([39]14,5,2)([40]24,38,7)([41]0,26,0)([42]36,39,7)([43]17,25,5)([44]20,38,3)([45]22,32,3)([46]25,30,3)([47]29,45,7)([48]28,42,5)([49]34,40,2)([50]33,0,1)([51]18,28,1)([52]0,23,3)([53]46,51,6)([54]13,45,1)([55]40,47,5)([56]25,1,5)([57]48,55,6)([58]52,3,7)([59]47,15,3)([60]26,41,7)([61]57,58,4)([62]50,6,3)([63]54,62,1)([64]23,18,0)([65]46,13,5)([66]49,61,3)([67]22,6,2)([68]18,51,6)([69]41,24,3)([70]28,62,6)([71]51,31,2)([72]5,46,3)([73]61,55,2)([74]39,4,3)([75]10,73,0)([76]75,70,4)([77]9,51,3)([78]29,47,5)([79]61,53,4)([80]15,69,6)([81]76,38,4)([82]72,63,5)([83]24,5,2)([84]78,45,0)([85]72,27,6)([86]70,11,7)(79)
evaluations: 23918437
first invidual area: 137.30
{7,1,80,1,2,1,8}([7]0,1,4)([8]5,3,2)([9]5,0,5)([10]9,2,4)([11]0,8,7)([12]5,1,4)([13]12,8,3)([14]4,1,4)([15]0,7,5)([16]4,15,6)([17]10,11,2)([18]6,17,4)([19]18,7,4)([20]3,17,4)([21]13,1,2)([22]3,15,4)([23]18,14,3)([24]20,2,7)([25]6,3,3)([26]5,23,2)([27]13,24,3)([28]2,27,3)([29]28,10,2)([30]26,29,3)([31]11,4,4)([32]12,29,1)([33]24,16,7)([34]30,7,5)([35]28,24,3)([36]4,15,5)([37]19,36,3)([38]6,33,7)([39]26,14,5)([40]38,34,7)([41]31,29,3)([42]7,3,7)([43]28,8,0)([44]39,34,7)([45]23,0,3)([46]45,19,7)([47]7,37,7)([48]43,17,0)([49]18,8,1)([50]46,28,7)([51]40,44,5)([52]50,18,2)([53]41,49,6)([54]11,41,5)([55]48,47,5)([56]51,55,6)([57]32,41,1)([58]45,3,7)([59]52,33,1)([60]18,34,0)([61]56,53,7)([62]22,44,1)([63]42,35,0)([64]55,39,1)([65]61,58,7)([66]4,41,6)([67]48,12,3)([68]7,32,0)([69]40,29,3)([70]43,45,2)([71]15,48,5)([72]24,69,6)([73]17,5,1)([74]2,62,1)([75]40,57,3)([76]42,66,1)([77]54,26,1)([78]48,74,7)([79]45,8,6)([80]20,46,3)([81]4,73,5)([82]35,43,4)([83]18,20,3)([84]16,72,0)([85]64,13,0)([86]41,11,5)(65)
optimized area: 134.01
time: 1117722 ms
seed: 1635115427
{7,1,80,1,2,1,8}([7]0,1,7)([8]5,6,7)([9]1,4,2)([10]1,4,4)([11]5,9,3)([12]7,3,3)([13]6,12,2)([14]11,0,5)([15]14,3,2)([16]13,2,5)([17]9,8,7)([18]10,16,4)([19]2,6,6)([20]15,18,4)([21]18,8,3)([22]21,17,7)([23]19,14,4)([24]2,2,5)([25]13,20,2)([26]8,9,6)([27]23,20,2)([28]10,26,3)([29]8,14,5)([30]21,29,4)([31]25,29,4)([32]4,25,7)([33]24,31,5)([34]21,33,7)([35]17,12,4)([36]3,9,4)([37]23,36,4)([38]11,9,0)([39]7,34,6)([40]26,37,6)([41]35,39,3)([42]14,25,5)([43]0,20,0)([44]7,22,4)([45]43,1,6)([46]41,27,4)([47]24,5,3)([48]18,47,5)([49]3,27,6)([50]35,11,3)([51]2,50,3)([52]45,33,7)([53]44,46,6)([54]47,10,0)([55]52,40,2)([56]5,46,5)([57]6,56,3)([58]55,57,2)([59]48,58,2)([60]18,36,1)([61]54,43,1)([62]55,44,6)([63]0,35,7)([64]3,21,1)([65]13,54,1)([66]16,12,6)([67]20,24,2)([68]59,39,6)([69]54,27,3)([70]19,64,2)([71]49,45,7)([72]49,53,6)([73]26,21,1)([74]7,0,2)([75]54,36,6)([76]12,56,4)([77]51,71,0)([78]9,68,7)([79]5,41,0)([80]68,72,7)([81]42,24,7)([82]75,49,2)([83]54,72,3)([84]35,17,1)([85]12,60,7)([86]42,45,5)(80)
evaluations: 6869452
first invidual area: 146.64
{7,1,80,1,2,1,8}([7]0,1,7)([8]6,5,7)([9]4,1,2)([10]4,1,4)([11]9,5,3)([12]7,3,3)([13]6,12,2)([14]0,11,5)([15]3,14,5)([16]2,13,5)([17]9,8,7)([18]16,10,4)([19]6,2,3)([20]18,15,7)([21]18,8,3)([22]12,17,4)([23]14,19,7)([24]13,20,5)([25]23,3,4)([26]8,14,5)([27]20,23,2)([28]2,3,1)([29]7,17,7)([30]2,16,5)([31]24,26,7)([32]29,23,0)([33]31,28,5)([34]20,23,1)([35]13,4,2)([36]27,28,1)([37]33,21,7)([38]20,19,2)([39]7,37,6)([40]7,15,0)([41]22,39,6)([42]18,30,5)([43]0,29,3)([44]32,21,4)([45]17,25,6)([46]41,27,7)([47]20,31,5)([48]47,15,7)([49]3,9,5)([50]41,1,6)([51]27,3,6)([52]43,33,4)([53]44,46,6)([54]49,16,7)([55]45,52,2)([56]13,54,2)([57]25,46,3)([58]10,48,3)([59]42,55,2)([60]15,52,6)([61]39,28,5)([62]41,56,2)([63]51,53,6)([64]27,47,7)([65]13,43,5)([66]4,30,1)([67]30,35,2)([68]51,20,7)([69]39,59,3)([70]16,24,0)([71]7,64,6)([72]52,0,2)([73]22,72,4)([74]25,63,3)([75]63,43,7)([76]69,63,4)([77]18,49,4)([78]52,60,6)([79]28,51,5)([80]15,42,1)([81]51,59,2)([82]3,32,5)([83]29,22,3)([84]80,68,2)([85]31,21,7)([86]6,6,5)(76)
optimized area: 131.18
time: 1323989 ms
seed: 1635132103
{7,1,80,1,2,1,8}([7]2,2,3)([8]5,6,6)([9]8,1,3)([10]9,5,6)([11]3,10,3)([12]11,2,5)([13]6,4,7)([14]1,0,7)([15]4,1,2)([16]5,2,7)([17]12,8,4)([18]14,4,2)([19]13,10,3)([20]7,15,3)([21]8,15,7)([22]21,2,2)([23]0,19,5)([24]23,17,5)([25]24,6,3)([26]11,3,7)([27]3,25,2)([28]11,22,4)([29]16,26,7)([30]29,12,6)([31]17,13,5)([32]14,0,2)([33]29,18,4)([34]25,33,4)([35]33,31,4)([36]13,6,7)([37]34,23,5)([38]26,15,2)([39]9,35,3)([40]9,35,4)([41]2,21,6)([42]30,37,3)([43]7,23,1)([44]33,14,4)([45]27,40,5)([46]1,18,6)([47]7,32,0)([48]34,24,7)([49]39,39,0)([50]47,40,7)([51]31,27,7)([52]3,23,4)([53]49,42,6)([54]42,45,2)([55]4,19,1)([56]6,8,4)([57]14,40,6)([58]32,31,6)([59]57,53,3)([60]56,52,6)([61]34,46,4)([62]47,12,4)([63]54,33,2)([64]1,40,5)([65]6,38,0)([66]33,46,5)([67]28,60,6)([68]59,67,2)([69]0,5,3)([70]35,16,3)([71]34,69,1)([72]20,46,5)([73]15,59,0)([74]20,3,1)([75]41,37,2)([76]8,20,4)([77]61,5,6)([78]37,2,7)([79]68,54,7)([80]59,17,5)([81]19,49,0)([82]47,70,0)([83]55,36,7)([84]38,1,4)([85]11,82,0)([86]58,57,7)(79)
evaluations: 19451252
first invidual area: 128.37
{7,1,80,1,2,1,8}([7]3,2,7)([8]6,5,6)([9]1,8,3)([10]9,5,6)([11]10,3,3)([12]11,2,5)([13]4,6,7)([14]1,0,7)([15]1,4,5)([16]13,10,3)([17]8,12,4)([18]4,14,5)([19]15,8,4)([20]5,7,7)([21]18,17,1)([22]13,17,5)([23]0,16,5)([24]23,17,5)([25]24,6,3)([26]19,2,5)([27]3,25,2)([28]22,20,3)([29]18,20,4)([30]26,11,7)([31]17,13,7)([32]20,12,6)([33]29,11,4)([34]33,25,4)([35]22,9,4)([36]7,12,0)([37]34,23,5)([38]9,6,3)([39]18,38,6)([40]35,33,4)([41]13,32,4)([42]32,37,3)([43]37,29,4)([44]27,40,5)([45]31,3,0)([46]28,34,4)([47]14,32,6)([48]31,32,5)([49]3,16,7)([50]8,29,2)([51]12,25,7)([52]41,35,0)([53]9,14,4)([54]44,42,5)([55]54,54,2)([56]40,14,6)([57]18,9,5)([58]44,32,0)([59]39,56,3)([60]38,49,6)([61]13,36,7)([62]10,53,5)([63]61,57,4)([64]42,36,2)([65]11,46,7)([66]6,54,1)([67]60,30,6)([68]59,67,5)([69]56,62,4)([70]14,68,2)([71]5,52,3)([72]44,26,7)([73]4,14,5)([74]70,0,0)([75]43,15,1)([76]55,50,7)([77]51,9,3)([78]34,75,7)([79]16,3,6)([80]21,45,5)([81]6,34,0)([82]68,54,7)([83]11,58,1)([84]12,16,7)([85]4,46,7)([86]69,51,7)(82)
optimized area: 121.33
time: 679647 ms
seed: 1635181261
NOT FOUND
time: 524692 ms
seed: 1635313693
NOT FOUND
time: 1019060 ms
seed: 1635471410
NOT FOUND
time: 985775 ms
seed: 1635612504
NOT FOUND
time: 1061478 ms
seed: 1635660143
NOT FOUND
time: 1051233 ms
seed: 1635708032
{7,1,80,1,2,1,8}([7]2,6,7)([8]7,4,7)([9]4,2,3)([10]4,1,2)([11]3,0,7)([12]6,2,6)([13]9,5,4)([14]10,0,4)([15]14,12,4)([16]4,1,7)([17]2,16,2)([18]0,8,4)([19]11,8,2)([20]16,5,3)([21]3,13,5)([22]20,7,3)([23]14,13,2)([24]7,21,7)([25]23,10,3)([26]25,3,3)([27]15,22,4)([28]27,17,4)([29]3,27,1)([30]20,24,5)([31]25,19,4)([32]6,14,7)([33]13,17,3)([34]19,21,6)([35]16,25,4)([36]35,23,3)([37]18,30,5)([38]1,37,3)([39]38,26,4)([40]1,33,6)([41]10,23,3)([42]38,38,3)([43]32,34,2)([44]13,31,7)([45]17,11,1)([46]29,9,3)([47]41,45,3)([48]39,43,7)([49]25,32,6)([50]26,6,0)([51]48,1,4)([52]32,4,5)([53]27,33,5)([54]47,11,4)([55]53,53,2)([56]46,27,7)([57]54,55,6)([58]31,57,4)([59]52,45,4)([60]21,56,2)([61]2,39,6)([62]60,58,2)([63]58,39,6)([64]22,20,1)([65]62,42,5)([66]36,42,0)([67]59,8,6)([68]49,39,1)([69]25,51,3)([70]25,8,3)([71]11,18,2)([72]2,52,0)([73]48,65,7)([74]70,16,1)([75]10,21,6)([76]47,21,5)([77]11,75,3)([78]33,20,1)([79]32,40,0)([80]56,7,1)([81]78,68,7)([82]71,5,3)([83]3,37,5)([84]76,39,5)([85]36,73,2)([86]38,69,7)(73)
evaluations: 19569030
first invidual area: 143.37
{7,1,80,1,2,1,8}([7]6,2,7)([8]4,7,7)([9]4,2,3)([10]1,4,2)([11]3,0,7)([12]2,6,6)([13]5,9,4)([14]0,10,4)([15]12,14,4)([16]4,1,7)([17]2,16,2)([18]11,1,4)([19]8,11,2)([20]5,16,3)([21]3,13,5)([22]5,9,6)([23]13,14,2)([24]21,4,0)([25]10,23,3)([26]19,21,6)([27]12,1,3)([28]7,17,0)([29]24,28,7)([30]20,29,5)([31]3,25,6)([32]17,13,6)([33]27,16,1)([34]8,0,4)([35]13,24,1)([36]23,22,2)([37]34,30,5)([38]27,26,7)([39]33,4,4)([40]25,29,0)([41]23,6,7)([42]26,16,2)([43]20,41,3)([44]37,32,5)([45]41,21,1)([46]17,19,7)([47]26,41,2)([48]31,47,6)([49]37,1,3)([50]23,11,7)([51]49,21,5)([52]19,25,4)([53]27,11,4)([54]43,15,5)([55]50,32,7)([56]22,54,4)([57]53,32,3)([58]52,57,7)([59]1,23,0)([60]21,56,2)([61]42,59,5)([62]60,58,5)([63]11,53,7)([64]41,50,3)([65]55,24,7)([66]56,45,2)([67]10,19,7)([68]54,13,4)([69]28,61,5)([70]12,49,1)([71]62,49,5)([72]35,52,4)([73]48,71,4)([74]0,18,1)([75]59,1,2)([76]18,59,6)([77]11,29,3)([78]19,43,1)([79]38,70,5)([80]39,47,4)([81]55,46,1)([82]7,26,4)([83]51,17,2)([84]53,69,2)([85]21,45,1)([86]7,2,6)(73)
optimized area: 126.03
time: 1217856 ms
seed: 1635755222
{7,1,80,1,2,1,8}([7]3,5,5)([8]6,2,4)([9]1,1,1)([10]8,5,5)([11]2,8,7)([12]6,3,3)([13]11,0,7)([14]7,1,7)([15]4,12,4)([16]14,8,6)([17]10,12,2)([18]13,7,7)([19]10,16,7)([20]4,8,7)([21]12,19,3)([22]15,3,1)([23]0,3,7)([24]1,6,4)([25]18,4,5)([26]18,9,3)([27]14,2,7)([28]4,21,2)([29]19,24,5)([30]27,25,0)([31]29,22,2)([32]29,2,2)([33]6,27,7)([34]9,33,5)([35]32,20,2)([36]5,32,4)([37]31,17,0)([38]36,11,0)([39]3,10,5)([40]36,24,6)([41]31,13,6)([42]18,21,5)([43]34,31,7)([44]0,9,7)([45]13,35,2)([46]23,2,4)([47]34,25,7)([48]14,13,6)([49]33,42,2)([50]41,10,0)([51]46,26,2)([52]34,1,7)([53]51,38,4)([54]33,38,4)([55]23,43,2)([56]52,12,1)([57]34,29,1)([58]47,4,3)([59]53,55,3)([60]45,50,3)([61]59,60,5)([62]49,11,4)([63]25,10,3)([64]11,31,7)([65]9,20,1)([66]13,42,1)([67]16,37,6)([68]17,12,7)([69]62,47,6)([70]30,12,2)([71]42,35,4)([72]54,2,1)([73]69,3,4)([74]8,50,5)([75]4,34,3)([76]22,41,7)([77]29,4,2)([78]71,70,6)([79]70,7,1)([80]49,32,0)([81]53,11,2)([82]50,71,0)([83]24,55,4)([84]10,46,1)([85]40,26,7)([86]73,61,7)(86)
evaluations: 36033867
first invidual area: 144.79
{7,1,80,1,2,1,8}([7]5,3,5)([8]2,6,4)([9]1,6,1)([10]8,5,5)([11]4,6,4)([12]6,3,3)([13]6,0,4)([14]7,9,4)([15]14,8,3)([16]6,1,4)([17]12,0,2)([18]13,7,7)([19]15,10,5)([20]18,12,0)([21]12,19,3)([22]18,7,5)([23]0,3,7)([24]20,11,0)([25]24,4,5)([26]9,20,3)([27]13,7,0)([28]23,2,4)([29]16,19,5)([30]4,12,7)([31]29,30,2)([32]2,29,2)([33]14,8,4)([34]9,33,5)([35]32,11,2)([36]5,32,7)([37]31,6,1)([38]37,34,5)([39]27,2,5)([40]16,24,6)([41]13,31,6)([42]24,21,5)([43]36,41,2)([44]43,0,5)([45]13,35,2)([46]35,30,3)([47]43,26,2)([48]4,13,6)([49]33,42,5)([50]15,12,2)([51]28,26,5)([52]33,9,5)([53]51,36,4)([54]36,17,0)([55]5,38,2)([56]40,15,4)([57]12,53,5)([58]13,41,3)([59]53,55,3)([60]32,6,6)([61]12,22,7)([62]49,6,4)([63]34,25,7)([64]45,41,3)([65]56,25,1)([66]60,32,2)([67]65,5,4)([68]7,53,3)([69]62,63,3)([70]64,59,5)([71]36,26,0)([72]52,43,0)([73]69,3,7)([74]72,50,7)([75]47,13,7)([76]51,18,7)([77]14,40,2)([78]69,4,4)([79]13,66,2)([80]17,77,0)([81]54,8,5)([82]63,73,1)([83]80,62,3)([84]11,70,3)([85]47,0,7)([86]70,73,7)(86)
optimized area: 128.83
time: 1145789 ms
seed: 1635802135
NOT FOUND
time: 1060433 ms
seed: 1635845443
NOT FOUND
time: 1051861 ms
seed: 1635887514
NOT FOUND
time: 1052975 ms
seed: 1635923604
NOT FOUND
time: 1083926 ms
seed: 1635959814
NOT FOUND
time: 1084375 ms
seed: 1635995612
NOT FOUND
time: 1059227 ms
seed: 1636030285
NOT FOUND
time: 1059457 ms
seed: 1636064198
NOT FOUND
time: 1062471 ms
