seed: 1633875018
NOT FOUND
time: 524950 ms
seed: 1634012632
NOT FOUND
time: 527676 ms
seed: 1634061485
{7,1,80,1,2,1,8}([7]3,2,6)([8]0,4,7)([9]4,3,7)([10]5,9,2)([11]3,1,7)([12]0,2,6)([13]6,1,7)([14]4,13,6)([15]6,2,6)([16]2,6,5)([17]1,2,6)([18]0,17,7)([19]18,3,7)([20]17,12,3)([21]4,3,6)([22]7,10,4)([23]12,8,7)([24]23,14,6)([25]16,18,7)([26]3,5,2)([27]19,16,4)([28]25,5,4)([29]28,19,3)([30]9,26,3)([31]30,29,6)([32]22,27,3)([33]7,4,4)([34]31,22,6)([35]17,11,1)([36]24,25,5)([37]8,16,2)([38]8,27,0)([39]8,36,5)([40]22,26,6)([41]27,15,6)([42]0,20,3)([43]34,27,7)([44]36,1,7)([45]0,23,1)([46]44,30,4)([47]6,39,3)([48]46,40,5)([49]15,34,4)([50]39,41,3)([51]26,2,3)([52]49,6,1)([53]20,41,7)([54]28,0,2)([55]23,32,2)([56]48,53,6)([57]47,0,0)([58]41,36,3)([59]53,40,6)([60]9,45,1)([61]39,46,6)([62]45,55,5)([63]54,13,4)([64]21,62,2)([65]33,19,2)([66]63,33,5)([67]49,38,0)([68]56,65,7)([69]20,11,6)([70]46,68,7)([71]49,41,5)([72]68,36,5)([73]27,43,1)([74]36,51,0)([75]36,30,2)([76]69,54,3)([77]41,8,1)([78]76,52,5)([79]68,78,2)([80]61,26,3)([81]15,56,4)([82]43,20,0)([83]8,29,4)([84]78,68,0)([85]27,30,0)([86]41,30,2)(79)
evaluations: 10024085
first invidual area: 137.75
{7,1,80,1,2,1,8}([7]3,2,6)([8]4,0,7)([9]3,4,7)([10]9,7,3)([11]3,5,2)([12]0,2,6)([13]1,12,1)([14]13,4,6)([15]2,6,6)([16]5,9,5)([17]1,2,6)([18]17,0,7)([19]3,13,4)([20]6,2,5)([21]12,9,5)([22]7,16,7)([23]12,8,6)([24]14,23,6)([25]20,18,7)([26]17,12,3)([27]25,3,4)([28]5,25,4)([29]27,5,1)([30]29,24,3)([31]30,28,6)([32]15,27,3)([33]23,19,5)([34]2,23,2)([35]4,21,4)([36]25,24,5)([37]6,1,2)([38]1,10,0)([39]36,9,7)([40]11,22,6)([41]7,4,4)([42]8,38,6)([43]40,27,3)([44]19,41,6)([45]18,3,7)([46]39,13,7)([47]40,46,5)([48]21,29,1)([49]22,31,6)([50]17,16,3)([51]22,29,1)([52]33,30,0)([53]26,32,4)([54]33,15,4)([55]28,0,2)([56]18,39,1)([57]31,29,7)([58]37,46,5)([59]31,28,0)([60]34,36,2)([61]8,16,0)([62]15,49,7)([63]60,48,0)([64]13,3,4)([65]41,45,5)([66]46,53,3)([67]47,53,3)([68]67,65,7)([69]26,19,6)([70]17,10,3)([71]58,13,6)([72]57,68,5)([73]39,0,7)([74]18,7,4)([75]9,55,2)([76]69,55,3)([77]3,9,1)([78]76,62,5)([79]78,68,2)([80]4,11,5)([81]58,24,0)([82]52,17,3)([83]7,29,4)([84]22,65,7)([85]3,24,3)([86]6,63,5)(79)
optimized area: 128.83
time: 642465 ms
seed: 1634175697
NOT FOUND
time: 521859 ms
seed: 1634222980
NOT FOUND
time: 523867 ms
seed: 1634320039
{7,1,80,1,2,1,8}([7]1,2,4)([8]1,2,3)([9]6,1,1)([10]4,9,0)([11]1,9,2)([12]3,8,4)([13]12,9,3)([14]7,12,3)([15]4,5,4)([16]2,10,3)([17]14,16,2)([18]15,8,4)([19]4,3,7)([20]3,5,2)([21]12,0,7)([22]18,12,7)([23]0,13,4)([24]14,23,5)([25]6,5,5)([26]7,20,7)([27]19,21,2)([28]17,16,7)([29]19,6,1)([30]6,28,2)([31]30,16,6)([32]11,16,4)([33]30,21,3)([34]26,12,0)([35]26,24,6)([36]25,31,7)([37]25,31,0)([38]32,12,2)([39]3,1,2)([40]33,4,5)([41]23,18,7)([42]34,23,4)([43]18,6,7)([44]29,10,5)([45]9,21,4)([46]38,19,6)([47]42,39,4)([48]14,30,0)([49]38,30,4)([50]17,0,2)([51]35,19,2)([52]17,36,4)([53]50,19,6)([54]50,9,1)([55]16,54,0)([56]7,3,3)([57]50,41,3)([58]46,35,3)([59]40,4,6)([60]47,5,2)([61]40,57,5)([62]12,43,5)([63]61,17,1)([64]60,49,6)([65]50,20,3)([66]63,64,2)([67]58,66,4)([68]21,13,3)([69]22,43,5)([70]41,50,0)([71]34,38,5)([72]9,60,4)([73]43,25,2)([74]20,48,5)([75]69,22,4)([76]74,28,1)([77]48,16,6)([78]77,37,1)([79]24,57,6)([80]29,79,1)([81]18,8,5)([82]22,58,0)([83]33,31,0)([84]12,24,3)([85]81,68,3)([86]24,59,6)(67)
evaluations: 42765811
first invidual area: 123.22
{7,1,80,1,2,1,8}([7]2,1,4)([8]7,1,3)([9]6,1,1)([10]4,3,7)([11]9,1,5)([12]8,3,4)([13]12,6,3)([14]7,12,3)([15]4,8,7)([16]2,4,3)([17]14,16,2)([18]1,3,5)([19]16,17,7)([20]3,5,5)([21]12,0,7)([22]7,13,1)([23]13,21,4)([24]19,23,5)([25]9,2,5)([26]7,20,4)([27]5,15,7)([28]27,8,1)([29]18,2,1)([30]6,19,2)([31]26,24,6)([32]11,17,7)([33]21,30,3)([34]17,0,2)([35]10,1,1)([36]30,10,7)([37]31,10,0)([38]32,12,2)([39]23,28,0)([40]32,19,1)([41]27,23,7)([42]18,39,4)([43]33,4,5)([44]30,38,4)([45]16,27,3)([46]22,2,2)([47]42,26,7)([48]24,6,6)([49]10,38,6)([50]15,2,7)([51]32,19,2)([52]23,2,7)([53]32,10,0)([54]5,2,3)([55]30,27,0)([56]46,0,7)([57]34,41,3)([58]49,31,6)([59]6,49,6)([60]47,5,2)([61]43,57,2)([62]9,0,1)([63]28,62,3)([64]60,44,6)([65]34,22,7)([66]61,64,5)([67]58,66,4)([68]45,65,3)([69]6,63,1)([70]30,37,0)([71]38,66,1)([72]31,63,0)([73]28,48,0)([74]18,51,6)([75]20,7,5)([76]13,52,3)([77]19,50,7)([78]48,76,4)([79]46,41,0)([80]36,66,6)([81]22,2,6)([82]36,66,7)([83]32,39,1)([84]62,12,3)([85]79,58,3)([86]53,82,1)(67)
optimized area: 120.41
time: 543412 ms
seed: 1634360547
{7,1,80,1,2,1,8}([7]1,3,5)([8]6,0,2)([9]3,5,5)([10]8,9,7)([11]2,1,4)([12]10,0,4)([13]9,0,7)([14]3,10,4)([15]7,0,4)([16]15,8,1)([17]4,8,1)([18]11,6,6)([19]17,1,4)([20]14,12,4)([21]10,2,1)([22]11,14,3)([23]3,17,1)([24]2,20,6)([25]6,3,4)([26]2,5,7)([27]24,5,4)([28]3,25,0)([29]3,11,7)([30]29,17,3)([31]24,13,1)([32]6,10,6)([33]8,30,5)([34]19,26,5)([35]7,0,1)([36]20,33,1)([37]24,12,7)([38]10,1,1)([39]30,25,0)([40]5,9,0)([41]13,34,6)([42]29,41,5)([43]4,27,3)([44]3,2,6)([45]39,32,2)([46]22,20,7)([47]45,24,0)([48]7,18,5)([49]46,33,4)([50]4,17,2)([51]47,44,3)([52]49,15,2)([53]1,23,5)([54]41,6,6)([55]48,51,2)([56]20,3,1)([57]20,38,3)([58]55,43,6)([59]52,51,7)([60]22,35,3)([61]42,25,4)([62]54,53,6)([63]0,36,6)([64]19,13,5)([65]33,5,6)([66]58,26,3)([67]17,65,6)([68]52,58,4)([69]59,10,3)([70]67,59,7)([71]62,70,6)([72]21,2,7)([73]30,42,7)([74]14,41,0)([75]1,14,6)([76]59,73,5)([77]72,48,1)([78]63,72,3)([79]75,2,6)([80]7,20,0)([81]24,63,5)([82]68,71,3)([83]67,60,5)([84]41,47,3)([85]43,23,7)([86]14,17,1)(82)
evaluations: 17951936
first invidual area: 135.86
{7,1,80,1,2,1,8}([7]1,3,5)([8]6,0,2)([9]3,5,5)([10]8,9,7)([11]2,1,4)([12]6,10,6)([13]3,11,7)([14]1,7,5)([15]7,1,0)([16]0,15,4)([17]4,5,1)([18]3,2,6)([19]2,5,3)([20]0,3,4)([21]11,6,6)([22]2,8,5)([23]2,20,3)([24]21,15,5)([25]5,23,7)([26]14,5,7)([27]24,11,7)([28]14,15,7)([29]20,25,1)([30]17,13,3)([31]25,25,1)([32]10,13,6)([33]30,8,5)([34]9,11,3)([35]5,16,2)([36]32,18,7)([37]5,10,7)([38]9,29,3)([39]7,14,7)([40]24,8,0)([41]11,32,3)([42]17,16,6)([43]4,25,6)([44]33,5,6)([45]30,15,5)([46]30,12,2)([47]39,6,7)([48]29,33,5)([49]48,41,4)([50]11,23,4)([51]46,18,3)([52]49,16,5)([53]35,10,6)([54]41,24,2)([55]24,51,5)([56]6,7,1)([57]44,17,6)([58]15,35,0)([59]43,51,3)([60]16,45,7)([61]40,7,2)([62]0,27,0)([63]58,44,2)([64]58,53,4)([65]45,32,2)([66]53,14,6)([67]33,17,7)([68]55,43,5)([69]41,5,3)([70]57,59,4)([71]66,70,6)([72]43,39,6)([73]33,66,3)([74]47,52,2)([75]68,52,4)([76]39,60,3)([77]63,73,6)([78]36,1,6)([79]57,64,1)([80]32,60,7)([81]26,18,5)([82]49,75,7)([83]44,10,3)([84]8,68,1)([85]9,10,4)([86]71,75,3)(86)
optimized area: 106.30
time: 624612 ms
seed: 1634409530
{7,1,80,1,2,1,8}([7]5,4,4)([8]3,2,7)([9]6,5,6)([10]4,0,4)([11]10,1,3)([12]6,6,1)([13]4,9,3)([14]13,10,4)([15]14,8,3)([16]9,7,2)([17]8,11,6)([18]2,16,6)([19]14,12,4)([20]6,18,4)([21]15,1,4)([22]11,17,2)([23]11,20,5)([24]18,11,7)([25]23,14,6)([26]4,17,4)([27]16,17,1)([28]21,24,7)([29]26,23,4)([30]29,28,6)([31]29,5,6)([32]28,0,7)([33]31,3,7)([34]0,24,7)([35]7,15,2)([36]7,26,3)([37]12,22,1)([38]5,29,6)([39]29,25,5)([40]32,33,2)([41]7,33,2)([42]35,31,3)([43]42,34,3)([44]41,30,2)([45]7,44,2)([46]26,39,2)([47]2,19,4)([48]8,44,7)([49]48,40,6)([50]30,49,7)([51]13,3,5)([52]34,10,6)([53]18,16,0)([54]24,46,3)([55]35,47,5)([56]54,41,7)([57]54,38,0)([58]35,38,7)([59]0,19,5)([60]28,43,2)([61]59,49,4)([62]55,21,5)([63]61,62,5)([64]11,8,7)([65]12,41,1)([66]32,23,6)([67]8,18,6)([68]63,60,6)([69]12,18,6)([70]12,66,4)([71]57,59,2)([72]51,40,7)([73]12,71,3)([74]55,30,2)([75]8,45,3)([76]72,68,7)([77]37,25,0)([78]55,60,3)([79]38,18,4)([80]69,25,2)([81]70,36,3)([82]36,29,7)([83]41,46,7)([84]29,76,6)([85]1,30,5)([86]50,63,1)(76)
evaluations: 17931429
first invidual area: 143.85
{7,1,80,1,2,1,8}([7]0,0,1)([8]3,2,7)([9]5,6,6)([10]4,0,4)([11]1,10,3)([12]4,5,4)([13]4,9,3)([14]13,10,4)([15]8,14,3)([16]9,12,2)([17]8,11,3)([18]2,16,6)([19]6,9,3)([20]6,18,4)([21]15,1,4)([22]3,13,5)([23]11,20,5)([24]11,18,7)([25]12,7,3)([26]14,20,3)([27]17,4,7)([28]21,24,7)([29]27,23,4)([30]29,5,3)([31]29,9,1)([32]17,20,4)([33]3,30,4)([34]2,14,7)([35]23,26,2)([36]7,12,3)([37]36,28,2)([38]37,26,0)([39]7,28,4)([40]33,39,2)([41]31,33,2)([42]28,32,4)([43]9,29,7)([44]41,36,5)([45]36,5,4)([46]37,28,4)([47]22,32,0)([48]8,44,4)([49]40,48,6)([50]48,39,7)([51]8,40,2)([52]14,46,4)([53]40,47,4)([54]4,22,7)([55]35,12,5)([56]54,36,6)([57]52,35,5)([58]10,15,5)([59]0,19,5)([60]12,19,2)([61]59,49,4)([62]55,21,5)([63]62,61,5)([64]27,2,0)([65]5,26,3)([66]47,23,7)([67]49,8,1)([68]63,38,3)([69]33,16,7)([70]24,30,1)([71]65,59,2)([72]0,23,7)([73]26,17,0)([74]16,50,0)([75]48,18,6)([76]53,68,7)([77]64,10,7)([78]16,65,7)([79]26,19,0)([80]77,43,7)([81]12,74,1)([82]66,26,5)([83]40,57,1)([84]60,81,4)([85]55,17,4)([86]11,82,2)(76)
optimized area: 130.71
time: 677576 ms
seed: 1634458533
{7,1,80,1,2,1,8}([7]6,4,4)([8]7,1,7)([9]3,2,7)([10]4,9,4)([11]2,3,2)([12]1,9,7)([13]10,0,0)([14]12,13,6)([15]0,13,7)([16]8,4,0)([17]15,14,3)([18]13,11,7)([19]14,3,6)([20]18,1,1)([21]7,20,6)([22]3,19,6)([23]5,4,7)([24]1,17,7)([25]0,12,4)([26]8,21,3)([27]22,1,5)([28]2,2,1)([29]7,15,3)([30]23,19,3)([31]14,26,5)([32]8,3,4)([33]29,24,4)([34]14,16,1)([35]17,30,4)([36]14,27,5)([37]16,35,1)([38]34,26,1)([39]27,29,5)([40]23,12,6)([41]40,36,4)([42]33,41,2)([43]13,35,7)([44]39,5,6)([45]39,29,0)([46]27,31,6)([47]38,40,0)([48]42,9,7)([49]25,6,3)([50]39,35,5)([51]26,13,7)([52]28,27,6)([53]45,8,6)([54]32,34,5)([55]54,44,5)([56]35,29,4)([57]49,0,3)([58]24,43,5)([59]51,43,3)([60]8,30,3)([61]48,5,0)([62]48,59,5)([63]10,10,1)([64]63,7,0)([65]17,61,3)([66]8,29,0)([67]36,64,4)([68]40,55,5)([69]68,27,5)([70]21,27,4)([71]18,55,2)([72]37,21,3)([73]21,62,7)([74]41,34,6)([75]43,26,5)([76]44,55,1)([77]59,33,1)([78]71,73,6)([79]78,50,4)([80]16,16,1)([81]28,67,4)([82]0,39,2)([83]75,25,2)([84]44,31,3)([85]22,19,1)([86]77,43,2)(79)
evaluations: 46759638
first invidual area: 135.41
{7,1,80,1,2,1,8}([7]6,4,4)([8]7,6,0)([9]3,2,7)([10]4,9,4)([11]2,1,3)([12]1,9,7)([13]2,3,2)([14]12,10,6)([15]0,10,7)([16]10,4,1)([17]15,14,3)([18]10,13,7)([19]14,3,6)([20]18,2,1)([21]7,20,6)([22]19,3,6)([23]5,4,7)([24]1,17,4)([25]6,12,7)([26]20,13,0)([27]4,24,4)([28]24,25,6)([29]7,15,3)([30]23,19,6)([31]10,15,0)([32]1,3,4)([33]29,24,7)([34]23,5,6)([35]17,30,7)([36]2,22,5)([37]13,31,4)([38]22,25,6)([39]36,29,5)([40]23,12,6)([41]14,40,7)([42]33,41,2)([43]10,35,7)([44]39,5,6)([45]11,5,7)([46]33,34,0)([47]18,40,7)([48]42,9,7)([49]27,8,6)([50]15,35,6)([51]45,8,6)([52]19,15,0)([53]28,34,0)([54]32,8,5)([55]54,44,5)([56]5,6,0)([57]37,52,1)([58]39,35,5)([59]25,43,3)([60]29,20,4)([61]55,43,5)([62]48,59,5)([63]53,12,7)([64]12,13,0)([65]35,34,2)([66]49,40,0)([67]17,49,6)([68]3,5,4)([69]34,24,7)([70]57,18,0)([71]18,55,2)([72]1,19,2)([73]21,62,7)([74]62,32,0)([75]33,11,5)([76]47,15,3)([77]13,39,7)([78]71,73,6)([79]78,58,4)([80]43,24,3)([81]60,20,6)([82]30,26,0)([83]60,7,3)([84]83,50,7)([85]5,32,3)([86]52,70,2)(79)
optimized area: 125.11
time: 527706 ms
seed: 1634518717
{7,1,80,1,2,1,8}([7]3,2,1)([8]0,1,2)([9]6,3,3)([10]1,2,2)([11]2,6,4)([12]6,5,6)([13]0,10,6)([14]1,13,6)([15]4,5,7)([16]7,9,5)([17]12,10,7)([18]17,8,4)([19]11,3,3)([20]2,1,6)([21]0,16,5)([22]10,21,3)([23]15,22,7)([24]23,21,2)([25]18,3,2)([26]13,6,1)([27]23,6,3)([28]9,20,4)([29]26,4,4)([30]17,10,1)([31]14,7,4)([32]0,19,6)([33]24,20,3)([34]21,11,3)([35]33,4,2)([36]27,35,7)([37]2,11,0)([38]35,37,2)([39]32,26,4)([40]36,28,3)([41]32,38,6)([42]40,12,4)([43]38,29,7)([44]3,30,6)([45]4,9,3)([46]42,34,4)([47]36,7,5)([48]16,10,4)([49]20,1,3)([50]40,17,5)([51]5,11,4)([52]28,5,7)([53]21,41,0)([54]31,29,2)([55]32,43,6)([56]10,23,2)([57]56,25,7)([58]15,30,3)([59]55,39,4)([60]16,2,4)([61]21,26,2)([62]61,31,3)([63]54,46,3)([64]23,59,5)([65]40,48,6)([66]63,57,2)([67]64,52,6)([68]9,29,5)([69]29,21,1)([70]11,18,2)([71]66,67,3)([72]13,25,7)([73]6,30,4)([74]53,44,7)([75]59,47,2)([76]41,64,2)([77]15,6,5)([78]35,70,0)([79]11,60,6)([80]71,4,7)([81]67,17,3)([82]27,75,4)([83]66,14,5)([84]57,64,2)([85]12,33,7)([86]15,13,2)(80)
evaluations: 41825057
first invidual area: 146.64
{7,1,80,1,2,1,8}([7]3,2,1)([8]1,0,5)([9]3,6,3)([10]1,2,2)([11]6,2,4)([12]6,5,6)([13]9,0,3)([14]4,1,6)([15]4,5,7)([16]9,7,5)([17]10,12,4)([18]17,8,4)([19]6,10,6)([20]1,2,6)([21]16,0,5)([22]21,10,6)([23]15,22,4)([24]10,0,3)([25]18,3,5)([26]25,22,3)([27]23,6,3)([28]9,20,4)([29]24,4,4)([30]0,7,0)([31]14,7,4)([32]21,10,2)([33]3,31,6)([34]11,21,3)([35]9,4,5)([36]27,35,4)([37]23,10,5)([38]7,29,0)([39]33,24,6)([40]36,28,6)([41]20,16,0)([42]40,34,4)([43]32,29,6)([44]9,28,2)([45]28,32,2)([46]42,12,7)([47]26,37,5)([48]25,37,7)([49]31,33,5)([50]0,45,4)([51]28,5,7)([52]36,16,6)([53]51,12,7)([54]29,31,2)([55]35,16,0)([56]23,46,6)([57]4,14,4)([58]8,20,6)([59]43,39,4)([60]4,17,6)([61]16,42,1)([62]49,12,1)([63]54,46,3)([64]23,59,5)([65]60,26,2)([66]63,48,2)([67]51,64,6)([68]41,21,5)([69]40,10,1)([70]51,29,5)([71]66,67,6)([72]50,34,6)([73]26,20,4)([74]15,53,4)([75]8,57,2)([76]62,67,3)([77]42,11,1)([78]61,1,7)([79]3,77,6)([80]4,71,4)([81]71,18,2)([82]30,38,0)([83]29,9,6)([84]7,6,2)([85]80,29,6)([86]53,12,1)(80)
optimized area: 129.30
time: 542711 ms
seed: 1634617879
NOT FOUND
time: 523238 ms
seed: 1635144930
NOT FOUND
time: 530577 ms
seed: 1635194030
NOT FOUND
time: 520031 ms
seed: 1635352282
NOT FOUND
time: 999635 ms
seed: 1635624989
{7,1,80,1,2,1,8}([7]1,3,2)([8]1,6,7)([9]2,7,4)([10]4,8,3)([11]1,4,6)([12]8,9,2)([13]5,9,2)([14]7,0,4)([15]2,3,4)([16]13,11,4)([17]10,7,4)([18]10,11,1)([19]3,4,7)([20]5,9,7)([21]20,7,0)([22]16,0,4)([23]9,18,1)([24]22,0,2)([25]22,8,7)([26]15,25,2)([27]2,19,2)([28]1,12,7)([29]6,10,7)([30]27,24,5)([31]24,26,7)([32]27,29,3)([33]5,12,3)([34]16,14,3)([35]22,11,5)([36]33,19,7)([37]17,19,3)([38]12,19,1)([39]3,28,6)([40]32,37,7)([41]6,29,3)([42]20,30,3)([43]7,11,7)([44]34,42,7)([45]44,6,6)([46]36,35,7)([47]11,31,1)([48]31,29,3)([49]3,44,1)([50]3,26,7)([51]39,46,6)([52]15,32,4)([53]18,24,0)([54]44,51,6)([55]10,8,6)([56]4,43,3)([57]3,7,7)([58]46,43,1)([59]50,5,3)([60]37,35,0)([61]53,16,7)([62]51,59,5)([63]62,26,3)([64]23,39,5)([65]41,53,0)([66]55,1,7)([67]3,44,0)([68]42,64,0)([69]37,50,6)([70]48,42,4)([71]63,68,1)([72]20,0,5)([73]66,71,5)([74]60,54,7)([75]12,28,0)([76]20,12,6)([77]35,23,4)([78]53,71,0)([79]22,77,7)([80]52,0,7)([81]74,73,7)([82]34,74,7)([83]12,12,1)([84]65,28,3)([85]70,81,3)([86]9,40,4)(85)
evaluations: 15293953
first invidual area: 154.17
{7,1,80,1,2,1,8}([7]1,3,2)([8]6,1,7)([9]7,2,4)([10]4,8,6)([11]1,4,6)([12]8,9,2)([13]5,9,5)([14]6,3,5)([15]10,6,3)([16]13,11,7)([17]6,10,4)([18]2,3,4)([19]4,3,7)([20]5,12,3)([21]19,14,6)([22]0,16,4)([23]10,1,7)([24]22,0,2)([25]8,22,7)([26]18,25,2)([27]7,22,4)([28]1,12,7)([29]19,27,5)([30]2,24,5)([31]2,13,5)([32]6,11,0)([33]30,0,2)([34]9,29,7)([35]29,30,5)([36]20,29,4)([37]26,24,7)([38]7,20,2)([39]37,15,4)([40]5,29,4)([41]16,27,6)([42]30,40,3)([43]41,38,2)([44]41,42,5)([45]17,17,2)([46]36,19,4)([47]3,28,6)([48]37,45,6)([49]36,41,6)([50]0,49,3)([51]47,46,6)([52]30,33,6)([53]24,31,6)([54]44,51,3)([55]40,3,5)([56]37,31,5)([57]44,55,5)([58]15,13,4)([59]22,9,7)([60]31,44,0)([61]3,0,2)([62]51,55,5)([63]62,26,6)([64]50,44,2)([65]26,24,2)([66]39,38,7)([67]21,3,2)([68]45,48,3)([69]5,16,3)([70]3,42,6)([71]10,7,1)([72]21,54,7)([73]23,63,2)([74]22,49,7)([75]45,39,6)([76]39,51,0)([77]62,69,3)([78]42,48,7)([79]54,23,4)([80]2,29,1)([81]5,77,4)([82]6,60,2)([83]22,32,4)([84]73,72,3)([85]78,84,3)([86]55,60,3)(85)
optimized area: 134.94
time: 1326462 ms
seed: 1635672638
{7,1,80,1,2,1,8}([7]2,4,6)([8]1,4,4)([9]4,3,7)([10]9,7,5)([11]1,6,4)([12]7,5,5)([13]9,6,6)([14]9,5,2)([15]7,2,6)([16]12,9,3)([17]12,0,4)([18]8,17,4)([19]11,5,6)([20]18,6,6)([21]8,17,0)([22]3,14,4)([23]19,2,2)([24]7,3,3)([25]23,15,1)([26]9,20,4)([27]19,5,7)([28]0,14,3)([29]5,3,2)([30]23,5,3)([31]29,7,7)([32]20,25,6)([33]11,30,0)([34]1,27,4)([35]26,24,4)([36]22,35,2)([37]35,0,4)([38]15,29,4)([39]10,27,2)([40]17,22,4)([41]13,16,1)([42]40,39,5)([43]35,42,7)([44]8,40,2)([45]28,6,4)([46]42,45,3)([47]8,34,3)([48]18,15,2)([49]42,35,7)([50]14,13,3)([51]38,36,6)([52]26,7,3)([53]40,11,1)([54]9,47,2)([55]44,49,6)([56]20,28,3)([57]35,50,4)([58]55,23,6)([59]49,25,1)([60]13,17,1)([61]58,49,5)([62]34,37,2)([63]50,21,1)([64]15,35,6)([65]2,62,1)([66]62,58,6)([67]66,54,7)([68]27,55,2)([69]67,51,3)([70]19,22,1)([71]65,61,4)([72]38,61,3)([73]4,69,1)([74]7,39,4)([75]69,55,4)([76]35,38,6)([77]3,61,1)([78]8,12,0)([79]34,31,2)([80]72,2,0)([81]23,17,5)([82]71,14,4)([83]78,38,5)([84]15,50,3)([85]50,67,5)([86]23,7,1)(75)
evaluations: 47680292
first invidual area: 125.11
{7,1,80,1,2,1,8}([7]2,4,6)([8]1,4,4)([9]4,3,7)([10]0,5,5)([11]1,6,4)([12]7,5,5)([13]3,6,2)([14]9,5,2)([15]7,2,6)([16]7,1,0)([17]12,0,4)([18]8,17,4)([19]11,5,6)([20]18,6,6)([21]16,0,0)([22]3,14,4)([23]19,2,2)([24]21,3,3)([25]0,15,7)([26]9,20,7)([27]19,5,6)([28]6,19,2)([29]5,3,2)([30]17,2,0)([31]22,21,2)([32]20,1,5)([33]30,29,3)([34]1,27,4)([35]26,24,7)([36]22,35,2)([37]36,0,4)([38]15,29,4)([39]2,27,2)([40]17,22,4)([41]16,20,4)([42]40,39,5)([43]8,33,3)([44]8,40,2)([45]5,4,3)([46]39,42,3)([47]8,34,3)([48]26,4,4)([49]42,35,7)([50]36,14,1)([51]38,36,6)([52]6,39,7)([53]12,50,2)([54]9,47,2)([55]44,49,6)([56]49,7,6)([57]31,55,6)([58]55,23,6)([59]29,42,1)([60]22,37,2)([61]18,19,6)([62]34,37,2)([63]0,42,1)([64]59,57,4)([65]4,20,1)([66]62,58,6)([67]66,54,7)([68]17,1,6)([69]67,51,3)([70]21,38,3)([71]56,56,7)([72]32,18,6)([73]71,3,4)([74]6,11,7)([75]69,55,4)([76]29,3,0)([77]6,51,4)([78]30,2,0)([79]23,61,5)([80]27,67,4)([81]45,57,0)([82]74,61,3)([83]77,45,0)([84]9,30,4)([85]42,1,0)([86]54,78,7)(75)
optimized area: 120.89
time: 1054505 ms
seed: 1635720489
{7,1,80,1,2,1,8}([7]2,1,4)([8]3,4,7)([9]6,3,4)([10]0,6,5)([11]10,5,3)([12]5,7,3)([13]5,1,4)([14]12,0,4)([15]2,4,6)([16]7,4,4)([17]9,2,2)([18]4,16,6)([19]17,6,0)([20]17,5,3)([21]15,12,4)([22]18,3,6)([23]19,11,5)([24]0,23,7)([25]18,10,6)([26]24,2,5)([27]8,20,3)([28]24,27,4)([29]11,21,5)([30]14,24,3)([31]30,16,5)([32]18,28,7)([33]9,7,7)([34]22,30,7)([35]6,10,7)([36]25,2,6)([37]19,26,4)([38]29,22,7)([39]6,26,4)([40]31,0,4)([41]23,5,6)([42]27,40,7)([43]8,41,7)([44]39,42,2)([45]32,28,0)([46]13,35,7)([47]26,20,3)([48]4,13,1)([49]0,46,7)([50]49,33,2)([51]42,13,6)([52]11,3,3)([53]52,43,2)([54]44,50,5)([55]42,41,3)([56]6,2,1)([57]0,4,6)([58]42,9,2)([59]56,47,0)([60]28,46,0)([61]44,6,5)([62]14,47,0)([63]36,38,4)([64]33,57,0)([65]46,58,0)([66]42,32,4)([67]53,54,4)([68]13,22,2)([69]62,61,7)([70]20,47,5)([71]28,6,7)([72]40,63,3)([73]19,7,5)([74]59,52,7)([75]63,41,3)([76]37,45,7)([77]38,30,0)([78]16,50,3)([79]28,27,4)([80]56,45,3)([81]69,38,2)([82]32,55,4)([83]72,59,4)([84]65,6,4)([85]67,72,4)([86]61,49,2)(85)
evaluations: 40652112
first invidual area: 144.80
{7,1,80,1,2,1,8}([7]1,2,4)([8]3,4,7)([9]6,3,4)([10]6,0,5)([11]10,5,3)([12]5,7,3)([13]12,1,5)([14]0,5,4)([15]4,2,3)([16]7,4,4)([17]2,9,2)([18]4,7,6)([19]16,12,0)([20]5,8,3)([21]12,15,7)([22]19,12,0)([23]11,17,5)([24]12,23,7)([25]8,22,7)([26]24,14,3)([27]21,20,3)([28]1,16,4)([29]11,21,5)([30]14,24,3)([31]30,22,5)([32]13,10,6)([33]8,22,1)([34]3,18,3)([35]20,2,0)([36]32,2,3)([37]10,10,7)([38]29,34,7)([39]3,13,4)([40]31,0,4)([41]23,5,3)([42]27,40,7)([43]8,41,4)([44]39,42,2)([45]0,44,3)([46]14,23,4)([47]7,9,4)([48]1,44,2)([49]1,46,4)([50]49,47,6)([51]38,11,3)([52]35,21,2)([53]43,51,5)([54]44,50,5)([55]54,31,1)([56]36,22,4)([57]4,14,5)([58]46,49,6)([59]25,57,3)([60]16,28,5)([61]20,1,2)([62]28,53,5)([63]36,38,4)([64]23,57,1)([65]11,20,6)([66]40,15,4)([67]53,54,4)([68]48,49,6)([69]5,54,2)([70]49,28,7)([71]52,5,5)([72]40,63,6)([73]63,53,3)([74]65,38,5)([75]26,50,6)([76]75,55,5)([77]27,6,4)([78]35,50,5)([79]37,2,7)([80]10,6,0)([81]23,4,2)([82]2,65,7)([83]60,36,7)([84]46,72,0)([85]67,72,4)([86]3,35,2)(85)
optimized area: 134.95
time: 1096422 ms
seed: 1635767721
{7,1,80,1,2,1,8}([7]5,6,7)([8]6,0,4)([9]2,4,1)([10]1,9,7)([11]4,9,4)([12]10,11,3)([13]9,1,3)([14]11,0,5)([15]6,9,7)([16]12,15,2)([17]2,12,4)([18]14,13,5)([19]7,9,2)([20]16,0,5)([21]16,9,7)([22]18,1,3)([23]18,8,6)([24]23,5,6)([25]1,3,6)([26]4,16,7)([27]19,13,5)([28]8,4,2)([29]26,3,4)([30]26,9,4)([31]29,5,4)([32]31,24,6)([33]19,28,7)([34]10,12,5)([35]20,10,2)([36]32,33,2)([37]32,19,5)([38]16,5,1)([39]28,3,3)([40]9,35,2)([41]1,21,6)([42]29,7,6)([43]41,40,0)([44]21,42,3)([45]35,44,7)([46]36,4,4)([47]45,22,2)([48]3,34,3)([49]0,47,3)([50]34,26,3)([51]22,18,5)([52]35,22,1)([53]18,28,0)([54]35,14,5)([55]37,33,7)([56]55,45,7)([57]44,32,2)([58]8,35,4)([59]24,43,7)([60]4,40,7)([61]1,53,1)([62]61,51,7)([63]25,30,3)([64]56,43,2)([65]46,47,4)([66]30,36,2)([67]19,16,5)([68]26,62,7)([69]62,11,6)([70]58,17,6)([71]15,14,3)([72]13,53,1)([73]47,30,0)([74]21,27,5)([75]70,48,6)([76]25,65,4)([77]15,25,0)([78]75,76,6)([79]54,78,7)([80]54,31,7)([81]26,14,6)([82]63,31,0)([83]80,16,2)([84]6,68,4)([85]6,39,1)([86]30,15,1)(79)
evaluations: 46120250
first invidual area: 134.94
{7,1,80,1,2,1,8}([7]6,5,7)([8]0,6,4)([9]2,6,1)([10]2,1,4)([11]4,2,7)([12]10,11,3)([13]9,1,3)([14]11,0,5)([15]6,9,7)([16]12,15,2)([17]4,16,7)([18]14,13,5)([19]7,9,5)([20]15,0,5)([21]1,5,2)([22]18,1,3)([23]18,8,6)([24]23,5,6)([25]1,3,3)([26]9,14,5)([27]7,1,3)([28]8,4,2)([29]17,3,4)([30]7,22,0)([31]29,5,4)([32]31,24,6)([33]19,28,4)([34]22,31,6)([35]20,10,2)([36]32,33,5)([37]11,34,7)([38]10,34,1)([39]11,17,4)([40]10,24,2)([41]2,7,1)([42]32,30,6)([43]20,33,6)([44]39,42,3)([45]35,44,7)([46]36,4,4)([47]45,22,5)([48]3,38,3)([49]40,26,4)([50]6,9,6)([51]36,21,7)([52]4,28,3)([53]0,13,3)([54]35,14,5)([55]30,10,7)([56]49,37,1)([57]27,54,4)([58]17,55,5)([59]31,14,1)([60]38,25,0)([61]36,37,3)([62]58,10,7)([63]30,9,3)([64]33,37,6)([65]46,47,7)([66]17,43,0)([67]33,23,7)([68]56,51,7)([69]63,36,0)([70]16,53,6)([71]22,70,3)([72]71,8,3)([73]50,13,5)([74]45,49,1)([75]70,48,6)([76]25,65,4)([77]68,51,0)([78]75,76,6)([79]54,78,7)([80]67,31,3)([81]79,35,7)([82]6,8,6)([83]25,79,3)([84]79,68,3)([85]75,52,4)([86]41,76,1)(79)
optimized area: 126.02
time: 1078941 ms
seed: 1635814682
{7,1,80,1,2,1,8}([7]0,2,6)([8]4,0,0)([9]1,0,7)([10]4,0,5)([11]6,3,2)([12]7,3,3)([13]8,6,4)([14]6,5,6)([15]8,3,4)([16]11,15,5)([17]2,7,7)([18]6,10,0)([19]14,10,5)([20]11,18,7)([21]1,6,5)([22]5,17,7)([23]9,19,4)([24]9,7,2)([25]22,12,6)([26]7,15,6)([27]20,0,6)([28]21,9,5)([29]5,26,7)([30]8,14,0)([31]29,27,6)([32]23,31,3)([33]1,25,4)([34]22,31,3)([35]33,20,5)([36]32,12,5)([37]21,22,0)([38]30,23,7)([39]15,37,2)([40]22,16,6)([41]3,17,7)([42]4,39,6)([43]13,22,1)([44]19,14,7)([45]27,37,7)([46]36,28,4)([47]24,11,4)([48]38,34,2)([49]35,48,6)([50]28,6,6)([51]42,17,6)([52]38,9,0)([53]42,1,3)([54]24,46,6)([55]51,5,6)([56]32,47,7)([57]22,23,4)([58]15,52,0)([59]58,49,4)([60]41,33,2)([61]45,32,5)([62]2,61,2)([63]8,36,7)([64]54,59,2)([65]60,15,6)([66]34,20,7)([67]31,17,5)([68]0,43,6)([69]46,55,1)([70]36,34,4)([71]65,64,7)([72]67,40,7)([73]18,37,3)([74]40,63,1)([75]37,31,5)([76]61,9,0)([77]21,29,3)([78]52,26,2)([79]57,75,6)([80]10,69,4)([81]25,35,2)([82]57,5,2)([83]79,71,3)([84]83,36,1)([85]13,81,2)([86]0,51,0)(83)
evaluations: 47967926
first invidual area: 123.21
{7,1,80,1,2,1,8}([7]0,2,6)([8]4,4,2)([9]1,0,7)([10]4,0,5)([11]6,3,2)([12]7,3,3)([13]8,6,1)([14]6,5,6)([15]8,3,4)([16]6,13,5)([17]2,7,6)([18]13,11,2)([19]14,10,5)([20]11,6,7)([21]1,6,5)([22]5,17,7)([23]9,19,4)([24]9,7,2)([25]22,12,6)([26]7,15,6)([27]20,23,6)([28]21,9,5)([29]5,26,7)([30]11,7,4)([31]29,27,6)([32]23,31,3)([33]1,25,4)([34]22,31,3)([35]33,20,5)([36]32,12,5)([37]36,9,6)([38]8,23,7)([39]27,21,0)([40]12,2,2)([41]4,17,7)([42]31,5,7)([43]15,28,5)([44]1,20,2)([45]0,42,3)([46]36,28,4)([47]33,11,1)([48]38,34,2)([49]35,48,6)([50]35,32,5)([51]20,35,2)([52]31,31,2)([53]33,44,1)([54]24,46,6)([55]47,1,3)([56]24,49,2)([57]22,23,4)([58]15,31,0)([59]58,49,4)([60]41,33,2)([61]3,9,7)([62]38,3,7)([63]41,38,4)([64]54,59,2)([65]60,15,6)([66]64,9,5)([67]54,16,2)([68]33,15,5)([69]67,9,5)([70]51,12,5)([71]65,64,7)([72]17,60,6)([73]53,65,6)([74]73,59,0)([75]21,31,5)([76]41,11,6)([77]62,70,2)([78]12,15,6)([79]57,75,6)([80]68,19,2)([81]7,74,0)([82]36,76,0)([83]79,71,3)([84]17,2,4)([85]1,22,4)([86]37,57,2)(83)
optimized area: 120.86
time: 1062135 ms
seed: 1635857906
NOT FOUND
time: 1062958 ms
seed: 1635899848
{7,1,80,1,2,1,8}([7]3,2,3)([8]2,7,6)([9]4,6,5)([10]3,1,4)([11]5,1,0)([12]6,4,0)([13]11,2,5)([14]3,13,6)([15]13,4,3)([16]2,10,4)([17]0,10,1)([18]6,10,3)([19]18,12,0)([20]12,5,3)([21]9,11,6)([22]20,21,7)([23]3,19,2)([24]0,0,3)([25]12,5,1)([26]16,12,1)([27]14,4,3)([28]2,16,3)([29]6,11,6)([30]23,29,5)([31]28,11,3)([32]19,24,6)([33]4,2,3)([34]19,22,1)([35]34,31,1)([36]12,26,5)([37]33,8,1)([38]27,32,4)([39]33,17,3)([40]18,37,2)([41]38,7,5)([42]31,6,4)([43]4,40,4)([44]1,25,2)([45]10,3,6)([46]42,38,5)([47]18,7,3)([48]23,18,2)([49]33,13,6)([50]1,36,2)([51]3,26,1)([52]48,46,6)([53]29,1,6)([54]31,51,1)([55]5,32,3)([56]46,40,6)([57]32,16,5)([58]33,37,5)([59]22,3,2)([60]18,18,4)([61]17,1,3)([62]8,27,4)([63]26,59,4)([64]16,37,3)([65]18,62,3)([66]15,24,5)([67]3,30,7)([68]36,40,7)([69]58,22,7)([70]38,37,3)([71]66,68,7)([72]52,39,4)([73]0,37,0)([74]63,72,7)([75]38,18,2)([76]71,50,4)([77]13,17,6)([78]76,20,2)([79]11,27,7)([80]50,12,3)([81]74,78,6)([82]40,12,0)([83]75,58,6)([84]9,31,0)([85]81,62,7)([86]7,77,2)(85)
evaluations: 14220312
first invidual area: 123.66
{7,1,80,1,2,1,8}([7]2,5,5)([8]7,4,3)([9]8,5,7)([10]3,1,4)([11]6,1,1)([12]10,2,7)([13]5,6,5)([14]4,9,1)([15]3,8,3)([16]14,5,3)([17]5,11,4)([18]10,6,3)([19]18,2,6)([20]6,5,3)([21]3,2,6)([22]5,2,3)([23]3,18,2)([24]18,19,7)([25]0,18,3)([26]2,23,5)([27]15,14,5)([28]6,7,0)([29]10,22,6)([30]16,20,5)([31]28,29,7)([32]31,17,4)([33]2,27,6)([34]7,9,0)([35]25,27,7)([36]12,6,5)([37]0,29,4)([38]18,15,1)([39]5,38,0)([40]6,8,7)([41]30,28,1)([42]33,0,5)([43]14,2,2)([44]9,41,5)([45]37,41,0)([46]31,35,5)([47]18,33,5)([48]24,44,1)([49]43,4,7)([50]1,36,5)([51]42,3,3)([52]23,46,3)([53]19,8,5)([54]8,0,5)([55]3,30,5)([56]35,2,6)([57]5,6,6)([58]0,25,0)([59]46,5,1)([60]58,49,6)([61]38,40,2)([62]12,48,2)([63]12,55,7)([64]10,18,3)([65]53,33,5)([66]1,49,0)([67]33,13,5)([68]54,47,7)([69]11,5,5)([70]21,27,7)([71]36,68,4)([72]52,42,5)([73]50,71,7)([74]47,6,4)([75]63,72,4)([76]49,66,3)([77]54,9,1)([78]73,20,2)([79]59,41,5)([80]23,60,7)([81]29,36,6)([82]75,78,3)([83]27,39,2)([84]78,38,4)([85]82,70,7)([86]85,66,3)(85)
optimized area: 106.32
time: 1189180 ms
seed: 1635936075
{7,1,80,1,2,1,8}([7]0,3,5)([8]5,6,3)([9]2,3,6)([10]7,8,5)([11]1,9,0)([12]8,4,3)([13]0,11,4)([14]4,1,4)([15]14,6,6)([16]15,2,5)([17]3,6,2)([18]13,17,6)([19]16,3,4)([20]19,1,4)([21]17,18,5)([22]21,1,1)([23]19,21,0)([24]14,23,3)([25]20,4,4)([26]5,20,4)([27]26,8,7)([28]9,4,4)([29]22,24,4)([30]28,4,6)([31]30,25,3)([32]2,15,0)([33]18,28,6)([34]0,25,6)([35]26,32,7)([36]9,25,5)([37]10,7,7)([38]18,15,2)([39]25,26,4)([40]39,7,1)([41]38,33,4)([42]0,8,3)([43]10,40,7)([44]30,29,7)([45]35,27,4)([46]31,1,2)([47]34,34,6)([48]29,30,0)([49]16,22,7)([50]30,42,7)([51]27,43,2)([52]31,31,2)([53]41,12,4)([54]8,22,1)([55]19,48,0)([56]19,11,3)([57]42,44,2)([58]51,53,3)([59]57,38,1)([60]47,35,2)([61]36,44,5)([62]43,56,3)([63]51,61,6)([64]29,14,0)([65]56,7,7)([66]6,60,4)([67]59,15,5)([68]59,62,2)([69]60,68,6)([70]55,35,3)([71]69,47,4)([72]58,28,4)([73]65,62,2)([74]40,41,7)([75]18,50,5)([76]65,25,3)([77]74,56,7)([78]1,61,2)([79]71,58,5)([80]51,76,4)([81]69,40,5)([82]50,50,5)([83]16,12,3)([84]16,0,2)([85]60,20,4)([86]65,23,4)(79)
evaluations: 11086461
first invidual area: 137.73
{7,1,80,1,2,1,8}([7]3,0,5)([8]6,5,3)([9]2,3,6)([10]8,7,5)([11]10,6,2)([12]8,4,6)([13]1,0,4)([14]1,4,4)([15]14,6,6)([16]9,4,6)([17]15,2,5)([18]11,13,6)([19]17,3,4)([20]1,5,7)([21]10,13,5)([22]17,8,2)([23]9,4,4)([24]19,14,4)([25]23,8,7)([26]19,20,7)([27]17,5,2)([28]26,12,4)([29]4,25,3)([30]18,15,5)([31]17,23,5)([32]6,17,3)([33]23,18,3)([34]0,24,3)([35]26,10,7)([36]0,23,0)([37]2,26,7)([38]24,19,6)([39]15,11,0)([40]33,30,5)([41]40,12,4)([42]34,37,2)([43]35,24,7)([44]16,38,4)([45]42,37,2)([46]35,38,3)([47]6,6,6)([48]6,36,2)([49]38,16,3)([50]20,10,2)([51]28,43,5)([52]20,47,7)([53]22,6,2)([54]14,11,3)([55]6,8,6)([56]35,3,0)([57]21,44,5)([58]51,41,5)([59]19,46,3)([60]23,21,7)([61]8,8,2)([62]59,57,2)([63]55,57,5)([64]22,53,5)([65]15,39,1)([66]8,48,3)([67]42,51,4)([68]51,33,1)([69]42,62,6)([70]53,61,7)([71]40,49,7)([72]34,69,4)([73]51,63,7)([74]58,72,5)([75]55,10,3)([76]54,56,4)([77]56,24,4)([78]56,0,7)([79]3,41,1)([80]31,57,3)([81]56,35,5)([82]68,20,3)([83]40,5,1)([84]28,40,4)([85]4,0,0)([86]73,21,1)(74)
optimized area: 119.46
time: 1287866 ms
seed: 1635972275
NOT FOUND
time: 1065622 ms
seed: 1636008154
NOT FOUND
time: 1064154 ms
seed: 1636042784
{7,1,80,1,2,1,8}([7]3,4,2)([8]1,7,4)([9]2,0,4)([10]1,0,2)([11]10,8,4)([12]3,10,7)([13]6,5,6)([14]8,3,4)([15]9,7,7)([16]0,6,6)([17]13,2,6)([18]16,14,3)([19]8,7,6)([20]4,3,6)([21]18,13,2)([22]15,19,3)([23]5,12,6)([24]14,21,4)([25]17,5,4)([26]20,5,4)([27]15,25,6)([28]10,20,3)([29]24,9,6)([30]26,15,2)([31]0,27,3)([32]8,31,4)([33]11,14,0)([34]26,29,7)([35]33,29,3)([36]22,12,5)([37]31,36,6)([38]31,8,6)([39]20,10,4)([40]24,36,2)([41]6,3,2)([42]7,17,2)([43]6,35,4)([44]43,34,6)([45]41,12,2)([46]27,4,2)([47]44,28,2)([48]38,40,3)([49]27,18,4)([50]37,24,7)([51]48,47,7)([52]30,20,2)([53]47,39,7)([54]20,46,7)([55]51,27,2)([56]46,1,3)([57]44,41,2)([58]0,29,7)([59]6,52,2)([60]32,36,5)([61]51,58,0)([62]9,47,7)([63]24,40,4)([64]53,53,0)([65]59,61,7)([66]57,62,6)([67]49,26,2)([68]35,31,1)([69]40,64,0)([70]56,65,4)([71]57,62,0)([72]39,30,7)([73]26,63,5)([74]61,17,3)([75]9,7,5)([76]16,57,4)([77]44,42,7)([78]5,34,0)([79]22,22,7)([80]9,72,0)([81]69,72,4)([82]55,21,1)([83]48,19,7)([84]57,36,3)([85]63,1,4)([86]50,41,0)(70)
evaluations: 30040081
first invidual area: 126.03
{7,1,80,1,2,1,8}([7]4,3,2)([8]7,1,4)([9]0,2,4)([10]1,0,2)([11]10,8,4)([12]3,8,7)([13]6,5,6)([14]0,1,1)([15]13,11,3)([16]7,9,7)([17]13,2,3)([18]14,1,3)([19]18,13,5)([20]4,3,6)([21]8,5,7)([22]10,8,5)([23]17,5,7)([24]12,19,4)([25]17,11,5)([26]20,5,7)([27]23,16,6)([28]11,13,5)([29]24,9,6)([30]27,4,2)([31]8,27,3)([32]25,3,6)([33]18,30,4)([34]29,26,4)([35]11,26,3)([36]25,15,5)([37]22,1,6)([38]33,14,6)([39]30,14,4)([40]36,24,2)([41]10,20,3)([42]36,13,5)([43]35,6,4)([44]34,43,6)([45]40,26,0)([46]31,0,6)([47]44,41,5)([48]46,45,3)([49]47,28,5)([50]5,9,6)([51]3,42,7)([52]0,2,5)([53]10,0,2)([54]33,16,3)([55]36,52,0)([56]30,1,3)([57]30,34,4)([58]20,50,2)([59]6,58,5)([60]42,55,2)([61]58,9,7)([62]48,47,4)([63]8,33,5)([64]7,13,5)([65]62,59,7)([66]10,31,7)([67]52,34,3)([68]36,19,0)([69]32,66,6)([70]56,65,7)([71]58,62,7)([72]60,38,0)([73]0,0,0)([74]48,28,2)([75]18,46,0)([76]38,56,4)([77]8,40,6)([78]51,9,0)([79]17,77,5)([80]40,23,6)([81]5,33,0)([82]43,33,3)([83]34,36,3)([84]42,41,3)([85]78,84,6)([86]71,69,7)(70)
optimized area: 118.52
time: 1189251 ms
seed: 1636076693
{7,1,80,1,2,1,8}([7]1,0,7)([8]7,0,2)([9]8,1,7)([10]5,6,6)([11]2,3,5)([12]3,2,3)([13]8,3,5)([14]10,6,4)([15]12,0,7)([16]10,15,7)([17]13,15,5)([18]3,1,7)([19]14,8,2)([20]11,4,4)([21]14,10,5)([22]5,20,4)([23]4,7,4)([24]10,23,3)([25]11,5,7)([26]22,23,2)([27]2,16,3)([28]18,22,6)([29]27,17,2)([30]22,2,6)([31]20,30,3)([32]28,9,3)([33]31,32,2)([34]29,26,6)([35]34,19,4)([36]25,24,0)([37]6,26,5)([38]36,12,3)([39]11,25,4)([40]33,4,6)([41]11,39,0)([42]12,24,5)([43]6,7,7)([44]18,43,5)([45]35,33,3)([46]33,16,4)([47]16,41,6)([48]42,34,7)([49]21,44,5)([50]45,28,0)([51]20,2,0)([52]46,39,7)([53]52,44,3)([54]39,11,4)([55]45,53,5)([56]38,13,5)([57]24,5,2)([58]48,55,4)([59]30,7,3)([60]2,0,5)([61]14,57,3)([62]55,43,3)([63]31,32,2)([64]50,4,6)([65]10,55,2)([66]64,58,3)([67]57,38,0)([68]19,32,5)([69]18,64,3)([70]12,50,1)([71]20,39,5)([72]15,70,5)([73]16,71,4)([74]29,59,5)([75]38,40,3)([76]35,69,3)([77]48,22,4)([78]50,48,6)([79]77,65,5)([80]72,51,2)([81]66,79,7)([82]53,2,3)([83]19,35,4)([84]25,29,5)([85]46,69,7)([86]69,9,2)(81)
evaluations: 18725788
first invidual area: 146.66
{7,1,80,1,2,1,8}([7]0,1,7)([8]3,3,0)([9]5,6,6)([10]0,7,3)([11]10,1,2)([12]8,2,3)([13]1,3,7)([14]13,1,5)([15]0,12,7)([16]15,9,7)([17]15,14,5)([18]2,5,6)([19]8,2,5)([20]4,19,4)([21]6,7,7)([22]20,5,4)([23]7,4,4)([24]9,23,3)([25]9,21,3)([26]23,22,2)([27]16,2,3)([28]13,22,6)([29]17,27,2)([30]11,25,5)([31]20,18,3)([32]10,28,3)([33]31,32,2)([34]29,26,6)([35]21,24,3)([36]17,12,2)([37]12,30,4)([38]33,16,7)([39]38,6,4)([40]38,23,5)([41]30,34,7)([42]24,12,5)([43]13,21,5)([44]15,18,6)([45]41,33,3)([46]10,37,3)([47]38,5,7)([48]20,8,4)([49]29,20,4)([50]11,18,0)([51]26,3,4)([52]42,18,7)([53]47,43,3)([54]52,17,2)([55]45,53,5)([56]32,24,4)([57]1,9,2)([58]34,42,7)([59]53,21,7)([60]9,11,7)([61]4,48,6)([62]12,45,2)([63]35,36,3)([64]45,4,6)([65]44,55,0)([66]8,51,4)([67]55,9,2)([68]28,17,4)([69]56,16,1)([70]55,58,4)([71]56,0,6)([72]63,51,6)([73]46,62,7)([74]2,19,5)([75]68,49,1)([76]73,48,6)([77]70,15,7)([78]64,70,3)([79]49,67,5)([80]52,28,4)([81]78,79,7)([82]70,54,4)([83]21,70,6)([84]2,51,6)([85]29,47,1)([86]55,6,1)(81)
optimized area: 132.11
time: 1402716 ms
seed: 1636109751
NOT FOUND
time: 1068561 ms
seed: 1636142475
{7,1,80,1,2,1,8}([7]3,1,5)([8]0,3,4)([9]6,4,4)([10]4,1,3)([11]9,3,7)([12]10,5,5)([13]0,12,3)([14]6,8,7)([15]4,3,4)([16]15,3,6)([17]13,11,2)([18]17,7,3)([19]18,2,4)([20]9,16,7)([21]5,17,5)([22]15,10,3)([23]8,10,5)([24]9,0,2)([25]22,2,7)([26]13,18,4)([27]1,23,4)([28]25,11,0)([29]26,15,6)([30]12,14,2)([31]24,25,3)([32]21,9,3)([33]3,0,6)([34]33,5,7)([35]22,31,2)([36]15,32,6)([37]20,21,6)([38]27,32,2)([39]37,38,6)([40]14,31,6)([41]29,39,4)([42]9,40,7)([43]33,27,3)([44]42,16,6)([45]31,27,6)([46]30,2,5)([47]19,27,5)([48]26,42,6)([49]1,32,6)([50]34,12,5)([51]19,8,7)([52]38,0,6)([53]17,39,0)([54]20,35,4)([55]25,29,3)([56]43,22,7)([57]50,48,3)([58]43,53,2)([59]53,0,5)([60]47,46,2)([61]42,31,6)([62]30,33,5)([63]28,12,3)([64]60,19,4)([65]59,22,1)([66]39,12,5)([67]30,45,4)([68]23,43,4)([69]16,35,1)([70]4,25,7)([71]53,14,5)([72]44,29,5)([73]25,41,2)([74]0,28,3)([75]64,36,3)([76]35,69,3)([77]30,56,3)([78]33,14,5)([79]52,49,4)([80]75,41,5)([81]57,80,7)([82]37,67,3)([83]58,62,3)([84]63,44,7)([85]12,2,1)([86]77,46,4)(81)
evaluations: 12991405
first invidual area: 134.45
{7,1,80,1,2,1,8}([7]3,1,5)([8]3,0,4)([9]6,4,4)([10]1,4,3)([11]2,7,0)([12]5,10,5)([13]0,12,3)([14]8,6,7)([15]3,4,4)([16]7,9,4)([17]16,13,2)([18]7,17,3)([19]18,11,4)([20]18,1,0)([21]17,5,5)([22]3,1,6)([23]20,14,0)([24]10,8,5)([25]22,19,7)([26]13,23,4)([27]24,1,4)([28]26,15,6)([29]1,17,6)([30]0,15,2)([31]30,14,3)([32]21,27,2)([33]8,0,6)([34]33,5,7)([35]6,8,2)([36]21,31,2)([37]35,21,6)([38]27,19,5)([39]37,32,6)([40]36,25,6)([41]12,11,2)([42]9,40,7)([43]39,28,4)([44]34,13,2)([45]12,12,4)([46]41,14,5)([47]16,20,1)([48]26,42,6)([49]6,9,0)([50]41,26,1)([51]16,4,2)([52]50,24,5)([53]31,25,2)([54]15,22,0)([55]34,12,5)([56]4,44,3)([57]23,33,6)([58]26,44,1)([59]55,32,3)([60]38,46,5)([61]55,48,3)([62]37,44,0)([63]25,2,2)([64]19,60,7)([65]43,64,5)([66]29,24,5)([67]19,36,5)([68]14,35,3)([69]2,26,6)([70]52,58,6)([71]30,5,0)([72]44,65,5)([73]16,35,1)([74]61,1,2)([75]52,18,7)([76]39,10,7)([77]65,61,7)([78]60,5,0)([79]52,9,2)([80]4,53,7)([81]26,79,4)([82]20,80,0)([83]33,76,7)([84]22,82,5)([85]47,10,7)([86]13,65,6)(77)
optimized area: 124.61
time: 1303260 ms
seed: 1636174881
NOT FOUND
time: 1064186 ms
seed: 1636205510
{7,1,80,1,2,1,8}([7]6,0,0)([8]4,4,6)([9]5,3,2)([10]5,1,5)([11]2,9,4)([12]11,10,2)([13]7,12,7)([14]3,12,6)([15]1,7,5)([16]8,14,3)([17]9,6,3)([18]2,5,6)([19]17,4,4)([20]18,9,6)([21]6,14,4)([22]1,20,3)([23]21,3,7)([24]0,3,7)([25]22,24,7)([26]11,14,0)([27]5,12,7)([28]22,22,6)([29]4,0,3)([30]13,16,5)([31]23,30,1)([32]5,17,6)([33]23,9,0)([34]24,20,5)([35]8,10,5)([36]1,1,5)([37]18,6,3)([38]4,16,6)([39]30,15,2)([40]4,30,7)([41]30,14,2)([42]19,41,7)([43]13,9,5)([44]19,25,3)([45]40,18,1)([46]0,27,6)([47]44,4,7)([48]43,32,5)([49]21,34,2)([50]29,45,5)([51]24,29,6)([52]46,50,1)([53]47,46,7)([54]36,53,7)([55]9,23,7)([56]18,16,7)([57]21,2,6)([58]54,49,6)([59]54,21,1)([60]39,11,4)([61]59,50,6)([62]25,61,7)([63]25,26,7)([64]0,63,5)([65]16,4,4)([66]35,28,6)([67]18,37,7)([68]13,42,4)([69]35,57,4)([70]60,62,6)([71]28,46,4)([72]27,24,3)([73]58,42,6)([74]60,42,3)([75]44,12,6)([76]73,70,3)([77]51,62,6)([78]46,8,3)([79]60,20,0)([80]58,40,4)([81]51,76,1)([82]49,3,7)([83]26,53,1)([84]18,22,5)([85]43,42,2)([86]68,17,3)(76)
evaluations: 24561643
first invidual area: 126.48
{7,1,80,1,2,1,8}([7]4,1,1)([8]2,5,6)([9]5,3,2)([10]1,5,5)([11]2,9,4)([12]10,11,2)([13]6,12,7)([14]3,12,6)([15]7,14,3)([16]13,15,5)([17]9,6,3)([18]8,7,1)([19]17,4,4)([20]9,8,6)([21]17,14,4)([22]5,12,7)([23]20,1,6)([24]0,23,7)([25]3,24,4)([26]6,1,5)([27]21,19,1)([28]25,13,5)([29]27,15,5)([30]15,12,1)([31]18,16,5)([32]28,21,2)([33]14,20,2)([34]15,27,5)([35]27,19,0)([36]25,24,7)([37]6,35,5)([38]9,12,4)([39]16,26,5)([40]28,11,1)([41]37,19,4)([42]39,2,2)([43]11,39,7)([44]19,25,6)([45]1,3,1)([46]0,22,6)([47]7,30,0)([48]32,45,0)([49]15,27,1)([50]0,35,5)([51]4,44,4)([52]30,19,5)([53]51,46,7)([54]39,14,4)([55]11,26,5)([56]53,1,4)([57]38,17,7)([58]56,32,6)([59]58,41,6)([60]56,5,0)([61]50,58,6)([62]25,61,7)([63]53,50,7)([64]62,43,6)([65]30,31,0)([66]50,20,6)([67]52,46,7)([68]27,50,3)([69]16,62,2)([70]12,35,4)([71]8,45,5)([72]35,23,3)([73]49,46,6)([74]48,53,7)([75]13,52,0)([76]59,64,3)([77]68,16,0)([78]48,13,2)([79]51,1,6)([80]2,79,5)([81]57,37,0)([82]65,40,3)([83]48,58,7)([84]23,37,7)([85]33,38,2)([86]10,61,0)(76)
optimized area: 114.30
time: 1270072 ms
seed: 1636235522
NOT FOUND
time: 1077299 ms
