seed: 1634023176
NOT FOUND
time: 524281 ms
seed: 1634071961
NOT FOUND
time: 537619 ms
seed: 1634233527
NOT FOUND
time: 526781 ms
seed: 1634371054
NOT FOUND
time: 527719 ms
seed: 1634420059
NOT FOUND
time: 541502 ms
seed: 1634628334
NOT FOUND
time: 539905 ms
seed: 1635155416
NOT FOUND
time: 530670 ms
seed: 1635204493
NOT FOUND
time: 527614 ms
seed: 1635384228
NOT FOUND
time: 983567 ms
seed: 1635635239
NOT FOUND
time: 1098635 ms
seed: 1635682890
NOT FOUND
time: 1071149 ms
seed: 1635730774
NOT FOUND
time: 1059130 ms
seed: 1635777984
NOT FOUND
time: 1085596 ms
seed: 1635824929
{7,1,80,1,2,1,8}([7]3,6,6)([8]0,4,7)([9]5,6,5)([10]2,4,2)([11]8,4,3)([12]10,7,7)([13]1,5,1)([14]3,9,4)([15]14,12,5)([16]12,8,6)([17]16,6,4)([18]0,4,3)([19]5,11,2)([20]14,19,6)([21]4,13,7)([22]2,9,7)([23]17,11,5)([24]23,3,2)([25]20,22,3)([26]23,21,6)([27]23,9,4)([28]6,9,6)([29]16,5,6)([30]18,29,7)([31]4,24,2)([32]7,5,1)([33]23,23,6)([34]5,1,1)([35]12,3,5)([36]30,27,6)([37]1,22,3)([38]1,20,4)([39]30,9,0)([40]38,34,4)([41]4,33,0)([42]26,16,7)([43]8,16,6)([44]15,14,2)([45]37,3,4)([46]12,43,2)([47]36,3,4)([48]38,25,2)([49]16,22,6)([50]6,32,1)([51]37,47,4)([52]16,40,7)([53]27,26,3)([54]25,33,3)([55]48,53,6)([56]37,35,2)([57]8,16,2)([58]53,46,2)([59]39,30,7)([60]40,56,5)([61]44,60,2)([62]61,55,7)([63]58,16,5)([64]58,37,5)([65]9,54,3)([66]31,43,6)([67]18,23,5)([68]35,52,0)([69]51,67,5)([70]54,42,6)([71]66,69,7)([72]18,54,6)([73]60,51,5)([74]8,60,2)([75]21,17,3)([76]71,73,3)([77]25,53,0)([78]76,62,2)([79]73,68,6)([80]73,11,5)([81]75,39,5)([82]59,53,5)([83]30,32,0)([84]16,36,0)([85]33,77,4)([86]79,10,2)(78)
evaluations: 39577089
first invidual area: 139.58
{7,1,80,1,2,1,8}([7]6,3,6)([8]0,4,7)([9]6,5,5)([10]2,4,5)([11]4,8,3)([12]7,10,4)([13]9,7,0)([14]3,13,4)([15]11,8,4)([16]8,12,6)([17]6,16,4)([18]0,4,3)([19]5,11,2)([20]14,19,6)([21]18,1,4)([22]2,13,7)([23]17,11,5)([24]23,18,2)([25]20,22,3)([26]21,13,6)([27]9,23,4)([28]12,13,1)([29]16,5,6)([30]18,29,7)([31]17,14,2)([32]24,20,2)([33]17,14,0)([34]33,28,6)([35]33,20,6)([36]12,23,3)([37]1,22,3)([38]1,20,4)([39]30,27,3)([40]38,5,7)([41]3,10,5)([42]38,31,4)([43]8,16,6)([44]28,14,2)([45]27,1,1)([46]18,31,7)([47]39,3,4)([48]38,25,2)([49]41,40,2)([50]28,42,6)([51]37,47,7)([52]49,6,1)([53]27,48,3)([54]11,3,6)([55]26,53,6)([56]40,41,2)([57]54,45,1)([58]21,19,1)([59]15,44,1)([60]37,56,5)([61]44,60,5)([62]61,55,4)([63]43,32,0)([64]33,21,5)([65]31,28,4)([66]32,43,3)([67]52,50,7)([68]40,34,5)([69]41,44,6)([70]49,17,6)([71]66,24,4)([72]49,59,4)([73]60,51,5)([74]11,23,4)([75]73,50,2)([76]71,73,3)([77]40,76,7)([78]76,62,2)([79]43,14,7)([80]57,6,7)([81]30,40,0)([82]32,25,4)([83]32,7,0)([84]30,17,2)([85]79,10,7)([86]19,9,0)(78)
optimized area: 131.63
time: 1134426 ms
seed: 1635868045
{7,1,80,1,2,1,8}([7]3,5,7)([8]0,5,3)([9]6,0,7)([10]1,0,6)([11]4,7,3)([12]1,5,5)([13]4,6,5)([14]2,6,3)([15]10,1,4)([16]9,15,2)([17]0,13,3)([18]3,17,5)([19]5,1,7)([20]16,8,5)([21]12,9,7)([22]8,0,1)([23]13,12,7)([24]19,1,0)([25]10,2,4)([26]0,18,7)([27]18,6,6)([28]18,7,6)([29]20,4,4)([30]14,11,2)([31]8,2,2)([32]25,20,4)([33]7,31,5)([34]24,28,6)([35]33,27,4)([36]31,10,6)([37]26,23,4)([38]32,29,6)([39]35,38,7)([40]9,39,6)([41]30,25,3)([42]7,34,6)([43]38,33,3)([44]9,3,2)([45]30,4,3)([46]22,7,2)([47]37,18,3)([48]0,3,4)([49]19,41,2)([50]34,3,6)([51]27,41,1)([52]16,25,1)([53]34,18,5)([54]37,39,6)([55]32,34,2)([56]43,16,7)([57]35,29,3)([58]28,15,5)([59]48,34,1)([60]44,45,4)([61]42,31,6)([62]56,47,5)([63]58,3,4)([64]60,26,6)([65]29,10,0)([66]31,35,7)([67]0,9,5)([68]62,8,2)([69]62,11,5)([70]15,45,3)([71]64,55,2)([72]38,14,0)([73]54,71,7)([74]49,62,2)([75]56,66,3)([76]39,4,0)([77]73,74,7)([78]26,37,4)([79]61,12,2)([80]39,49,2)([81]68,58,7)([82]76,54,1)([83]61,14,5)([84]59,57,3)([85]57,35,5)([86]26,35,1)(77)
evaluations: 30730704
first invidual area: 140.08
{7,1,80,1,2,1,8}([7]5,3,7)([8]5,0,3)([9]0,6,7)([10]1,0,6)([11]9,3,2)([12]5,1,5)([13]4,6,5)([14]6,2,3)([15]10,1,3)([16]15,9,2)([17]11,13,3)([18]3,17,5)([19]1,5,7)([20]16,8,5)([21]7,4,3)([22]1,8,2)([23]13,12,7)([24]22,19,6)([25]10,2,4)([26]0,18,7)([27]6,18,3)([28]7,8,2)([29]4,25,4)([30]14,21,2)([31]2,17,5)([32]20,25,4)([33]28,2,5)([34]11,21,5)([35]33,27,7)([36]15,16,2)([37]26,23,4)([38]32,29,6)([39]35,38,7)([40]33,38,3)([41]30,25,3)([42]3,6,5)([43]42,31,7)([44]2,0,6)([45]30,4,6)([46]37,39,6)([47]37,18,3)([48]18,39,7)([49]19,41,2)([50]26,25,2)([51]28,32,5)([52]14,26,7)([53]0,23,0)([54]15,46,2)([55]24,32,5)([56]40,16,7)([57]30,38,6)([58]39,16,6)([59]36,29,6)([60]27,8,4)([61]8,17,3)([62]56,47,5)([63]45,11,6)([64]63,26,3)([65]33,17,1)([66]42,4,4)([67]17,48,0)([68]2,38,7)([69]62,62,2)([70]20,56,2)([71]55,64,6)([72]46,7,5)([73]71,46,4)([74]49,62,5)([75]1,31,1)([76]40,71,4)([77]13,29,7)([78]71,3,5)([79]74,73,7)([80]10,26,1)([81]35,78,5)([82]20,25,7)([83]70,20,3)([84]77,21,1)([85]36,31,5)([86]3,78,6)(79)
optimized area: 134.44
time: 1199207 ms
seed: 1635910125
NOT FOUND
time: 1070323 ms
seed: 1635946374
NOT FOUND
time: 1054248 ms
seed: 1635982570
NOT FOUND
time: 1060918 ms
seed: 1636018390
{7,1,80,1,2,1,8}([7]6,4,2)([8]5,4,6)([9]0,6,4)([10]9,7,7)([11]5,4,4)([12]9,8,3)([13]9,3,3)([14]3,7,4)([15]1,14,6)([16]14,6,6)([17]12,2,4)([18]5,16,2)([19]10,15,3)([20]6,14,4)([21]5,19,7)([22]17,13,5)([23]17,14,5)([24]22,18,7)([25]1,4,4)([26]20,24,3)([27]6,16,7)([28]6,11,2)([29]25,6,3)([30]25,5,1)([31]10,20,3)([32]28,2,6)([33]4,19,7)([34]25,0,3)([35]32,31,2)([36]16,35,7)([37]36,18,7)([38]26,34,2)([39]35,30,3)([40]11,36,7)([41]38,29,7)([42]40,41,6)([43]35,34,5)([44]18,11,3)([45]24,43,5)([46]37,1,3)([47]18,1,3)([48]21,39,6)([49]26,19,3)([50]42,9,1)([51]48,31,4)([52]25,2,3)([53]21,44,2)([54]46,53,2)([55]50,43,4)([56]6,23,4)([57]45,36,0)([58]22,13,5)([59]25,12,5)([60]18,26,6)([61]58,27,3)([62]13,17,2)([63]24,24,1)([64]53,42,4)([65]24,33,4)([66]24,40,7)([67]52,0,5)([68]0,12,6)([69]2,58,0)([70]45,33,6)([71]62,61,1)([72]32,15,1)([73]54,61,5)([74]28,58,0)([75]17,59,1)([76]22,66,7)([77]43,6,1)([78]73,48,4)([79]39,43,1)([80]22,78,3)([81]18,15,6)([82]78,64,2)([83]57,82,7)([84]82,27,1)([85]57,77,1)([86]49,71,2)(83)
evaluations: 11761998
first invidual area: 148.98
{7,1,80,1,2,1,8}([7]4,6,2)([8]4,5,6)([9]6,0,4)([10]9,7,7)([11]4,5,4)([12]9,8,3)([13]9,3,3)([14]7,3,4)([15]14,1,6)([16]6,3,6)([17]2,12,4)([18]16,5,2)([19]15,10,3)([20]14,6,4)([21]19,5,7)([22]17,13,5)([23]19,14,1)([24]22,18,7)([25]4,1,4)([26]24,20,3)([27]6,16,6)([28]6,25,6)([29]25,13,1)([30]11,6,2)([31]20,11,0)([32]10,31,3)([33]2,30,6)([34]25,0,3)([35]33,32,2)([36]35,16,4)([37]26,34,5)([38]20,35,4)([39]35,37,5)([40]36,11,4)([41]37,28,7)([42]40,41,3)([43]35,34,5)([44]18,11,3)([45]24,43,5)([46]1,35,3)([47]29,35,3)([48]21,47,3)([49]13,22,5)([50]48,37,4)([51]50,44,2)([52]29,22,3)([53]21,44,5)([54]16,39,2)([55]49,27,3)([56]37,41,4)([57]53,42,4)([58]52,55,1)([59]47,53,1)([60]14,36,6)([61]30,7,6)([62]9,52,4)([63]23,48,5)([64]28,59,2)([65]38,53,4)([66]41,17,2)([67]42,9,3)([68]39,41,3)([69]46,21,2)([70]7,36,4)([71]10,18,5)([72]33,23,2)([73]69,55,5)([74]5,45,6)([75]72,2,2)([76]12,12,7)([77]52,48,6)([78]73,48,2)([79]37,31,4)([80]78,68,1)([81]38,27,1)([82]78,57,5)([83]45,82,4)([84]62,20,1)([85]3,77,6)([86]9,82,7)(83)
optimized area: 138.18
time: 1416979 ms
seed: 1636053150
NOT FOUND
time: 1071125 ms
seed: 1636086999
{7,1,80,1,2,1,8}([7]5,0,5)([8]5,1,2)([9]3,8,6)([10]6,4,7)([11]6,5,2)([12]6,1,7)([13]7,9,4)([14]0,5,4)([15]10,13,4)([16]12,5,4)([17]9,14,6)([18]10,16,7)([19]11,9,4)([20]10,3,2)([21]0,3,5)([22]14,12,4)([23]15,19,6)([24]11,14,6)([25]0,6,4)([26]17,20,2)([27]13,18,3)([28]16,15,6)([29]2,26,7)([30]28,29,6)([31]3,25,7)([32]31,27,2)([33]26,21,4)([34]17,8,7)([35]31,2,1)([36]2,18,3)([37]4,0,2)([38]19,11,4)([39]10,18,3)([40]5,12,1)([41]15,21,3)([42]36,26,2)([43]41,35,4)([44]8,39,3)([45]36,37,7)([46]44,7,0)([47]31,1,6)([48]43,34,6)([49]30,19,4)([50]31,44,7)([51]46,32,4)([52]34,41,4)([53]2,30,3)([54]45,43,2)([55]52,51,3)([56]46,28,4)([57]54,49,6)([58]36,15,4)([59]20,52,1)([60]32,5,0)([61]21,41,5)([62]39,30,1)([63]53,24,2)([64]21,59,4)([65]57,64,1)([66]59,15,6)([67]50,28,0)([68]55,8,5)([69]62,61,5)([70]47,53,5)([71]40,53,1)([72]50,41,3)([73]59,39,3)([74]13,46,4)([75]21,11,3)([76]55,47,3)([77]8,46,7)([78]3,32,4)([79]65,76,2)([80]1,74,3)([81]24,34,7)([82]47,51,7)([83]61,48,2)([84]25,74,7)([85]76,67,1)([86]82,24,4)(79)
evaluations: 9839976
first invidual area: 135.41
{7,1,80,1,2,1,8}([7]0,5,5)([8]1,5,2)([9]0,5,4)([10]4,6,7)([11]3,8,6)([12]0,6,4)([13]7,11,4)([14]6,5,5)([15]5,1,7)([16]6,15,4)([17]11,9,6)([18]16,10,7)([19]11,14,4)([20]10,17,2)([21]17,12,0)([22]18,13,3)([23]13,18,7)([24]3,20,5)([25]18,17,3)([26]2,24,4)([27]2,18,6)([28]6,0,5)([29]20,13,1)([30]25,16,0)([31]12,3,7)([32]31,22,5)([33]1,31,6)([34]21,8,7)([35]13,15,5)([36]16,23,6)([37]4,34,5)([38]27,37,7)([39]21,15,4)([40]21,39,1)([41]35,39,3)([42]36,26,3)([43]32,28,5)([44]10,30,6)([45]32,44,4)([46]6,30,3)([47]3,40,2)([48]9,45,3)([49]42,19,4)([50]0,34,0)([51]27,15,3)([52]22,37,6)([53]1,7,4)([54]38,43,2)([55]21,39,0)([56]54,49,3)([57]13,54,5)([58]35,34,5)([59]38,47,2)([60]59,40,2)([61]4,55,1)([62]58,45,3)([63]34,14,0)([64]3,55,3)([65]35,11,4)([66]58,23,1)([67]55,33,6)([68]3,65,7)([69]9,7,2)([70]9,17,0)([71]35,7,1)([72]67,62,5)([73]12,13,6)([74]49,48,2)([75]34,28,4)([76]62,33,3)([77]46,36,1)([78]12,60,2)([79]76,56,2)([80]25,74,3)([81]20,45,7)([82]4,45,1)([83]50,65,3)([84]34,21,0)([85]15,49,3)([86]60,68,3)(79)
optimized area: 124.62
time: 1280314 ms
seed: 1636120066
NOT FOUND
time: 1071694 ms
seed: 1636152730
{7,1,80,1,2,1,8}([7]3,1,7)([8]6,2,4)([9]7,3,0)([10]1,4,4)([11]6,0,3)([12]4,6,2)([13]3,2,7)([14]3,7,0)([15]13,8,2)([16]6,12,7)([17]15,4,2)([18]11,13,7)([19]1,8,2)([20]17,13,5)([21]18,10,3)([22]9,0,5)([23]22,18,7)([24]19,1,3)([25]23,12,5)([26]19,21,4)([27]26,16,4)([28]23,27,6)([29]17,0,4)([30]14,10,7)([31]23,26,2)([32]19,25,2)([33]1,30,4)([34]17,5,7)([35]29,30,2)([36]34,25,6)([37]35,5,3)([38]25,9,5)([39]11,29,6)([40]36,34,1)([41]3,19,7)([42]33,15,4)([43]29,18,2)([44]31,26,0)([45]38,6,6)([46]38,37,3)([47]3,1,3)([48]2,47,6)([49]47,25,0)([50]43,9,0)([51]26,47,3)([52]51,17,4)([53]8,33,1)([54]50,51,7)([55]27,1,3)([56]28,5,3)([57]0,53,4)([58]46,11,7)([59]17,13,5)([60]31,37,7)([61]1,45,1)([62]60,55,5)([63]0,44,4)([64]20,7,7)([65]44,20,2)([66]42,60,4)([67]64,0,7)([68]66,37,0)([69]54,19,7)([70]57,60,1)([71]1,62,6)([72]24,11,0)([73]40,67,3)([74]40,71,4)([75]73,44,7)([76]12,13,0)([77]23,40,3)([78]43,66,4)([79]75,56,4)([80]20,57,0)([81]78,45,3)([82]81,44,5)([83]27,66,6)([84]81,69,5)([85]22,13,4)([86]84,79,2)(86)
evaluations: 12206484
first invidual area: 163.08
{7,1,80,1,2,1,8}([7]1,3,7)([8]6,2,4)([9]6,3,1)([10]4,1,4)([11]1,3,0)([12]0,6,6)([13]3,2,7)([14]7,0,5)([15]13,8,5)([16]9,8,0)([17]13,13,3)([18]13,12,4)([19]11,8,2)([20]9,4,3)([21]18,10,3)([22]4,17,2)([23]18,14,7)([24]13,7,1)([25]8,22,5)([26]19,21,4)([27]17,6,3)([28]26,20,4)([29]0,25,7)([30]23,20,0)([31]26,23,5)([32]23,22,5)([33]7,16,2)([34]15,18,7)([35]8,17,4)([36]4,26,3)([37]21,29,2)([38]21,16,0)([39]21,29,1)([40]5,31,7)([41]40,2,7)([42]2,27,1)([43]37,13,5)([44]12,34,5)([45]3,26,6)([46]40,37,6)([47]43,39,3)([48]24,7,0)([49]21,25,6)([50]22,8,7)([51]19,45,3)([52]45,23,7)([53]17,31,3)([54]17,9,7)([55]11,50,7)([56]15,32,2)([57]28,23,6)([58]2,17,3)([59]49,34,7)([60]19,7,6)([61]46,10,7)([62]27,51,7)([63]40,57,3)([64]15,61,7)([65]43,39,7)([66]14,35,7)([67]21,23,0)([68]64,32,6)([69]51,43,4)([70]58,48,7)([71]40,5,5)([72]52,7,3)([73]69,0,3)([74]60,64,4)([75]2,45,1)([76]21,53,6)([77]6,37,2)([78]67,77,1)([79]53,58,5)([80]50,26,1)([81]74,33,3)([82]63,68,3)([83]82,38,5)([84]81,69,5)([85]0,60,6)([86]84,82,2)(86)
optimized area: 119.93
time: 1322108 ms
seed: 1636185128
NOT FOUND
time: 1155656 ms
seed: 1636215803
{7,1,80,1,2,1,8}([7]4,3,3)([8]0,0,6)([9]7,2,2)([10]7,6,4)([11]5,10,6)([12]2,1,2)([13]12,11,7)([14]6,8,2)([15]5,14,6)([16]4,6,3)([17]14,13,7)([18]11,4,4)([19]17,10,6)([20]2,3,7)([21]0,4,3)([22]9,0,3)([23]14,20,6)([24]14,20,2)([25]8,4,2)([26]1,8,0)([27]25,26,5)([28]16,3,4)([29]15,0,2)([30]9,8,3)([31]24,1,3)([32]0,6,1)([33]8,19,3)([34]29,23,6)([35]28,1,2)([36]28,17,5)([37]23,33,3)([38]12,37,3)([39]27,30,4)([40]16,32,7)([41]26,9,3)([42]34,35,3)([43]31,42,7)([44]33,14,6)([45]30,26,6)([46]42,41,2)([47]0,11,4)([48]5,39,4)([49]10,8,2)([50]17,26,7)([51]38,18,2)([52]4,8,0)([53]46,51,4)([54]50,4,7)([55]38,48,5)([56]36,54,5)([57]55,9,0)([58]53,48,6)([59]56,43,5)([60]36,49,3)([61]40,39,5)([62]56,55,1)([63]59,34,2)([64]57,49,6)([65]58,21,4)([66]48,60,5)([67]23,64,7)([68]59,66,6)([69]53,68,7)([70]13,26,0)([71]63,21,2)([72]69,19,3)([73]35,35,5)([74]8,66,3)([75]5,60,5)([76]55,2,0)([77]46,4,5)([78]36,18,6)([79]47,40,5)([80]43,69,6)([81]25,21,4)([82]11,62,4)([83]67,71,6)([84]20,21,6)([85]11,68,5)([86]9,60,4)(69)
evaluations: 7937579
first invidual area: 133.50
{7,1,80,1,2,1,8}([7]4,3,3)([8]0,2,1)([9]7,2,2)([10]7,6,4)([11]10,5,6)([12]2,1,5)([13]11,12,7)([14]8,6,2)([15]5,12,1)([16]4,11,4)([17]14,13,4)([18]6,4,3)([19]5,6,2)([20]3,2,7)([21]4,17,7)([22]17,20,2)([23]14,20,6)([24]9,1,3)([25]15,0,2)([26]1,8,2)([27]26,4,5)([28]18,3,4)([29]13,7,0)([30]9,8,3)([31]22,1,3)([32]23,25,6)([33]8,19,3)([34]3,23,5)([35]28,1,2)([36]17,28,5)([37]33,23,3)([38]37,21,3)([39]30,27,5)([40]39,15,7)([41]30,30,5)([42]32,35,3)([43]31,42,7)([44]21,8,4)([45]36,33,7)([46]24,42,5)([47]44,16,4)([48]11,42,3)([49]10,30,0)([50]37,47,4)([51]16,38,5)([52]25,40,5)([53]46,51,7)([54]21,1,7)([55]8,49,2)([56]36,54,5)([57]5,18,2)([58]5,31,2)([59]56,43,5)([60]36,55,3)([61]19,8,1)([62]40,38,0)([63]40,21,0)([64]27,45,4)([65]36,10,3)([66]40,60,5)([67]50,45,5)([68]59,66,3)([69]53,68,7)([70]42,15,0)([71]2,59,1)([72]3,21,2)([73]53,10,7)([74]70,21,2)([75]70,50,1)([76]6,64,3)([77]37,42,7)([78]10,68,7)([79]70,29,5)([80]27,42,5)([81]47,13,7)([82]8,65,1)([83]67,30,7)([84]52,3,7)([85]82,54,6)([86]85,38,1)(69)
optimized area: 127.39
time: 1344819 ms
seed: 1636245733
NOT FOUND
time: 1060945 ms
seed: 1636264888
NOT FOUND
time: 1091104 ms
seed: 1636281505
{7,1,80,1,2,1,8}([7]4,1,7)([8]7,5,7)([9]8,2,7)([10]5,7,3)([11]3,2,7)([12]9,1,5)([13]12,8,5)([14]4,4,1)([15]6,3,7)([16]14,0,6)([17]15,0,7)([18]6,6,6)([19]16,17,4)([20]13,3,3)([21]6,7,6)([22]15,1,2)([23]19,12,5)([24]21,17,6)([25]16,6,3)([26]5,7,5)([27]25,1,7)([28]19,21,7)([29]26,11,2)([30]9,24,6)([31]6,30,3)([32]15,1,0)([33]12,28,7)([34]20,27,4)([35]21,10,6)([36]34,2,7)([37]33,18,7)([38]33,26,2)([39]13,20,2)([40]29,37,2)([41]19,9,2)([42]36,40,6)([43]10,4,4)([44]13,3,3)([45]23,36,5)([46]13,45,7)([47]28,28,5)([48]14,24,4)([49]48,20,4)([50]17,1,0)([51]29,23,4)([52]2,43,4)([53]22,2,1)([54]45,0,7)([55]12,11,0)([56]48,35,2)([57]31,56,4)([58]57,46,6)([59]58,42,7)([60]54,35,3)([61]45,42,3)([62]26,31,0)([63]5,11,4)([64]60,17,3)([65]63,6,7)([66]30,29,7)([67]59,16,1)([68]25,18,2)([69]3,29,2)([70]1,46,1)([71]54,0,5)([72]68,61,4)([73]59,64,5)([74]60,4,4)([75]24,40,6)([76]15,44,6)([77]61,40,5)([78]34,4,1)([79]9,35,0)([80]38,2,3)([81]76,59,3)([82]73,52,1)([83]61,23,4)([84]63,24,5)([85]26,73,4)([86]80,53,7)(85)
evaluations: 23151129
first invidual area: 141.51
{7,1,80,1,2,1,8}([7]4,1,7)([8]5,7,7)([9]2,8,7)([10]4,3,1)([11]7,6,6)([12]9,1,5)([13]12,8,5)([14]6,12,4)([15]0,3,7)([16]0,10,6)([17]15,6,7)([18]12,15,1)([19]17,16,4)([20]3,13,3)([21]19,0,3)([22]19,12,5)([23]19,11,4)([24]23,13,0)([25]6,16,6)([26]5,8,5)([27]20,1,7)([28]2,3,7)([29]26,28,2)([30]17,14,3)([31]1,15,7)([32]6,8,5)([33]10,22,5)([34]2,27,7)([35]32,5,6)([36]26,5,1)([37]24,14,4)([38]25,26,5)([39]25,34,7)([40]29,37,2)([41]31,35,2)([42]39,40,3)([43]24,17,6)([44]39,4,1)([45]22,39,5)([46]43,9,6)([47]6,46,6)([48]2,3,2)([49]19,18,1)([50]28,26,3)([51]45,13,7)([52]11,49,1)([53]47,46,0)([54]45,0,7)([55]32,28,7)([56]14,16,4)([57]53,41,6)([58]57,51,3)([59]58,42,7)([60]35,54,3)([61]48,42,2)([62]37,61,4)([63]3,6,0)([64]60,17,3)([65]9,40,0)([66]41,13,1)([67]49,46,1)([68]27,7,1)([69]67,24,0)([70]48,67,4)([71]52,13,5)([72]25,31,1)([73]64,59,5)([74]52,45,2)([75]21,50,3)([76]17,41,1)([77]66,39,6)([78]74,48,7)([79]51,38,0)([80]35,33,6)([81]72,65,3)([82]80,8,0)([83]26,73,4)([84]83,1,1)([85]14,77,1)([86]53,61,7)(83)
optimized area: 136.35
time: 1272115 ms
seed: 1636297919
{7,1,80,1,2,1,8}([7]0,1,7)([8]4,5,7)([9]1,8,4)([10]0,5,3)([11]9,10,5)([12]1,7,1)([13]2,11,4)([14]0,3,4)([15]7,3,3)([16]2,10,2)([17]6,16,6)([18]15,17,7)([19]6,13,7)([20]7,3,5)([21]11,14,5)([22]8,17,0)([23]21,18,5)([24]23,8,2)([25]19,3,4)([26]0,25,6)([27]23,2,0)([28]25,24,6)([29]26,15,2)([30]11,21,5)([31]14,24,0)([32]25,26,7)([33]24,32,3)([34]2,33,7)([35]9,19,5)([36]28,34,0)([37]20,21,4)([38]12,9,4)([39]17,1,0)([40]23,29,1)([41]34,36,3)([42]30,41,3)([43]8,10,0)([44]42,15,3)([45]35,42,7)([46]39,31,4)([47]45,5,4)([48]43,37,5)([49]41,10,4)([50]8,47,5)([51]42,48,7)([52]0,17,5)([53]31,3,2)([54]23,44,3)([55]1,10,2)([56]43,41,5)([57]45,14,7)([58]49,57,4)([59]19,12,7)([60]40,35,7)([61]54,47,4)([62]30,23,5)([63]33,62,5)([64]34,39,4)([65]24,1,0)([66]62,32,4)([67]51,49,3)([68]61,25,2)([69]39,24,5)([70]30,24,7)([71]61,67,6)([72]51,8,0)([73]20,61,5)([74]58,73,6)([75]71,64,4)([76]4,28,2)([77]23,75,2)([78]42,12,4)([79]74,77,4)([80]0,65,7)([81]23,45,5)([82]6,61,4)([83]40,11,3)([84]15,1,0)([85]43,49,3)([86]36,63,3)(79)
evaluations: 38191543
first invidual area: 150.89
{7,1,80,1,2,1,8}([7]0,1,7)([8]5,4,7)([9]8,1,4)([10]0,5,3)([11]9,10,5)([12]3,7,3)([13]2,11,7)([14]0,3,4)([15]14,9,5)([16]10,2,2)([17]6,16,6)([18]12,17,7)([19]6,13,4)([20]3,7,5)([21]11,14,5)([22]21,9,0)([23]22,18,5)([24]23,8,2)([25]19,3,4)([26]11,7,4)([27]0,24,1)([28]24,25,6)([29]9,19,5)([30]11,21,5)([31]1,13,4)([32]25,27,6)([33]24,32,6)([34]2,33,4)([35]17,16,6)([36]9,20,5)([37]17,28,6)([38]19,2,3)([39]28,30,5)([40]25,12,3)([41]34,28,3)([42]30,41,6)([43]22,11,7)([44]32,35,3)([45]29,42,4)([46]24,4,6)([47]45,5,4)([48]36,24,5)([49]41,10,4)([50]36,17,4)([51]11,6,6)([52]41,31,3)([53]15,17,1)([54]34,2,1)([55]49,14,4)([56]14,8,7)([57]1,12,1)([58]45,55,7)([59]32,54,6)([60]3,52,5)([61]52,47,5)([62]9,60,5)([63]21,60,7)([64]34,17,4)([65]30,4,7)([66]4,58,7)([67]48,49,3)([68]47,13,5)([69]39,42,0)([70]16,47,0)([71]61,67,6)([72]26,63,5)([73]20,61,5)([74]58,73,3)([75]71,64,4)([76]13,17,5)([77]23,75,5)([78]15,71,4)([79]74,77,4)([80]28,47,2)([81]74,69,1)([82]0,48,0)([83]17,78,0)([84]27,24,3)([85]10,54,2)([86]40,60,3)(79)
optimized area: 139.15
time: 1323736 ms
seed: 1636314260
NOT FOUND
time: 1050257 ms
seed: 1636330568
NOT FOUND
time: 1066148 ms
