seed: 1633864534
NOT FOUND
time: 536275 ms
seed: 1633951439
{7,1,80,1,2,1,8}([7]1,0,5)([8]4,7,2)([9]3,8,4)([10]6,1,7)([11]10,2,4)([12]11,3,5)([13]7,7,0)([14]4,6,5)([15]5,6,4)([16]9,5,6)([17]4,11,5)([18]2,1,1)([19]11,0,7)([20]7,6,4)([21]15,17,3)([22]14,12,4)([23]1,22,2)([24]1,5,7)([25]0,23,7)([26]9,19,7)([27]6,12,0)([28]20,24,1)([29]9,5,2)([30]1,8,4)([31]24,21,7)([32]1,9,2)([33]23,11,4)([34]2,17,0)([35]32,19,7)([36]33,35,5)([37]16,4,7)([38]24,17,1)([39]26,9,6)([40]16,20,2)([41]20,25,4)([42]32,17,6)([43]0,17,2)([44]33,21,3)([45]0,29,6)([46]42,12,5)([47]44,36,7)([48]42,26,4)([49]42,45,5)([50]47,37,7)([51]38,6,0)([52]26,10,4)([53]15,19,0)([54]27,22,1)([55]53,48,4)([56]31,45,6)([57]33,22,6)([58]49,41,2)([59]25,41,3)([60]48,13,3)([61]58,56,5)([62]27,55,0)([63]27,37,6)([64]43,49,5)([65]41,23,3)([66]30,8,4)([67]48,48,4)([68]49,31,2)([69]25,24,4)([70]49,38,5)([71]22,13,2)([72]52,43,6)([73]17,8,0)([74]17,14,4)([75]13,57,0)([76]3,60,1)([77]45,48,2)([78]10,8,5)([79]25,8,4)([80]68,72,2)([81]52,12,4)([82]34,65,5)([83]80,50,3)([84]83,61,2)([85]58,14,1)([86]59,18,4)(84)
evaluations: 38980631
first invidual area: 137.29
{7,1,80,1,2,1,8}([7]0,1,5)([8]7,4,5)([9]3,8,7)([10]6,1,7)([11]10,2,4)([12]3,11,5)([13]6,4,5)([14]12,13,4)([15]9,6,0)([16]5,6,4)([17]4,11,5)([18]2,4,2)([19]11,0,7)([20]7,0,5)([21]16,17,3)([22]14,1,4)([23]14,1,2)([24]1,21,4)([25]23,1,6)([26]9,19,7)([27]6,20,7)([28]9,5,3)([29]2,10,3)([30]1,15,5)([31]24,5,4)([32]4,4,0)([33]23,11,4)([34]15,30,2)([35]30,19,4)([36]0,18,1)([37]28,4,7)([38]24,23,5)([39]19,24,6)([40]33,35,5)([41]23,27,4)([42]2,26,1)([43]17,0,2)([44]21,39,1)([45]15,31,0)([46]0,34,6)([47]38,40,5)([48]33,3,7)([49]28,14,4)([50]47,37,7)([51]41,29,1)([52]26,10,4)([53]2,41,0)([54]36,47,5)([55]15,6,6)([56]31,46,6)([57]40,44,0)([58]51,45,4)([59]41,56,5)([60]58,52,5)([61]42,47,5)([62]24,45,4)([63]56,46,1)([64]61,13,5)([65]25,50,6)([66]48,15,6)([67]6,49,6)([68]39,15,7)([69]19,46,2)([70]22,35,5)([71]37,49,0)([72]52,43,6)([73]45,71,4)([74]57,30,5)([75]44,22,3)([76]30,66,0)([77]47,53,5)([78]9,46,3)([79]43,1,3)([80]31,72,2)([81]22,48,7)([82]14,56,3)([83]80,50,3)([84]83,59,2)([85]21,50,5)([86]7,23,3)(84)
optimized area: 121.35
time: 554904 ms
seed: 1634002079
{7,1,80,1,2,1,8}([7]0,6,4)([8]4,1,5)([9]8,3,7)([10]1,5,4)([11]3,7,7)([12]10,2,7)([13]5,4,4)([14]2,4,7)([15]8,12,6)([16]6,14,7)([17]1,16,6)([18]17,6,3)([19]6,17,4)([20]10,7,5)([21]20,4,7)([22]0,13,7)([23]1,2,2)([24]19,9,7)([25]23,7,2)([26]18,10,2)([27]21,0,4)([28]23,0,6)([29]16,7,6)([30]23,27,6)([31]22,14,6)([32]15,26,1)([33]32,21,4)([34]0,3,4)([35]28,9,3)([36]24,21,4)([37]14,3,7)([38]20,20,6)([39]33,0,1)([40]22,12,5)([41]39,39,1)([42]6,34,3)([43]17,26,5)([44]26,38,3)([45]42,0,6)([46]23,9,2)([47]43,7,5)([48]20,10,2)([49]36,43,2)([50]35,45,3)([51]50,43,2)([52]6,30,5)([53]31,44,5)([54]30,13,4)([55]6,49,4)([56]42,41,3)([57]14,37,0)([58]33,10,4)([59]27,26,7)([60]51,42,5)([61]39,51,3)([62]48,31,4)([63]54,52,5)([64]56,63,4)([65]13,26,1)([66]55,49,3)([67]43,28,4)([68]55,64,5)([69]68,14,7)([70]59,4,0)([71]51,68,7)([72]7,57,7)([73]23,47,4)([74]44,43,4)([75]3,45,5)([76]50,61,3)([77]53,71,2)([78]30,63,3)([79]31,17,2)([80]25,53,7)([81]6,67,7)([82]24,48,2)([83]58,53,5)([84]41,23,1)([85]19,6,6)([86]27,15,0)(77)
evaluations: 24500130
first invidual area: 148.52
{7,1,80,1,2,1,8}([7]0,6,4)([8]1,4,5)([9]3,8,7)([10]1,5,4)([11]2,5,4)([12]11,8,6)([13]5,4,4)([14]11,13,7)([15]0,11,4)([16]14,6,7)([17]1,16,6)([18]7,3,4)([19]6,9,4)([20]7,10,5)([21]4,20,7)([22]3,19,2)([23]2,1,2)([24]19,17,4)([25]21,1,0)([26]23,11,2)([27]21,0,4)([28]24,25,7)([29]23,0,6)([30]23,27,6)([31]14,15,6)([32]23,24,3)([33]26,12,6)([34]20,14,1)([35]9,29,3)([36]12,24,7)([37]34,26,3)([38]13,30,4)([39]20,14,5)([40]22,28,2)([41]28,24,0)([42]6,18,3)([43]17,10,5)([44]10,43,3)([45]27,6,1)([46]17,8,3)([47]3,42,6)([48]41,11,1)([49]41,43,5)([50]35,47,3)([51]24,5,1)([52]30,49,5)([53]31,37,5)([54]44,30,5)([55]49,6,7)([56]42,36,6)([57]12,32,3)([58]30,53,0)([59]30,23,4)([60]12,51,3)([61]43,50,5)([62]29,43,2)([63]52,38,5)([64]56,63,7)([65]64,7,3)([66]60,16,2)([67]18,61,2)([68]55,64,5)([69]25,35,0)([70]48,34,6)([71]68,61,4)([72]46,2,1)([73]65,19,0)([74]5,47,3)([75]42,59,1)([76]51,30,0)([77]53,71,2)([78]43,50,3)([79]32,39,0)([80]69,43,3)([81]17,50,6)([82]9,6,0)([83]5,35,5)([84]30,81,6)([85]55,12,4)([86]0,64,2)(77)
optimized area: 140.10
time: 609262 ms
seed: 1634050936
{7,1,80,1,2,1,8}([7]0,1,4)([8]5,1,7)([9]0,2,3)([10]1,6,3)([11]8,6,3)([12]11,3,7)([13]4,3,7)([14]0,12,3)([15]13,14,2)([16]12,10,2)([17]8,2,4)([18]0,4,5)([19]16,7,7)([20]10,4,2)([21]9,5,3)([22]11,20,4)([23]16,9,3)([24]1,11,6)([25]18,8,2)([26]15,17,3)([27]22,14,2)([28]17,23,2)([29]3,27,2)([30]17,19,7)([31]8,3,7)([32]26,30,7)([33]2,25,5)([34]14,33,4)([35]13,28,7)([36]32,0,6)([37]6,29,5)([38]34,35,7)([39]15,31,4)([40]16,5,7)([41]26,39,3)([42]32,19,6)([43]3,25,2)([44]6,21,7)([45]22,40,7)([46]36,8,0)([47]37,29,6)([48]46,19,4)([49]42,29,5)([50]49,44,5)([51]39,50,3)([52]49,48,7)([53]11,7,3)([54]31,27,2)([55]38,51,5)([56]26,23,5)([57]52,55,2)([58]57,54,4)([59]53,19,6)([60]50,44,4)([61]41,52,6)([62]13,49,0)([63]28,56,4)([64]49,53,5)([65]36,45,5)([66]19,24,2)([67]52,25,7)([68]59,27,1)([69]31,26,7)([70]38,13,6)([71]64,47,4)([72]12,35,5)([73]57,67,3)([74]8,70,2)([75]19,49,2)([76]37,30,3)([77]34,59,0)([78]23,54,4)([79]37,69,4)([80]75,62,4)([81]71,17,1)([82]41,2,6)([83]57,2,5)([84]59,76,1)([85]61,53,3)([86]85,54,7)(58)
evaluations: 8968444
first invidual area: 138.23
{7,1,80,1,2,1,8}([7]1,5,7)([8]7,3,7)([9]0,2,3)([10]1,6,3)([11]6,7,3)([12]11,3,7)([13]4,3,7)([14]12,0,3)([15]14,13,5)([16]10,12,5)([17]2,7,5)([18]14,4,2)([19]4,10,5)([20]15,8,7)([21]16,0,7)([22]11,19,7)([23]21,9,3)([24]1,21,4)([25]13,14,7)([26]18,17,3)([27]22,14,2)([28]22,9,3)([29]23,5,6)([30]15,17,6)([31]23,7,5)([32]17,11,0)([33]11,26,5)([34]30,24,7)([35]4,24,5)([36]0,34,6)([37]2,26,5)([38]9,10,3)([39]25,37,7)([40]29,6,4)([41]40,11,6)([42]8,31,0)([43]24,35,2)([44]3,27,2)([45]38,42,7)([46]13,40,5)([47]39,31,7)([48]36,24,4)([49]24,44,5)([50]49,40,5)([51]50,20,3)([52]48,49,4)([53]30,23,4)([54]30,29,4)([55]51,47,5)([56]1,52,6)([57]13,8,2)([58]45,37,6)([59]8,13,4)([60]15,59,1)([61]55,52,5)([62]49,41,4)([63]10,49,0)([64]3,53,0)([65]51,56,3)([66]16,57,1)([67]44,65,2)([68]27,8,5)([69]11,17,0)([70]54,47,1)([71]11,28,7)([72]64,28,4)([73]61,53,5)([74]21,71,5)([75]63,28,5)([76]37,24,6)([77]14,22,7)([78]61,68,4)([79]19,51,0)([80]67,75,3)([81]4,56,0)([82]59,17,6)([83]9,51,1)([84]0,39,1)([85]17,50,2)([86]78,32,2)(78)
optimized area: 126.03
time: 683605 ms
seed: 1634165172
{7,1,80,1,2,1,8}([7]6,0,3)([8]0,2,3)([9]6,3,7)([10]0,8,4)([11]2,9,4)([12]7,3,2)([13]10,1,3)([14]7,5,4)([15]11,14,1)([16]3,2,0)([17]8,4,5)([18]3,11,0)([19]17,5,5)([20]15,1,4)([21]4,12,6)([22]5,9,7)([23]15,17,6)([24]7,1,4)([25]4,0,4)([26]2,3,2)([27]25,14,2)([28]1,21,3)([29]24,26,4)([30]19,24,4)([31]25,19,7)([32]9,24,5)([33]16,5,2)([34]8,24,5)([35]13,30,7)([36]27,13,7)([37]8,28,4)([38]26,18,7)([39]33,28,7)([40]30,37,5)([41]22,23,5)([42]36,40,4)([43]41,16,4)([44]16,43,5)([45]10,6,7)([46]31,6,6)([47]46,44,4)([48]32,0,3)([49]33,1,2)([50]47,36,5)([51]43,42,5)([52]38,19,5)([53]49,10,0)([54]40,26,7)([55]52,34,4)([56]55,22,2)([57]55,54,6)([58]48,12,0)([59]38,3,7)([60]13,43,1)([61]24,13,2)([62]32,18,6)([63]51,50,2)([64]63,57,6)([65]18,40,1)([66]46,26,3)([67]47,8,4)([68]64,29,0)([69]13,64,7)([70]46,21,6)([71]52,31,3)([72]58,61,0)([73]13,57,3)([74]53,73,4)([75]72,66,7)([76]64,57,2)([77]41,44,3)([78]17,28,4)([79]66,16,6)([80]43,79,2)([81]25,60,3)([82]35,78,5)([83]47,8,0)([84]78,55,0)([85]69,82,4)([86]51,39,0)(85)
evaluations: 26073392
first invidual area: 149.01
{7,1,80,1,2,1,8}([7]6,0,3)([8]0,2,3)([9]3,6,7)([10]8,0,4)([11]5,2,7)([12]4,5,0)([13]10,1,3)([14]13,1,0)([15]5,5,2)([16]7,3,2)([17]4,8,5)([18]12,8,0)([19]17,5,5)([20]2,9,4)([21]15,7,4)([22]4,3,3)([23]12,16,6)([24]1,7,4)([25]18,0,4)([26]25,21,5)([27]22,9,5)([28]1,23,3)([29]3,2,5)([30]19,24,4)([31]25,19,2)([32]14,30,7)([33]17,11,6)([34]8,24,5)([35]11,32,5)([36]13,26,4)([37]17,28,4)([38]3,33,1)([39]28,8,4)([40]30,39,5)([41]20,33,5)([42]36,40,4)([43]38,41,7)([44]43,33,5)([45]31,6,3)([46]9,8,5)([47]44,45,7)([48]15,38,5)([49]40,21,4)([50]36,47,5)([51]43,42,5)([52]38,19,5)([53]26,2,0)([54]40,29,5)([55]52,34,4)([56]33,37,0)([57]18,4,7)([58]24,48,1)([59]4,36,5)([60]13,52,1)([61]54,55,6)([62]51,13,2)([63]51,50,2)([64]63,61,3)([65]41,54,4)([66]33,15,1)([67]42,44,7)([68]10,15,1)([69]64,67,1)([70]19,13,0)([71]1,59,0)([72]10,66,3)([73]34,16,6)([74]50,33,0)([75]12,34,3)([76]16,35,4)([77]54,61,1)([78]64,13,4)([79]51,5,6)([80]42,45,4)([81]20,45,7)([82]32,37,5)([83]5,13,4)([84]53,80,3)([85]78,82,4)([86]30,43,6)(85)
optimized area: 138.21
time: 618611 ms
seed: 1634212459
{7,1,80,1,2,1,8}([7]2,4,2)([8]4,1,5)([9]7,6,7)([10]0,9,7)([11]3,0,3)([12]5,4,2)([13]3,8,4)([14]13,0,1)([15]12,0,4)([16]5,3,0)([17]10,16,5)([18]2,7,1)([19]14,9,6)([20]16,19,6)([21]20,15,2)([22]21,20,5)([23]11,2,3)([24]13,15,1)([25]20,14,3)([26]25,15,7)([27]24,18,2)([28]14,16,3)([29]28,17,5)([30]13,28,7)([31]29,25,4)([32]22,31,7)([33]1,27,7)([34]32,1,0)([35]23,29,7)([36]15,23,2)([37]30,7,7)([38]22,19,1)([39]32,33,6)([40]33,18,1)([41]27,4,3)([42]35,39,4)([43]10,15,6)([44]9,3,6)([45]29,17,3)([46]37,44,7)([47]7,6,5)([48]46,26,2)([49]10,42,0)([50]42,49,5)([51]37,48,3)([52]34,7,0)([53]50,41,4)([54]15,33,3)([55]21,50,5)([56]41,4,4)([57]45,1,2)([58]29,49,0)([59]43,58,4)([60]22,39,3)([61]6,13,4)([62]1,53,6)([63]56,51,7)([64]4,11,7)([65]18,50,3)([66]52,47,2)([67]22,61,1)([68]11,62,2)([69]20,38,1)([70]54,48,1)([71]64,64,5)([72]52,51,5)([73]23,4,0)([74]59,62,2)([75]68,35,0)([76]7,43,6)([77]66,26,0)([78]32,45,3)([79]63,68,6)([80]42,79,2)([81]36,4,2)([82]74,80,7)([83]2,71,1)([84]6,52,6)([85]12,49,1)([86]21,36,6)(82)
evaluations: 15111878
first invidual area: 147.11
{7,1,80,1,2,1,8}([7]2,4,2)([8]4,1,5)([9]6,7,7)([10]9,0,7)([11]3,0,3)([12]4,5,5)([13]3,8,4)([14]13,12,1)([15]0,12,7)([16]3,9,3)([17]14,9,6)([18]2,15,4)([19]10,5,5)([20]17,5,6)([21]8,0,4)([22]10,15,6)([23]2,11,3)([24]15,20,5)([25]20,14,3)([26]15,25,7)([27]13,2,6)([28]5,14,3)([29]28,19,5)([30]27,1,4)([31]25,24,5)([32]10,22,3)([33]5,31,5)([34]31,23,4)([35]4,30,3)([36]31,29,7)([37]30,36,6)([38]5,1,6)([39]16,26,2)([40]30,30,0)([41]32,22,7)([42]34,37,7)([43]21,20,5)([44]22,29,4)([45]33,7,4)([46]4,2,1)([47]45,39,6)([48]10,20,3)([49]0,14,4)([50]10,42,5)([51]23,33,5)([52]32,33,5)([53]50,35,4)([54]46,27,2)([55]33,45,1)([56]19,27,3)([57]8,15,6)([58]9,40,7)([59]33,6,6)([60]32,40,7)([61]58,11,5)([62]1,53,6)([63]54,47,3)([64]26,58,0)([65]21,51,1)([66]39,10,6)([67]15,30,6)([68]62,11,2)([69]8,53,7)([70]69,8,4)([71]33,2,3)([72]17,40,5)([73]62,29,7)([74]62,44,5)([75]52,67,5)([76]4,48,2)([77]35,6,5)([78]73,34,6)([79]63,68,6)([80]42,79,5)([81]43,1,2)([82]80,74,7)([83]24,77,1)([84]64,19,5)([85]16,72,7)([86]81,50,4)(82)
optimized area: 126.93
time: 750346 ms
seed: 1634309486
NOT FOUND
time: 529842 ms
seed: 1634350010
{7,1,80,1,2,1,8}([7]2,0,3)([8]4,7,7)([9]0,3,3)([10]0,1,5)([11]3,8,4)([12]9,3,0)([13]8,10,0)([14]1,5,4)([15]14,6,4)([16]4,5,4)([17]13,5,7)([18]0,15,4)([19]9,17,5)([20]19,10,5)([21]20,18,3)([22]10,3,7)([23]8,7,7)([24]20,8,0)([25]8,6,1)([26]11,1,3)([27]13,19,2)([28]18,4,5)([29]7,11,7)([30]28,3,0)([31]8,27,1)([32]26,2,4)([33]21,32,7)([34]33,22,2)([35]1,0,2)([36]29,5,2)([37]26,1,7)([38]28,3,5)([39]36,7,4)([40]33,10,3)([41]34,22,1)([42]26,13,7)([43]39,9,4)([44]32,4,1)([45]13,36,1)([46]40,3,2)([47]14,17,7)([48]44,26,5)([49]1,4,3)([50]14,39,3)([51]39,7,3)([52]20,26,4)([53]41,38,2)([54]44,36,6)([55]8,21,7)([56]26,7,3)([57]46,5,6)([58]0,28,7)([59]7,47,1)([60]54,19,4)([61]21,43,6)([62]45,2,3)([63]45,14,6)([64]48,5,0)([65]41,58,6)([66]18,45,6)([67]57,58,5)([68]52,37,6)([69]65,64,2)([70]50,55,2)([71]47,40,2)([72]63,36,0)([73]25,18,3)([74]29,14,4)([75]70,69,4)([76]44,72,5)([77]20,6,0)([78]75,67,4)([79]57,58,2)([80]65,75,7)([81]65,0,2)([82]10,37,2)([83]34,63,2)([84]14,54,2)([85]53,66,2)([86]50,28,5)(78)
evaluations: 17690608
first invidual area: 114.79
{7,1,80,1,2,1,8}([7]2,0,3)([8]4,7,7)([9]5,6,6)([10]0,1,5)([11]5,8,7)([12]0,5,0)([13]0,3,3)([14]1,5,4)([15]14,0,4)([16]13,11,5)([17]8,12,1)([18]15,6,4)([19]14,8,7)([20]10,16,5)([21]20,18,3)([22]1,15,3)([23]7,18,0)([24]4,18,5)([25]4,3,4)([26]17,1,3)([27]26,2,3)([28]9,25,1)([29]1,25,5)([30]21,8,7)([31]13,12,6)([32]29,7,7)([33]2,30,4)([34]1,32,1)([35]21,21,7)([36]0,8,6)([37]15,31,7)([38]20,16,2)([39]3,10,7)([40]36,23,1)([41]3,19,0)([42]26,2,5)([43]19,13,2)([44]14,39,1)([45]42,10,3)([46]36,36,7)([47]43,35,7)([48]8,21,5)([49]46,23,5)([50]14,32,3)([51]19,18,3)([52]30,8,5)([53]27,21,7)([54]45,3,2)([55]13,22,7)([56]27,6,2)([57]54,5,6)([58]24,0,7)([59]46,18,2)([60]46,24,4)([61]20,43,2)([62]30,50,5)([63]53,39,5)([64]28,53,4)([65]58,15,0)([66]63,58,6)([67]57,65,5)([68]56,52,5)([69]66,42,5)([70]64,59,5)([71]24,46,0)([72]41,6,1)([73]55,42,7)([74]37,49,5)([75]62,69,4)([76]59,42,1)([77]39,42,2)([78]75,67,4)([79]57,28,3)([80]39,76,2)([81]25,73,5)([82]15,4,3)([83]22,2,1)([84]52,65,5)([85]63,74,3)([86]67,25,4)(78)
optimized area: 104.47
time: 605804 ms
seed: 1634398994
{7,1,80,1,2,1,8}([7]0,3,1)([8]7,2,5)([9]4,3,4)([10]9,5,6)([11]9,8,5)([12]6,10,7)([13]12,0,0)([14]12,0,6)([15]7,5,6)([16]4,14,6)([17]1,16,6)([18]4,1,7)([19]12,5,3)([20]11,4,6)([21]5,1,7)([22]7,6,5)([23]21,3,2)([24]4,0,7)([25]12,3,3)([26]2,24,2)([27]2,23,6)([28]22,14,1)([29]11,18,6)([30]10,17,4)([31]20,13,1)([32]4,26,4)([33]18,13,7)([34]26,19,6)([35]34,29,4)([36]8,12,3)([37]20,23,6)([38]35,31,7)([39]7,4,5)([40]39,14,5)([41]2,2,1)([42]23,15,7)([43]32,33,2)([44]35,42,6)([45]30,38,2)([46]21,6,6)([47]43,34,2)([48]27,26,3)([49]42,43,2)([50]30,17,1)([51]50,27,5)([52]46,45,3)([53]6,5,7)([54]10,25,0)([55]48,34,5)([56]54,22,5)([57]39,52,4)([58]47,44,0)([59]57,47,1)([60]33,34,4)([61]51,60,6)([62]18,21,0)([63]12,58,5)([64]17,32,2)([65]22,36,4)([66]49,59,6)([67]43,21,1)([68]49,20,0)([69]13,50,6)([70]25,69,3)([71]58,60,6)([72]34,9,4)([73]44,66,7)([74]8,73,4)([75]70,0,3)([76]62,4,1)([77]21,36,7)([78]68,18,1)([79]61,74,3)([80]62,26,6)([81]23,32,0)([82]26,55,7)([83]45,4,4)([84]57,74,1)([85]46,37,6)([86]12,72,5)(79)
evaluations: 22559338
first invidual area: 132.57
{7,1,80,1,2,1,8}([7]0,2,1)([8]2,7,5)([9]3,4,4)([10]5,9,3)([11]8,9,5)([12]6,10,4)([13]0,12,6)([14]4,7,4)([15]5,7,3)([16]13,4,6)([17]15,0,3)([18]1,4,7)([19]4,7,5)([20]3,4,0)([21]1,5,7)([22]18,12,7)([23]5,12,3)([24]6,21,6)([25]2,11,6)([26]2,14,2)([27]26,9,0)([28]3,21,5)([29]16,1,3)([30]11,18,6)([31]9,29,7)([32]4,27,4)([33]25,29,5)([34]26,23,6)([35]34,30,4)([36]34,22,4)([37]15,28,7)([38]11,34,4)([39]38,16,3)([40]1,8,4)([41]30,4,5)([42]20,24,2)([43]33,13,0)([44]35,37,6)([45]31,38,6)([46]32,22,2)([47]22,8,4)([48]46,30,2)([49]8,46,3)([50]13,11,0)([51]46,37,2)([52]45,24,6)([53]26,45,7)([54]2,5,4)([55]32,51,3)([56]34,25,7)([57]19,52,4)([58]39,14,7)([59]6,1,5)([60]23,9,1)([61]33,36,6)([62]9,25,6)([63]13,54,6)([64]2,4,1)([65]54,31,3)([66]51,57,6)([67]63,45,1)([68]1,63,4)([69]2,46,6)([70]26,12,1)([71]30,9,7)([72]26,2,0)([73]44,8,4)([74]66,73,7)([75]2,5,3)([76]62,50,4)([77]66,64,6)([78]77,76,5)([79]45,39,6)([80]75,75,3)([81]73,8,7)([82]55,48,5)([83]51,77,7)([84]61,74,3)([85]25,75,1)([86]4,16,6)(84)
optimized area: 125.56
time: 612026 ms
seed: 1634448040
{7,1,80,1,2,1,8}([7]5,4,3)([8]2,0,3)([9]0,4,4)([10]2,5,3)([11]6,7,2)([12]8,3,4)([13]0,11,3)([14]6,1,6)([15]1,14,4)([16]5,15,2)([17]0,11,7)([18]4,15,2)([19]13,15,5)([20]7,14,6)([21]9,8,4)([22]21,6,4)([23]18,4,0)([24]3,1,4)([25]6,12,2)([26]17,5,3)([27]6,15,0)([28]20,24,4)([29]22,9,3)([30]1,25,7)([31]10,0,2)([32]22,19,2)([33]21,2,7)([34]27,30,6)([35]3,17,3)([36]16,34,4)([37]35,35,3)([38]32,28,4)([39]35,37,3)([40]2,33,3)([41]16,29,2)([42]4,10,7)([43]38,42,6)([44]2,19,6)([45]3,10,2)([46]7,15,3)([47]14,2,2)([48]39,2,4)([49]30,26,7)([50]25,43,4)([51]45,31,7)([52]49,50,3)([53]16,48,3)([54]39,30,7)([55]6,3,7)([56]45,52,2)([57]19,27,4)([58]46,9,4)([59]36,43,6)([60]38,56,4)([61]43,60,6)([62]43,19,5)([63]6,10,5)([64]3,34,7)([65]56,39,6)([66]41,41,1)([67]12,0,2)([68]14,55,1)([69]40,17,7)([70]69,42,6)([71]68,3,3)([72]69,54,2)([73]72,59,5)([74]34,56,4)([75]36,57,4)([76]54,21,0)([77]58,59,4)([78]35,44,5)([79]60,73,7)([80]48,50,2)([81]51,5,4)([82]63,64,6)([83]34,0,4)([84]25,70,6)([85]81,14,5)([86]22,43,0)(79)
evaluations: 21232257
first invidual area: 141.99
{7,1,80,1,2,1,8}([7]4,5,3)([8]2,0,3)([9]8,0,4)([10]2,5,3)([11]6,7,2)([12]3,7,5)([13]3,8,4)([14]6,1,6)([15]14,1,3)([16]5,15,5)([17]0,11,7)([18]0,11,3)([19]10,3,2)([20]7,14,6)([21]9,4,7)([22]6,14,6)([23]3,9,5)([24]1,3,4)([25]6,13,2)([26]21,11,0)([27]6,26,7)([28]24,20,4)([29]15,18,5)([30]25,1,7)([31]29,18,3)([32]22,10,1)([33]22,16,7)([34]17,5,6)([35]34,30,4)([36]27,29,5)([37]12,30,2)([38]28,36,7)([39]13,36,4)([40]25,26,3)([41]10,20,2)([42]4,10,7)([43]38,42,6)([44]4,3,7)([45]19,3,0)([46]17,3,6)([47]2,26,3)([48]22,33,5)([49]47,34,4)([50]25,43,4)([51]21,44,0)([52]35,50,3)([53]10,0,7)([54]1,33,6)([55]33,43,6)([56]19,52,5)([57]31,43,7)([58]26,1,6)([59]14,51,1)([60]38,56,4)([61]15,53,6)([62]40,49,3)([63]46,30,4)([64]35,35,3)([65]2,7,3)([66]19,26,3)([67]49,36,2)([68]63,47,3)([69]47,17,7)([70]49,55,3)([71]15,63,0)([72]69,63,2)([73]72,55,5)([74]16,43,0)([75]60,73,7)([76]60,58,6)([77]11,72,5)([78]63,64,7)([79]60,73,4)([80]8,28,2)([81]70,11,6)([82]50,0,6)([83]8,48,5)([84]43,83,5)([85]73,18,2)([86]70,2,6)(79)
optimized area: 131.20
time: 612970 ms
seed: 1634508244
{7,1,80,1,2,1,8}([7]1,4,7)([8]2,4,4)([9]6,5,7)([10]0,8,4)([11]2,7,6)([12]6,10,4)([13]7,1,5)([14]5,13,4)([15]8,10,7)([16]12,15,2)([17]14,16,3)([18]17,1,5)([19]16,3,0)([20]0,17,4)([21]14,9,3)([22]1,5,2)([23]21,20,5)([24]17,21,3)([25]23,4,3)([26]23,11,6)([27]10,26,6)([28]11,5,0)([29]25,1,3)([30]26,11,4)([31]22,16,4)([32]15,28,6)([33]26,19,3)([34]11,30,1)([35]17,27,7)([36]12,6,1)([37]16,18,6)([38]3,14,7)([39]4,36,2)([40]31,29,7)([41]34,25,2)([42]30,1,4)([43]14,6,4)([44]18,23,5)([45]37,34,2)([46]45,23,1)([47]3,34,2)([48]5,45,7)([49]3,48,2)([50]38,48,2)([51]50,40,4)([52]35,43,2)([53]51,42,0)([54]39,35,5)([55]47,13,0)([56]6,41,5)([57]6,46,2)([58]52,21,1)([59]54,49,0)([60]30,33,0)([61]13,28,4)([62]6,4,1)([63]12,58,7)([64]55,10,7)([65]43,10,7)([66]3,37,5)([67]8,28,5)([68]64,30,7)([69]33,64,2)([70]35,36,1)([71]9,52,0)([72]12,50,2)([73]54,16,2)([74]59,53,2)([75]52,48,5)([76]49,8,0)([77]47,18,5)([78]42,63,7)([79]6,12,3)([80]49,12,3)([81]74,69,3)([82]18,40,3)([83]82,65,2)([84]6,44,2)([85]77,62,5)([86]26,3,2)(81)
evaluations: 14480041
first invidual area: 122.75
{7,1,80,1,2,1,8}([7]4,1,7)([8]2,0,7)([9]4,1,5)([10]8,4,7)([11]2,7,6)([12]6,10,4)([13]3,7,1)([14]5,9,4)([15]0,8,1)([16]12,15,2)([17]16,14,3)([18]6,9,7)([19]3,14,7)([20]17,15,7)([21]14,18,3)([22]1,5,5)([23]8,22,6)([24]8,15,6)([25]20,21,5)([26]25,11,6)([27]8,20,5)([28]26,7,5)([29]1,28,3)([30]22,29,5)([31]12,16,1)([32]25,19,7)([33]18,5,7)([34]10,31,7)([35]19,14,1)([36]14,6,5)([37]2,27,4)([38]26,16,3)([39]14,1,5)([40]39,16,6)([41]22,3,1)([42]4,31,2)([43]26,16,0)([44]11,37,1)([45]44,40,5)([46]14,44,0)([47]3,44,5)([48]5,45,4)([49]30,16,4)([50]19,48,5)([51]50,49,7)([52]43,31,4)([53]16,32,1)([54]37,42,5)([55]7,17,2)([56]38,36,7)([57]31,0,3)([58]21,41,2)([59]57,39,2)([60]0,28,3)([61]10,47,4)([62]54,51,2)([63]57,2,7)([64]7,33,6)([65]22,44,1)([66]38,46,1)([67]29,25,3)([68]13,1,6)([69]38,61,2)([70]18,20,3)([71]29,50,1)([72]0,69,4)([73]68,62,0)([74]9,20,5)([75]0,5,7)([76]23,69,2)([77]45,28,5)([78]42,28,2)([79]33,17,3)([80]77,66,6)([81]11,42,0)([82]7,22,0)([83]78,34,3)([84]39,35,1)([85]78,0,2)([86]69,62,3)(86)
optimized area: 113.82
time: 638584 ms
seed: 1634607437
{7,1,80,1,2,1,8}([7]6,4,7)([8]1,2,7)([9]0,2,7)([10]4,5,4)([11]9,8,5)([12]3,1,4)([13]12,11,7)([14]8,0,6)([15]7,2,4)([16]6,3,7)([17]14,12,3)([18]13,6,6)([19]14,3,3)([20]18,14,7)([21]0,15,3)([22]17,5,5)([23]4,10,1)([24]22,19,2)([25]3,6,2)([26]9,19,7)([27]4,10,6)([28]22,15,0)([29]15,28,0)([30]16,26,5)([31]14,28,3)([32]13,27,2)([33]17,28,4)([34]11,9,7)([35]28,30,3)([36]15,10,2)([37]25,36,3)([38]32,1,7)([39]24,4,2)([40]37,26,3)([41]20,10,2)([42]8,36,0)([43]35,15,6)([44]23,38,1)([45]15,2,1)([46]30,8,5)([47]26,38,6)([48]7,8,4)([49]21,38,2)([50]23,12,4)([51]32,24,0)([52]29,13,4)([53]12,0,5)([54]39,49,7)([55]8,4,1)([56]38,52,2)([57]7,21,5)([58]57,41,2)([59]12,43,2)([60]3,52,6)([61]40,37,3)([62]28,61,1)([63]58,54,3)([64]32,44,6)([65]32,33,3)([66]33,23,1)([67]15,53,2)([68]3,33,6)([69]60,52,4)([70]59,10,6)([71]61,65,3)([72]44,68,0)([73]6,31,1)([74]26,34,6)([75]6,1,7)([76]27,53,5)([77]18,35,6)([78]28,75,4)([79]48,65,7)([80]48,37,5)([81]71,6,1)([82]71,63,7)([83]48,5,6)([84]80,69,0)([85]66,6,7)([86]59,82,4)(86)
evaluations: 8575084
first invidual area: 131.65
{7,1,80,1,2,1,8}([7]6,4,7)([8]1,2,7)([9]0,2,7)([10]9,8,5)([11]3,6,2)([12]1,3,4)([13]10,12,7)([14]0,8,6)([15]7,2,4)([16]13,6,3)([17]14,12,3)([18]4,8,4)([19]3,14,3)([20]16,14,4)([21]0,15,3)([22]17,5,5)([23]15,4,2)([24]4,19,2)([25]18,12,5)([26]19,9,7)([27]0,11,0)([28]5,24,4)([29]4,28,6)([30]26,23,3)([31]22,24,5)([32]13,29,2)([33]20,22,1)([34]1,32,7)([35]8,15,3)([36]14,21,3)([37]28,20,2)([38]22,15,3)([39]14,20,6)([40]22,17,5)([41]17,17,7)([42]7,21,5)([43]38,25,6)([44]34,36,7)([45]21,25,5)([46]40,11,3)([47]27,26,0)([48]3,6,5)([49]13,22,1)([50]25,25,7)([51]15,38,7)([52]21,34,5)([53]52,31,7)([54]30,43,5)([55]32,30,3)([56]44,13,0)([57]24,7,5)([58]42,37,2)([59]16,2,6)([60]16,56,7)([61]15,57,1)([62]1,33,1)([63]58,53,3)([64]13,53,7)([65]25,43,5)([66]41,3,0)([67]60,34,3)([68]61,47,0)([69]55,46,6)([70]34,52,7)([71]63,55,1)([72]35,55,7)([73]53,53,4)([74]48,16,3)([75]67,22,4)([76]3,8,4)([77]66,35,4)([78]76,41,0)([79]67,4,2)([80]50,0,3)([81]66,17,0)([82]63,69,4)([83]74,65,1)([84]18,59,1)([85]10,23,6)([86]54,82,7)(86)
optimized area: 125.08
time: 648506 ms
seed: 1635134357
{7,1,80,1,2,1,8}([7]0,2,5)([8]5,3,6)([9]7,3,5)([10]9,2,2)([11]0,4,3)([12]10,1,7)([13]2,6,7)([14]4,8,6)([15]13,7,4)([16]2,13,7)([17]11,13,4)([18]5,12,4)([19]14,5,7)([20]11,3,5)([21]18,2,5)([22]4,7,2)([23]19,21,6)([24]4,20,2)([25]19,12,3)([26]24,16,5)([27]2,3,7)([28]18,27,3)([29]15,20,1)([30]17,5,1)([31]25,15,2)([32]26,11,4)([33]31,32,4)([34]20,30,7)([35]33,0,3)([36]35,28,3)([37]7,0,7)([38]37,31,6)([39]26,29,4)([40]17,17,0)([41]14,35,7)([42]23,24,6)([43]42,41,7)([44]41,32,4)([45]18,34,5)([46]43,36,7)([47]10,5,2)([48]13,38,3)([49]45,41,3)([50]49,1,2)([51]43,22,1)([52]46,38,6)([53]26,13,0)([54]11,42,2)([55]35,13,3)([56]8,19,7)([57]54,56,2)([58]52,39,4)([59]42,20,1)([60]27,35,0)([61]24,6,2)([62]35,3,3)([63]50,57,3)([64]17,25,0)([65]3,20,4)([66]11,30,1)([67]31,44,2)([68]24,33,7)([69]19,12,7)([70]10,9,6)([71]60,40,4)([72]8,16,0)([73]58,63,3)([74]38,1,7)([75]51,73,4)([76]32,73,7)([77]64,38,6)([78]24,61,5)([79]69,39,0)([80]20,38,3)([81]38,31,1)([82]9,67,0)([83]32,16,2)([84]78,59,5)([85]30,65,2)([86]2,42,0)(75)
evaluations: 41358438
first invidual area: 151.33
{7,1,80,1,2,1,8}([7]0,2,5)([8]5,3,6)([9]3,7,5)([10]9,2,5)([11]4,0,3)([12]1,10,4)([13]6,2,7)([14]8,4,6)([15]13,7,4)([16]8,11,1)([17]6,16,0)([18]5,12,4)([19]5,14,7)([20]3,13,1)([21]18,2,5)([22]2,5,5)([23]19,21,6)([24]20,4,2)([25]19,12,3)([26]24,17,5)([27]9,6,7)([28]11,27,3)([29]11,10,0)([30]1,20,3)([31]25,15,2)([32]11,26,5)([33]31,32,4)([34]13,24,7)([35]33,0,6)([36]18,28,3)([37]29,27,2)([38]37,31,6)([39]26,15,7)([40]2,6,2)([41]35,14,4)([42]23,24,6)([43]42,41,7)([44]34,18,3)([45]5,14,6)([46]43,36,7)([47]34,18,5)([48]40,9,6)([49]47,41,3)([50]49,1,2)([51]38,19,7)([52]46,38,6)([53]27,31,1)([54]11,42,2)([55]35,15,3)([56]16,19,5)([57]56,54,2)([58]52,39,4)([59]58,27,4)([60]50,57,3)([61]54,1,0)([62]45,39,2)([63]1,4,5)([64]29,47,6)([65]15,6,4)([66]63,57,4)([67]28,14,7)([68]12,8,5)([69]10,64,4)([70]25,35,3)([71]27,63,0)([72]23,44,2)([73]58,60,6)([74]2,46,6)([75]43,73,4)([76]13,70,6)([77]61,13,2)([78]16,39,6)([79]32,57,4)([80]5,42,6)([81]41,26,4)([82]48,16,4)([83]28,6,4)([84]12,1,2)([85]52,11,6)([86]68,76,4)(75)
optimized area: 130.22
time: 567262 ms
seed: 1635183549
{7,1,80,1,2,1,8}([7]3,4,2)([8]7,3,4)([9]0,1,1)([10]7,5,2)([11]10,0,6)([12]5,4,6)([13]9,2,4)([14]5,1,5)([15]4,13,4)([16]2,6,7)([17]9,8,5)([18]3,13,3)([19]15,17,5)([20]8,1,4)([21]10,19,4)([22]14,17,5)([23]21,15,2)([24]6,12,6)([25]2,13,3)([26]0,16,3)([27]5,5,1)([28]1,2,4)([29]1,3,4)([30]4,12,7)([31]13,16,2)([32]21,0,7)([33]2,32,6)([34]3,19,4)([35]5,31,6)([36]14,9,7)([37]31,7,6)([38]27,3,6)([39]3,38,4)([40]29,30,3)([41]37,33,2)([42]36,11,0)([43]11,26,7)([44]9,30,3)([45]41,42,4)([46]23,24,3)([47]26,11,4)([48]43,36,2)([49]0,11,7)([50]39,46,4)([51]50,45,6)([52]29,20,2)([53]17,32,4)([54]34,53,6)([55]40,48,7)([56]21,50,0)([57]47,4,3)([58]52,48,0)([59]2,21,6)([60]49,24,0)([61]20,41,4)([62]3,45,3)([63]47,6,5)([64]56,51,5)([65]44,51,5)([66]47,60,4)([67]28,66,5)([68]17,64,7)([69]55,51,6)([70]42,2,6)([71]14,35,7)([72]69,24,3)([73]71,54,2)([74]73,69,3)([75]38,0,3)([76]37,31,5)([77]17,39,0)([78]4,32,0)([79]62,73,2)([80]53,44,7)([81]50,42,0)([82]33,47,2)([83]63,78,7)([84]25,77,4)([85]25,13,5)([86]28,49,6)(74)
evaluations: 8342578
first invidual area: 137.28
{7,1,80,1,2,1,8}([7]4,3,2)([8]1,3,4)([9]7,5,2)([10]2,7,6)([11]9,0,6)([12]4,5,6)([13]0,2,7)([14]5,1,5)([15]13,4,4)([16]6,2,7)([17]3,10,5)([18]13,16,2)([19]15,17,5)([20]6,7,6)([21]9,19,4)([22]17,20,1)([23]20,8,6)([24]16,0,3)([25]7,20,5)([26]11,24,7)([27]6,25,5)([28]9,25,3)([29]7,0,6)([30]12,4,6)([31]0,14,7)([32]0,21,7)([33]19,3,4)([34]5,18,3)([35]14,0,0)([36]32,26,6)([37]6,34,3)([38]8,30,6)([39]36,10,5)([40]35,26,5)([41]5,38,0)([42]15,21,2)([43]32,32,3)([44]3,5,3)([45]6,12,6)([46]42,45,6)([47]39,31,4)([48]43,23,3)([49]14,34,5)([50]46,44,7)([51]47,50,6)([52]27,4,7)([53]32,29,6)([54]13,3,7)([55]38,40,7)([56]33,53,6)([57]49,56,2)([58]48,2,6)([59]54,52,0)([60]5,24,0)([61]60,45,5)([62]47,50,1)([63]46,28,6)([64]51,55,6)([65]57,38,0)([66]8,52,2)([67]20,57,0)([68]40,11,6)([69]23,38,6)([70]35,61,1)([71]63,17,1)([72]63,4,4)([73]49,2,5)([74]62,31,6)([75]28,25,3)([76]1,30,3)([77]19,42,1)([78]50,39,1)([79]22,13,1)([80]71,4,5)([81]61,10,7)([82]18,27,1)([83]28,72,7)([84]65,64,3)([85]57,8,4)([86]61,84,4)(84)
optimized area: 118.98
time: 654100 ms
seed: 1635320495
NOT FOUND
time: 985974 ms
seed: 1635478190
NOT FOUND
time: 991409 ms
seed: 1635614715
{7,1,80,1,2,1,8}([7]0,6,6)([8]7,1,7)([9]8,1,1)([10]2,7,5)([11]9,4,7)([12]6,7,3)([13]5,3,4)([14]6,7,7)([15]13,2,4)([16]3,7,5)([17]0,5,7)([18]14,11,3)([19]4,13,7)([20]2,18,7)([21]11,13,3)([22]1,0,4)([23]8,22,5)([24]19,14,4)([25]20,14,7)([26]0,9,4)([27]7,24,5)([28]21,17,6)([29]17,22,7)([30]14,0,6)([31]2,0,2)([32]20,24,6)([33]10,5,6)([34]5,19,4)([35]25,31,6)([36]0,13,5)([37]4,16,7)([38]4,0,0)([39]31,14,7)([40]5,32,6)([41]30,26,1)([42]2,34,3)([43]7,17,3)([44]23,21,5)([45]35,12,3)([46]15,32,5)([47]42,41,4)([48]29,46,4)([49]30,32,2)([50]37,17,4)([51]47,50,3)([52]28,22,2)([53]31,48,1)([54]33,1,0)([55]26,20,6)([56]3,44,7)([57]26,47,2)([58]23,45,6)([59]16,44,2)([60]36,46,6)([61]40,35,7)([62]54,57,0)([63]61,20,2)([64]0,20,4)([65]61,45,7)([66]51,33,4)([67]7,1,7)([68]65,51,2)([69]67,2,5)([70]4,16,0)([71]25,6,5)([72]0,67,7)([73]9,2,5)([74]61,34,5)([75]52,68,4)([76]71,54,4)([77]43,25,5)([78]28,51,3)([79]48,56,2)([80]79,75,3)([81]33,73,1)([82]7,17,0)([83]71,52,2)([84]60,63,6)([85]13,50,2)([86]42,9,1)(80)
evaluations: 33445221
first invidual area: 148.55
{7,1,80,1,2,1,8}([7]0,6,6)([8]1,7,7)([9]5,1,0)([10]7,0,3)([11]4,8,4)([12]6,7,3)([13]3,5,4)([14]12,12,1)([15]5,1,0)([16]5,14,7)([17]15,0,7)([18]11,14,6)([19]13,4,7)([20]2,18,4)([21]15,1,1)([22]11,13,3)([23]13,17,6)([24]5,13,3)([25]9,1,4)([26]19,9,0)([27]14,19,4)([28]18,16,4)([29]10,8,5)([30]2,13,3)([31]19,2,3)([32]20,27,6)([33]29,18,6)([34]22,29,5)([35]32,25,3)([36]11,27,6)([37]4,7,6)([38]26,3,6)([39]26,34,0)([40]17,37,7)([41]6,30,1)([42]9,31,3)([43]0,40,5)([44]20,33,1)([45]0,8,0)([46]30,32,5)([47]42,45,4)([48]46,25,4)([49]43,20,5)([50]8,23,5)([51]47,40,3)([52]11,15,3)([53]37,52,4)([54]43,11,7)([55]16,21,5)([56]34,3,7)([57]34,21,7)([58]28,39,2)([59]9,32,6)([60]6,12,6)([61]49,59,7)([62]52,30,7)([63]6,3,7)([64]61,60,3)([65]61,12,4)([66]26,18,3)([67]4,28,2)([68]65,3,3)([69]48,9,3)([70]16,63,3)([71]31,53,7)([72]67,37,1)([73]62,10,0)([74]51,65,2)([75]50,74,2)([76]2,74,2)([77]56,43,0)([78]48,77,2)([79]36,11,6)([80]75,78,3)([81]32,8,2)([82]81,68,1)([83]71,71,0)([84]16,65,4)([85]79,68,7)([86]15,60,5)(80)
optimized area: 118.06
time: 1120203 ms
seed: 1635662357
NOT FOUND
time: 1055547 ms
seed: 1635710220
{7,1,80,1,2,1,8}([7]4,2,4)([8]1,2,7)([9]5,4,0)([10]0,1,6)([11]5,1,5)([12]3,1,7)([13]1,9,4)([14]8,13,2)([15]14,0,7)([16]13,4,4)([17]9,12,6)([18]2,0,6)([19]10,12,4)([20]8,3,4)([21]17,14,6)([22]12,6,7)([23]16,6,4)([24]16,3,5)([25]15,7,5)([26]21,22,6)([27]15,23,7)([28]7,14,7)([29]27,11,3)([30]23,0,4)([31]21,27,3)([32]22,16,5)([33]1,6,2)([34]0,19,2)([35]27,34,4)([36]31,24,2)([37]27,17,7)([38]3,20,6)([39]11,4,0)([40]13,21,7)([41]32,20,6)([42]36,30,4)([43]36,10,4)([44]10,28,2)([45]34,33,6)([46]25,15,5)([47]3,30,3)([48]39,6,2)([49]36,25,4)([50]37,45,2)([51]41,50,6)([52]16,14,5)([53]28,19,6)([54]22,5,6)([55]47,36,6)([56]18,40,6)([57]49,36,6)([58]53,40,6)([59]58,26,3)([60]59,55,4)([61]29,19,1)([62]54,53,6)([63]41,54,6)([64]3,30,3)([65]23,28,7)([66]43,14,5)([67]1,35,3)([68]18,25,7)([69]57,43,7)([70]0,45,2)([71]54,41,3)([72]40,30,4)([73]61,70,5)([74]39,4,3)([75]51,60,6)([76]28,5,2)([77]15,1,3)([78]56,33,3)([79]37,53,5)([80]69,75,4)([81]21,0,5)([82]62,16,4)([83]75,35,3)([84]60,33,4)([85]39,77,3)([86]80,11,7)(86)
evaluations: 10358355
first invidual area: 152.77
{7,1,80,1,2,1,8}([7]2,4,4)([8]5,1,5)([9]2,1,7)([10]6,6,3)([11]10,1,2)([12]3,1,7)([13]1,5,4)([14]9,13,2)([15]14,0,7)([16]4,13,4)([17]12,5,6)([18]15,6,7)([19]3,16,5)([20]8,6,0)([21]14,17,6)([22]12,10,7)([23]22,4,0)([24]2,6,4)([25]12,0,2)([26]21,23,6)([27]16,18,4)([28]14,7,7)([29]3,28,6)([30]25,11,6)([31]27,21,3)([32]15,12,2)([33]0,1,1)([34]9,6,1)([35]7,15,2)([36]19,31,2)([37]27,17,7)([38]16,22,5)([39]10,4,6)([40]28,17,3)([41]11,25,4)([42]26,21,0)([43]8,9,4)([44]12,10,4)([45]10,37,6)([46]24,38,6)([47]21,13,7)([48]9,5,7)([49]13,42,7)([50]37,30,2)([51]46,50,6)([52]42,34,5)([53]43,13,1)([54]47,29,6)([55]1,0,3)([56]33,20,6)([57]46,44,1)([58]40,3,4)([59]54,26,6)([60]59,45,6)([61]16,36,0)([62]36,47,3)([63]27,0,2)([64]8,30,5)([65]42,34,5)([66]8,55,5)([67]37,2,2)([68]15,6,3)([69]17,8,4)([70]42,4,2)([71]56,4,7)([72]61,16,6)([73]71,67,4)([74]35,36,3)([75]51,60,3)([76]75,29,5)([77]72,33,2)([78]48,77,2)([79]49,75,3)([80]66,75,4)([81]17,14,1)([82]12,5,3)([83]22,49,6)([84]74,80,4)([85]83,49,1)([86]14,40,4)(84)
optimized area: 126.97
time: 1303889 ms
seed: 1635757441
{7,1,80,1,2,1,8}([7]1,4,5)([8]3,6,3)([9]1,3,3)([10]5,4,7)([11]1,8,1)([12]3,10,7)([13]1,3,3)([14]12,5,5)([15]6,11,2)([16]4,2,5)([17]16,0,4)([18]12,17,3)([19]14,18,2)([20]8,0,3)([21]0,19,2)([22]4,17,1)([23]15,21,3)([24]7,6,3)([25]1,2,7)([26]21,23,1)([27]23,22,2)([28]1,3,3)([29]28,23,2)([30]14,24,5)([31]25,30,7)([32]7,31,7)([33]27,19,5)([34]3,12,3)([35]6,33,4)([36]32,20,7)([37]35,8,4)([38]24,36,4)([39]30,29,5)([40]29,25,5)([41]40,3,4)([42]3,31,4)([43]33,31,3)([44]0,40,5)([45]7,34,7)([46]20,1,2)([47]10,44,7)([48]42,0,3)([49]16,36,4)([50]31,43,1)([51]20,49,6)([52]20,10,1)([53]51,46,3)([54]23,22,4)([55]44,8,4)([56]44,36,2)([57]12,25,1)([58]56,29,7)([59]47,27,5)([60]18,20,4)([61]43,59,5)([62]46,9,1)([63]4,59,5)([64]59,4,1)([65]5,38,3)([66]51,27,3)([67]38,4,0)([68]33,16,3)([69]58,61,6)([70]53,45,2)([71]65,38,4)([72]4,49,0)([73]48,17,0)([74]41,3,4)([75]8,21,5)([76]22,25,5)([77]26,48,5)([78]70,24,2)([79]28,26,4)([80]23,5,0)([81]10,19,4)([82]9,38,0)([83]64,78,4)([84]74,16,3)([85]43,30,6)([86]69,83,3)(86)
evaluations: 35254519
first invidual area: 126.45
{7,1,80,1,2,1,8}([7]4,1,5)([8]3,1,3)([9]8,7,6)([10]5,4,7)([11]6,0,3)([12]3,10,7)([13]1,1,1)([14]12,5,5)([15]6,13,2)([16]2,4,5)([17]16,0,5)([18]17,12,3)([19]0,14,2)([20]11,3,3)([21]19,18,2)([22]4,21,1)([23]15,21,3)([24]6,7,3)([25]1,2,7)([26]20,1,2)([27]23,22,2)([28]9,0,4)([29]23,8,2)([30]24,14,5)([31]30,7,7)([32]25,31,7)([33]20,25,6)([34]3,12,6)([35]16,5,5)([36]32,20,7)([37]21,36,5)([38]18,22,5)([39]5,27,6)([40]29,25,5)([41]36,3,0)([42]6,39,7)([43]38,36,6)([44]40,0,5)([45]7,34,4)([46]33,40,6)([47]10,44,7)([48]8,10,0)([49]27,0,5)([50]17,31,2)([51]30,43,3)([52]26,49,3)([53]33,26,3)([54]3,41,5)([55]48,45,4)([56]44,41,5)([57]23,9,0)([58]56,29,4)([59]47,27,5)([60]44,55,1)([61]19,41,0)([62]8,13,7)([63]21,9,0)([64]56,5,4)([65]52,47,3)([66]53,46,1)([67]15,7,2)([68]1,51,4)([69]58,43,6)([70]53,45,2)([71]49,29,3)([72]20,52,5)([73]4,7,0)([74]70,7,0)([75]64,66,6)([76]48,20,5)([77]17,6,2)([78]74,24,5)([79]70,72,1)([80]11,63,4)([81]72,67,4)([82]72,71,4)([83]59,78,4)([84]71,40,5)([85]41,57,5)([86]69,83,3)(86)
optimized area: 114.73
time: 1178638 ms
seed: 1635804377
NOT FOUND
time: 1074150 ms
seed: 1635847561
{7,1,80,1,2,1,8}([7]6,2,7)([8]5,2,3)([9]1,5,7)([10]5,3,2)([11]7,10,6)([12]0,7,3)([13]8,0,4)([14]0,12,7)([15]11,13,3)([16]5,12,3)([17]9,16,2)([18]1,15,6)([19]1,4,2)([20]2,18,6)([21]7,18,2)([22]21,2,7)([23]11,21,4)([24]6,3,3)([25]3,2,4)([26]8,22,0)([27]13,22,3)([28]25,2,5)([29]3,23,5)([30]15,19,5)([31]17,18,7)([32]5,19,2)([33]26,9,4)([34]5,3,6)([35]33,4,4)([36]20,27,2)([37]22,24,2)([38]29,22,5)([39]37,30,6)([40]16,34,5)([41]9,27,3)([42]22,17,7)([43]28,30,6)([44]28,32,5)([45]15,14,7)([46]39,40,7)([47]41,3,2)([48]9,37,0)([49]13,35,5)([50]12,42,6)([51]41,40,5)([52]50,15,7)([53]35,1,6)([54]10,43,4)([55]40,49,2)([56]25,50,5)([57]53,46,7)([58]1,14,6)([59]7,34,1)([60]32,9,3)([61]55,47,7)([62]33,37,2)([63]25,53,1)([64]57,56,5)([65]44,30,4)([66]29,64,2)([67]6,19,5)([68]66,51,6)([69]68,65,7)([70]32,5,0)([71]18,38,0)([72]66,11,1)([73]15,13,4)([74]59,19,2)([75]57,48,3)([76]58,25,1)([77]53,32,7)([78]52,63,4)([79]69,58,7)([80]32,16,0)([81]25,25,3)([82]30,70,0)([83]46,61,4)([84]77,49,2)([85]11,61,3)([86]58,12,2)(79)
evaluations: 10918926
first invidual area: 136.79
{7,1,80,1,2,1,8}([7]2,6,7)([8]5,2,3)([9]5,1,7)([10]3,5,2)([11]1,9,5)([12]7,0,3)([13]0,8,4)([14]1,7,1)([15]13,1,6)([16]5,3,6)([17]9,8,5)([18]10,7,6)([19]4,1,2)([20]12,10,5)([21]7,15,2)([22]2,21,7)([23]18,21,3)([24]15,18,7)([25]10,17,7)([26]3,23,5)([27]11,10,0)([28]25,7,5)([29]23,13,3)([30]19,29,5)([31]26,0,0)([32]28,22,2)([33]0,17,5)([34]25,2,5)([35]22,33,3)([36]27,35,4)([37]4,25,7)([38]1,28,1)([39]30,32,6)([40]16,12,5)([41]16,17,4)([42]34,11,4)([43]19,42,5)([44]10,24,1)([45]34,3,2)([46]14,36,4)([47]30,43,7)([48]4,17,4)([49]48,1,6)([50]12,42,6)([51]35,40,5)([52]30,33,7)([53]12,17,6)([54]46,52,0)([55]43,7,1)([56]50,25,5)([57]38,12,5)([58]0,57,3)([59]47,39,0)([60]15,18,0)([61]55,53,0)([62]49,39,6)([63]17,16,3)([64]62,56,5)([65]51,34,4)([66]64,31,2)([67]38,23,7)([68]66,51,3)([69]58,47,5)([70]49,14,2)([71]38,65,2)([72]25,43,6)([73]39,33,3)([74]13,41,5)([75]16,50,0)([76]38,3,3)([77]39,48,4)([78]31,14,2)([79]60,49,3)([80]44,28,7)([81]6,62,4)([82]31,10,2)([83]50,4,7)([84]63,51,0)([85]68,69,7)([86]6,19,1)(85)
optimized area: 114.25
time: 1309343 ms
seed: 1635889679
NOT FOUND
time: 1047121 ms
seed: 1635925797
NOT FOUND
time: 1082026 ms
seed: 1635962016
{7,1,80,1,2,1,8}([7]6,5,4)([8]3,3,5)([9]1,7,3)([10]8,5,4)([11]0,7,0)([12]6,6,2)([13]11,4,4)([14]1,10,2)([15]7,5,6)([16]7,4,5)([17]16,2,5)([18]11,8,5)([19]8,17,7)([20]5,13,4)([21]2,20,4)([22]21,15,3)([23]16,5,0)([24]19,13,4)([25]4,10,1)([26]24,4,0)([27]5,14,7)([28]18,27,2)([29]5,17,6)([30]19,22,5)([31]4,17,6)([32]8,16,0)([33]16,0,2)([34]9,26,6)([35]29,1,4)([36]31,11,7)([37]11,22,6)([38]37,28,4)([39]29,1,3)([40]25,14,5)([41]33,8,0)([42]0,7,3)([43]4,21,5)([44]39,5,3)([45]36,28,4)([46]16,8,6)([47]7,39,2)([48]40,21,4)([49]6,47,7)([50]42,27,0)([51]15,12,6)([52]14,48,4)([53]32,45,0)([54]30,5,0)([55]8,47,0)([56]2,10,0)([57]8,42,3)([58]40,1,2)([59]17,14,3)([60]41,56,0)([61]55,13,4)([62]55,36,7)([63]20,8,1)([64]26,27,1)([65]38,49,7)([66]58,38,7)([67]30,7,0)([68]67,60,6)([69]38,46,6)([70]34,62,3)([71]35,57,1)([72]26,19,6)([73]66,42,2)([74]40,15,6)([75]57,32,3)([76]68,9,7)([77]76,73,3)([78]70,72,4)([79]48,73,5)([80]23,7,2)([81]53,26,1)([82]78,65,5)([83]72,15,3)([84]82,77,5)([85]13,52,2)([86]69,35,0)(84)
evaluations: 33081344
first invidual area: 135.86
{7,1,80,1,2,1,8}([7]5,6,4)([8]3,5,1)([9]7,1,3)([10]5,3,7)([11]7,6,6)([12]3,2,5)([13]0,4,4)([14]10,1,5)([15]8,0,5)([16]7,4,5)([17]16,2,5)([18]4,17,2)([19]8,17,7)([20]5,2,7)([21]20,13,7)([22]21,11,3)([23]14,5,4)([24]0,23,1)([25]7,23,0)([26]0,22,6)([27]0,16,2)([28]23,15,5)([29]25,27,3)([30]19,22,5)([31]4,17,3)([32]31,1,1)([33]23,26,5)([34]9,18,6)([35]21,8,2)([36]31,3,5)([37]31,10,4)([38]26,28,7)([39]29,5,5)([40]30,27,3)([41]33,29,1)([42]32,33,6)([43]30,30,5)([44]32,1,6)([45]4,23,1)([46]10,45,5)([47]7,44,5)([48]38,3,0)([49]37,31,2)([50]1,8,6)([51]47,5,7)([52]19,13,6)([53]51,51,2)([54]24,5,6)([55]8,49,4)([56]46,12,0)([57]31,3,5)([58]46,1,5)([59]35,38,6)([60]51,38,4)([61]55,54,0)([62]2,13,5)([63]0,36,4)([64]54,54,2)([65]35,55,0)([66]58,48,4)([67]48,63,5)([68]42,28,0)([69]12,18,7)([70]34,63,6)([71]4,56,2)([72]57,11,3)([73]66,29,2)([74]7,40,1)([75]72,42,1)([76]40,9,5)([77]76,73,3)([78]70,52,7)([79]1,4,6)([80]49,33,6)([81]57,20,3)([82]78,60,5)([83]20,26,1)([84]57,12,5)([85]59,42,2)([86]82,77,5)(86)
optimized area: 124.58
time: 1147250 ms
seed: 1635997835
{7,1,80,1,2,1,8}([7]3,1,4)([8]0,1,6)([9]2,6,7)([10]9,8,5)([11]6,3,6)([12]5,8,4)([13]4,10,4)([14]5,10,7)([15]4,12,3)([16]4,7,2)([17]8,2,4)([18]10,1,7)([19]0,12,3)([20]0,17,5)([21]6,15,2)([22]17,0,6)([23]3,21,7)([24]18,6,3)([25]21,5,7)([26]14,7,0)([27]13,19,4)([28]7,27,2)([29]26,18,7)([30]17,1,5)([31]12,14,4)([32]28,24,5)([33]23,24,1)([34]27,2,0)([35]13,11,5)([36]4,32,7)([37]13,15,2)([38]26,25,0)([39]7,35,3)([40]35,22,4)([41]30,21,6)([42]38,15,1)([43]23,14,7)([44]33,25,2)([45]12,24,2)([46]40,36,2)([47]20,23,4)([48]46,27,1)([49]29,35,3)([50]44,45,3)([51]27,42,6)([52]39,11,4)([53]41,16,4)([54]9,24,6)([55]53,43,5)([56]21,34,0)([57]9,20,7)([58]27,50,3)([59]39,56,6)([60]56,57,1)([61]47,55,3)([62]19,1,3)([63]19,13,3)([64]37,12,7)([65]27,52,4)([66]37,60,7)([67]37,13,2)([68]18,58,6)([69]48,61,7)([70]34,15,7)([71]26,3,1)([72]58,69,7)([73]18,49,5)([74]14,42,5)([75]14,57,3)([76]32,67,5)([77]5,76,7)([78]54,66,5)([79]28,64,5)([80]28,47,1)([81]42,2,4)([82]53,15,7)([83]60,20,5)([84]29,42,7)([85]38,72,4)([86]85,39,2)(72)
evaluations: 20012388
first invidual area: 131.19
{7,1,80,1,2,1,8}([7]1,3,4)([8]0,1,6)([9]2,6,7)([10]9,8,5)([11]6,3,6)([12]8,5,4)([13]10,4,4)([14]10,5,7)([15]1,13,0)([16]4,14,3)([17]1,2,7)([18]1,10,7)([19]12,0,3)([20]0,2,5)([21]6,16,2)([22]7,4,5)([23]3,21,4)([24]18,6,3)([25]23,20,4)([26]14,23,7)([27]13,19,4)([28]7,24,2)([29]28,27,5)([30]2,18,5)([31]21,30,6)([32]10,22,6)([33]17,9,1)([34]17,0,6)([35]13,11,5)([36]10,21,4)([37]2,13,3)([38]3,5,4)([39]34,35,4)([40]4,29,7)([41]28,7,7)([42]12,24,2)([43]16,42,5)([44]38,23,2)([45]13,21,2)([46]39,40,5)([47]0,4,7)([48]36,47,0)([49]30,24,6)([50]44,42,3)([51]36,33,3)([52]49,44,2)([53]31,22,7)([54]25,53,5)([55]20,31,5)([56]3,42,4)([57]5,3,5)([58]27,50,3)([59]49,5,3)([60]11,48,1)([61]54,26,3)([62]21,34,1)([63]39,20,3)([64]37,50,1)([65]63,21,1)([66]32,64,3)([67]9,9,3)([68]45,63,4)([69]58,61,4)([70]64,32,2)([71]65,14,3)([72]46,69,4)([73]35,11,4)([74]59,73,0)([75]30,29,4)([76]33,29,2)([77]70,58,0)([78]43,56,7)([79]41,3,2)([80]44,45,5)([81]0,60,3)([82]59,22,2)([83]39,29,6)([84]77,36,2)([85]51,84,2)([86]85,22,4)(72)
optimized area: 127.45
time: 1205670 ms
seed: 1636032429
{7,1,80,1,2,1,8}([7]5,2,4)([8]0,7,4)([9]3,1,6)([10]5,0,7)([11]1,9,6)([12]0,4,7)([13]2,6,5)([14]0,7,5)([15]1,13,7)([16]4,15,4)([17]6,0,4)([18]0,8,5)([19]16,17,5)([20]11,18,0)([21]4,8,5)([22]9,13,4)([23]11,10,3)([24]4,23,5)([25]21,20,7)([26]6,19,4)([27]22,6,6)([28]17,12,6)([29]3,1,2)([30]1,25,5)([31]17,14,5)([32]7,17,3)([33]27,5,3)([34]33,28,7)([35]32,34,7)([36]14,2,7)([37]25,9,0)([38]26,25,3)([39]0,12,3)([40]31,29,3)([41]35,38,2)([42]21,39,7)([43]13,37,0)([44]8,16,0)([45]29,4,5)([46]3,30,4)([47]0,26,5)([48]24,25,6)([49]33,45,5)([50]12,47,4)([51]44,7,2)([52]5,38,0)([53]43,16,7)([54]30,38,4)([55]42,41,5)([56]1,47,5)([57]49,56,3)([58]40,38,6)([59]23,28,2)([60]34,20,2)([61]14,35,4)([62]56,52,0)([63]42,1,1)([64]52,41,4)([65]61,1,7)([66]9,59,7)([67]58,55,4)([68]41,25,0)([69]20,45,0)([70]14,29,5)([71]17,51,7)([72]3,40,3)([73]31,23,2)([74]9,63,6)([75]74,58,6)([76]9,69,5)([77]70,66,4)([78]39,1,7)([79]16,26,1)([80]75,77,4)([81]10,5,5)([82]57,55,4)([83]58,75,6)([84]56,34,2)([85]80,82,3)([86]75,18,1)(85)
evaluations: 21255102
first invidual area: 143.82
{7,1,80,1,2,1,8}([7]5,2,4)([8]0,7,4)([9]1,3,6)([10]5,6,7)([11]1,9,6)([12]4,0,7)([13]2,6,5)([14]0,7,5)([15]1,4,7)([16]13,15,4)([17]6,0,4)([18]12,5,1)([19]16,17,5)([20]0,12,3)([21]8,4,5)([22]7,21,2)([23]17,22,3)([24]4,14,0)([25]21,11,7)([26]19,6,4)([27]5,6,0)([28]23,14,5)([29]1,3,2)([30]26,0,5)([31]9,29,5)([32]9,13,2)([33]5,32,3)([34]18,22,1)([35]33,23,4)([36]4,29,5)([37]12,19,4)([38]26,25,3)([39]0,12,6)([40]38,29,3)([41]35,38,2)([42]39,21,4)([43]42,8,1)([44]9,43,6)([45]43,30,6)([46]21,22,7)([47]41,0,2)([48]25,5,1)([49]1,36,5)([50]3,43,3)([51]10,11,3)([52]12,17,6)([53]44,34,4)([54]11,35,5)([55]42,41,5)([56]30,5,5)([57]3,47,7)([58]40,28,6)([59]51,52,5)([60]6,20,5)([61]35,53,1)([62]8,13,5)([63]55,12,0)([64]5,56,2)([65]33,32,6)([66]9,59,7)([67]35,28,4)([68]56,49,3)([69]31,35,1)([70]14,29,5)([71]18,21,0)([72]19,14,6)([73]20,71,7)([74]65,67,4)([75]44,58,3)([76]3,13,3)([77]19,17,7)([78]70,66,7)([79]55,46,0)([80]75,78,4)([81]8,80,3)([82]68,79,7)([83]37,29,0)([84]72,26,1)([85]80,82,5)([86]16,49,1)(85)
optimized area: 135.84
time: 1257372 ms
seed: 1636066397
{7,1,80,1,2,1,8}([7]4,1,5)([8]2,0,6)([9]7,7,6)([10]9,3,4)([11]2,0,3)([12]4,1,1)([13]2,12,1)([14]2,6,7)([15]6,12,3)([16]1,6,3)([17]16,5,0)([18]10,15,2)([19]5,10,4)([20]3,8,0)([21]0,16,6)([22]15,1,4)([23]4,20,7)([24]11,10,4)([25]5,23,5)([26]17,8,3)([27]11,4,1)([28]17,26,3)([29]4,2,6)([30]21,24,4)([31]4,21,3)([32]22,5,4)([33]12,32,4)([34]21,2,0)([35]33,34,1)([36]28,15,7)([37]22,0,4)([38]16,36,4)([39]31,30,6)([40]16,17,5)([41]18,34,4)([42]37,29,3)([43]25,0,7)([44]8,0,4)([45]35,14,4)([46]19,32,6)([47]42,2,4)([48]36,46,2)([49]7,48,7)([50]47,16,4)([51]49,39,4)([52]40,2,1)([53]16,29,6)([54]51,43,6)([55]48,1,3)([56]37,45,6)([57]8,5,5)([58]50,44,5)([59]30,54,4)([60]18,24,1)([61]16,58,1)([62]22,55,4)([63]40,19,5)([64]59,39,1)([65]11,41,0)([66]56,55,5)([67]61,46,4)([68]38,5,0)([69]3,51,6)([70]4,24,3)([71]33,21,3)([72]31,39,2)([73]18,59,1)([74]37,27,1)([75]55,6,2)([76]67,73,7)([77]22,20,3)([78]57,13,3)([79]76,2,6)([80]16,3,6)([81]53,10,0)([82]59,66,2)([83]27,14,1)([84]32,58,6)([85]42,12,4)([86]82,84,6)(86)
evaluations: 35768615
first invidual area: 146.19
{7,1,80,1,2,1,8}([7]1,4,5)([8]4,6,7)([9]3,8,0)([10]3,7,7)([11]4,10,7)([12]1,9,4)([13]5,11,5)([14]2,0,3)([15]1,1,3)([16]15,6,3)([17]8,14,0)([18]2,17,6)([19]8,12,3)([20]8,6,3)([21]0,16,6)([22]20,1,4)([23]18,17,1)([24]10,14,4)([25]6,8,7)([26]1,18,2)([27]9,3,4)([28]7,3,5)([29]28,21,0)([30]24,21,4)([31]4,21,3)([32]5,22,4)([33]32,17,4)([34]31,30,3)([35]15,2,6)([36]22,10,4)([37]0,22,4)([38]5,31,5)([39]13,9,2)([40]8,18,7)([41]6,26,4)([42]37,35,3)([43]13,0,7)([44]16,3,5)([45]2,33,4)([46]36,32,6)([47]42,2,4)([48]46,38,5)([49]7,48,4)([50]47,16,4)([51]49,34,7)([52]32,15,5)([53]48,21,4)([54]51,43,3)([55]15,46,3)([56]37,45,6)([57]44,31,2)([58]50,0,5)([59]30,54,7)([60]55,56,5)([61]59,17,4)([62]18,24,3)([63]11,59,0)([64]57,47,6)([65]49,21,6)([66]32,3,2)([67]10,12,3)([68]2,37,1)([69]47,17,2)([70]5,38,7)([71]56,36,4)([72]50,18,7)([73]66,71,4)([74]43,10,4)([75]49,59,1)([76]56,21,7)([77]58,65,1)([78]58,71,4)([79]32,3,1)([80]37,54,2)([81]43,9,3)([82]59,60,2)([83]41,66,0)([84]32,58,6)([85]43,84,0)([86]82,84,6)(86)
optimized area: 126.05
time: 1117997 ms
seed: 1636099447
{7,1,80,1,2,1,8}([7]6,1,4)([8]4,0,6)([9]0,1,6)([10]4,8,1)([11]3,6,4)([12]11,6,6)([13]2,9,6)([14]9,3,6)([15]0,12,4)([16]0,11,4)([17]16,4,5)([18]10,1,4)([19]17,9,0)([20]9,17,3)([21]2,0,6)([22]13,7,4)([23]6,7,2)([24]15,10,7)([25]14,21,4)([26]20,23,5)([27]17,14,5)([28]2,15,7)([29]12,8,5)([30]20,13,3)([31]19,25,7)([32]31,29,2)([33]6,31,5)([34]21,26,4)([35]5,30,2)([36]21,17,4)([37]31,20,5)([38]24,32,5)([39]34,35,2)([40]30,11,7)([41]10,9,2)([42]18,40,5)([43]5,22,2)([44]32,22,5)([45]28,44,2)([46]17,45,2)([47]1,38,2)([48]3,10,2)([49]39,27,7)([50]35,46,3)([51]2,3,6)([52]19,21,4)([53]17,30,5)([54]42,24,3)([55]3,25,1)([56]41,54,0)([57]55,32,7)([58]40,47,5)([59]26,16,3)([60]32,56,7)([61]37,45,6)([62]24,20,3)([63]15,42,7)([64]59,31,4)([65]60,54,5)([66]4,50,4)([67]18,65,7)([68]16,21,3)([69]38,29,4)([70]46,15,1)([71]67,66,2)([72]25,22,2)([73]29,16,2)([74]8,57,2)([75]49,71,7)([76]16,25,2)([77]54,74,3)([78]12,18,7)([79]52,50,2)([80]9,73,2)([81]37,48,5)([82]74,47,1)([83]8,23,1)([84]4,35,1)([85]31,2,4)([86]76,54,6)(75)
evaluations: 14954082
first invidual area: 136.34
{7,1,80,1,2,1,8}([7]1,1,0)([8]7,4,1)([9]0,1,6)([10]6,8,2)([11]3,6,4)([12]3,6,6)([13]5,4,0)([14]3,9,6)([15]2,9,1)([16]11,0,4)([17]4,16,5)([18]4,1,7)([19]11,18,5)([20]9,17,3)([21]2,0,6)([22]10,19,3)([23]20,10,5)([24]16,4,7)([25]12,0,3)([26]20,14,4)([27]21,23,4)([28]23,2,3)([29]12,24,5)([30]15,20,3)([31]21,26,7)([32]29,31,2)([33]12,21,6)([34]3,29,3)([35]30,5,2)([36]35,27,5)([37]35,35,2)([38]32,22,5)([39]24,9,5)([40]20,14,5)([41]1,7,7)([42]38,18,5)([43]20,7,3)([44]25,2,7)([45]17,38,2)([46]45,44,2)([47]46,8,6)([48]19,34,6)([49]36,40,7)([50]39,32,4)([51]16,26,3)([52]46,35,3)([53]6,47,2)([54]19,24,3)([55]52,15,0)([56]43,16,4)([57]31,12,4)([58]52,44,4)([59]58,42,3)([60]4,8,6)([61]41,41,7)([62]45,0,1)([63]38,3,5)([64]4,20,5)([65]54,50,5)([66]4,52,4)([67]18,65,7)([68]36,37,1)([69]68,24,0)([70]22,24,7)([71]67,66,5)([72]57,62,2)([73]64,68,3)([74]49,31,5)([75]71,49,7)([76]49,54,7)([77]32,5,5)([78]44,0,6)([79]64,71,4)([80]67,23,4)([81]31,48,2)([82]58,43,0)([83]36,22,6)([84]82,39,0)([85]28,23,0)([86]16,7,2)(75)
optimized area: 117.57
time: 1251137 ms
seed: 1636132204
NOT FOUND
time: 1080985 ms
seed: 1636164511
{7,1,80,1,2,1,8}([7]5,2,7)([8]5,3,3)([9]4,3,4)([10]1,7,1)([11]10,9,3)([12]9,5,5)([13]4,5,3)([14]7,10,4)([15]13,11,7)([16]12,0,5)([17]11,1,5)([18]6,7,7)([19]16,1,7)([20]18,0,3)([21]20,6,6)([22]20,15,7)([23]5,10,7)([24]4,8,7)([25]4,6,6)([26]16,18,1)([27]12,11,2)([28]27,25,7)([29]20,8,7)([30]3,26,4)([31]25,0,4)([32]10,14,0)([33]28,30,6)([34]26,2,4)([35]33,21,4)([36]12,1,3)([37]12,32,3)([38]28,18,7)([39]25,5,5)([40]14,21,4)([41]0,39,5)([42]35,34,2)([43]31,12,2)([44]7,6,2)([45]36,5,4)([46]8,24,2)([47]17,33,4)([48]34,31,1)([49]42,0,2)([50]22,44,4)([51]20,33,2)([52]31,20,5)([53]25,29,6)([54]34,50,2)([55]49,50,1)([56]42,54,2)([57]34,16,3)([58]33,15,1)([59]47,56,7)([60]17,32,0)([61]39,18,1)([62]34,40,6)([63]20,57,4)([64]53,24,6)([65]64,16,3)([66]3,53,0)([67]24,49,6)([68]38,62,2)([69]41,22,2)([70]62,2,2)([71]28,25,3)([72]35,7,6)([73]19,23,3)([74]64,59,3)([75]68,74,7)([76]25,56,7)([77]69,60,5)([78]39,0,3)([79]36,18,4)([80]37,11,1)([81]37,23,5)([82]77,75,4)([83]60,45,4)([84]40,79,7)([85]46,76,3)([86]63,73,4)(82)
evaluations: 35933794
first invidual area: 145.25
{7,1,80,1,2,1,8}([7]5,2,7)([8]5,3,3)([9]3,4,4)([10]1,9,1)([11]9,10,3)([12]9,5,5)([13]5,4,6)([14]12,2,5)([15]13,11,4)([16]0,12,5)([17]1,9,5)([18]6,7,7)([19]12,6,2)([20]18,0,3)([21]20,6,6)([22]20,15,7)([23]11,12,5)([24]21,1,4)([25]4,6,6)([26]24,7,7)([27]7,2,1)([28]23,25,4)([29]2,22,1)([30]3,16,7)([31]2,27,3)([32]18,6,2)([33]28,30,6)([34]16,2,7)([35]4,20,4)([36]21,18,4)([37]3,2,2)([38]28,18,7)([39]10,25,5)([40]25,35,6)([41]0,39,5)([42]7,6,5)([43]39,0,1)([44]1,23,3)([45]41,36,7)([46]9,30,7)([47]17,33,4)([48]34,26,6)([49]33,21,3)([50]22,42,2)([51]1,46,4)([52]11,18,3)([53]51,16,5)([54]34,50,2)([55]36,7,2)([56]6,9,6)([57]49,54,5)([58]14,21,2)([59]47,57,4)([60]8,4,7)([61]8,40,3)([62]61,23,6)([63]11,23,4)([64]40,60,6)([65]28,42,4)([66]18,50,5)([67]11,9,3)([68]48,38,5)([69]41,22,2)([70]46,20,7)([71]18,52,1)([72]6,29,7)([73]37,59,4)([74]64,59,6)([75]68,74,7)([76]74,2,7)([77]69,17,5)([78]0,8,3)([79]0,27,4)([80]41,76,6)([81]45,28,2)([82]77,75,4)([83]78,29,3)([84]11,70,2)([85]77,69,4)([86]72,4,2)(82)
optimized area: 134.93
time: 1162419 ms
