seed: 1633850338
NOT FOUND
time: 530361 ms
seed: 1633937184
{7,1,80,1,2,1,8}([7]5,6,2)([8]4,1,7)([9]3,0,3)([10]3,1,4)([11]2,5,4)([12]6,9,5)([13]7,12,3)([14]11,3,7)([15]3,3,0)([16]6,5,5)([17]6,9,3)([18]8,11,5)([19]9,10,2)([20]1,2,7)([21]0,13,5)([22]10,3,3)([23]11,21,7)([24]19,4,6)([25]14,16,4)([26]17,20,7)([27]5,9,6)([28]22,18,5)([29]26,8,5)([30]16,2,5)([31]21,26,1)([32]5,21,3)([33]0,17,7)([34]13,22,7)([35]24,8,6)([36]2,29,3)([37]7,35,4)([38]24,37,4)([39]27,26,3)([40]26,23,2)([41]36,22,7)([42]33,29,2)([43]14,38,3)([44]30,0,5)([45]43,41,5)([46]40,37,2)([47]19,9,7)([48]7,16,6)([49]20,6,1)([50]45,42,3)([51]28,14,5)([52]17,17,0)([53]50,11,4)([54]50,16,4)([55]13,24,7)([56]46,20,7)([57]30,46,4)([58]42,25,2)([59]0,42,7)([60]55,25,0)([61]6,5,1)([62]11,45,4)([63]62,22,6)([64]51,57,2)([65]3,58,5)([66]54,10,0)([67]60,13,2)([68]65,57,5)([69]44,46,0)([70]13,22,4)([71]49,38,6)([72]60,51,4)([73]40,72,6)([74]60,68,7)([75]73,74,3)([76]11,48,1)([77]64,43,2)([78]35,9,0)([79]57,35,2)([80]75,53,4)([81]49,73,6)([82]79,62,4)([83]82,35,0)([84]22,41,0)([85]74,46,4)([86]15,60,3)(80)
evaluations: 33526660
first invidual area: 144.77
{7,1,80,1,2,1,8}([7]5,6,2)([8]1,4,7)([9]3,0,3)([10]1,3,4)([11]2,5,4)([12]9,6,5)([13]12,7,3)([14]11,3,7)([15]9,10,2)([16]7,1,1)([17]6,9,3)([18]11,8,5)([19]15,0,5)([20]17,2,7)([21]0,13,5)([22]3,1,3)([23]21,11,7)([24]15,4,6)([25]2,17,0)([26]20,1,7)([27]7,12,3)([28]22,18,5)([29]26,8,5)([30]25,6,5)([31]24,4,2)([32]17,18,1)([33]0,32,3)([34]14,16,4)([35]24,8,6)([36]25,29,3)([37]7,35,4)([38]24,37,4)([39]14,38,3)([40]26,23,2)([41]22,36,7)([42]33,29,2)([43]0,36,6)([44]25,16,5)([45]39,41,5)([46]40,37,5)([47]19,0,1)([48]38,37,4)([49]31,30,3)([50]45,42,3)([51]32,0,3)([52]31,20,4)([53]50,11,7)([54]46,1,3)([55]13,24,7)([56]0,35,3)([57]44,46,7)([58]42,3,2)([59]0,52,5)([60]7,27,0)([61]23,30,3)([62]16,61,6)([63]10,38,0)([64]14,28,5)([65]34,58,5)([66]17,41,2)([67]41,32,4)([68]65,57,5)([69]49,15,7)([70]64,55,4)([71]62,1,6)([72]28,21,5)([73]40,70,6)([74]55,68,7)([75]73,74,6)([76]37,7,1)([77]1,13,3)([78]71,46,5)([79]19,52,1)([80]75,53,4)([81]71,29,6)([82]22,14,2)([83]18,51,5)([84]28,83,7)([85]59,37,2)([86]59,79,1)(80)
optimized area: 142.88
time: 592379 ms
seed: 1633964876
{7,1,80,1,2,1,8}([7]5,4,4)([8]4,3,6)([9]6,0,7)([10]5,0,5)([11]8,1,4)([12]9,4,4)([13]3,6,4)([14]5,10,6)([15]5,12,4)([16]1,15,3)([17]12,15,2)([18]13,12,6)([19]2,9,7)([20]2,17,7)([21]20,18,1)([22]6,15,2)([23]3,16,6)([24]21,10,7)([25]7,11,4)([26]13,20,3)([27]20,8,2)([28]26,11,5)([29]21,18,3)([30]16,5,6)([31]8,19,5)([32]30,5,7)([33]0,31,6)([34]6,7,4)([35]25,0,1)([36]23,24,6)([37]8,3,5)([38]24,28,4)([39]33,36,7)([40]1,29,4)([41]7,30,2)([42]41,7,1)([43]5,29,7)([44]31,24,6)([45]9,2,4)([46]40,7,3)([47]19,32,7)([48]28,17,3)([49]15,30,5)([50]28,29,2)([51]35,50,5)([52]47,26,5)([53]41,18,4)([54]9,31,1)([55]32,6,7)([56]51,53,0)([57]38,35,5)([58]52,24,6)([59]52,27,7)([60]39,51,2)([61]17,22,0)([62]2,30,6)([63]46,1,5)([64]15,15,3)([65]19,51,2)([66]55,63,2)([67]36,9,5)([68]55,9,0)([69]66,59,2)([70]0,36,4)([71]64,49,5)([72]18,0,3)([73]13,0,1)([74]65,52,7)([75]60,69,4)([76]41,65,5)([77]71,16,4)([78]32,23,7)([79]60,1,1)([80]64,8,2)([81]26,15,5)([82]49,56,6)([83]80,11,3)([84]12,8,4)([85]84,77,6)([86]46,6,7)(75)
evaluations: 16446581
first invidual area: 131.19
{7,1,80,1,2,1,8}([7]4,5,4)([8]3,4,6)([9]8,4,0)([10]5,0,5)([11]9,1,4)([12]5,8,1)([13]3,6,4)([14]0,6,4)([15]7,14,7)([16]1,15,3)([17]12,15,5)([18]13,11,5)([19]2,13,4)([20]2,17,4)([21]10,4,7)([22]19,9,5)([23]20,19,1)([24]13,20,3)([25]7,11,7)([26]10,23,7)([27]21,8,6)([28]3,9,0)([29]25,8,2)([30]7,23,4)([31]7,19,3)([32]15,28,2)([33]16,28,6)([34]2,15,2)([35]23,21,5)([36]33,26,6)([37]28,33,6)([38]32,23,3)([39]37,4,5)([40]25,18,2)([41]12,32,0)([42]18,9,2)([43]0,22,6)([44]2,0,7)([45]29,34,1)([46]33,43,1)([47]15,31,5)([48]36,43,7)([49]9,20,5)([50]40,38,5)([51]5,41,6)([52]21,26,0)([53]41,16,5)([54]22,10,1)([55]6,53,4)([56]12,11,4)([57]24,44,5)([58]13,47,5)([59]57,49,4)([60]48,50,5)([61]33,57,5)([62]39,58,2)([63]31,1,5)([64]52,3,3)([65]63,59,2)([66]64,5,5)([67]46,22,0)([68]42,18,6)([69]53,11,2)([70]10,48,2)([71]49,36,2)([72]55,65,5)([73]6,10,0)([74]48,62,5)([75]48,47,6)([76]24,52,4)([77]60,72,4)([78]10,4,3)([79]20,31,7)([80]42,75,1)([81]16,22,6)([82]78,40,0)([83]76,10,1)([84]71,2,2)([85]26,49,4)([86]46,29,3)(77)
optimized area: 114.77
time: 617628 ms
seed: 1633987837
NOT FOUND
time: 528342 ms
seed: 1634036771
{7,1,80,1,2,1,8}([7]3,5,7)([8]2,3,5)([9]0,4,4)([10]0,1,6)([11]6,2,2)([12]9,8,3)([13]0,11,2)([14]2,4,7)([15]3,5,2)([16]7,3,1)([17]8,12,7)([18]9,10,4)([19]16,7,0)([20]12,5,4)([21]8,0,5)([22]14,18,7)([23]18,17,5)([24]5,6,3)([25]24,10,1)([26]10,8,5)([27]12,20,3)([28]14,2,5)([29]13,4,3)([30]20,27,0)([31]27,14,5)([32]26,8,1)([33]22,11,1)([34]19,13,4)([35]21,15,6)([36]30,35,7)([37]34,1,6)([38]24,28,5)([39]1,27,6)([40]14,16,7)([41]36,11,4)([42]6,31,4)([43]38,1,6)([44]19,43,7)([45]31,20,5)([46]38,10,7)([47]41,31,1)([48]46,6,5)([49]23,20,2)([50]47,44,7)([51]6,26,4)([52]51,43,2)([53]26,16,0)([54]42,47,4)([55]54,50,2)([56]21,3,2)([57]31,37,5)([58]13,9,4)([59]2,52,7)([60]40,39,1)([61]55,33,3)([62]55,59,5)([63]2,26,7)([64]39,53,4)([65]26,44,3)([66]25,58,1)([67]49,47,5)([68]42,34,2)([69]13,9,3)([70]61,20,6)([71]44,60,4)([72]67,43,4)([73]57,62,2)([74]73,29,4)([75]27,39,4)([76]9,18,2)([77]67,73,4)([78]40,49,5)([79]38,15,2)([80]41,47,5)([81]76,29,4)([82]70,77,4)([83]25,76,0)([84]16,79,3)([85]47,12,3)([86]50,71,0)(82)
evaluations: 38568349
first invidual area: 144.76
{7,1,80,1,2,1,8}([7]3,5,4)([8]2,3,5)([9]4,0,4)([10]0,1,3)([11]6,2,2)([12]9,8,3)([13]11,11,0)([14]4,2,7)([15]11,10,5)([16]8,5,3)([17]5,15,0)([18]10,9,7)([19]0,8,5)([20]5,12,4)([21]14,6,0)([22]21,18,4)([23]18,16,5)([24]17,21,1)([25]18,20,6)([26]12,15,0)([27]14,7,6)([28]20,23,5)([29]3,11,7)([30]9,5,3)([31]16,21,5)([32]19,24,2)([33]0,5,6)([34]7,15,7)([35]19,25,6)([36]35,20,4)([37]1,34,6)([38]30,28,5)([39]37,31,5)([40]22,18,2)([41]13,36,4)([42]31,6,4)([43]38,1,6)([44]7,43,4)([45]43,17,5)([46]28,11,1)([47]9,33,2)([48]39,32,7)([49]2,13,6)([50]41,42,7)([51]46,48,5)([52]3,19,3)([53]29,43,1)([54]41,44,7)([55]54,50,6)([56]49,43,6)([57]38,27,5)([58]28,30,7)([59]2,45,4)([60]54,10,4)([61]55,22,3)([62]55,59,5)([63]10,13,3)([64]62,62,0)([65]49,14,6)([66]2,16,2)([67]46,41,5)([68]59,10,2)([69]15,5,6)([70]61,20,6)([71]21,25,7)([72]39,56,2)([73]39,64,5)([74]11,73,6)([75]19,49,3)([76]0,70,2)([77]67,73,7)([78]75,53,1)([79]23,3,0)([80]57,23,0)([81]59,40,3)([82]70,77,4)([83]70,21,3)([84]10,45,7)([85]41,46,6)([86]35,17,2)(82)
optimized area: 126.96
time: 579699 ms
seed: 1634150882
NOT FOUND
time: 521829 ms
seed: 1634198182
{7,1,80,1,2,1,8}([7]3,2,4)([8]1,6,2)([9]1,7,3)([10]1,2,4)([11]10,4,3)([12]5,3,5)([13]8,6,7)([14]4,3,4)([15]0,9,7)([16]9,13,7)([17]12,1,4)([18]15,16,0)([19]0,1,2)([20]3,15,6)([21]5,15,1)([22]13,0,3)([23]8,20,3)([24]11,18,3)([25]23,6,6)([26]25,4,5)([27]8,3,7)([28]27,21,5)([29]16,4,6)([30]0,27,3)([31]29,28,7)([32]29,24,2)([33]30,5,7)([34]33,4,4)([35]27,20,0)([36]8,28,5)([37]31,10,6)([38]28,30,3)([39]21,26,5)([40]17,13,3)([41]19,39,7)([42]23,1,0)([43]11,1,1)([44]41,22,5)([45]40,37,2)([46]45,38,0)([47]28,7,7)([48]36,30,6)([49]26,37,5)([50]47,33,2)([51]20,14,6)([52]45,32,4)([53]47,34,6)([54]46,26,1)([55]52,50,0)([56]26,51,4)([57]35,22,4)([58]5,5,7)([59]6,16,4)([60]11,48,6)([61]53,32,5)([62]56,53,5)([63]46,16,4)([64]1,10,4)([65]54,25,2)([66]37,52,1)([67]41,0,0)([68]52,44,4)([69]60,28,7)([70]51,36,5)([71]69,1,2)([72]62,56,5)([73]71,68,3)([74]73,72,4)([75]73,62,5)([76]46,19,7)([77]49,25,0)([78]74,71,4)([79]19,5,7)([80]47,37,1)([81]0,21,4)([82]0,45,1)([83]3,33,0)([84]41,9,7)([85]10,27,0)([86]72,57,2)(75)
evaluations: 34073912
first invidual area: 145.23
{7,1,80,1,2,1,8}([7]2,3,4)([8]6,1,2)([9]7,1,3)([10]1,2,4)([11]7,10,5)([12]5,4,4)([13]8,6,7)([14]13,0,3)([15]0,9,7)([16]13,9,7)([17]5,5,1)([18]15,2,3)([19]12,13,3)([20]15,3,6)([21]1,6,0)([22]21,0,5)([23]20,6,6)([24]3,4,4)([25]22,16,4)([26]4,23,5)([27]8,3,7)([28]27,17,5)([29]4,16,6)([30]27,0,3)([31]29,28,7)([32]18,29,5)([33]12,30,7)([34]20,21,0)([35]3,27,7)([36]7,12,6)([37]31,10,6)([38]37,19,0)([39]17,26,5)([40]23,8,1)([41]39,22,4)([42]24,34,6)([43]25,17,3)([44]41,14,5)([45]19,38,5)([46]38,40,5)([47]7,28,7)([48]41,16,7)([49]8,0,7)([50]33,14,6)([51]34,10,0)([52]45,32,4)([53]47,33,6)([54]30,40,3)([55]23,14,6)([56]26,42,5)([57]56,21,4)([58]30,2,5)([59]41,19,6)([60]4,58,3)([61]42,46,0)([62]38,23,7)([63]28,60,4)([64]56,53,5)([65]27,0,0)([66]9,14,5)([67]7,49,2)([68]52,44,4)([69]42,38,5)([70]8,52,0)([71]63,21,2)([72]43,65,5)([73]71,68,3)([74]61,64,4)([75]73,64,5)([76]9,9,7)([77]43,39,6)([78]15,72,1)([79]34,8,4)([80]12,21,6)([81]19,11,0)([82]61,62,3)([83]0,32,6)([84]34,52,7)([85]56,8,7)([86]58,46,5)(75)
optimized area: 127.42
time: 575021 ms
seed: 1634247163
{7,1,80,1,2,1,8}([7]0,6,7)([8]5,4,6)([9]5,6,4)([10]5,2,4)([11]9,5,2)([12]7,11,7)([13]0,1,6)([14]12,10,2)([15]14,11,5)([16]4,0,6)([17]3,13,4)([18]4,17,7)([19]18,0,3)([20]1,1,6)([21]15,8,4)([22]10,14,7)([23]6,22,7)([24]23,13,7)([25]12,3,1)([26]25,1,5)([27]15,15,4)([28]17,22,7)([29]25,5,6)([30]10,2,2)([31]21,28,5)([32]9,3,2)([33]30,26,7)([34]25,30,6)([35]24,33,6)([36]14,8,0)([37]9,32,4)([38]2,37,6)([39]1,9,3)([40]35,31,4)([41]19,39,7)([42]7,38,7)([43]22,2,1)([44]8,16,7)([45]18,25,4)([46]22,19,1)([47]38,8,4)([48]30,42,6)([49]4,12,0)([50]41,3,0)([51]28,32,2)([52]16,37,5)([53]33,17,2)([54]15,6,7)([55]49,48,4)([56]33,3,0)([57]48,19,7)([58]53,40,7)([59]15,16,5)([60]51,28,6)([61]32,19,3)([62]39,38,2)([63]53,38,1)([64]51,2,1)([65]55,41,6)([66]8,36,3)([67]9,25,2)([68]23,45,4)([69]23,56,4)([70]60,68,3)([71]3,54,5)([72]62,40,3)([73]10,34,0)([74]71,50,4)([75]42,69,5)([76]60,65,5)([77]22,75,3)([78]1,48,1)([79]58,76,7)([80]47,75,3)([81]58,31,5)([82]74,79,4)([83]76,16,1)([84]70,80,3)([85]84,79,7)([86]28,10,3)(85)
evaluations: 38294254
first invidual area: 165.43
{7,1,80,1,2,1,8}([7]6,0,7)([8]4,3,4)([9]5,6,4)([10]5,2,4)([11]9,5,3)([12]11,0,4)([13]1,0,6)([14]12,10,2)([15]14,7,2)([16]12,10,1)([17]3,13,4)([18]17,4,7)([19]18,0,6)([20]4,5,6)([21]3,8,6)([22]16,10,5)([23]6,22,7)([24]13,23,7)([25]15,23,3)([26]16,1,5)([27]15,20,3)([28]22,17,7)([29]20,6,0)([30]10,2,5)([31]27,28,5)([32]3,23,1)([33]30,26,4)([34]33,17,5)([35]24,33,6)([36]22,16,2)([37]9,32,2)([38]2,37,3)([39]9,1,6)([40]35,31,7)([41]19,39,7)([42]7,38,4)([43]17,28,3)([44]37,11,7)([45]18,0,4)([46]39,41,5)([47]46,43,7)([48]17,42,3)([49]36,13,2)([50]41,39,4)([51]17,1,1)([52]21,13,4)([53]46,16,7)([54]15,15,6)([55]4,48,7)([56]23,34,4)([57]4,37,0)([58]34,40,4)([59]33,34,1)([60]28,54,1)([61]45,8,6)([62]39,21,7)([63]11,40,3)([64]41,10,0)([65]55,64,3)([66]11,40,4)([67]15,29,5)([68]35,39,4)([69]45,26,7)([70]60,56,3)([71]35,5,4)([72]9,70,5)([73]1,31,0)([74]33,58,2)([75]69,42,5)([76]60,65,5)([77]10,13,5)([78]53,74,6)([79]58,76,4)([80]74,75,3)([81]54,4,6)([82]27,26,3)([83]81,11,3)([84]80,70,3)([85]84,79,4)([86]50,40,2)(85)
optimized area: 150.87
time: 581754 ms
seed: 1634295300
{7,1,80,1,2,1,8}([7]2,5,7)([8]0,7,4)([9]4,0,7)([10]6,9,0)([11]3,6,7)([12]1,3,4)([13]4,3,6)([14]6,9,3)([15]7,12,3)([16]8,14,2)([17]4,12,2)([18]11,16,6)([19]15,11,5)([20]16,19,7)([21]8,5,2)([22]8,8,2)([23]4,12,3)([24]20,17,0)([25]6,12,3)([26]5,4,4)([27]5,9,4)([28]15,22,6)([29]3,15,1)([30]26,15,6)([31]24,5,4)([32]6,27,6)([33]25,16,4)([34]27,29,5)([35]20,1,3)([36]25,4,2)([37]17,3,1)([38]17,35,1)([39]22,25,3)([40]27,4,4)([41]35,21,7)([42]14,1,3)([43]42,11,2)([44]33,9,3)([45]6,5,1)([46]37,39,2)([47]34,2,1)([48]38,43,1)([49]14,6,1)([50]29,4,7)([51]22,33,0)([52]2,13,6)([53]52,25,4)([54]12,50,6)([55]36,18,7)([56]27,29,2)([57]34,20,7)([58]36,37,2)([59]9,40,2)([60]11,58,4)([61]56,11,3)([62]40,45,5)([63]7,5,0)([64]15,10,0)([65]23,47,3)([66]60,11,1)([67]53,59,6)([68]31,55,4)([69]46,20,6)([70]44,65,7)([71]38,24,3)([72]21,53,3)([73]70,57,5)([74]8,53,7)([75]9,58,6)([76]54,69,7)([77]3,13,6)([78]67,75,4)([79]78,14,1)([80]76,79,2)([81]40,17,5)([82]80,73,5)([83]46,17,4)([84]82,41,7)([85]74,5,3)([86]30,42,3)(84)
evaluations: 8710991
first invidual area: 144.29
{7,1,80,1,2,1,8}([7]2,5,7)([8]7,0,4)([9]4,0,7)([10]6,0,5)([11]5,9,4)([12]3,1,4)([13]8,2,0)([14]9,6,3)([15]7,12,3)([16]14,8,5)([17]6,3,7)([18]3,16,1)([19]17,15,5)([20]19,16,4)([21]20,0,0)([22]8,5,5)([23]18,18,5)([24]20,12,1)([25]6,12,3)([26]3,4,6)([27]3,12,6)([28]4,27,7)([29]2,19,5)([30]7,29,2)([31]2,26,6)([32]1,3,5)([33]10,14,3)([34]11,18,5)([35]1,21,6)([36]9,16,3)([37]26,19,1)([38]21,34,7)([39]31,25,4)([40]7,14,6)([41]22,35,7)([42]24,7,2)([43]39,10,7)([44]25,8,3)([45]37,31,5)([46]4,12,5)([47]15,7,5)([48]28,12,6)([49]14,44,0)([50]46,44,2)([51]11,32,4)([52]46,18,1)([53]34,12,5)([54]6,28,7)([55]42,49,2)([56]19,4,7)([57]40,26,2)([58]34,15,0)([59]25,27,2)([60]58,59,3)([61]55,39,6)([62]8,41,6)([63]33,3,3)([64]48,11,3)([65]52,28,5)([66]50,21,3)([67]61,47,0)([68]23,30,7)([69]24,8,2)([70]36,32,7)([71]5,36,4)([72]2,16,5)([73]70,38,5)([74]71,0,7)([75]9,59,6)([76]48,66,4)([77]54,4,3)([78]67,75,7)([79]69,38,6)([80]76,78,2)([81]36,31,2)([82]80,73,5)([83]64,21,5)([84]82,41,7)([85]29,1,6)([86]72,10,4)(84)
optimized area: 130.23
time: 663284 ms
seed: 1634335804
NOT FOUND
time: 529812 ms
seed: 1634384721
{7,1,80,1,2,1,8}([7]2,4,4)([8]6,5,6)([9]5,0,7)([10]7,3,2)([11]1,10,4)([12]6,0,7)([13]9,10,4)([14]1,7,3)([15]5,13,2)([16]4,9,3)([17]8,1,2)([18]17,1,3)([19]6,3,2)([20]11,19,5)([21]17,14,7)([22]21,15,3)([23]9,18,2)([24]20,14,5)([25]10,19,5)([26]16,24,7)([27]0,11,3)([28]2,9,4)([29]26,13,3)([30]19,4,3)([31]21,10,5)([32]28,27,4)([33]22,29,6)([34]9,3,5)([35]17,32,4)([36]10,30,3)([37]2,34,4)([38]33,34,4)([39]38,31,7)([40]5,32,7)([41]8,34,5)([42]39,23,0)([43]12,22,7)([44]6,42,6)([45]22,0,4)([46]17,28,2)([47]7,14,5)([48]43,44,6)([49]38,46,4)([50]26,35,6)([51]45,37,2)([52]7,11,2)([53]27,42,3)([54]19,46,0)([55]48,23,6)([56]52,39,6)([57]24,40,2)([58]19,47,6)([59]49,10,5)([60]51,32,4)([61]21,50,4)([62]30,44,4)([63]55,56,3)([64]63,38,0)([65]38,59,4)([66]50,63,3)([67]62,60,5)([68]33,64,4)([69]0,67,1)([70]33,31,2)([71]68,0,3)([72]11,5,2)([73]0,38,7)([74]59,1,5)([75]10,7,5)([76]53,54,6)([77]51,52,0)([78]8,6,7)([79]18,10,2)([80]75,14,4)([81]62,37,1)([82]81,59,1)([83]63,47,5)([84]34,44,2)([85]1,35,0)([86]66,67,2)(86)
evaluations: 13232116
first invidual area: 145.24
{7,1,80,1,2,1,8}([7]4,2,4)([8]5,6,6)([9]0,5,7)([10]3,7,2)([11]10,1,4)([12]0,6,4)([13]10,9,4)([14]1,7,3)([15]5,13,2)([16]4,9,3)([17]8,1,2)([18]11,7,2)([19]3,6,2)([20]11,19,5)([21]17,14,7)([22]15,21,3)([23]14,20,5)([24]16,1,7)([25]0,11,3)([26]16,23,7)([27]24,13,0)([28]25,2,4)([29]22,13,3)([30]26,2,1)([31]19,7,0)([32]9,28,4)([33]17,10,5)([34]3,9,5)([35]17,32,4)([36]26,29,6)([37]2,34,4)([38]36,34,4)([39]33,38,7)([40]19,1,7)([41]4,19,3)([42]6,39,6)([43]12,22,4)([44]42,22,0)([45]22,0,4)([46]17,34,6)([47]25,3,3)([48]43,42,6)([49]1,30,2)([50]26,35,6)([51]45,37,5)([52]32,46,1)([53]9,1,2)([54]36,31,6)([55]48,53,6)([56]35,26,2)([57]32,51,7)([58]43,10,3)([59]39,18,6)([60]14,30,6)([61]21,41,6)([62]41,42,4)([63]32,5,7)([64]30,49,3)([65]55,59,3)([66]50,65,3)([67]62,57,5)([68]3,27,2)([69]35,36,3)([70]63,49,4)([71]13,13,3)([72]31,15,2)([73]31,70,0)([74]59,25,2)([75]34,58,0)([76]69,5,4)([77]27,19,2)([78]53,76,4)([79]34,47,5)([80]20,14,6)([81]49,26,1)([82]65,41,0)([83]73,52,5)([84]17,10,4)([85]65,23,7)([86]66,67,2)(86)
optimized area: 142.43
time: 706946 ms
seed: 1634433737
{7,1,80,1,2,1,8}([7]1,5,7)([8]7,6,4)([9]3,7,2)([10]1,2,3)([11]1,2,1)([12]4,2,5)([13]5,12,4)([14]0,10,4)([15]0,6,6)([16]9,4,2)([17]14,15,6)([18]5,6,3)([19]8,14,2)([20]17,4,6)([21]2,17,7)([22]5,3,7)([23]19,13,0)([24]13,11,3)([25]10,23,4)([26]25,24,2)([27]22,16,3)([28]14,13,6)([29]17,27,2)([30]23,12,6)([31]2,29,7)([32]21,26,2)([33]18,31,7)([34]28,22,6)([35]1,23,5)([36]31,18,2)([37]5,33,0)([38]1,34,7)([39]34,32,4)([40]5,1,1)([41]1,28,3)([42]40,25,1)([43]30,5,5)([44]30,35,1)([45]35,20,2)([46]14,37,7)([47]43,34,0)([48]36,45,3)([49]9,48,4)([50]33,39,3)([51]13,16,5)([52]42,35,6)([53]43,6,7)([54]14,45,5)([55]30,31,1)([56]50,38,2)([57]50,4,2)([58]46,42,1)([59]31,7,3)([60]29,53,4)([61]49,56,6)([62]19,56,5)([63]61,51,2)([64]24,32,0)([65]64,37,1)([66]60,57,7)([67]4,33,6)([68]59,15,6)([69]66,39,2)([70]56,24,1)([71]16,44,7)([72]40,9,0)([73]39,37,4)([74]57,54,3)([75]20,72,2)([76]48,35,7)([77]67,5,4)([78]53,56,7)([79]66,47,6)([80]63,69,6)([81]35,72,5)([82]40,78,0)([83]53,81,5)([84]0,16,4)([85]30,79,4)([86]8,1,7)(80)
evaluations: 32045912
first invidual area: 140.07
{7,1,80,1,2,1,8}([7]1,5,7)([8]5,6,4)([9]3,7,2)([10]2,1,3)([11]6,0,6)([12]2,4,5)([13]8,3,0)([14]0,10,4)([15]12,2,0)([16]9,4,2)([17]11,14,6)([18]5,8,3)([19]16,0,5)([20]4,17,6)([21]2,14,4)([22]5,3,7)([23]3,12,7)([24]11,0,3)([25]14,13,5)([26]24,25,2)([27]22,16,3)([28]14,23,6)([29]17,27,2)([30]11,15,6)([31]2,29,7)([32]21,26,5)([33]31,18,6)([34]28,22,6)([35]1,13,5)([36]31,18,2)([37]5,30,5)([38]1,34,7)([39]34,32,7)([40]1,9,5)([41]9,10,0)([42]4,13,7)([43]14,41,0)([44]30,16,2)([45]35,20,2)([46]28,30,6)([47]2,10,4)([48]45,36,3)([49]48,41,4)([50]39,33,3)([51]40,3,6)([52]14,49,2)([53]25,13,1)([54]27,25,4)([55]28,13,1)([56]50,38,2)([57]38,8,2)([58]37,6,7)([59]31,41,6)([60]29,58,4)([61]49,56,6)([62]2,0,7)([63]61,19,2)([64]29,33,5)([65]23,27,5)([66]60,4,7)([67]40,44,4)([68]23,30,0)([69]66,39,2)([70]23,47,4)([71]26,44,4)([72]55,8,1)([73]56,5,5)([74]23,48,7)([75]7,39,7)([76]46,55,6)([77]58,61,3)([78]28,73,5)([79]19,58,1)([80]53,74,2)([81]73,51,7)([82]33,68,1)([83]55,43,1)([84]9,27,4)([85]49,49,7)([86]69,63,6)(86)
optimized area: 128.35
time: 598060 ms
seed: 1634494028
NOT FOUND
time: 530546 ms
seed: 1634593193
NOT FOUND
time: 529717 ms
seed: 1634642003
NOT FOUND
time: 533294 ms
seed: 1634681546
NOT FOUND
time: 542093 ms
seed: 1634712955
{7,1,80,1,2,1,8}([7]1,0,4)([8]7,7,3)([9]0,4,3)([10]4,7,1)([11]9,1,5)([12]5,1,7)([13]6,12,4)([14]3,3,6)([15]12,14,6)([16]7,5,3)([17]16,8,1)([18]10,13,3)([19]5,11,4)([20]15,4,7)([21]17,13,5)([22]8,2,7)([23]6,3,5)([24]20,6,7)([25]24,18,5)([26]23,25,4)([27]22,21,4)([28]27,3,4)([29]10,7,2)([30]28,2,0)([31]20,28,2)([32]29,2,6)([33]16,32,3)([34]26,32,3)([35]11,34,5)([36]2,28,5)([37]25,13,6)([38]11,6,7)([39]2,22,0)([40]23,29,7)([41]31,25,2)([42]19,41,3)([43]35,41,3)([44]6,33,3)([45]39,29,4)([46]42,22,2)([47]23,37,6)([48]12,30,3)([49]47,43,3)([50]46,36,5)([51]18,20,1)([52]18,9,0)([53]5,13,7)([54]46,49,4)([55]48,7,1)([56]22,36,3)([57]32,30,4)([58]44,20,5)([59]22,36,5)([60]57,59,4)([61]5,39,7)([62]53,46,0)([63]23,46,7)([64]4,2,4)([65]52,33,0)([66]18,49,7)([67]7,30,2)([68]26,51,4)([69]6,59,2)([70]60,58,5)([71]6,49,5)([72]51,70,3)([73]72,15,1)([74]64,6,0)([75]6,71,7)([76]47,49,2)([77]1,62,0)([78]11,66,5)([79]7,75,6)([80]54,72,5)([81]14,79,0)([82]10,63,6)([83]65,37,5)([84]82,14,0)([85]71,10,5)([86]71,60,1)(80)
evaluations: 17188348
first invidual area: 128.33
{7,1,80,1,2,1,8}([7]0,1,4)([8]2,3,5)([9]4,0,3)([10]4,7,1)([11]1,9,5)([12]1,5,7)([13]6,12,4)([14]3,9,1)([15]12,14,3)([16]7,5,6)([17]10,7,2)([18]10,13,3)([19]15,2,2)([20]4,15,4)([21]16,13,5)([22]7,2,7)([23]20,6,7)([24]10,2,6)([25]18,23,5)([26]14,2,6)([27]22,21,4)([28]27,3,4)([29]25,19,1)([30]29,21,3)([31]28,20,2)([32]2,17,6)([33]26,1,4)([34]29,32,3)([35]34,11,5)([36]30,14,7)([37]11,5,4)([38]32,37,4)([39]21,34,3)([40]17,18,3)([41]31,25,2)([42]16,31,2)([43]35,41,3)([44]6,3,5)([45]41,37,3)([46]34,3,3)([47]42,44,6)([48]20,46,5)([49]48,22,0)([50]18,28,5)([51]47,43,3)([52]37,35,7)([53]23,29,3)([54]13,21,6)([55]21,52,0)([56]49,8,1)([57]32,28,7)([58]48,5,1)([59]22,8,5)([60]57,59,7)([61]5,41,6)([62]28,5,7)([63]29,34,2)([64]7,14,3)([65]50,11,6)([66]38,31,1)([67]16,19,5)([68]38,40,4)([69]22,45,5)([70]60,18,5)([71]9,55,1)([72]56,70,3)([73]22,43,4)([74]17,51,2)([75]10,60,7)([76]69,51,7)([77]22,46,2)([78]20,51,0)([79]70,60,2)([80]10,53,5)([81]16,12,0)([82]71,17,2)([83]52,46,6)([84]72,77,2)([85]80,53,5)([86]76,72,5)(86)
optimized area: 119.89
time: 677189 ms
seed: 1634759267
NOT FOUND
time: 988374 ms
seed: 1634824204
{7,1,80,1,2,1,8}([7]2,0,3)([8]4,5,4)([9]5,8,3)([10]7,4,2)([11]6,4,4)([12]3,4,6)([13]3,6,4)([14]4,2,2)([15]0,8,4)([16]0,3,4)([17]1,15,3)([18]1,10,4)([19]11,5,3)([20]3,1,7)([21]12,17,7)([22]20,10,0)([23]15,2,4)([24]11,16,6)([25]3,17,4)([26]21,0,6)([27]15,19,1)([28]14,12,0)([29]2,26,7)([30]28,27,6)([31]22,6,6)([32]19,29,4)([33]24,23,4)([34]13,33,4)([35]24,30,3)([36]20,8,4)([37]21,16,7)([38]34,18,3)([39]28,38,3)([40]4,37,4)([41]38,30,7)([42]31,9,5)([43]33,40,6)([44]25,13,4)([45]13,25,2)([46]36,42,4)([47]24,16,4)([48]36,22,7)([49]16,19,1)([50]17,19,5)([51]48,13,4)([52]39,32,5)([53]43,52,3)([54]5,13,5)([55]54,41,2)([56]55,2,0)([57]41,18,3)([58]41,42,2)([59]4,0,5)([60]25,18,6)([61]55,46,5)([62]22,9,1)([63]50,58,4)([64]42,7,3)([65]53,61,2)([66]36,59,4)([67]62,2,5)([68]10,44,1)([69]68,3,0)([70]14,44,4)([71]62,68,2)([72]26,22,4)([73]3,15,4)([74]15,66,0)([75]61,70,1)([76]48,51,6)([77]47,29,0)([78]74,17,3)([79]43,17,4)([80]30,55,2)([81]33,62,4)([82]70,2,4)([83]53,69,1)([84]28,29,5)([85]48,39,3)([86]70,36,6)(65)
evaluations: 17274365
first invidual area: 133.08
{7,1,80,1,2,1,8}([7]2,0,3)([8]4,5,4)([9]4,3,3)([10]4,7,2)([11]4,6,4)([12]1,8,2)([13]3,6,4)([14]11,5,6)([15]8,0,4)([16]0,3,4)([17]1,15,6)([18]11,10,2)([19]11,16,6)([20]3,1,7)([21]9,17,7)([22]5,13,5)([23]11,19,2)([24]15,1,1)([25]6,20,3)([26]12,7,6)([27]2,19,4)([28]0,21,6)([29]14,2,7)([30]24,18,6)([31]30,16,0)([32]21,16,4)([33]27,24,7)([34]13,33,4)([35]1,10,4)([36]20,8,4)([37]4,32,7)([38]34,35,3)([39]35,25,2)([40]36,13,1)([41]31,38,7)([42]12,40,6)([43]37,33,6)([44]38,1,3)([45]33,35,6)([46]36,25,5)([47]39,1,6)([48]7,4,0)([49]7,46,4)([50]29,28,7)([51]47,18,1)([52]44,50,5)([53]43,52,3)([54]38,41,2)([55]15,14,1)([56]8,47,6)([57]12,35,2)([58]14,4,2)([59]46,22,2)([60]33,4,6)([61]58,5,7)([62]36,16,7)([63]59,41,5)([64]1,36,3)([65]53,63,2)([66]4,23,0)([67]31,48,0)([68]43,9,7)([69]58,30,0)([70]19,29,2)([71]35,30,7)([72]24,51,1)([73]18,66,5)([74]22,10,1)([75]63,17,6)([76]9,35,2)([77]26,57,2)([78]51,52,1)([79]18,25,5)([80]55,66,5)([81]72,7,6)([82]33,22,5)([83]23,56,7)([84]13,75,2)([85]69,58,7)([86]12,56,5)(65)
optimized area: 126.05
time: 1105548 ms
seed: 1634949105
{7,1,80,1,2,1,8}([7]4,0,3)([8]3,4,2)([9]0,2,7)([10]8,5,3)([11]4,6,4)([12]6,0,1)([13]5,12,3)([14]2,10,3)([15]9,3,5)([16]13,1,7)([17]3,6,7)([18]10,17,7)([19]13,9,7)([20]11,16,3)([21]12,4,0)([22]18,20,5)([23]0,5,7)([24]7,2,3)([25]17,9,7)([26]18,7,5)([27]16,26,2)([28]27,17,3)([29]14,28,6)([30]27,14,7)([31]2,4,5)([32]11,23,2)([33]15,30,7)([34]17,30,7)([35]4,22,6)([36]27,34,3)([37]25,21,1)([38]19,14,3)([39]32,16,4)([40]34,7,5)([41]37,24,2)([42]33,23,6)([43]9,7,2)([44]3,8,2)([45]42,41,3)([46]41,41,5)([47]16,43,6)([48]29,4,7)([49]13,45,5)([50]21,2,1)([51]40,3,1)([52]28,45,2)([53]10,47,3)([54]39,31,6)([55]45,34,5)([56]48,40,3)([57]40,7,0)([58]18,11,0)([59]55,54,7)([60]40,17,3)([61]24,50,6)([62]39,42,1)([63]19,54,3)([64]51,45,1)([65]58,53,7)([66]59,3,0)([67]7,25,5)([68]10,25,6)([69]59,49,6)([70]56,63,7)([71]59,65,0)([72]22,52,4)([73]25,64,0)([74]14,57,5)([75]73,28,2)([76]66,50,5)([77]65,69,4)([78]35,31,1)([79]47,28,1)([80]70,72,6)([81]64,16,1)([82]32,40,7)([83]7,38,0)([84]23,50,0)([85]29,75,7)([86]77,80,7)(86)
evaluations: 9010292
first invidual area: 158.82
{7,1,80,1,2,1,8}([7]0,4,3)([8]4,3,2)([9]2,0,7)([10]5,8,3)([11]4,3,1)([12]6,1,1)([13]12,5,3)([14]6,4,4)([15]3,9,5)([16]1,13,7)([17]3,6,7)([18]17,10,7)([19]13,9,7)([20]16,14,3)([21]7,9,2)([22]18,20,5)([23]0,5,7)([24]21,17,3)([25]16,23,2)([26]7,18,5)([27]16,26,5)([28]9,17,5)([29]2,10,6)([30]27,29,4)([31]13,20,0)([32]26,8,7)([33]30,15,4)([34]30,17,7)([35]3,29,6)([36]28,24,2)([37]16,8,0)([38]21,16,3)([39]21,22,7)([40]12,23,5)([41]23,33,6)([42]11,34,3)([43]29,10,4)([44]4,2,5)([45]41,36,3)([46]12,16,4)([47]40,16,7)([48]45,13,5)([49]8,9,2)([50]18,23,1)([51]13,7,5)([52]17,45,5)([53]9,24,0)([54]44,47,6)([55]31,10,6)([56]3,24,7)([57]46,44,1)([58]37,37,3)([59]54,34,7)([60]10,38,6)([61]17,60,4)([62]29,49,6)([63]19,54,3)([64]9,42,7)([65]47,1,5)([66]52,2,7)([67]21,43,4)([68]40,59,2)([69]59,48,6)([70]42,63,7)([71]34,57,3)([72]22,52,7)([73]17,59,7)([74]18,72,7)([75]61,50,3)([76]72,70,6)([77]61,69,4)([78]71,0,6)([79]59,6,2)([80]42,17,4)([81]15,66,6)([82]4,55,5)([83]44,20,7)([84]80,60,5)([85]34,69,3)([86]77,76,7)(86)
optimized area: 141.48
time: 1302951 ms
seed: 1635079141
NOT FOUND
time: 973773 ms
seed: 1635120103
NOT FOUND
time: 526107 ms
seed: 1635169011
{7,1,80,1,2,1,8}([7]6,2,0)([8]1,3,7)([9]4,5,3)([10]2,6,7)([11]6,9,7)([12]10,0,6)([13]2,8,4)([14]1,12,3)([15]2,9,4)([16]5,7,7)([17]0,8,2)([18]14,11,4)([19]13,0,4)([20]19,7,2)([21]16,7,3)([22]16,14,4)([23]6,18,5)([24]18,19,4)([25]22,13,5)([26]14,2,2)([27]20,15,6)([28]25,17,1)([29]2,9,6)([30]27,21,4)([31]21,4,4)([32]3,28,6)([33]27,31,4)([34]33,24,6)([35]2,34,5)([36]12,4,2)([37]26,0,5)([38]16,19,3)([39]2,20,4)([40]12,38,7)([41]22,30,4)([42]20,32,7)([43]30,38,4)([44]17,40,6)([45]41,35,4)([46]44,10,1)([47]37,5,0)([48]1,25,5)([49]45,3,4)([50]11,34,1)([51]49,17,4)([52]37,31,2)([53]52,42,6)([54]29,52,0)([55]28,1,0)([56]48,22,7)([57]56,55,1)([58]18,0,1)([59]30,4,3)([60]56,29,6)([61]57,43,2)([62]44,51,0)([63]30,35,4)([64]28,41,7)([65]44,4,2)([66]21,27,7)([67]21,59,0)([68]50,29,2)([69]9,48,5)([70]53,51,6)([71]68,34,6)([72]35,66,3)([73]40,12,4)([74]4,48,2)([75]1,40,4)([76]50,2,1)([77]61,70,3)([78]0,32,4)([79]1,58,6)([80]39,56,2)([81]68,46,5)([82]63,33,1)([83]55,3,7)([84]73,61,2)([85]54,82,3)([86]32,38,1)(77)
evaluations: 30456650
first invidual area: 141.52
{7,1,80,1,2,1,8}([7]2,6,7)([8]1,3,7)([9]7,0,6)([10]7,3,5)([11]6,10,0)([12]4,5,6)([13]8,2,4)([14]9,1,3)([15]5,7,0)([16]15,11,7)([17]11,16,3)([18]12,2,7)([19]0,13,4)([20]11,19,2)([21]14,11,7)([22]16,14,4)([23]21,19,7)([24]3,4,1)([25]22,13,5)([26]24,25,5)([27]18,20,6)([28]14,0,5)([29]0,8,5)([30]17,27,7)([31]4,17,4)([32]16,0,0)([33]27,31,4)([34]33,23,6)([35]2,34,5)([36]31,34,2)([37]24,29,7)([38]16,19,3)([39]6,3,5)([40]31,28,2)([41]10,39,4)([42]26,20,4)([43]30,38,7)([44]11,36,5)([45]14,34,6)([46]22,37,7)([47]8,3,6)([48]1,25,5)([49]1,44,6)([50]30,46,4)([51]50,35,7)([52]46,7,5)([53]4,44,4)([54]26,20,6)([55]9,45,5)([56]48,22,4)([57]26,13,4)([58]36,28,0)([59]2,12,5)([60]59,15,3)([61]56,43,2)([62]3,53,6)([63]42,40,6)([64]25,16,5)([65]58,17,4)([66]4,47,6)([67]14,59,7)([68]40,40,2)([69]54,16,5)([70]63,51,6)([71]59,50,3)([72]41,0,0)([73]46,20,0)([74]19,55,5)([75]5,35,7)([76]17,69,3)([77]61,70,3)([78]17,59,4)([79]61,5,6)([80]75,57,7)([81]34,61,2)([82]61,58,3)([83]40,48,3)([84]58,44,2)([85]26,21,7)([86]74,18,0)(77)
optimized area: 132.15
time: 584161 ms
seed: 1635277321
{7,1,80,1,2,1,8}([7]1,4,6)([8]4,3,3)([9]7,6,2)([10]9,0,7)([11]5,8,6)([12]7,0,4)([13]5,8,4)([14]3,12,7)([15]7,10,2)([16]2,14,6)([17]8,6,4)([18]0,14,2)([19]1,11,6)([20]18,13,1)([21]4,18,7)([22]6,8,5)([23]19,21,7)([24]17,18,2)([25]5,4,4)([26]11,5,0)([27]21,13,3)([28]2,26,6)([29]22,24,3)([30]27,15,2)([31]25,2,7)([32]31,10,7)([33]5,29,2)([34]27,23,7)([35]10,19,6)([36]16,4,5)([37]34,35,6)([38]2,37,4)([39]33,32,6)([40]11,18,7)([41]27,37,6)([42]0,37,0)([43]16,15,0)([44]30,3,7)([45]38,5,4)([46]36,14,0)([47]15,7,3)([48]37,44,7)([49]39,10,6)([50]47,37,2)([51]39,45,4)([52]48,29,4)([53]41,43,6)([54]1,28,4)([55]48,5,3)([56]5,10,2)([57]45,47,6)([58]35,37,5)([59]51,17,4)([60]53,59,5)([61]24,48,3)([62]45,60,4)([63]45,42,5)([64]18,14,4)([65]60,37,3)([66]43,56,7)([67]34,26,3)([68]54,66,2)([69]60,16,1)([70]11,46,2)([71]28,34,4)([72]59,59,5)([73]10,25,2)([74]48,8,3)([75]9,16,5)([76]13,17,3)([77]51,50,1)([78]44,6,7)([79]68,52,2)([80]51,20,1)([81]79,62,6)([82]58,73,2)([83]60,0,4)([84]40,71,0)([85]28,18,2)([86]57,55,4)(81)
evaluations: 31480558
first invidual area: 156.05
{7,1,80,1,2,1,8}([7]4,1,6)([8]3,4,3)([9]7,6,5)([10]9,0,4)([11]8,5,6)([12]3,7,7)([13]12,9,5)([14]10,13,4)([15]14,0,3)([16]2,14,6)([17]7,5,7)([18]14,0,5)([19]1,11,6)([20]16,8,0)([21]4,18,4)([22]6,8,5)([23]19,21,4)([24]19,10,6)([25]2,5,4)([26]23,14,7)([27]21,17,3)([28]8,6,4)([29]11,22,3)([30]21,25,5)([31]25,4,4)([32]31,10,4)([33]22,5,2)([34]23,27,4)([35]1,2,7)([36]14,30,6)([37]34,24,6)([38]7,20,3)([39]33,32,6)([40]38,38,7)([41]27,37,6)([42]9,34,6)([43]37,13,0)([44]25,6,7)([45]43,25,4)([46]9,22,4)([47]17,12,2)([48]7,32,1)([49]0,45,5)([50]13,26,0)([51]39,45,4)([52]22,43,4)([53]41,20,7)([54]3,26,0)([55]20,46,0)([56]5,10,2)([57]55,56,6)([58]41,34,0)([59]51,28,4)([60]53,59,5)([61]1,11,1)([62]25,50,4)([63]18,2,5)([64]25,5,2)([65]45,60,4)([66]42,18,1)([67]18,46,4)([68]35,57,2)([69]52,13,4)([70]13,65,6)([71]56,44,6)([72]61,17,6)([73]3,30,5)([74]18,55,6)([75]10,57,1)([76]68,69,2)([77]39,7,5)([78]24,61,1)([79]52,3,3)([80]72,8,0)([81]65,76,6)([82]29,11,3)([83]13,41,3)([84]34,46,0)([85]15,73,6)([86]68,0,6)(81)
optimized area: 135.90
time: 1142549 ms
seed: 1635434836
NOT FOUND
time: 988026 ms
seed: 1635542014
NOT FOUND
time: 980625 ms
seed: 1635600746
NOT FOUND
time: 1055564 ms
seed: 1635648491
{7,1,80,1,2,1,8}([7]6,5,4)([8]1,4,7)([9]2,6,1)([10]9,8,3)([11]3,9,6)([12]5,9,5)([13]0,1,7)([14]3,13,6)([15]0,10,5)([16]4,7,4)([17]11,15,7)([18]16,7,6)([19]5,14,7)([20]0,2,7)([21]18,17,5)([22]2,7,3)([23]20,6,4)([24]22,21,6)([25]1,24,0)([26]5,17,3)([27]24,3,4)([28]3,21,2)([29]13,19,2)([30]19,3,0)([31]12,4,5)([32]29,27,4)([33]3,7,3)([34]21,20,6)([35]9,0,1)([36]17,6,3)([37]13,10,7)([38]12,33,4)([39]31,23,6)([40]37,21,3)([41]21,13,2)([42]28,23,6)([43]20,30,5)([44]8,21,7)([45]1,28,7)([46]36,29,7)([47]44,42,7)([48]46,30,1)([49]44,30,2)([50]37,23,5)([51]34,49,6)([52]34,18,4)([53]10,40,6)([54]22,51,6)([55]26,6,7)([56]39,33,5)([57]31,11,1)([58]23,11,6)([59]54,31,2)([60]56,47,3)([61]26,22,6)([62]59,37,5)([63]60,37,4)([64]51,62,7)([65]63,46,5)([66]20,47,3)([67]24,60,7)([68]1,19,5)([69]40,9,5)([70]32,66,2)([71]67,70,3)([72]55,71,5)([73]60,46,2)([74]20,71,4)([75]51,11,4)([76]54,29,6)([77]37,32,1)([78]57,63,4)([79]65,75,7)([80]3,64,5)([81]25,18,4)([82]49,50,4)([83]72,79,7)([84]21,52,6)([85]82,77,7)([86]67,58,4)(83)
evaluations: 46870916
first invidual area: 155.09
{7,1,80,1,2,1,8}([7]6,5,4)([8]1,4,7)([9]2,6,1)([10]8,9,3)([11]3,9,6)([12]5,0,3)([13]0,1,7)([14]3,13,6)([15]0,10,5)([16]0,11,3)([17]11,15,7)([18]4,7,6)([19]5,14,7)([20]0,2,7)([21]18,17,5)([22]6,17,0)([23]20,6,4)([24]15,21,3)([25]16,2,1)([26]5,17,6)([27]22,26,4)([28]24,20,1)([29]13,19,2)([30]23,25,2)([31]4,2,1)([32]29,3,4)([33]1,7,3)([34]21,20,6)([35]16,12,6)([36]22,17,3)([37]13,10,4)([38]8,31,7)([39]25,19,6)([40]14,12,5)([41]23,28,0)([42]3,23,6)([43]32,12,2)([44]8,21,7)([45]44,27,1)([46]36,29,7)([47]8,42,7)([48]43,31,3)([49]41,31,6)([50]19,44,2)([51]34,50,3)([52]36,0,1)([53]9,32,1)([54]15,46,6)([55]12,4,3)([56]49,33,5)([57]46,38,1)([58]56,8,7)([59]40,24,2)([60]56,47,3)([61]43,43,0)([62]58,20,1)([63]60,37,7)([64]44,56,2)([65]63,46,5)([66]20,47,3)([67]24,60,5)([68]34,12,0)([69]26,62,7)([70]32,66,2)([71]67,70,3)([72]27,71,5)([73]40,46,4)([74]58,54,6)([75]51,11,7)([76]23,8,3)([77]69,42,0)([78]12,48,2)([79]65,75,7)([80]1,67,1)([81]11,17,3)([82]66,40,5)([83]72,79,7)([84]72,2,6)([85]15,37,6)([86]7,2,2)(83)
optimized area: 135.87
time: 1056821 ms
seed: 1635696164
NOT FOUND
time: 1057923 ms
seed: 1635743532
{7,1,80,1,2,1,8}([7]4,0,4)([8]6,6,6)([9]0,3,6)([10]4,5,4)([11]8,0,1)([12]5,0,5)([13]6,10,2)([14]10,2,3)([15]3,13,7)([16]7,8,7)([17]2,16,4)([18]15,12,2)([19]7,14,2)([20]19,3,4)([21]20,1,3)([22]17,21,2)([23]6,9,7)([24]16,18,5)([25]3,3,7)([26]23,23,4)([27]23,4,4)([28]9,9,2)([29]22,12,4)([30]18,2,6)([31]2,2,2)([32]30,12,4)([33]1,27,3)([34]1,18,7)([35]29,34,2)([36]25,24,2)([37]32,25,1)([38]35,37,2)([39]33,9,7)([40]1,22,7)([41]38,6,5)([42]5,27,5)([43]29,7,0)([44]30,13,7)([45]31,39,2)([46]23,16,0)([47]44,25,5)([48]2,38,0)([49]6,0,7)([50]43,39,4)([51]42,38,6)([52]10,34,2)([53]51,17,4)([54]0,47,4)([55]4,10,5)([56]35,53,7)([57]28,17,1)([58]15,27,0)([59]50,52,4)([60]20,17,1)([61]11,27,6)([62]3,12,5)([63]50,22,2)([64]16,33,5)([65]48,17,7)([66]29,11,1)([67]9,15,3)([68]7,28,4)([69]10,54,3)([70]58,69,7)([71]61,44,6)([72]4,30,5)([73]72,43,6)([74]63,12,7)([75]10,60,7)([76]73,1,5)([77]71,59,7)([78]77,70,6)([79]14,23,7)([80]38,16,4)([81]0,0,0)([82]80,24,2)([83]51,82,0)([84]31,58,1)([85]31,73,4)([86]56,78,3)(86)
evaluations: 47057901
first invidual area: 151.36
{7,1,80,1,2,1,8}([7]4,0,4)([8]6,0,0)([9]0,3,6)([10]4,5,4)([11]4,1,6)([12]5,0,5)([13]8,10,2)([14]10,5,3)([15]3,13,7)([16]7,6,4)([17]2,16,4)([18]15,12,2)([19]7,14,5)([20]19,3,7)([21]20,1,3)([22]17,21,5)([23]8,9,4)([24]7,12,2)([25]8,5,4)([26]16,0,1)([27]23,4,7)([28]15,26,0)([29]22,12,7)([30]15,2,6)([31]12,15,5)([32]30,12,5)([33]1,27,3)([34]1,18,7)([35]29,34,2)([36]10,18,0)([37]32,11,1)([38]35,37,2)([39]33,9,4)([40]30,31,0)([41]18,9,7)([42]5,27,5)([43]31,4,0)([44]30,13,7)([45]10,32,6)([46]8,14,5)([47]3,34,0)([48]1,31,2)([49]13,27,0)([50]29,39,7)([51]42,38,3)([52]36,34,5)([53]51,17,4)([54]0,40,4)([55]16,51,3)([56]35,53,4)([57]38,38,1)([58]47,23,2)([59]50,52,4)([60]41,24,0)([61]8,27,6)([62]22,44,5)([63]49,6,4)([64]1,58,6)([65]44,61,6)([66]62,15,2)([67]20,65,0)([68]36,59,0)([69]10,54,3)([70]15,69,7)([71]43,16,4)([72]33,52,2)([73]41,0,6)([74]64,22,0)([75]11,15,0)([76]62,22,7)([77]65,59,4)([78]77,70,6)([79]22,9,4)([80]36,77,2)([81]58,3,5)([82]10,12,1)([83]52,75,1)([84]77,6,1)([85]78,40,5)([86]56,78,3)(86)
optimized area: 136.83
time: 1075373 ms
seed: 1635790437
NOT FOUND
time: 1068337 ms
