seed: 1634025910
{7,1,80,1,2,1,8}([7]3,2,5)([8]3,2,7)([9]4,2,2)([10]7,5,7)([11]4,1,7)([12]0,2,0)([13]8,4,6)([14]6,12,7)([15]14,13,1)([16]6,4,4)([17]14,4,3)([18]9,8,6)([19]18,17,5)([20]17,10,6)([21]15,11,5)([22]5,0,4)([23]11,5,7)([24]18,10,0)([25]0,3,3)([26]21,22,2)([27]23,15,1)([28]25,6,6)([29]1,22,6)([30]13,0,5)([31]28,30,4)([32]30,16,2)([33]19,32,4)([34]26,2,4)([35]34,20,6)([36]35,31,4)([37]13,10,4)([38]8,16,5)([39]33,11,4)([40]14,28,5)([41]1,26,7)([42]36,2,6)([43]14,27,6)([44]21,37,4)([45]33,16,2)([46]27,5,2)([47]36,8,6)([48]5,3,7)([49]25,25,0)([50]8,46,4)([51]1,44,6)([52]25,45,5)([53]47,40,6)([54]9,37,0)([55]8,2,2)([56]51,25,5)([57]27,48,5)([58]37,10,0)([59]3,17,5)([60]50,2,3)([61]47,29,5)([62]48,56,6)([63]8,7,4)([64]35,39,7)([65]56,43,6)([66]37,43,6)([67]12,52,5)([68]62,64,6)([69]33,66,2)([70]27,48,3)([71]66,70,0)([72]69,68,3)([73]29,2,5)([74]3,15,1)([75]69,74,1)([76]48,29,4)([77]66,12,5)([78]76,47,2)([79]72,62,6)([80]68,67,3)([81]27,62,2)([82]81,78,4)([83]27,41,4)([84]79,82,3)([85]69,50,7)([86]39,80,3)(84)
evaluations: 21545112
first invidual area: 150.39
{7,1,80,1,2,1,8}([7]4,1,0)([8]2,3,7)([9]8,2,5)([10]5,9,7)([11]4,1,7)([12]6,4,4)([13]8,4,6)([14]6,0,7)([15]14,3,1)([16]3,13,6)([17]14,7,3)([18]8,16,6)([19]18,17,5)([20]10,17,6)([21]15,11,5)([22]0,5,4)([23]5,11,4)([24]5,13,0)([25]0,3,3)([26]21,22,5)([27]16,2,1)([28]6,25,3)([29]4,23,6)([30]13,0,5)([31]30,28,5)([32]30,12,5)([33]32,19,7)([34]26,2,7)([35]34,20,3)([36]35,31,4)([37]13,10,4)([38]34,15,2)([39]33,11,4)([40]29,17,5)([41]37,37,0)([42]17,37,5)([43]6,27,7)([44]38,10,5)([45]39,16,1)([46]38,3,4)([47]1,22,6)([48]24,3,7)([49]46,0,6)([50]41,29,7)([51]1,42,6)([52]14,23,6)([53]25,51,5)([54]47,50,0)([55]25,44,1)([56]5,17,2)([57]36,8,6)([58]24,48,6)([59]19,12,3)([60]50,34,1)([61]37,52,6)([62]48,53,6)([63]35,49,1)([64]35,39,7)([65]62,23,5)([66]51,16,7)([67]21,31,5)([68]9,66,6)([69]33,61,2)([70]41,45,5)([71]29,36,2)([72]69,64,3)([73]22,72,4)([74]37,24,0)([75]15,50,1)([76]48,54,4)([77]65,63,1)([78]76,57,5)([79]72,62,6)([80]17,18,3)([81]58,52,1)([82]65,78,4)([83]17,17,2)([84]79,82,3)([85]71,60,7)([86]65,20,4)(84)
optimized area: 139.13
time: 661174 ms
seed: 1634074719
NOT FOUND
time: 525821 ms
seed: 1634236281
{7,1,80,1,2,1,8}([7]2,5,2)([8]0,2,3)([9]0,7,3)([10]7,1,4)([11]8,4,2)([12]9,6,7)([13]10,4,3)([14]3,5,7)([15]6,14,7)([16]3,13,7)([17]2,12,4)([18]15,8,2)([19]8,16,7)([20]5,16,5)([21]0,3,3)([22]1,4,6)([23]1,21,7)([24]15,10,6)([25]4,0,3)([26]14,14,1)([27]12,5,7)([28]10,0,4)([29]5,17,5)([30]14,7,7)([31]10,24,0)([32]29,28,4)([33]26,25,0)([34]0,17,7)([35]27,33,3)([36]17,30,7)([37]25,1,2)([38]22,0,4)([39]24,11,4)([40]10,35,3)([41]34,37,7)([42]28,41,3)([43]7,28,4)([44]22,28,3)([45]20,11,4)([46]21,44,2)([47]40,23,4)([48]8,2,6)([49]32,18,3)([50]41,49,3)([51]13,22,7)([52]39,42,2)([53]51,52,5)([54]49,24,2)([55]50,11,1)([56]20,19,7)([57]17,52,2)([58]41,44,7)([59]18,23,0)([60]36,39,1)([61]44,20,3)([62]57,19,3)([63]33,46,4)([64]60,61,2)([65]64,47,6)([66]62,50,2)([67]28,18,5)([68]45,65,2)([69]68,66,7)([70]22,66,4)([71]27,18,1)([72]55,23,3)([73]70,0,7)([74]48,49,1)([75]40,5,5)([76]68,28,6)([77]40,32,5)([78]27,5,7)([79]68,54,5)([80]12,79,2)([81]2,41,3)([82]40,31,0)([83]25,12,0)([84]4,32,4)([85]47,28,1)([86]4,72,3)(69)
evaluations: 7711279
first invidual area: 154.15
{7,1,80,1,2,1,8}([7]2,5,2)([8]0,2,3)([9]7,0,3)([10]1,7,4)([11]4,8,2)([12]9,6,7)([13]4,10,3)([14]3,5,7)([15]14,6,7)([16]3,13,7)([17]12,2,4)([18]0,4,3)([19]6,15,7)([20]10,17,0)([21]5,16,5)([22]0,3,3)([23]1,22,7)([24]15,20,6)([25]11,21,4)([26]1,18,5)([27]5,2,6)([28]20,0,4)([29]15,8,2)([30]12,24,4)([31]17,29,0)([32]7,17,4)([33]28,0,7)([34]26,17,7)([35]20,32,3)([36]14,32,7)([37]4,10,5)([38]31,5,5)([39]24,11,3)([40]35,27,6)([41]0,34,4)([42]41,14,3)([43]28,38,4)([44]31,8,7)([45]38,35,3)([46]16,8,7)([47]28,5,0)([48]23,40,7)([49]45,5,3)([50]43,29,3)([51]41,11,5)([52]17,42,2)([53]48,7,7)([54]49,2,0)([55]9,12,5)([56]50,41,3)([57]22,56,1)([58]19,16,4)([59]34,0,1)([60]52,39,2)([61]16,46,7)([62]60,46,3)([63]10,13,1)([64]36,51,2)([65]64,48,6)([66]56,62,5)([67]13,6,1)([68]25,65,5)([69]63,40,1)([70]20,29,2)([71]10,64,1)([72]18,60,2)([73]36,63,2)([74]71,47,5)([75]4,73,5)([76]49,33,0)([77]6,11,0)([78]3,41,4)([79]71,30,4)([80]66,68,7)([81]43,19,3)([82]40,7,1)([83]14,62,7)([84]62,73,6)([85]33,49,5)([86]18,21,3)(80)
optimized area: 140.09
time: 676916 ms
seed: 1634373786
NOT FOUND
time: 535140 ms
seed: 1634422787
NOT FOUND
time: 520384 ms
seed: 1634631133
{7,1,80,1,2,1,8}([7]3,2,7)([8]0,4,0)([9]7,4,5)([10]4,5,3)([11]5,8,6)([12]1,7,2)([13]0,3,7)([14]4,13,5)([15]3,1,4)([16]15,5,2)([17]7,15,7)([18]7,9,4)([19]17,10,4)([20]0,9,1)([21]19,0,2)([22]5,2,7)([23]8,4,6)([24]15,14,5)([25]6,12,6)([26]9,9,3)([27]10,3,3)([28]17,23,7)([29]6,24,5)([30]14,2,5)([31]20,10,2)([32]13,14,0)([33]5,26,4)([34]13,11,6)([35]1,18,7)([36]27,5,6)([37]24,11,7)([38]31,30,5)([39]26,34,5)([40]39,24,0)([41]33,12,3)([42]22,28,2)([43]34,28,4)([44]21,6,4)([45]43,16,0)([46]42,35,3)([47]26,25,4)([48]14,3,0)([49]16,32,5)([50]40,47,5)([51]46,50,5)([52]41,38,7)([53]17,42,3)([54]8,18,6)([55]52,48,6)([56]49,1,4)([57]55,20,7)([58]24,55,0)([59]18,2,1)([60]34,33,4)([61]57,57,1)([62]38,56,5)([63]13,51,4)([64]17,40,0)([65]27,44,2)([66]28,39,1)([67]50,64,7)([68]14,13,5)([69]27,21,0)([70]62,44,5)([71]18,11,3)([72]7,36,0)([73]32,46,7)([74]37,51,3)([75]57,69,0)([76]32,69,6)([77]74,70,2)([78]32,62,2)([79]66,77,5)([80]78,8,7)([81]21,43,6)([82]20,72,6)([83]46,63,7)([84]48,57,6)([85]3,4,3)([86]75,77,7)(86)
evaluations: 14096006
first invidual area: 136.80
{7,1,80,1,2,1,8}([7]3,2,7)([8]0,4,1)([9]4,7,5)([10]4,5,3)([11]5,0,6)([12]7,1,2)([13]3,0,7)([14]4,13,5)([15]1,3,4)([16]4,9,0)([17]1,10,5)([18]12,16,3)([19]6,12,3)([20]4,16,7)([21]15,5,2)([22]2,14,5)([23]16,0,6)([24]15,14,5)([25]8,10,2)([26]13,21,5)([27]3,2,1)([28]2,23,7)([29]22,25,5)([30]17,2,4)([31]7,9,5)([32]2,31,3)([33]12,5,3)([34]9,19,7)([35]31,1,7)([36]22,10,0)([37]24,11,7)([38]5,7,5)([39]18,28,3)([40]39,8,7)([41]30,0,5)([42]38,28,2)([43]5,34,3)([44]32,34,5)([45]42,35,3)([46]9,0,0)([47]26,30,2)([48]41,6,7)([49]35,3,2)([50]5,2,3)([51]45,44,5)([52]33,28,4)([53]17,21,3)([54]16,53,4)([55]52,14,3)([56]26,1,4)([57]55,8,4)([58]5,52,4)([59]40,19,1)([60]48,57,7)([61]13,11,0)([62]8,49,5)([63]29,56,5)([64]6,43,5)([65]48,63,5)([66]13,2,5)([67]41,47,2)([68]48,35,3)([69]52,7,1)([70]19,19,3)([71]20,33,6)([72]68,5,6)([73]9,9,2)([74]37,51,3)([75]12,6,4)([76]4,56,7)([77]74,65,5)([78]6,20,1)([79]37,60,2)([80]51,25,6)([81]69,46,6)([82]57,77,4)([83]75,42,3)([84]3,32,0)([85]45,36,3)([86]21,75,6)(82)
optimized area: 120.84
time: 614342 ms
seed: 1635158118
NOT FOUND
time: 526040 ms
seed: 1635207268
{7,1,80,1,2,1,8}([7]3,2,4)([8]6,4,6)([9]2,1,7)([10]9,6,4)([11]4,7,3)([12]3,4,7)([13]4,5,7)([14]1,0,7)([15]0,2,3)([16]3,15,2)([17]12,10,4)([18]15,6,2)([19]6,4,4)([20]6,8,3)([21]4,5,3)([22]9,7,6)([23]18,7,2)([24]10,0,0)([25]12,8,7)([26]12,21,5)([27]3,7,2)([28]19,0,5)([29]25,22,4)([30]10,16,3)([31]5,15,4)([32]17,19,0)([33]15,22,5)([34]26,10,4)([35]21,0,7)([36]11,28,2)([37]27,12,5)([38]19,27,0)([39]23,33,4)([40]39,34,2)([41]13,30,6)([42]10,19,1)([43]13,33,1)([44]26,29,4)([45]16,14,4)([46]5,23,2)([47]30,16,5)([48]20,37,1)([49]38,29,0)([50]13,17,4)([51]13,40,7)([52]0,10,2)([53]35,6,3)([54]10,35,7)([55]16,24,5)([56]36,23,7)([57]54,37,2)([58]56,45,3)([59]14,44,6)([60]32,21,5)([61]58,52,6)([62]23,8,2)([63]51,61,3)([64]45,63,5)([65]15,4,4)([66]45,48,7)([67]41,59,7)([68]14,6,0)([69]45,58,3)([70]56,66,3)([71]66,10,7)([72]57,9,1)([73]58,22,4)([74]13,50,0)([75]3,28,4)([76]72,72,1)([77]41,3,7)([78]63,76,3)([79]60,44,5)([80]27,68,6)([81]6,52,1)([82]67,78,4)([83]39,69,3)([84]76,57,2)([85]12,61,0)([86]77,56,1)(82)
evaluations: 26128665
first invidual area: 146.19
{7,1,80,1,2,1,8}([7]2,3,4)([8]4,6,3)([9]2,1,7)([10]9,6,4)([11]6,2,7)([12]4,3,7)([13]4,5,7)([14]0,1,7)([15]0,2,3)([16]0,10,4)([17]16,12,2)([18]15,6,2)([19]3,15,2)([20]19,13,3)([21]4,5,3)([22]9,7,6)([23]7,18,2)([24]16,3,4)([25]12,8,4)([26]12,21,5)([27]7,4,2)([28]27,0,5)([29]26,4,0)([30]4,7,3)([31]22,25,4)([32]31,30,4)([33]22,15,2)([34]29,10,4)([35]19,14,4)([36]30,28,5)([37]29,31,4)([38]27,3,5)([39]33,23,6)([40]39,34,5)([41]20,10,3)([42]18,16,3)([43]0,1,0)([44]13,37,0)([45]21,16,4)([46]27,22,3)([47]17,17,7)([48]18,22,0)([49]37,22,1)([50]37,14,6)([51]13,40,4)([52]50,2,1)([53]45,38,2)([54]44,0,1)([55]18,52,2)([56]39,50,6)([57]25,40,7)([58]36,35,3)([59]11,34,4)([60]3,31,4)([61]23,58,6)([62]55,6,4)([63]51,61,3)([64]47,10,2)([65]46,60,7)([66]41,50,7)([67]42,58,6)([68]38,65,7)([69]21,53,4)([70]61,13,4)([71]45,6,3)([72]35,51,1)([73]35,21,5)([74]25,65,5)([75]27,51,3)([76]67,31,5)([77]15,20,7)([78]63,53,6)([79]40,78,5)([80]76,8,2)([81]0,35,0)([82]66,78,4)([83]17,69,1)([84]64,68,3)([85]58,48,4)([86]29,57,2)(82)
optimized area: 128.85
time: 581511 ms
seed: 1635392451
NOT FOUND
time: 1039093 ms
seed: 1635637861
NOT FOUND
time: 1068257 ms
seed: 1635685574
NOT FOUND
time: 1069684 ms
seed: 1635733416
NOT FOUND
time: 1082185 ms
seed: 1635780719
NOT FOUND
time: 1084578 ms
seed: 1635827569
{7,1,80,1,2,1,8}([7]5,3,2)([8]2,4,6)([9]0,3,0)([10]3,9,3)([11]8,6,6)([12]9,1,7)([13]5,11,2)([14]2,1,4)([15]1,7,4)([16]14,12,6)([17]9,8,6)([18]8,10,3)([19]14,8,0)([20]2,17,2)([21]18,13,6)([22]19,4,4)([23]3,17,1)([24]12,22,2)([25]24,11,5)([26]18,5,5)([27]24,21,7)([28]16,27,3)([29]5,15,2)([30]6,20,3)([31]23,11,4)([32]30,15,2)([33]14,0,4)([34]28,14,7)([35]4,5,4)([36]18,4,4)([37]34,31,3)([38]9,7,3)([39]7,8,0)([40]14,16,2)([41]29,32,4)([42]23,32,4)([43]29,15,2)([44]34,35,3)([45]30,39,5)([46]44,40,1)([47]33,13,3)([48]38,32,2)([49]19,38,7)([50]6,31,3)([51]43,37,6)([52]34,0,4)([53]36,22,2)([54]51,46,6)([55]19,42,4)([56]39,22,7)([57]54,49,4)([58]53,51,4)([59]55,26,5)([60]19,15,4)([61]5,6,3)([62]7,23,2)([63]36,31,0)([64]57,32,4)([65]59,58,6)([66]44,19,4)([67]61,4,3)([68]62,33,5)([69]33,67,5)([70]64,65,6)([71]54,42,5)([72]66,52,4)([73]33,37,2)([74]32,63,3)([75]8,58,5)([76]6,6,4)([77]25,51,7)([78]38,31,0)([79]13,22,2)([80]15,74,4)([81]14,25,5)([82]8,35,4)([83]57,35,7)([84]33,60,3)([85]35,31,5)([86]15,8,2)(70)
evaluations: 25418472
first invidual area: 133.05
{7,1,80,1,2,1,8}([7]5,3,2)([8]4,2,6)([9]0,7,6)([10]3,0,3)([11]8,6,6)([12]1,0,7)([13]5,11,2)([14]2,1,4)([15]7,1,4)([16]11,2,0)([17]14,12,6)([18]8,10,3)([19]18,13,6)([20]15,16,0)([21]11,3,7)([22]4,14,4)([23]22,12,5)([24]23,18,0)([25]0,12,1)([26]25,2,2)([27]22,12,6)([28]19,24,4)([29]15,0,0)([30]26,6,3)([31]28,17,6)([32]30,15,5)([33]11,24,2)([34]31,14,4)([35]19,25,4)([36]11,34,2)([37]21,34,3)([38]3,35,0)([39]5,4,4)([40]18,27,0)([41]5,20,2)([42]14,32,4)([43]19,2,6)([44]34,39,6)([45]38,13,5)([46]5,0,1)([47]9,5,3)([48]39,10,5)([49]42,9,4)([50]26,13,0)([51]1,46,6)([52]41,37,6)([53]48,22,5)([54]52,44,3)([55]38,42,4)([56]30,31,0)([57]54,49,4)([58]42,36,2)([59]55,46,5)([60]31,32,1)([61]7,34,1)([62]3,11,4)([63]57,11,0)([64]14,6,3)([65]53,37,4)([66]65,46,0)([67]66,59,6)([68]22,27,2)([69]68,64,2)([70]4,57,7)([71]53,55,4)([72]26,36,5)([73]45,63,2)([74]5,57,6)([75]63,6,4)([76]27,30,5)([77]70,4,0)([78]61,47,0)([79]59,39,7)([80]15,66,1)([81]53,39,5)([82]63,33,7)([83]63,67,6)([84]26,9,5)([85]26,35,4)([86]42,25,1)(83)
optimized area: 117.58
time: 1186822 ms
seed: 1635870707
NOT FOUND
time: 1049431 ms
seed: 1635912795
NOT FOUND
time: 1060353 ms
seed: 1635949012
{7,1,80,1,2,1,8}([7]5,4,4)([8]5,6,4)([9]7,2,6)([10]1,1,2)([11]7,10,2)([12]8,6,2)([13]0,1,4)([14]2,0,3)([15]4,5,5)([16]3,13,4)([17]14,9,4)([18]6,3,2)([19]4,14,6)([20]16,17,4)([21]11,14,6)([22]7,17,5)([23]18,10,2)([24]4,3,1)([25]9,15,4)([26]15,23,6)([27]12,18,7)([28]18,13,3)([29]8,25,4)([30]16,1,6)([31]2,30,6)([32]19,21,4)([33]12,22,2)([34]9,2,4)([35]22,16,7)([36]11,31,4)([37]30,36,2)([38]32,3,4)([39]6,26,4)([40]8,4,3)([41]0,35,3)([42]40,35,6)([43]2,28,4)([44]21,2,3)([45]8,14,5)([46]17,16,5)([47]7,16,0)([48]42,42,1)([49]39,3,0)([50]24,12,4)([51]34,23,6)([52]46,23,1)([53]42,38,3)([54]6,36,0)([55]50,13,2)([56]41,34,2)([57]29,16,5)([58]52,19,1)([59]14,12,0)([60]52,42,0)([61]41,31,0)([62]50,56,5)([63]34,51,0)([64]0,36,0)([65]45,60,6)([66]49,58,2)([67]2,42,3)([68]27,36,7)([69]29,0,2)([70]55,17,2)([71]62,53,2)([72]43,59,0)([73]67,30,1)([74]68,39,1)([75]29,53,6)([76]6,58,5)([77]36,57,2)([78]46,20,5)([79]5,15,5)([80]56,7,1)([81]24,33,2)([82]71,77,6)([83]25,66,3)([84]81,52,0)([85]40,40,3)([86]82,66,4)(86)
evaluations: 8651296
first invidual area: 130.70
{7,1,80,1,2,1,8}([7]5,4,4)([8]1,3,2)([9]7,2,6)([10]5,6,4)([11]7,1,2)([12]0,3,7)([13]8,6,2)([14]0,2,3)([15]14,4,3)([16]1,12,7)([17]4,10,3)([18]15,7,5)([19]5,4,5)([20]14,14,0)([21]11,14,6)([22]1,16,6)([23]15,3,7)([24]9,20,4)([25]14,23,0)([26]19,0,0)([27]9,2,3)([28]17,2,3)([29]23,21,7)([30]22,2,3)([31]10,7,5)([32]17,2,3)([33]13,19,3)([34]8,9,4)([35]16,18,7)([36]16,24,5)([37]27,6,0)([38]29,14,0)([39]33,6,7)([40]30,11,7)([41]10,13,6)([42]35,17,3)([43]25,7,3)([44]35,0,3)([45]28,43,0)([46]3,36,5)([47]39,32,4)([48]31,17,5)([49]1,37,6)([50]44,48,2)([51]24,10,3)([52]42,36,1)([53]29,42,5)([54]3,28,0)([55]39,4,4)([56]43,47,7)([57]19,56,7)([58]24,35,2)([59]16,55,5)([60]4,28,7)([61]30,45,2)([62]50,27,5)([63]60,37,6)([64]62,53,2)([65]39,36,5)([66]1,22,7)([67]12,15,1)([68]50,44,7)([69]40,59,2)([70]12,60,1)([71]40,30,6)([72]18,2,0)([73]23,38,7)([74]56,33,4)([75]16,42,6)([76]41,65,2)([77]8,49,3)([78]42,8,0)([79]68,69,1)([80]44,50,1)([81]76,28,3)([82]64,69,6)([83]18,64,3)([84]54,53,2)([85]52,7,6)([86]65,82,7)(86)
optimized area: 115.23
time: 1219676 ms
seed: 1635985190
NOT FOUND
time: 1080424 ms
seed: 1636021111
{7,1,80,1,2,1,8}([7]2,3,6)([8]0,7,6)([9]0,2,4)([10]7,4,0)([11]5,7,1)([12]4,5,6)([13]4,11,7)([14]11,11,3)([15]9,13,5)([16]6,1,7)([17]1,15,2)([18]9,5,5)([19]8,4,3)([20]3,18,4)([21]13,15,7)([22]17,19,2)([23]17,11,6)([24]9,22,7)([25]3,24,3)([26]24,7,4)([27]18,6,2)([28]15,22,7)([29]3,17,3)([30]24,16,7)([31]30,20,6)([32]10,12,6)([33]1,4,3)([34]33,6,2)([35]10,29,4)([36]16,11,6)([37]27,0,2)([38]23,34,7)([39]3,24,7)([40]9,38,0)([41]17,33,0)([42]25,0,4)([43]26,19,5)([44]37,24,6)([45]5,18,1)([46]19,26,6)([47]43,42,2)([48]6,7,0)([49]17,48,2)([50]0,38,1)([51]31,38,6)([52]39,18,2)([53]20,20,0)([54]43,33,1)([55]2,7,1)([56]18,24,4)([57]33,20,7)([58]57,27,4)([59]12,4,4)([60]17,19,3)([61]25,33,6)([62]57,18,1)([63]47,32,6)([64]54,55,1)([65]51,63,4)([66]49,65,1)([67]58,4,4)([68]1,57,4)([69]20,22,4)([70]66,48,2)([71]37,2,6)([72]62,40,4)([73]58,36,7)([74]65,8,7)([75]44,73,2)([76]11,39,5)([77]52,43,6)([78]17,2,5)([79]74,75,6)([80]33,54,2)([81]43,43,4)([82]5,48,4)([83]27,58,1)([84]9,15,7)([85]77,79,3)([86]76,40,0)(85)
evaluations: 32397199
first invidual area: 133.52
{7,1,80,1,2,1,8}([7]3,2,6)([8]7,0,6)([9]2,0,4)([10]4,5,4)([11]5,8,1)([12]11,11,1)([13]10,9,5)([14]1,10,5)([15]3,11,4)([16]6,1,7)([17]13,1,2)([18]9,5,5)([19]4,8,3)([20]18,3,4)([21]19,17,5)([22]17,21,3)([23]17,11,6)([24]9,21,4)([25]6,20,0)([26]19,9,0)([27]18,6,2)([28]4,10,6)([29]11,16,6)([30]16,24,7)([31]30,20,6)([32]7,28,6)([33]1,4,3)([34]11,25,3)([35]2,12,4)([36]33,6,5)([37]25,10,0)([38]23,36,4)([39]7,24,4)([40]16,2,6)([41]24,3,6)([42]41,0,7)([43]26,39,5)([44]27,0,2)([45]5,5,3)([46]24,20,5)([47]34,6,1)([48]47,0,7)([49]20,14,7)([50]44,24,6)([51]30,2,7)([52]46,18,2)([53]21,33,5)([54]10,32,6)([55]31,19,7)([56]20,25,7)([57]41,31,5)([58]35,2,3)([59]42,43,2)([60]33,47,6)([61]29,27,6)([62]59,39,5)([63]59,32,3)([64]38,31,3)([65]63,64,7)([66]7,35,3)([67]44,54,4)([68]57,52,5)([69]33,20,7)([70]44,68,3)([71]11,8,1)([72]30,27,5)([73]69,61,4)([74]8,65,4)([75]50,73,2)([76]70,26,1)([77]52,43,6)([78]63,0,0)([79]75,74,6)([80]77,79,3)([81]36,21,3)([82]20,51,0)([83]6,26,5)([84]80,64,7)([85]19,9,7)([86]40,55,6)(80)
optimized area: 127.41
time: 1181287 ms
seed: 1636055852
NOT FOUND
time: 1073967 ms
seed: 1636089685
{7,1,80,1,2,1,8}([7]3,0,4)([8]7,2,4)([9]8,1,6)([10]9,0,5)([11]3,5,5)([12]11,4,4)([13]10,5,2)([14]2,3,2)([15]6,5,0)([16]4,12,5)([17]15,13,4)([18]2,9,5)([19]1,17,7)([20]10,9,2)([21]18,12,4)([22]12,10,5)([23]8,21,3)([24]8,19,7)([25]17,7,2)([26]14,7,6)([27]7,11,3)([28]21,1,4)([29]25,14,2)([30]11,1,2)([31]25,0,7)([32]5,1,6)([33]28,16,7)([34]21,21,0)([35]31,34,2)([36]24,23,5)([37]24,14,4)([38]20,14,4)([39]12,27,6)([40]2,13,4)([41]0,37,1)([42]17,33,3)([43]33,36,5)([44]33,36,6)([45]21,26,4)([46]20,43,4)([47]11,31,1)([48]37,6,3)([49]25,19,1)([50]37,42,4)([51]44,41,5)([52]51,48,5)([53]35,22,2)([54]44,45,3)([55]46,16,6)([56]36,30,3)([57]54,26,0)([58]15,5,5)([59]57,56,5)([60]50,5,6)([61]25,60,2)([62]46,13,4)([63]56,8,0)([64]24,43,5)([65]28,24,5)([66]51,21,5)([67]23,12,0)([68]8,64,2)([69]38,0,7)([70]65,7,0)([71]12,36,2)([72]62,53,4)([73]67,35,6)([74]59,72,3)([75]50,74,4)([76]39,23,7)([77]6,37,4)([78]36,50,4)([79]6,10,7)([80]18,8,6)([81]8,39,4)([82]32,12,4)([83]49,9,5)([84]43,64,4)([85]29,69,1)([86]43,22,6)(75)
evaluations: 34126655
first invidual area: 129.79
{7,1,80,1,2,1,8}([7]3,0,4)([8]7,2,4)([9]8,1,6)([10]0,9,5)([11]3,5,5)([12]4,11,4)([13]10,5,2)([14]2,3,2)([15]9,8,6)([16]1,1,0)([17]13,6,4)([18]1,7,4)([19]17,1,7)([20]14,9,5)([21]20,12,4)([22]3,15,7)([23]8,15,0)([24]8,19,7)([25]17,7,5)([26]4,5,2)([27]0,25,4)([28]21,26,3)([29]21,15,0)([30]29,8,3)([31]27,28,5)([32]16,27,0)([33]28,1,4)([34]3,5,0)([35]21,25,6)([36]24,30,5)([37]14,24,7)([38]10,9,5)([39]27,24,3)([40]38,26,3)([41]33,14,1)([42]33,17,6)([43]33,36,5)([44]7,14,6)([45]29,44,4)([46]38,43,5)([47]36,13,6)([48]9,7,0)([49]4,17,3)([50]37,42,4)([51]30,17,7)([52]32,11,2)([53]26,18,4)([54]47,45,3)([55]5,53,4)([56]36,52,3)([57]51,3,4)([58]30,7,0)([59]54,56,5)([60]34,25,6)([61]5,6,5)([62]13,31,7)([63]29,12,7)([64]44,38,1)([65]62,46,7)([66]62,31,1)([67]41,59,6)([68]53,20,6)([69]47,59,6)([70]11,64,5)([71]45,6,5)([72]61,24,1)([73]43,72,1)([74]59,65,6)([75]50,74,7)([76]7,10,1)([77]61,10,4)([78]57,22,5)([79]7,77,5)([80]46,75,2)([81]40,19,6)([82]72,2,2)([83]82,14,0)([84]63,57,0)([85]15,10,7)([86]53,55,1)(75)
optimized area: 119.47
time: 1175512 ms
seed: 1636122746
{7,1,80,1,2,1,8}([7]6,0,5)([8]6,4,0)([9]5,6,6)([10]1,9,3)([11]3,10,7)([12]2,0,2)([13]1,0,4)([14]6,3,3)([15]4,14,2)([16]7,1,5)([17]4,5,6)([18]4,14,2)([19]10,15,6)([20]17,6,3)([21]8,12,4)([22]9,19,7)([23]8,19,1)([24]15,15,4)([25]18,16,7)([26]5,12,6)([27]11,1,4)([28]4,14,3)([29]25,26,7)([30]16,15,5)([31]13,4,7)([32]22,21,3)([33]16,0,4)([34]31,3,3)([35]29,32,5)([36]0,34,4)([37]17,34,5)([38]32,11,6)([39]28,17,4)([40]2,37,7)([41]13,24,7)([42]39,31,2)([43]11,37,6)([44]24,40,2)([45]5,12,5)([46]7,45,4)([47]36,29,6)([48]8,47,2)([49]43,40,3)([50]27,21,7)([51]33,49,7)([52]36,23,5)([53]32,3,7)([54]52,46,3)([55]15,36,4)([56]13,38,6)([57]39,11,6)([58]41,29,0)([59]33,22,4)([60]34,1,3)([61]57,53,7)([62]46,36,1)([63]61,56,6)([64]35,8,5)([65]27,28,5)([66]7,27,5)([67]6,21,3)([68]28,63,7)([69]33,48,3)([70]51,57,4)([71]68,48,4)([72]58,9,0)([73]17,24,7)([74]51,61,0)([75]50,35,5)([76]34,55,6)([77]74,70,6)([78]1,66,0)([79]28,12,5)([80]38,24,1)([81]71,77,6)([82]54,45,5)([83]43,60,1)([84]70,75,6)([85]30,22,5)([86]84,81,6)(86)
evaluations: 46329323
first invidual area: 154.62
{7,1,80,1,2,1,8}([7]0,6,5)([8]0,3,0)([9]6,5,6)([10]9,1,3)([11]3,10,7)([12]2,8,2)([13]1,0,4)([14]6,3,3)([15]6,5,0)([16]7,1,5)([17]4,5,6)([18]4,14,2)([19]1,18,6)([20]1,18,7)([21]6,12,4)([22]21,3,0)([23]16,19,3)([24]2,21,5)([25]18,16,7)([26]5,12,3)([27]11,1,4)([28]4,14,3)([29]25,26,4)([30]9,19,6)([31]13,4,7)([32]30,22,3)([33]16,8,7)([34]31,3,3)([35]29,32,5)([36]8,34,4)([37]17,34,5)([38]30,26,6)([39]28,17,4)([40]2,37,7)([41]8,7,3)([42]27,10,1)([43]11,37,6)([44]27,43,5)([45]20,13,1)([46]17,14,4)([47]36,29,6)([48]15,47,5)([49]43,40,3)([50]27,21,7)([51]33,49,7)([52]6,25,4)([53]32,3,7)([54]48,39,5)([55]54,47,6)([56]13,38,6)([57]39,11,6)([58]48,56,4)([59]32,6,2)([60]59,31,0)([61]57,53,7)([62]40,18,2)([63]61,56,6)([64]12,1,2)([65]5,4,6)([66]43,12,0)([67]62,5,0)([68]28,63,4)([69]47,49,0)([70]51,57,7)([71]68,48,4)([72]10,23,5)([73]10,39,0)([74]7,45,5)([75]50,35,5)([76]15,69,3)([77]70,57,6)([78]74,52,4)([79]2,53,1)([80]15,53,3)([81]71,77,6)([82]68,8,2)([83]19,35,3)([84]70,75,6)([85]56,7,0)([86]84,81,6)(86)
optimized area: 149.46
time: 1088244 ms
seed: 1636155392
{7,1,80,1,2,1,8}([7]3,2,7)([8]5,6,3)([9]2,0,3)([10]5,3,4)([11]10,0,4)([12]8,11,5)([13]5,4,4)([14]1,2,3)([15]1,12,7)([16]15,1,6)([17]15,9,7)([18]6,11,3)([19]14,4,7)([20]6,19,6)([21]10,17,5)([22]0,11,3)([23]20,16,3)([24]21,18,6)([25]17,14,2)([26]12,0,5)([27]2,7,3)([28]20,10,6)([29]17,6,2)([30]2,7,2)([31]25,6,4)([32]23,22,7)([33]28,13,7)([34]31,30,3)([35]26,22,7)([36]33,11,7)([37]13,35,6)([38]18,1,3)([39]16,27,4)([40]36,35,2)([41]29,11,7)([42]39,13,5)([43]41,37,7)([44]32,9,3)([45]4,34,5)([46]45,43,3)([47]35,43,3)([48]26,1,3)([49]8,35,1)([50]46,42,7)([51]41,30,7)([52]51,40,3)([53]17,11,6)([54]50,37,4)([55]52,50,3)([56]39,5,5)([57]44,17,7)([58]44,19,1)([59]35,25,3)([60]55,7,7)([61]22,18,5)([62]58,52,7)([63]19,57,7)([64]63,24,3)([65]47,35,1)([66]58,34,7)([67]60,4,7)([68]64,43,5)([69]68,60,4)([70]25,17,1)([71]15,66,2)([72]49,10,2)([73]63,31,5)([74]37,5,0)([75]55,26,7)([76]17,2,6)([77]29,75,1)([78]26,58,3)([79]25,15,5)([80]39,36,5)([81]2,14,3)([82]25,0,4)([83]17,58,3)([84]18,54,0)([85]10,30,3)([86]9,34,1)(69)
evaluations: 32800998
first invidual area: 161.19
{7,1,80,1,2,1,8}([7]2,3,7)([8]5,6,3)([9]0,2,3)([10]5,3,7)([11]0,10,7)([12]8,11,5)([13]4,5,4)([14]2,1,3)([15]1,12,7)([16]15,1,6)([17]9,15,7)([18]5,16,5)([19]14,4,7)([20]19,6,6)([21]0,20,5)([22]11,21,6)([23]20,16,3)([24]18,23,7)([25]1,13,5)([26]19,17,5)([27]2,7,3)([28]17,20,0)([29]28,6,5)([30]27,3,2)([31]26,8,7)([32]11,23,4)([33]1,18,4)([34]31,30,3)([35]11,21,2)([36]0,35,2)([37]35,13,3)([38]13,20,4)([39]16,27,4)([40]39,36,2)([41]11,29,4)([42]39,13,5)([43]41,37,4)([44]28,43,7)([45]4,34,5)([46]45,43,6)([47]22,6,6)([48]18,17,6)([49]39,40,7)([50]46,42,4)([51]41,30,7)([52]51,40,3)([53]7,49,0)([54]9,32,6)([55]52,50,3)([56]20,6,3)([57]19,15,7)([58]7,51,6)([59]35,58,2)([60]55,53,4)([61]36,49,0)([62]39,24,6)([63]54,57,4)([64]63,22,3)([65]55,20,7)([66]48,62,7)([67]17,35,7)([68]64,43,5)([69]68,60,7)([70]29,33,3)([71]55,21,3)([72]28,36,1)([73]67,4,1)([74]44,24,0)([75]14,30,0)([76]3,38,6)([77]73,6,3)([78]36,22,7)([79]73,23,5)([80]62,21,2)([81]76,43,6)([82]71,43,7)([83]30,62,0)([84]38,50,3)([85]43,23,6)([86]72,25,5)(69)
optimized area: 141.97
time: 1198378 ms
seed: 1636187855
NOT FOUND
time: 1071198 ms
seed: 1636218488
NOT FOUND
time: 1065276 ms
seed: 1636248463
{7,1,80,1,2,1,8}([7]5,6,7)([8]7,3,4)([9]1,0,7)([10]9,1,2)([11]2,9,2)([12]8,1,4)([13]11,7,2)([14]0,2,2)([15]5,2,7)([16]14,6,6)([17]3,13,7)([18]15,12,6)([19]12,1,3)([20]19,5,2)([21]19,16,4)([22]11,8,5)([23]20,21,2)([24]10,4,7)([25]14,3,4)([26]6,11,5)([27]8,15,6)([28]7,20,2)([29]26,20,7)([30]6,4,6)([31]24,29,3)([32]11,3,0)([33]13,15,7)([34]1,20,1)([35]5,4,3)([36]27,9,7)([37]21,28,2)([38]17,16,2)([39]9,31,4)([40]7,11,6)([41]34,31,2)([42]37,36,3)([43]28,8,5)([44]21,43,7)([45]25,16,4)([46]4,18,4)([47]39,38,4)([48]10,0,1)([49]24,16,6)([50]4,43,5)([51]35,0,6)([52]13,0,6)([53]13,30,5)([54]12,47,6)([55]22,7,3)([56]46,40,0)([57]46,47,4)([58]18,40,2)([59]47,44,2)([60]25,0,3)([61]56,58,6)([62]42,45,5)([63]47,62,7)([64]37,52,2)([65]19,43,0)([66]17,17,6)([67]33,21,3)([68]55,52,6)([69]34,45,1)([70]45,17,6)([71]31,22,6)([72]33,23,5)([73]55,5,5)([74]57,64,6)([75]21,6,3)([76]52,64,4)([77]66,16,2)([78]31,64,4)([79]74,63,3)([80]79,61,4)([81]10,54,3)([82]9,35,1)([83]59,80,3)([84]25,74,1)([85]49,66,5)([86]29,62,0)(83)
evaluations: 25816879
first invidual area: 148.54
{7,1,80,1,2,1,8}([7]5,6,7)([8]3,7,4)([9]1,0,7)([10]1,9,5)([11]2,9,2)([12]1,8,4)([13]11,7,5)([14]0,2,2)([15]5,2,7)([16]6,14,6)([17]10,10,0)([18]11,6,5)([19]12,1,3)([20]7,11,6)([21]19,16,4)([22]3,17,7)([23]3,7,0)([24]4,10,4)([25]14,16,3)([26]5,19,5)([27]8,15,6)([28]7,21,2)([29]18,26,4)([30]13,23,4)([31]24,29,6)([32]25,3,4)([33]12,15,6)([34]9,27,7)([35]20,33,2)([36]15,18,2)([37]35,18,0)([38]16,30,5)([39]13,23,6)([40]34,1,3)([41]31,9,7)([42]34,28,3)([43]29,28,5)([44]43,21,2)([45]4,43,6)([46]4,33,4)([47]41,38,7)([48]13,27,4)([49]11,40,1)([50]12,41,6)([51]38,7,1)([52]37,35,4)([53]48,12,5)([54]6,8,0)([55]28,41,3)([56]44,47,2)([57]46,47,4)([58]44,39,1)([59]50,49,4)([60]51,46,3)([61]46,35,6)([62]42,32,5)([63]47,62,7)([64]7,12,2)([65]61,22,5)([66]34,26,4)([67]13,60,7)([68]58,51,6)([69]21,12,5)([70]42,51,2)([71]1,56,1)([72]70,1,5)([73]30,25,2)([74]45,57,6)([75]26,49,3)([76]15,68,5)([77]49,16,7)([78]76,44,2)([79]74,63,3)([80]79,61,4)([81]80,56,3)([82]66,29,3)([83]1,61,0)([84]31,16,5)([85]21,53,0)([86]58,50,0)(81)
optimized area: 137.28
time: 1267354 ms
seed: 1636267618
NOT FOUND
time: 1068083 ms
seed: 1636284167
NOT FOUND
time: 1076231 ms
seed: 1636300589
{7,1,80,1,2,1,8}([7]4,6,3)([8]4,5,7)([9]7,4,7)([10]7,1,7)([11]8,1,4)([12]10,6,4)([13]6,0,7)([14]3,6,5)([15]9,2,7)([16]9,11,2)([17]15,3,3)([18]17,16,4)([19]7,18,5)([20]18,10,6)([21]18,12,6)([22]1,19,3)([23]16,5,2)([24]22,0,4)([25]2,17,2)([26]12,25,4)([27]3,13,7)([28]0,24,2)([29]19,13,1)([30]21,2,4)([31]11,30,4)([32]19,9,4)([33]26,19,3)([34]28,17,7)([35]33,13,2)([36]18,14,6)([37]25,31,6)([38]6,14,4)([39]21,23,6)([40]11,27,7)([41]37,24,7)([42]34,40,5)([43]1,32,1)([44]34,20,4)([45]40,35,5)([46]45,42,5)([47]31,36,7)([48]35,35,0)([49]35,44,6)([50]8,17,0)([51]37,12,0)([52]47,0,3)([53]24,37,1)([54]53,29,5)([55]6,12,7)([56]7,46,7)([57]30,14,2)([58]13,46,2)([59]52,17,0)([60]14,27,7)([61]17,11,7)([62]4,39,3)([63]9,23,0)([64]18,59,3)([65]18,33,6)([66]15,53,7)([67]15,24,4)([68]37,53,4)([69]28,6,2)([70]68,69,3)([71]36,23,0)([72]50,5,2)([73]64,41,3)([74]39,70,5)([75]71,14,6)([76]67,44,2)([77]7,14,6)([78]3,25,6)([79]51,74,6)([80]56,79,7)([81]32,6,3)([82]2,0,4)([83]6,76,7)([84]80,73,2)([85]6,77,1)([86]22,61,4)(84)
evaluations: 16534383
first invidual area: 153.22
{7,1,80,1,2,1,8}([7]4,6,3)([8]6,0,1)([9]4,8,3)([10]4,1,7)([11]5,10,4)([12]4,6,5)([13]0,8,4)([14]10,12,7)([15]9,2,7)([16]11,9,2)([17]15,3,3)([18]17,16,4)([19]7,18,5)([20]3,6,5)([21]18,14,6)([22]19,1,6)([23]7,4,7)([24]0,22,4)([25]2,17,2)([26]9,6,2)([27]13,11,7)([28]24,2,2)([29]22,0,5)([30]21,2,4)([31]11,30,4)([32]29,17,4)([33]20,21,0)([34]19,28,3)([35]8,4,2)([36]20,23,2)([37]25,31,6)([38]16,37,3)([39]21,0,1)([40]3,27,7)([41]11,18,7)([42]40,32,5)([43]34,40,2)([44]17,41,5)([45]13,43,5)([46]7,30,5)([47]33,31,4)([48]15,15,1)([49]25,43,2)([50]42,45,5)([51]50,7,7)([52]28,6,3)([53]2,51,0)([54]5,16,2)([55]19,30,1)([56]53,49,4)([57]24,47,3)([58]4,26,4)([59]8,43,5)([60]6,13,2)([61]57,53,7)([62]2,34,4)([63]21,54,6)([64]34,56,7)([65]38,51,7)([66]18,57,3)([67]10,11,1)([68]1,2,3)([69]38,3,3)([70]60,24,3)([71]45,67,6)([72]18,59,5)([73]37,66,3)([74]63,70,5)([75]45,2,4)([76]7,56,6)([77]42,25,1)([78]18,52,5)([79]37,74,3)([80]51,79,4)([81]55,17,6)([82]12,76,5)([83]11,76,4)([84]80,73,2)([85]4,17,4)([86]8,77,3)(84)
optimized area: 133.51
time: 1406371 ms
seed: 1636316896
NOT FOUND
time: 1087364 ms
seed: 1636333272
NOT FOUND
time: 1078047 ms
