seed: 1634020069
{7,1,80,1,2,1,8}([7]4,5,2)([8]0,2,7)([9]8,5,5)([10]8,7,5)([11]3,7,5)([12]0,5,6)([13]3,12,3)([14]9,4,2)([15]3,6,4)([16]7,6,2)([17]4,12,3)([18]1,14,6)([19]11,6,7)([20]8,3,2)([21]4,17,3)([22]21,10,1)([23]6,21,1)([24]22,19,7)([25]20,20,2)([26]24,15,3)([27]2,1,1)([28]13,2,7)([29]16,4,4)([30]29,18,3)([31]1,15,4)([32]5,11,1)([33]31,30,5)([34]5,24,6)([35]15,26,6)([36]1,26,2)([37]22,35,7)([38]23,1,2)([39]27,2,0)([40]1,4,4)([41]33,20,6)([42]3,34,0)([43]42,16,0)([44]41,24,6)([45]42,14,4)([46]19,18,2)([47]21,27,7)([48]37,22,7)([49]47,25,5)([50]40,0,0)([51]35,28,0)([52]2,25,2)([53]30,44,4)([54]37,18,7)([55]12,11,1)([56]19,41,5)([57]42,26,3)([58]23,48,3)([59]32,52,6)([60]56,31,7)([61]54,28,6)([62]40,8,0)([63]34,31,7)([64]3,37,4)([65]56,41,3)([66]44,61,6)([67]62,38,5)([68]11,3,6)([69]28,68,2)([70]20,27,6)([71]54,45,6)([72]29,59,6)([73]1,31,0)([74]34,60,6)([75]27,74,3)([76]75,72,2)([77]48,1,6)([78]62,32,6)([79]76,66,7)([80]0,25,4)([81]9,72,5)([82]9,65,4)([83]43,66,3)([84]31,74,3)([85]60,31,1)([86]69,2,0)(79)
evaluations: 11512301
first invidual area: 117.09
{7,1,80,1,2,1,8}([7]2,4,1)([8]0,7,4)([9]8,5,5)([10]5,3,2)([11]6,5,5)([12]5,0,6)([13]12,3,3)([14]12,11,5)([15]4,12,6)([16]4,9,2)([17]5,7,1)([18]16,1,6)([19]10,15,6)([20]3,8,2)([21]2,19,0)([22]10,5,4)([23]7,7,0)([24]19,6,4)([25]12,23,7)([26]3,6,4)([27]3,10,6)([28]13,21,7)([29]4,11,2)([30]6,11,0)([31]1,26,4)([32]29,18,3)([33]31,32,5)([34]33,16,7)([35]24,26,6)([36]33,20,6)([37]24,32,6)([38]34,35,0)([39]24,36,6)([40]3,34,1)([41]39,9,2)([42]28,20,2)([43]33,41,2)([44]39,17,2)([45]4,11,3)([46]11,20,2)([47]35,15,6)([48]46,9,1)([49]37,46,2)([50]47,18,7)([51]26,37,0)([52]44,50,2)([53]28,31,2)([54]40,40,3)([55]3,48,2)([56]13,19,2)([57]50,28,6)([58]24,55,5)([59]42,17,6)([60]52,16,4)([61]13,47,5)([62]23,14,0)([63]62,21,4)([64]10,43,3)([65]21,36,3)([66]39,57,6)([67]4,20,7)([68]2,67,6)([69]14,31,1)([70]48,50,2)([71]4,37,3)([72]29,59,6)([73]6,37,4)([74]53,41,6)([75]23,74,3)([76]75,72,5)([77]45,54,4)([78]77,77,1)([79]65,42,1)([80]71,2,4)([81]66,76,4)([82]78,17,6)([83]77,10,3)([84]26,0,3)([85]75,63,3)([86]56,69,3)(81)
optimized area: 96.93
time: 624267 ms
seed: 1634068884
{7,1,80,1,2,1,8}([7]3,4,7)([8]7,0,6)([9]5,6,4)([10]8,2,4)([11]1,5,7)([12]1,6,5)([13]3,5,4)([14]7,12,4)([15]1,13,5)([16]3,0,5)([17]10,14,3)([18]13,12,7)([19]10,9,6)([20]11,6,2)([21]16,13,1)([22]13,4,2)([23]13,8,2)([24]19,20,6)([25]9,18,5)([26]13,14,2)([27]17,11,7)([28]7,10,4)([29]0,27,4)([30]16,18,6)([31]15,20,4)([32]26,27,2)([33]30,30,2)([34]29,8,0)([35]18,27,6)([36]9,1,0)([37]24,33,3)([38]6,7,7)([39]0,23,7)([40]37,22,4)([41]28,23,4)([42]26,0,7)([43]1,34,3)([44]23,14,3)([45]37,15,5)([46]45,0,3)([47]25,40,5)([48]42,39,1)([49]41,47,7)([50]31,19,5)([51]8,45,0)([52]49,30,7)([53]37,6,4)([54]44,30,0)([55]45,11,1)([56]26,17,5)([57]22,55,2)([58]35,14,3)([59]58,35,3)([60]50,9,5)([61]11,31,1)([62]32,29,3)([63]3,33,3)([64]31,62,2)([65]34,27,3)([66]52,64,6)([67]2,54,0)([68]30,6,0)([69]58,66,5)([70]23,48,0)([71]18,7,4)([72]30,56,6)([73]69,40,7)([74]8,28,4)([75]0,39,0)([76]7,60,6)([77]5,53,6)([78]8,77,2)([79]64,49,1)([80]14,50,0)([81]70,39,3)([82]5,11,4)([83]8,28,7)([84]19,5,3)([85]29,62,0)([86]16,46,1)(73)
evaluations: 46123444
first invidual area: 123.70
{7,1,80,1,2,1,8}([7]4,3,7)([8]7,0,6)([9]5,6,4)([10]2,8,4)([11]1,5,7)([12]1,6,5)([13]3,5,4)([14]7,12,4)([15]1,13,5)([16]0,3,5)([17]10,14,3)([18]13,12,7)([19]10,9,6)([20]11,6,2)([21]2,11,2)([22]1,6,3)([23]13,8,5)([24]20,14,0)([25]14,3,4)([26]14,15,4)([27]17,11,7)([28]10,7,4)([29]14,1,3)([30]16,18,6)([31]15,24,4)([32]7,14,0)([33]19,20,6)([34]3,24,1)([35]18,27,6)([36]4,13,5)([37]33,30,6)([38]2,29,5)([39]11,38,0)([40]37,36,4)([41]28,23,7)([42]11,28,0)([43]14,7,5)([44]41,17,4)([45]35,7,6)([46]31,21,5)([47]43,40,5)([48]43,33,3)([49]41,47,4)([50]0,27,4)([51]5,22,3)([52]49,30,4)([53]47,37,3)([54]49,15,7)([55]11,39,5)([56]30,47,3)([57]6,4,3)([58]35,14,3)([59]27,6,1)([60]25,32,3)([61]41,47,3)([62]20,50,3)([63]18,13,6)([64]31,62,2)([65]45,36,3)([66]52,64,6)([67]65,63,7)([68]18,51,1)([69]58,66,5)([70]36,67,5)([71]63,60,7)([72]15,67,1)([73]69,40,7)([74]55,62,3)([75]10,24,5)([76]73,45,4)([77]36,71,4)([78]11,36,7)([79]48,35,6)([80]54,62,5)([81]63,54,0)([82]60,66,4)([83]40,68,0)([84]44,62,4)([85]36,56,6)([86]74,54,7)(73)
optimized area: 118.08
time: 532736 ms
seed: 1634230450
NOT FOUND
time: 521591 ms
seed: 1634368008
{7,1,80,1,2,1,8}([7]0,5,3)([8]6,5,4)([9]2,7,5)([10]1,5,5)([11]6,9,4)([12]3,2,2)([13]4,12,4)([14]1,5,6)([15]1,2,4)([16]0,10,5)([17]4,13,6)([18]9,3,7)([19]16,2,7)([20]11,4,4)([21]14,13,6)([22]7,12,2)([23]20,0,7)([24]15,20,5)([25]20,18,6)([26]15,11,5)([27]8,7,5)([28]16,27,5)([29]23,10,4)([30]18,17,6)([31]30,24,7)([32]25,21,2)([33]11,28,4)([34]21,31,6)([35]11,15,6)([36]27,34,3)([37]32,29,0)([38]15,1,5)([39]4,7,5)([40]17,29,3)([41]24,35,4)([42]4,26,1)([43]13,36,4)([44]38,1,3)([45]15,22,4)([46]30,22,1)([47]7,37,1)([48]24,8,2)([49]19,12,7)([50]24,30,1)([51]39,25,2)([52]48,51,4)([53]19,41,2)([54]50,14,7)([55]32,35,2)([56]38,40,2)([57]7,39,4)([58]31,30,2)([59]28,54,1)([60]26,46,4)([61]39,4,3)([62]52,53,6)([63]62,38,2)([64]47,11,2)([65]26,35,0)([66]54,4,5)([67]66,58,0)([68]56,62,2)([69]21,3,4)([70]60,68,4)([71]43,68,4)([72]59,67,1)([73]29,18,5)([74]53,58,2)([75]71,48,3)([76]1,35,6)([77]2,3,4)([78]38,27,2)([79]25,52,2)([80]73,53,7)([81]5,49,0)([82]69,67,6)([83]78,78,0)([84]42,69,4)([85]74,71,6)([86]4,78,5)(85)
evaluations: 6369790
first invidual area: 125.55
{7,1,80,1,2,1,8}([7]0,5,3)([8]6,5,4)([9]2,7,5)([10]1,5,5)([11]9,6,4)([12]2,3,5)([13]12,4,7)([14]5,1,6)([15]2,1,4)([16]10,2,5)([17]4,13,6)([18]9,3,7)([19]8,7,5)([20]11,4,4)([21]18,4,6)([22]11,15,3)([23]14,15,4)([24]15,20,5)([25]17,18,3)([26]24,22,2)([27]26,0,7)([28]16,24,0)([29]4,15,0)([30]24,9,3)([31]25,24,4)([32]21,20,2)([33]14,13,6)([34]20,23,1)([35]27,32,0)([36]30,10,1)([37]34,21,5)([38]7,4,1)([39]31,33,6)([40]25,14,5)([41]27,9,7)([42]39,19,6)([43]15,1,5)([44]16,40,3)([45]16,7,7)([46]27,17,3)([47]33,26,6)([48]24,8,5)([49]4,48,5)([50]14,10,7)([51]44,19,2)([52]48,37,4)([53]26,45,2)([54]52,53,6)([55]30,5,1)([56]43,46,2)([57]50,20,2)([58]7,40,3)([59]13,42,7)([60]59,49,6)([61]4,26,2)([62]50,23,1)([63]30,46,1)([64]34,55,6)([65]56,15,7)([66]9,33,7)([67]24,22,5)([68]56,54,5)([69]0,4,4)([70]7,69,4)([71]59,68,7)([72]41,54,0)([73]59,64,0)([74]53,31,2)([75]74,71,6)([76]19,69,3)([77]71,7,6)([78]9,73,3)([79]25,8,5)([80]13,63,0)([81]77,50,5)([82]63,75,4)([83]76,40,2)([84]65,44,6)([85]63,6,1)([86]1,72,6)(75)
optimized area: 113.82
time: 682384 ms
seed: 1634416964
{7,1,80,1,2,1,8}([7]5,1,7)([8]5,0,6)([9]5,6,7)([10]7,6,5)([11]9,4,7)([12]3,8,3)([13]2,12,4)([14]7,1,7)([15]2,14,4)([16]1,0,3)([17]4,3,1)([18]11,10,2)([19]11,3,4)([20]1,13,7)([21]17,20,2)([22]20,18,2)([23]5,17,6)([24]15,21,2)([25]15,21,3)([26]15,3,3)([27]17,15,7)([28]15,0,4)([29]20,26,5)([30]1,9,7)([31]26,13,2)([32]30,17,5)([33]23,16,5)([34]16,31,2)([35]13,12,1)([36]13,32,2)([37]7,17,7)([38]29,33,7)([39]23,16,3)([40]11,10,1)([41]24,18,3)([42]18,28,5)([43]34,19,7)([44]34,14,1)([45]36,42,4)([46]35,39,7)([47]38,44,1)([48]25,8,7)([49]22,37,4)([50]43,45,5)([51]12,36,6)([52]46,14,5)([53]12,32,7)([54]49,48,5)([55]18,37,5)([56]22,12,6)([57]37,52,3)([58]27,45,2)([59]52,18,2)([60]39,30,4)([61]54,50,4)([62]52,22,7)([63]16,29,7)([64]27,14,3)([65]44,57,2)([66]60,16,7)([67]22,63,6)([68]24,20,7)([69]68,39,3)([70]33,14,5)([71]52,45,0)([72]6,21,7)([73]2,67,5)([74]17,18,6)([75]20,68,1)([76]73,61,5)([77]20,66,7)([78]64,16,4)([79]14,68,5)([80]69,52,2)([81]59,18,7)([82]48,57,3)([83]76,69,2)([84]2,62,0)([85]63,66,0)([86]85,60,7)(83)
evaluations: 28521169
first invidual area: 140.56
{7,1,80,1,2,1,8}([7]5,1,7)([8]5,0,6)([9]5,6,7)([10]7,8,0)([11]9,4,7)([12]3,8,3)([13]2,12,4)([14]6,10,5)([15]5,2,4)([16]1,0,3)([17]4,15,1)([18]11,14,2)([19]11,3,4)([20]13,1,7)([21]20,17,2)([22]18,20,5)([23]0,0,0)([24]3,15,3)([25]13,5,0)([26]24,16,2)([27]15,21,6)([28]0,15,4)([29]24,20,5)([30]1,9,7)([31]13,26,5)([32]17,30,5)([33]29,16,7)([34]17,28,1)([35]32,13,5)([36]16,7,3)([37]7,4,7)([38]5,8,6)([39]20,33,4)([40]37,33,6)([41]30,36,3)([42]18,28,5)([43]31,19,4)([44]38,38,3)([45]27,29,7)([46]8,27,4)([47]20,24,4)([48]42,35,7)([49]37,22,4)([50]43,48,5)([51]12,34,4)([52]3,22,1)([53]17,38,3)([54]49,46,5)([55]50,54,4)([56]20,10,0)([57]21,42,6)([58]52,44,7)([59]57,22,2)([60]31,44,1)([61]58,56,7)([62]3,55,5)([63]55,41,2)([64]24,14,7)([65]35,5,6)([66]18,41,2)([67]63,44,7)([68]55,50,4)([69]41,25,3)([70]35,64,7)([71]69,11,4)([72]40,2,5)([73]39,11,4)([74]22,26,1)([75]33,53,0)([76]55,72,5)([77]47,6,4)([78]70,74,6)([79]9,5,6)([80]70,22,6)([81]61,37,3)([82]46,7,2)([83]76,69,2)([84]50,43,3)([85]1,11,0)([86]82,41,2)(83)
optimized area: 127.43
time: 591910 ms
seed: 1634625274
NOT FOUND
time: 524002 ms
seed: 1635152324
{7,1,80,1,2,1,8}([7]5,6,4)([8]7,5,4)([9]8,7,2)([10]5,3,4)([11]9,2,4)([12]8,4,1)([13]8,3,6)([14]10,13,1)([15]1,6,3)([16]7,15,2)([17]12,10,1)([18]0,15,6)([19]15,7,7)([20]16,4,5)([21]11,18,4)([22]6,1,5)([23]21,15,7)([24]21,1,2)([25]8,1,3)([26]17,16,7)([27]0,22,2)([28]0,11,7)([29]8,4,4)([30]21,7,3)([31]24,5,5)([32]3,22,7)([33]20,14,2)([34]11,32,4)([35]13,32,3)([36]35,33,7)([37]4,22,5)([38]1,31,5)([39]6,37,1)([40]28,36,5)([41]30,33,2)([42]30,21,4)([43]31,17,6)([44]42,15,1)([45]29,41,3)([46]22,45,2)([47]45,40,4)([48]34,11,1)([49]20,39,0)([50]24,28,6)([51]48,30,0)([52]46,13,7)([53]45,35,0)([54]50,34,0)([55]30,4,3)([56]41,42,7)([57]33,25,1)([58]44,52,5)([59]28,17,1)([60]47,55,2)([61]16,40,6)([62]11,61,5)([63]31,31,4)([64]17,16,5)([65]35,41,5)([66]0,49,1)([67]28,37,2)([68]45,24,4)([69]58,34,5)([70]12,25,6)([71]50,2,1)([72]43,60,7)([73]7,4,0)([74]60,16,0)([75]18,55,6)([76]25,29,1)([77]24,65,6)([78]4,40,1)([79]69,72,5)([80]24,1,4)([81]72,54,1)([82]6,38,0)([83]1,30,0)([84]54,18,3)([85]55,17,1)([86]80,72,5)(79)
evaluations: 44537381
first invidual area: 119.45
{7,1,80,1,2,1,8}([7]5,6,4)([8]6,4,4)([9]7,6,5)([10]3,5,7)([11]2,9,7)([12]4,9,4)([13]3,6,6)([14]11,0,7)([15]6,1,3)([16]7,15,2)([17]7,15,7)([18]10,17,0)([19]2,3,1)([20]0,15,3)([21]20,11,7)([22]1,6,5)([23]19,22,0)([24]11,4,2)([25]2,11,2)([26]4,16,5)([27]3,6,0)([28]18,2,4)([29]24,9,4)([30]21,7,3)([31]25,16,5)([32]3,22,7)([33]26,10,2)([34]11,32,4)([35]13,32,3)([36]35,33,7)([37]7,1,5)([38]10,30,5)([39]22,7,6)([40]14,36,5)([41]30,33,2)([42]30,21,7)([43]20,29,7)([44]15,18,7)([45]8,41,3)([46]22,45,5)([47]45,40,4)([48]47,7,7)([49]30,0,6)([50]18,46,1)([51]13,46,4)([52]43,41,3)([53]0,38,1)([54]38,48,5)([55]30,4,3)([56]55,27,6)([57]54,48,2)([58]42,51,5)([59]49,26,6)([60]47,55,5)([61]0,46,7)([62]22,11,3)([63]38,2,6)([64]12,9,6)([65]34,58,5)([66]62,19,3)([67]26,46,0)([68]49,36,0)([69]29,47,0)([70]52,37,0)([71]7,54,0)([72]31,60,7)([73]42,46,3)([74]12,26,6)([75]11,46,6)([76]43,63,5)([77]31,52,4)([78]38,33,0)([79]65,72,5)([80]27,68,3)([81]24,2,7)([82]28,50,4)([83]45,37,6)([84]83,57,1)([85]24,18,3)([86]6,79,1)(79)
optimized area: 105.41
time: 533871 ms
seed: 1635201443
NOT FOUND
time: 525926 ms
seed: 1635374946
{7,1,80,1,2,1,8}([7]4,6,2)([8]5,3,4)([9]6,7,3)([10]2,1,7)([11]4,8,5)([12]3,9,7)([13]9,10,2)([14]0,8,3)([15]10,0,4)([16]11,1,4)([17]6,1,7)([18]3,16,2)([19]9,9,2)([20]7,2,6)([21]15,3,6)([22]8,11,5)([23]13,2,7)([24]3,16,5)([25]22,12,7)([26]0,2,3)([27]0,5,5)([28]23,6,3)([29]24,20,2)([30]19,27,4)([31]12,20,4)([32]25,13,3)([33]29,31,3)([34]23,7,5)([35]1,19,2)([36]19,25,0)([37]33,35,7)([38]10,14,3)([39]4,18,6)([40]7,5,2)([41]6,6,1)([42]29,32,4)([43]42,14,7)([44]29,42,7)([45]2,21,1)([46]42,35,2)([47]24,44,4)([48]40,42,3)([49]3,3,3)([50]35,39,4)([51]17,2,0)([52]11,15,4)([53]30,33,3)([54]38,13,6)([55]37,54,3)([56]54,50,2)([57]50,0,4)([58]52,17,5)([59]43,58,2)([60]21,8,5)([61]53,50,3)([62]42,1,6)([63]9,20,0)([64]43,46,1)([65]59,61,7)([66]45,35,4)([67]48,5,0)([68]25,37,3)([69]47,40,4)([70]52,55,0)([71]28,10,3)([72]40,6,0)([73]68,32,1)([74]49,34,4)([75]50,21,6)([76]32,5,6)([77]56,65,7)([78]75,41,0)([79]68,77,5)([80]10,21,7)([81]62,2,6)([82]44,73,7)([83]13,62,4)([84]9,57,1)([85]59,27,3)([86]57,49,7)(79)
evaluations: 11799289
first invidual area: 128.38
{7,1,80,1,2,1,8}([7]6,4,2)([8]3,5,4)([9]1,4,1)([10]1,2,7)([11]4,8,5)([12]3,6,7)([13]6,10,2)([14]3,1,3)([15]2,0,3)([16]8,11,5)([17]6,9,4)([18]3,9,2)([19]8,0,3)([20]7,2,6)([21]0,5,5)([22]0,10,4)([23]22,11,4)([24]6,21,4)([25]16,12,7)([26]13,25,6)([27]18,0,1)([28]19,0,0)([29]20,27,2)([30]3,11,2)([31]20,12,4)([32]19,1,6)([33]29,31,3)([34]18,4,3)([35]6,17,2)([36]2,3,6)([37]14,16,6)([38]33,35,7)([39]19,22,3)([40]11,27,2)([41]7,31,0)([42]26,29,4)([43]23,17,5)([44]25,38,3)([45]42,28,4)([46]24,33,6)([47]29,25,7)([48]37,34,0)([49]17,9,0)([50]35,34,7)([51]42,0,7)([52]50,46,3)([53]39,2,7)([54]15,10,5)([55]4,24,6)([56]39,50,5)([57]21,51,5)([58]15,12,3)([59]23,11,6)([60]45,43,5)([61]36,46,7)([62]54,10,4)([63]50,39,5)([64]50,25,2)([65]59,19,0)([66]23,39,3)([67]3,16,5)([68]55,46,7)([69]60,52,4)([70]67,65,4)([71]58,60,3)([72]15,10,5)([73]16,34,2)([74]25,62,6)([75]51,0,3)([76]41,57,4)([77]56,69,7)([78]18,49,0)([79]44,77,5)([80]51,34,0)([81]4,0,3)([82]24,4,1)([83]75,20,6)([84]50,59,5)([85]57,51,2)([86]14,58,5)(79)
optimized area: 119.00
time: 1182337 ms
seed: 1635632249
{7,1,80,1,2,1,8}([7]2,5,7)([8]7,6,3)([9]0,5,4)([10]2,3,7)([11]4,0,2)([12]1,10,3)([13]7,1,4)([14]1,8,2)([15]1,11,2)([16]4,8,4)([17]11,1,2)([18]11,5,4)([19]12,6,5)([20]9,1,5)([21]18,19,7)([22]18,4,2)([23]3,6,5)([24]16,9,4)([25]3,2,5)([26]9,11,7)([27]21,25,7)([28]5,22,5)([29]14,4,3)([30]27,20,3)([31]10,23,7)([32]22,27,6)([33]12,22,1)([34]7,22,0)([35]18,24,3)([36]27,35,6)([37]3,11,5)([38]31,35,5)([39]9,34,0)([40]2,36,0)([41]6,32,5)([42]38,17,5)([43]24,1,6)([44]7,5,5)([45]16,7,0)([46]29,21,0)([47]33,25,3)([48]2,43,2)([49]8,4,3)([50]39,0,2)([51]48,36,4)([52]46,51,4)([53]52,16,6)([54]29,39,2)([55]5,19,6)([56]21,30,5)([57]14,25,0)([58]26,4,2)([59]53,56,7)([60]47,45,7)([61]59,20,2)([62]30,37,4)([63]38,33,5)([64]59,38,5)([65]60,26,5)([66]9,49,7)([67]52,62,7)([68]50,67,1)([69]1,18,7)([70]67,41,5)([71]64,70,5)([72]1,58,3)([73]25,3,5)([74]2,29,4)([75]60,4,2)([76]20,68,1)([77]37,75,2)([78]17,19,4)([79]51,24,4)([80]46,15,3)([81]35,67,3)([82]54,30,4)([83]71,21,5)([84]69,15,0)([85]74,17,3)([86]38,45,6)(71)
evaluations: 7360717
first invidual area: 116.65
{7,1,80,1,2,1,8}([7]4,6,0)([8]2,5,7)([9]5,0,4)([10]3,2,7)([11]0,4,2)([12]1,1,3)([13]10,12,3)([14]9,1,5)([15]6,8,3)([16]15,7,4)([17]10,10,2)([18]5,11,4)([19]6,13,5)([20]3,17,5)([21]18,19,7)([22]18,7,1)([23]3,6,5)([24]16,9,4)([25]2,18,3)([26]18,21,0)([27]20,21,7)([28]5,7,7)([29]1,24,6)([30]27,14,3)([31]4,20,2)([32]20,17,3)([33]17,23,7)([34]26,18,7)([35]26,24,3)([36]1,8,2)([37]27,31,6)([38]4,30,1)([39]28,6,2)([40]20,3,5)([41]30,16,5)([42]35,27,3)([43]18,35,4)([44]4,36,3)([45]21,30,5)([46]23,20,0)([47]2,21,0)([48]29,2,5)([49]13,22,4)([50]35,21,7)([51]42,44,4)([52]48,51,4)([53]16,52,3)([54]3,11,5)([55]42,50,3)([56]52,54,7)([57]7,8,4)([58]6,37,5)([59]53,45,4)([60]42,49,0)([61]38,20,0)([62]35,33,5)([63]37,44,4)([64]62,59,5)([65]35,20,3)([66]31,15,3)([67]30,56,4)([68]29,16,0)([69]63,20,6)([70]58,67,5)([71]70,64,5)([72]22,30,0)([73]50,3,6)([74]49,73,1)([75]49,6,3)([76]36,15,1)([77]49,73,6)([78]76,62,0)([79]9,31,0)([80]19,75,7)([81]0,25,0)([82]21,6,3)([83]9,80,4)([84]12,70,2)([85]5,61,4)([86]33,10,2)(71)
optimized area: 116.18
time: 1353925 ms
seed: 1635679960
{7,1,80,1,2,1,8}([7]6,1,2)([8]7,3,4)([9]6,5,4)([10]2,8,6)([11]1,2,5)([12]7,0,6)([13]5,3,1)([14]9,6,4)([15]12,4,7)([16]8,15,3)([17]8,9,2)([18]1,10,4)([19]12,16,7)([20]0,9,5)([21]4,19,0)([22]4,12,3)([23]12,9,7)([24]20,22,7)([25]6,16,3)([26]15,6,3)([27]13,19,6)([28]4,3,0)([29]8,24,4)([30]24,17,2)([31]26,26,0)([32]24,11,4)([33]20,23,6)([34]27,11,4)([35]9,26,1)([36]2,34,2)([37]20,26,7)([38]31,30,5)([39]18,7,3)([40]1,3,5)([41]36,38,4)([42]32,41,4)([43]21,39,3)([44]21,15,1)([45]19,25,1)([46]14,37,7)([47]15,32,7)([48]43,25,7)([49]45,39,6)([50]46,36,0)([51]47,44,5)([52]27,48,7)([53]29,31,1)([54]1,21,2)([55]41,29,6)([56]25,10,5)([57]20,55,7)([58]17,51,2)([59]58,33,3)([60]42,58,6)([61]12,48,7)([62]61,46,5)([63]46,30,3)([64]62,57,6)([65]56,32,7)([66]11,45,1)([67]36,46,2)([68]22,10,1)([69]41,5,6)([70]57,47,6)([71]7,22,0)([72]16,63,7)([73]0,40,6)([74]60,64,7)([75]28,35,2)([76]70,17,7)([77]54,71,0)([78]1,43,6)([79]70,31,4)([80]64,27,6)([81]76,9,1)([82]37,39,1)([83]47,30,1)([84]13,12,4)([85]36,22,3)([86]43,21,6)(74)
evaluations: 20195716
first invidual area: 141.04
{7,1,80,1,2,1,8}([7]6,1,2)([8]3,7,4)([9]5,6,4)([10]8,2,6)([11]5,7,0)([12]7,0,6)([13]2,1,5)([14]4,11,1)([15]4,12,7)([16]15,8,3)([17]9,8,2)([18]11,7,1)([19]16,12,7)([20]0,9,5)([21]18,19,6)([22]14,19,0)([23]16,6,6)([24]14,15,5)([25]12,10,0)([26]6,15,3)([27]21,13,4)([28]21,27,2)([29]24,20,7)([30]29,4,4)([31]26,17,2)([32]29,13,4)([33]8,25,6)([34]21,22,4)([35]10,1,4)([36]2,27,5)([37]26,20,4)([38]29,31,5)([39]4,7,3)([40]37,36,5)([41]36,38,7)([42]41,32,4)([43]35,39,3)([44]12,18,7)([45]37,5,4)([46]33,29,5)([47]6,16,4)([48]14,5,6)([49]23,16,0)([50]8,32,6)([51]14,40,5)([52]30,26,2)([53]50,41,3)([54]20,10,6)([55]8,21,2)([56]25,43,7)([57]20,53,4)([58]17,51,2)([59]10,13,3)([60]42,58,6)([61]49,56,4)([62]61,45,5)([63]7,49,6)([64]62,57,3)([65]14,50,1)([66]29,19,5)([67]5,32,3)([68]54,8,5)([69]50,37,2)([70]35,3,7)([71]7,7,6)([72]70,45,3)([73]34,41,4)([74]69,27,6)([75]17,9,6)([76]17,0,5)([77]59,53,5)([78]60,64,4)([79]22,18,2)([80]38,1,6)([81]68,34,6)([82]61,4,0)([83]36,39,1)([84]83,59,4)([85]8,43,7)([86]5,47,1)(78)
optimized area: 130.24
time: 1292287 ms
seed: 1635727741
{7,1,80,1,2,1,8}([7]4,2,7)([8]2,0,2)([9]5,8,6)([10]5,0,3)([11]7,0,0)([12]10,11,4)([13]5,6,4)([14]1,4,7)([15]13,9,6)([16]4,14,3)([17]13,8,7)([18]17,7,2)([19]1,16,7)([20]19,17,5)([21]3,16,5)([22]6,18,4)([23]17,0,4)([24]20,7,5)([25]23,24,5)([26]14,25,6)([27]17,12,5)([28]25,1,4)([29]3,12,7)([30]7,26,4)([31]21,17,6)([32]13,26,3)([33]28,14,6)([34]22,28,2)([35]23,34,5)([36]35,6,0)([37]15,5,3)([38]19,25,7)([39]19,6,2)([40]9,6,5)([41]32,34,4)([42]15,15,4)([43]11,19,7)([44]10,11,7)([45]14,2,0)([46]13,28,7)([47]18,31,3)([48]22,28,1)([49]8,48,5)([50]41,29,2)([51]47,3,4)([52]42,32,4)([53]43,47,4)([54]34,25,6)([55]53,49,5)([56]15,44,4)([57]34,39,7)([58]32,16,3)([59]52,31,2)([60]55,28,4)([61]7,55,3)([62]21,2,4)([63]25,28,3)([64]17,50,5)([65]31,22,6)([66]6,39,6)([67]62,64,7)([68]33,27,7)([69]32,12,4)([70]64,56,6)([71]41,27,6)([72]22,12,3)([73]34,67,7)([74]51,51,6)([75]69,36,5)([76]5,38,2)([77]43,30,0)([78]55,56,2)([79]73,78,3)([80]20,38,2)([81]50,9,1)([82]16,79,1)([83]63,5,4)([84]66,54,7)([85]24,43,6)([86]12,50,0)(79)
evaluations: 37954740
first invidual area: 131.67
{7,1,80,1,2,1,8}([7]2,4,7)([8]0,2,2)([9]0,5,3)([10]6,8,6)([11]3,10,6)([12]9,7,4)([13]5,6,4)([14]1,4,7)([15]10,13,6)([16]14,4,3)([17]8,13,7)([18]17,7,2)([19]4,14,2)([20]18,19,5)([21]3,16,5)([22]6,18,4)([23]17,0,4)([24]20,7,5)([25]23,24,5)([26]3,17,7)([27]1,25,4)([28]25,15,4)([29]3,12,7)([30]19,7,7)([31]16,8,2)([32]30,9,5)([33]25,14,6)([34]22,27,2)([35]33,11,2)([36]34,2,0)([37]8,33,3)([38]33,4,5)([39]10,13,4)([40]21,17,6)([41]37,34,4)([42]17,41,2)([43]21,34,3)([44]15,1,7)([45]15,20,4)([46]45,2,4)([47]11,12,6)([48]39,33,4)([49]30,5,4)([50]18,40,3)([51]45,12,5)([52]42,8,5)([53]30,50,4)([54]6,18,5)([55]53,52,5)([56]15,12,7)([57]34,27,5)([58]32,6,0)([59]47,33,1)([60]9,50,0)([61]32,4,3)([62]21,2,4)([63]10,5,4)([64]29,42,5)([65]34,49,0)([66]56,55,2)([67]62,64,4)([68]32,60,3)([69]51,33,1)([70]52,28,4)([71]19,24,3)([72]53,26,1)([73]34,67,4)([74]67,63,2)([75]69,66,0)([76]17,73,1)([77]59,1,3)([78]41,66,1)([79]73,66,3)([80]4,40,3)([81]38,46,5)([82]33,72,6)([83]1,37,2)([84]82,62,4)([85]81,31,7)([86]4,8,5)(79)
optimized area: 123.23
time: 1135276 ms
seed: 1635775020
NOT FOUND
time: 1054680 ms
seed: 1635821971
NOT FOUND
time: 1071200 ms
seed: 1635865076
{7,1,80,1,2,1,8}([7]5,0,6)([8]5,2,4)([9]2,5,5)([10]4,2,3)([11]2,1,4)([12]8,6,6)([13]12,5,4)([14]10,8,4)([15]10,0,2)([16]4,11,6)([17]8,4,4)([18]3,8,7)([19]6,10,1)([20]5,5,3)([21]1,0,6)([22]6,13,7)([23]9,22,3)([24]7,8,5)([25]24,13,3)([26]19,14,4)([27]9,9,5)([28]11,7,5)([29]11,14,3)([30]5,29,2)([31]20,26,3)([32]24,16,4)([33]22,21,2)([34]23,23,6)([35]3,33,7)([36]31,21,1)([37]17,29,2)([38]29,25,1)([39]6,15,6)([40]37,35,7)([41]35,32,7)([42]40,7,1)([43]23,42,3)([44]39,42,6)([45]40,4,5)([46]44,41,2)([47]13,29,7)([48]8,44,1)([49]18,48,7)([50]6,35,3)([51]45,1,4)([52]0,25,6)([53]28,13,7)([54]15,18,6)([55]38,51,7)([56]46,26,3)([57]33,7,7)([58]47,57,6)([59]33,57,2)([60]54,28,4)([61]31,60,4)([62]24,15,5)([63]44,24,1)([64]55,61,3)([65]14,64,6)([66]0,63,6)([67]23,4,4)([68]56,58,4)([69]64,68,5)([70]31,54,3)([71]70,40,2)([72]1,13,2)([73]49,71,7)([74]10,72,1)([75]4,32,4)([76]11,33,0)([77]59,45,4)([78]22,41,3)([79]46,1,6)([80]44,71,0)([81]15,39,3)([82]45,38,7)([83]51,34,1)([84]8,71,4)([85]9,81,2)([86]62,11,2)(69)
evaluations: 32492261
first invidual area: 140.57
{7,1,80,1,2,1,8}([7]0,5,6)([8]5,2,4)([9]6,8,6)([10]4,2,3)([11]2,1,4)([12]11,4,3)([13]9,7,7)([14]10,8,4)([15]10,0,2)([16]14,10,0)([17]7,10,5)([18]1,17,5)([19]1,0,3)([20]7,1,5)([21]15,14,2)([22]4,8,4)([23]6,15,6)([24]23,13,7)([25]2,20,6)([26]6,16,7)([27]15,11,1)([28]17,21,3)([29]11,14,3)([30]17,10,2)([31]3,17,7)([32]5,25,4)([33]19,24,6)([34]14,8,3)([35]3,33,6)([36]12,31,4)([37]26,5,6)([38]22,3,6)([39]25,2,1)([40]14,35,7)([41]5,20,5)([42]5,21,3)([43]33,29,6)([44]23,38,6)([45]40,4,5)([46]44,36,2)([47]13,29,7)([48]25,20,0)([49]45,44,7)([50]22,22,7)([51]45,1,4)([52]31,8,7)([53]6,1,3)([54]15,52,6)([55]43,51,7)([56]26,46,3)([57]33,7,7)([58]47,57,6)([59]44,36,3)([60]54,20,4)([61]37,60,7)([62]9,44,5)([63]61,55,3)([64]29,37,6)([65]28,22,6)([66]5,47,6)([67]10,0,7)([68]56,58,4)([69]47,11,3)([70]11,5,2)([71]39,24,1)([72]21,66,7)([73]67,40,1)([74]31,39,4)([75]5,40,3)([76]64,72,2)([77]63,68,5)([78]50,22,0)([79]36,13,5)([80]73,11,1)([81]49,59,1)([82]49,0,1)([83]39,82,1)([84]73,24,5)([85]82,8,1)([86]15,55,5)(77)
optimized area: 136.36
time: 1152901 ms
seed: 1635907081
NOT FOUND
time: 1046206 ms
seed: 1635943310
{7,1,80,1,2,1,8}([7]2,3,4)([8]6,3,0)([9]5,3,4)([10]9,6,7)([11]8,1,2)([12]5,10,6)([13]0,4,6)([14]8,4,4)([15]1,12,4)([16]2,11,3)([17]0,16,4)([18]7,15,3)([19]0,8,2)([20]5,18,3)([21]2,4,7)([22]21,9,5)([23]21,15,5)([24]5,18,2)([25]24,17,3)([26]18,17,2)([27]16,23,4)([28]9,14,7)([29]7,8,3)([30]29,22,4)([31]27,26,3)([32]9,19,1)([33]28,10,1)([34]19,33,5)([35]4,20,5)([36]13,8,7)([37]16,18,2)([38]33,14,3)([39]31,30,2)([40]6,0,6)([41]29,25,5)([42]25,11,5)([43]30,42,7)([44]5,12,3)([45]15,38,3)([46]0,45,3)([47]35,2,7)([48]43,21,4)([49]2,5,5)([50]9,25,6)([51]36,30,0)([52]19,6,2)([53]34,44,6)([54]46,11,4)([55]7,43,2)([56]27,53,7)([57]28,19,0)([58]34,11,6)([59]58,0,2)([60]22,45,7)([61]20,23,4)([62]59,43,6)([63]24,27,7)([64]3,29,4)([65]50,49,4)([66]35,57,1)([67]58,12,7)([68]17,13,6)([69]7,62,7)([70]8,59,7)([71]21,25,0)([72]0,22,0)([73]48,54,3)([74]18,2,5)([75]18,14,1)([76]65,73,2)([77]19,9,1)([78]62,64,2)([79]78,39,3)([80]35,26,6)([81]19,20,1)([82]76,79,4)([83]49,42,0)([84]22,80,3)([85]52,81,5)([86]7,55,4)(82)
evaluations: 26302493
first invidual area: 137.27
{7,1,80,1,2,1,8}([7]2,3,4)([8]2,5,5)([9]3,5,4)([10]9,6,7)([11]1,6,2)([12]6,7,6)([13]10,4,7)([14]5,10,3)([15]1,14,7)([16]11,2,3)([17]0,16,4)([18]7,15,3)([19]17,18,2)([20]7,5,4)([21]2,4,7)([22]9,21,5)([23]21,15,5)([24]18,5,2)([25]24,17,3)([26]18,17,2)([27]16,23,4)([28]11,8,0)([29]12,3,7)([30]22,12,7)([31]27,26,3)([32]15,27,4)([33]27,16,5)([34]0,14,0)([35]13,9,3)([36]11,25,5)([37]4,16,4)([38]37,8,2)([39]31,30,2)([40]0,26,7)([41]32,35,3)([42]10,10,1)([43]36,30,7)([44]9,42,0)([45]34,15,3)([46]35,45,6)([47]43,21,4)([48]26,33,2)([49]10,1,0)([50]32,6,2)([51]13,29,0)([52]15,46,4)([53]25,7,4)([54]49,50,1)([55]26,18,2)([56]11,46,7)([57]52,32,3)([58]36,10,7)([59]50,0,2)([60]40,0,4)([61]29,16,0)([62]59,43,6)([63]47,48,2)([64]9,25,6)([65]51,42,0)([66]64,8,4)([67]10,38,6)([68]25,35,4)([69]49,26,5)([70]35,15,3)([71]32,46,2)([72]63,63,7)([73]47,56,3)([74]73,25,0)([75]66,56,0)([76]75,73,5)([77]72,48,0)([78]29,62,2)([79]78,39,6)([80]74,30,7)([81]78,67,7)([82]76,79,4)([83]14,10,5)([84]6,61,5)([85]27,55,0)([86]39,56,5)(82)
optimized area: 131.19
time: 1197457 ms
seed: 1635979524
{7,1,80,1,2,1,8}([7]5,2,4)([8]2,3,2)([9]1,5,2)([10]7,3,7)([11]6,8,4)([12]1,0,4)([13]4,7,2)([14]6,1,2)([15]10,4,7)([16]12,1,3)([17]15,14,7)([18]10,17,4)([19]9,0,3)([20]7,4,7)([21]4,3,2)([22]5,3,2)([23]21,16,4)([24]10,13,6)([25]22,6,6)([26]13,17,7)([27]19,7,2)([28]5,18,4)([29]18,12,3)([30]27,11,3)([31]19,28,2)([32]23,6,2)([33]31,28,6)([34]2,7,3)([35]26,18,6)([36]27,29,0)([37]24,0,6)([38]25,13,7)([39]30,9,3)([40]33,23,2)([41]35,16,7)([42]31,20,7)([43]41,39,7)([44]30,26,4)([45]6,10,4)([46]13,40,7)([47]17,31,2)([48]41,0,5)([49]7,47,6)([50]27,32,2)([51]42,46,2)([52]41,5,2)([53]37,13,4)([54]43,38,6)([55]45,43,1)([56]0,47,5)([57]35,54,7)([58]45,0,0)([59]27,33,4)([60]3,12,0)([61]45,24,0)([62]1,25,1)([63]39,8,4)([64]1,14,3)([65]38,51,0)([66]39,55,2)([67]54,20,3)([68]29,51,2)([69]49,56,3)([70]3,4,4)([71]48,8,2)([72]57,56,5)([73]38,18,4)([74]29,51,7)([75]38,3,3)([76]42,74,6)([77]44,48,3)([78]72,35,6)([79]40,71,1)([80]68,72,3)([81]25,66,5)([82]53,24,6)([83]63,67,1)([84]48,62,7)([85]59,65,1)([86]20,39,0)(80)
evaluations: 13080226
first invidual area: 134.95
{7,1,80,1,2,1,8}([7]2,5,4)([8]7,4,7)([9]1,5,2)([10]3,3,4)([11]9,1,2)([12]0,1,4)([13]6,1,5)([14]10,11,0)([15]3,7,4)([16]12,5,0)([17]5,3,2)([18]13,4,7)([19]0,9,3)([20]12,17,0)([21]19,8,0)([22]3,2,5)([23]1,20,5)([24]6,17,6)([25]12,22,7)([26]4,7,5)([27]7,21,2)([28]5,18,4)([29]24,9,0)([30]3,12,4)([31]21,28,2)([32]2,3,4)([33]25,0,3)([34]28,9,6)([35]18,15,3)([36]4,31,5)([37]12,18,3)([38]27,6,3)([39]32,18,5)([40]27,33,6)([41]35,38,7)([42]29,26,7)([43]41,33,7)([44]30,34,2)([45]8,8,0)([46]27,44,6)([47]43,42,5)([48]31,8,7)([49]37,17,5)([50]44,20,0)([51]9,15,5)([52]46,48,2)([53]5,32,2)([54]4,6,1)([55]53,7,3)([56]32,31,5)([57]5,9,5)([58]42,9,1)([59]35,39,5)([60]24,29,3)([61]52,37,2)([62]48,13,5)([63]52,20,1)([64]35,47,7)([65]64,56,5)([66]29,35,7)([67]36,3,4)([68]11,16,7)([69]35,65,2)([70]3,69,0)([71]25,60,1)([72]51,19,5)([73]11,69,1)([74]61,69,5)([75]48,24,6)([76]36,60,0)([77]1,55,2)([78]47,29,1)([79]65,61,3)([80]47,62,2)([81]68,6,4)([82]2,46,5)([83]34,44,4)([84]41,64,1)([85]60,21,1)([86]11,83,3)(79)
optimized area: 114.32
time: 1202318 ms
seed: 1636015360
NOT FOUND
time: 1064219 ms
seed: 1636050173
NOT FOUND
time: 1049133 ms
seed: 1636084003
NOT FOUND
time: 1072581 ms
seed: 1636117076
{7,1,80,1,2,1,8}([7]5,6,4)([8]4,1,7)([9]8,2,2)([10]9,3,6)([11]2,3,2)([12]4,10,7)([13]10,8,4)([14]2,5,4)([15]8,14,6)([16]15,4,7)([17]11,16,5)([18]0,1,6)([19]7,0,6)([20]0,6,6)([21]12,7,4)([22]1,20,7)([23]16,1,7)([24]0,17,7)([25]5,11,7)([26]9,18,1)([27]16,17,5)([28]22,7,5)([29]24,2,7)([30]2,14,6)([31]7,30,3)([32]7,22,3)([33]7,19,6)([34]18,24,7)([35]5,31,4)([36]8,26,3)([37]1,2,0)([38]15,11,3)([39]27,18,4)([40]33,32,1)([41]8,39,3)([42]25,26,2)([43]30,38,5)([44]3,41,4)([45]19,34,3)([46]33,5,6)([47]46,38,3)([48]34,28,2)([49]3,2,4)([50]43,23,3)([51]41,42,6)([52]47,44,2)([53]52,10,7)([54]40,48,7)([55]17,22,0)([56]34,10,5)([57]42,50,7)([58]21,53,6)([59]31,43,7)([60]54,38,2)([61]31,41,6)([62]56,43,1)([63]3,3,0)([64]15,59,2)([65]9,2,6)([66]60,58,4)([67]13,15,2)([68]28,32,7)([69]66,61,3)([70]32,3,7)([71]23,55,1)([72]70,57,5)([73]72,45,6)([74]20,34,4)([75]19,42,1)([76]69,21,4)([77]8,69,1)([78]56,64,1)([79]69,73,7)([80]9,56,3)([81]34,32,2)([82]12,42,2)([83]34,57,6)([84]65,31,6)([85]84,35,5)([86]3,7,4)(79)
evaluations: 38810550
first invidual area: 159.76
{7,1,80,1,2,1,8}([7]5,6,4)([8]4,1,7)([9]8,2,2)([10]9,3,6)([11]2,3,2)([12]4,7,7)([13]10,12,4)([14]2,5,4)([15]8,14,6)([16]4,15,7)([17]16,11,5)([18]0,1,6)([19]10,7,7)([20]0,6,6)([21]17,18,6)([22]1,20,7)([23]9,14,1)([24]18,17,7)([25]7,2,2)([26]0,17,1)([27]16,17,5)([28]22,7,5)([29]11,5,7)([30]11,14,6)([31]7,30,3)([32]4,31,0)([33]7,26,6)([34]0,24,7)([35]27,4,0)([36]1,12,7)([37]29,23,2)([38]15,11,3)([39]27,18,4)([40]15,31,2)([41]8,39,3)([42]2,6,5)([43]30,15,5)([44]3,41,4)([45]20,34,3)([46]33,5,6)([47]46,15,3)([48]34,28,5)([49]45,40,3)([50]22,46,2)([51]31,20,7)([52]47,44,5)([53]52,10,4)([54]33,48,7)([55]22,7,6)([56]51,21,6)([57]37,43,2)([58]13,53,6)([59]53,14,1)([60]54,38,5)([61]31,41,6)([62]31,61,2)([63]36,55,4)([64]13,55,2)([65]58,60,7)([66]15,26,7)([67]59,16,4)([68]2,51,1)([69]18,44,1)([70]55,10,7)([71]52,22,5)([72]70,57,5)([73]72,45,6)([74]65,61,6)([75]57,27,1)([76]73,54,1)([77]38,21,3)([78]70,9,5)([79]74,73,4)([80]77,37,7)([81]77,71,0)([82]24,15,7)([83]21,53,0)([84]16,1,7)([85]24,32,2)([86]57,17,5)(79)
optimized area: 146.63
time: 1134198 ms
seed: 1636149729
NOT FOUND
time: 1076438 ms
seed: 1636182155
{7,1,80,1,2,1,8}([7]3,2,2)([8]5,2,1)([9]6,3,3)([10]1,6,7)([11]9,2,0)([12]10,7,3)([13]0,2,7)([14]4,12,3)([15]9,0,5)([16]5,6,4)([17]13,14,2)([18]3,2,4)([19]7,13,0)([20]7,5,4)([21]2,5,0)([22]4,14,4)([23]14,12,7)([24]22,1,5)([25]10,1,5)([26]14,15,6)([27]20,4,5)([28]17,21,2)([29]17,24,7)([30]13,3,4)([31]25,8,6)([32]31,13,6)([33]21,27,3)([34]25,30,7)([35]17,9,2)([36]13,33,2)([37]26,22,4)([38]10,30,5)([39]18,29,6)([40]22,14,2)([41]31,39,3)([42]34,37,7)([43]39,28,2)([44]33,35,6)([45]38,30,1)([46]39,41,7)([47]16,44,4)([48]15,44,3)([49]20,29,6)([50]4,1,5)([51]32,27,6)([52]46,20,6)([53]42,49,5)([54]41,51,4)([55]47,43,7)([56]18,50,7)([57]21,54,2)([58]46,1,2)([59]57,20,2)([60]36,58,1)([61]45,55,3)([62]60,58,1)([63]61,54,5)([64]53,63,2)([65]53,3,2)([66]33,48,2)([67]16,66,7)([68]24,16,1)([69]56,29,1)([70]49,2,0)([71]48,33,6)([72]64,11,6)([73]63,27,1)([74]23,0,1)([75]64,45,2)([76]40,11,6)([77]66,39,5)([78]73,37,1)([79]69,57,0)([80]62,20,0)([81]28,11,6)([82]67,20,6)([83]72,81,2)([84]23,7,7)([85]10,17,5)([86]11,55,1)(64)
evaluations: 33532833
first invidual area: 126.01
{7,1,80,1,2,1,8}([7]3,2,2)([8]3,0,0)([9]8,6,3)([10]1,6,7)([11]0,9,5)([12]7,10,3)([13]2,0,7)([14]4,12,3)([15]8,2,4)([16]5,6,4)([17]14,9,1)([18]9,11,2)([19]13,14,5)([20]7,5,4)([21]15,9,1)([22]4,17,6)([23]2,22,4)([24]1,22,5)([25]6,1,5)([26]4,11,6)([27]20,4,5)([28]14,17,3)([29]24,19,4)([30]3,13,4)([31]16,25,6)([32]31,29,6)([33]2,27,3)([34]30,31,2)([35]11,12,3)([36]8,26,5)([37]26,22,3)([38]10,30,2)([39]15,29,6)([40]30,25,4)([41]31,39,3)([42]40,37,4)([43]2,22,2)([44]33,18,6)([45]5,29,3)([46]38,27,5)([47]16,44,4)([48]44,46,3)([49]20,29,6)([50]38,16,3)([51]32,27,6)([52]7,25,7)([53]42,49,5)([54]4,52,2)([55]47,36,4)([56]50,43,3)([57]21,20,2)([58]40,3,6)([59]48,29,6)([60]41,51,4)([61]38,55,3)([62]61,32,2)([63]61,60,5)([64]24,55,7)([65]18,29,6)([66]55,1,0)([67]65,22,7)([68]67,53,3)([69]52,22,1)([70]66,60,7)([71]65,57,7)([72]26,49,2)([73]3,22,5)([74]50,42,7)([75]24,42,0)([76]29,36,1)([77]68,19,6)([78]1,15,5)([79]1,20,7)([80]38,38,0)([81]53,63,2)([82]51,49,4)([83]51,37,7)([84]4,45,7)([85]29,52,6)([86]49,84,4)(81)
optimized area: 117.10
time: 1145892 ms
seed: 1636212827
NOT FOUND
time: 1063664 ms
seed: 1636242739
NOT FOUND
time: 1069357 ms
seed: 1636261895
NOT FOUND
time: 1075800 ms
seed: 1636278491
{7,1,80,1,2,1,8}([7]3,4,7)([8]6,0,6)([9]0,2,7)([10]7,3,6)([11]9,6,3)([12]1,11,7)([13]1,8,7)([14]6,2,2)([15]4,1,4)([16]3,13,7)([17]15,14,3)([18]4,2,4)([19]13,17,2)([20]12,18,4)([21]6,13,4)([22]11,6,1)([23]6,5,4)([24]11,16,4)([25]18,24,5)([26]25,3,7)([27]0,23,2)([28]25,8,1)([29]22,28,4)([30]27,10,6)([31]19,0,2)([32]25,20,4)([33]19,23,7)([34]24,3,3)([35]18,13,6)([36]26,25,0)([37]33,0,0)([38]31,21,7)([39]11,33,2)([40]17,18,6)([41]14,32,6)([42]30,25,7)([43]18,17,2)([44]8,16,3)([45]10,38,6)([46]32,33,6)([47]9,32,5)([48]41,44,6)([49]48,15,2)([50]22,7,7)([51]18,23,3)([52]5,45,2)([53]28,16,2)([54]39,43,5)([55]31,44,4)([56]7,35,6)([57]49,40,6)([58]56,38,2)([59]46,42,2)([60]56,4,3)([61]51,58,7)([62]48,39,1)([63]38,39,0)([64]0,25,2)([65]7,21,5)([66]39,52,4)([67]66,44,2)([68]54,61,7)([69]65,40,2)([70]68,59,6)([71]40,37,5)([72]33,68,5)([73]72,40,3)([74]24,19,7)([75]63,13,3)([76]3,19,2)([77]20,46,3)([78]67,70,3)([79]69,30,1)([80]30,31,6)([81]59,12,4)([82]51,62,7)([83]3,12,7)([84]48,67,7)([85]84,40,5)([86]23,76,5)(78)
evaluations: 42837266
first invidual area: 141.98
{7,1,80,1,2,1,8}([7]3,4,7)([8]6,0,6)([9]2,8,4)([10]7,3,6)([11]9,6,3)([12]11,2,5)([13]1,8,7)([14]6,2,2)([15]1,4,4)([16]3,13,7)([17]15,14,3)([18]4,2,4)([19]13,17,2)([20]12,15,4)([21]6,13,4)([22]10,16,1)([23]6,5,4)([24]11,16,4)([25]18,24,5)([26]11,17,3)([27]25,20,7)([28]9,27,0)([29]26,1,4)([30]0,10,3)([31]0,19,5)([32]25,4,4)([33]19,23,7)([34]13,23,5)([35]18,13,6)([36]16,34,2)([37]7,15,0)([38]31,21,4)([39]11,33,2)([40]18,23,3)([41]11,0,3)([42]25,30,4)([43]18,17,2)([44]8,16,3)([45]10,38,6)([46]27,33,6)([47]41,10,5)([48]39,35,2)([49]18,44,4)([50]15,29,2)([51]2,24,5)([52]5,45,2)([53]37,39,7)([54]39,43,5)([55]49,12,5)([56]7,35,6)([57]18,16,2)([58]56,38,5)([59]46,42,2)([60]59,23,3)([61]58,40,4)([62]20,2,3)([63]13,4,1)([64]11,29,3)([65]16,57,4)([66]39,52,4)([67]66,44,2)([68]54,61,7)([69]65,53,0)([70]59,68,6)([71]50,22,0)([72]15,38,3)([73]3,29,6)([74]20,25,1)([75]53,57,4)([76]45,33,3)([77]38,72,6)([78]67,70,3)([79]37,35,7)([80]24,72,0)([81]2,3,2)([82]60,51,3)([83]38,30,5)([84]46,67,5)([85]53,80,3)([86]56,50,5)(78)
optimized area: 135.88
time: 1094526 ms
seed: 1636294909
{7,1,80,1,2,1,8}([7]2,0,4)([8]6,7,5)([9]5,1,2)([10]4,8,2)([11]3,9,6)([12]11,4,4)([13]3,0,7)([14]6,1,5)([15]6,0,7)([16]12,15,5)([17]9,15,7)([18]5,0,1)([19]10,13,6)([20]0,1,3)([21]17,11,2)([22]16,20,4)([23]22,18,6)([24]2,14,4)([25]17,2,2)([26]19,18,7)([27]14,3,7)([28]23,27,7)([29]22,10,7)([30]7,15,5)([31]21,25,0)([32]6,17,3)([33]24,23,2)([34]0,24,0)([35]21,6,2)([36]32,33,6)([37]36,26,2)([38]14,37,7)([39]7,18,7)([40]23,28,3)([41]5,6,1)([42]31,4,3)([43]28,42,5)([44]32,16,6)([45]38,29,7)([46]39,16,1)([47]15,36,2)([48]30,33,7)([49]8,4,5)([50]45,43,5)([51]23,46,3)([52]41,2,4)([53]5,6,7)([54]50,19,0)([55]1,3,1)([56]40,16,3)([57]2,52,6)([58]4,39,4)([59]3,16,6)([60]4,36,3)([61]50,51,4)([62]37,21,4)([63]42,3,5)([64]20,9,7)([65]60,23,5)([66]21,45,4)([67]27,38,1)([68]43,65,2)([69]50,11,7)([70]12,54,5)([71]34,60,2)([72]29,63,7)([73]45,50,4)([74]33,38,2)([75]4,7,5)([76]7,44,5)([77]63,54,2)([78]57,19,7)([79]56,46,3)([80]56,61,2)([81]11,50,0)([82]54,46,5)([83]17,80,2)([84]7,16,1)([85]80,76,4)([86]49,20,1)(85)
evaluations: 30621120
first invidual area: 128.84
{7,1,80,1,2,1,8}([7]0,2,4)([8]0,3,2)([9]1,5,2)([10]6,7,5)([11]9,3,3)([12]11,4,7)([13]12,12,3)([14]1,6,2)([15]0,6,7)([16]15,13,5)([17]15,1,6)([18]5,2,1)([19]8,13,3)([20]1,0,6)([21]4,17,3)([22]20,16,7)([23]18,22,6)([24]4,10,5)([25]3,14,7)([26]6,3,1)([27]16,9,6)([28]2,10,1)([29]24,22,4)([30]18,19,4)([31]19,28,2)([32]18,7,6)([33]7,17,6)([34]23,25,4)([35]6,31,6)([36]28,35,5)([37]30,35,2)([38]37,14,3)([39]7,18,4)([40]37,34,3)([41]26,15,1)([42]19,28,2)([43]19,10,0)([44]7,0,2)([45]38,29,7)([46]40,21,5)([47]39,9,3)([48]32,23,3)([49]46,45,5)([50]8,32,6)([51]39,23,3)([52]18,12,2)([53]49,33,3)([54]28,32,6)([55]3,16,3)([56]21,4,0)([57]25,16,3)([58]39,38,3)([59]51,49,4)([60]58,21,4)([61]36,56,3)([62]12,59,6)([63]3,40,4)([64]60,28,7)([65]38,61,4)([66]4,63,7)([67]56,56,4)([68]65,46,6)([69]27,64,0)([70]38,18,5)([71]12,56,5)([72]26,2,0)([73]30,42,5)([74]27,35,5)([75]7,66,6)([76]34,33,3)([77]53,17,6)([78]6,18,4)([79]52,35,4)([80]57,59,5)([81]23,36,1)([82]43,44,3)([83]24,63,5)([84]82,30,1)([85]80,74,7)([86]18,18,5)(85)
optimized area: 111.95
time: 1184118 ms
seed: 1636311312
NOT FOUND
time: 1065225 ms
seed: 1636327563
{7,1,80,1,2,1,8}([7]6,3,5)([8]4,7,5)([9]2,6,2)([10]9,4,7)([11]1,5,5)([12]0,5,4)([13]10,12,4)([14]8,12,0)([15]2,3,7)([16]0,12,6)([17]2,10,4)([18]14,5,2)([19]15,9,3)([20]6,17,1)([21]8,13,6)([22]16,20,3)([23]11,3,5)([24]23,17,5)([25]13,23,4)([26]19,24,2)([27]3,15,5)([28]15,19,2)([29]2,26,6)([30]11,21,2)([31]15,10,2)([32]4,14,4)([33]26,20,0)([34]20,31,6)([35]26,18,7)([36]34,15,1)([37]1,30,6)([38]12,16,4)([39]1,7,2)([40]32,35,0)([41]34,37,2)([42]3,11,6)([43]13,29,4)([44]23,38,7)([45]30,12,1)([46]19,37,3)([47]23,46,7)([48]37,19,4)([49]12,0,0)([50]30,3,5)([51]21,43,7)([52]51,2,6)([53]22,4,4)([54]20,46,2)([55]34,25,1)([56]17,45,5)([57]9,51,4)([58]51,32,5)([59]41,35,7)([60]48,40,0)([61]56,50,3)([62]21,20,2)([63]19,14,4)([64]36,13,6)([65]59,53,7)([66]48,29,4)([67]52,39,0)([68]12,58,5)([69]30,16,6)([70]16,7,2)([71]69,66,6)([72]55,26,0)([73]24,51,0)([74]27,49,3)([75]44,8,0)([76]36,27,2)([77]47,50,2)([78]0,63,7)([79]53,37,6)([80]68,21,3)([81]76,76,3)([82]68,75,2)([83]26,40,2)([84]77,62,2)([85]82,65,6)([86]85,71,7)(86)
evaluations: 8008227
first invidual area: 134.00
{7,1,80,1,2,1,8}([7]3,6,5)([8]4,7,5)([9]6,2,2)([10]9,4,7)([11]1,5,5)([12]5,0,4)([13]12,12,3)([14]9,12,3)([15]3,2,7)([16]12,5,6)([17]10,2,4)([18]10,3,6)([19]9,15,3)([20]2,4,0)([21]19,12,0)([22]14,8,6)([23]11,3,5)([24]17,23,5)([25]22,11,2)([26]21,24,5)([27]6,14,1)([28]16,27,3)([29]27,7,2)([30]15,4,5)([31]15,10,2)([32]16,18,0)([33]8,5,5)([34]26,4,7)([35]26,33,4)([36]18,35,0)([37]22,1,6)([38]14,11,6)([39]4,27,7)([40]27,31,6)([41]2,0,2)([42]40,37,5)([43]17,32,7)([44]2,35,6)([45]36,38,2)([46]24,36,4)([47]11,36,7)([48]42,28,4)([49]13,7,4)([50]35,4,7)([51]32,25,6)([52]48,50,7)([53]0,50,0)([54]20,17,7)([55]39,17,2)([56]40,30,4)([57]37,39,6)([58]48,5,5)([59]46,19,2)([60]53,5,5)([61]8,49,6)([62]4,15,5)([63]24,30,5)([64]48,49,1)([65]37,19,7)([66]60,23,7)([67]31,23,4)([68]44,65,7)([69]14,21,2)([70]68,51,3)([71]51,57,0)([72]69,64,5)([73]64,63,3)([74]48,62,6)([75]63,13,5)([76]68,45,2)([77]47,1,6)([78]62,33,3)([79]37,10,2)([80]40,58,3)([81]4,61,5)([82]75,66,2)([83]15,36,3)([84]27,57,3)([85]82,52,6)([86]85,70,4)(86)
optimized area: 115.22
time: 1302312 ms
