seed: 1633879188
NOT FOUND
time: 529289 ms
seed: 1634016884
NOT FOUND
time: 529660 ms
seed: 1634065675
{7,1,80,1,2,1,8}([7]6,2,5)([8]7,3,4)([9]5,0,7)([10]0,7,2)([11]0,1,7)([12]6,3,7)([13]11,4,6)([14]2,9,6)([15]9,4,4)([16]11,4,5)([17]9,12,4)([18]6,13,5)([19]14,18,7)([20]9,1,4)([21]11,19,4)([22]2,2,1)([23]5,1,6)([24]9,15,5)([25]6,8,5)([26]10,9,4)([27]18,9,2)([28]19,17,5)([29]12,20,5)([30]26,11,2)([31]27,17,6)([32]30,0,6)([33]2,16,2)([34]32,7,6)([35]28,28,0)([36]15,25,5)([37]2,12,6)([38]12,18,2)([39]24,3,6)([40]39,35,2)([41]19,29,7)([42]28,34,2)([43]31,36,7)([44]41,23,1)([45]41,37,4)([46]4,24,5)([47]0,33,4)([48]41,47,5)([49]19,7,0)([50]23,42,4)([51]0,45,6)([52]49,50,6)([53]7,31,4)([54]43,50,6)([55]11,51,4)([56]21,47,5)([57]51,34,0)([58]18,2,6)([59]8,53,0)([60]43,20,4)([61]47,40,4)([62]17,60,7)([63]5,7,5)([64]53,45,1)([65]61,59,7)([66]64,48,3)([67]1,40,0)([68]41,11,5)([69]18,28,4)([70]45,66,0)([71]55,65,2)([72]7,66,2)([73]33,44,7)([74]41,54,3)([75]66,74,4)([76]27,64,1)([77]52,19,2)([78]5,27,5)([79]64,10,2)([80]70,71,0)([81]31,63,6)([82]71,75,3)([83]82,10,4)([84]76,63,0)([85]76,38,0)([86]66,13,7)(83)
evaluations: 33019787
first invidual area: 158.83
{7,1,80,1,2,1,8}([7]2,6,5)([8]3,7,4)([9]5,0,7)([10]8,6,5)([11]1,0,7)([12]6,3,7)([13]4,11,6)([14]1,9,4)([15]4,9,4)([16]2,9,3)([17]7,0,0)([18]13,6,5)([19]16,18,7)([20]11,4,5)([21]12,9,4)([22]5,16,1)([23]1,5,6)([24]15,10,5)([25]4,3,6)([26]2,17,0)([27]9,19,2)([28]14,11,0)([29]20,19,3)([30]0,17,5)([31]27,21,6)([32]0,23,6)([33]2,20,5)([34]32,7,6)([35]2,12,3)([36]12,22,0)([37]30,0,4)([38]36,28,5)([39]27,18,7)([40]25,27,5)([41]19,38,4)([42]13,26,3)([43]31,24,7)([44]20,5,6)([45]41,35,4)([46]17,31,7)([47]0,33,7)([48]41,47,5)([49]43,14,3)([50]23,34,4)([51]0,45,6)([52]36,27,6)([53]29,4,5)([54]43,50,6)([55]51,1,4)([56]11,7,3)([57]44,10,1)([58]41,10,0)([59]23,16,7)([60]17,34,6)([61]40,47,7)([62]7,42,0)([63]22,50,5)([64]13,21,0)([65]61,8,7)([66]46,48,3)([67]5,1,2)([68]19,14,7)([69]35,54,2)([70]36,25,5)([71]55,65,2)([72]54,58,3)([73]48,59,5)([74]47,24,3)([75]66,72,5)([76]64,2,2)([77]19,7,5)([78]32,1,4)([79]8,18,7)([80]14,70,7)([81]79,44,2)([82]71,75,3)([83]82,30,7)([84]24,75,0)([85]44,45,7)([86]43,41,7)(83)
optimized area: 140.09
time: 590947 ms
seed: 1634179896
NOT FOUND
time: 528819 ms
seed: 1634227216
{7,1,80,1,2,1,8}([7]1,6,7)([8]1,0,2)([9]1,4,7)([10]6,4,2)([11]5,8,7)([12]1,11,6)([13]12,9,4)([14]10,2,7)([15]1,13,5)([16]0,13,6)([17]4,5,2)([18]14,0,7)([19]4,4,0)([20]3,17,7)([21]18,6,7)([22]8,12,4)([23]16,3,4)([24]11,18,6)([25]20,11,4)([26]1,25,6)([27]21,26,7)([28]18,27,2)([29]9,11,5)([30]24,19,4)([31]6,3,6)([32]25,21,2)([33]28,3,2)([34]8,8,4)([35]6,22,4)([36]1,33,3)([37]25,11,6)([38]32,15,4)([39]6,23,7)([40]32,39,3)([41]40,7,5)([42]35,2,7)([43]23,26,7)([44]40,30,2)([45]23,24,5)([46]36,33,7)([47]16,38,2)([48]14,38,2)([49]0,4,4)([50]11,19,5)([51]44,49,4)([52]28,48,4)([53]24,1,0)([54]42,37,6)([55]2,43,4)([56]32,35,6)([57]29,30,0)([58]37,54,7)([59]54,2,6)([60]59,6,6)([61]10,36,0)([62]36,2,0)([63]5,50,2)([64]30,33,1)([65]17,31,6)([66]48,56,3)([67]22,6,2)([68]57,51,4)([69]10,20,4)([70]21,47,6)([71]26,12,4)([72]66,36,5)([73]22,26,4)([74]41,66,7)([75]9,68,4)([76]75,39,3)([77]68,58,2)([78]60,72,6)([79]32,47,7)([80]77,38,2)([81]65,71,7)([82]51,80,6)([83]3,11,5)([84]50,25,0)([85]68,68,6)([86]82,78,4)(86)
evaluations: 44064751
first invidual area: 160.26
{7,1,80,1,2,1,8}([7]6,6,0)([8]1,0,2)([9]4,1,7)([10]6,4,5)([11]5,8,7)([12]1,11,6)([13]12,9,4)([14]10,2,4)([15]6,6,2)([16]0,13,6)([17]4,5,5)([18]14,0,7)([19]9,4,5)([20]3,17,4)([21]18,15,7)([22]8,12,6)([23]16,3,4)([24]11,18,3)([25]11,20,4)([26]23,2,0)([27]7,22,3)([28]18,27,2)([29]19,11,7)([30]24,4,7)([31]28,1,0)([32]25,21,2)([33]28,3,2)([34]27,9,5)([35]15,22,7)([36]1,33,3)([37]25,11,6)([38]32,19,4)([39]7,26,7)([40]32,39,3)([41]0,30,0)([42]35,2,7)([43]30,26,5)([44]40,30,5)([45]40,9,1)([46]3,5,7)([47]26,35,3)([48]14,38,2)([49]0,4,7)([50]49,34,1)([51]44,49,4)([52]45,5,3)([53]7,44,7)([54]42,37,6)([55]29,46,5)([56]35,32,6)([57]39,5,6)([58]37,54,6)([59]54,2,6)([60]59,6,6)([61]59,34,0)([62]55,5,4)([63]55,51,5)([64]51,42,5)([65]55,34,2)([66]48,56,3)([67]64,34,4)([68]42,17,5)([69]45,67,7)([70]68,20,1)([71]46,57,0)([72]66,36,5)([73]59,63,7)([74]50,60,2)([75]57,23,4)([76]24,58,0)([77]34,58,2)([78]60,72,6)([79]40,32,4)([80]77,38,2)([81]28,45,4)([82]51,80,6)([83]18,69,2)([84]69,7,4)([85]72,71,7)([86]78,82,4)(86)
optimized area: 144.77
time: 553824 ms
seed: 1634324237
{7,1,80,1,2,1,8}([7]5,6,4)([8]5,1,3)([9]7,1,2)([10]1,3,6)([11]10,8,4)([12]4,11,7)([13]12,9,4)([14]12,13,3)([15]2,4,3)([16]14,3,7)([17]6,4,3)([18]8,17,5)([19]16,15,1)([20]13,7,6)([21]18,0,7)([22]18,14,5)([23]13,10,6)([24]15,5,3)([25]21,23,2)([26]0,16,4)([27]22,3,7)([28]5,13,5)([29]28,19,6)([30]29,2,4)([31]10,26,4)([32]19,21,3)([33]1,12,4)([34]15,33,4)([35]30,20,7)([36]14,27,4)([37]23,3,6)([38]30,13,3)([39]25,30,6)([40]31,38,1)([41]34,6,7)([42]23,41,6)([43]41,10,7)([44]26,37,3)([45]31,6,2)([46]26,12,6)([47]4,28,2)([48]45,8,7)([49]6,24,4)([50]31,48,4)([51]44,17,5)([52]44,38,5)([53]49,49,1)([54]52,43,2)([55]50,39,7)([56]47,35,2)([57]39,18,0)([58]14,51,3)([59]27,54,2)([60]35,48,6)([61]29,30,5)([62]16,7,7)([63]32,56,6)([64]49,61,2)([65]39,31,3)([66]65,64,4)([67]66,62,2)([68]18,67,7)([69]0,33,0)([70]0,66,4)([71]28,51,5)([72]8,19,3)([73]69,48,7)([74]23,50,2)([75]6,10,4)([76]30,45,3)([77]74,3,2)([78]63,59,4)([79]42,61,6)([80]57,73,0)([81]55,66,2)([82]61,80,6)([83]78,12,2)([84]30,62,5)([85]78,81,3)([86]18,60,2)(85)
evaluations: 24790248
first invidual area: 170.08
{7,1,80,1,2,1,8}([7]5,6,4)([8]1,5,3)([9]7,1,5)([10]3,1,6)([11]4,8,7)([12]11,10,4)([13]12,9,7)([14]13,12,6)([15]4,6,3)([16]14,3,4)([17]11,4,0)([18]15,8,5)([19]16,16,1)([20]4,2,3)([21]0,18,7)([22]18,16,5)([23]10,13,6)([24]13,2,3)([25]5,0,2)([26]0,16,4)([27]4,15,0)([28]5,13,5)([29]19,28,3)([30]29,2,7)([31]10,26,4)([32]19,21,3)([33]20,6,7)([34]16,14,6)([35]23,21,2)([36]22,3,2)([37]36,23,6)([38]2,33,6)([39]35,30,6)([40]35,23,0)([41]10,18,3)([42]22,2,3)([43]39,39,2)([44]8,25,2)([45]31,6,5)([46]42,11,0)([47]27,29,2)([48]8,45,4)([49]42,6,4)([50]43,48,4)([51]33,11,7)([52]24,26,5)([53]51,1,4)([54]52,53,2)([55]50,31,7)([56]46,36,6)([57]36,54,5)([58]55,35,1)([59]47,13,0)([60]50,59,2)([61]58,41,4)([62]60,27,6)([63]32,60,6)([64]39,31,6)([65]54,54,2)([66]64,49,7)([67]10,14,2)([68]42,22,2)([69]30,63,5)([70]41,50,5)([71]41,35,3)([72]58,18,4)([73]0,52,3)([74]44,15,7)([75]60,20,1)([76]18,14,3)([77]25,63,7)([78]63,57,7)([79]16,46,3)([80]67,18,1)([81]55,66,2)([82]38,57,1)([83]20,49,1)([84]9,39,2)([85]78,81,3)([86]7,3,1)(85)
optimized area: 145.71
time: 728862 ms
seed: 1634364788
NOT FOUND
time: 529486 ms
seed: 1634413750
{7,1,80,1,2,1,8}([7]4,1,5)([8]0,2,7)([9]1,2,1)([10]3,7,0)([11]10,8,4)([12]4,8,3)([13]5,11,5)([14]8,13,7)([15]0,7,7)([16]15,14,2)([17]12,11,3)([18]13,7,4)([19]17,8,7)([20]12,18,7)([21]16,7,6)([22]1,19,7)([23]10,2,4)([24]9,18,2)([25]22,21,4)([26]6,25,2)([27]15,17,3)([28]18,9,0)([29]28,5,3)([30]23,29,7)([31]6,29,3)([32]23,29,0)([33]26,5,7)([34]30,20,5)([35]34,7,7)([36]12,15,5)([37]26,35,2)([38]16,13,2)([39]25,30,7)([40]31,2,6)([41]28,9,4)([42]8,9,3)([43]29,41,2)([44]31,25,6)([45]6,39,6)([46]42,10,0)([47]46,31,5)([48]36,47,6)([49]48,45,4)([50]35,43,3)([51]36,9,3)([52]33,10,2)([53]50,32,2)([54]19,3,5)([55]45,20,3)([56]52,46,7)([57]46,20,6)([58]49,19,0)([59]14,2,3)([60]16,37,4)([61]29,46,3)([62]25,30,6)([63]55,58,6)([64]4,53,6)([65]26,8,1)([66]32,59,6)([67]6,64,4)([68]46,61,3)([69]31,29,0)([70]40,26,2)([71]61,8,7)([72]48,14,6)([73]60,66,7)([74]52,68,0)([75]56,67,6)([76]18,37,5)([77]5,19,0)([78]26,20,4)([79]49,75,5)([80]7,44,6)([81]55,73,3)([82]38,68,5)([83]26,61,4)([84]79,73,7)([85]80,58,7)([86]17,60,6)(84)
evaluations: 19040619
first invidual area: 155.57
{7,1,80,1,2,1,8}([7]4,1,5)([8]2,0,7)([9]3,4,6)([10]8,4,3)([11]3,8,4)([12]2,0,4)([13]5,11,5)([14]13,8,7)([15]7,0,7)([16]14,15,2)([17]5,10,0)([18]13,7,4)([19]8,9,3)([20]18,10,7)([21]16,7,3)([22]21,2,3)([23]3,2,4)([24]21,1,5)([25]24,19,4)([26]6,25,2)([27]3,14,3)([28]12,21,7)([29]17,18,3)([30]29,23,7)([31]17,29,5)([32]26,29,4)([33]6,17,6)([34]30,20,5)([35]34,7,7)([36]10,15,5)([37]22,26,7)([38]1,33,1)([39]25,30,7)([40]38,18,5)([41]2,27,3)([42]8,38,3)([43]26,11,4)([44]26,35,5)([45]39,6,6)([46]36,0,5)([47]42,32,5)([48]36,47,3)([49]48,45,7)([50]37,24,3)([51]3,33,5)([52]14,21,5)([53]40,23,2)([54]36,15,6)([55]19,43,7)([56]51,42,4)([57]16,52,6)([58]44,16,4)([59]33,2,5)([60]35,22,5)([61]4,16,5)([62]4,41,1)([63]31,10,1)([64]4,53,3)([65]6,35,2)([66]19,11,3)([67]6,64,7)([68]58,11,0)([69]59,17,7)([70]41,68,7)([71]70,33,2)([72]39,59,3)([73]16,28,0)([74]42,52,6)([75]56,67,6)([76]20,4,4)([77]71,7,0)([78]67,6,4)([79]49,75,5)([80]54,77,0)([81]80,13,2)([82]41,70,3)([83]73,15,5)([84]79,70,7)([85]23,79,6)([86]4,44,0)(84)
optimized area: 141.96
time: 668556 ms
seed: 1634522986
{7,1,80,1,2,1,8}([7]2,5,2)([8]3,0,4)([9]6,4,4)([10]0,9,5)([11]2,8,6)([12]6,3,4)([13]8,9,4)([14]5,13,7)([15]7,10,5)([16]12,15,7)([17]4,13,3)([18]7,4,3)([19]9,14,3)([20]16,17,3)([21]1,16,5)([22]1,0,1)([23]10,3,7)([24]18,13,2)([25]22,13,1)([26]8,2,7)([27]26,13,0)([28]0,17,2)([29]5,0,3)([30]28,6,4)([31]30,5,6)([32]4,11,6)([33]1,27,4)([34]19,32,2)([35]31,27,2)([36]25,32,7)([37]24,21,7)([38]18,10,0)([39]12,1,6)([40]34,10,4)([41]14,34,2)([42]12,17,5)([43]39,17,5)([44]12,40,7)([45]19,37,5)([46]24,12,7)([47]29,30,6)([48]9,25,3)([49]46,44,5)([50]2,10,1)([51]20,32,0)([52]19,27,5)([53]33,26,2)([54]33,29,6)([55]26,39,7)([56]36,26,7)([57]36,55,5)([58]54,23,2)([59]54,35,6)([60]44,58,1)([61]7,58,2)([62]43,18,2)([63]5,52,7)([64]28,55,6)([65]35,60,7)([66]29,45,7)([67]59,63,7)([68]65,39,7)([69]59,66,4)([70]1,64,4)([71]4,62,7)([72]32,13,0)([73]47,57,3)([74]63,29,2)([75]39,69,1)([76]73,49,5)([77]68,70,5)([78]20,68,0)([79]74,73,6)([80]66,77,5)([81]51,47,6)([82]60,78,6)([83]47,30,3)([84]80,79,4)([85]71,69,5)([86]7,10,2)(84)
evaluations: 39952601
first invidual area: 150.39
{7,1,80,1,2,1,8}([7]5,2,2)([8]3,0,4)([9]6,4,4)([10]0,9,5)([11]2,8,6)([12]3,6,4)([13]8,9,4)([14]5,8,7)([15]7,10,5)([16]15,12,7)([17]2,8,7)([18]15,11,7)([19]14,9,3)([20]4,7,3)([21]16,1,5)([22]18,17,1)([23]20,13,5)([24]8,22,3)([25]15,2,3)([26]13,25,6)([27]16,23,5)([28]0,27,2)([29]5,0,3)([30]1,6,4)([31]30,5,6)([32]4,11,6)([33]32,3,5)([34]19,32,5)([35]31,17,5)([36]1,32,7)([37]23,21,4)([38]20,15,7)([39]12,1,6)([40]34,10,4)([41]6,27,3)([42]17,41,6)([43]34,22,1)([44]12,40,4)([45]19,37,5)([46]12,1,0)([47]6,29,6)([48]10,45,7)([49]29,31,3)([50]34,45,4)([51]45,29,7)([52]19,17,5)([53]43,2,7)([54]41,20,6)([55]17,39,7)([56]42,23,2)([57]36,55,5)([58]39,37,7)([59]58,36,5)([60]46,50,7)([61]1,29,6)([62]52,61,3)([63]52,5,7)([64]28,55,6)([65]17,39,0)([66]45,60,7)([67]35,44,4)([68]67,39,4)([69]12,43,4)([70]1,64,4)([71]23,18,5)([72]27,5,7)([73]47,57,3)([74]62,13,2)([75]6,1,7)([76]14,7,5)([77]68,70,5)([78]24,44,0)([79]63,73,6)([80]51,77,5)([81]51,22,4)([82]25,44,1)([83]69,82,3)([84]80,79,4)([85]40,39,5)([86]39,0,5)(84)
optimized area: 141.97
time: 555299 ms
seed: 1634622105
{7,1,80,1,2,1,8}([7]4,5,6)([8]1,0,4)([9]3,7,3)([10]1,4,4)([11]8,6,5)([12]4,0,4)([13]5,2,5)([14]0,6,6)([15]10,10,1)([16]1,3,5)([17]15,4,2)([18]7,15,7)([19]4,5,4)([20]9,11,4)([21]12,13,7)([22]18,21,5)([23]3,8,5)([24]20,22,5)([25]13,19,2)([26]24,12,7)([27]2,18,7)([28]22,17,2)([29]5,17,7)([30]29,9,2)([31]24,7,3)([32]16,27,3)([33]8,13,1)([34]19,21,5)([35]6,31,5)([36]21,29,5)([37]6,30,3)([38]27,31,1)([39]36,29,7)([40]12,27,3)([41]22,3,3)([42]23,20,0)([43]39,32,4)([44]37,43,5)([45]31,23,2)([46]32,5,5)([47]29,4,7)([48]27,16,5)([49]11,32,7)([50]44,34,0)([51]18,28,0)([52]42,18,5)([53]14,48,3)([54]49,53,5)([55]10,30,3)([56]30,54,3)([57]50,54,6)([58]13,51,1)([59]29,16,6)([60]14,58,1)([61]48,41,7)([62]61,9,3)([63]32,12,3)([64]63,35,6)([65]61,50,6)([66]13,46,5)([67]64,37,3)([68]47,22,3)([69]61,9,0)([70]44,19,4)([71]27,19,1)([72]30,68,4)([73]26,57,7)([74]5,19,6)([75]27,69,7)([76]37,66,1)([77]19,69,5)([78]41,53,0)([79]26,12,2)([80]25,64,5)([81]71,5,0)([82]69,70,3)([83]28,65,1)([84]21,42,1)([85]61,43,0)([86]73,82,2)(86)
evaluations: 46684800
first invidual area: 121.35
{7,1,80,1,2,1,8}([7]5,4,6)([8]1,0,4)([9]3,7,3)([10]1,4,7)([11]6,8,5)([12]4,0,4)([13]5,2,5)([14]12,9,5)([15]6,6,3)([16]1,3,5)([17]10,4,5)([18]7,10,7)([19]5,4,4)([20]9,11,4)([21]12,13,7)([22]18,21,5)([23]12,1,7)([24]22,20,5)([25]3,21,2)([26]24,12,4)([27]2,18,7)([28]9,12,7)([29]5,17,4)([30]21,2,1)([31]29,9,2)([32]16,27,3)([33]8,7,5)([34]8,15,6)([35]26,1,2)([36]29,2,6)([37]15,31,3)([38]13,31,5)([39]30,29,5)([40]3,34,3)([41]22,3,3)([42]31,14,1)([43]39,32,7)([44]37,43,5)([45]1,16,5)([46]4,19,1)([47]24,21,6)([48]16,27,5)([49]11,39,7)([50]49,44,7)([51]5,47,0)([52]30,4,0)([53]34,48,3)([54]49,53,5)([55]22,24,5)([56]8,48,0)([57]21,18,2)([58]13,25,5)([59]5,33,1)([60]26,15,3)([61]48,41,7)([62]41,2,1)([63]25,24,1)([64]31,25,3)([65]37,52,5)([66]54,44,6)([67]40,48,5)([68]35,0,0)([69]60,30,4)([70]44,19,4)([71]65,20,5)([72]71,6,5)([73]26,66,4)([74]70,41,2)([75]43,15,4)([76]0,21,7)([77]7,42,7)([78]0,6,5)([79]45,69,1)([80]13,40,2)([81]47,20,5)([82]61,70,3)([83]16,0,5)([84]44,24,2)([85]41,17,1)([86]73,82,2)(86)
optimized area: 116.19
time: 538958 ms
seed: 1635149102
NOT FOUND
time: 531335 ms
seed: 1635198236
{7,1,80,1,2,1,8}([7]5,1,6)([8]7,2,4)([9]4,7,1)([10]1,8,4)([11]3,9,6)([12]3,2,4)([13]9,5,7)([14]13,11,6)([15]11,12,7)([16]0,9,7)([17]9,0,6)([18]16,11,3)([19]14,4,1)([20]18,10,4)([21]8,14,3)([22]6,11,4)([23]10,13,6)([24]15,5,6)([25]17,24,1)([26]16,15,6)([27]24,8,7)([28]1,25,2)([29]22,15,7)([30]27,10,3)([31]29,19,2)([32]18,13,6)([33]22,19,2)([34]31,28,4)([35]10,14,5)([36]1,25,5)([37]3,20,5)([38]16,15,2)([39]37,38,4)([40]35,38,4)([41]8,32,0)([42]6,25,6)([43]16,24,2)([44]22,30,2)([45]42,27,3)([46]9,15,2)([47]20,40,2)([48]21,23,3)([49]7,22,7)([50]44,47,6)([51]3,3,1)([52]39,48,5)([53]13,17,3)([54]42,0,7)([55]44,30,1)([56]37,52,4)([57]33,56,6)([58]33,33,0)([59]18,25,1)([60]19,19,6)([61]48,43,6)([62]15,60,6)([63]54,61,3)([64]16,54,1)([65]19,63,1)([66]49,28,7)([67]39,5,1)([68]33,64,5)([69]56,42,7)([70]57,19,0)([71]17,49,1)([72]18,29,0)([73]23,48,1)([74]34,63,4)([75]31,18,3)([76]35,10,3)([77]16,34,3)([78]31,63,0)([79]16,0,4)([80]50,74,6)([81]77,24,3)([82]14,22,6)([83]63,74,0)([84]36,8,1)([85]57,80,6)([86]61,75,2)(85)
evaluations: 16622905
first invidual area: 141.01
{7,1,80,1,2,1,8}([7]5,1,6)([8]7,2,4)([9]4,8,1)([10]8,1,4)([11]9,3,6)([12]4,3,3)([13]5,4,4)([14]11,13,6)([15]2,12,7)([16]0,4,4)([17]14,4,1)([18]16,11,6)([19]8,18,1)([20]18,10,7)([21]10,13,6)([22]11,6,4)([23]4,8,7)([24]15,5,6)([25]16,4,5)([26]22,15,7)([27]24,19,3)([28]1,5,4)([29]13,24,4)([30]10,5,7)([31]26,17,5)([32]20,3,5)([33]22,17,2)([34]20,4,1)([35]10,31,2)([36]10,27,3)([37]7,7,3)([38]16,15,2)([39]32,38,4)([40]38,35,6)([41]25,1,5)([42]6,18,6)([43]34,32,2)([44]22,36,2)([45]18,34,0)([46]14,8,3)([47]20,40,2)([48]21,46,3)([49]15,33,6)([50]16,24,2)([51]31,15,7)([52]39,48,5)([53]25,0,2)([54]0,42,6)([55]10,9,4)([56]32,52,4)([57]33,56,6)([58]41,31,7)([59]55,9,6)([60]54,30,3)([61]48,50,6)([62]40,60,3)([63]59,34,4)([64]36,0,0)([65]41,19,4)([66]45,21,6)([67]9,1,0)([68]13,66,1)([69]54,32,5)([70]49,33,4)([71]36,30,6)([72]61,54,6)([73]65,53,2)([74]58,72,4)([75]47,44,6)([76]4,28,0)([77]53,53,7)([78]13,40,5)([79]13,12,0)([80]75,74,6)([81]17,14,5)([82]6,9,5)([83]35,67,6)([84]34,64,4)([85]57,80,6)([86]46,30,7)(85)
optimized area: 130.67
time: 673039 ms
seed: 1635365193
NOT FOUND
time: 1008884 ms
seed: 1635629035
{7,1,80,1,2,1,8}([7]1,3,7)([8]1,5,7)([9]8,0,5)([10]0,7,4)([11]7,4,3)([12]4,0,4)([13]1,5,3)([14]3,13,7)([15]12,13,3)([16]15,9,2)([17]4,13,5)([18]6,15,0)([19]2,14,4)([20]5,8,1)([21]8,2,3)([22]9,15,7)([23]7,5,4)([24]17,20,7)([25]7,3,2)([26]20,6,7)([27]0,24,7)([28]21,22,4)([29]10,26,1)([30]29,25,6)([31]17,26,0)([32]18,3,4)([33]19,11,2)([34]22,33,7)([35]8,26,6)([36]35,2,4)([37]21,2,0)([38]3,28,4)([39]10,3,3)([40]35,12,5)([41]36,27,2)([42]30,34,6)([43]5,27,4)([44]17,28,6)([45]1,21,4)([46]22,32,2)([47]46,41,7)([48]15,47,4)([49]22,38,5)([50]48,42,3)([51]20,4,4)([52]24,27,7)([53]25,50,7)([54]18,47,2)([55]39,43,4)([56]55,54,5)([57]43,50,7)([58]29,35,7)([59]56,26,7)([60]3,53,6)([61]59,11,1)([62]18,53,2)([63]33,41,7)([64]59,44,5)([65]64,57,5)([66]38,17,3)([67]59,66,7)([68]48,47,7)([69]51,13,5)([70]3,46,6)([71]18,20,2)([72]63,67,5)([73]19,48,4)([74]26,53,4)([75]41,55,2)([76]48,49,4)([77]41,64,0)([78]27,45,2)([79]72,65,2)([80]64,34,6)([81]18,23,1)([82]3,54,7)([83]22,31,0)([84]17,39,1)([85]10,13,3)([86]27,52,3)(79)
evaluations: 29613048
first invidual area: 161.67
{7,1,80,1,2,1,8}([7]1,3,7)([8]5,1,7)([9]8,2,3)([10]0,6,0)([11]7,4,3)([12]4,10,4)([13]1,5,3)([14]13,3,4)([15]12,13,3)([16]0,8,5)([17]4,13,5)([18]17,0,7)([19]13,12,7)([20]10,7,7)([21]1,7,2)([22]16,15,7)([23]9,22,5)([24]5,18,4)([25]9,20,5)([26]6,5,4)([27]25,22,5)([28]18,17,5)([29]10,8,1)([30]20,21,6)([31]2,14,7)([32]6,3,4)([33]31,11,2)([34]22,33,7)([35]8,26,3)([36]35,2,7)([37]12,19,2)([38]4,22,5)([39]2,17,0)([40]21,11,5)([41]36,24,2)([42]30,0,0)([43]29,16,2)([44]17,23,6)([45]34,30,6)([46]22,32,5)([47]46,41,4)([48]15,47,4)([49]30,25,7)([50]48,45,6)([51]49,43,5)([52]1,35,6)([53]21,41,4)([54]6,47,2)([55]5,29,4)([56]54,28,5)([57]18,50,4)([58]14,44,4)([59]56,26,4)([60]12,15,1)([61]24,12,7)([62]32,29,4)([63]33,41,7)([64]44,26,5)([65]64,57,5)([66]58,17,3)([67]59,66,4)([68]4,51,7)([69]31,34,0)([70]8,41,1)([71]55,26,5)([72]63,67,5)([73]53,5,7)([74]48,54,3)([75]16,15,6)([76]62,7,1)([77]60,41,3)([78]41,24,6)([79]73,45,6)([80]72,65,2)([81]74,9,5)([82]0,42,1)([83]14,51,7)([84]32,5,4)([85]79,57,3)([86]73,25,5)(80)
optimized area: 145.73
time: 1215042 ms
seed: 1635676723
NOT FOUND
time: 1061253 ms
seed: 1635724633
NOT FOUND
time: 1059408 ms
seed: 1635771812
{7,1,80,1,2,1,8}([7]0,3,4)([8]3,5,4)([9]4,7,3)([10]1,5,4)([11]3,6,3)([12]10,11,4)([13]0,9,7)([14]4,12,7)([15]8,11,3)([16]14,0,3)([17]3,4,6)([18]4,6,4)([19]11,15,0)([20]2,8,6)([21]18,1,2)([22]12,9,6)([23]8,0,7)([24]23,7,5)([25]21,2,4)([26]10,13,6)([27]25,20,4)([28]3,13,7)([29]23,26,7)([30]24,14,6)([31]28,2,3)([32]25,16,2)([33]22,32,6)([34]17,12,7)([35]21,32,4)([36]26,12,5)([37]30,25,2)([38]6,0,7)([39]27,12,6)([40]35,22,3)([41]1,29,7)([42]34,40,6)([43]18,4,4)([44]41,39,7)([45]0,41,2)([46]43,41,2)([47]44,33,6)([48]37,43,3)([49]31,43,2)([50]33,3,2)([51]5,21,3)([52]13,28,2)([53]46,37,5)([54]38,47,7)([55]43,53,4)([56]38,37,6)([57]36,32,6)([58]12,37,1)([59]52,1,7)([60]38,28,4)([61]35,26,4)([62]55,3,3)([63]38,57,7)([64]44,45,6)([65]43,60,2)([66]30,58,7)([67]48,47,0)([68]51,64,3)([69]63,68,3)([70]33,67,5)([71]42,54,6)([72]71,69,4)([73]23,66,1)([74]36,49,0)([75]52,60,5)([76]60,55,7)([77]56,41,2)([78]63,66,6)([79]8,52,7)([80]8,73,7)([81]41,73,7)([82]76,72,7)([83]56,54,3)([84]38,17,0)([85]7,73,5)([86]23,42,5)(82)
evaluations: 27482726
first invidual area: 179.02
{7,1,80,1,2,1,8}([7]3,0,4)([8]5,3,4)([9]4,7,3)([10]1,5,4)([11]3,6,3)([12]10,11,4)([13]0,9,7)([14]4,12,7)([15]13,13,2)([16]14,0,3)([17]15,4,3)([18]4,6,4)([19]17,14,4)([20]8,2,6)([21]1,18,2)([22]9,12,6)([23]8,1,4)([24]4,16,0)([25]21,2,4)([26]25,7,5)([27]25,20,4)([28]3,15,7)([29]28,23,3)([30]26,14,6)([31]13,20,1)([32]25,16,2)([33]22,32,6)([34]10,15,6)([35]21,32,4)([36]34,23,4)([37]30,5,2)([38]6,0,7)([39]27,34,6)([40]35,19,3)([41]0,36,7)([42]40,22,6)([43]14,12,6)([44]41,39,7)([45]13,37,5)([46]32,33,4)([47]44,33,3)([48]28,16,5)([49]22,43,4)([50]41,37,5)([51]5,21,3)([52]36,0,0)([53]34,43,0)([54]38,47,4)([55]6,50,5)([56]38,4,7)([57]38,36,2)([58]31,36,7)([59]13,40,3)([60]38,28,7)([61]33,58,4)([62]27,26,6)([63]38,59,4)([64]44,36,6)([65]8,7,1)([66]34,26,1)([67]22,55,6)([68]51,64,3)([69]63,68,3)([70]26,36,6)([71]42,54,6)([72]55,69,4)([73]71,9,4)([74]61,60,4)([75]67,17,6)([76]60,71,7)([77]48,26,5)([78]67,71,2)([79]65,20,7)([80]44,40,3)([81]67,48,2)([82]76,72,4)([83]78,28,3)([84]77,83,2)([85]74,33,4)([86]1,83,1)(82)
optimized area: 164.96
time: 1271184 ms
seed: 1635818836
{7,1,80,1,2,1,8}([7]5,6,6)([8]6,2,2)([9]5,8,7)([10]2,1,4)([11]3,9,1)([12]3,8,3)([13]4,2,6)([14]4,5,3)([15]4,0,4)([16]5,15,2)([17]7,12,6)([18]1,4,4)([19]18,7,7)([20]2,15,2)([21]16,17,5)([22]15,5,3)([23]9,2,2)([24]1,3,7)([25]5,22,1)([26]9,10,2)([27]11,19,7)([28]15,24,3)([29]14,0,4)([30]18,16,5)([31]11,9,2)([32]10,29,7)([33]6,28,7)([34]20,12,4)([35]26,33,4)([36]18,22,2)([37]15,19,7)([38]26,13,7)([39]13,36,6)([40]29,35,4)([41]32,36,0)([42]32,39,1)([43]30,13,3)([44]29,17,6)([45]38,40,3)([46]26,14,5)([47]28,41,7)([48]46,46,0)([49]34,45,5)([50]29,45,4)([51]13,38,6)([52]23,50,6)([53]7,19,0)([54]6,18,5)([55]19,20,2)([56]18,52,6)([57]14,0,3)([58]46,19,2)([59]57,21,7)([60]10,33,4)([61]46,24,4)([62]49,57,5)([63]43,60,6)([64]29,54,6)([65]36,12,6)([66]7,41,5)([67]64,62,7)([68]60,56,7)([69]68,61,3)([70]11,54,3)([71]55,35,3)([72]44,47,7)([73]53,3,6)([74]3,63,4)([75]4,74,7)([76]73,38,6)([77]47,71,0)([78]59,27,7)([79]4,23,1)([80]65,13,0)([81]68,78,3)([82]10,1,4)([83]51,31,2)([84]63,67,3)([85]81,84,5)([86]5,7,4)(85)
evaluations: 44012443
first invidual area: 148.53
{7,1,80,1,2,1,8}([7]3,3,2)([8]6,2,2)([9]5,8,7)([10]1,2,4)([11]6,5,3)([12]7,8,6)([13]4,2,6)([14]4,5,3)([15]0,4,4)([16]5,15,2)([17]7,2,6)([18]1,4,4)([19]11,18,2)([20]2,15,5)([21]17,16,5)([22]12,20,4)([23]8,9,2)([24]1,7,7)([25]6,19,4)([26]9,10,2)([27]7,19,4)([28]15,24,6)([29]14,0,4)([30]19,16,5)([31]15,14,3)([32]2,13,0)([33]28,6,4)([34]32,3,5)([35]26,33,4)([36]26,20,1)([37]28,32,2)([38]26,13,6)([39]7,10,4)([40]29,35,4)([41]38,8,2)([42]41,28,2)([43]30,35,6)([44]12,26,4)([45]38,40,3)([46]25,41,1)([47]39,37,1)([48]27,40,3)([49]22,45,5)([50]29,45,4)([51]7,32,6)([52]50,23,6)([53]14,15,0)([54]6,19,5)([55]34,32,0)([56]18,52,6)([57]29,53,3)([58]33,16,3)([59]57,21,5)([60]10,33,7)([61]20,1,2)([62]49,57,5)([63]54,11,3)([64]29,54,6)([65]59,51,7)([66]31,31,6)([67]64,62,7)([68]60,56,4)([69]10,1,7)([70]8,45,0)([71]49,6,5)([72]1,38,4)([73]2,16,3)([74]28,26,0)([75]0,64,7)([76]41,7,1)([77]7,64,5)([78]59,27,7)([79]36,10,0)([80]28,78,3)([81]68,78,3)([82]81,6,2)([83]78,69,5)([84]43,67,3)([85]81,84,5)([86]11,22,6)(85)
optimized area: 136.80
time: 1091918 ms
seed: 1635861935
{7,1,80,1,2,1,8}([7]3,6,4)([8]3,2,4)([9]8,1,4)([10]5,7,5)([11]4,2,4)([12]9,6,2)([13]4,5,7)([14]3,10,4)([15]14,11,3)([16]12,0,7)([17]2,13,2)([18]15,8,7)([19]17,16,3)([20]7,15,6)([21]18,6,2)([22]19,7,4)([23]5,9,3)([24]10,13,7)([25]10,18,1)([26]19,3,4)([27]26,23,5)([28]2,21,3)([29]25,27,6)([30]18,1,2)([31]27,9,4)([32]19,28,3)([33]17,30,6)([34]19,30,2)([35]24,33,3)([36]0,35,2)([37]36,32,2)([38]17,16,5)([39]12,11,0)([40]2,31,3)([41]30,20,7)([42]14,32,6)([43]37,25,3)([44]13,32,1)([45]37,4,5)([46]43,22,6)([47]10,34,7)([48]42,29,7)([49]17,1,1)([50]41,40,7)([51]35,24,4)([52]50,24,2)([53]1,40,4)([54]38,14,6)([55]33,3,6)([56]53,44,7)([57]41,44,5)([58]52,45,7)([59]58,46,3)([60]52,36,5)([61]0,34,6)([62]39,44,1)([63]8,1,3)([64]4,62,6)([65]27,15,4)([66]59,61,4)([67]19,65,5)([68]66,40,0)([69]22,48,0)([70]10,11,1)([71]17,34,1)([72]34,4,1)([73]53,14,2)([74]51,15,1)([75]17,44,5)([76]42,40,5)([77]56,40,6)([78]44,26,4)([79]15,51,0)([80]39,52,2)([81]52,52,7)([82]68,76,5)([83]58,13,5)([84]29,68,4)([85]57,68,1)([86]37,60,4)(82)
evaluations: 19822992
first invidual area: 137.27
{7,1,80,1,2,1,8}([7]6,3,4)([8]2,3,7)([9]8,1,7)([10]5,7,5)([11]4,2,4)([12]6,9,5)([13]4,5,7)([14]10,3,4)([15]14,11,3)([16]0,12,4)([17]2,13,2)([18]9,5,3)([19]8,5,6)([20]16,3,4)([21]10,13,1)([22]10,19,4)([23]20,6,4)([24]10,13,7)([25]15,21,6)([26]13,10,5)([27]18,20,5)([28]9,15,4)([29]5,7,0)([30]28,1,2)([31]19,14,0)([32]2,16,3)([33]17,30,6)([34]8,32,6)([35]24,33,3)([36]32,0,2)([37]36,35,2)([38]37,21,3)([39]27,9,4)([40]39,2,6)([41]30,25,4)([42]11,41,0)([43]12,13,3)([44]30,43,2)([45]37,4,5)([46]38,23,6)([47]8,0,3)([48]37,29,2)([49]10,3,3)([50]41,40,7)([51]44,0,6)([52]27,1,3)([53]14,39,1)([54]24,50,5)([55]23,6,0)([56]44,33,3)([57]48,31,3)([58]54,45,4)([59]58,46,6)([60]49,25,1)([61]16,6,2)([62]15,60,6)([63]23,52,3)([64]22,59,2)([65]7,11,6)([66]59,51,7)([67]2,55,1)([68]38,45,4)([69]51,28,5)([70]63,61,4)([71]65,69,2)([72]29,11,3)([73]13,34,5)([74]26,35,6)([75]66,70,0)([76]53,63,7)([77]25,68,0)([78]76,68,3)([79]46,4,5)([80]36,20,5)([81]10,77,5)([82]66,73,5)([83]3,15,6)([84]54,64,6)([85]16,17,7)([86]28,53,5)(82)
optimized area: 131.65
time: 1259622 ms
seed: 1635903984
NOT FOUND
time: 1072166 ms
seed: 1635940250
NOT FOUND
time: 1069002 ms
seed: 1635976369
NOT FOUND
time: 1062762 ms
seed: 1636012294
{7,1,80,1,2,1,8}([7]5,0,7)([8]7,2,6)([9]5,8,2)([10]3,4,5)([11]6,1,2)([12]7,0,0)([13]1,0,2)([14]10,5,4)([15]1,2,1)([16]1,13,4)([17]13,3,3)([18]14,4,3)([19]7,1,3)([20]6,17,4)([21]18,3,6)([22]19,5,0)([23]16,6,7)([24]3,23,7)([25]2,23,4)([26]9,24,6)([27]9,20,4)([28]18,21,1)([29]8,28,6)([30]26,4,2)([31]1,25,7)([32]24,31,4)([33]16,29,6)([34]31,31,1)([35]32,14,2)([36]2,22,2)([37]11,21,4)([38]0,13,1)([39]30,27,5)([40]37,10,5)([41]35,31,7)([42]26,41,2)([43]33,27,5)([44]30,37,4)([45]1,27,6)([46]4,0,4)([47]42,44,5)([48]39,47,7)([49]43,47,4)([50]22,30,3)([51]29,11,4)([52]4,3,5)([53]40,2,3)([54]50,28,3)([55]44,46,0)([56]33,8,5)([57]50,56,2)([58]29,56,7)([59]19,30,3)([60]33,34,0)([61]2,11,2)([62]35,47,5)([63]35,59,7)([64]47,30,3)([65]63,46,5)([66]36,25,0)([67]42,11,5)([68]51,7,5)([69]10,23,1)([70]67,1,5)([71]36,42,1)([72]51,56,5)([73]16,15,4)([74]47,59,1)([75]70,59,7)([76]53,48,4)([77]49,57,7)([78]29,64,5)([79]77,76,6)([80]20,55,6)([81]41,69,2)([82]65,79,2)([83]48,5,1)([84]57,56,0)([85]37,31,7)([86]64,67,3)(82)
evaluations: 32052217
first invidual area: 150.40
{7,1,80,1,2,1,8}([7]5,0,7)([8]7,2,6)([9]8,5,2)([10]3,4,5)([11]6,1,5)([12]1,3,4)([13]1,0,2)([14]10,5,4)([15]9,9,3)([16]1,13,4)([17]3,13,6)([18]14,4,3)([19]1,7,3)([20]6,15,7)([21]3,18,3)([22]8,6,6)([23]3,6,4)([24]16,23,4)([25]18,20,1)([26]9,24,6)([27]17,20,4)([28]14,27,1)([29]8,25,6)([30]26,4,2)([31]26,11,2)([32]12,2,4)([33]29,16,6)([34]4,4,0)([35]8,0,5)([36]13,25,4)([37]11,21,4)([38]16,30,3)([39]27,30,5)([40]32,7,2)([41]28,32,5)([42]26,41,2)([43]33,27,5)([44]37,34,4)([45]24,21,1)([46]0,4,4)([47]42,44,5)([48]39,47,5)([49]43,47,5)([50]19,30,3)([51]3,40,0)([52]37,10,5)([53]52,2,6)([54]12,39,6)([55]27,44,5)([56]7,13,6)([57]50,35,5)([58]42,56,1)([59]2,52,0)([60]24,38,1)([61]41,32,5)([62]37,59,6)([63]61,50,4)([64]60,59,5)([65]63,46,5)([66]52,40,5)([67]3,9,0)([68]64,11,4)([69]38,62,0)([70]49,34,1)([71]48,41,5)([72]57,49,4)([73]15,70,0)([74]69,60,3)([75]67,57,6)([76]53,48,4)([77]58,46,7)([78]67,66,0)([79]72,76,6)([80]68,32,4)([81]10,80,3)([82]65,79,2)([83]30,23,7)([84]14,18,7)([85]24,56,7)([86]26,57,7)(82)
optimized area: 134.90
time: 1209629 ms
seed: 1636046988
{7,1,80,1,2,1,8}([7]3,6,2)([8]3,6,1)([9]1,5,7)([10]5,2,6)([11]2,8,6)([12]10,6,4)([13]3,4,5)([14]13,1,4)([15]7,5,6)([16]14,5,7)([17]6,14,3)([18]8,12,6)([19]2,7,7)([20]3,11,2)([21]17,5,2)([22]1,17,5)([23]9,15,6)([24]9,19,3)([25]8,12,4)([26]11,6,7)([27]6,19,5)([28]5,20,7)([29]0,24,5)([30]4,28,7)([31]11,13,2)([32]1,5,4)([33]19,26,5)([34]33,0,7)([35]25,4,4)([36]10,0,1)([37]20,25,2)([38]2,18,6)([39]30,7,6)([40]0,23,3)([41]17,36,2)([42]37,4,4)([43]2,12,0)([44]42,38,5)([45]34,29,7)([46]39,16,2)([47]46,25,5)([48]40,5,4)([49]26,45,5)([50]24,29,7)([51]42,34,6)([52]30,40,3)([53]52,16,7)([54]35,23,2)([55]25,16,4)([56]47,0,5)([57]50,53,4)([58]14,54,2)([59]23,34,5)([60]56,54,7)([61]60,44,2)([62]52,24,2)([63]41,56,5)([64]33,63,5)([65]47,15,3)([66]62,64,2)([67]61,66,3)([68]8,52,4)([69]42,25,7)([70]46,46,5)([71]59,57,3)([72]67,22,4)([73]18,40,6)([74]8,44,7)([75]14,23,3)([76]12,72,6)([77]40,56,6)([78]35,15,1)([79]14,49,1)([80]68,58,7)([81]69,25,1)([82]22,28,2)([83]78,7,1)([84]17,29,6)([85]0,21,6)([86]51,76,0)(72)
evaluations: 12368587
first invidual area: 127.87
{7,1,80,1,2,1,8}([7]3,6,2)([8]3,4,5)([9]1,5,7)([10]5,2,3)([11]8,1,4)([12]2,9,6)([13]1,11,5)([14]6,10,7)([15]7,5,6)([16]3,14,1)([17]6,11,3)([18]2,16,3)([19]2,8,1)([20]4,12,0)([21]18,9,1)([22]17,10,2)([23]15,9,6)([24]9,16,4)([25]14,3,7)([26]25,24,2)([27]2,24,0)([28]20,18,4)([29]6,27,6)([30]28,5,7)([31]1,18,2)([32]28,2,6)([33]17,4,3)([34]7,2,7)([35]17,1,5)([36]22,0,3)([37]1,1,2)([38]28,35,6)([39]7,30,6)([40]0,17,3)([41]40,12,2)([42]14,15,3)([43]34,9,3)([44]42,32,5)([45]29,16,5)([46]20,22,5)([47]33,44,2)([48]8,23,6)([49]26,46,6)([50]13,14,3)([51]25,4,4)([52]30,23,3)([53]5,18,7)([54]51,23,5)([55]26,39,5)([56]0,55,5)([57]3,45,0)([58]35,19,6)([59]42,40,0)([60]56,54,4)([61]60,44,2)([62]52,43,5)([63]22,56,5)([64]45,63,2)([65]25,34,3)([66]62,64,6)([67]66,61,6)([68]37,34,4)([69]67,43,4)([70]35,67,7)([71]57,26,5)([72]33,66,6)([73]3,52,7)([74]32,51,1)([75]38,11,1)([76]35,13,6)([77]69,28,6)([78]11,53,7)([79]72,54,5)([80]49,42,2)([81]6,46,0)([82]72,61,6)([83]61,2,4)([84]20,12,1)([85]22,9,6)([86]42,3,1)(70)
optimized area: 111.94
time: 1292300 ms
seed: 1636080772
NOT FOUND
time: 1076344 ms
seed: 1636113856
{7,1,80,1,2,1,8}([7]2,3,4)([8]6,4,3)([9]0,1,4)([10]1,3,5)([11]6,9,7)([12]9,7,3)([13]8,5,4)([14]4,0,6)([15]13,11,7)([16]13,1,4)([17]5,16,2)([18]14,15,5)([19]3,0,7)([20]1,4,4)([21]11,8,5)([22]4,14,4)([23]12,22,4)([24]8,6,2)([25]7,13,5)([26]4,11,2)([27]24,19,5)([28]22,10,7)([29]3,9,5)([30]26,0,0)([31]9,16,4)([32]22,19,4)([33]21,17,7)([34]11,1,4)([35]5,23,5)([36]35,9,3)([37]2,6,4)([38]21,30,7)([39]7,37,3)([40]33,20,1)([41]23,15,3)([42]38,37,7)([43]23,33,7)([44]30,25,4)([45]8,32,6)([46]34,41,2)([47]44,0,2)([48]47,36,4)([49]6,32,7)([50]38,39,4)([51]20,5,3)([52]39,36,4)([53]31,51,2)([54]0,44,2)([55]14,49,3)([56]28,37,3)([57]48,55,2)([58]47,15,6)([59]29,27,7)([60]43,56,3)([61]31,54,3)([62]41,53,2)([63]19,43,3)([64]61,3,7)([65]53,25,5)([66]21,62,0)([67]11,31,4)([68]17,20,0)([69]28,59,1)([70]14,26,3)([71]62,57,7)([72]57,7,0)([73]33,7,4)([74]2,24,6)([75]26,63,4)([76]64,50,6)([77]53,43,5)([78]35,59,3)([79]12,69,4)([80]66,16,7)([81]16,17,4)([82]15,11,1)([83]51,19,6)([84]71,60,2)([85]76,84,6)([86]85,34,6)(85)
evaluations: 28263879
first invidual area: 164.49
{7,1,80,1,2,1,8}([7]2,3,4)([8]0,5,0)([9]1,8,4)([10]1,3,5)([11]9,6,7)([12]6,4,3)([13]5,12,4)([14]0,4,6)([15]7,9,3)([16]4,8,5)([17]8,11,4)([18]9,14,7)([19]8,8,2)([20]11,5,3)([21]20,3,5)([22]14,4,3)([23]15,22,4)([24]11,4,5)([25]0,12,1)([26]16,6,7)([27]9,26,1)([28]5,23,1)([29]5,23,5)([30]3,24,0)([31]0,13,4)([32]8,2,5)([33]11,12,5)([34]10,22,2)([35]33,15,6)([36]29,9,3)([37]2,6,4)([38]33,4,3)([39]37,7,3)([40]13,7,5)([41]23,17,3)([42]37,34,3)([43]40,24,7)([44]35,5,0)([45]13,11,5)([46]34,34,2)([47]43,19,5)([48]47,36,7)([49]30,26,7)([50]38,39,7)([51]19,50,1)([52]5,18,3)([53]41,31,2)([54]47,0,1)([55]14,49,3)([56]20,2,5)([57]48,55,5)([58]17,23,5)([59]20,23,7)([60]59,42,3)([61]31,57,3)([62]52,53,5)([63]8,59,7)([64]61,30,7)([65]1,34,5)([66]30,38,0)([67]52,12,0)([68]36,48,4)([69]1,27,6)([70]7,26,1)([71]62,57,7)([72]64,9,2)([73]56,50,2)([74]52,54,5)([75]47,49,6)([76]64,50,6)([77]72,16,7)([78]33,60,5)([79]40,34,5)([80]54,14,4)([81]33,44,4)([82]2,59,7)([83]21,41,4)([84]71,60,2)([85]76,84,6)([86]62,38,4)(85)
optimized area: 141.02
time: 1186696 ms
seed: 1636146612
NOT FOUND
time: 1049214 ms
seed: 1636179032
NOT FOUND
time: 1075103 ms
seed: 1636209591
{7,1,80,1,2,1,8}([7]2,6,4)([8]6,1,7)([9]0,4,0)([10]3,0,7)([11]3,7,7)([12]1,8,6)([13]12,5,2)([14]4,1,7)([15]10,13,3)([16]15,5,4)([17]7,8,2)([18]17,17,5)([19]5,3,3)([20]18,10,2)([21]9,4,6)([22]2,16,7)([23]2,3,3)([24]14,16,3)([25]22,11,3)([26]9,14,2)([27]20,19,4)([28]7,19,4)([29]25,26,6)([30]8,24,6)([31]4,1,2)([32]5,22,1)([33]14,7,6)([34]29,24,7)([35]29,32,4)([36]7,21,2)([37]30,19,7)([38]29,30,3)([39]11,1,7)([40]23,5,5)([41]25,37,3)([42]23,1,1)([43]31,16,2)([44]27,21,7)([45]35,14,4)([46]1,4,7)([47]36,22,5)([48]37,17,5)([49]28,40,5)([50]13,1,6)([51]43,23,2)([52]2,19,7)([53]17,17,6)([54]45,18,6)([55]30,32,4)([56]15,6,4)([57]28,10,0)([58]47,11,0)([59]58,1,0)([60]49,8,2)([61]55,33,3)([62]61,41,2)([63]27,51,7)([64]62,63,5)([65]44,34,6)([66]65,64,7)([67]21,2,2)([68]47,37,5)([69]19,3,6)([70]39,60,5)([71]8,59,3)([72]70,66,4)([73]1,26,0)([74]63,57,6)([75]67,13,2)([76]72,75,4)([77]37,69,5)([78]14,20,2)([79]32,55,4)([80]68,19,1)([81]80,77,4)([82]22,60,2)([83]49,40,5)([84]56,53,4)([85]2,61,4)([86]12,7,2)(76)
evaluations: 29244866
first invidual area: 151.33
{7,1,80,1,2,1,8}([7]2,6,4)([8]1,6,7)([9]5,3,3)([10]3,0,7)([11]7,3,7)([12]1,8,6)([13]12,5,2)([14]4,1,7)([15]10,13,6)([16]15,5,7)([17]9,1,0)([18]16,1,2)([19]7,8,5)([20]19,10,5)([21]4,0,3)([22]16,2,7)([23]0,22,3)([24]14,16,3)([25]11,22,3)([26]23,4,2)([27]20,17,2)([28]1,11,7)([29]25,26,6)([30]8,24,6)([31]27,30,6)([32]30,20,3)([33]1,16,5)([34]24,5,0)([35]11,5,3)([36]21,7,6)([37]18,13,4)([38]23,31,7)([39]13,38,6)([40]6,0,2)([41]13,12,3)([42]24,29,7)([43]7,24,6)([44]21,27,4)([45]13,13,5)([46]38,8,7)([47]4,31,7)([48]29,15,4)([49]35,1,0)([50]19,22,0)([51]18,26,5)([52]22,35,1)([53]25,32,3)([54]13,34,0)([55]30,5,7)([56]37,55,5)([57]38,10,2)([58]35,26,3)([59]55,49,0)([60]28,8,2)([61]55,43,3)([62]61,53,2)([63]27,51,4)([64]62,63,5)([65]44,42,6)([66]64,65,4)([67]49,64,1)([68]57,47,2)([69]13,16,5)([70]49,60,5)([71]46,4,2)([72]70,66,4)([73]56,15,1)([74]42,7,3)([75]36,54,5)([76]75,72,4)([77]47,71,4)([78]42,18,4)([79]65,2,7)([80]0,54,5)([81]5,54,7)([82]56,60,4)([83]64,4,5)([84]2,72,6)([85]6,65,2)([86]50,40,1)(76)
optimized area: 133.05
time: 1215965 ms
seed: 1636239547
{7,1,80,1,2,1,8}([7]0,6,7)([8]2,6,4)([9]5,6,7)([10]4,0,6)([11]8,10,6)([12]1,3,7)([13]8,12,4)([14]2,3,7)([15]0,5,4)([16]4,13,4)([17]9,11,4)([18]1,15,4)([19]3,2,6)([20]13,1,7)([21]8,17,3)([22]19,0,6)([23]16,14,4)([24]14,9,2)([25]18,6,5)([26]25,5,7)([27]15,8,2)([28]24,13,4)([29]4,13,1)([30]18,28,3)([31]29,6,1)([32]30,1,6)([33]12,23,4)([34]33,12,2)([35]20,11,3)([36]17,33,2)([37]35,28,4)([38]32,33,7)([39]35,32,5)([40]36,19,4)([41]16,21,5)([42]6,7,2)([43]19,39,0)([44]27,26,6)([45]41,15,2)([46]32,33,6)([47]25,29,3)([48]46,10,6)([49]15,0,2)([50]16,22,5)([51]45,8,3)([52]18,50,2)([53]40,45,5)([54]0,48,7)([55]23,19,4)([56]11,52,6)([57]38,20,6)([58]38,44,2)([59]4,46,6)([60]56,33,5)([61]31,4,4)([62]25,47,5)([63]54,37,0)([64]24,31,4)([65]33,15,3)([66]58,63,3)([67]16,61,3)([68]39,24,0)([69]64,56,3)([70]18,39,6)([71]54,19,6)([72]69,71,3)([73]58,47,1)([74]66,53,7)([75]17,40,2)([76]59,64,1)([77]2,3,4)([78]72,74,2)([79]60,31,7)([80]22,67,0)([81]18,37,6)([82]80,25,2)([83]76,44,1)([84]8,18,7)([85]34,41,2)([86]9,66,1)(78)
evaluations: 12951100
first invidual area: 146.18
{7,1,80,1,2,1,8}([7]0,4,6)([8]2,6,4)([9]5,6,7)([10]3,7,0)([11]8,7,6)([12]8,10,4)([13]1,12,7)([14]5,12,7)([15]5,0,4)([16]13,4,4)([17]7,13,0)([18]15,1,4)([19]10,2,6)([20]18,6,5)([21]19,14,6)([22]21,16,5)([23]14,17,1)([24]4,3,7)([25]9,14,5)([26]3,18,5)([27]11,9,5)([28]25,13,7)([29]28,23,4)([30]1,18,3)([31]1,14,3)([32]28,30,6)([33]6,24,4)([34]8,15,2)([35]9,11,4)([36]35,33,5)([37]32,33,6)([38]32,33,7)([39]25,38,0)([40]36,19,7)([41]16,27,5)([42]10,22,6)([43]20,5,7)([44]12,20,4)([45]26,15,1)([46]37,17,6)([47]34,43,6)([48]41,15,2)([49]16,28,4)([50]21,11,2)([51]24,27,7)([52]24,14,6)([53]48,40,5)([54]0,46,7)([55]27,11,6)([56]7,0,0)([57]18,22,2)([58]47,38,2)([59]19,14,1)([60]11,26,0)([61]15,13,1)([62]4,46,4)([63]53,34,2)([64]43,32,0)([65]54,8,6)([66]58,54,6)([67]57,11,6)([68]60,14,1)([69]49,65,3)([70]53,42,3)([71]25,50,5)([72]69,67,3)([73]30,65,5)([74]53,66,4)([75]62,25,2)([76]30,27,7)([77]74,22,6)([78]72,74,2)([79]76,15,3)([80]78,39,5)([81]68,27,0)([82]7,12,3)([83]64,61,4)([84]43,81,7)([85]46,7,6)([86]29,33,2)(78)
optimized area: 141.97
time: 1342779 ms
seed: 1636258750
NOT FOUND
time: 1082022 ms
