seed: 1633879703
{7,1,80,1,2,1,8}([7]6,1,4)([8]7,5,4)([9]0,2,3)([10]4,9,7)([11]2,1,2)([12]5,11,4)([13]4,3,3)([14]13,13,0)([15]4,6,4)([16]14,13,5)([17]1,11,7)([18]13,3,7)([19]7,2,7)([20]2,5,7)([21]20,15,2)([22]10,8,2)([23]15,21,3)([24]20,17,2)([25]18,2,7)([26]15,22,3)([27]21,14,2)([28]18,10,3)([29]6,27,1)([30]28,20,7)([31]16,15,3)([32]1,7,3)([33]27,28,0)([34]11,25,7)([35]26,33,4)([36]13,12,4)([37]9,34,5)([38]7,5,6)([39]3,35,4)([40]29,14,1)([41]22,12,3)([42]1,16,0)([43]31,38,5)([44]40,9,3)([45]27,0,6)([46]24,30,3)([47]37,30,3)([48]14,31,2)([49]1,22,0)([50]30,26,6)([51]3,38,6)([52]19,49,2)([53]47,43,5)([54]45,53,7)([55]41,6,2)([56]24,27,1)([57]25,21,6)([58]37,55,3)([59]31,6,5)([60]15,2,3)([61]58,54,2)([62]50,33,0)([63]50,36,6)([64]63,44,4)([65]30,23,6)([66]34,55,3)([67]52,16,4)([68]67,61,7)([69]20,63,2)([70]48,65,5)([71]0,14,6)([72]57,25,2)([73]57,50,7)([74]73,64,6)([75]64,19,2)([76]42,74,6)([77]67,66,6)([78]66,5,3)([79]0,7,0)([80]14,33,5)([81]57,28,1)([82]68,63,4)([83]9,46,0)([84]74,82,3)([85]52,31,7)([86]84,24,5)(84)
evaluations: 39268395
first invidual area: 148.52
{7,1,80,1,2,1,8}([7]1,6,4)([8]7,5,4)([9]2,0,3)([10]4,9,7)([11]1,2,2)([12]11,5,4)([13]3,4,3)([14]5,7,6)([15]6,4,4)([16]13,8,1)([17]11,6,4)([18]16,3,3)([19]6,15,0)([20]2,5,7)([21]20,15,2)([22]10,8,2)([23]22,20,0)([24]15,16,3)([25]2,18,7)([26]13,17,0)([27]21,26,2)([28]18,10,6)([29]1,4,5)([30]28,23,3)([31]26,28,0)([32]18,24,6)([33]6,2,2)([34]11,25,7)([35]15,20,3)([36]16,12,7)([37]9,34,5)([38]6,1,6)([39]8,26,3)([40]22,38,7)([41]12,22,3)([42]16,13,7)([43]14,24,5)([44]25,7,1)([45]27,0,3)([46]19,0,6)([47]37,20,3)([48]20,18,3)([49]1,38,5)([50]30,35,6)([51]30,8,6)([52]17,1,5)([53]43,47,5)([54]45,53,4)([55]41,6,2)([56]23,40,0)([57]25,21,3)([58]55,37,3)([59]48,27,5)([60]25,19,7)([61]54,58,5)([62]25,11,3)([63]36,50,6)([64]36,46,4)([65]41,59,5)([66]29,10,3)([67]52,13,4)([68]67,61,7)([69]2,21,1)([70]65,39,7)([71]66,22,0)([72]42,51,5)([73]57,50,3)([74]73,64,6)([75]49,12,2)([76]51,55,3)([77]54,30,1)([78]19,30,3)([79]70,65,2)([80]23,27,4)([81]26,13,3)([82]68,63,7)([83]8,18,1)([84]82,74,3)([85]41,79,6)([86]28,1,5)(84)
optimized area: 137.26
time: 540211 ms
seed: 1634017414
{7,1,80,1,2,1,8}([7]0,5,7)([8]0,3,7)([9]2,7,2)([10]2,5,3)([11]5,4,7)([12]8,10,3)([13]3,10,7)([14]13,2,7)([15]14,13,6)([16]11,13,3)([17]9,1,7)([18]1,8,2)([19]10,8,3)([20]2,17,7)([21]5,17,4)([22]10,8,7)([23]15,11,7)([24]18,20,6)([25]15,3,4)([26]5,6,7)([27]16,25,2)([28]10,26,5)([29]9,18,5)([30]3,28,5)([31]1,4,1)([32]31,6,5)([33]22,15,2)([34]6,22,5)([35]11,34,5)([36]7,14,0)([37]10,24,5)([38]29,37,1)([39]21,32,3)([40]30,20,4)([41]35,28,4)([42]35,28,1)([43]17,37,5)([44]1,4,0)([45]4,10,0)([46]24,41,3)([47]43,23,4)([48]36,4,2)([49]43,41,0)([50]19,40,2)([51]33,26,0)([52]39,27,6)([53]48,35,5)([54]26,36,6)([55]44,12,7)([56]17,32,4)([57]56,33,7)([58]47,22,4)([59]31,15,1)([60]33,48,1)([61]51,46,6)([62]60,2,2)([63]53,28,4)([64]16,57,6)([65]6,50,7)([66]57,42,7)([67]52,61,4)([68]67,54,3)([69]63,6,6)([70]12,32,6)([71]22,25,3)([72]25,57,5)([73]65,47,3)([74]24,37,1)([75]63,73,3)([76]67,59,0)([77]75,68,4)([78]10,13,2)([79]15,47,6)([80]76,32,5)([81]23,44,4)([82]48,61,4)([83]53,64,3)([84]71,79,6)([85]65,28,0)([86]29,66,5)(77)
evaluations: 20318157
first invidual area: 149.93
{7,1,80,1,2,1,8}([7]0,5,7)([8]0,3,7)([9]7,2,5)([10]2,5,3)([11]5,4,7)([12]11,8,0)([13]10,12,1)([14]8,1,2)([15]3,13,6)([16]9,11,4)([17]1,9,7)([18]12,0,3)([19]8,10,7)([20]17,2,4)([21]13,19,5)([22]2,18,2)([23]14,20,6)([24]21,9,7)([25]5,2,5)([26]6,5,7)([27]17,11,1)([28]10,26,5)([29]9,9,3)([30]3,28,5)([31]18,24,0)([32]20,30,4)([33]1,9,1)([34]6,19,5)([35]34,11,5)([36]23,2,0)([37]7,4,5)([38]15,6,5)([39]1,38,3)([40]29,9,6)([41]35,28,4)([42]15,32,4)([43]14,15,5)([44]12,15,7)([45]40,3,7)([46]14,4,2)([47]25,43,3)([48]36,45,0)([49]42,23,2)([50]32,21,5)([51]6,7,2)([52]39,22,6)([53]48,41,6)([54]44,17,4)([55]35,37,5)([56]52,4,1)([57]6,50,4)([58]7,26,6)([59]51,11,1)([60]53,43,2)([61]38,38,7)([62]48,34,5)([63]55,41,4)([64]57,54,3)([65]54,44,2)([66]43,53,7)([67]52,60,3)([68]13,16,6)([69]27,27,6)([70]41,23,3)([71]60,10,1)([72]39,45,4)([73]65,70,6)([74]58,67,3)([75]30,42,1)([76]50,40,0)([77]29,60,4)([78]4,63,4)([79]63,64,3)([80]74,79,4)([81]19,6,7)([82]38,7,7)([83]28,47,0)([84]9,27,2)([85]76,19,0)([86]55,62,7)(80)
optimized area: 122.73
time: 631012 ms
seed: 1634066218
{7,1,80,1,2,1,8}([7]5,2,5)([8]5,0,5)([9]5,3,5)([10]5,2,4)([11]3,10,2)([12]9,4,7)([13]0,7,4)([14]8,10,3)([15]12,6,5)([16]3,15,7)([17]1,12,7)([18]16,13,5)([19]1,2,2)([20]11,19,4)([21]12,2,7)([22]6,5,4)([23]22,3,4)([24]17,22,6)([25]22,18,4)([26]20,12,2)([27]17,25,7)([28]24,10,2)([29]6,24,7)([30]18,12,1)([31]17,22,4)([32]30,24,6)([33]1,10,3)([34]5,8,7)([35]11,23,6)([36]22,19,0)([37]4,12,3)([38]30,25,4)([39]21,20,6)([40]5,4,5)([41]15,11,2)([42]17,26,2)([43]37,33,4)([44]42,27,4)([45]30,37,2)([46]0,32,5)([47]46,43,4)([48]8,26,5)([49]31,34,5)([50]19,11,6)([51]47,48,4)([52]10,49,6)([53]33,50,6)([54]49,28,7)([55]2,49,6)([56]1,35,2)([57]36,33,2)([58]43,36,5)([59]10,17,4)([60]56,54,7)([61]39,57,3)([62]51,37,0)([63]39,42,1)([64]51,55,3)([65]56,1,5)([66]56,8,4)([67]44,61,6)([68]64,60,2)([69]7,4,5)([70]45,39,7)([71]49,23,6)([72]14,19,2)([73]37,50,5)([74]20,69,7)([75]45,36,2)([76]68,67,3)([77]1,44,6)([78]47,36,5)([79]65,23,6)([80]28,67,3)([81]34,60,5)([82]39,18,6)([83]0,14,4)([84]5,79,5)([85]9,39,5)([86]2,5,1)(76)
evaluations: 24060673
first invidual area: 149.93
{7,1,80,1,2,1,8}([7]2,5,5)([8]5,0,5)([9]3,5,5)([10]2,5,4)([11]10,3,2)([12]4,9,7)([13]7,0,4)([14]2,12,7)([15]12,6,5)([16]3,15,7)([17]1,12,7)([18]13,16,5)([19]2,1,5)([20]11,19,7)([21]14,20,6)([22]5,6,4)([23]3,22,4)([24]22,17,6)([25]22,18,7)([26]20,12,2)([27]17,25,4)([28]1,14,6)([29]4,26,3)([30]18,29,1)([31]22,17,5)([32]30,24,6)([33]1,10,3)([34]31,8,2)([35]11,23,6)([36]27,34,0)([37]26,19,2)([38]12,9,7)([39]36,21,6)([40]1,26,5)([41]7,38,1)([42]6,12,4)([43]29,33,7)([44]40,36,7)([45]33,12,5)([46]0,32,5)([47]43,46,4)([48]8,26,5)([49]34,5,2)([50]10,21,4)([51]47,48,7)([52]43,40,5)([53]11,24,2)([54]49,53,6)([55]13,49,2)([56]1,35,5)([57]22,33,2)([58]12,6,1)([59]56,54,7)([60]47,12,4)([61]21,57,3)([62]12,48,3)([63]43,42,4)([64]51,55,3)([65]28,61,1)([66]13,7,7)([67]9,40,1)([68]64,59,2)([69]10,46,7)([70]17,52,1)([71]38,19,5)([72]61,44,6)([73]54,21,1)([74]60,60,1)([75]23,19,0)([76]68,72,3)([77]52,68,4)([78]0,66,2)([79]53,8,1)([80]6,0,6)([81]29,75,2)([82]73,56,6)([83]3,65,6)([84]37,47,7)([85]28,16,3)([86]42,25,0)(76)
optimized area: 141.47
time: 628543 ms
seed: 1634180425
NOT FOUND
time: 516158 ms
seed: 1634227763
NOT FOUND
time: 526829 ms
seed: 1634324798
NOT FOUND
time: 528576 ms
seed: 1634365311
{7,1,80,1,2,1,8}([7]1,2,3)([8]6,3,1)([9]6,2,5)([10]8,0,2)([11]0,9,3)([12]2,1,4)([13]0,7,2)([14]13,4,5)([15]11,12,5)([16]14,7,4)([17]10,1,5)([18]1,11,7)([19]3,14,6)([20]16,12,3)([21]1,11,3)([22]3,16,6)([23]10,5,7)([24]20,18,5)([25]15,5,0)([26]22,15,7)([27]14,23,7)([28]24,3,4)([29]8,23,7)([30]26,13,6)([31]12,5,7)([32]10,19,0)([33]8,26,6)([34]32,14,6)([35]17,22,7)([36]35,21,7)([37]4,24,4)([38]23,30,4)([39]18,31,2)([40]19,26,5)([41]5,8,2)([42]3,39,5)([43]14,33,4)([44]16,4,6)([45]43,4,2)([46]37,38,6)([47]10,31,0)([48]36,42,2)([49]18,43,0)([50]14,34,7)([51]48,3,4)([52]12,51,4)([53]42,37,4)([54]34,48,6)([55]8,17,0)([56]29,51,4)([57]0,16,7)([58]21,50,7)([59]8,20,6)([60]51,12,6)([61]57,31,2)([62]22,22,3)([63]24,23,5)([64]53,56,3)([65]0,3,6)([66]44,25,3)([67]25,61,2)([68]30,51,3)([69]62,59,3)([70]67,64,2)([71]5,28,4)([72]45,56,6)([73]56,51,5)([74]32,10,1)([75]25,51,7)([76]55,22,1)([77]19,47,7)([78]23,51,7)([79]72,46,3)([80]70,79,4)([81]62,29,6)([82]44,4,7)([83]21,73,7)([84]67,54,3)([85]76,35,1)([86]45,51,0)(80)
evaluations: 33640713
first invidual area: 136.81
{7,1,80,1,2,1,8}([7]1,2,3)([8]6,6,1)([9]2,6,5)([10]8,0,2)([11]9,0,3)([12]1,2,4)([13]0,7,2)([14]13,4,5)([15]12,11,5)([16]14,7,5)([17]15,2,7)([18]10,2,0)([19]18,17,5)([20]16,12,3)([21]20,17,5)([22]16,3,3)([23]18,5,7)([24]15,14,5)([25]3,9,1)([26]15,22,4)([27]19,24,0)([28]22,20,4)([29]8,3,4)([30]13,26,6)([31]12,5,7)([32]12,19,4)([33]26,8,3)([34]33,14,7)([35]22,22,5)([36]32,26,7)([37]4,21,4)([38]23,30,4)([39]33,29,0)([40]39,2,3)([41]19,38,6)([42]31,3,5)([43]14,29,6)([44]40,35,3)([45]34,4,2)([46]37,38,6)([47]44,25,0)([48]36,42,5)([49]10,12,0)([50]32,5,5)([51]48,23,4)([52]9,6,5)([53]3,37,7)([54]23,19,0)([55]13,4,2)([56]29,51,4)([57]0,16,7)([58]13,49,5)([59]16,32,0)([60]9,51,0)([61]57,31,2)([62]39,10,4)([63]21,46,1)([64]56,53,3)([65]53,45,6)([66]20,19,2)([67]15,61,2)([68]16,62,7)([69]30,63,0)([70]67,64,5)([71]29,43,1)([72]45,56,6)([73]2,59,0)([74]21,60,2)([75]23,55,1)([76]8,27,1)([77]13,28,5)([78]70,33,2)([79]72,46,3)([80]70,79,7)([81]4,78,7)([82]43,57,3)([83]81,76,2)([84]52,63,6)([85]25,70,0)([86]11,60,2)(80)
optimized area: 128.37
time: 591606 ms
seed: 1634414279
{7,1,80,1,2,1,8}([7]3,6,6)([8]0,3,1)([9]0,5,7)([10]1,3,6)([11]5,7,2)([12]4,11,7)([13]9,10,7)([14]2,11,4)([15]9,4,3)([16]1,3,7)([17]13,6,5)([18]14,9,2)([19]17,8,7)([20]18,1,3)([21]19,6,2)([22]3,15,2)([23]20,12,7)([24]16,21,1)([25]6,2,4)([26]16,21,4)([27]21,12,6)([28]26,10,5)([29]19,8,3)([30]29,22,4)([31]24,9,2)([32]8,17,3)([33]9,28,2)([34]25,24,7)([35]13,14,2)([36]27,2,7)([37]9,16,0)([38]23,1,2)([39]30,36,6)([40]22,34,7)([41]2,15,2)([42]9,19,6)([43]10,7,3)([44]35,1,4)([45]40,22,4)([46]44,41,5)([47]23,32,4)([48]39,4,5)([49]44,34,6)([50]40,15,6)([51]50,16,6)([52]31,34,3)([53]1,13,6)([54]47,44,1)([55]41,0,0)([56]37,31,5)([57]46,19,4)([58]26,27,6)([59]53,51,0)([60]49,54,3)([61]52,52,1)([62]39,53,3)([63]60,35,0)([64]41,10,6)([65]8,57,6)([66]33,5,3)([67]48,35,2)([68]32,22,6)([69]63,52,5)([70]32,12,4)([71]41,55,3)([72]57,55,1)([73]39,72,3)([74]47,49,5)([75]68,65,2)([76]1,74,1)([77]37,50,3)([78]12,69,2)([79]69,73,5)([80]22,51,6)([81]52,62,1)([82]12,26,3)([83]77,77,3)([84]1,76,1)([85]39,19,0)([86]14,3,0)(79)
evaluations: 5657279
first invidual area: 123.20
{7,1,80,1,2,1,8}([7]1,3,7)([8]3,6,6)([9]5,0,7)([10]3,1,6)([11]8,5,2)([12]11,4,7)([13]9,10,7)([14]2,5,3)([15]9,4,3)([16]12,13,7)([17]13,6,5)([18]15,3,5)([19]17,0,4)([20]14,9,2)([21]5,7,2)([22]3,16,4)([23]1,20,6)([24]19,6,2)([25]0,17,5)([26]7,14,6)([27]24,12,3)([28]11,4,1)([29]28,13,5)([30]24,0,5)([31]0,19,5)([32]7,6,1)([33]6,2,4)([34]33,7,4)([35]27,2,4)([36]34,13,0)([37]5,28,1)([38]3,35,3)([39]33,13,6)([40]22,20,5)([41]36,36,5)([42]2,15,2)([43]16,7,7)([44]1,29,7)([45]18,25,7)([46]42,44,5)([47]13,24,6)([48]18,34,6)([49]25,42,3)([50]42,47,1)([51]7,42,2)([52]5,26,2)([53]12,23,7)([54]21,53,3)([55]49,21,5)([56]31,53,4)([57]19,46,7)([58]45,35,6)([59]48,56,3)([60]58,4,7)([61]21,2,3)([62]24,54,7)([63]55,35,2)([64]42,54,6)([65]37,20,4)([66]51,3,7)([67]10,21,0)([68]36,39,3)([69]57,58,3)([70]62,19,7)([71]19,65,0)([72]59,68,5)([73]50,2,1)([74]22,44,7)([75]72,69,5)([76]5,1,6)([77]42,2,4)([78]63,28,5)([79]70,31,1)([80]52,25,5)([81]32,57,3)([82]6,71,1)([83]55,5,0)([84]60,62,7)([85]1,67,4)([86]41,73,4)(75)
optimized area: 114.77
time: 642149 ms
seed: 1634523542
{7,1,80,1,2,1,8}([7]2,6,6)([8]4,6,0)([9]5,8,4)([10]3,2,7)([11]8,7,4)([12]6,1,0)([13]3,7,5)([14]5,11,4)([15]7,2,3)([16]11,12,7)([17]10,12,7)([18]11,0,6)([19]15,0,7)([20]0,16,5)([21]1,3,3)([22]18,5,2)([23]20,5,7)([24]17,22,3)([25]21,9,2)([26]16,25,5)([27]12,16,2)([28]8,26,2)([29]14,21,7)([30]17,2,2)([31]6,8,1)([32]18,17,3)([33]14,2,6)([34]5,20,4)([35]15,28,6)([36]19,24,6)([37]12,17,1)([38]1,30,3)([39]28,14,6)([40]16,26,7)([41]11,14,5)([42]39,19,7)([43]24,18,2)([44]38,11,5)([45]22,38,1)([46]21,15,6)([47]11,30,1)([48]29,17,1)([49]11,20,7)([50]1,37,5)([51]3,2,2)([52]16,38,1)([53]26,50,7)([54]43,14,3)([55]50,36,5)([56]26,54,5)([57]25,47,3)([58]35,55,3)([59]9,47,0)([60]54,15,4)([61]27,18,7)([62]60,44,3)([63]42,59,6)([64]56,58,4)([65]42,44,2)([66]6,23,3)([67]48,4,3)([68]27,27,6)([69]65,1,6)([70]14,4,7)([71]64,69,6)([72]23,3,2)([73]9,43,3)([74]42,59,5)([75]24,67,2)([76]75,23,2)([77]16,4,0)([78]59,38,4)([79]39,18,4)([80]71,76,7)([81]35,62,1)([82]20,63,4)([83]31,82,3)([84]21,42,2)([85]84,83,5)([86]0,84,7)(80)
evaluations: 5651439
first invidual area: 121.78
{7,1,80,1,2,1,8}([7]2,6,6)([8]0,7,1)([9]5,4,4)([10]3,2,7)([11]7,4,4)([12]4,11,0)([13]3,4,0)([14]7,9,4)([15]7,2,3)([16]11,6,7)([17]10,6,7)([18]11,0,6)([19]15,0,7)([20]0,16,5)([21]13,1,3)([22]18,14,2)([23]5,20,7)([24]22,17,3)([25]16,21,2)([26]25,9,5)([27]19,24,6)([28]4,26,2)([29]1,10,5)([30]29,27,5)([31]19,22,4)([32]2,14,5)([33]3,28,6)([34]28,15,6)([35]28,5,7)([36]8,9,2)([37]8,17,5)([38]3,2,3)([39]28,14,6)([40]13,2,2)([41]12,32,0)([42]39,19,7)([43]37,42,2)([44]17,28,7)([45]36,27,6)([46]18,17,2)([47]33,27,6)([48]21,33,0)([49]48,14,4)([50]9,4,3)([51]0,47,5)([52]23,24,2)([53]31,32,6)([54]46,14,3)([55]54,26,5)([56]25,38,6)([57]45,33,5)([58]34,30,6)([59]16,29,7)([60]57,38,1)([61]57,21,5)([62]60,24,2)([63]60,9,6)([64]55,58,7)([65]38,50,2)([66]21,10,6)([67]45,43,7)([68]44,55,1)([69]43,1,6)([70]0,15,2)([71]4,49,3)([72]28,71,3)([73]9,17,7)([74]40,43,7)([75]69,64,3)([76]52,71,5)([77]8,30,5)([78]71,76,3)([79]54,62,2)([80]56,27,6)([81]33,28,5)([82]75,76,7)([83]67,15,3)([84]71,7,0)([85]41,79,4)([86]7,24,5)(82)
optimized area: 115.23
time: 657702 ms
seed: 1634622615
{7,1,80,1,2,1,8}([7]3,6,4)([8]0,4,5)([9]4,4,3)([10]7,5,4)([11]8,1,7)([12]0,1,3)([13]9,2,5)([14]1,13,6)([15]9,0,5)([16]8,5,2)([17]6,16,7)([18]16,10,4)([19]12,18,2)([20]19,11,6)([21]0,14,4)([22]7,20,6)([23]2,18,4)([24]20,2,3)([25]4,23,4)([26]24,19,2)([27]26,10,5)([28]10,21,7)([29]11,9,2)([30]8,4,5)([31]11,27,2)([32]3,13,4)([33]17,25,4)([34]11,0,5)([35]28,24,5)([36]35,33,4)([37]31,17,4)([38]0,5,6)([39]36,24,2)([40]17,0,3)([41]7,35,5)([42]26,32,4)([43]41,18,4)([44]39,5,0)([45]8,11,3)([46]34,21,7)([47]20,41,0)([48]30,41,6)([49]39,7,3)([50]30,24,6)([51]3,10,4)([52]46,19,6)([53]13,30,1)([54]42,44,4)([55]49,40,7)([56]44,7,5)([57]42,55,5)([58]57,50,7)([59]41,56,0)([60]43,49,7)([61]50,37,3)([62]47,14,3)([63]59,7,6)([64]2,11,0)([65]56,18,7)([66]16,5,7)([67]63,58,0)([68]57,35,6)([69]58,61,2)([70]11,22,5)([71]16,46,1)([72]36,55,4)([73]11,55,3)([74]51,51,6)([75]57,28,7)([76]67,73,5)([77]9,50,6)([78]31,41,3)([79]60,17,6)([80]26,19,1)([81]34,47,7)([82]79,69,6)([83]68,49,4)([84]54,72,1)([85]29,80,2)([86]48,30,3)(82)
evaluations: 25606165
first invidual area: 134.95
{7,1,80,1,2,1,8}([7]6,3,4)([8]4,0,5)([9]1,0,3)([10]7,5,4)([11]8,1,7)([12]10,7,3)([13]4,2,5)([14]13,1,6)([15]13,3,4)([16]5,8,2)([17]16,6,7)([18]16,10,4)([19]18,9,2)([20]19,11,6)([21]14,0,4)([22]4,8,5)([23]19,2,7)([24]20,2,3)([25]23,10,5)([26]17,0,3)([27]4,23,7)([28]21,10,7)([29]25,22,3)([30]19,27,4)([31]25,11,5)([32]5,16,5)([33]28,27,7)([34]28,24,5)([35]6,26,6)([36]17,33,4)([37]23,19,5)([38]17,1,6)([39]24,36,2)([40]33,27,7)([41]7,34,5)([42]37,15,7)([43]20,31,6)([44]21,14,1)([45]25,38,0)([46]28,12,6)([47]27,25,3)([48]17,31,7)([49]39,7,3)([50]24,22,3)([51]35,32,1)([52]47,38,7)([53]12,26,4)([54]22,28,3)([55]49,26,2)([56]4,0,5)([57]42,55,5)([58]57,50,5)([59]18,49,7)([60]59,41,4)([61]57,48,3)([62]22,61,5)([63]44,59,6)([64]53,33,6)([65]27,21,3)([66]27,32,1)([67]4,23,4)([68]12,27,3)([69]58,61,2)([70]15,40,2)([71]46,61,5)([72]52,29,2)([73]11,64,7)([74]32,4,2)([75]33,32,4)([76]56,43,1)([77]71,5,7)([78]10,49,6)([79]60,17,6)([80]52,66,7)([81]27,61,4)([82]79,69,6)([83]73,10,0)([84]37,49,4)([85]34,72,6)([86]21,2,2)(82)
optimized area: 128.84
time: 679880 ms
seed: 1635149634
{7,1,80,1,2,1,8}([7]6,3,5)([8]0,4,5)([9]1,8,4)([10]1,2,7)([11]3,2,1)([12]6,1,2)([13]3,0,1)([14]12,2,7)([15]3,6,7)([16]9,6,6)([17]0,1,3)([18]14,13,6)([19]18,4,7)([20]5,9,6)([21]4,16,7)([22]12,5,2)([23]14,16,6)([24]17,7,5)([25]24,4,7)([26]21,0,2)([27]15,11,1)([28]19,12,2)([29]3,26,6)([30]8,5,4)([31]25,29,4)([32]20,10,4)([33]28,32,3)([34]12,0,2)([35]28,25,4)([36]24,35,1)([37]19,31,5)([38]35,22,6)([39]25,6,7)([40]39,31,5)([41]8,37,2)([42]41,6,7)([43]40,10,7)([44]27,35,2)([45]16,37,3)([46]44,20,0)([47]42,19,7)([48]7,44,2)([49]11,43,5)([50]30,49,4)([51]5,44,7)([52]26,33,4)([53]50,42,2)([54]38,47,5)([55]12,51,7)([56]48,52,3)([57]32,54,4)([58]50,17,6)([59]15,55,2)([60]57,56,2)([61]30,12,4)([62]7,16,7)([63]60,61,4)([64]58,49,6)([65]24,18,4)([66]63,22,5)([67]6,24,3)([68]39,47,6)([69]68,29,3)([70]39,51,7)([71]34,4,2)([72]54,15,5)([73]36,19,3)([74]7,9,7)([75]63,0,2)([76]55,51,3)([77]63,53,3)([78]45,17,0)([79]38,48,0)([80]43,31,1)([81]54,72,6)([82]76,32,3)([83]78,4,1)([84]73,56,1)([85]4,5,5)([86]55,62,4)(77)
evaluations: 22196689
first invidual area: 153.21
{7,1,80,1,2,1,8}([7]3,6,5)([8]0,4,5)([9]8,1,4)([10]2,1,7)([11]3,9,1)([12]6,1,2)([13]9,5,3)([14]12,2,7)([15]3,6,3)([16]15,9,3)([17]1,0,3)([18]14,11,6)([19]4,18,7)([20]5,12,0)([21]8,16,7)([22]5,12,2)([23]12,20,4)([24]17,7,5)([25]24,4,7)([26]0,21,2)([27]8,0,1)([28]19,12,2)([29]2,3,6)([30]5,8,4)([31]25,29,4)([32]10,13,7)([33]32,28,6)([34]33,25,7)([35]28,25,4)([36]12,2,3)([37]19,31,5)([38]35,22,6)([39]26,33,7)([40]38,9,5)([41]8,37,5)([42]41,6,4)([43]40,10,7)([44]15,35,2)([45]43,11,5)([46]42,39,6)([47]42,19,7)([48]7,44,2)([49]10,2,1)([50]30,45,4)([51]47,38,5)([52]25,45,1)([53]50,42,2)([54]36,16,1)([55]51,32,5)([56]48,39,3)([57]27,23,4)([58]53,26,3)([59]8,20,7)([60]55,56,5)([61]30,12,4)([62]48,46,7)([63]60,61,7)([64]46,58,4)([65]34,57,4)([66]4,20,6)([67]26,53,0)([68]25,64,4)([69]2,54,6)([70]40,13,2)([71]17,33,7)([72]19,25,7)([73]12,11,0)([74]44,72,4)([75]7,54,2)([76]19,45,2)([77]53,63,3)([78]3,28,2)([79]34,6,2)([80]12,19,4)([81]24,23,2)([82]10,9,6)([83]57,79,5)([84]60,14,0)([85]8,52,1)([86]72,40,0)(77)
optimized area: 139.61
time: 649575 ms
seed: 1635198787
NOT FOUND
time: 532167 ms
seed: 1635366798
NOT FOUND
time: 1000090 ms
seed: 1635629544
NOT FOUND
time: 1078630 ms
seed: 1635677273
NOT FOUND
time: 1067802 ms
seed: 1635725191
{7,1,80,1,2,1,8}([7]6,5,2)([8]6,1,4)([9]3,7,5)([10]2,9,4)([11]0,5,7)([12]5,10,3)([13]5,6,6)([14]7,0,6)([15]14,7,3)([16]11,1,7)([17]5,5,5)([18]10,11,7)([19]13,18,7)([20]16,3,3)([21]15,3,4)([22]15,16,6)([23]16,19,3)([24]6,19,2)([25]3,10,6)([26]14,8,5)([27]4,24,7)([28]4,21,4)([29]11,12,1)([30]8,17,6)([31]9,2,4)([32]24,12,2)([33]12,26,6)([34]8,24,1)([35]23,30,2)([36]32,26,3)([37]27,18,7)([38]28,20,2)([39]38,13,6)([40]39,20,2)([41]36,27,7)([42]35,41,3)([43]32,20,7)([44]39,2,2)([45]9,27,5)([46]37,22,4)([47]27,31,2)([48]17,46,4)([49]27,26,0)([50]37,27,6)([51]42,20,7)([52]17,42,4)([53]23,45,2)([54]31,33,1)([55]25,14,5)([56]25,7,5)([57]43,40,6)([58]11,15,0)([59]57,53,5)([60]38,5,0)([61]33,28,6)([62]15,49,0)([63]51,48,6)([64]6,8,0)([65]7,29,4)([66]62,0,3)([67]57,44,4)([68]59,67,5)([69]43,67,6)([70]27,55,4)([71]21,28,3)([72]68,10,4)([73]55,16,7)([74]46,71,6)([75]65,73,3)([76]57,5,3)([77]63,75,7)([78]6,54,6)([79]16,17,4)([80]44,50,5)([81]72,77,3)([82]73,38,7)([83]71,62,6)([84]16,34,4)([85]84,38,0)([86]44,54,4)(81)
evaluations: 46026518
first invidual area: 164.45
{7,1,80,1,2,1,8}([7]6,5,2)([8]6,1,4)([9]3,7,5)([10]2,9,4)([11]0,5,7)([12]10,5,3)([13]5,6,6)([14]7,0,6)([15]7,14,3)([16]11,1,7)([17]5,7,1)([18]10,11,7)([19]13,18,6)([20]16,3,3)([21]15,3,4)([22]15,16,3)([23]16,19,3)([24]6,19,2)([25]3,12,3)([26]14,8,5)([27]4,24,7)([28]4,21,4)([29]11,23,1)([30]8,17,6)([31]27,19,0)([32]24,12,5)([33]24,8,7)([34]28,13,2)([35]23,30,2)([36]25,19,1)([37]31,18,4)([38]28,20,2)([39]38,13,6)([40]39,32,2)([41]26,31,7)([42]35,41,3)([43]32,20,4)([44]39,2,2)([45]31,22,1)([46]37,22,7)([47]6,42,2)([48]17,46,7)([49]18,13,4)([50]43,20,0)([51]42,20,7)([52]20,15,4)([53]23,45,2)([54]8,14,2)([55]22,42,4)([56]31,17,2)([57]43,40,6)([58]51,0,7)([59]57,53,5)([60]19,7,6)([61]0,47,4)([62]23,58,3)([63]51,48,6)([64]31,19,3)([65]7,29,4)([66]55,14,6)([67]57,44,3)([68]59,67,5)([69]54,61,0)([70]32,56,1)([71]33,16,0)([72]68,10,4)([73]25,16,7)([74]25,21,6)([75]65,73,3)([76]15,20,4)([77]63,75,7)([78]35,9,3)([79]44,46,1)([80]33,38,0)([81]72,77,3)([82]78,35,4)([83]23,37,3)([84]20,78,6)([85]40,79,2)([86]36,81,1)(81)
optimized area: 154.13
time: 1079596 ms
seed: 1635772357
NOT FOUND
time: 1062260 ms
seed: 1635819339
NOT FOUND
time: 1065368 ms
seed: 1635862417
NOT FOUND
time: 1078800 ms
seed: 1635904463
NOT FOUND
time: 1059090 ms
seed: 1635940687
{7,1,80,1,2,1,8}([7]0,5,4)([8]6,5,4)([9]6,5,7)([10]4,1,2)([11]4,2,4)([12]6,9,3)([13]12,3,7)([14]10,9,7)([15]11,8,7)([16]9,1,3)([17]2,13,7)([18]14,12,2)([19]0,18,5)([20]17,16,2)([21]2,13,6)([22]15,17,3)([23]0,18,7)([24]17,4,1)([25]3,7,3)([26]11,21,4)([27]20,6,2)([28]1,13,4)([29]17,13,5)([30]27,28,6)([31]26,19,2)([32]25,17,4)([33]23,22,7)([34]31,32,7)([35]11,23,5)([36]34,29,3)([37]30,31,7)([38]21,7,1)([39]7,17,3)([40]32,16,2)([41]24,35,0)([42]25,40,4)([43]6,36,3)([44]15,1,5)([45]40,33,6)([46]35,8,1)([47]31,14,7)([48]21,38,7)([49]34,8,3)([50]5,26,6)([51]18,12,0)([52]4,38,6)([53]10,16,0)([54]14,33,3)([55]44,42,5)([56]33,40,0)([57]55,46,6)([58]43,45,5)([59]55,11,0)([60]9,57,7)([61]41,6,7)([62]43,10,3)([63]48,18,0)([64]61,51,5)([65]27,21,2)([66]49,20,3)([67]37,66,2)([68]48,21,0)([69]58,7,0)([70]56,37,2)([71]11,55,6)([72]68,38,4)([73]10,63,0)([74]67,44,0)([75]25,53,6)([76]60,67,3)([77]61,31,5)([78]49,6,2)([79]68,65,3)([80]13,61,6)([81]69,17,1)([82]15,47,4)([83]59,47,6)([84]58,76,5)([85]41,78,6)([86]60,56,3)(84)
evaluations: 10177657
first invidual area: 141.02
{7,1,80,1,2,1,8}([7]1,4,5)([8]5,6,4)([9]8,0,1)([10]0,5,4)([11]2,4,4)([12]6,9,3)([13]3,12,7)([14]9,7,4)([15]11,8,7)([16]1,9,3)([17]2,13,7)([18]14,12,5)([19]13,1,4)([20]17,16,2)([21]13,2,6)([22]17,15,6)([23]21,19,0)([24]23,11,4)([25]10,3,3)([26]20,6,7)([27]14,0,5)([28]22,18,4)([29]15,1,5)([30]6,20,2)([31]24,27,5)([32]20,25,4)([33]28,0,4)([34]32,15,4)([35]34,33,5)([36]34,21,3)([37]6,36,3)([38]33,11,2)([39]30,19,3)([40]32,16,2)([41]39,31,7)([42]25,40,4)([43]37,16,0)([44]11,31,2)([45]40,33,6)([46]20,34,3)([47]35,1,2)([48]17,11,6)([49]6,46,1)([50]37,23,2)([51]26,21,6)([52]29,42,5)([53]39,24,1)([54]41,46,2)([55]11,22,4)([56]26,49,0)([57]38,52,3)([58]45,37,5)([59]10,29,0)([60]8,57,7)([61]54,10,6)([62]45,15,2)([63]41,56,6)([64]11,19,1)([65]25,46,6)([66]48,6,5)([67]53,35,1)([68]34,14,6)([69]19,43,0)([70]54,60,3)([71]19,43,5)([72]2,32,0)([73]8,23,6)([74]56,18,1)([75]47,71,7)([76]51,38,0)([77]56,43,0)([78]4,63,5)([79]1,61,0)([80]13,58,3)([81]41,67,7)([82]30,67,3)([83]39,62,5)([84]70,58,5)([85]27,73,4)([86]7,10,4)(84)
optimized area: 131.18
time: 1402570 ms
seed: 1635976892
{7,1,80,1,2,1,8}([7]4,2,7)([8]6,7,3)([9]4,1,7)([10]1,3,3)([11]5,0,7)([12]6,11,1)([13]8,1,5)([14]11,10,7)([15]9,1,6)([16]2,12,3)([17]0,2,4)([18]6,3,6)([19]0,9,5)([20]14,12,6)([21]13,2,2)([22]20,0,7)([23]19,3,5)([24]11,23,2)([25]13,16,6)([26]18,14,6)([27]20,7,7)([28]4,3,4)([29]18,19,4)([30]9,21,7)([31]3,19,7)([32]27,31,2)([33]21,30,3)([34]24,16,2)([35]7,22,4)([36]22,34,4)([37]33,26,7)([38]25,34,3)([39]9,12,0)([40]38,28,5)([41]17,18,6)([42]15,20,7)([43]30,11,5)([44]40,42,5)([45]22,25,5)([46]42,31,5)([47]42,32,2)([48]32,35,3)([49]8,41,0)([50]37,12,7)([51]8,30,3)([52]48,40,4)([53]36,47,3)([54]31,9,7)([55]52,50,2)([56]2,29,6)([57]52,45,7)([58]52,27,6)([59]32,28,0)([60]58,43,3)([61]45,28,7)([62]16,6,3)([63]41,56,7)([64]55,53,4)([65]8,18,0)([66]47,17,1)([67]3,17,2)([68]25,47,2)([69]22,12,4)([70]43,23,3)([71]4,61,7)([72]16,54,0)([73]4,6,1)([74]46,17,3)([75]45,63,0)([76]44,55,5)([77]25,31,1)([78]44,73,7)([79]28,45,3)([80]64,60,5)([81]47,74,3)([82]19,50,3)([83]56,78,2)([84]7,71,1)([85]29,16,7)([86]34,54,4)(80)
evaluations: 31180957
first invidual area: 134.46
{7,1,80,1,2,1,8}([7]2,4,7)([8]6,4,3)([9]4,1,7)([10]3,1,3)([11]0,5,7)([12]6,1,1)([13]1,8,5)([14]10,11,7)([15]1,9,6)([16]12,2,3)([17]9,0,5)([18]3,6,6)([19]16,13,6)([20]14,12,6)([21]13,2,2)([22]20,0,7)([23]3,17,5)([24]16,23,2)([25]9,6,0)([26]18,14,6)([27]20,7,7)([28]4,3,4)([29]11,25,1)([30]9,21,7)([31]3,9,4)([32]31,27,2)([33]2,7,6)([34]24,11,2)([35]7,22,4)([36]22,34,4)([37]26,12,7)([38]19,34,3)([39]21,30,3)([40]38,28,5)([41]39,12,6)([42]15,35,7)([43]30,11,5)([44]25,31,5)([45]39,22,0)([46]35,32,3)([47]42,32,2)([48]15,14,6)([49]18,0,4)([50]37,45,7)([51]1,23,6)([52]46,40,4)([53]36,47,6)([54]15,47,5)([55]52,50,5)([56]6,42,1)([57]23,7,5)([58]52,27,6)([59]36,34,3)([60]20,56,2)([61]60,20,0)([62]43,21,0)([63]30,12,2)([64]55,53,4)([65]55,42,1)([66]35,27,0)([67]51,1,0)([68]9,60,3)([69]54,68,1)([70]48,11,6)([71]1,7,1)([72]66,40,6)([73]18,72,6)([74]73,26,0)([75]71,42,0)([76]43,58,3)([77]49,14,4)([78]19,76,2)([79]16,41,0)([80]64,76,5)([81]2,15,5)([82]9,62,6)([83]14,56,3)([84]5,45,3)([85]42,70,7)([86]31,53,1)(80)
optimized area: 133.99
time: 1213263 ms
seed: 1636012848
{7,1,80,1,2,1,8}([7]3,2,7)([8]2,4,4)([9]7,0,5)([10]9,4,6)([11]3,4,7)([12]6,9,2)([13]5,12,4)([14]8,1,6)([15]2,5,7)([16]10,1,4)([17]16,15,5)([18]11,14,2)([19]0,6,4)([20]19,17,2)([21]12,7,4)([22]5,4,6)([23]9,14,1)([24]21,8,3)([25]13,3,1)([26]24,20,7)([27]8,2,6)([28]21,22,2)([29]24,25,7)([30]13,18,4)([31]17,9,7)([32]19,8,4)([33]13,13,5)([34]26,11,4)([35]0,23,1)([36]25,26,4)([37]28,31,4)([38]0,27,0)([39]27,27,2)([40]14,14,1)([41]14,36,7)([42]4,37,4)([43]3,16,4)([44]36,24,6)([45]19,37,4)([46]30,8,3)([47]30,33,3)([48]3,15,4)([49]44,26,1)([50]30,41,5)([51]9,36,1)([52]34,48,2)([53]41,42,5)([54]7,0,5)([55]41,13,4)([56]0,31,5)([57]20,28,7)([58]36,40,0)([59]50,10,4)([60]7,8,0)([61]35,38,5)([62]37,12,3)([63]29,57,2)([64]47,26,5)([65]37,41,2)([66]13,62,5)([67]29,46,1)([68]25,4,3)([69]45,67,3)([70]43,17,2)([71]21,0,1)([72]52,69,3)([73]70,72,3)([74]59,73,7)([75]50,31,5)([76]6,12,5)([77]11,11,7)([78]42,3,6)([79]17,54,5)([80]44,34,2)([81]63,13,7)([82]7,59,2)([83]57,68,7)([84]38,22,6)([85]50,29,1)([86]64,59,1)(74)
evaluations: 8474733
first invidual area: 137.32
{7,1,80,1,2,1,8}([7]2,3,7)([8]2,4,4)([9]7,0,5)([10]4,9,6)([11]2,5,7)([12]6,9,2)([13]5,12,4)([14]1,8,6)([15]12,7,4)([16]10,1,4)([17]16,11,5)([18]17,0,4)([19]16,3,4)([20]17,19,5)([21]17,10,5)([22]18,6,7)([23]17,22,5)([24]8,15,3)([25]12,4,6)([26]23,24,4)([27]7,8,7)([28]8,4,5)([29]25,13,4)([30]2,6,7)([31]27,26,7)([32]9,22,7)([33]10,15,5)([34]7,14,5)([35]27,23,5)([36]13,14,5)([37]26,36,4)([38]18,14,1)([39]16,19,2)([40]0,20,5)([41]34,13,7)([42]25,15,5)([43]34,23,6)([44]10,27,6)([45]28,31,2)([46]37,41,5)([47]20,2,3)([48]28,3,3)([49]44,19,5)([50]36,5,1)([51]45,11,1)([52]10,26,1)([53]42,32,7)([54]11,22,2)([55]13,24,7)([56]10,46,7)([57]9,8,0)([58]38,5,0)([59]58,30,2)([60]55,55,5)([61]25,0,5)([62]22,57,3)([63]38,17,1)([64]43,33,6)([65]31,2,6)([66]65,59,3)([67]49,4,4)([68]50,16,7)([69]53,20,5)([70]20,66,6)([71]2,10,0)([72]55,45,3)([73]69,72,6)([74]35,53,3)([75]56,73,7)([76]63,9,1)([77]22,61,7)([78]21,21,7)([79]42,21,5)([80]76,7,4)([81]59,0,0)([82]29,65,1)([83]71,71,6)([84]10,75,3)([85]41,61,1)([86]19,5,7)(75)
optimized area: 126.53
time: 1311513 ms
seed: 1636047513
{7,1,80,1,2,1,8}([7]6,5,7)([8]7,1,6)([9]1,0,4)([10]3,0,6)([11]8,4,6)([12]11,2,7)([13]1,10,3)([14]4,3,5)([15]3,1,4)([16]10,6,5)([17]16,12,2)([18]17,1,6)([19]18,14,7)([20]4,10,4)([21]11,3,3)([22]10,19,7)([23]6,0,0)([24]6,20,4)([25]2,17,3)([26]19,12,5)([27]10,9,3)([28]26,11,3)([29]5,17,4)([30]6,22,7)([31]26,0,2)([32]7,24,5)([33]0,29,7)([34]13,24,6)([35]22,4,2)([36]26,27,3)([37]33,34,7)([38]33,28,6)([39]2,26,4)([40]32,38,6)([41]20,7,7)([42]30,37,6)([43]29,12,4)([44]21,37,7)([45]11,6,1)([46]3,31,1)([47]44,39,6)([48]34,5,3)([49]8,3,3)([50]24,44,6)([51]15,25,7)([52]16,13,6)([53]20,29,6)([54]38,43,1)([55]50,2,1)([56]41,36,7)([57]10,8,1)([58]9,29,2)([59]42,51,2)([60]28,56,2)([61]6,5,6)([62]58,41,3)([63]28,33,4)([64]16,52,0)([65]59,40,4)([66]65,32,0)([67]7,17,7)([68]40,13,2)([69]53,11,6)([70]60,47,3)([71]70,58,7)([72]66,71,3)([73]39,22,3)([74]72,28,4)([75]64,43,1)([76]14,75,2)([77]52,0,0)([78]24,10,5)([79]58,27,5)([80]8,9,2)([81]1,39,5)([82]28,17,4)([83]52,4,1)([84]83,28,1)([85]18,82,1)([86]56,67,0)(72)
evaluations: 29113496
first invidual area: 145.73
{7,1,80,1,2,1,8}([7]5,6,7)([8]7,1,6)([9]3,4,5)([10]3,0,6)([11]8,4,6)([12]11,2,7)([13]10,1,3)([14]6,10,5)([15]1,3,7)([16]14,11,5)([17]12,14,2)([18]17,1,3)([19]18,9,4)([20]10,4,4)([21]12,19,2)([22]10,12,0)([23]21,13,0)([24]20,6,4)([25]13,24,6)([26]10,19,7)([27]2,17,3)([28]26,6,7)([29]17,5,4)([30]12,17,6)([31]2,21,6)([32]7,24,5)([33]0,29,4)([34]2,31,3)([35]27,15,4)([36]3,11,3)([37]25,33,4)([38]0,34,6)([39]16,3,3)([40]32,38,6)([41]7,20,7)([42]28,37,6)([43]6,22,3)([44]4,8,4)([45]1,3,7)([46]36,37,7)([47]31,46,6)([48]3,10,5)([49]39,1,4)([50]33,1,7)([51]6,15,4)([52]27,43,2)([53]27,44,5)([54]44,16,0)([55]0,30,3)([56]0,46,7)([57]3,3,1)([58]50,29,5)([59]42,35,5)([60]41,34,2)([61]19,47,3)([62]5,58,2)([63]28,48,4)([64]21,29,2)([65]59,40,7)([66]6,0,2)([67]26,44,4)([68]44,23,3)([69]45,40,5)([70]60,47,3)([71]70,58,4)([72]65,71,3)([73]40,16,3)([74]73,16,3)([75]40,7,0)([76]50,67,2)([77]52,40,5)([78]27,72,3)([79]24,15,6)([80]33,7,4)([81]52,67,5)([82]31,60,4)([83]43,36,5)([84]82,68,4)([85]32,61,3)([86]58,62,3)(72)
optimized area: 133.54
time: 1233860 ms
seed: 1636081352
{7,1,80,1,2,1,8}([7]0,1,7)([8]5,6,4)([9]2,4,4)([10]0,3,7)([11]4,2,2)([12]6,0,5)([13]2,8,3)([14]4,1,2)([15]2,9,6)([16]13,6,6)([17]7,16,4)([18]12,14,7)([19]4,1,7)([20]11,11,3)([21]0,20,6)([22]5,20,3)([23]8,20,7)([24]9,8,3)([25]23,15,6)([26]16,25,7)([27]17,2,0)([28]3,26,2)([29]21,26,4)([30]22,12,1)([31]5,21,3)([32]12,31,0)([33]18,28,4)([34]19,9,0)([35]7,28,7)([36]30,33,4)([37]13,19,0)([38]26,1,2)([39]33,21,3)([40]32,29,4)([41]37,1,6)([42]40,25,1)([43]28,31,2)([44]0,32,2)([45]38,42,2)([46]5,38,7)([47]30,39,5)([48]1,47,7)([49]3,24,4)([50]21,41,4)([51]10,35,6)([52]45,35,5)([53]1,43,6)([54]39,11,7)([55]1,13,3)([56]53,23,7)([57]15,47,6)([58]34,11,3)([59]45,47,3)([60]34,47,6)([61]33,26,7)([62]30,21,5)([63]50,22,7)([64]13,59,4)([65]60,23,3)([66]56,24,2)([67]56,51,3)([68]42,67,6)([69]37,32,1)([70]19,48,7)([71]29,61,1)([72]57,51,6)([73]63,72,5)([74]36,73,2)([75]58,30,7)([76]50,4,6)([77]73,3,5)([78]31,32,6)([79]71,56,0)([80]50,47,2)([81]48,6,4)([82]64,45,0)([83]26,40,5)([84]68,74,3)([85]44,32,7)([86]31,42,4)(84)
evaluations: 21841759
first invidual area: 127.90
{7,1,80,1,2,1,8}([7]0,3,7)([8]6,5,4)([9]4,3,0)([10]9,2,6)([11]2,9,2)([12]0,6,5)([13]2,8,3)([14]0,11,7)([15]0,1,4)([16]13,5,6)([17]14,14,4)([18]8,10,0)([19]4,16,2)([20]10,3,6)([21]0,11,6)([22]11,5,3)([23]11,18,7)([24]10,23,6)([25]20,22,5)([26]24,16,6)([27]8,25,6)([28]26,3,2)([29]13,1,3)([30]2,2,2)([31]1,9,5)([32]22,28,4)([33]21,29,7)([34]26,12,7)([35]18,15,5)([36]20,8,6)([37]11,13,3)([38]28,15,4)([39]35,22,2)([40]21,34,4)([41]34,3,5)([42]28,33,0)([43]42,35,2)([44]9,14,4)([45]31,12,7)([46]24,6,3)([47]19,26,6)([48]1,43,6)([49]20,47,5)([50]38,19,6)([51]7,38,6)([52]41,36,2)([53]32,45,4)([54]23,49,1)([55]46,18,6)([56]23,48,7)([57]53,25,0)([58]3,5,3)([59]13,36,3)([60]41,17,5)([61]40,3,6)([62]51,19,6)([63]33,22,7)([64]18,19,2)([65]54,33,5)([66]42,9,7)([67]25,4,1)([68]44,35,3)([69]15,22,1)([70]51,56,3)([71]66,70,6)([72]22,1,1)([73]63,62,5)([74]53,73,2)([75]70,40,6)([76]36,20,1)([77]2,16,3)([78]21,42,5)([79]51,0,0)([80]57,50,5)([81]74,7,6)([82]35,41,7)([83]56,58,6)([84]74,75,3)([85]22,57,6)([86]82,72,6)(84)
optimized area: 112.91
time: 1218430 ms
seed: 1636114361
{7,1,80,1,2,1,8}([7]3,1,7)([8]0,1,4)([9]6,1,1)([10]1,6,2)([11]10,6,3)([12]3,4,6)([13]2,5,0)([14]2,6,4)([15]5,11,4)([16]14,12,7)([17]1,11,4)([18]9,0,6)([19]16,7,4)([20]7,6,4)([21]18,5,5)([22]2,11,3)([23]18,17,3)([24]19,8,4)([25]22,20,4)([26]24,25,5)([27]17,20,5)([28]26,5,1)([29]4,27,4)([30]0,28,6)([31]29,12,6)([32]18,25,4)([33]18,21,7)([34]5,9,7)([35]32,1,6)([36]33,5,3)([37]26,1,3)([38]6,5,7)([39]15,29,0)([40]34,37,4)([41]14,18,0)([42]15,22,4)([43]39,12,4)([44]38,2,5)([45]23,8,6)([46]42,45,2)([47]1,18,0)([48]29,33,4)([49]39,2,6)([50]16,40,4)([51]28,35,3)([52]51,23,4)([53]7,50,0)([54]38,36,3)([55]38,19,6)([56]9,55,3)([57]11,30,7)([58]49,52,4)([59]11,24,7)([60]29,51,3)([61]46,48,4)([62]16,10,6)([63]40,60,5)([64]58,62,2)([65]4,15,7)([66]4,18,2)([67]18,29,3)([68]61,19,6)([69]16,58,2)([70]67,40,6)([71]69,57,2)([72]8,67,4)([73]7,15,7)([74]34,52,1)([75]63,71,7)([76]55,35,1)([77]57,49,3)([78]75,68,3)([79]1,70,6)([80]10,57,4)([81]39,14,3)([82]5,29,4)([83]49,66,3)([84]50,82,3)([85]59,50,2)([86]18,33,5)(78)
evaluations: 3905478
first invidual area: 155.58
{7,1,80,1,2,1,8}([7]1,3,7)([8]6,7,4)([9]6,5,7)([10]6,7,3)([11]7,2,2)([12]1,10,0)([13]4,3,3)([14]6,0,4)([15]2,6,4)([16]13,15,4)([17]6,12,1)([18]17,0,6)([19]7,16,4)([20]12,0,4)([21]3,8,5)([22]2,6,3)([23]14,19,1)([24]20,19,4)([25]8,22,4)([26]24,25,5)([27]22,12,1)([28]26,25,4)([29]25,18,4)([30]27,21,2)([31]17,5,7)([32]31,22,4)([33]18,31,5)([34]26,4,1)([35]29,12,6)([36]4,33,7)([37]26,1,6)([38]15,23,7)([39]31,2,3)([40]34,14,6)([41]27,18,2)([42]24,15,4)([43]42,39,4)([44]37,12,6)([45]36,21,4)([46]4,40,4)([47]31,37,7)([48]25,12,2)([49]32,40,2)([50]3,20,4)([51]34,35,3)([52]51,25,5)([53]33,14,2)([54]45,50,4)([55]40,37,6)([56]49,45,3)([57]52,1,2)([58]9,38,5)([59]52,26,4)([60]51,45,3)([61]37,60,5)([62]56,19,6)([63]60,47,5)([64]62,34,0)([65]4,34,1)([66]39,52,7)([67]25,54,1)([68]67,37,1)([69]16,66,2)([70]29,62,3)([71]69,55,5)([72]40,12,5)([73]6,39,3)([74]69,63,5)([75]63,71,4)([76]51,36,5)([77]16,70,2)([78]4,61,3)([79]78,63,6)([80]69,35,6)([81]8,65,6)([82]44,77,2)([83]68,70,2)([84]42,42,1)([85]62,75,3)([86]2,72,1)(85)
optimized area: 128.85
time: 1382618 ms
seed: 1636147104
NOT FOUND
time: 1068009 ms
seed: 1636179542
NOT FOUND
time: 1047515 ms
seed: 1636210181
{7,1,80,1,2,1,8}([7]4,2,4)([8]5,6,0)([9]3,1,7)([10]6,5,7)([11]9,5,6)([12]4,5,7)([13]2,3,5)([14]1,0,6)([15]1,0,2)([16]7,9,2)([17]15,15,6)([18]2,6,7)([19]4,15,7)([20]14,10,5)([21]17,0,0)([22]14,13,4)([23]22,12,2)([24]23,18,4)([25]9,24,7)([26]0,6,7)([27]16,5,4)([28]15,8,5)([29]25,18,5)([30]5,20,4)([31]29,21,3)([32]30,31,2)([33]2,14,4)([34]21,27,7)([35]23,32,5)([36]35,34,7)([37]23,28,4)([38]5,9,4)([39]5,7,2)([40]39,25,6)([41]30,16,5)([42]38,3,3)([43]42,2,6)([44]36,40,3)([45]37,26,7)([46]45,29,4)([47]37,31,0)([48]34,3,5)([49]20,48,4)([50]31,18,4)([51]28,22,2)([52]31,20,2)([53]32,6,3)([54]44,41,5)([55]49,42,4)([56]49,22,4)([57]31,54,7)([58]30,36,2)([59]12,49,3)([60]35,52,6)([61]29,43,2)([62]59,54,2)([63]16,45,3)([64]62,61,6)([65]46,10,3)([66]19,19,0)([67]45,11,7)([68]8,52,5)([69]5,51,6)([70]47,7,3)([71]19,1,7)([72]24,1,2)([73]24,33,6)([74]64,65,7)([75]16,59,5)([76]27,30,2)([77]57,67,4)([78]12,10,4)([79]61,52,4)([80]22,63,5)([81]77,79,2)([82]15,47,2)([83]43,14,2)([84]37,49,3)([85]58,11,5)([86]80,0,5)(74)
evaluations: 22472903
first invidual area: 143.85
{7,1,80,1,2,1,8}([7]4,2,4)([8]3,7,6)([9]1,3,7)([10]6,5,7)([11]5,9,4)([12]5,4,7)([13]11,10,4)([14]1,0,6)([15]1,0,5)([16]7,9,2)([17]6,2,7)([18]12,6,3)([19]2,3,5)([20]10,14,5)([21]15,3,3)([22]14,19,4)([23]12,22,2)([24]23,9,4)([25]17,24,7)([26]12,4,3)([27]15,5,4)([28]15,5,5)([29]25,24,5)([30]5,20,4)([31]21,30,2)([32]22,28,4)([33]23,31,2)([34]16,33,3)([35]25,32,4)([36]27,34,7)([37]28,23,7)([38]3,2,3)([39]1,7,2)([40]39,25,6)([41]31,16,5)([42]38,36,5)([43]38,11,6)([44]2,35,6)([45]29,0,7)([46]34,3,3)([47]16,38,4)([48]20,34,0)([49]48,42,5)([50]37,45,7)([51]36,40,3)([52]14,24,3)([53]50,31,4)([54]41,51,5)([55]49,48,5)([56]9,34,1)([57]17,11,7)([58]43,29,2)([59]12,49,3)([60]56,9,6)([61]50,10,3)([62]59,54,2)([63]36,58,0)([64]62,58,6)([65]17,11,2)([66]11,59,2)([67]61,34,3)([68]5,41,7)([69]40,31,7)([70]5,42,1)([71]47,1,5)([72]41,65,4)([73]36,30,5)([74]3,29,6)([75]43,53,6)([76]68,20,0)([77]61,64,7)([78]75,39,0)([79]27,49,4)([80]59,71,0)([81]38,11,0)([82]41,57,3)([83]14,13,5)([84]59,11,4)([85]12,60,3)([86]33,56,4)(77)
optimized area: 131.65
time: 1258163 ms
seed: 1636240121
NOT FOUND
time: 1066148 ms
seed: 1636259297
{7,1,80,1,2,1,8}([7]1,4,7)([8]6,0,3)([9]1,8,5)([10]5,4,5)([11]9,5,7)([12]10,0,7)([13]12,10,3)([14]4,11,5)([15]13,3,7)([16]14,12,3)([17]0,5,4)([18]9,3,6)([19]6,5,4)([20]2,15,4)([21]11,15,2)([22]19,10,2)([23]2,0,0)([24]18,19,5)([25]21,7,7)([26]19,14,6)([27]12,3,6)([28]0,1,4)([29]3,6,4)([30]9,13,6)([31]4,28,6)([32]26,25,7)([33]30,10,0)([34]16,22,0)([35]28,18,7)([36]18,21,0)([37]2,5,6)([38]25,8,5)([39]5,18,5)([40]32,10,7)([41]36,29,4)([42]12,14,4)([43]31,25,3)([44]3,39,1)([45]33,25,3)([46]43,40,1)([47]37,21,2)([48]36,5,0)([49]28,27,0)([50]7,41,7)([51]47,45,2)([52]38,24,7)([53]40,2,7)([54]50,43,2)([55]54,53,3)([56]30,47,2)([57]16,21,4)([58]55,39,2)([59]20,18,0)([60]26,18,5)([61]35,28,6)([62]25,22,6)([63]10,32,1)([64]19,10,7)([65]64,63,5)([66]19,46,7)([67]31,15,3)([68]52,64,6)([69]64,0,7)([70]17,51,3)([71]37,70,6)([72]70,58,4)([73]52,35,0)([74]72,68,3)([75]65,5,3)([76]7,61,1)([77]66,10,4)([78]5,35,4)([79]32,9,7)([80]19,70,4)([81]53,0,7)([82]42,7,7)([83]9,56,0)([84]14,20,3)([85]45,41,5)([86]42,32,2)(74)
evaluations: 37806870
first invidual area: 133.07
{7,1,80,1,2,1,8}([7]4,1,7)([8]6,0,3)([9]8,1,5)([10]5,4,5)([11]5,9,7)([12]0,3,1)([13]3,2,0)([14]11,4,5)([15]2,0,6)([16]12,3,0)([17]6,5,4)([18]9,3,6)([19]10,16,6)([20]19,3,4)([21]11,20,2)([22]12,5,7)([23]2,19,0)([24]10,23,4)([25]21,7,7)([26]14,17,3)([27]3,15,2)([28]14,10,4)([29]1,16,6)([30]4,3,2)([31]4,29,6)([32]27,7,2)([33]13,6,7)([34]24,25,4)([35]11,28,0)([36]2,28,1)([37]15,21,2)([38]26,22,0)([39]18,5,5)([40]3,8,4)([41]18,33,3)([42]8,25,5)([43]12,0,0)([44]16,12,2)([45]29,7,0)([46]8,18,6)([47]42,36,2)([48]31,25,3)([49]45,42,7)([50]7,41,4)([51]25,4,5)([52]42,39,2)([53]34,38,4)([54]50,48,2)([55]54,53,3)([56]49,19,3)([57]18,36,6)([58]55,39,5)([59]8,27,7)([60]45,57,1)([61]9,24,2)([62]27,32,1)([63]46,18,2)([64]17,10,7)([65]35,57,0)([66]51,42,7)([67]19,46,3)([68]64,52,6)([69]15,19,1)([70]22,37,3)([71]47,8,3)([72]70,58,7)([73]46,25,1)([74]26,58,3)([75]40,41,5)([76]15,10,1)([77]49,58,6)([78]46,71,7)([79]58,3,0)([80]38,74,7)([81]68,72,3)([82]44,26,2)([83]63,75,2)([84]27,72,1)([85]64,26,5)([86]81,3,7)(81)
optimized area: 113.37
time: 1112853 ms
seed: 1636275777
{7,1,80,1,2,1,8}([7]3,5,4)([8]5,7,5)([9]6,8,5)([10]1,0,7)([11]10,2,5)([12]3,11,4)([13]6,2,5)([14]13,1,3)([15]11,0,5)([16]6,8,2)([17]2,5,1)([18]12,1,5)([19]16,10,7)([20]0,6,4)([21]7,17,5)([22]9,8,2)([23]2,19,3)([24]4,23,7)([25]24,6,1)([26]17,23,7)([27]0,2,6)([28]9,1,2)([29]24,12,2)([30]15,25,2)([31]28,22,0)([32]0,15,0)([33]18,7,6)([34]25,33,6)([35]0,27,1)([36]1,32,6)([37]0,13,6)([38]29,5,7)([39]13,24,7)([40]30,38,3)([41]18,9,5)([42]16,38,4)([43]2,41,5)([44]3,34,0)([45]33,20,7)([46]33,45,2)([47]20,21,5)([48]30,31,5)([49]10,46,2)([50]22,43,7)([51]19,37,6)([52]20,26,4)([53]22,14,2)([54]42,28,1)([55]8,17,6)([56]52,40,5)([57]24,29,0)([58]14,32,3)([59]53,33,7)([60]58,19,3)([61]42,48,5)([62]50,56,7)([63]9,54,6)([64]52,1,7)([65]61,47,5)([66]33,40,2)([67]4,45,5)([68]39,28,3)([69]65,56,2)([70]50,40,6)([71]17,54,1)([72]46,36,1)([73]61,46,6)([74]67,68,5)([75]52,31,5)([76]62,74,6)([77]21,76,6)([78]75,34,7)([79]59,43,2)([80]54,33,4)([81]64,1,4)([82]11,37,4)([83]34,67,4)([84]51,39,0)([85]69,76,3)([86]20,44,1)(85)
evaluations: 38636068
first invidual area: 126.46
{7,1,80,1,2,1,8}([7]3,5,4)([8]5,7,5)([9]6,8,5)([10]0,1,7)([11]10,2,5)([12]11,3,4)([13]6,2,5)([14]12,6,1)([15]11,0,5)([16]9,8,5)([17]2,14,1)([18]12,1,5)([19]10,9,4)([20]0,6,4)([21]7,17,5)([22]2,6,6)([23]19,2,6)([24]23,4,4)([25]24,15,1)([26]1,20,4)([27]17,19,5)([28]9,1,2)([29]24,12,5)([30]15,25,2)([31]18,7,6)([32]29,1,6)([33]17,2,4)([34]16,28,5)([35]28,18,1)([36]9,18,5)([37]24,7,0)([38]29,5,4)([39]14,35,5)([40]30,38,3)([41]5,11,7)([42]9,38,7)([43]2,36,5)([44]32,18,4)([45]44,27,4)([46]43,16,4)([47]20,21,5)([48]25,28,5)([49]35,37,3)([50]20,31,7)([51]1,49,0)([52]20,27,7)([53]42,48,5)([54]48,15,0)([55]39,53,5)([56]52,40,5)([57]41,31,4)([58]10,17,1)([59]13,25,4)([60]57,26,7)([61]46,21,5)([62]56,46,7)([63]50,49,7)([64]23,18,6)([65]53,47,5)([66]62,56,6)([67]4,50,5)([68]59,28,3)([69]65,56,2)([70]2,41,6)([71]11,44,1)([72]0,39,4)([73]20,44,7)([74]67,68,5)([75]72,28,2)([76]62,74,6)([77]27,28,6)([78]9,44,1)([79]76,33,4)([80]66,54,2)([81]49,66,5)([82]34,10,5)([83]61,19,7)([84]8,22,0)([85]8,72,0)([86]69,76,3)(86)
optimized area: 120.36
time: 1144528 ms
seed: 1636292241
{7,1,80,1,2,1,8}([7]1,4,7)([8]7,7,2)([9]5,5,3)([10]9,0,7)([11]2,0,7)([12]10,2,3)([13]0,6,7)([14]1,11,2)([15]12,0,7)([16]4,13,7)([17]1,5,1)([18]16,11,7)([19]3,4,6)([20]8,15,3)([21]3,20,4)([22]16,13,3)([23]14,16,2)([24]2,20,7)([25]21,14,7)([26]5,7,4)([27]4,15,4)([28]24,22,4)([29]10,22,2)([30]6,20,5)([31]27,30,4)([32]18,26,2)([33]32,25,7)([34]0,6,0)([35]31,25,6)([36]25,29,5)([37]35,36,4)([38]37,13,4)([39]27,21,1)([40]33,35,3)([41]29,24,3)([42]28,33,2)([43]15,10,0)([44]41,0,3)([45]33,38,2)([46]29,29,1)([47]46,11,6)([48]36,40,4)([49]17,16,2)([50]42,10,4)([51]12,9,2)([52]14,12,3)([53]50,30,5)([54]43,20,7)([55]27,51,4)([56]9,53,0)([57]37,2,3)([58]49,45,2)([59]18,11,4)([60]58,10,3)([61]40,39,7)([62]52,14,7)([63]44,50,5)([64]63,23,6)([65]55,60,5)([66]38,65,4)([67]21,45,3)([68]40,52,4)([69]32,19,5)([70]6,8,1)([71]9,8,1)([72]48,31,1)([73]37,60,4)([74]12,42,4)([75]49,31,5)([76]38,23,4)([77]41,58,0)([78]7,22,4)([79]52,3,4)([80]28,55,4)([81]9,67,1)([82]64,11,1)([83]75,7,1)([84]0,56,1)([85]82,66,5)([86]68,16,7)(85)
evaluations: 27062197
first invidual area: 145.73
{7,1,80,1,2,1,8}([7]4,1,7)([8]2,5,0)([9]5,0,5)([10]0,5,7)([11]8,0,7)([12]10,8,6)([13]0,6,7)([14]11,1,2)([15]0,12,4)([16]4,13,7)([17]16,7,3)([18]4,4,6)([19]11,16,7)([20]7,15,3)([21]20,3,4)([22]16,13,3)([23]14,16,2)([24]20,2,7)([25]14,21,7)([26]7,5,4)([27]4,15,4)([28]22,24,4)([29]25,22,2)([30]20,6,5)([31]30,27,4)([32]19,26,5)([33]25,32,4)([34]22,16,4)([35]31,25,6)([36]10,29,2)([37]35,36,3)([38]13,37,4)([39]37,34,6)([40]9,7,3)([41]1,27,1)([42]28,33,5)([43]12,9,1)([44]24,37,3)([45]33,41,2)([46]44,0,3)([47]19,0,7)([48]1,19,2)([49]45,16,2)([50]10,42,7)([51]31,16,1)([52]2,44,7)([53]40,36,3)([54]52,13,3)([55]27,9,7)([56]38,19,0)([57]47,19,2)([58]3,57,1)([59]6,21,2)([60]10,49,3)([61]53,33,7)([62]31,47,7)([63]46,50,5)([64]63,23,3)([65]55,60,5)([66]38,65,7)([67]29,49,6)([68]56,52,4)([69]24,7,7)([70]17,53,6)([71]3,19,6)([72]26,30,1)([73]31,23,0)([74]21,21,2)([75]18,72,7)([76]20,5,0)([77]74,21,6)([78]14,5,0)([79]66,64,5)([80]38,76,4)([81]62,40,0)([82]38,7,4)([83]62,59,0)([84]14,35,4)([85]19,76,1)([86]61,55,1)(79)
optimized area: 138.70
time: 1283098 ms
seed: 1636308685
{7,1,80,1,2,1,8}([7]2,4,3)([8]1,0,4)([9]0,3,3)([10]6,3,7)([11]8,5,4)([12]11,0,4)([13]2,6,2)([14]11,13,5)([15]9,6,4)([16]4,2,4)([17]2,3,4)([18]16,17,5)([19]10,7,7)([20]15,16,5)([21]4,19,7)([22]11,3,7)([23]8,17,4)([24]14,16,4)([25]20,17,2)([26]15,14,2)([27]19,22,3)([28]11,14,5)([29]21,16,5)([30]2,27,4)([31]21,14,6)([32]7,1,2)([33]0,30,5)([34]25,31,3)([35]26,25,4)([36]26,12,5)([37]28,5,5)([38]33,29,1)([39]10,12,0)([40]24,11,7)([41]25,33,3)([42]33,11,1)([43]13,36,4)([44]11,36,6)([45]5,6,7)([46]26,16,1)([47]21,44,5)([48]43,41,1)([49]33,28,1)([50]9,30,0)([51]40,1,2)([52]51,45,3)([53]17,38,0)([54]29,23,4)([55]52,36,1)([56]29,35,3)([57]41,54,7)([58]6,56,7)([59]55,38,2)([60]45,34,5)([61]0,38,5)([62]21,48,5)([63]39,58,4)([64]54,59,6)([65]42,42,1)([66]57,59,6)([67]55,60,7)([68]6,31,4)([69]60,32,3)([70]36,56,2)([71]8,28,6)([72]67,47,2)([73]57,36,7)([74]21,28,1)([75]71,17,2)([76]21,74,2)([77]36,70,4)([78]72,57,4)([79]45,46,1)([80]69,78,5)([81]18,12,6)([82]11,35,0)([83]44,51,0)([84]18,14,1)([85]36,20,7)([86]83,4,5)(80)
evaluations: 46685537
first invidual area: 140.57
{7,1,80,1,2,1,8}([7]4,2,3)([8]1,0,4)([9]0,3,3)([10]3,6,4)([11]5,8,4)([12]0,9,0)([13]2,6,2)([14]11,13,5)([15]9,6,4)([16]4,2,4)([17]2,3,4)([18]9,7,3)([19]10,7,4)([20]15,16,5)([21]4,19,7)([22]11,3,7)([23]8,17,7)([24]14,16,7)([25]17,20,2)([26]18,25,0)([27]19,22,3)([28]8,12,3)([29]16,21,5)([30]2,27,4)([31]21,14,6)([32]24,1,2)([33]12,30,5)([34]25,31,3)([35]26,29,6)([36]3,6,4)([37]30,8,0)([38]31,27,0)([39]6,31,3)([40]24,11,4)([41]33,25,6)([42]15,21,5)([43]10,4,4)([44]42,35,1)([45]5,6,7)([46]30,11,4)([47]7,43,6)([48]1,27,0)([49]8,44,5)([50]40,12,2)([51]40,48,2)([52]51,45,6)([53]49,3,5)([54]29,23,7)([55]2,6,1)([56]50,18,5)([57]41,54,4)([58]28,47,6)([59]19,56,0)([60]45,34,5)([61]52,19,1)([62]1,51,5)([63]30,37,5)([64]7,31,3)([65]55,38,2)([66]24,36,3)([67]61,60,5)([68]64,39,0)([69]60,32,3)([70]23,63,6)([71]27,62,3)([72]67,49,5)([73]8,37,5)([74]48,4,4)([75]29,46,0)([76]58,60,3)([77]23,76,1)([78]72,57,7)([79]31,25,5)([80]71,51,7)([81]63,19,4)([82]13,61,6)([83]41,25,2)([84]4,67,2)([85]78,69,5)([86]67,65,5)(85)
optimized area: 129.31
time: 1073538 ms
seed: 1636324881
NOT FOUND
time: 1080330 ms
