seed: 1633873980
NOT FOUND
time: 529303 ms
seed: 1634011669
{7,1,80,1,2,1,8}([7]1,2,2)([8]3,7,3)([9]8,0,5)([10]0,4,5)([11]0,5,3)([12]1,5,7)([13]2,6,7)([14]13,11,4)([15]14,8,7)([16]10,14,2)([17]6,2,6)([18]2,12,4)([19]0,10,2)([20]6,12,5)([21]4,14,5)([22]0,20,7)([23]11,2,7)([24]5,15,6)([25]16,22,7)([26]6,21,5)([27]15,0,7)([28]9,5,4)([29]27,2,2)([30]6,27,3)([31]19,12,4)([32]28,4,2)([33]0,15,6)([34]3,18,7)([35]23,32,5)([36]34,1,5)([37]34,15,3)([38]13,34,2)([39]21,35,2)([40]37,39,4)([41]23,27,6)([42]31,36,3)([43]32,17,4)([44]26,34,1)([45]6,29,0)([46]26,40,7)([47]18,33,2)([48]42,40,4)([49]41,46,6)([50]38,29,6)([51]47,19,4)([52]33,48,7)([53]42,42,1)([54]0,50,4)([55]23,40,0)([56]5,3,6)([57]26,30,3)([58]51,31,5)([59]3,58,1)([60]41,52,2)([61]51,29,3)([62]50,52,5)([63]58,38,7)([64]44,5,0)([65]58,20,5)([66]65,25,3)([67]24,47,2)([68]56,2,1)([69]51,43,3)([70]66,69,7)([71]42,18,3)([72]14,33,3)([73]18,52,4)([74]65,45,6)([75]6,1,6)([76]62,70,2)([77]50,0,5)([78]30,69,0)([79]65,40,2)([80]21,12,2)([81]55,40,3)([82]58,30,2)([83]37,80,5)([84]75,4,6)([85]10,69,0)([86]27,20,1)(76)
evaluations: 33649873
first invidual area: 143.37
{7,1,80,1,2,1,8}([7]1,2,2)([8]7,3,3)([9]5,5,0)([10]4,0,5)([11]5,0,6)([12]1,5,7)([13]6,2,7)([14]11,13,7)([15]8,14,7)([16]10,15,5)([17]14,10,5)([18]2,12,4)([19]0,10,2)([20]6,12,5)([21]4,14,5)([22]6,2,3)([23]15,0,2)([24]9,11,2)([25]0,8,5)([26]17,3,7)([27]11,21,3)([28]25,9,4)([29]2,23,2)([30]29,25,2)([31]19,12,4)([32]4,28,2)([33]0,15,6)([34]3,18,7)([35]6,32,5)([36]34,1,5)([37]34,15,6)([38]13,34,2)([39]21,35,5)([40]37,39,4)([41]17,0,4)([42]36,31,6)([43]38,15,4)([44]23,4,1)([45]44,15,0)([46]22,32,7)([47]18,33,2)([48]33,40,7)([49]48,42,7)([50]38,29,6)([51]47,19,3)([52]37,38,4)([53]41,13,3)([54]34,24,6)([55]0,34,0)([56]18,36,6)([57]37,36,6)([58]51,31,5)([59]1,34,4)([60]31,1,2)([61]41,51,3)([62]50,49,5)([63]49,31,7)([64]51,32,6)([65]58,20,5)([66]65,41,3)([67]20,15,6)([68]15,50,3)([69]51,46,3)([70]66,69,7)([71]34,63,6)([72]26,11,5)([73]26,72,6)([74]18,64,0)([75]7,28,0)([76]70,61,5)([77]62,70,2)([78]52,71,3)([79]43,14,1)([80]64,62,5)([81]4,19,3)([82]38,26,0)([83]44,26,4)([84]62,35,3)([85]51,83,4)([86]56,41,1)(77)
optimized area: 128.35
time: 584906 ms
seed: 1634060435
NOT FOUND
time: 525269 ms
seed: 1634174744
NOT FOUND
time: 525297 ms
seed: 1634221952
NOT FOUND
time: 529942 ms
seed: 1634319003
NOT FOUND
time: 528641 ms
seed: 1634359563
NOT FOUND
time: 526276 ms
seed: 1634408493
NOT FOUND
time: 530976 ms
seed: 1634457531
{7,1,80,1,2,1,8}([7]4,1,3)([8]7,0,4)([9]2,2,0)([10]4,8,5)([11]8,3,3)([12]1,8,6)([13]6,5,4)([14]11,9,7)([15]7,6,2)([16]14,12,1)([17]15,5,5)([18]17,4,2)([19]9,13,3)([20]11,5,4)([21]10,19,4)([22]14,21,3)([23]20,2,7)([24]18,21,3)([25]18,1,5)([26]2,12,5)([27]25,3,7)([28]24,22,2)([29]28,15,7)([30]0,22,3)([31]5,21,2)([32]23,7,7)([33]4,32,7)([34]27,19,0)([35]11,31,5)([36]12,18,1)([37]33,13,1)([38]35,4,3)([39]23,30,5)([40]16,15,3)([41]10,4,1)([42]34,29,5)([43]19,34,1)([44]42,40,7)([45]8,11,4)([46]11,44,2)([47]6,9,4)([48]1,47,3)([49]37,47,1)([50]39,37,5)([51]1,3,3)([52]50,47,4)([53]9,45,1)([54]10,16,1)([55]54,25,7)([56]40,16,6)([57]14,51,4)([58]9,49,4)([59]14,9,6)([60]39,42,7)([61]14,55,0)([62]26,24,7)([63]48,6,5)([64]54,26,4)([65]57,28,7)([66]52,62,3)([67]9,14,1)([68]63,65,3)([69]65,12,2)([70]0,15,1)([71]3,51,0)([72]68,0,3)([73]12,61,1)([74]60,66,5)([75]25,70,6)([76]65,70,5)([77]64,45,6)([78]35,2,6)([79]10,22,2)([80]27,2,3)([81]58,16,6)([82]62,35,5)([83]65,78,5)([84]78,20,1)([85]55,2,2)([86]72,74,2)(86)
evaluations: 28773971
first invidual area: 130.71
{7,1,80,1,2,1,8}([7]1,4,3)([8]0,7,4)([9]7,6,5)([10]6,5,5)([11]3,8,6)([12]3,6,3)([13]12,4,3)([14]11,2,4)([15]5,6,4)([16]8,4,5)([17]5,14,4)([18]4,10,2)([19]2,15,6)([20]12,1,7)([21]19,16,7)([22]14,21,3)([23]18,14,3)([24]21,18,3)([25]1,18,5)([26]12,14,2)([27]3,25,7)([28]24,22,5)([29]9,28,7)([30]22,0,3)([31]25,10,7)([32]2,6,4)([33]23,11,1)([34]1,3,6)([35]2,6,2)([36]32,35,7)([37]22,32,6)([38]10,0,6)([39]17,30,5)([40]30,4,4)([41]7,40,5)([42]29,27,5)([43]1,28,3)([44]37,28,1)([45]34,14,4)([46]1,8,6)([47]20,27,4)([48]36,37,2)([49]33,45,5)([50]41,39,5)([51]42,48,7)([52]50,32,4)([53]30,26,2)([54]19,24,7)([55]26,31,0)([56]45,46,5)([57]21,31,7)([58]50,12,7)([59]50,7,1)([60]39,42,7)([61]33,9,0)([62]56,24,7)([63]6,43,5)([64]53,38,2)([65]45,24,4)([66]52,62,3)([67]8,66,0)([68]65,0,3)([69]35,9,5)([70]54,63,3)([71]4,9,7)([72]68,63,3)([73]69,53,4)([74]60,66,5)([75]65,34,4)([76]53,50,3)([77]75,20,1)([78]76,2,0)([79]74,72,2)([80]69,61,0)([81]33,58,1)([82]7,72,0)([83]51,66,1)([84]60,36,4)([85]1,29,0)([86]9,79,5)(79)
optimized area: 120.86
time: 604171 ms
seed: 1634517675
NOT FOUND
time: 522250 ms
seed: 1634616833
{7,1,80,1,2,1,8}([7]3,6,4)([8]4,6,7)([9]0,8,4)([10]5,9,4)([11]9,10,6)([12]7,9,4)([13]5,0,2)([14]1,3,6)([15]6,2,4)([16]15,9,5)([17]5,16,4)([18]12,8,5)([19]7,1,6)([20]14,16,7)([21]17,13,7)([22]21,6,4)([23]7,13,7)([24]15,1,4)([25]1,10,6)([26]22,25,6)([27]18,20,2)([28]18,23,2)([29]28,2,3)([30]21,5,5)([31]26,28,4)([32]26,2,6)([33]5,29,2)([34]9,27,4)([35]4,1,4)([36]22,25,6)([37]29,19,4)([38]24,8,4)([39]17,18,5)([40]23,38,6)([41]8,16,3)([42]0,3,7)([43]38,22,1)([44]33,4,1)([45]29,28,6)([46]14,17,7)([47]44,3,0)([48]17,1,7)([49]27,37,6)([50]31,30,3)([51]37,31,4)([52]37,35,1)([53]25,17,4)([54]17,19,7)([55]36,29,4)([56]49,32,3)([57]33,37,7)([58]48,40,2)([59]6,34,5)([60]58,28,1)([61]60,59,5)([62]38,5,0)([63]60,31,0)([64]50,30,2)([65]25,40,5)([66]51,61,5)([67]9,16,0)([68]17,19,6)([69]24,2,5)([70]49,17,3)([71]18,57,5)([72]54,13,7)([73]56,65,2)([74]64,73,4)([75]32,57,2)([76]42,15,3)([77]2,37,4)([78]10,10,0)([79]20,39,3)([80]27,10,0)([81]50,52,5)([82]69,54,0)([83]74,66,2)([84]68,10,1)([85]25,5,4)([86]41,0,4)(83)
evaluations: 15229234
first invidual area: 143.38
{7,1,80,1,2,1,8}([7]6,3,4)([8]6,4,7)([9]0,8,4)([10]2,6,4)([11]9,7,4)([12]3,1,6)([13]5,0,2)([14]5,12,4)([15]5,9,4)([16]9,10,5)([17]16,5,4)([18]11,8,5)([19]17,4,1)([20]16,12,7)([21]13,17,7)([22]6,21,4)([23]7,13,7)([24]16,3,5)([25]15,1,6)([26]25,22,6)([27]26,2,6)([28]23,18,2)([29]28,2,6)([30]8,24,4)([31]1,7,3)([32]3,20,5)([33]3,0,2)([34]11,16,5)([35]15,5,2)([36]20,18,5)([37]29,31,4)([38]21,5,5)([39]5,22,3)([40]23,30,6)([41]1,25,5)([42]37,20,6)([43]28,26,6)([44]32,10,2)([45]40,17,0)([46]21,16,5)([47]43,37,7)([48]9,36,7)([49]1,17,7)([50]38,42,3)([51]25,17,2)([52]15,14,2)([53]15,52,4)([54]7,42,2)([55]17,28,0)([56]35,9,7)([57]40,20,2)([58]49,45,5)([59]6,48,5)([60]8,32,6)([61]59,58,5)([62]24,48,1)([63]36,39,7)([64]61,47,5)([65]25,40,5)([66]28,1,0)([67]27,42,3)([68]20,29,0)([69]65,37,5)([70]3,52,0)([71]5,14,2)([72]23,26,2)([73]67,65,5)([74]38,73,7)([75]63,61,2)([76]39,16,4)([77]40,59,0)([78]29,44,5)([79]13,28,3)([80]7,13,5)([81]74,64,2)([82]54,23,5)([83]10,50,7)([84]24,80,7)([85]51,4,6)([86]58,68,7)(81)
optimized area: 130.72
time: 673558 ms
seed: 1635143874
NOT FOUND
time: 524087 ms
seed: 1635193042
{7,1,80,1,2,1,8}([7]1,4,3)([8]3,4,2)([9]5,2,4)([10]6,2,2)([11]6,5,0)([12]9,0,4)([13]4,12,5)([14]6,4,7)([15]13,9,1)([16]15,5,3)([17]8,5,4)([18]4,0,6)([19]9,0,0)([20]7,16,7)([21]16,10,4)([22]14,1,7)([23]22,5,2)([24]23,9,1)([25]23,19,3)([26]1,18,4)([27]20,19,5)([28]21,18,6)([29]2,8,2)([30]25,6,4)([31]15,1,2)([32]27,26,4)([33]24,3,5)([34]17,9,6)([35]27,20,4)([36]17,5,3)([37]8,3,1)([38]32,19,0)([39]0,33,5)([40]11,14,1)([41]38,28,5)([42]12,31,7)([43]7,19,4)([44]3,34,7)([45]36,18,7)([46]43,39,7)([47]29,13,7)([48]47,27,5)([49]12,25,6)([50]30,37,4)([51]38,12,5)([52]34,46,5)([53]50,28,1)([54]50,10,3)([55]8,41,2)([56]49,35,7)([57]41,45,4)([58]27,53,0)([59]31,10,2)([60]57,24,0)([61]45,29,2)([62]48,44,7)([63]62,38,2)([64]46,57,5)([65]38,62,1)([66]62,49,1)([67]20,63,4)([68]43,57,1)([69]11,67,2)([70]13,22,6)([71]66,45,1)([72]59,17,6)([73]62,13,2)([74]42,67,0)([75]41,42,1)([76]10,30,5)([77]54,44,5)([78]47,35,7)([79]20,4,6)([80]36,13,3)([81]69,77,4)([82]36,10,0)([83]38,45,3)([84]35,13,6)([85]81,64,2)([86]11,36,7)(85)
evaluations: 38311723
first invidual area: 148.06
{7,1,80,1,2,1,8}([7]4,1,3)([8]3,4,2)([9]5,2,4)([10]6,2,5)([11]8,5,6)([12]0,9,4)([13]12,4,5)([14]4,1,4)([15]13,12,1)([16]5,15,3)([17]2,8,4)([18]4,0,6)([19]10,16,4)([20]7,16,7)([21]10,6,5)([22]14,6,3)([23]22,5,2)([24]12,15,6)([25]23,9,6)([26]1,18,7)([27]20,9,5)([28]6,25,7)([29]2,8,5)([30]23,8,1)([31]1,22,1)([32]27,26,7)([33]30,3,5)([34]12,19,3)([35]12,0,0)([36]13,3,0)([37]23,7,0)([38]9,17,6)([39]33,0,5)([40]27,37,4)([41]32,19,5)([42]36,0,7)([43]7,9,4)([44]3,38,7)([45]11,18,6)([46]43,39,7)([47]29,36,4)([48]47,14,5)([49]28,43,1)([50]28,29,5)([51]27,45,5)([52]12,6,3)([53]34,9,6)([54]1,4,1)([55]25,39,6)([56]52,22,5)([57]41,45,7)([58]37,57,5)([59]12,20,3)([60]34,19,1)([61]2,56,0)([62]48,44,7)([63]32,62,5)([64]58,55,4)([65]62,58,2)([66]22,50,3)([67]20,63,7)([68]42,20,5)([69]6,67,5)([70]19,16,3)([71]26,47,0)([72]57,51,0)([73]44,31,1)([74]11,11,4)([75]29,33,2)([76]40,60,0)([77]50,44,5)([78]2,18,7)([79]2,72,3)([80]57,46,5)([81]69,77,7)([82]24,49,7)([83]51,71,1)([84]69,31,7)([85]81,80,2)([86]32,16,0)(85)
optimized area: 132.58
time: 565437 ms
seed: 1635349256
NOT FOUND
time: 1005273 ms
seed: 1635623976
{7,1,80,1,2,1,8}([7]1,6,0)([8]2,0,4)([9]1,6,2)([10]7,4,4)([11]3,1,3)([12]8,3,2)([13]12,5,7)([14]13,9,3)([15]1,12,1)([16]0,12,1)([17]13,10,5)([18]3,17,7)([19]18,14,2)([20]8,6,5)([21]20,18,6)([22]11,4,2)([23]22,2,5)([24]19,23,7)([25]6,4,7)([26]18,19,1)([27]25,23,1)([28]15,16,4)([29]13,14,5)([30]7,17,4)([31]23,2,5)([32]8,26,2)([33]18,12,5)([34]21,32,4)([35]18,5,3)([36]23,4,5)([37]1,27,6)([38]0,23,5)([39]38,34,6)([40]14,2,2)([41]5,15,1)([42]25,2,2)([43]25,14,1)([44]35,42,7)([45]11,5,5)([46]28,18,5)([47]1,40,3)([48]47,18,5)([49]44,20,5)([50]8,24,7)([51]38,32,1)([52]22,6,5)([53]24,45,4)([54]48,12,3)([55]24,0,0)([56]50,52,5)([57]35,4,1)([58]5,28,7)([59]56,39,7)([60]27,51,4)([61]57,49,2)([62]36,53,5)([63]28,11,1)([64]49,56,5)([65]5,33,4)([66]59,37,4)([67]23,9,3)([68]62,61,6)([69]64,24,3)([70]48,68,2)([71]12,2,1)([72]66,70,5)([73]0,25,3)([74]68,72,4)([75]39,47,3)([76]37,62,2)([77]42,69,4)([78]42,35,1)([79]66,64,7)([80]73,5,6)([81]47,44,4)([82]64,72,7)([83]31,52,2)([84]16,30,1)([85]47,82,5)([86]79,73,4)(82)
evaluations: 29391563
first invidual area: 129.26
{7,1,80,1,2,1,8}([7]1,4,4)([8]2,0,4)([9]1,6,2)([10]3,8,5)([11]3,1,3)([12]2,6,3)([13]5,10,4)([14]7,13,5)([15]3,7,0)([16]8,6,5)([17]9,13,3)([18]3,14,7)([19]17,18,2)([20]2,9,5)([21]11,5,5)([22]11,4,2)([23]22,2,5)([24]19,23,7)([25]6,4,7)([26]24,13,0)([27]25,11,1)([28]13,27,1)([29]23,4,5)([30]26,21,4)([31]2,29,0)([32]20,6,2)([33]0,23,5)([34]12,19,7)([35]18,5,3)([36]34,18,5)([37]27,1,6)([38]35,34,4)([39]33,34,3)([40]35,17,1)([41]39,2,0)([42]31,25,5)([43]22,6,5)([44]35,42,4)([45]42,40,6)([46]8,26,7)([47]29,36,5)([48]2,25,1)([49]16,44,5)([50]23,35,0)([51]3,38,3)([52]43,27,2)([53]29,51,2)([54]49,51,0)([55]35,27,1)([56]46,43,5)([57]35,2,6)([58]33,26,4)([59]56,39,4)([60]6,37,6)([61]40,54,2)([62]53,19,0)([63]0,18,1)([64]49,56,5)([65]50,49,1)([66]59,37,4)([67]57,14,2)([68]47,61,6)([69]6,9,6)([70]68,30,2)([71]70,66,5)([72]12,37,2)([73]17,2,2)([74]32,39,5)([75]21,11,1)([76]60,22,1)([77]34,54,5)([78]56,6,0)([79]35,38,0)([80]26,16,7)([81]38,29,6)([82]64,71,7)([83]78,13,7)([84]79,66,0)([85]61,26,1)([86]53,12,7)(82)
optimized area: 119.90
time: 1214271 ms
seed: 1635671648
NOT FOUND
time: 1075099 ms
seed: 1635719455
{7,1,80,1,2,1,8}([7]5,2,4)([8]3,6,7)([9]8,2,1)([10]9,1,3)([11]6,4,7)([12]6,7,7)([13]1,4,4)([14]5,0,3)([15]11,13,0)([16]14,10,4)([17]16,3,3)([18]17,13,2)([19]12,2,2)([20]5,13,6)([21]10,6,2)([22]21,0,4)([23]5,0,7)([24]6,1,5)([25]7,11,3)([26]20,22,3)([27]3,15,5)([28]3,24,6)([29]23,5,2)([30]16,25,4)([31]2,10,4)([32]26,18,7)([33]7,9,3)([34]13,8,3)([35]15,5,1)([36]30,35,7)([37]25,7,3)([38]4,20,7)([39]3,23,3)([40]28,31,6)([41]31,34,5)([42]15,3,6)([43]11,16,2)([44]18,4,3)([45]36,3,6)([46]8,31,5)([47]0,36,1)([48]20,4,6)([49]39,37,2)([50]38,0,3)([51]26,12,3)([52]16,30,5)([53]37,33,6)([54]11,32,2)([55]30,50,2)([56]5,29,0)([57]33,6,2)([58]5,27,2)([59]32,54,3)([60]41,49,4)([61]40,55,5)([62]25,28,0)([63]18,4,1)([64]44,32,2)([65]62,41,3)([66]19,64,7)([67]1,43,4)([68]27,66,5)([69]17,15,4)([70]49,67,1)([71]49,65,3)([72]13,28,3)([73]3,30,5)([74]51,53,3)([75]7,22,4)([76]33,15,6)([77]60,10,1)([78]76,43,0)([79]64,62,5)([80]61,74,5)([81]60,68,6)([82]14,13,1)([83]63,11,4)([84]81,80,3)([85]51,9,4)([86]82,35,7)(84)
evaluations: 11844005
first invidual area: 136.78
{7,1,80,1,2,1,8}([7]2,5,4)([8]3,6,7)([9]8,5,1)([10]1,9,3)([11]4,6,7)([12]7,6,7)([13]1,4,4)([14]5,0,3)([15]0,5,7)([16]14,10,5)([17]3,16,3)([18]5,13,6)([19]12,2,2)([20]6,1,5)([21]10,6,5)([22]21,0,7)([23]13,8,3)([24]1,17,1)([25]7,11,3)([26]15,3,3)([27]3,11,5)([28]17,20,6)([29]13,9,0)([30]16,25,4)([31]10,2,4)([32]0,19,3)([33]16,22,2)([34]17,22,7)([35]34,23,0)([36]31,28,6)([37]36,32,2)([38]28,29,3)([39]0,9,5)([40]2,29,5)([41]0,34,3)([42]37,41,1)([43]17,28,3)([44]23,30,5)([45]23,19,2)([46]30,37,5)([47]8,27,7)([48]40,32,5)([49]31,23,5)([50]35,20,6)([51]21,45,3)([52]27,11,2)([53]16,27,3)([54]45,13,6)([55]2,48,3)([56]25,26,5)([57]42,0,6)([58]39,34,0)([59]27,45,0)([60]49,56,7)([61]18,22,3)([62]30,11,5)([63]55,49,4)([64]38,35,5)([65]61,47,3)([66]19,64,4)([67]12,61,3)([68]59,66,5)([69]25,66,2)([70]28,21,6)([71]64,54,0)([72]55,67,1)([73]3,8,0)([74]67,50,3)([75]62,63,2)([76]70,29,5)([77]72,23,7)([78]64,29,0)([79]59,10,0)([80]46,74,5)([81]60,68,6)([82]59,65,0)([83]27,25,2)([84]81,80,3)([85]18,83,2)([86]72,38,1)(84)
optimized area: 120.84
time: 1355528 ms
seed: 1635766746
{7,1,80,1,2,1,8}([7]1,3,4)([8]2,0,5)([9]5,3,0)([10]4,8,7)([11]1,2,5)([12]9,0,4)([13]3,5,4)([14]1,6,2)([15]4,6,2)([16]12,8,4)([17]13,9,3)([18]10,2,4)([19]2,12,4)([20]3,15,5)([21]9,19,2)([22]3,1,7)([23]11,13,4)([24]0,22,1)([25]7,10,6)([26]25,11,5)([27]4,7,4)([28]27,20,0)([29]20,19,5)([30]19,14,3)([31]26,3,6)([32]29,17,7)([33]30,22,5)([34]33,15,5)([35]34,18,1)([36]30,13,5)([37]6,23,3)([38]17,30,1)([39]16,26,6)([40]28,34,4)([41]29,0,4)([42]23,9,4)([43]36,6,7)([44]35,29,3)([45]21,11,2)([46]8,35,3)([47]29,30,3)([48]16,28,2)([49]26,46,3)([50]41,48,4)([51]44,46,2)([52]5,37,6)([53]50,39,3)([54]31,51,4)([55]33,27,4)([56]21,42,4)([57]44,17,0)([58]15,35,7)([59]56,27,5)([60]32,30,5)([61]34,21,6)([62]16,6,6)([63]22,31,4)([64]23,20,0)([65]38,29,0)([66]60,53,2)([67]44,0,4)([68]67,28,2)([69]21,7,6)([70]18,43,3)([71]30,30,6)([72]52,71,6)([73]69,68,4)([74]70,59,2)([75]58,37,5)([76]63,63,6)([77]12,6,0)([78]74,66,5)([79]78,54,4)([80]41,34,0)([81]45,57,1)([82]70,70,1)([83]78,51,7)([84]55,28,6)([85]31,70,1)([86]62,9,7)(79)
evaluations: 22034942
first invidual area: 143.83
{7,1,80,1,2,1,8}([7]3,1,4)([8]2,0,5)([9]7,3,0)([10]8,4,7)([11]1,2,5)([12]0,5,4)([13]5,3,4)([14]0,5,3)([15]6,4,2)([16]0,5,4)([17]12,4,6)([18]3,15,5)([19]12,2,4)([20]8,16,5)([21]1,6,2)([22]19,13,5)([23]13,16,7)([24]10,2,4)([25]7,10,3)([26]24,7,0)([27]4,9,4)([28]11,13,4)([29]18,19,5)([30]19,21,3)([31]3,25,3)([32]3,13,6)([33]30,27,5)([34]15,33,2)([35]34,8,3)([36]32,29,4)([37]30,31,6)([38]25,17,7)([39]35,36,5)([40]14,1,2)([41]27,24,0)([42]11,21,3)([43]18,5,4)([44]29,34,3)([45]22,6,7)([46]2,9,4)([47]44,41,5)([48]0,47,5)([49]48,19,4)([50]42,33,1)([51]35,44,5)([52]27,37,2)([53]49,38,3)([54]51,31,4)([55]12,28,7)([56]28,39,7)([57]51,24,0)([58]44,38,3)([59]56,27,5)([60]36,30,5)([61]18,32,0)([62]19,45,5)([63]47,42,7)([64]36,39,4)([65]38,60,2)([66]60,53,2)([67]45,41,5)([68]65,0,7)([69]5,51,0)([70]26,45,3)([71]56,45,2)([72]59,41,4)([73]2,0,5)([74]29,18,3)([75]25,20,2)([76]65,37,2)([77]70,59,2)([78]77,66,5)([79]78,54,4)([80]1,49,4)([81]32,0,1)([82]71,7,5)([83]73,42,6)([84]6,59,3)([85]6,41,3)([86]57,35,0)(79)
optimized area: 127.42
time: 1216335 ms
seed: 1635813625
{7,1,80,1,2,1,8}([7]5,3,4)([8]4,1,7)([9]2,7,2)([10]7,6,4)([11]2,0,4)([12]3,9,4)([13]4,4,1)([14]9,13,4)([15]0,13,3)([16]8,15,4)([17]0,5,4)([18]4,9,4)([19]2,17,6)([20]9,11,7)([21]10,3,5)([22]1,5,4)([23]15,3,2)([24]19,21,5)([25]1,12,7)([26]18,22,3)([27]0,7,2)([28]8,6,2)([29]26,28,2)([30]25,8,2)([31]9,21,2)([32]10,14,7)([33]8,22,2)([34]18,32,3)([35]34,32,2)([36]30,24,7)([37]24,30,3)([38]20,17,2)([39]37,29,2)([40]16,21,7)([41]40,38,6)([42]35,28,1)([43]38,26,2)([44]12,34,4)([45]10,36,3)([46]18,21,3)([47]24,33,6)([48]42,12,7)([49]9,5,2)([50]23,4,0)([51]41,50,6)([52]43,51,3)([53]40,48,2)([54]31,53,4)([55]7,25,6)([56]54,47,3)([57]52,17,1)([58]51,44,6)([59]11,46,5)([60]31,25,1)([61]19,25,7)([62]39,47,6)([63]11,47,5)([64]25,19,2)([65]62,58,7)([66]61,13,1)([67]59,39,1)([68]36,54,5)([69]42,36,2)([70]4,5,1)([71]41,5,1)([72]67,36,2)([73]65,47,4)([74]56,43,5)([75]31,16,1)([76]55,52,3)([77]56,15,3)([78]77,75,3)([79]58,33,7)([80]47,70,3)([81]60,29,7)([82]67,28,2)([83]17,36,2)([84]74,72,7)([85]37,12,2)([86]84,65,6)(86)
evaluations: 23769313
first invidual area: 166.32
{7,1,80,1,2,1,8}([7]3,5,4)([8]1,4,7)([9]2,7,2)([10]7,6,4)([11]0,2,4)([12]0,2,6)([13]4,1,1)([14]3,9,4)([15]13,0,3)([16]8,15,4)([17]5,0,4)([18]9,13,7)([19]2,17,6)([20]11,9,7)([21]3,10,5)([22]1,5,4)([23]3,15,2)([24]19,21,5)([25]14,13,4)([26]18,22,3)([27]11,25,6)([28]6,26,2)([29]8,28,2)([30]25,8,5)([31]25,25,4)([32]10,27,4)([33]8,22,2)([34]10,18,3)([35]4,22,0)([36]30,24,4)([37]19,27,5)([38]20,17,2)([39]37,29,2)([40]16,21,7)([41]24,6,0)([42]38,11,6)([43]38,26,2)([44]27,34,4)([45]34,14,4)([46]22,34,4)([47]12,15,4)([48]27,37,5)([49]42,24,0)([50]40,38,6)([51]50,23,6)([52]8,42,2)([53]40,32,5)([54]53,11,7)([55]27,49,6)([56]5,45,7)([57]24,33,6)([58]51,45,6)([59]57,39,3)([60]59,58,4)([61]32,5,0)([62]10,22,5)([63]55,12,7)([64]21,22,7)([65]43,54,5)([66]33,56,2)([67]25,51,1)([68]28,55,5)([69]32,11,6)([70]7,15,2)([71]30,56,5)([72]11,36,5)([73]34,47,2)([74]55,52,6)([75]28,73,0)([76]74,66,5)([77]61,23,2)([78]5,46,3)([79]52,4,1)([80]8,9,5)([81]67,41,5)([82]75,40,5)([83]22,81,1)([84]65,72,5)([85]59,71,4)([86]84,60,6)(86)
optimized area: 140.55
time: 1242430 ms
seed: 1635856865
{7,1,80,1,2,1,8}([7]2,0,4)([8]3,1,6)([9]1,7,2)([10]4,8,6)([11]6,10,4)([12]1,1,0)([13]7,5,4)([14]3,12,2)([15]7,10,0)([16]0,8,7)([17]8,4,4)([18]13,6,4)([19]11,17,5)([20]6,13,1)([21]2,17,4)([22]14,21,5)([23]16,18,3)([24]12,16,7)([25]23,15,2)([26]14,17,4)([27]22,15,0)([28]0,9,6)([29]0,0,4)([30]17,15,3)([31]22,28,0)([32]27,1,4)([33]29,2,5)([34]7,30,4)([35]4,13,0)([36]9,2,6)([37]16,26,7)([38]26,13,2)([39]19,37,3)([40]13,34,4)([41]35,19,5)([42]11,2,2)([43]25,41,2)([44]9,4,4)([45]36,11,4)([46]7,39,6)([47]32,43,5)([48]40,31,4)([49]11,47,6)([50]20,27,5)([51]38,45,5)([52]51,47,5)([53]39,52,5)([54]35,28,3)([55]52,48,7)([56]12,15,6)([57]36,5,2)([58]18,12,6)([59]46,25,5)([60]39,30,4)([61]22,26,1)([62]30,19,5)([63]24,61,0)([64]39,55,2)([65]40,63,3)([66]61,25,4)([67]54,65,5)([68]57,39,2)([69]27,50,0)([70]44,56,7)([71]14,63,3)([72]38,39,0)([73]69,69,7)([74]6,50,4)([75]6,5,4)([76]65,11,2)([77]74,29,6)([78]51,63,2)([79]13,37,3)([80]26,35,5)([81]12,1,6)([82]67,42,2)([83]20,47,6)([84]44,33,4)([85]21,8,3)([86]82,64,3)(86)
evaluations: 22144964
first invidual area: 130.25
{7,1,80,1,2,1,8}([7]0,2,4)([8]1,3,6)([9]7,1,2)([10]4,8,6)([11]10,6,4)([12]4,2,4)([13]7,5,4)([14]1,3,2)([15]14,0,0)([16]0,8,7)([17]4,8,4)([18]13,6,4)([19]17,6,5)([20]18,16,3)([21]13,19,6)([22]12,15,5)([23]0,15,4)([24]1,16,7)([25]21,11,6)([26]18,10,4)([27]20,7,2)([28]17,15,4)([29]28,13,2)([30]24,10,5)([31]16,14,4)([32]17,14,1)([33]7,32,3)([34]0,16,6)([35]1,29,7)([36]13,22,4)([37]8,20,7)([38]29,24,6)([39]31,19,3)([40]9,2,6)([41]4,19,5)([42]34,5,3)([43]27,41,2)([44]9,22,5)([45]9,44,6)([46]20,23,5)([47]43,44,5)([48]46,46,4)([49]11,2,2)([50]40,11,4)([51]29,50,5)([52]47,51,5)([53]36,33,4)([54]22,2,4)([55]52,53,4)([56]29,2,0)([57]14,6,3)([58]6,44,6)([59]15,15,5)([60]0,25,7)([61]58,2,5)([62]33,30,3)([63]31,8,1)([64]39,55,2)([65]53,24,3)([66]4,15,6)([67]30,65,5)([68]51,30,3)([69]14,43,0)([70]37,39,0)([71]25,12,0)([72]55,57,2)([73]21,21,2)([74]39,25,4)([75]2,15,7)([76]74,43,6)([77]23,46,0)([78]25,68,2)([79]68,51,6)([80]31,45,3)([81]24,74,2)([82]67,49,2)([83]15,40,7)([84]6,15,1)([85]64,82,3)([86]68,57,3)(85)
optimized area: 121.33
time: 1208470 ms
seed: 1635898828
NOT FOUND
time: 1060880 ms
seed: 1635935024
NOT FOUND
time: 1072576 ms
seed: 1635971270
NOT FOUND
time: 1067620 ms
seed: 1636007143
{7,1,80,1,2,1,8}([7]2,5,4)([8]4,2,4)([9]0,8,2)([10]0,2,5)([11]10,1,7)([12]4,1,5)([13]6,0,2)([14]5,9,4)([15]1,14,5)([16]7,6,3)([17]0,6,3)([18]3,7,2)([19]11,17,7)([20]1,13,4)([21]16,8,6)([22]17,10,2)([23]3,19,5)([24]20,2,3)([25]6,12,7)([26]10,23,2)([27]25,3,7)([28]24,16,5)([29]20,3,5)([30]4,10,7)([31]19,7,4)([32]7,23,5)([33]21,32,7)([34]31,28,7)([35]26,0,4)([36]21,30,0)([37]20,7,0)([38]19,8,6)([39]9,1,0)([40]15,27,5)([41]21,28,3)([42]37,30,7)([43]30,33,2)([44]36,22,6)([45]6,38,0)([46]12,33,3)([47]4,44,5)([48]42,32,7)([49]4,34,6)([50]49,18,7)([51]50,42,0)([52]42,35,6)([53]43,49,3)([54]18,47,7)([55]53,40,6)([56]41,33,3)([57]20,12,3)([58]56,4,6)([59]25,58,6)([60]44,55,7)([61]32,54,3)([62]36,42,2)([63]61,35,2)([64]17,14,5)([65]18,13,6)([66]63,59,6)([67]34,10,0)([68]3,65,0)([69]64,59,5)([70]52,55,0)([71]55,43,1)([72]21,53,1)([73]10,20,3)([74]0,42,1)([75]31,1,4)([76]66,48,2)([77]60,76,7)([78]2,74,0)([79]58,65,6)([80]34,16,4)([81]74,68,0)([82]59,57,2)([83]5,37,1)([84]80,41,6)([85]82,1,3)([86]44,66,7)(77)
evaluations: 39381565
first invidual area: 150.86
{7,1,80,1,2,1,8}([7]2,5,4)([8]4,2,4)([9]8,0,5)([10]0,2,5)([11]10,1,7)([12]1,4,5)([13]0,6,5)([14]5,9,7)([15]14,1,5)([16]6,7,3)([17]0,6,3)([18]4,8,1)([19]11,17,7)([20]1,13,7)([21]16,8,6)([22]17,10,2)([23]3,19,5)([24]1,2,0)([25]12,6,7)([26]10,23,5)([27]20,8,3)([28]27,16,5)([29]28,19,7)([30]4,10,7)([31]15,4,4)([32]7,23,5)([33]21,32,7)([34]29,7,4)([35]26,0,7)([36]3,25,7)([37]29,11,6)([38]5,17,5)([39]15,33,7)([40]36,15,5)([41]0,22,3)([42]20,30,4)([43]30,33,2)([44]21,22,6)([45]42,33,7)([46]31,24,4)([47]15,44,5)([48]33,36,7)([49]34,4,6)([50]37,34,6)([51]3,34,0)([52]12,3,0)([53]49,40,3)([54]3,47,7)([55]53,43,3)([56]55,49,5)([57]37,30,1)([58]44,44,6)([59]25,37,6)([60]44,55,4)([61]32,54,3)([62]17,23,3)([63]61,35,2)([64]6,63,5)([65]9,21,3)([66]63,59,6)([67]28,39,0)([68]29,40,2)([69]35,22,5)([70]55,65,3)([71]11,24,6)([72]22,30,6)([73]1,11,3)([74]50,60,6)([75]32,18,2)([76]66,45,5)([77]60,76,4)([78]29,30,3)([79]36,43,2)([80]58,17,6)([81]35,27,5)([82]73,63,0)([83]34,38,1)([84]25,17,2)([85]30,73,2)([86]14,77,4)(77)
optimized area: 141.96
time: 1150088 ms
seed: 1636041758
NOT FOUND
time: 1086342 ms
seed: 1636075727
{7,1,80,1,2,1,8}([7]2,1,5)([8]2,6,7)([9]2,5,7)([10]0,9,7)([11]2,0,3)([12]7,8,3)([13]8,4,3)([14]10,12,2)([15]14,9,6)([16]15,13,5)([17]8,5,2)([18]6,9,3)([19]15,6,4)([20]16,1,4)([21]20,4,4)([22]13,21,2)([23]3,16,0)([24]23,6,0)([25]3,21,3)([26]1,11,5)([27]1,8,7)([28]24,25,6)([29]3,18,2)([30]1,10,6)([31]29,26,2)([32]14,22,2)([33]4,30,2)([34]12,12,3)([35]4,10,1)([36]21,17,5)([37]36,21,5)([38]14,22,4)([39]5,27,2)([40]37,22,4)([41]27,0,2)([42]28,9,5)([43]38,31,5)([44]25,41,7)([45]16,27,3)([46]36,9,4)([47]29,19,5)([48]17,3,1)([49]0,38,5)([50]6,1,4)([51]39,29,5)([52]20,4,3)([53]43,12,4)([54]25,44,7)([55]7,26,5)([56]32,20,5)([57]11,31,5)([58]51,51,0)([59]30,58,5)([60]59,0,6)([61]21,30,3)([62]53,40,7)([63]42,21,7)([64]21,14,5)([65]10,27,6)([66]56,56,5)([67]60,12,6)([68]44,32,1)([69]16,21,4)([70]68,62,3)([71]60,60,1)([72]38,60,6)([73]18,22,0)([74]24,61,7)([75]63,66,7)([76]63,46,7)([77]62,72,4)([78]68,58,1)([79]74,70,3)([80]77,79,4)([81]5,58,1)([82]19,65,0)([83]29,41,4)([84]63,25,1)([85]26,46,0)([86]38,82,3)(80)
evaluations: 13611136
first invidual area: 126.48
{7,1,80,1,2,1,8}([7]1,2,5)([8]6,2,7)([9]2,5,7)([10]0,9,7)([11]2,0,3)([12]6,7,3)([13]4,8,3)([14]10,12,2)([15]9,14,6)([16]4,1,4)([17]13,15,5)([18]11,1,5)([19]1,8,7)([20]0,19,5)([21]16,17,4)([22]13,21,5)([23]3,18,2)([24]5,8,5)([25]6,9,3)([26]12,3,1)([27]21,21,0)([28]24,13,5)([29]28,11,5)([30]10,1,6)([31]23,25,2)([32]30,22,5)([33]19,5,2)([34]0,10,6)([35]4,25,6)([36]23,33,5)([37]28,21,5)([38]22,14,7)([39]38,31,5)([40]30,21,6)([41]23,25,3)([42]25,41,7)([43]0,34,4)([44]20,32,2)([45]5,37,6)([46]2,39,1)([47]37,12,5)([48]40,3,4)([49]31,16,7)([50]13,8,1)([51]43,18,6)([52]36,30,5)([53]7,38,5)([54]53,12,6)([55]53,6,2)([56]22,35,4)([57]15,1,5)([58]43,37,2)([59]16,56,4)([60]36,34,4)([61]58,55,6)([62]47,39,7)([63]5,6,5)([64]51,13,1)([65]18,19,3)([66]13,25,0)([67]26,45,5)([68]55,17,7)([69]52,0,6)([70]44,62,3)([71]59,23,4)([72]38,69,6)([73]63,32,1)([74]12,72,1)([75]17,24,0)([76]32,66,6)([77]62,72,7)([78]13,26,1)([79]48,70,6)([80]56,59,1)([81]51,12,5)([82]11,12,2)([83]69,19,0)([84]48,9,7)([85]5,47,0)([86]79,77,4)(86)
optimized area: 113.34
time: 1417573 ms
seed: 1636108790
NOT FOUND
time: 1076942 ms
seed: 1636141468
{7,1,80,1,2,1,8}([7]6,4,7)([8]7,0,2)([9]1,3,3)([10]5,8,6)([11]1,7,4)([12]1,10,7)([13]10,11,3)([14]3,13,5)([15]14,3,1)([16]9,4,7)([17]13,16,7)([18]5,11,5)([19]2,6,4)([20]1,4,3)([21]2,20,0)([22]5,5,5)([23]12,15,4)([24]22,7,3)([25]17,5,6)([26]2,23,6)([27]13,8,5)([28]24,7,5)([29]25,27,2)([30]3,20,7)([31]18,19,7)([32]8,9,4)([33]0,29,4)([34]1,21,6)([35]22,24,7)([36]14,34,3)([37]19,30,0)([38]22,5,0)([39]26,4,0)([40]28,24,1)([41]32,7,4)([42]34,31,5)([43]10,25,3)([44]32,17,2)([45]37,16,5)([46]21,33,4)([47]4,12,4)([48]2,9,1)([49]6,44,7)([50]28,22,7)([51]0,22,5)([52]33,3,4)([53]27,43,2)([54]17,52,5)([55]7,20,5)([56]49,51,7)([57]11,29,2)([58]47,36,3)([59]53,8,7)([60]45,58,5)([61]22,13,0)([62]8,4,4)([63]13,46,2)([64]61,43,5)([65]46,41,0)([66]20,51,4)([67]44,31,5)([68]16,10,5)([69]35,7,6)([70]66,52,2)([71]26,26,1)([72]70,60,4)([73]46,72,6)([74]31,25,3)([75]53,51,3)([76]14,32,0)([77]67,26,3)([78]73,70,7)([79]49,55,3)([80]77,78,5)([81]26,66,6)([82]30,50,5)([83]35,53,2)([84]77,6,4)([85]47,42,2)([86]26,30,6)(80)
evaluations: 22257527
first invidual area: 128.37
{7,1,80,1,2,1,8}([7]4,6,7)([8]0,7,2)([9]1,3,3)([10]5,8,6)([11]1,7,4)([12]11,7,7)([13]11,10,3)([14]13,3,5)([15]11,14,4)([16]9,4,7)([17]13,16,7)([18]9,0,0)([19]8,11,5)([20]4,1,3)([21]0,20,3)([22]10,5,0)([23]5,17,6)([24]10,9,3)([25]15,22,5)([26]2,15,6)([27]13,8,5)([28]24,6,4)([29]23,19,5)([30]1,7,3)([31]2,6,4)([32]21,18,2)([33]29,2,4)([34]27,26,7)([35]12,31,1)([36]25,32,3)([37]34,10,5)([38]26,14,3)([39]9,8,4)([40]26,21,3)([41]5,27,1)([42]0,33,4)([43]13,38,3)([44]39,17,2)([45]16,31,5)([46]29,20,4)([47]29,3,7)([48]41,45,4)([49]41,33,5)([50]38,46,3)([51]41,15,4)([52]2,21,3)([53]50,10,3)([54]0,16,4)([55]19,7,7)([56]34,46,2)([57]30,23,3)([58]31,35,1)([59]31,48,5)([60]50,45,5)([61]55,36,0)([62]55,53,3)([63]36,59,5)([64]43,45,7)([65]46,25,5)([66]20,49,4)([67]44,48,5)([68]53,9,0)([69]2,3,7)([70]66,69,5)([71]17,62,1)([72]70,60,4)([73]12,17,7)([74]41,40,1)([75]19,38,6)([76]42,72,5)([77]67,26,3)([78]76,70,7)([79]77,8,0)([80]77,78,5)([81]64,2,4)([82]32,29,1)([83]74,34,3)([84]69,10,4)([85]28,64,1)([86]11,2,1)(80)
optimized area: 116.19
time: 1261283 ms
seed: 1636173872
{7,1,80,1,2,1,8}([7]2,4,2)([8]0,2,6)([9]5,2,4)([10]1,7,4)([11]2,8,0)([12]0,10,7)([13]3,7,5)([14]6,1,6)([15]10,9,3)([16]12,6,5)([17]4,3,5)([18]17,12,3)([19]12,0,5)([20]1,9,3)([21]4,8,4)([22]0,7,7)([23]16,3,4)([24]14,12,6)([25]22,19,2)([26]25,5,7)([27]6,13,7)([28]23,27,5)([29]24,4,4)([30]28,0,7)([31]23,29,6)([32]26,21,5)([33]0,6,7)([34]27,20,3)([35]26,33,2)([36]3,13,0)([37]27,34,7)([38]1,5,7)([39]31,38,3)([40]25,2,6)([41]23,27,1)([42]0,28,5)([43]39,21,6)([44]41,9,3)([45]18,40,7)([46]17,32,4)([47]26,16,1)([48]4,23,7)([49]45,42,3)([50]48,32,3)([51]44,46,6)([52]37,12,5)([53]45,51,2)([54]34,48,6)([55]35,53,7)([56]55,49,4)([57]56,43,3)([58]57,54,4)([59]34,24,4)([60]8,20,6)([61]42,31,1)([62]30,46,2)([63]27,48,7)([64]16,53,4)([65]2,6,0)([66]59,40,2)([67]26,42,6)([68]63,52,3)([69]62,19,0)([70]23,25,0)([71]64,39,6)([72]14,26,6)([73]53,15,0)([74]32,11,7)([75]8,2,0)([76]22,28,0)([77]24,45,5)([78]27,0,3)([79]16,17,7)([80]10,14,2)([81]80,40,4)([82]8,68,7)([83]50,61,4)([84]83,34,3)([85]62,58,4)([86]34,79,2)(85)
evaluations: 41813506
first invidual area: 150.40
{7,1,80,1,2,1,8}([7]4,2,2)([8]2,0,6)([9]1,6,5)([10]5,4,1)([11]7,1,4)([12]0,11,7)([13]3,7,5)([14]1,6,6)([15]5,2,4)([16]12,6,5)([17]4,3,5)([18]12,17,3)([19]11,14,5)([20]1,15,3)([21]4,8,4)([22]0,7,7)([23]16,3,4)([24]4,14,3)([25]22,19,5)([26]25,5,4)([27]6,13,7)([28]23,27,5)([29]24,26,7)([30]28,0,7)([31]23,29,6)([32]26,21,5)([33]6,0,7)([34]27,20,3)([35]26,33,5)([36]23,15,6)([37]20,25,7)([38]1,5,7)([39]31,38,3)([40]8,2,3)([41]23,19,1)([42]28,0,5)([43]39,21,6)([44]15,41,3)([45]18,40,4)([46]17,32,4)([47]36,5,0)([48]4,41,4)([49]45,42,3)([50]23,22,4)([51]44,46,6)([52]5,9,6)([53]45,51,5)([54]34,48,6)([55]53,35,7)([56]55,49,4)([57]56,43,3)([58]10,43,3)([59]53,12,0)([60]54,57,4)([61]47,18,3)([62]30,46,5)([63]26,13,4)([64]62,60,7)([65]44,22,1)([66]10,26,5)([67]49,29,4)([68]22,34,0)([69]23,8,7)([70]5,33,5)([71]53,61,2)([72]65,32,7)([73]67,59,6)([74]11,30,5)([75]51,11,0)([76]71,57,7)([77]55,38,4)([78]62,67,5)([79]61,7,6)([80]62,74,0)([81]15,66,1)([82]43,65,4)([83]53,55,6)([84]39,51,2)([85]45,37,1)([86]70,65,0)(64)
optimized area: 148.52
time: 1129407 ms
seed: 1636204519
NOT FOUND
time: 1064536 ms
seed: 1636234483
{7,1,80,1,2,1,8}([7]0,4,4)([8]5,2,7)([9]2,8,5)([10]1,6,5)([11]1,9,5)([12]6,8,6)([13]12,7,2)([14]4,3,7)([15]4,9,4)([16]10,1,2)([17]3,16,3)([18]7,16,0)([19]5,17,5)([20]13,11,7)([21]6,7,5)([22]1,11,2)([23]22,21,4)([24]14,19,4)([25]0,19,5)([26]4,1,4)([27]15,20,3)([28]26,2,6)([29]1,17,7)([30]24,15,2)([31]24,4,6)([32]30,23,2)([33]20,17,2)([34]29,10,2)([35]6,27,5)([36]20,8,7)([37]34,32,6)([38]37,22,0)([39]24,29,4)([40]34,28,2)([41]8,37,7)([42]25,33,3)([43]29,7,4)([44]33,4,7)([45]12,25,6)([46]42,44,4)([47]38,10,7)([48]29,47,1)([49]15,21,1)([50]46,32,5)([51]4,31,3)([52]26,36,6)([53]21,2,7)([54]52,46,3)([55]0,37,5)([56]35,39,4)([57]43,5,3)([58]46,18,1)([59]42,27,7)([60]53,56,4)([61]45,40,3)([62]11,30,2)([63]53,17,5)([64]22,58,5)([65]19,39,3)([66]54,41,7)([67]45,47,7)([68]13,32,6)([69]24,68,1)([70]37,58,3)([71]50,49,3)([72]46,18,5)([73]56,60,3)([74]61,59,5)([75]29,22,7)([76]25,36,2)([77]60,74,6)([78]74,17,2)([79]19,24,2)([80]3,47,2)([81]54,72,7)([82]77,66,4)([83]77,20,5)([84]36,28,4)([85]8,20,4)([86]7,12,5)(82)
evaluations: 15402115
first invidual area: 153.22
{7,1,80,1,2,1,8}([7]0,4,4)([8]2,5,7)([9]5,2,5)([10]1,6,5)([11]9,1,5)([12]6,8,6)([13]7,12,5)([14]3,4,7)([15]9,4,4)([16]1,10,2)([17]16,3,3)([18]0,2,0)([19]17,5,5)([20]11,13,4)([21]6,7,5)([22]4,1,5)([23]22,21,7)([24]14,19,4)([25]18,19,5)([26]1,4,4)([27]15,20,3)([28]6,26,6)([29]1,17,7)([30]24,15,2)([31]20,17,2)([32]13,11,1)([33]23,30,2)([34]10,29,2)([35]3,11,4)([36]11,8,4)([37]34,33,6)([38]22,10,2)([39]21,24,4)([40]28,39,2)([41]14,4,4)([42]25,31,3)([43]27,8,3)([44]4,31,4)([45]16,23,3)([46]42,44,7)([47]16,38,6)([48]10,44,7)([49]12,25,6)([50]10,39,5)([51]8,37,7)([52]26,36,6)([53]29,2,7)([54]52,46,6)([55]15,15,2)([56]49,50,6)([57]55,43,4)([58]14,30,5)([59]42,27,7)([60]53,50,4)([61]49,40,3)([62]5,16,7)([63]40,13,1)([64]28,49,4)([65]40,1,7)([66]54,51,7)([67]33,39,4)([68]20,9,4)([69]17,58,6)([70]65,29,1)([71]20,36,1)([72]1,32,3)([73]59,26,7)([74]59,61,5)([75]16,45,5)([76]28,36,3)([77]60,74,3)([78]36,66,1)([79]55,46,0)([80]72,35,3)([81]19,70,7)([82]77,66,4)([83]63,34,7)([84]29,10,0)([85]6,83,6)([86]28,47,5)(82)
optimized area: 147.59
time: 1334580 ms
