seed: 1634020014
NOT FOUND
time: 527039 ms
seed: 1634068860
{7,1,80,1,2,1,8}([7]4,0,7)([8]0,3,4)([9]0,2,2)([10]5,3,5)([11]7,1,2)([12]3,1,4)([13]3,5,7)([14]7,8,6)([15]6,14,6)([16]4,1,7)([17]1,11,6)([18]5,9,6)([19]2,13,6)([20]18,5,6)([21]7,20,4)([22]11,19,4)([23]22,1,3)([24]16,23,0)([25]0,15,7)([26]2,15,7)([27]1,6,0)([28]22,11,5)([29]16,3,4)([30]22,19,5)([31]10,26,6)([32]17,25,7)([33]6,29,4)([34]33,8,0)([35]18,27,4)([36]18,34,6)([37]11,9,1)([38]16,31,4)([39]18,17,6)([40]13,8,5)([41]40,0,2)([42]27,22,3)([43]37,33,3)([44]22,34,5)([45]41,25,6)([46]33,28,0)([47]45,17,0)([48]35,47,5)([49]15,38,4)([50]5,19,2)([51]12,41,2)([52]45,34,7)([53]51,15,4)([54]52,33,0)([55]26,41,2)([56]26,51,3)([57]29,41,6)([58]24,19,2)([59]44,38,7)([60]32,43,5)([61]23,60,4)([62]8,10,1)([63]12,4,3)([64]9,16,1)([65]9,41,5)([66]59,48,2)([67]60,43,2)([68]45,12,7)([69]57,43,3)([70]8,35,5)([71]0,64,5)([72]34,24,0)([73]58,66,6)([74]62,36,1)([75]1,3,3)([76]17,8,6)([77]56,67,3)([78]30,67,7)([79]33,16,2)([80]73,77,5)([81]25,43,2)([82]19,8,0)([83]20,77,0)([84]50,45,7)([85]39,80,4)([86]11,66,5)(85)
evaluations: 30156820
first invidual area: 127.43
{7,1,80,1,2,1,8}([7]4,0,7)([8]7,1,5)([9]5,1,6)([10]3,4,7)([11]10,7,6)([12]0,7,0)([13]5,3,7)([14]1,2,0)([15]6,11,6)([16]14,4,7)([17]2,0,2)([18]17,5,6)([19]2,13,6)([20]18,14,4)([21]8,19,7)([22]16,14,1)([23]12,18,3)([24]10,13,5)([25]0,15,7)([26]15,2,7)([27]6,10,4)([28]5,13,5)([29]26,28,3)([30]27,1,4)([31]17,4,5)([32]20,19,0)([33]10,24,2)([34]11,6,0)([35]14,3,5)([36]8,8,6)([37]16,19,2)([38]26,27,0)([39]8,38,4)([40]30,21,5)([41]5,6,2)([42]16,29,4)([43]8,13,5)([44]26,20,2)([45]41,25,6)([46]14,32,5)([47]13,14,7)([48]20,45,5)([49]37,6,6)([50]40,42,4)([51]23,32,2)([52]50,48,2)([53]4,44,1)([54]14,41,2)([55]1,25,7)([56]6,51,5)([57]14,50,0)([58]38,54,3)([59]42,44,2)([60]42,50,7)([61]46,4,0)([62]55,38,0)([63]12,27,5)([64]53,18,6)([65]14,64,4)([66]16,29,7)([67]55,35,2)([68]48,54,7)([69]23,18,3)([70]64,53,4)([71]10,22,0)([72]49,33,6)([73]37,52,6)([74]8,53,3)([75]48,57,3)([76]67,58,3)([77]32,18,6)([78]76,22,4)([79]23,45,2)([80]73,76,5)([81]34,34,7)([82]62,27,4)([83]77,27,0)([84]37,47,0)([85]61,80,7)([86]21,17,1)(85)
optimized area: 113.85
time: 579497 ms
seed: 1634230386
NOT FOUND
time: 528870 ms
seed: 1634367910
NOT FOUND
time: 523028 ms
seed: 1634416906
{7,1,80,1,2,1,8}([7]6,2,7)([8]3,7,7)([9]0,2,5)([10]8,6,7)([11]0,3,3)([12]10,6,3)([13]8,5,2)([14]5,9,4)([15]11,4,6)([16]7,10,3)([17]14,1,7)([18]14,10,5)([19]1,0,4)([20]8,18,3)([21]1,13,6)([22]21,6,5)([23]0,2,4)([24]19,11,1)([25]16,24,5)([26]18,4,4)([27]14,25,3)([28]0,12,2)([29]12,19,6)([30]25,22,7)([31]22,23,2)([32]21,28,6)([33]20,26,2)([34]18,26,2)([35]26,15,4)([36]27,15,1)([37]7,14,4)([38]37,36,3)([39]34,37,5)([40]29,1,4)([41]2,34,3)([42]10,35,4)([43]23,11,2)([44]24,33,4)([45]19,11,1)([46]7,37,6)([47]30,39,4)([48]47,16,6)([49]13,28,2)([50]8,49,3)([51]29,49,7)([52]44,48,5)([53]40,33,2)([54]43,44,6)([55]39,17,5)([56]13,4,4)([57]16,30,6)([58]9,53,4)([59]47,7,1)([60]17,32,2)([61]33,46,1)([62]58,44,1)([63]58,32,1)([64]26,53,6)([65]53,38,5)([66]37,40,6)([67]15,23,6)([68]60,2,0)([69]60,34,3)([70]58,64,7)([71]4,19,4)([72]35,20,3)([73]65,69,4)([74]57,71,5)([75]54,70,0)([76]4,12,5)([77]73,32,2)([78]54,47,3)([79]49,47,7)([80]30,40,0)([81]78,73,5)([82]1,60,0)([83]0,62,7)([84]82,30,4)([85]35,51,5)([86]73,36,2)(81)
evaluations: 17942964
first invidual area: 126.01
{7,1,80,1,2,1,8}([7]6,2,7)([8]3,7,7)([9]2,0,5)([10]8,6,7)([11]5,8,2)([12]6,10,3)([13]4,8,0)([14]5,9,4)([15]0,13,0)([16]11,3,2)([17]3,15,3)([18]10,14,5)([19]15,1,4)([20]2,0,4)([21]11,1,6)([22]6,21,5)([23]19,21,1)([24]7,14,4)([25]20,17,2)([26]18,13,4)([27]10,7,3)([28]8,18,3)([29]19,12,3)([30]21,24,7)([31]1,29,7)([32]2,30,1)([33]28,26,2)([34]26,18,2)([35]29,15,2)([36]10,34,2)([37]4,5,0)([38]24,36,3)([39]6,30,4)([40]0,21,3)([41]31,33,2)([42]30,8,1)([43]13,27,4)([44]4,10,2)([45]13,12,6)([46]27,23,5)([47]41,38,5)([48]30,41,5)([49]46,22,4)([50]7,26,1)([51]35,21,6)([52]34,45,7)([53]33,23,4)([54]35,34,4)([55]24,34,5)([56]35,9,6)([57]5,1,5)([58]53,25,6)([59]15,4,4)([60]57,51,2)([61]60,40,4)([62]31,10,2)([63]11,30,3)([64]44,49,6)([65]61,33,0)([66]52,18,2)([67]55,49,7)([68]44,54,7)([69]34,60,6)([70]53,3,3)([71]42,63,2)([72]69,29,7)([73]47,69,7)([74]72,19,6)([75]72,46,5)([76]75,11,1)([77]13,17,0)([78]58,67,3)([79]27,50,1)([80]39,11,1)([81]78,73,5)([82]60,62,0)([83]9,41,4)([84]51,22,7)([85]72,46,1)([86]7,68,3)(81)
optimized area: 121.79
time: 640745 ms
seed: 1634625235
{7,1,80,1,2,1,8}([7]3,1,2)([8]1,5,7)([9]3,2,2)([10]6,5,6)([11]4,7,4)([12]3,1,6)([13]0,1,6)([14]2,6,3)([15]11,9,7)([16]15,0,7)([17]2,6,2)([18]6,13,7)([19]0,10,7)([20]18,17,4)([21]3,13,2)([22]18,3,5)([23]8,11,1)([24]18,4,6)([25]19,14,4)([26]8,21,3)([27]9,26,4)([28]26,16,4)([29]9,25,7)([30]28,18,4)([31]4,23,4)([32]7,19,2)([33]1,30,7)([34]11,27,0)([35]24,30,2)([36]2,11,7)([37]7,3,7)([38]1,21,1)([39]17,17,6)([40]34,30,5)([41]27,30,2)([42]20,27,2)([43]7,42,0)([44]22,36,5)([45]3,44,4)([46]27,24,6)([47]14,4,4)([48]10,47,0)([49]29,40,7)([50]12,35,5)([51]34,44,3)([52]30,25,2)([53]7,10,5)([54]42,45,6)([55]0,54,7)([56]3,40,0)([57]4,26,2)([58]54,40,2)([59]25,46,0)([60]57,25,3)([61]49,55,3)([62]60,61,4)([63]28,32,1)([64]57,50,7)([65]35,51,2)([66]54,53,0)([67]31,55,1)([68]3,25,7)([69]61,53,4)([70]25,54,4)([71]0,19,5)([72]51,65,6)([73]62,69,6)([74]30,50,1)([75]4,25,4)([76]65,73,4)([77]7,19,6)([78]52,71,2)([79]14,31,6)([80]14,67,0)([81]43,48,5)([82]42,41,3)([83]6,13,5)([84]48,9,2)([85]0,7,4)([86]76,50,4)(86)
evaluations: 31905199
first invidual area: 147.61
{7,1,80,1,2,1,8}([7]3,1,2)([8]1,5,7)([9]3,2,2)([10]5,6,6)([11]4,7,4)([12]1,3,3)([13]1,0,6)([14]2,6,7)([15]11,0,7)([16]3,13,2)([17]2,6,5)([18]13,6,7)([19]5,2,3)([20]18,17,2)([21]2,6,6)([22]3,18,5)([23]10,0,4)([24]4,8,0)([25]23,21,4)([26]8,16,3)([27]26,9,4)([28]27,18,7)([29]25,9,4)([30]28,15,4)([31]28,18,7)([32]7,2,6)([33]2,11,7)([34]18,4,6)([35]30,34,2)([36]3,20,2)([37]18,25,5)([38]11,30,5)([39]32,21,0)([40]5,3,3)([41]33,40,0)([42]41,17,2)([43]33,16,0)([44]22,43,5)([45]3,44,4)([46]0,0,7)([47]28,32,2)([48]20,27,2)([49]29,38,4)([50]12,35,5)([51]14,40,7)([52]51,30,4)([53]7,10,5)([54]48,45,3)([55]0,54,4)([56]18,20,1)([57]4,26,2)([58]54,49,4)([59]0,35,7)([60]57,25,3)([61]49,55,6)([62]31,54,3)([63]24,29,0)([64]10,13,7)([65]35,39,5)([66]61,53,4)([67]38,45,2)([68]34,48,6)([69]61,60,3)([70]36,27,1)([71]40,34,2)([72]37,20,2)([73]66,69,5)([74]10,6,2)([75]9,1,2)([76]65,73,4)([77]66,73,7)([78]37,35,7)([79]12,1,3)([80]0,23,1)([81]9,2,0)([82]2,14,6)([83]3,60,1)([84]65,55,0)([85]37,40,7)([86]76,50,4)(86)
optimized area: 136.81
time: 612353 ms
seed: 1635152288
NOT FOUND
time: 530289 ms
seed: 1635201410
NOT FOUND
time: 523325 ms
seed: 1635374930
NOT FOUND
time: 998475 ms
seed: 1635632215
{7,1,80,1,2,1,8}([7]4,5,4)([8]2,7,2)([9]1,8,3)([10]3,0,6)([11]0,8,4)([12]1,5,7)([13]7,11,2)([14]0,3,5)([15]10,5,3)([16]2,7,6)([17]6,9,4)([18]2,9,1)([19]11,6,7)([20]15,5,2)([21]6,4,7)([22]19,18,1)([23]9,16,6)([24]5,17,7)([25]16,3,2)([26]25,21,2)([27]18,1,2)([28]0,1,2)([29]27,13,4)([30]24,22,3)([31]22,23,5)([32]6,5,6)([33]21,19,2)([34]5,17,6)([35]17,28,3)([36]34,29,3)([37]15,22,5)([38]8,37,5)([39]0,9,4)([40]2,30,4)([41]0,27,0)([42]27,39,6)([43]16,42,6)([44]42,19,7)([45]21,28,7)([46]12,16,4)([47]29,28,4)([48]9,11,3)([49]21,44,0)([50]1,29,2)([51]30,28,3)([52]46,40,5)([53]44,9,7)([54]36,20,1)([55]54,52,5)([56]47,0,2)([57]37,18,4)([58]13,38,6)([59]46,15,7)([60]31,3,2)([61]16,59,2)([62]24,29,1)([63]13,9,0)([64]56,62,6)([65]43,61,4)([66]38,33,4)([67]55,60,6)([68]65,67,4)([69]42,26,0)([70]46,43,5)([71]41,62,5)([72]26,35,5)([73]0,72,7)([74]24,67,3)([75]66,70,6)([76]75,68,7)([77]72,0,7)([78]25,43,1)([79]55,41,6)([80]19,60,4)([81]43,9,2)([82]52,55,0)([83]40,6,2)([84]76,72,4)([85]62,65,1)([86]43,18,7)(84)
evaluations: 26100920
first invidual area: 148.50
{7,1,80,1,2,1,8}([7]4,5,4)([8]2,7,2)([9]1,8,3)([10]3,0,6)([11]8,0,4)([12]5,1,7)([13]11,7,5)([14]2,1,1)([15]5,10,3)([16]2,7,6)([17]9,6,4)([18]0,9,4)([19]11,6,7)([20]5,17,6)([21]6,4,7)([22]19,20,1)([23]16,9,6)([24]15,17,2)([25]21,3,2)([26]11,12,7)([27]9,14,2)([28]21,19,3)([29]27,13,7)([30]24,22,3)([31]23,22,5)([32]31,16,2)([33]21,19,5)([34]29,8,3)([35]33,2,5)([36]12,16,0)([37]18,27,6)([38]29,33,3)([39]16,16,2)([40]29,20,6)([41]7,10,2)([42]33,20,1)([43]37,16,6)([44]21,2,1)([45]39,2,4)([46]16,36,4)([47]20,18,2)([48]25,46,3)([49]15,21,1)([50]14,30,7)([51]35,6,4)([52]48,50,5)([53]24,14,6)([54]46,20,2)([55]40,52,5)([56]3,49,3)([57]36,29,5)([58]54,0,7)([59]48,15,7)([60]31,3,2)([61]39,59,2)([62]49,57,2)([63]8,3,3)([64]49,49,4)([65]43,61,6)([66]53,33,4)([67]55,60,3)([68]65,67,7)([69]2,29,3)([70]12,56,0)([71]53,12,6)([72]54,17,5)([73]25,16,5)([74]46,5,3)([75]66,57,6)([76]75,68,6)([77]4,31,1)([78]17,0,4)([79]22,17,6)([80]51,29,6)([81]35,9,0)([82]15,28,1)([83]7,3,1)([84]76,73,7)([85]61,28,6)([86]44,22,4)(84)
optimized area: 133.03
time: 1230110 ms
seed: 1635679876
NOT FOUND
time: 1059711 ms
seed: 1635727721
{7,1,80,1,2,1,8}([7]6,4,5)([8]6,1,7)([9]7,1,7)([10]7,3,7)([11]8,0,2)([12]6,2,3)([13]1,5,7)([14]11,11,6)([15]10,12,2)([16]4,9,3)([17]4,14,4)([18]13,16,4)([19]0,15,2)([20]19,2,7)([21]19,5,3)([22]0,17,7)([23]21,9,2)([24]5,22,6)([25]12,16,5)([26]8,9,7)([27]11,19,7)([28]18,10,5)([29]24,20,3)([30]8,0,3)([31]8,3,5)([32]25,21,4)([33]26,5,4)([34]16,23,0)([35]14,23,6)([36]10,1,3)([37]27,12,0)([38]34,18,4)([39]8,4,3)([40]13,28,1)([41]29,14,7)([42]3,10,2)([43]16,12,6)([44]36,16,4)([45]41,28,5)([46]18,10,4)([47]42,4,6)([48]39,26,5)([49]45,48,4)([50]20,30,4)([51]32,30,5)([52]30,15,7)([53]3,19,6)([54]50,17,5)([55]16,39,1)([56]18,53,3)([57]36,2,2)([58]54,38,4)([59]50,42,6)([60]26,41,2)([61]58,36,5)([62]52,57,2)([63]18,11,1)([64]11,0,6)([65]31,32,0)([66]62,49,6)([67]61,4,4)([68]67,51,2)([69]22,30,6)([70]65,63,4)([71]34,4,1)([72]58,23,5)([73]47,47,3)([74]48,40,3)([75]67,36,3)([76]68,66,3)([77]28,46,5)([78]52,39,7)([79]58,7,6)([80]66,56,1)([81]24,64,6)([82]68,8,2)([83]41,82,1)([84]59,6,7)([85]80,20,2)([86]49,52,7)(76)
evaluations: 28303503
first invidual area: 134.47
{7,1,80,1,2,1,8}([7]4,6,5)([8]6,1,7)([9]6,7,2)([10]3,7,7)([11]8,0,5)([12]2,6,3)([13]5,1,7)([14]1,12,0)([15]10,12,2)([16]4,14,3)([17]4,11,4)([18]16,13,4)([19]0,15,2)([20]19,2,7)([21]9,14,2)([22]0,8,3)([23]17,0,7)([24]5,23,6)([25]16,12,5)([26]2,17,3)([27]18,10,5)([28]19,5,3)([29]28,23,6)([30]24,11,1)([31]20,24,3)([32]28,25,4)([33]22,10,7)([34]27,21,5)([35]22,21,2)([36]10,1,3)([37]30,9,5)([38]32,22,5)([39]26,3,5)([40]4,15,6)([41]10,16,0)([42]14,6,7)([43]14,33,2)([44]11,31,7)([45]44,27,5)([46]44,42,3)([47]42,16,2)([48]8,9,5)([49]45,48,4)([50]22,20,4)([51]16,31,7)([52]22,23,6)([53]5,46,5)([54]50,17,5)([55]19,5,6)([56]45,11,4)([57]36,2,2)([58]54,13,4)([59]15,53,5)([60]10,45,6)([61]30,17,7)([62]57,33,2)([63]32,25,6)([64]49,35,1)([65]58,36,5)([66]49,62,6)([67]65,4,4)([68]36,23,1)([69]45,52,5)([70]22,30,6)([71]26,20,2)([72]63,16,6)([73]4,47,3)([74]39,54,7)([75]31,74,6)([76]62,70,0)([77]67,38,2)([78]2,52,7)([79]45,63,3)([80]27,61,1)([81]77,66,3)([82]75,69,3)([83]59,71,5)([84]72,7,1)([85]38,58,2)([86]52,65,2)(81)
optimized area: 117.59
time: 1144755 ms
seed: 1635774959
{7,1,80,1,2,1,8}([7]1,5,3)([8]3,7,2)([9]7,0,5)([10]4,8,6)([11]6,1,4)([12]10,2,3)([13]6,3,7)([14]3,3,0)([15]11,4,3)([16]5,15,7)([17]12,2,4)([18]12,0,4)([19]16,1,7)([20]17,9,6)([21]19,2,7)([22]18,5,2)([23]18,11,7)([24]19,20,3)([25]24,0,0)([26]3,1,7)([27]4,10,4)([28]18,9,1)([29]9,28,5)([30]18,10,2)([31]30,10,0)([32]8,22,5)([33]14,24,4)([34]23,16,2)([35]15,4,2)([36]10,32,4)([37]17,35,6)([38]13,36,7)([39]31,23,6)([40]37,30,7)([41]38,18,3)([42]34,36,3)([43]31,26,4)([44]42,16,4)([45]37,22,7)([46]40,34,4)([47]3,18,7)([48]11,40,1)([49]42,2,6)([50]21,44,6)([51]41,45,2)([52]35,19,3)([53]10,8,0)([54]12,8,3)([55]48,11,4)([56]37,11,5)([57]42,11,1)([58]39,5,0)([59]21,18,2)([60]57,25,4)([61]4,53,7)([62]11,54,7)([63]32,8,6)([64]53,34,6)([65]61,0,4)([66]59,43,5)([67]24,3,0)([68]65,16,7)([69]51,62,5)([70]66,69,2)([71]0,65,3)([72]12,35,4)([73]2,46,3)([74]73,14,3)([75]69,29,6)([76]51,45,3)([77]28,69,0)([78]7,46,1)([79]70,60,2)([80]43,39,2)([81]79,75,7)([82]1,27,2)([83]26,72,6)([84]57,81,6)([85]25,23,2)([86]5,44,5)(81)
evaluations: 13783599
first invidual area: 133.99
{7,1,80,1,2,1,8}([7]5,1,3)([8]3,7,2)([9]0,7,5)([10]4,8,6)([11]6,1,4)([12]10,2,3)([13]11,1,0)([14]11,4,3)([15]1,3,0)([16]14,5,7)([17]12,2,4)([18]0,12,4)([19]16,15,7)([20]9,17,6)([21]19,2,7)([22]5,18,2)([23]10,3,7)([24]18,4,1)([25]21,18,2)([26]15,3,5)([27]3,22,2)([28]18,11,7)([29]28,7,0)([30]5,6,4)([31]24,3,0)([32]19,20,3)([33]4,22,6)([34]32,17,5)([35]16,29,2)([36]27,10,6)([37]18,23,2)([38]22,2,7)([39]21,34,7)([40]23,13,0)([41]6,23,7)([42]36,35,6)([43]9,18,1)([44]4,17,6)([45]34,18,0)([46]41,24,5)([47]44,22,7)([48]36,26,4)([49]30,40,7)([50]24,9,5)([51]9,17,6)([52]8,12,3)([53]41,37,6)([54]52,11,7)([55]47,8,4)([56]3,12,6)([57]47,46,2)([58]48,7,7)([59]46,17,0)([60]42,32,4)([61]46,9,6)([62]40,1,4)([63]31,0,0)([64]22,43,2)([65]64,60,7)([66]25,62,5)([67]53,30,6)([68]27,66,4)([69]57,54,5)([70]66,69,2)([71]21,59,6)([72]42,27,5)([73]19,49,0)([74]70,53,0)([75]70,50,6)([76]69,7,5)([77]74,39,3)([78]37,44,7)([79]74,60,2)([80]34,71,5)([81]79,75,6)([82]40,29,7)([83]37,32,1)([84]49,18,1)([85]76,6,5)([86]41,0,1)(81)
optimized area: 118.52
time: 1344483 ms
seed: 1635821947
{7,1,80,1,2,1,8}([7]2,3,4)([8]1,7,7)([9]8,0,4)([10]2,2,0)([11]4,1,5)([12]4,1,4)([13]5,1,6)([14]2,8,3)([15]4,6,1)([16]6,2,7)([17]15,5,7)([18]14,17,7)([19]4,2,6)([20]12,16,5)([21]9,15,6)([22]4,6,4)([23]0,12,7)([24]6,7,5)([25]18,6,6)([26]17,13,4)([27]10,15,3)([28]7,21,4)([29]10,15,2)([30]25,26,2)([31]19,14,2)([32]27,23,5)([33]14,23,1)([34]0,27,4)([35]7,6,7)([36]25,3,6)([37]26,9,6)([38]30,37,6)([39]18,36,4)([40]39,1,1)([41]12,7,1)([42]20,38,5)([43]30,14,0)([44]28,20,2)([45]25,3,3)([46]24,39,7)([47]17,27,7)([48]8,40,4)([49]16,30,7)([50]31,40,1)([51]31,36,4)([52]28,38,6)([53]38,48,3)([54]53,35,3)([55]1,8,1)([56]34,28,3)([57]31,23,0)([58]32,54,1)([59]53,27,3)([60]42,33,1)([61]8,49,7)([62]53,56,4)([63]43,34,0)([64]62,38,2)([65]50,29,0)([66]27,33,0)([67]64,46,2)([68]58,37,4)([69]36,14,3)([70]34,54,7)([71]48,70,0)([72]30,40,7)([73]68,28,4)([74]42,70,2)([75]17,58,2)([76]23,19,4)([77]26,67,4)([78]77,74,4)([79]43,73,0)([80]50,22,6)([81]48,77,5)([82]32,32,2)([83]71,66,0)([84]71,44,1)([85]59,34,2)([86]41,67,4)(78)
evaluations: 21753916
first invidual area: 127.93
{7,1,80,1,2,1,8}([7]3,2,4)([8]1,7,7)([9]8,0,4)([10]2,6,7)([11]10,3,4)([12]5,4,7)([13]4,1,4)([14]1,5,5)([15]4,13,1)([16]2,8,3)([17]7,14,0)([18]12,16,4)([19]2,1,5)([20]6,1,0)([21]15,9,6)([22]21,6,5)([23]13,10,5)([24]9,7,5)([25]18,20,6)([26]13,14,4)([27]22,20,0)([28]26,2,1)([29]15,2,6)([30]26,25,2)([31]3,8,5)([32]26,9,6)([33]15,11,5)([34]0,29,7)([35]21,0,5)([36]25,3,6)([37]9,20,1)([38]30,32,6)([39]18,36,4)([40]10,13,2)([41]8,39,7)([42]38,38,6)([43]34,7,3)([44]21,39,4)([45]26,32,1)([46]13,21,1)([47]4,14,5)([48]43,22,5)([49]15,6,6)([50]37,44,6)([51]7,45,5)([52]11,41,3)([53]6,36,4)([54]34,3,7)([55]38,48,2)([56]52,38,6)([57]34,10,5)([58]11,57,5)([59]7,29,4)([60]3,17,7)([61]35,42,1)([62]9,26,3)([63]49,13,2)([64]63,46,0)([65]23,38,5)([66]41,8,1)([67]39,33,4)([68]44,55,5)([69]29,31,5)([70]34,56,4)([71]68,26,4)([72]47,3,2)([73]25,1,6)([74]65,70,5)([75]3,29,3)([76]31,9,4)([77]64,17,7)([78]11,24,3)([79]58,49,5)([80]19,29,4)([81]44,0,7)([82]57,13,5)([83]34,48,0)([84]18,24,0)([85]74,71,4)([86]26,80,6)(85)
optimized area: 117.61
time: 1224541 ms
seed: 1635865057
NOT FOUND
time: 1052085 ms
seed: 1635907034
{7,1,80,1,2,1,8}([7]5,3,2)([8]1,7,3)([9]8,6,3)([10]6,3,6)([11]4,2,4)([12]2,2,5)([13]3,0,1)([14]13,12,3)([15]9,1,5)([16]5,8,7)([17]0,16,2)([18]4,17,3)([19]2,6,4)([20]4,9,0)([21]2,10,0)([22]4,12,1)([23]22,7,7)([24]15,10,5)([25]10,21,3)([26]23,19,7)([27]18,19,7)([28]23,14,6)([29]17,20,7)([30]17,3,7)([31]0,25,2)([32]6,23,3)([33]12,0,7)([34]28,10,2)([35]18,19,5)([36]33,26,6)([37]16,31,3)([38]32,19,7)([39]31,13,4)([40]27,28,3)([41]17,39,5)([42]1,20,1)([43]31,11,6)([44]1,19,7)([45]35,40,2)([46]6,45,4)([47]21,29,2)([48]41,9,7)([49]32,21,6)([50]47,45,1)([51]37,44,4)([52]39,38,5)([53]52,38,0)([54]13,36,2)([55]28,2,0)([56]29,14,2)([57]18,47,5)([58]4,45,7)([59]36,37,0)([60]54,37,6)([61]58,24,0)([62]48,61,2)([63]61,17,3)([64]52,44,4)([65]24,51,5)([66]56,13,7)([67]60,62,7)([68]64,36,7)([69]67,67,1)([70]51,17,7)([71]65,68,2)([72]68,71,0)([73]54,3,2)([74]8,59,7)([75]5,19,5)([76]5,73,3)([77]54,59,2)([78]10,64,5)([79]66,32,4)([80]73,31,3)([81]41,40,1)([82]44,9,6)([83]2,63,6)([84]69,71,3)([85]6,38,0)([86]37,55,5)(84)
evaluations: 41681400
first invidual area: 134.44
{7,1,80,1,2,1,8}([7]5,3,2)([8]7,1,3)([9]8,6,6)([10]3,6,7)([11]2,0,4)([12]2,6,4)([13]12,8,0)([14]7,4,5)([15]9,8,0)([16]8,5,7)([17]16,0,2)([18]17,4,3)([19]3,6,6)([20]17,8,0)([21]3,2,5)([22]15,14,0)([23]4,7,4)([24]21,22,5)([25]2,19,3)([26]23,12,7)([27]18,13,6)([28]23,21,6)([29]6,12,0)([30]27,6,5)([31]0,25,2)([32]6,23,6)([33]12,18,6)([34]4,4,4)([35]16,13,5)([36]11,26,6)([37]16,31,3)([38]21,8,4)([39]31,3,7)([40]27,28,3)([41]18,39,5)([42]32,12,4)([43]1,38,2)([44]1,12,7)([45]35,40,5)([46]28,14,3)([47]41,9,4)([48]31,21,6)([49]31,5,2)([50]25,22,1)([51]37,44,4)([52]39,42,5)([53]26,48,0)([54]36,39,2)([55]31,50,4)([56]9,17,7)([57]52,33,1)([58]4,45,4)([59]35,7,2)([60]54,37,6)([61]47,19,5)([62]47,58,5)([63]44,34,1)([64]52,44,4)([65]24,51,5)([66]39,16,7)([67]60,62,7)([68]64,36,7)([69]31,51,1)([70]14,36,3)([71]65,68,2)([72]33,48,1)([73]26,8,0)([74]67,45,0)([75]66,70,7)([76]69,40,5)([77]19,65,0)([78]45,6,0)([79]51,37,0)([80]23,74,4)([81]61,58,5)([82]75,55,5)([83]7,58,6)([84]67,71,3)([85]83,71,4)([86]29,24,3)(84)
optimized area: 122.74
time: 1111855 ms
seed: 1635943282
{7,1,80,1,2,1,8}([7]1,4,5)([8]2,3,7)([9]7,8,4)([10]5,6,7)([11]5,7,3)([12]4,6,7)([13]9,11,7)([14]0,8,7)([15]2,11,7)([16]11,4,4)([17]15,0,4)([18]3,16,5)([19]6,15,6)([20]16,13,5)([21]14,5,2)([22]10,8,7)([23]5,19,2)([24]18,17,2)([25]22,21,0)([26]12,13,5)([27]21,15,4)([28]6,27,3)([29]27,8,0)([30]0,6,7)([31]1,6,4)([32]21,24,4)([33]30,32,2)([34]31,16,4)([35]26,34,2)([36]0,32,3)([37]12,18,1)([38]23,14,4)([39]22,28,2)([40]25,10,0)([41]25,14,4)([42]1,20,2)([43]39,41,3)([44]43,35,2)([45]38,42,2)([46]29,28,3)([47]42,20,1)([48]16,17,6)([49]37,23,0)([50]38,22,6)([51]38,4,5)([52]44,33,6)([53]30,51,5)([54]11,37,6)([55]0,44,2)([56]30,26,0)([57]3,27,0)([58]53,29,5)([59]47,35,0)([60]32,38,0)([61]3,4,5)([62]25,1,3)([63]38,35,0)([64]58,59,4)([65]48,45,6)([66]52,52,1)([67]35,19,2)([68]25,38,5)([69]25,26,5)([70]56,67,1)([71]61,26,1)([72]49,39,2)([73]52,64,3)([74]18,48,4)([75]65,73,7)([76]2,33,1)([77]18,58,5)([78]70,36,3)([79]3,21,1)([80]33,54,3)([81]17,43,4)([82]75,52,0)([83]2,58,4)([84]55,63,7)([85]14,63,2)([86]44,62,4)(75)
evaluations: 22361898
first invidual area: 143.38
{7,1,80,1,2,1,8}([7]1,6,0)([8]4,7,5)([9]1,6,7)([10]5,0,2)([11]8,5,3)([12]0,6,7)([13]3,2,4)([14]0,13,4)([15]2,11,7)([16]11,4,5)([17]15,0,4)([18]3,16,5)([19]16,13,5)([20]14,11,1)([21]14,5,2)([22]17,16,6)([23]15,6,6)([24]7,22,2)([25]1,11,5)([26]0,5,0)([27]25,14,2)([28]18,17,5)([29]25,13,5)([30]5,23,5)([31]21,15,4)([32]21,28,7)([33]1,9,0)([34]9,16,7)([35]34,29,2)([36]32,12,2)([37]30,14,7)([38]12,6,5)([39]3,14,5)([40]31,24,4)([41]5,12,7)([42]19,33,2)([43]41,39,5)([44]43,35,2)([45]31,17,0)([46]42,37,2)([47]39,11,7)([48]4,37,0)([49]46,22,3)([50]30,49,5)([51]37,48,5)([52]23,28,1)([53]12,51,5)([54]16,31,1)([55]5,49,0)([56]45,53,5)([57]40,28,4)([58]29,56,1)([59]56,42,7)([60]42,45,6)([61]10,22,4)([62]9,58,7)([63]6,2,6)([64]32,9,0)([65]3,30,7)([66]36,46,0)([67]42,7,7)([68]49,27,0)([69]36,44,6)([70]29,31,7)([71]28,44,4)([72]59,11,5)([73]69,59,3)([74]64,65,0)([75]68,73,4)([76]15,56,0)([77]8,6,0)([78]25,6,0)([79]72,63,2)([80]71,43,7)([81]10,37,3)([82]71,54,4)([83]79,36,4)([84]42,44,6)([85]47,5,2)([86]25,45,7)(75)
optimized area: 113.36
time: 1228604 ms
seed: 1635979499
{7,1,80,1,2,1,8}([7]1,5,5)([8]2,4,7)([9]4,0,7)([10]8,1,6)([11]2,3,7)([12]5,11,2)([13]9,1,1)([14]8,6,4)([15]13,11,2)([16]2,1,7)([17]4,11,5)([18]7,12,4)([19]16,5,6)([20]10,5,4)([21]2,6,3)([22]5,20,4)([23]2,15,4)([24]0,18,5)([25]19,8,4)([26]19,14,4)([27]9,3,6)([28]8,27,7)([29]24,9,2)([30]5,7,4)([31]19,6,6)([32]11,26,7)([33]15,6,7)([34]23,21,4)([35]34,13,5)([36]26,17,0)([37]33,35,4)([38]7,24,2)([39]26,29,5)([40]20,32,6)([41]22,26,3)([42]40,38,4)([43]4,39,7)([44]38,34,3)([45]39,10,2)([46]3,14,2)([47]29,41,3)([48]6,42,3)([49]30,46,7)([50]27,45,6)([51]21,37,6)([52]34,25,6)([53]21,14,0)([54]52,50,7)([55]44,10,6)([56]41,39,6)([57]18,52,5)([58]52,25,3)([59]35,10,4)([60]15,43,3)([61]55,58,7)([62]60,61,5)([63]36,52,7)([64]41,54,4)([65]64,42,5)([66]1,64,3)([67]8,29,1)([68]49,65,6)([69]19,11,7)([70]62,20,0)([71]68,47,5)([72]51,61,1)([73]59,58,4)([74]27,19,3)([75]22,35,1)([76]57,75,1)([77]14,70,5)([78]11,41,5)([79]75,14,2)([80]14,57,6)([81]29,73,5)([82]71,62,7)([83]73,69,3)([84]75,75,4)([85]78,80,7)([86]45,15,6)(82)
evaluations: 41891016
first invidual area: 157.91
{7,1,80,1,2,1,8}([7]5,1,5)([8]2,4,7)([9]0,4,7)([10]1,8,6)([11]3,2,7)([12]5,11,5)([13]9,10,1)([14]8,6,4)([15]11,13,2)([16]2,1,7)([17]12,7,0)([18]7,17,7)([19]16,5,6)([20]5,8,4)([21]2,6,5)([22]3,1,1)([23]6,15,4)([24]0,18,5)([25]19,8,4)([26]19,14,3)([27]8,9,6)([28]18,23,1)([29]24,9,2)([30]28,10,4)([31]11,26,7)([32]22,15,4)([33]10,5,3)([34]23,21,7)([35]33,31,6)([36]29,26,5)([37]31,35,3)([38]7,24,2)([39]28,12,3)([40]10,16,0)([41]19,25,5)([42]35,38,4)([43]4,36,7)([44]38,34,3)([45]25,6,2)([46]3,14,5)([47]15,7,4)([48]44,3,4)([49]5,46,7)([50]27,45,6)([51]15,30,1)([52]34,25,6)([53]51,11,4)([54]52,47,1)([55]44,10,3)([56]8,24,3)([57]50,52,3)([58]52,25,3)([59]11,30,6)([60]15,43,3)([61]58,55,5)([62]60,61,5)([63]49,61,6)([64]16,54,3)([65]64,42,5)([66]60,60,4)([67]53,29,6)([68]49,65,6)([69]45,36,0)([70]25,58,2)([71]68,57,5)([72]4,29,6)([73]7,14,7)([74]47,48,4)([75]34,71,6)([76]5,41,4)([77]61,22,5)([78]41,15,0)([79]45,31,1)([80]15,67,4)([81]44,0,1)([82]71,62,7)([83]42,7,2)([84]81,6,5)([85]62,58,4)([86]52,7,4)(82)
optimized area: 131.62
time: 1131980 ms
seed: 1636015336
{7,1,80,1,2,1,8}([7]2,0,2)([8]2,7,5)([9]3,1,6)([10]1,3,4)([11]0,2,4)([12]1,5,4)([13]5,11,0)([14]9,4,2)([15]13,8,4)([16]12,11,4)([17]3,14,3)([18]8,2,0)([19]0,6,7)([20]12,1,4)([21]20,13,3)([22]14,4,4)([23]13,19,4)([24]23,17,6)([25]11,17,7)([26]10,17,4)([27]22,6,6)([28]27,24,7)([29]11,10,3)([30]15,28,2)([31]15,28,2)([32]31,2,6)([33]1,31,4)([34]12,15,0)([35]10,19,5)([36]16,33,6)([37]16,6,7)([38]23,11,3)([39]4,34,6)([40]36,37,6)([41]2,0,2)([42]23,8,0)([43]29,8,3)([44]40,31,6)([45]17,18,5)([46]40,22,4)([47]33,22,3)([48]45,28,5)([49]23,48,7)([50]44,47,7)([51]36,31,2)([52]7,51,7)([53]42,35,4)([54]14,28,1)([55]34,43,2)([56]7,49,3)([57]39,55,7)([58]52,34,4)([59]5,50,0)([60]57,44,3)([61]2,49,3)([62]38,18,4)([63]46,53,6)([64]25,35,5)([65]38,45,5)([66]5,46,7)([67]41,39,6)([68]57,50,3)([69]35,28,5)([70]2,8,4)([71]43,49,2)([72]60,68,0)([73]68,64,5)([74]2,71,5)([75]14,58,6)([76]63,58,5)([77]68,6,5)([78]76,73,2)([79]53,41,4)([80]25,0,7)([81]18,65,2)([82]33,38,1)([83]73,61,5)([84]26,23,3)([85]42,7,3)([86]14,34,2)(78)
evaluations: 32997192
first invidual area: 138.23
{7,1,80,1,2,1,8}([7]4,0,0)([8]3,1,6)([9]4,6,6)([10]0,2,5)([11]2,0,4)([12]1,5,4)([13]1,3,4)([14]8,7,2)([15]10,5,4)([16]12,11,4)([17]14,3,3)([18]14,6,1)([19]6,0,7)([20]0,12,6)([21]9,18,7)([22]4,18,2)([23]5,19,4)([24]17,23,3)([25]11,17,7)([26]13,10,3)([27]19,13,5)([28]9,24,4)([29]10,20,3)([30]12,7,6)([31]15,28,2)([32]31,19,0)([33]1,31,4)([34]6,6,3)([35]23,3,0)([36]16,33,6)([37]6,16,7)([38]20,21,5)([39]28,16,6)([40]36,37,6)([41]16,5,4)([42]12,26,2)([43]35,42,0)([44]4,23,5)([45]40,31,3)([46]40,22,4)([47]33,22,6)([48]17,34,4)([49]8,25,2)([50]45,47,7)([51]48,18,0)([52]45,0,2)([53]25,49,6)([54]43,53,1)([55]43,49,7)([56]36,26,2)([57]30,42,6)([58]32,44,6)([59]29,43,3)([60]23,27,4)([61]33,13,0)([62]20,52,3)([63]46,60,6)([64]25,27,5)([65]63,11,5)([66]51,4,4)([67]18,64,6)([68]57,50,3)([69]16,32,2)([70]30,1,4)([71]56,49,0)([72]23,40,7)([73]68,64,5)([74]49,40,1)([75]15,74,7)([76]63,62,5)([77]13,40,6)([78]77,43,1)([79]66,36,6)([80]23,17,1)([81]3,72,3)([82]11,12,7)([83]76,73,2)([84]59,4,0)([85]67,84,7)([86]17,81,3)(83)
optimized area: 125.55
time: 1169045 ms
seed: 1636050106
NOT FOUND
time: 1077663 ms
seed: 1636083910
NOT FOUND
time: 1054292 ms
seed: 1636117048
{7,1,80,1,2,1,8}([7]3,2,7)([8]4,3,2)([9]2,1,7)([10]1,5,7)([11]7,4,3)([12]7,9,7)([13]11,4,4)([14]1,12,2)([15]10,4,3)([16]13,8,6)([17]9,11,2)([18]0,8,1)([19]8,12,6)([20]10,5,1)([21]17,14,7)([22]19,5,0)([23]9,16,5)([24]18,20,7)([25]10,6,7)([26]10,23,6)([27]25,6,0)([28]4,12,4)([29]8,7,4)([30]13,26,5)([31]9,27,7)([32]25,6,4)([33]1,6,2)([34]16,18,5)([35]24,23,4)([36]11,32,7)([37]21,27,4)([38]34,23,3)([39]28,15,5)([40]24,16,7)([41]31,1,2)([42]24,6,6)([43]39,38,5)([44]18,8,2)([45]15,43,4)([46]21,35,5)([47]11,41,4)([48]4,33,6)([49]10,22,7)([50]24,44,7)([51]30,3,1)([52]5,34,6)([53]39,11,4)([54]38,53,7)([55]12,1,6)([56]44,10,5)([57]37,50,4)([58]38,11,2)([59]21,18,4)([60]43,57,2)([61]59,32,6)([62]60,47,5)([63]46,54,6)([64]36,48,6)([65]53,57,0)([66]57,23,2)([67]64,63,7)([68]37,6,0)([69]34,45,7)([70]32,43,3)([71]31,59,6)([72]71,67,3)([73]69,58,6)([74]53,45,0)([75]62,72,2)([76]42,16,0)([77]1,40,7)([78]64,45,4)([79]32,51,0)([80]60,77,4)([81]12,46,6)([82]72,54,6)([83]27,82,5)([84]5,14,1)([85]10,55,1)([86]66,77,3)(75)
evaluations: 30882820
first invidual area: 152.29
{7,1,80,1,2,1,8}([7]3,2,7)([8]3,4,2)([9]2,1,7)([10]1,5,7)([11]7,4,3)([12]9,7,7)([13]12,4,4)([14]10,4,3)([15]12,3,5)([16]6,1,2)([17]9,11,5)([18]8,9,5)([19]14,11,4)([20]0,2,1)([21]17,15,7)([22]8,13,6)([23]9,22,5)([24]10,0,7)([25]10,6,7)([26]8,20,5)([27]26,21,4)([28]23,22,0)([29]17,22,6)([30]9,28,2)([31]25,9,7)([32]22,4,7)([33]22,6,6)([34]13,14,5)([35]32,31,4)([36]16,4,6)([37]21,25,7)([38]0,28,3)([39]29,15,1)([40]26,32,7)([41]31,1,5)([42]11,10,4)([43]34,38,5)([44]42,20,0)([45]38,24,4)([46]21,45,5)([47]11,41,7)([48]28,47,3)([49]14,30,5)([50]24,26,7)([51]33,24,6)([52]17,46,5)([53]43,11,7)([54]16,34,4)([55]20,52,1)([56]53,46,3)([57]37,50,4)([58]21,21,3)([59]58,0,7)([60]43,57,2)([61]48,46,6)([62]60,47,5)([63]22,28,5)([64]44,36,3)([65]13,26,1)([66]56,64,7)([67]21,37,6)([68]59,31,6)([69]23,41,2)([70]0,1,0)([71]42,58,2)([72]68,66,3)([73]66,16,4)([74]35,55,0)([75]62,72,2)([76]41,68,4)([77]65,67,3)([78]20,13,6)([79]44,32,7)([80]72,69,4)([81]45,8,3)([82]36,4,3)([83]79,65,4)([84]66,52,2)([85]30,17,1)([86]35,28,2)(75)
optimized area: 133.07
time: 1168615 ms
seed: 1636149682
{7,1,80,1,2,1,8}([7]3,6,4)([8]1,7,4)([9]3,2,4)([10]7,4,5)([11]4,1,3)([12]3,6,5)([13]1,12,3)([14]2,13,7)([15]11,6,3)([16]3,0,6)([17]1,4,4)([18]10,16,7)([19]14,11,2)([20]19,8,4)([21]6,18,6)([22]1,5,2)([23]18,20,7)([24]21,5,4)([25]22,12,4)([26]23,4,3)([27]24,17,7)([28]0,22,4)([29]27,24,7)([30]26,21,1)([31]7,20,3)([32]23,11,4)([33]9,32,1)([34]5,28,7)([35]17,32,2)([36]27,26,7)([37]22,35,4)([38]34,7,5)([39]34,26,7)([40]0,33,4)([41]31,25,2)([42]6,39,3)([43]25,10,1)([44]32,39,3)([45]9,43,2)([46]21,3,2)([47]17,2,3)([48]9,44,2)([49]26,42,6)([50]44,24,3)([51]50,37,7)([52]49,21,2)([53]52,41,0)([54]4,46,7)([55]25,1,2)([56]35,15,0)([57]41,2,4)([58]44,22,3)([59]20,35,3)([60]39,54,3)([61]36,56,4)([62]61,45,6)([63]27,11,0)([64]57,62,2)([65]64,51,3)([66]25,12,6)([67]18,64,2)([68]11,62,6)([69]64,52,3)([70]64,29,1)([71]62,19,5)([72]69,40,2)([73]47,46,6)([74]4,34,7)([75]35,55,3)([76]75,27,4)([77]52,66,4)([78]9,55,6)([79]0,40,6)([80]4,20,3)([81]60,43,0)([82]46,11,6)([83]52,71,4)([84]16,17,4)([85]72,65,7)([86]82,4,6)(85)
evaluations: 10037829
first invidual area: 158.86
{7,1,80,1,2,1,8}([7]3,6,4)([8]4,7,5)([9]0,3,6)([10]7,1,4)([11]1,4,3)([12]6,3,5)([13]10,12,6)([14]2,3,4)([15]2,13,4)([16]2,8,1)([17]4,1,4)([18]9,8,7)([19]15,11,5)([20]10,19,7)([21]6,18,6)([22]1,5,2)([23]18,20,7)([24]1,23,3)([25]22,12,5)([26]17,24,7)([27]16,19,1)([28]0,22,7)([29]5,21,4)([30]22,24,5)([31]28,21,6)([32]23,11,4)([33]29,30,4)([34]2,6,5)([35]17,32,5)([36]9,31,3)([37]35,22,7)([38]29,4,1)([39]31,23,4)([40]14,0,7)([41]20,7,3)([42]21,28,2)([43]29,26,7)([44]32,39,3)([45]36,13,6)([46]15,45,0)([47]39,18,6)([48]1,31,0)([49]25,41,5)([50]44,29,6)([51]50,37,3)([52]17,16,6)([53]46,41,7)([54]45,47,4)([55]26,41,4)([56]0,5,7)([57]2,49,7)([58]12,7,5)([59]1,2,3)([60]39,37,2)([61]27,48,0)([62]60,43,6)([63]22,56,1)([64]57,62,2)([65]8,28,3)([66]17,12,6)([67]23,60,7)([68]9,14,2)([69]49,68,1)([70]64,42,3)([71]40,52,2)([72]70,40,5)([73]31,12,2)([74]28,38,2)([75]61,42,1)([76]51,64,6)([77]57,76,4)([78]30,57,6)([79]25,72,0)([80]24,73,5)([81]68,59,1)([82]13,45,6)([83]59,9,1)([84]4,58,0)([85]72,76,7)([86]11,66,1)(85)
optimized area: 137.29
time: 1600569 ms
seed: 1636182083
NOT FOUND
time: 1071173 ms
seed: 1636212745
NOT FOUND
time: 1073202 ms
seed: 1636242717
NOT FOUND
time: 1084299 ms
seed: 1636261883
NOT FOUND
time: 1071856 ms
seed: 1636278440
NOT FOUND
time: 1063771 ms
seed: 1636294873
{7,1,80,1,2,1,8}([7]5,1,2)([8]6,0,4)([9]2,8,1)([10]9,1,5)([11]3,4,3)([12]9,0,4)([13]10,8,2)([14]7,13,0)([15]2,10,7)([16]1,8,2)([17]14,15,3)([18]5,13,7)([19]18,1,2)([20]14,0,6)([21]19,8,4)([22]21,17,5)([23]22,3,5)([24]17,13,1)([25]21,10,3)([26]23,13,6)([27]10,16,4)([28]11,0,4)([29]2,28,5)([30]17,26,7)([31]23,29,7)([32]31,11,1)([33]18,31,5)([34]33,27,4)([35]12,33,4)([36]4,19,4)([37]5,10,6)([38]34,36,3)([39]22,36,1)([40]34,24,2)([41]4,40,2)([42]39,31,3)([43]38,5,4)([44]38,22,7)([45]15,30,2)([46]45,41,6)([47]30,20,4)([48]14,43,6)([49]10,1,1)([50]17,20,6)([51]28,44,1)([52]15,34,2)([53]31,51,7)([54]17,24,3)([55]48,35,6)([56]41,2,7)([57]38,55,7)([58]51,31,0)([59]8,19,7)([60]29,57,3)([61]52,47,3)([62]55,0,4)([63]61,62,3)([64]29,61,2)([65]58,49,2)([66]35,61,4)([67]47,57,3)([68]20,7,2)([69]12,7,7)([70]9,64,6)([71]37,44,1)([72]9,69,1)([73]2,69,0)([74]5,73,5)([75]68,1,2)([76]13,66,5)([77]3,76,3)([78]37,8,5)([79]55,67,7)([80]52,1,2)([81]66,36,6)([82]52,33,3)([83]77,79,5)([84]19,66,7)([85]67,11,1)([86]44,80,1)(83)
evaluations: 12236313
first invidual area: 129.32
{7,1,80,1,2,1,8}([7]1,5,2)([8]0,6,4)([9]2,2,1)([10]9,1,5)([11]3,4,3)([12]2,1,3)([13]10,8,2)([14]7,0,6)([15]0,11,4)([16]0,2,4)([17]2,15,5)([18]5,13,7)([19]18,1,2)([20]1,7,4)([21]19,8,4)([22]12,21,5)([23]3,22,5)([24]8,1,5)([25]6,4,3)([26]0,13,5)([27]13,23,6)([28]17,23,7)([29]4,19,4)([30]19,29,3)([31]24,10,7)([32]3,29,3)([33]18,28,5)([34]33,31,4)([35]33,16,7)([36]27,12,4)([37]35,7,6)([38]34,29,3)([39]25,7,3)([40]26,0,3)([41]13,18,5)([42]5,37,6)([43]5,38,4)([44]5,6,6)([45]43,15,0)([46]35,32,3)([47]11,14,2)([48]43,7,6)([49]4,5,1)([50]26,48,7)([51]2,4,7)([52]3,6,0)([53]15,24,5)([54]17,24,5)([55]48,35,6)([56]14,36,4)([57]38,55,7)([58]57,18,4)([59]35,51,0)([60]59,13,3)([61]32,2,1)([62]26,49,6)([63]57,19,6)([64]31,29,5)([65]52,42,1)([66]34,16,3)([67]56,57,3)([68]54,44,2)([69]63,54,0)([70]36,45,2)([71]67,38,7)([72]48,4,2)([73]41,69,4)([74]14,56,1)([75]51,43,7)([76]72,9,4)([77]58,11,3)([78]50,34,5)([79]55,17,2)([80]52,78,3)([81]68,7,5)([82]63,66,1)([83]27,29,7)([84]71,80,5)([85]20,26,6)([86]23,25,1)(84)
optimized area: 121.35
time: 1492672 ms
seed: 1636311251
NOT FOUND
time: 1138034 ms
seed: 1636327517
NOT FOUND
time: 1058026 ms
