seed: 1634024635
NOT FOUND
time: 530091 ms
seed: 1634073417
NOT FOUND
time: 530056 ms
seed: 1634234994
NOT FOUND
time: 531424 ms
seed: 1634372542
NOT FOUND
time: 534054 ms
seed: 1634421535
{7,1,80,1,2,1,8}([7]4,2,5)([8]2,1,3)([9]5,3,4)([10]9,4,3)([11]8,9,5)([12]11,0,1)([13]7,9,7)([14]1,5,3)([15]4,14,7)([16]6,12,3)([17]0,5,5)([18]17,15,7)([19]10,6,2)([20]2,6,4)([21]3,2,3)([22]7,16,7)([23]16,0,4)([24]15,22,4)([25]21,19,5)([26]11,19,6)([27]23,18,3)([28]13,27,7)([29]26,7,7)([30]25,5,7)([31]20,24,0)([32]5,25,0)([33]0,1,4)([34]31,23,3)([35]33,22,3)([36]0,11,1)([37]22,8,3)([38]13,20,7)([39]34,28,5)([40]0,10,2)([41]33,23,2)([42]1,31,5)([43]2,34,0)([44]33,35,3)([45]24,41,7)([46]45,33,6)([47]42,32,4)([48]12,28,5)([49]17,13,5)([50]2,2,3)([51]41,50,3)([52]46,30,7)([53]50,25,5)([54]53,26,7)([55]20,41,4)([56]8,45,6)([57]53,7,0)([58]51,42,6)([59]39,47,3)([60]47,25,6)([61]29,29,6)([62]20,56,7)([63]36,8,0)([64]56,0,5)([65]18,51,2)([66]6,48,1)([67]27,12,6)([68]5,9,2)([69]52,65,3)([70]31,61,0)([71]29,69,3)([72]69,0,6)([73]57,38,1)([74]12,61,4)([75]69,59,7)([76]74,0,0)([77]56,74,4)([78]25,75,6)([79]46,62,4)([80]14,59,5)([81]75,71,5)([82]17,12,0)([83]59,72,2)([84]24,70,0)([85]45,58,0)([86]81,70,7)(86)
evaluations: 19301586
first invidual area: 131.66
{7,1,80,1,2,1,8}([7]2,4,5)([8]1,2,3)([9]3,5,4)([10]2,3,3)([11]9,8,2)([12]1,5,6)([13]9,7,7)([14]6,10,2)([15]12,4,4)([16]11,6,3)([17]0,5,5)([18]17,15,7)([19]11,9,2)([20]6,2,4)([21]4,13,3)([22]16,7,4)([23]16,0,4)([24]23,2,0)([25]21,14,5)([26]24,18,3)([27]25,22,2)([28]26,13,7)([29]20,23,3)([30]5,25,4)([31]22,15,4)([32]11,16,6)([33]1,0,4)([34]27,1,0)([35]33,31,6)([36]12,32,3)([37]23,3,4)([38]6,20,5)([39]4,35,6)([40]15,25,1)([41]35,30,4)([42]20,1,5)([43]34,6,5)([44]15,30,4)([45]23,33,2)([46]28,29,5)([47]5,42,4)([48]40,26,2)([49]45,17,0)([50]12,40,1)([51]2,45,3)([52]8,38,4)([53]47,46,3)([54]5,50,3)([55]22,6,6)([56]37,30,7)([57]53,36,0)([58]32,50,7)([59]55,53,3)([60]9,49,5)([61]57,23,5)([62]54,60,5)([63]42,23,6)([64]59,5,4)([65]18,51,2)([66]5,56,4)([67]55,42,7)([68]56,59,4)([69]41,65,3)([70]68,32,0)([71]22,30,4)([72]8,62,7)([73]2,17,7)([74]6,53,3)([75]69,53,7)([76]41,55,3)([77]10,45,2)([78]66,19,3)([79]22,69,6)([80]21,34,1)([81]75,59,5)([82]37,49,0)([83]17,69,7)([84]71,4,4)([85]76,38,2)([86]81,20,7)(86)
optimized area: 121.35
time: 615754 ms
seed: 1634629864
NOT FOUND
time: 537501 ms
seed: 1635156902
NOT FOUND
time: 532294 ms
seed: 1635206014
NOT FOUND
time: 531432 ms
seed: 1635388720
NOT FOUND
time: 988576 ms
seed: 1635636636
NOT FOUND
time: 1069778 ms
seed: 1635684343
{7,1,80,1,2,1,8}([7]2,0,2)([8]1,6,6)([9]0,6,7)([10]5,7,4)([11]8,4,3)([12]3,4,3)([13]0,10,1)([14]2,4,6)([15]13,1,4)([16]5,15,4)([17]16,6,4)([18]7,5,3)([19]9,12,6)([20]14,19,4)([21]11,6,5)([22]11,7,7)([23]22,12,3)([24]19,12,4)([25]12,17,7)([26]17,23,3)([27]6,16,3)([28]18,27,4)([29]6,26,7)([30]8,27,5)([31]1,14,7)([32]5,30,5)([33]5,15,3)([34]9,18,5)([35]34,2,4)([36]10,35,4)([37]15,9,7)([38]8,31,1)([39]30,5,1)([40]20,11,7)([41]22,29,7)([42]39,27,7)([43]33,31,5)([44]25,31,2)([45]5,33,4)([46]17,34,6)([47]18,41,2)([48]43,42,0)([49]3,47,3)([50]14,20,5)([51]24,44,4)([52]34,9,1)([53]19,37,7)([54]33,19,2)([55]44,36,6)([56]46,42,3)([57]49,55,3)([58]27,14,3)([59]4,47,5)([60]3,27,6)([61]12,12,0)([62]21,33,5)([63]5,17,2)([64]33,26,3)([65]17,53,6)([66]46,11,0)([67]47,65,2)([68]36,56,5)([69]17,48,2)([70]60,40,3)([71]20,15,4)([72]70,67,7)([73]0,6,0)([74]72,68,2)([75]6,37,4)([76]43,28,2)([77]74,57,5)([78]5,40,7)([79]18,55,4)([80]76,77,4)([81]43,28,7)([82]55,73,2)([83]64,19,3)([84]64,27,5)([85]53,15,0)([86]57,23,5)(80)
evaluations: 21538412
first invidual area: 162.11
{7,1,80,1,2,1,8}([7]0,2,2)([8]6,1,6)([9]0,6,7)([10]1,0,7)([11]4,8,3)([12]3,11,0)([13]6,11,4)([14]2,4,6)([15]4,3,3)([16]5,1,7)([17]9,16,7)([18]5,7,3)([19]9,18,5)([20]14,11,4)([21]6,7,3)([22]2,5,7)([23]16,15,6)([24]16,20,0)([25]15,8,5)([26]21,12,4)([27]17,6,3)([28]18,27,4)([29]12,7,7)([30]13,20,4)([31]25,28,5)([32]31,17,2)([33]31,17,1)([34]11,18,5)([35]7,19,4)([36]35,22,7)([37]36,11,6)([38]37,24,4)([39]14,1,7)([40]21,31,0)([41]33,12,0)([42]25,27,5)([43]10,39,5)([44]20,9,2)([45]13,7,4)([46]36,23,6)([47]45,18,2)([48]32,22,6)([49]47,3,3)([50]49,48,3)([51]12,11,7)([52]25,26,4)([53]13,40,5)([54]19,35,2)([55]23,20,7)([56]5,2,4)([57]27,7,6)([58]48,42,3)([59]3,27,6)([60]50,46,6)([61]35,19,4)([62]19,31,1)([63]48,47,7)([64]17,41,6)([65]27,60,3)([66]39,13,5)([67]47,64,5)([68]36,58,5)([69]37,56,5)([70]59,55,6)([71]52,64,5)([72]70,67,7)([73]56,1,5)([74]68,72,2)([75]1,57,3)([76]43,28,5)([77]74,50,5)([78]17,3,5)([79]5,17,6)([80]76,77,7)([81]42,4,0)([82]20,77,4)([83]60,81,5)([84]10,45,4)([85]23,7,5)([86]22,65,5)(80)
optimized area: 130.70
time: 1255280 ms
seed: 1635732177
NOT FOUND
time: 1049900 ms
seed: 1635779452
NOT FOUND
time: 1081811 ms
seed: 1635826350
NOT FOUND
time: 1082897 ms
seed: 1635869478
NOT FOUND
time: 1065579 ms
seed: 1635911480
{7,1,80,1,2,1,8}([7]6,4,4)([8]1,7,7)([9]4,8,6)([10]7,5,7)([11]5,3,5)([12]8,2,3)([13]5,11,7)([14]2,3,6)([15]14,7,3)([16]9,6,7)([17]13,16,4)([18]12,7,2)([19]0,9,2)([20]0,18,5)([21]8,10,6)([22]2,10,2)([23]8,14,7)([24]4,20,5)([25]0,8,6)([26]16,22,7)([27]12,22,3)([28]2,3,2)([29]26,22,3)([30]0,15,7)([31]8,17,6)([32]10,16,7)([33]0,31,5)([34]22,21,6)([35]30,33,7)([36]35,1,5)([37]21,0,4)([38]26,1,5)([39]30,1,6)([40]32,21,5)([41]19,29,7)([42]32,41,2)([43]17,24,4)([44]43,23,4)([45]8,26,3)([46]22,25,5)([47]38,8,7)([48]1,9,1)([49]40,9,4)([50]19,36,6)([51]28,46,2)([52]34,16,5)([53]37,38,4)([54]50,49,7)([55]41,32,5)([56]36,39,3)([57]2,9,7)([58]46,21,1)([59]51,52,2)([60]41,8,5)([61]34,39,2)([62]3,13,1)([63]59,61,7)([64]43,55,5)([65]34,2,7)([66]9,27,3)([67]64,63,2)([68]3,54,2)([69]39,44,4)([70]36,17,2)([71]33,52,5)([72]54,67,4)([73]24,14,2)([74]72,73,4)([75]48,22,0)([76]40,17,2)([77]11,45,3)([78]14,53,6)([79]59,41,1)([80]46,77,3)([81]53,28,1)([82]51,74,7)([83]74,65,1)([84]28,60,1)([85]73,12,5)([86]73,64,7)(82)
evaluations: 20482515
first invidual area: 149.92
{7,1,80,1,2,1,8}([7]4,6,4)([8]7,1,7)([9]4,8,6)([10]5,7,7)([11]3,2,1)([12]1,2,3)([13]5,11,2)([14]3,2,6)([15]7,14,6)([16]6,9,7)([17]16,13,4)([18]0,16,2)([19]9,0,2)([20]12,18,5)([21]8,10,6)([22]12,10,2)([23]10,13,1)([24]4,20,5)([25]8,17,3)([26]25,3,1)([27]8,0,6)([28]2,3,2)([29]23,2,3)([30]0,15,7)([31]27,23,0)([32]13,3,5)([33]25,0,5)([34]22,21,6)([35]15,33,7)([36]35,1,5)([37]7,30,3)([38]22,27,5)([39]21,28,0)([40]24,38,0)([41]19,29,7)([42]29,8,3)([43]24,17,4)([44]16,38,5)([45]16,39,3)([46]33,13,0)([47]5,21,5)([48]34,43,5)([49]9,47,4)([50]19,36,3)([51]38,28,2)([52]24,34,5)([53]5,4,3)([54]51,49,4)([55]41,45,5)([56]15,51,7)([57]30,35,5)([58]30,34,5)([59]52,51,5)([60]8,10,5)([61]11,45,1)([62]4,19,5)([63]59,58,7)([64]43,55,5)([65]54,38,1)([66]38,41,7)([67]64,63,5)([68]60,46,4)([69]62,24,2)([70]48,37,6)([71]8,63,5)([72]50,54,4)([73]40,14,5)([74]72,73,7)([75]12,26,0)([76]63,6,4)([77]63,76,3)([78]75,51,3)([79]0,52,6)([80]48,69,4)([81]68,76,7)([82]74,67,4)([83]28,2,2)([84]2,37,2)([85]53,7,3)([86]54,47,2)(82)
optimized area: 137.24
time: 1314777 ms
seed: 1635947772
NOT FOUND
time: 1079381 ms
seed: 1635984070
{7,1,80,1,2,1,8}([7]2,0,5)([8]1,7,4)([9]7,0,1)([10]3,4,4)([11]6,8,4)([12]5,2,3)([13]5,1,7)([14]5,0,4)([15]14,8,3)([16]4,6,0)([17]6,2,4)([18]11,16,5)([19]8,0,7)([20]9,14,2)([21]14,19,5)([22]10,8,6)([23]14,3,2)([24]10,21,7)([25]16,24,1)([26]15,4,2)([27]22,2,2)([28]24,27,7)([29]18,1,0)([30]0,27,6)([31]30,6,7)([32]28,12,7)([33]31,3,2)([34]26,17,3)([35]15,17,4)([36]23,0,4)([37]33,10,6)([38]14,35,4)([39]21,26,3)([40]35,21,2)([41]5,0,7)([42]34,12,7)([43]39,20,4)([44]32,40,6)([45]2,36,7)([46]22,15,5)([47]33,13,6)([48]33,23,2)([49]44,42,3)([50]33,45,4)([51]29,50,3)([52]38,51,4)([53]37,51,6)([54]24,23,0)([55]39,49,7)([56]47,33,2)([57]42,31,6)([58]26,20,7)([59]29,45,1)([60]55,16,6)([61]48,25,3)([62]18,59,6)([63]34,53,5)([64]43,3,3)([65]4,36,7)([66]15,36,5)([67]8,40,0)([68]57,38,1)([69]15,55,7)([70]49,37,2)([71]33,38,0)([72]61,13,4)([73]63,55,5)([74]17,46,2)([75]38,33,4)([76]47,35,6)([77]47,73,4)([78]8,36,7)([79]78,64,0)([80]37,53,0)([81]76,77,0)([82]3,12,2)([83]56,52,3)([84]68,77,3)([85]66,72,4)([86]40,58,5)(77)
evaluations: 40216490
first invidual area: 133.55
{7,1,80,1,2,1,8}([7]2,0,5)([8]1,7,4)([9]6,1,0)([10]4,3,4)([11]8,10,6)([12]5,8,4)([13]1,5,7)([14]0,5,4)([15]14,8,3)([16]6,8,4)([17]2,6,4)([18]4,1,4)([19]5,18,0)([20]4,15,2)([21]14,12,5)([22]21,14,0)([23]14,3,2)([24]17,21,4)([25]12,21,6)([26]13,0,0)([27]2,11,2)([28]27,24,7)([29]17,15,4)([30]0,27,6)([31]30,6,7)([32]28,10,7)([33]21,5,0)([34]20,17,3)([35]23,32,5)([36]32,16,0)([37]2,5,3)([38]3,31,2)([39]33,20,3)([40]29,39,2)([41]9,35,3)([42]34,37,7)([43]4,16,5)([44]40,36,6)([45]30,2,4)([46]18,37,7)([47]38,26,3)([48]36,28,3)([49]42,44,6)([50]10,45,7)([51]43,50,3)([52]12,46,5)([53]23,51,6)([54]46,43,5)([55]39,49,4)([56]9,27,5)([57]24,4,5)([58]53,2,0)([59]36,37,3)([60]29,21,0)([61]22,37,3)([62]3,12,2)([63]42,53,5)([64]36,9,3)([65]46,9,1)([66]40,26,1)([67]15,2,5)([68]1,25,7)([69]7,30,6)([70]20,23,0)([71]36,28,5)([72]30,13,6)([73]55,63,5)([74]42,33,5)([75]12,61,0)([76]4,17,4)([77]51,16,7)([78]67,26,5)([79]9,37,6)([80]50,25,3)([81]74,19,3)([82]73,47,7)([83]78,31,1)([84]4,12,5)([85]30,73,3)([86]53,5,0)(82)
optimized area: 126.52
time: 1101835 ms
seed: 1636019843
{7,1,80,1,2,1,8}([7]0,5,7)([8]4,0,6)([9]5,0,0)([10]7,0,3)([11]4,8,3)([12]3,6,3)([13]10,4,7)([14]6,10,4)([15]7,12,3)([16]14,2,7)([17]11,9,6)([18]2,14,1)([19]0,8,4)([20]1,17,6)([21]9,20,7)([22]6,3,2)([23]15,1,2)([24]4,20,6)([25]14,23,5)([26]6,3,7)([27]23,16,4)([28]22,10,4)([29]17,27,0)([30]23,20,6)([31]11,18,7)([32]22,14,4)([33]8,5,7)([34]19,27,2)([35]3,31,6)([36]5,31,7)([37]26,16,1)([38]4,34,4)([39]37,15,0)([40]28,35,6)([41]26,31,6)([42]11,27,3)([43]1,31,1)([44]5,23,2)([45]30,35,5)([46]5,32,2)([47]34,17,7)([48]38,18,3)([49]7,37,2)([50]34,46,2)([51]16,18,4)([52]50,25,7)([53]45,41,7)([54]14,46,7)([55]52,53,7)([56]4,16,6)([57]47,40,4)([58]43,47,5)([59]46,53,4)([60]48,45,2)([61]50,39,2)([62]50,24,3)([63]55,48,2)([64]57,63,2)([65]45,4,4)([66]17,5,1)([67]36,32,3)([68]13,15,3)([69]66,6,6)([70]67,52,5)([71]45,63,6)([72]70,8,2)([73]34,49,5)([74]67,48,2)([75]35,72,3)([76]56,21,3)([77]39,73,4)([78]60,33,1)([79]15,69,7)([80]76,61,4)([81]25,7,4)([82]64,74,1)([83]23,63,7)([84]64,80,4)([85]57,68,6)([86]36,14,0)(84)
evaluations: 13529093
first invidual area: 142.44
{7,1,80,1,2,1,8}([7]5,0,7)([8]0,4,6)([9]3,5,1)([10]7,0,3)([11]8,4,3)([12]2,9,1)([13]7,6,3)([14]6,10,4)([15]12,4,2)([16]14,2,7)([17]11,5,6)([18]16,16,2)([19]13,3,3)([20]1,17,6)([21]12,11,7)([22]6,3,2)([23]19,1,2)([24]10,22,4)([25]16,23,4)([26]6,3,4)([27]11,14,2)([28]15,24,3)([29]2,10,3)([30]23,20,6)([31]0,8,3)([32]2,25,1)([33]31,25,2)([34]12,12,3)([35]22,21,6)([36]20,5,7)([37]33,5,2)([38]4,33,4)([39]28,32,5)([40]7,30,5)([41]35,26,5)([42]30,35,5)([43]23,14,5)([44]24,28,0)([45]7,26,5)([46]14,22,3)([47]33,17,4)([48]34,38,3)([49]35,24,6)([50]46,37,2)([51]19,22,7)([52]41,42,7)([53]50,43,4)([54]35,27,4)([55]52,53,7)([56]48,55,2)([57]47,49,7)([58]25,16,5)([59]47,36,1)([60]53,9,5)([61]26,50,5)([62]45,19,6)([63]56,37,7)([64]57,56,5)([65]17,4,3)([66]59,6,5)([67]62,22,3)([68]55,29,2)([69]63,60,4)([70]22,19,0)([71]46,5,1)([72]8,56,6)([73]16,4,6)([74]0,33,2)([75]4,73,4)([76]73,36,3)([77]64,23,5)([78]25,15,6)([79]64,42,0)([80]76,61,7)([81]20,48,7)([82]75,53,7)([83]65,6,5)([84]79,80,7)([85]44,75,7)([86]19,73,6)(84)
optimized area: 134.93
time: 1331438 ms
seed: 1636054557
{7,1,80,1,2,1,8}([7]0,3,4)([8]0,5,7)([9]2,1,4)([10]1,2,6)([11]7,6,6)([12]6,3,5)([13]6,12,7)([14]0,4,7)([15]1,8,6)([16]5,13,4)([17]13,1,4)([18]8,17,5)([19]0,18,2)([20]11,17,2)([21]6,10,7)([22]21,8,4)([23]14,22,3)([24]23,12,7)([25]2,23,4)([26]15,4,6)([27]20,12,2)([28]13,2,7)([29]5,20,5)([30]26,22,2)([31]12,1,7)([32]30,8,0)([33]3,19,7)([34]16,25,1)([35]10,6,6)([36]33,25,7)([37]30,2,5)([38]34,1,3)([39]34,1,6)([40]17,25,6)([41]14,20,5)([42]40,16,7)([43]32,11,5)([44]38,2,2)([45]29,17,0)([46]0,32,4)([47]43,42,7)([48]34,12,5)([49]19,1,1)([50]30,31,5)([51]4,21,4)([52]9,7,4)([53]5,52,2)([54]51,36,3)([55]29,9,6)([56]53,24,3)([57]47,54,5)([58]21,49,2)([59]57,47,0)([60]1,21,5)([61]40,3,2)([62]21,24,7)([63]40,23,6)([64]23,37,2)([65]26,64,6)([66]41,31,6)([67]50,13,7)([68]53,11,2)([69]41,34,6)([70]59,13,0)([71]44,56,6)([72]37,57,4)([73]49,50,5)([74]19,47,4)([75]44,31,7)([76]69,29,3)([77]63,20,7)([78]71,69,4)([79]78,72,3)([80]17,28,2)([81]67,42,4)([82]12,76,4)([83]32,10,4)([84]52,53,4)([85]73,19,1)([86]17,25,1)(79)
evaluations: 8186000
first invidual area: 141.51
{7,1,80,1,2,1,8}([7]0,3,4)([8]4,7,0)([9]2,8,6)([10]2,1,3)([11]6,7,6)([12]6,3,5)([13]12,6,2)([14]8,0,7)([15]2,1,4)([16]0,5,7)([17]13,1,4)([18]5,17,5)([19]7,18,5)([20]19,1,6)([21]6,10,4)([22]21,16,4)([23]22,14,3)([24]11,14,5)([25]23,2,4)([26]4,20,6)([27]10,25,6)([28]22,25,6)([29]1,15,4)([30]22,26,2)([31]30,2,5)([32]17,2,5)([33]25,17,3)([34]7,20,3)([35]10,7,4)([36]4,21,4)([37]25,4,4)([38]11,30,5)([39]13,5,7)([40]24,18,6)([41]20,16,1)([42]33,39,7)([43]31,9,5)([44]36,21,7)([45]1,8,3)([46]27,40,3)([47]38,42,7)([48]34,6,6)([49]12,23,7)([50]19,25,7)([51]34,35,3)([52]38,30,1)([53]42,11,1)([54]5,35,2)([55]36,50,3)([56]54,49,3)([57]55,47,5)([58]49,23,7)([59]45,2,2)([60]37,46,1)([61]18,55,2)([62]28,47,7)([63]26,13,1)([64]45,3,0)([65]17,38,0)([66]34,46,4)([67]22,24,3)([68]63,61,3)([69]48,11,1)([70]53,33,2)([71]41,43,1)([72]59,19,0)([73]42,14,5)([74]31,57,4)([75]56,59,6)([76]23,57,2)([77]10,28,1)([78]40,75,3)([79]50,43,5)([80]69,7,2)([81]17,29,7)([82]74,78,3)([83]26,1,1)([84]37,24,7)([85]78,47,2)([86]69,69,4)(82)
optimized area: 123.22
time: 1259405 ms
seed: 1636088372
NOT FOUND
time: 1091345 ms
seed: 1636121537
NOT FOUND
time: 1066047 ms
seed: 1636154166
NOT FOUND
time: 1068598 ms
seed: 1636186628
NOT FOUND
time: 1059188 ms
seed: 1636217209
NOT FOUND
time: 1076702 ms
seed: 1636247208
NOT FOUND
time: 1069260 ms
seed: 1636266389
NOT FOUND
time: 1065065 ms
seed: 1636282980
NOT FOUND
time: 1062434 ms
seed: 1636299322
NOT FOUND
time: 1075854 ms
seed: 1636315743
NOT FOUND
time: 1061294 ms
seed: 1636331944
NOT FOUND
time: 1072870 ms
