seed: 1633865910
{7,1,80,1,2,1,8}([7]1,6,4)([8]4,0,4)([9]5,8,7)([10]7,0,7)([11]4,6,6)([12]3,9,6)([13]11,5,3)([14]6,12,2)([15]0,2,2)([16]3,13,7)([17]9,10,5)([18]16,4,0)([19]1,6,5)([20]18,11,3)([21]10,1,6)([22]19,20,2)([23]15,9,4)([24]23,16,2)([25]24,10,2)([26]2,5,0)([27]24,25,0)([28]14,4,5)([29]9,25,1)([30]25,19,4)([31]7,1,4)([32]7,30,1)([33]23,11,1)([34]3,21,2)([35]8,34,2)([36]2,23,5)([37]20,1,1)([38]30,8,7)([39]24,32,6)([40]26,14,4)([41]18,3,3)([42]24,11,4)([43]38,24,3)([44]7,35,7)([45]39,23,7)([46]21,23,3)([47]45,20,4)([48]43,40,7)([49]48,0,7)([50]11,32,2)([51]23,15,0)([52]38,34,6)([53]47,21,2)([54]49,6,6)([55]4,47,4)([56]27,49,4)([57]54,9,5)([58]44,55,6)([59]2,21,1)([60]11,45,4)([61]3,57,6)([62]37,35,6)([63]56,58,3)([64]20,46,6)([65]54,29,1)([66]40,27,5)([67]38,9,0)([68]24,30,5)([69]28,52,7)([70]35,33,5)([71]68,69,5)([72]58,15,4)([73]43,24,2)([74]25,24,1)([75]54,4,1)([76]26,70,0)([77]3,59,6)([78]27,24,1)([79]61,67,1)([80]43,51,6)([81]72,46,5)([82]7,27,1)([83]69,37,6)([84]63,71,5)([85]44,32,4)([86]48,70,1)(84)
evaluations: 47708128
first invidual area: 127.92
{7,1,80,1,2,1,8}([7]1,6,4)([8]4,0,4)([9]5,8,7)([10]7,0,7)([11]6,4,6)([12]3,9,6)([13]11,5,3)([14]6,12,2)([15]0,2,5)([16]3,13,7)([17]9,2,3)([18]13,6,7)([19]1,6,5)([20]16,11,3)([21]10,1,6)([22]21,9,1)([23]15,9,7)([24]23,16,2)([25]24,10,2)([26]14,4,1)([27]15,23,0)([28]14,4,5)([29]24,24,1)([30]25,19,4)([31]5,17,7)([32]0,3,6)([33]29,21,6)([34]3,21,2)([35]8,34,2)([36]33,20,6)([37]26,10,2)([38]30,8,7)([39]24,35,6)([40]2,14,4)([41]36,21,7)([42]27,36,1)([43]38,24,3)([44]7,35,7)([45]39,23,7)([46]22,27,2)([47]45,20,4)([48]43,40,7)([49]48,0,7)([50]33,44,2)([51]6,13,7)([52]38,34,6)([53]33,10,6)([54]28,3,0)([55]4,47,4)([56]24,49,4)([57]54,50,0)([58]44,55,6)([59]32,11,3)([60]10,33,7)([61]7,22,7)([62]14,42,5)([63]56,58,3)([64]19,29,4)([65]62,24,0)([66]13,44,7)([67]1,21,2)([68]24,30,5)([69]54,52,7)([70]54,60,2)([71]68,69,5)([72]14,13,4)([73]23,19,7)([74]67,44,1)([75]26,29,7)([76]64,63,1)([77]55,36,0)([78]62,10,1)([79]28,48,5)([80]50,47,0)([81]53,45,5)([82]8,33,4)([83]16,53,4)([84]63,71,5)([85]3,40,4)([86]52,65,1)(84)
optimized area: 126.05
time: 534343 ms
seed: 1633952923
{7,1,80,1,2,1,8}([7]6,3,7)([8]6,1,2)([9]1,4,2)([10]2,0,4)([11]0,0,6)([12]0,3,3)([13]10,5,7)([14]8,7,3)([15]8,12,4)([16]2,13,5)([17]13,14,2)([18]2,15,2)([19]18,4,7)([20]7,3,1)([21]2,12,4)([22]10,2,7)([23]17,1,5)([24]5,1,7)([25]16,15,5)([26]14,23,7)([27]6,7,4)([28]25,25,6)([29]19,1,4)([30]9,20,5)([31]23,18,6)([32]0,0,5)([33]24,11,1)([34]21,17,3)([35]4,31,4)([36]12,22,1)([37]17,28,3)([38]34,11,1)([39]36,32,3)([40]19,27,5)([41]22,6,6)([42]25,39,7)([43]37,41,2)([44]42,30,2)([45]0,28,0)([46]24,1,2)([47]7,24,6)([48]11,47,4)([49]45,45,6)([50]15,41,7)([51]40,5,5)([52]38,16,5)([53]35,21,3)([54]6,42,5)([55]51,26,5)([56]40,43,7)([57]15,17,6)([58]55,25,3)([59]48,12,0)([60]51,21,4)([61]56,29,6)([62]35,39,2)([63]60,8,3)([64]38,7,2)([65]29,42,5)([66]59,32,4)([67]26,48,0)([68]55,42,2)([69]19,54,4)([70]55,48,7)([71]34,59,4)([72]69,68,6)([73]2,22,4)([74]44,41,4)([75]40,70,3)([76]13,0,2)([77]71,61,3)([78]77,51,4)([79]6,63,7)([80]78,53,5)([81]31,50,1)([82]68,52,4)([83]10,39,4)([84]39,21,6)([85]37,80,4)([86]72,85,3)(86)
evaluations: 26341229
first invidual area: 154.14
{7,1,80,1,2,1,8}([7]3,6,7)([8]6,1,2)([9]7,7,2)([10]7,8,3)([11]0,5,4)([12]3,0,3)([13]11,2,7)([14]0,3,5)([15]8,12,4)([16]8,3,3)([17]10,13,2)([18]2,15,5)([19]4,18,4)([20]13,2,5)([21]9,16,0)([22]18,10,2)([23]17,1,5)([24]22,11,6)([25]15,20,2)([26]5,1,7)([27]17,10,4)([28]24,4,3)([29]12,2,4)([30]26,21,6)([31]3,1,4)([32]22,23,5)([33]8,17,0)([34]29,17,6)([35]0,25,7)([36]16,23,3)([37]33,9,4)([38]28,0,2)([39]3,14,1)([40]19,39,5)([41]14,5,1)([42]25,0,7)([43]24,31,1)([44]26,3,4)([45]23,4,7)([46]20,4,1)([47]45,39,2)([48]0,30,4)([49]6,23,0)([50]24,29,5)([51]40,5,5)([52]35,10,0)([53]45,29,3)([54]3,42,5)([55]24,28,7)([56]40,14,5)([57]1,19,4)([58]54,29,1)([59]32,42,2)([60]59,46,0)([61]56,57,6)([62]12,20,3)([63]58,6,0)([64]0,14,4)([65]43,58,1)([66]40,65,0)([67]10,56,4)([68]45,1,6)([69]19,54,4)([70]43,22,4)([71]34,48,4)([72]69,59,6)([73]48,32,3)([74]43,66,0)([75]5,73,0)([76]67,57,0)([77]71,61,6)([78]77,51,7)([79]4,4,7)([80]78,53,5)([81]71,23,7)([82]25,17,6)([83]81,11,2)([84]42,52,7)([85]82,80,7)([86]72,85,3)(86)
optimized area: 125.55
time: 579119 ms
seed: 1634003556
NOT FOUND
time: 530430 ms
seed: 1634052330
{7,1,80,1,2,1,8}([7]2,4,4)([8]5,5,1)([9]3,0,4)([10]7,3,6)([11]2,9,1)([12]1,11,6)([13]9,3,5)([14]12,6,4)([15]12,14,3)([16]8,2,2)([17]0,15,4)([18]9,4,2)([19]7,12,7)([20]8,3,2)([21]4,16,7)([22]21,13,4)([23]13,21,5)([24]4,1,7)([25]7,12,3)([26]5,3,6)([27]20,25,7)([28]8,19,5)([29]12,6,3)([30]29,27,4)([31]2,17,5)([32]22,27,6)([33]4,31,4)([34]25,9,3)([35]3,25,1)([36]10,32,1)([37]32,1,0)([38]12,18,7)([39]16,25,5)([40]14,30,4)([41]32,40,1)([42]21,14,6)([43]13,42,6)([44]5,22,0)([45]1,33,4)([46]40,38,6)([47]36,15,3)([48]38,18,7)([49]29,1,4)([50]34,31,6)([51]49,43,6)([52]41,29,2)([53]26,52,7)([54]0,51,6)([55]6,6,0)([56]46,19,0)([57]20,43,3)([58]46,45,3)([59]23,9,6)([60]4,44,6)([61]12,53,6)([62]54,58,4)([63]39,39,5)([64]28,30,0)([65]54,37,7)([66]63,18,1)([67]5,20,5)([68]34,22,6)([69]62,47,7)([70]33,46,4)([71]66,28,3)([72]57,16,6)([73]16,46,3)([74]50,38,4)([75]36,34,2)([76]63,34,4)([77]7,17,7)([78]71,45,7)([79]40,40,4)([80]53,54,4)([81]19,18,2)([82]58,73,1)([83]69,80,5)([84]54,13,0)([85]4,0,1)([86]42,83,4)(86)
evaluations: 28656095
first invidual area: 137.75
{7,1,80,1,2,1,8}([7]2,4,4)([8]5,4,1)([9]3,0,4)([10]8,2,5)([11]2,3,1)([12]11,1,6)([13]3,9,5)([14]6,12,4)([15]12,14,3)([16]15,1,4)([17]4,4,7)([18]9,4,2)([19]3,14,3)([20]8,3,5)([21]4,10,4)([22]21,13,5)([23]4,10,1)([24]12,7,3)([25]12,18,6)([26]6,0,2)([27]25,18,7)([28]24,20,4)([29]0,15,4)([30]28,15,7)([31]2,29,5)([32]22,28,3)([33]31,4,7)([34]6,17,2)([35]1,33,7)([36]22,25,5)([37]15,32,5)([38]12,37,4)([39]13,7,6)([40]30,14,7)([41]38,4,5)([42]21,14,6)([43]38,33,0)([44]15,43,3)([45]16,35,2)([46]40,25,6)([47]19,24,6)([48]18,30,4)([49]41,22,7)([50]5,3,6)([51]16,39,6)([52]11,9,4)([53]50,37,7)([54]0,51,6)([55]48,23,5)([56]27,19,1)([57]19,0,3)([58]46,35,6)([59]25,20,2)([60]29,24,0)([61]4,38,4)([62]47,58,4)([63]47,48,4)([64]29,45,4)([65]31,18,0)([66]20,13,1)([67]21,63,1)([68]20,17,1)([69]54,62,7)([70]63,5,2)([71]59,62,0)([72]13,42,7)([73]60,28,5)([74]13,44,0)([75]53,62,7)([76]4,49,0)([77]30,53,6)([78]14,48,0)([79]40,25,7)([80]34,77,4)([81]34,64,5)([82]53,54,5)([83]69,75,5)([84]34,42,0)([85]67,26,6)([86]42,83,4)(86)
optimized area: 126.03
time: 595713 ms
seed: 1634166542
NOT FOUND
time: 526985 ms
seed: 1634213845
{7,1,80,1,2,1,8}([7]0,1,2)([8]1,6,5)([9]5,3,3)([10]9,8,5)([11]4,0,1)([12]11,3,6)([13]10,3,4)([14]2,4,7)([15]14,5,5)([16]6,9,2)([17]1,1,5)([18]6,10,2)([19]5,18,7)([20]11,16,7)([21]11,10,4)([22]1,16,7)([23]3,18,6)([24]6,7,4)([25]5,18,3)([26]0,23,4)([27]2,22,5)([28]15,22,6)([29]13,17,3)([30]14,16,6)([31]16,17,4)([32]14,29,4)([33]23,28,3)([34]6,15,7)([35]12,0,7)([36]8,9,2)([37]7,35,3)([38]32,30,6)([39]37,28,6)([40]11,8,7)([41]39,27,5)([42]41,34,2)([43]42,33,6)([44]29,39,0)([45]38,43,4)([46]44,42,3)([47]39,20,2)([48]27,1,7)([49]4,43,4)([50]1,23,7)([51]37,46,1)([52]41,19,5)([53]45,31,2)([54]43,24,1)([55]2,50,7)([56]46,48,0)([57]43,29,1)([58]54,18,7)([59]4,53,2)([60]11,17,6)([61]13,32,4)([62]39,35,5)([63]10,42,1)([64]22,1,1)([65]50,9,1)([66]49,59,4)([67]9,66,1)([68]51,59,4)([69]43,12,4)([70]12,34,2)([71]62,58,0)([72]38,26,6)([73]70,27,3)([74]64,43,3)([75]56,55,6)([76]11,65,3)([77]29,32,3)([78]22,32,4)([79]66,52,2)([80]76,17,7)([81]41,72,1)([82]72,79,7)([83]75,63,2)([84]31,45,2)([85]9,47,5)([86]25,66,7)(82)
evaluations: 15855207
first invidual area: 119.92
{7,1,80,1,2,1,8}([7]3,3,0)([8]6,1,5)([9]3,5,3)([10]8,9,5)([11]0,1,4)([12]4,5,1)([13]7,10,4)([14]4,2,7)([15]1,11,1)([16]12,1,0)([17]9,6,5)([18]10,6,2)([19]3,12,3)([20]13,15,3)([21]0,1,2)([22]17,15,7)([23]7,18,6)([24]6,14,6)([25]14,5,5)([26]23,0,4)([27]22,2,5)([28]22,25,6)([29]24,20,1)([30]29,5,0)([31]19,0,4)([32]20,14,4)([33]25,14,7)([34]6,6,5)([35]26,30,2)([36]28,23,3)([37]18,5,7)([38]32,24,6)([39]14,28,6)([40]21,31,6)([41]27,40,5)([42]41,29,2)([43]42,36,6)([44]12,28,4)([45]38,43,3)([46]0,30,0)([47]10,23,5)([48]21,16,0)([49]36,27,5)([50]28,34,3)([51]26,17,2)([52]37,41,5)([53]45,22,5)([54]23,7,6)([55]17,21,7)([56]29,48,2)([57]44,36,2)([58]32,32,4)([59]4,53,5)([60]43,55,4)([61]29,21,1)([62]20,59,6)([63]49,41,5)([64]55,17,5)([65]4,3,6)([66]43,59,7)([67]43,56,5)([68]27,62,2)([69]66,48,6)([70]22,40,1)([71]17,24,0)([72]38,26,6)([73]57,58,5)([74]11,29,4)([75]55,27,0)([76]35,65,1)([77]29,72,0)([78]54,42,2)([79]66,52,5)([80]28,34,4)([81]64,43,0)([82]72,79,4)([83]17,71,1)([84]80,78,2)([85]46,77,3)([86]15,43,1)(82)
optimized area: 100.21
time: 650563 ms
seed: 1634310949
{7,1,80,1,2,1,8}([7]6,2,5)([8]0,3,2)([9]1,0,4)([10]1,3,3)([11]9,8,4)([12]4,9,5)([13]5,10,4)([14]5,13,2)([15]14,2,7)([16]9,6,2)([17]13,16,7)([18]15,0,5)([19]17,12,0)([20]15,19,6)([21]18,20,0)([22]7,6,2)([23]1,18,5)([24]7,10,1)([25]13,18,3)([26]4,7,7)([27]21,5,7)([28]27,24,7)([29]22,23,6)([30]11,19,6)([31]11,27,6)([32]20,6,3)([33]29,3,4)([34]4,19,2)([35]0,10,7)([36]32,28,2)([37]33,36,6)([38]11,30,2)([39]15,7,5)([40]32,4,6)([41]2,40,3)([42]3,30,6)([43]34,27,5)([44]19,42,7)([45]40,4,4)([46]41,44,7)([47]26,21,1)([48]34,18,5)([49]26,3,4)([50]30,37,3)([51]33,28,1)([52]9,27,0)([53]29,15,6)([54]48,46,4)([55]27,29,2)([56]50,40,1)([57]33,18,0)([58]49,9,2)([59]43,46,5)([60]3,7,5)([61]19,5,4)([62]45,25,4)([63]59,6,3)([64]62,56,3)([65]17,35,4)([66]64,58,7)([67]38,22,1)([68]61,46,3)([69]40,3,0)([70]6,50,4)([71]28,25,1)([72]63,11,3)([73]69,37,0)([74]53,4,7)([75]53,24,5)([76]67,61,5)([77]66,11,5)([78]43,53,5)([79]67,67,4)([80]66,72,4)([81]47,53,1)([82]7,25,2)([83]34,10,5)([84]80,75,7)([85]45,56,0)([86]25,22,1)(84)
evaluations: 44435114
first invidual area: 145.23
{7,1,80,1,2,1,8}([7]2,6,5)([8]3,0,2)([9]1,0,4)([10]3,1,3)([11]9,8,4)([12]3,3,2)([13]5,10,4)([14]5,13,2)([15]14,2,7)([16]9,6,5)([17]13,16,4)([18]15,0,5)([19]10,7,6)([20]15,17,6)([21]7,17,0)([22]5,6,2)([23]1,18,5)([24]21,17,1)([25]13,18,6)([26]4,21,7)([27]18,5,7)([28]27,24,7)([29]22,23,3)([30]5,12,1)([31]1,8,6)([32]20,6,3)([33]29,12,7)([34]26,33,2)([35]5,12,5)([36]32,28,2)([37]33,36,6)([38]32,34,2)([39]11,17,6)([40]32,4,6)([41]2,40,6)([42]32,26,0)([43]34,27,5)([44]31,39,2)([45]40,4,3)([46]41,35,4)([47]0,17,0)([48]13,39,1)([49]26,3,4)([50]39,37,6)([51]39,33,7)([52]0,32,3)([53]1,14,6)([54]25,12,5)([55]20,44,3)([56]37,51,2)([57]41,40,1)([58]49,9,5)([59]43,46,5)([60]58,39,5)([61]55,6,5)([62]45,25,7)([63]59,11,3)([64]50,62,3)([65]16,59,7)([66]64,58,4)([67]34,66,3)([68]33,9,7)([69]28,25,0)([70]48,30,4)([71]61,17,2)([72]63,6,3)([73]33,51,6)([74]34,13,4)([75]53,24,5)([76]35,74,6)([77]3,38,2)([78]18,31,3)([79]53,14,4)([80]66,72,7)([81]34,38,7)([82]34,40,1)([83]68,18,5)([84]80,75,4)([85]75,32,1)([86]46,30,4)(84)
optimized area: 135.38
time: 546770 ms
seed: 1634351421
{7,1,80,1,2,1,8}([7]2,1,5)([8]3,5,2)([9]7,2,7)([10]4,7,4)([11]3,0,4)([12]9,6,3)([13]2,0,6)([14]6,5,2)([15]2,3,3)([16]14,0,7)([17]10,14,3)([18]17,14,2)([19]5,15,6)([20]5,11,4)([21]13,11,6)([22]13,19,0)([23]22,13,6)([24]23,11,7)([25]3,1,7)([26]20,3,2)([27]8,16,3)([28]4,5,4)([29]15,17,5)([30]12,18,4)([31]16,19,3)([32]9,31,3)([33]25,21,3)([34]13,29,5)([35]31,23,0)([36]9,14,6)([37]3,16,0)([38]33,6,5)([39]30,29,7)([40]22,29,3)([41]10,33,3)([42]40,30,5)([43]42,35,4)([44]25,4,7)([45]43,36,1)([46]43,10,4)([47]0,32,6)([48]47,43,4)([49]26,6,6)([50]42,2,4)([51]4,22,6)([52]44,34,4)([53]16,36,2)([54]52,33,2)([55]7,34,1)([56]8,29,2)([57]43,56,6)([58]3,0,4)([59]54,57,6)([60]49,41,1)([61]47,5,2)([62]29,61,4)([63]14,0,7)([64]54,44,5)([65]36,35,6)([66]49,50,6)([67]42,48,2)([68]41,19,2)([69]65,67,2)([70]22,5,6)([71]13,43,1)([72]14,18,1)([73]64,62,3)([74]59,66,7)([75]27,68,5)([76]17,74,4)([77]55,65,6)([78]44,56,1)([79]74,71,0)([80]53,18,2)([81]50,66,6)([82]22,10,3)([83]59,67,3)([84]55,34,7)([85]76,77,4)([86]65,69,2)(85)
evaluations: 15882662
first invidual area: 126.02
{7,1,80,1,2,1,8}([7]1,2,5)([8]3,5,2)([9]7,2,1)([10]0,1,7)([11]7,4,4)([12]7,2,2)([13]0,2,6)([14]5,6,2)([15]3,2,3)([16]14,0,7)([17]11,14,3)([18]3,7,2)([19]17,1,7)([20]8,16,4)([21]14,8,5)([22]13,21,0)([23]22,10,6)([24]15,5,6)([25]3,1,7)([26]20,3,2)([27]6,12,6)([28]15,22,7)([29]15,17,5)([30]14,27,6)([31]24,16,3)([32]16,6,4)([33]23,25,3)([34]13,29,5)([35]2,14,6)([36]29,26,3)([37]34,25,5)([38]28,18,5)([39]16,35,6)([40]7,20,1)([41]1,15,7)([42]36,30,5)([43]31,42,4)([44]9,16,3)([45]1,23,0)([46]4,9,0)([47]26,5,1)([48]18,42,6)([49]42,2,4)([50]17,20,0)([51]4,37,7)([52]5,12,2)([53]14,15,7)([54]51,33,2)([55]6,26,6)([56]51,8,2)([57]43,56,6)([58]23,27,6)([59]54,57,6)([60]42,9,6)([61]29,48,6)([62]19,23,6)([63]39,22,0)([64]2,47,4)([65]8,56,3)([66]55,49,3)([67]58,36,5)([68]42,56,5)([69]59,66,7)([70]30,67,5)([71]36,0,0)([72]36,30,1)([73]69,22,4)([74]8,35,4)([75]18,40,3)([76]21,27,4)([77]34,1,0)([78]40,39,3)([79]75,42,6)([80]17,69,7)([81]58,23,0)([82]33,75,6)([83]21,57,4)([84]70,81,4)([85]80,78,7)([86]65,25,7)(85)
optimized area: 116.16
time: 631797 ms
seed: 1634400404
NOT FOUND
time: 535366 ms
seed: 1634449433
{7,1,80,1,2,1,8}([7]3,1,2)([8]6,5,2)([9]2,3,3)([10]1,9,4)([11]2,3,4)([12]7,5,5)([13]10,4,3)([14]5,2,7)([15]1,11,2)([16]8,13,5)([17]1,10,6)([18]4,8,3)([19]1,7,5)([20]3,6,7)([21]20,15,3)([22]21,18,5)([23]21,0,5)([24]17,0,6)([25]6,7,5)([26]6,14,6)([27]11,5,3)([28]23,7,7)([29]27,16,2)([30]2,29,7)([31]29,10,0)([32]29,28,3)([33]22,4,2)([34]17,19,4)([35]22,0,4)([36]10,30,7)([37]32,25,2)([38]24,33,2)([39]7,12,5)([40]30,35,7)([41]27,1,6)([42]5,37,7)([43]28,28,6)([44]2,4,4)([45]42,37,0)([46]18,5,4)([47]17,6,1)([48]44,36,2)([49]20,17,7)([50]26,29,0)([51]12,14,3)([52]26,37,2)([53]36,48,4)([54]18,19,1)([55]25,29,3)([56]37,0,7)([57]52,28,2)([58]38,43,1)([59]53,25,7)([60]52,38,3)([61]29,22,2)([62]8,28,6)([63]4,12,3)([64]40,60,4)([65]45,64,7)([66]36,20,1)([67]23,39,3)([68]59,0,3)([69]51,36,4)([70]38,48,4)([71]59,65,3)([72]45,32,2)([73]61,53,7)([74]20,8,1)([75]46,26,0)([76]0,46,0)([77]4,53,0)([78]4,60,2)([79]43,71,6)([80]54,54,0)([81]80,79,4)([82]44,17,2)([83]0,50,1)([84]23,76,5)([85]7,12,4)([86]72,14,4)(71)
evaluations: 10982202
first invidual area: 124.63
{7,1,80,1,2,1,8}([7]6,1,2)([8]6,5,2)([9]1,3,4)([10]2,0,0)([11]3,2,4)([12]10,5,7)([13]9,2,3)([14]4,8,3)([15]1,11,2)([16]10,3,5)([17]0,13,3)([18]5,11,3)([19]12,15,0)([20]3,6,7)([21]15,20,3)([22]20,0,2)([23]12,6,6)([24]4,13,2)([25]7,20,5)([26]13,8,5)([27]21,14,5)([28]21,23,6)([29]26,18,2)([30]29,22,3)([31]3,19,7)([32]21,0,6)([33]30,23,2)([34]0,27,4)([35]25,30,5)([36]34,33,6)([37]0,13,6)([38]2,4,7)([39]32,9,1)([40]34,12,7)([41]24,16,2)([42]24,32,2)([43]25,38,1)([44]24,32,6)([45]35,29,7)([46]35,10,6)([47]29,16,7)([48]38,25,7)([49]47,9,4)([50]43,5,4)([51]46,11,4)([52]35,36,0)([53]30,16,2)([54]42,45,3)([55]50,3,6)([56]44,23,4)([57]48,49,5)([58]55,43,4)([59]45,3,0)([60]30,52,3)([61]45,5,0)([62]60,37,6)([63]42,45,3)([64]33,63,6)([65]40,64,4)([66]64,57,3)([67]64,39,3)([68]54,35,7)([69]2,15,6)([70]6,63,5)([71]65,57,5)([72]67,6,5)([73]23,20,2)([74]48,68,5)([75]35,42,5)([76]59,5,3)([77]13,73,3)([78]29,4,7)([79]64,34,1)([80]74,62,7)([81]44,17,6)([82]45,57,6)([83]12,44,7)([84]57,60,7)([85]59,15,7)([86]20,9,4)(71)
optimized area: 109.15
time: 610927 ms
seed: 1634509627
{7,1,80,1,2,1,8}([7]2,5,2)([8]3,5,3)([9]6,0,5)([10]4,6,6)([11]0,1,2)([12]4,9,4)([13]1,10,6)([14]10,4,4)([15]8,11,2)([16]2,13,4)([17]4,4,5)([18]9,16,2)([19]8,7,4)([20]5,18,0)([21]12,2,5)([22]12,1,3)([23]20,11,4)([24]3,17,7)([25]21,19,4)([26]18,7,3)([27]12,15,2)([28]16,17,3)([29]17,10,0)([30]23,21,4)([31]30,16,5)([32]24,27,4)([33]25,14,4)([34]28,20,4)([35]18,19,3)([36]6,10,4)([37]35,19,1)([38]28,32,5)([39]33,10,1)([40]20,22,3)([41]31,38,2)([42]6,26,5)([43]39,22,2)([44]21,41,2)([45]0,40,5)([46]13,45,4)([47]24,43,5)([48]19,42,6)([49]44,46,7)([50]36,37,3)([51]46,50,5)([52]9,46,2)([53]49,51,5)([54]4,32,0)([55]47,48,4)([56]20,55,0)([57]45,1,2)([58]3,10,6)([59]14,40,2)([60]58,56,6)([61]53,55,7)([62]2,8,0)([63]62,56,6)([64]18,60,6)([65]13,54,0)([66]15,3,5)([67]35,10,7)([68]7,53,2)([69]64,48,5)([70]45,55,1)([71]67,22,0)([72]67,64,3)([73]11,46,4)([74]55,38,6)([75]21,3,3)([76]46,53,1)([77]29,1,3)([78]5,21,0)([79]17,8,2)([80]37,65,1)([81]19,0,0)([82]9,38,6)([83]10,48,3)([84]71,73,0)([85]0,45,7)([86]36,39,3)(61)
evaluations: 39041271
first invidual area: 133.97
{7,1,80,1,2,1,8}([7]5,2,5)([8]3,5,3)([9]6,0,5)([10]4,6,6)([11]0,2,5)([12]4,9,4)([13]1,10,6)([14]4,10,3)([15]5,11,4)([16]2,13,4)([17]4,14,1)([18]16,9,2)([19]8,7,2)([20]5,18,3)([21]12,2,5)([22]1,12,3)([23]1,19,2)([24]3,17,7)([25]21,19,4)([26]3,3,2)([27]10,23,5)([28]17,18,3)([29]22,5,6)([30]22,22,0)([31]15,16,5)([32]27,24,7)([33]25,14,7)([34]18,23,6)([35]17,27,0)([36]6,35,3)([37]13,31,0)([38]28,32,5)([39]26,32,4)([40]5,30,3)([41]38,21,2)([42]20,6,5)([43]33,30,2)([44]31,41,5)([45]0,40,5)([46]13,45,4)([47]24,43,5)([48]19,42,3)([49]44,46,4)([50]36,34,3)([51]46,50,5)([52]36,10,7)([53]49,51,5)([54]0,36,7)([55]48,47,7)([56]25,2,6)([57]0,46,2)([58]21,53,0)([59]28,12,7)([60]16,53,7)([61]39,4,5)([62]11,60,6)([63]36,61,3)([64]48,22,7)([65]47,4,1)([66]4,62,3)([67]28,11,7)([68]66,29,5)([69]32,41,4)([70]60,46,4)([71]17,38,4)([72]23,30,7)([73]69,23,1)([74]53,55,7)([75]39,56,7)([76]68,3,5)([77]68,72,7)([78]53,66,0)([79]12,60,7)([80]6,41,2)([81]21,58,1)([82]67,19,6)([83]45,42,4)([84]55,59,2)([85]39,21,0)([86]74,2,0)(86)
optimized area: 117.08
time: 558125 ms
seed: 1634608880
NOT FOUND
time: 528612 ms
seed: 1635135721
{7,1,80,1,2,1,8}([7]4,2,4)([8]0,4,1)([9]5,8,2)([10]2,1,7)([11]6,2,4)([12]11,7,2)([13]9,12,3)([14]10,0,7)([15]2,3,6)([16]15,6,7)([17]6,15,6)([18]6,10,5)([19]17,3,4)([20]10,15,0)([21]7,5,5)([22]8,19,4)([23]14,16,5)([24]0,15,6)([25]0,11,3)([26]15,24,6)([27]0,13,4)([28]3,21,2)([29]19,27,4)([30]10,12,6)([31]28,12,2)([32]23,5,4)([33]28,8,2)([34]29,18,3)([35]32,11,6)([36]33,29,5)([37]22,26,6)([38]19,9,2)([39]21,27,4)([40]24,28,4)([41]26,7,7)([42]20,6,2)([43]2,31,0)([44]34,41,2)([45]2,18,7)([46]1,25,3)([47]42,27,5)([48]5,25,2)([49]40,35,5)([50]38,46,3)([51]7,44,6)([52]16,30,4)([53]7,25,7)([54]47,41,7)([55]44,48,6)([56]48,19,3)([57]24,18,3)([58]14,50,4)([59]31,19,2)([60]49,56,4)([61]51,50,4)([62]22,61,6)([63]25,2,5)([64]61,8,5)([65]21,47,4)([66]30,47,4)([67]24,21,1)([68]33,17,3)([69]42,2,3)([70]36,44,2)([71]32,61,5)([72]5,45,5)([73]33,38,3)([74]49,25,5)([75]48,36,3)([76]12,45,4)([77]61,36,0)([78]77,26,3)([79]45,44,6)([80]62,60,7)([81]52,55,6)([82]24,75,5)([83]65,74,4)([84]27,30,7)([85]80,54,4)([86]85,81,3)(86)
evaluations: 6263819
first invidual area: 151.33
{7,1,80,1,2,1,8}([7]2,4,4)([8]0,7,1)([9]5,8,2)([10]2,1,7)([11]6,2,4)([12]7,11,2)([13]12,9,6)([14]10,9,4)([15]2,3,6)([16]15,6,7)([17]15,6,6)([18]8,15,3)([19]3,17,4)([20]0,14,1)([21]14,16,5)([22]5,7,5)([23]7,18,3)([24]23,0,3)([25]0,11,3)([26]10,21,0)([27]25,14,3)([28]3,22,5)([29]15,0,3)([30]0,13,4)([31]27,19,2)([32]5,21,4)([33]29,28,4)([34]11,20,2)([35]16,28,3)([36]24,29,4)([37]35,23,2)([38]36,6,1)([39]13,8,4)([40]26,6,2)([41]18,7,4)([42]41,10,3)([43]3,12,3)([44]32,41,2)([45]17,3,5)([46]32,11,6)([47]40,39,5)([48]5,25,2)([49]33,46,5)([50]23,26,2)([51]12,26,6)([52]16,51,4)([53]14,26,3)([54]47,41,7)([55]30,17,2)([56]48,19,3)([57]56,49,7)([58]44,48,6)([59]8,8,3)([60]25,32,5)([61]57,45,4)([62]31,37,6)([63]62,54,4)([64]27,32,0)([65]64,9,2)([66]21,0,5)([67]18,61,4)([68]55,43,0)([69]46,47,7)([70]68,54,5)([71]63,54,5)([72]66,14,4)([73]15,57,1)([74]16,5,0)([75]40,7,6)([76]63,74,4)([77]14,10,2)([78]71,47,1)([79]70,27,0)([80]44,76,0)([81]52,58,6)([82]18,64,1)([83]73,60,1)([84]39,4,7)([85]63,57,4)([86]85,81,3)(86)
optimized area: 134.92
time: 686673 ms
seed: 1635184963
{7,1,80,1,2,1,8}([7]3,5,7)([8]1,1,3)([9]3,0,2)([10]9,5,3)([11]4,8,0)([12]2,4,4)([13]11,6,4)([14]12,1,6)([15]0,14,3)([16]8,0,6)([17]14,11,1)([18]15,10,2)([19]6,18,4)([20]19,15,7)([21]19,4,2)([22]2,2,5)([23]2,5,4)([24]8,13,5)([25]12,17,6)([26]10,24,5)([27]3,19,5)([28]23,21,4)([29]2,16,6)([30]4,26,3)([31]3,17,0)([32]18,5,4)([33]26,27,5)([34]30,12,5)([35]23,30,3)([36]34,24,2)([37]36,29,4)([38]33,35,7)([39]36,18,4)([40]8,11,1)([41]13,10,6)([42]26,27,3)([43]37,20,0)([44]24,12,5)([45]40,26,2)([46]28,19,6)([47]29,14,7)([48]20,7,5)([49]26,34,5)([50]12,46,6)([51]28,7,2)([52]3,25,5)([53]52,21,5)([54]20,51,3)([55]6,8,0)([56]23,5,3)([57]22,23,6)([58]48,56,2)([59]40,31,1)([60]32,10,7)([61]58,46,6)([62]1,38,5)([63]5,5,6)([64]47,22,3)([65]23,26,1)([66]56,6,2)([67]59,45,6)([68]22,47,6)([69]6,25,4)([70]55,45,1)([71]42,39,4)([72]54,47,2)([73]53,17,1)([74]8,67,5)([75]50,62,4)([76]74,38,1)([77]58,33,7)([78]61,72,5)([79]53,39,5)([80]59,65,0)([81]56,69,7)([82]71,75,2)([83]41,12,4)([84]78,82,4)([85]67,84,3)([86]14,36,0)(84)
evaluations: 45116765
first invidual area: 125.07
{7,1,80,1,2,1,8}([7]3,5,7)([8]0,1,6)([9]0,3,2)([10]9,5,3)([11]4,6,4)([12]4,2,4)([13]11,3,0)([14]12,1,6)([15]14,0,3)([16]15,13,0)([17]5,11,2)([18]15,10,2)([19]18,6,4)([20]0,19,7)([21]3,0,6)([22]18,8,7)([23]5,2,4)([24]13,1,5)([25]4,6,4)([26]10,24,5)([27]3,19,5)([28]12,3,0)([29]2,8,3)([30]4,26,3)([31]2,27,7)([32]12,30,5)([33]26,27,5)([34]22,19,7)([35]30,23,3)([36]32,24,5)([37]35,6,3)([38]35,33,2)([39]36,18,4)([40]21,38,5)([41]8,39,4)([42]26,27,6)([43]2,3,3)([44]39,9,7)([45]38,14,1)([46]23,19,6)([47]12,32,7)([48]20,7,5)([49]40,13,0)([50]28,46,6)([51]50,20,0)([52]1,12,0)([53]37,39,0)([54]45,44,1)([55]3,23,2)([56]2,38,3)([57]19,18,0)([58]48,56,2)([59]11,52,3)([60]46,58,3)([61]58,46,6)([62]1,38,5)([63]46,46,1)([64]9,59,0)([65]2,57,2)([66]8,7,4)([67]14,29,4)([68]54,13,1)([69]31,26,0)([70]65,26,3)([71]42,39,4)([72]36,18,5)([73]9,41,7)([74]20,24,1)([75]50,62,4)([76]23,20,7)([77]61,41,0)([78]61,67,5)([79]7,9,6)([80]8,73,2)([81]66,62,4)([82]71,75,5)([83]64,21,6)([84]78,82,7)([85]3,17,0)([86]81,32,1)(84)
optimized area: 107.73
time: 532662 ms
seed: 1635324784
NOT FOUND
time: 998882 ms
seed: 1635616134
{7,1,80,1,2,1,8}([7]3,0,3)([8]1,4,7)([9]8,2,4)([10]9,7,3)([11]10,0,5)([12]0,3,7)([13]6,2,4)([14]5,1,0)([15]12,6,6)([16]7,1,7)([17]14,16,5)([18]2,17,5)([19]6,4,7)([20]19,0,7)([21]16,13,7)([22]15,21,3)([23]20,8,5)([24]20,23,0)([25]15,19,2)([26]22,18,5)([27]21,23,0)([28]8,25,4)([29]24,1,6)([30]1,24,5)([31]0,21,1)([32]11,26,4)([33]24,17,6)([34]4,13,3)([35]5,6,7)([36]35,0,2)([37]10,26,4)([38]33,34,2)([39]37,25,7)([40]38,37,6)([41]39,6,4)([42]36,30,6)([43]12,2,7)([44]12,35,1)([45]5,14,0)([46]18,40,7)([47]25,12,5)([48]44,9,3)([49]41,25,0)([50]23,48,4)([51]43,42,2)([52]11,35,4)([53]48,30,2)([54]48,20,3)([55]41,53,2)([56]46,6,1)([57]52,1,3)([58]47,30,5)([59]53,0,5)([60]32,34,4)([61]16,33,6)([62]50,35,3)([63]62,46,3)([64]33,54,1)([65]56,14,3)([66]21,7,6)([67]44,52,1)([68]58,46,3)([69]46,41,3)([70]62,69,4)([71]64,1,6)([72]55,48,1)([73]64,55,1)([74]46,43,7)([75]10,48,5)([76]51,70,3)([77]67,37,7)([78]31,54,1)([79]76,72,5)([80]78,46,5)([81]2,15,2)([82]15,27,7)([83]16,13,0)([84]44,24,7)([85]37,53,3)([86]47,50,2)(79)
evaluations: 26321319
first invidual area: 131.18
{7,1,80,1,2,1,8}([7]0,3,3)([8]4,1,7)([9]2,8,4)([10]2,6,4)([11]2,2,2)([12]0,3,7)([13]9,2,0)([14]9,7,6)([15]6,12,6)([16]7,1,7)([17]16,5,5)([18]2,17,5)([19]6,4,7)([20]0,19,7)([21]16,10,7)([22]15,21,3)([23]8,20,5)([24]8,7,0)([25]15,19,5)([26]18,22,5)([27]12,4,1)([28]17,20,6)([29]27,22,5)([30]1,20,5)([31]10,17,7)([32]4,28,2)([33]2,27,4)([34]30,23,2)([35]6,5,7)([36]35,0,2)([37]14,26,7)([38]13,27,6)([39]37,6,4)([40]32,37,3)([41]25,39,4)([42]12,40,3)([43]14,34,7)([44]18,10,6)([45]12,11,7)([46]18,40,4)([47]45,9,3)([48]30,36,6)([49]20,18,0)([50]23,38,7)([51]33,48,2)([52]17,28,0)([53]44,19,0)([54]10,22,4)([55]41,34,5)([56]18,13,4)([57]3,17,6)([58]33,31,2)([59]8,3,0)([60]38,8,4)([61]18,5,7)([62]53,56,3)([63]50,35,3)([64]10,58,6)([65]9,20,5)([66]33,56,0)([67]44,9,3)([68]65,51,0)([69]41,46,6)([70]63,69,7)([71]68,2,6)([72]70,13,6)([73]67,67,2)([74]12,73,5)([75]20,19,5)([76]51,70,3)([77]4,39,4)([78]6,72,3)([79]55,76,5)([80]17,38,3)([81]34,73,5)([82]66,39,2)([83]18,30,7)([84]9,23,4)([85]43,78,1)([86]3,62,2)(79)
optimized area: 126.50
time: 1215261 ms
seed: 1635663757
{7,1,80,1,2,1,8}([7]4,1,6)([8]1,0,3)([9]8,3,5)([10]2,6,4)([11]10,5,3)([12]2,4,3)([13]10,1,3)([14]11,2,2)([15]9,4,0)([16]14,6,7)([17]12,11,7)([18]12,3,7)([19]2,9,4)([20]4,19,1)([21]4,3,1)([22]7,6,7)([23]0,20,7)([24]18,23,7)([25]4,5,0)([26]5,24,5)([27]23,6,4)([28]20,10,6)([29]26,24,1)([30]9,24,7)([31]1,7,3)([32]7,19,6)([33]18,5,4)([34]6,6,1)([35]32,26,3)([36]35,12,4)([37]19,31,7)([38]28,12,3)([39]13,19,2)([40]4,39,4)([41]36,9,7)([42]40,33,4)([43]30,31,2)([44]35,24,5)([45]27,4,1)([46]43,23,2)([47]22,43,2)([48]21,37,5)([49]45,30,6)([50]32,42,3)([51]35,40,0)([52]5,39,4)([53]36,13,3)([54]50,45,2)([55]28,47,4)([56]22,5,5)([57]31,54,2)([58]49,16,3)([59]16,19,4)([60]38,3,4)([61]4,18,0)([62]59,55,5)([63]4,13,5)([64]38,18,2)([65]39,4,0)([66]6,43,3)([67]23,54,4)([68]24,57,3)([69]2,58,6)([70]11,60,4)([71]31,35,7)([72]62,41,4)([73]51,5,6)([74]50,70,0)([75]8,54,4)([76]72,75,5)([77]21,51,0)([78]12,4,0)([79]37,13,2)([80]38,54,2)([81]52,71,3)([82]59,45,0)([83]74,5,5)([84]53,76,7)([85]77,1,3)([86]1,66,5)(84)
evaluations: 12642834
first invidual area: 136.83
{7,1,80,1,2,1,8}([7]4,1,6)([8]0,1,3)([9]3,8,5)([10]2,6,4)([11]6,6,0)([12]4,2,3)([13]1,10,3)([14]8,5,6)([15]5,10,3)([16]11,15,5)([17]5,6,0)([18]3,12,7)([19]9,2,4)([20]4,4,1)([21]16,3,0)([22]2,14,6)([23]0,20,7)([24]18,23,7)([25]7,11,7)([26]5,24,5)([27]2,22,7)([28]9,12,3)([29]26,26,6)([30]16,17,7)([31]11,14,2)([32]7,19,6)([33]14,20,2)([34]19,13,5)([35]26,32,3)([36]35,12,4)([37]13,36,3)([38]18,17,7)([39]20,17,0)([40]38,39,7)([41]30,11,1)([42]23,11,7)([43]24,1,4)([44]43,8,0)([45]10,39,6)([46]2,2,4)([47]9,16,4)([48]15,4,0)([49]34,40,4)([50]32,49,3)([51]0,40,1)([52]0,13,4)([53]30,33,0)([54]44,25,2)([55]45,54,3)([56]25,37,7)([57]32,46,3)([58]29,9,3)([59]36,28,0)([60]55,47,5)([61]12,28,7)([62]29,46,0)([63]49,10,3)([64]32,63,7)([65]46,7,1)([66]35,56,7)([67]30,62,0)([68]50,42,5)([69]49,18,5)([70]63,26,5)([71]36,9,4)([72]71,60,7)([73]21,40,7)([74]19,33,2)([75]8,68,7)([76]72,75,5)([77]28,70,0)([78]59,53,1)([79]4,36,7)([80]9,79,7)([81]69,30,1)([82]63,7,4)([83]9,22,5)([84]37,76,7)([85]11,16,7)([86]81,38,7)(84)
optimized area: 122.30
time: 1240719 ms
seed: 1635711541
NOT FOUND
time: 1061443 ms
seed: 1635758827
{7,1,80,1,2,1,8}([7]4,3,3)([8]2,5,5)([9]5,3,3)([10]1,9,5)([11]6,0,6)([12]1,0,4)([13]6,10,4)([14]8,7,7)([15]10,7,7)([16]10,14,5)([17]5,11,7)([18]7,11,2)([19]13,3,5)([20]9,16,3)([21]1,20,0)([22]21,21,1)([23]12,2,6)([24]18,2,3)([25]7,24,7)([26]0,5,4)([27]13,20,5)([28]16,13,5)([29]4,0,3)([30]7,0,6)([31]16,18,0)([32]24,19,7)([33]3,13,7)([34]30,26,2)([35]4,33,7)([36]23,4,7)([37]29,9,5)([38]25,33,5)([39]3,31,1)([40]10,21,0)([41]30,23,7)([42]36,38,7)([43]3,40,1)([44]20,32,7)([45]27,8,7)([46]7,16,3)([47]6,8,0)([48]28,29,7)([49]2,8,2)([50]39,5,2)([51]27,19,2)([52]22,29,5)([53]19,15,5)([54]36,21,4)([55]32,46,4)([56]31,38,5)([57]48,49,4)([58]24,50,7)([59]58,23,5)([60]6,59,2)([61]9,17,2)([62]39,13,2)([63]45,34,7)([64]44,57,5)([65]9,46,6)([66]50,42,3)([67]2,46,1)([68]27,65,6)([69]11,5,0)([70]4,18,7)([71]38,53,5)([72]26,60,4)([73]71,54,5)([74]2,35,6)([75]20,55,7)([76]61,3,3)([77]46,6,5)([78]22,61,4)([79]73,72,6)([80]19,48,7)([81]41,36,5)([82]79,64,4)([83]47,2,5)([84]70,17,7)([85]2,27,5)([86]24,48,7)(82)
evaluations: 11213298
first invidual area: 125.09
{7,1,80,1,2,1,8}([7]3,4,3)([8]2,5,5)([9]5,3,3)([10]1,9,5)([11]0,4,6)([12]6,0,6)([13]10,6,4)([14]8,8,4)([15]8,7,7)([16]10,15,5)([17]7,12,2)([18]8,2,5)([19]13,3,5)([20]4,17,1)([21]0,1,4)([22]11,19,0)([23]21,2,6)([24]17,2,3)([25]7,14,4)([26]14,13,3)([27]24,6,0)([28]3,12,6)([29]13,16,5)([30]24,7,7)([31]9,16,3)([32]25,23,3)([33]3,13,7)([34]23,4,4)([35]12,18,0)([36]1,34,7)([37]19,14,0)([38]29,18,7)([39]10,7,2)([40]27,16,5)([41]31,0,0)([42]28,8,3)([43]31,37,5)([44]33,30,5)([45]22,38,4)([46]39,23,6)([47]23,0,0)([48]33,5,5)([49]5,33,6)([50]23,48,5)([51]10,30,0)([52]37,6,1)([53]19,39,5)([54]25,46,5)([55]15,17,1)([56]0,5,7)([57]43,27,4)([58]28,30,0)([59]43,3,1)([60]6,50,5)([61]57,7,0)([62]32,19,6)([63]60,56,7)([64]20,15,2)([65]8,39,6)([66]19,57,7)([67]51,66,4)([68]60,34,6)([69]62,6,6)([70]27,32,5)([71]44,53,5)([72]4,35,7)([73]71,36,2)([74]21,66,1)([75]15,16,7)([76]7,25,5)([77]45,57,5)([78]76,23,2)([79]73,63,5)([80]74,4,2)([81]51,13,2)([82]79,77,7)([83]31,56,5)([84]24,18,7)([85]72,12,1)([86]55,72,0)(82)
optimized area: 112.42
time: 1256726 ms
seed: 1635805764
{7,1,80,1,2,1,8}([7]5,1,6)([8]6,0,7)([9]6,1,4)([10]1,8,6)([11]0,2,2)([12]0,3,2)([13]4,2,4)([14]9,2,2)([15]3,3,3)([16]15,10,0)([17]2,1,3)([18]2,15,7)([19]18,10,4)([20]0,11,6)([21]4,6,4)([22]21,5,3)([23]21,9,5)([24]17,20,5)([25]13,5,4)([26]7,21,7)([27]11,21,7)([28]6,22,5)([29]20,23,7)([30]4,9,2)([31]27,14,6)([32]9,12,2)([33]31,23,7)([34]10,3,7)([35]31,14,6)([36]0,4,2)([37]27,26,4)([38]25,19,2)([39]37,19,3)([40]33,39,5)([41]0,39,6)([42]24,40,4)([43]30,29,3)([44]38,27,4)([45]23,31,1)([46]43,28,4)([47]13,46,6)([48]35,19,4)([49]23,22,5)([50]20,26,0)([51]27,45,6)([52]15,12,1)([53]38,41,4)([54]15,45,1)([55]47,45,5)([56]44,40,2)([57]7,8,0)([58]34,12,5)([59]27,2,0)([60]27,43,1)([61]13,8,1)([62]30,53,2)([63]20,17,4)([64]26,42,3)([65]30,21,3)([66]56,47,6)([67]20,1,2)([68]1,8,6)([69]52,24,4)([70]17,69,2)([71]49,47,3)([72]49,68,4)([73]47,23,6)([74]27,49,5)([75]66,64,2)([76]58,74,3)([77]76,60,0)([78]15,46,5)([79]47,50,0)([80]0,25,0)([81]61,9,0)([82]75,77,7)([83]82,62,6)([84]36,79,2)([85]76,46,2)([86]63,53,0)(83)
evaluations: 17694189
first invidual area: 148.99
{7,1,80,1,2,1,8}([7]1,5,6)([8]0,6,7)([9]1,6,4)([10]1,8,3)([11]2,1,3)([12]4,9,2)([13]4,2,4)([14]0,2,1)([15]0,2,5)([16]4,4,3)([17]3,2,0)([18]2,17,4)([19]10,18,4)([20]19,7,3)([21]6,4,4)([22]5,21,3)([23]21,9,5)([24]11,14,5)([25]13,5,4)([26]25,22,6)([27]21,15,4)([28]6,22,5)([29]7,21,7)([30]2,9,2)([31]30,27,3)([32]4,7,1)([33]31,23,4)([34]21,9,4)([35]23,0,4)([36]22,31,3)([37]11,34,4)([38]25,19,2)([39]25,36,5)([40]33,19,5)([41]0,20,6)([42]24,40,4)([43]12,35,3)([44]26,19,3)([45]7,1,0)([46]28,43,4)([47]12,44,2)([48]38,27,4)([49]46,18,5)([50]19,10,4)([51]39,12,5)([52]49,25,3)([53]38,41,3)([54]46,13,6)([55]34,39,4)([56]48,40,2)([57]44,16,6)([58]24,12,3)([59]54,16,5)([60]31,23,7)([61]12,53,2)([62]30,26,2)([63]62,61,1)([64]29,42,3)([65]45,52,6)([66]54,56,6)([67]16,30,2)([68]50,37,0)([69]65,66,5)([70]62,45,5)([71]66,46,0)([72]66,34,4)([73]38,29,4)([74]59,45,2)([75]13,52,4)([76]52,29,6)([77]45,35,3)([78]46,48,5)([79]71,64,2)([80]47,70,4)([81]70,68,3)([82]79,76,3)([83]82,61,6)([84]61,4,4)([85]55,78,3)([86]0,35,7)(83)
optimized area: 129.76
time: 1264364 ms
seed: 1635848993
NOT FOUND
time: 1073417 ms
seed: 1635891000
{7,1,80,1,2,1,8}([7]6,1,7)([8]2,4,5)([9]5,7,4)([10]4,5,2)([11]6,1,5)([12]3,11,4)([13]4,7,7)([14]0,12,7)([15]3,10,4)([16]10,7,6)([17]13,2,4)([18]15,7,0)([19]7,3,7)([20]1,3,4)([21]12,20,5)([22]13,6,1)([23]9,11,2)([24]2,5,0)([25]5,24,6)([26]17,16,7)([27]19,21,5)([28]13,0,2)([29]27,24,3)([30]27,10,7)([31]29,26,7)([32]23,0,7)([33]15,2,7)([34]14,25,7)([35]28,11,2)([36]32,8,0)([37]25,8,6)([38]32,30,5)([39]28,38,2)([40]33,1,2)([41]4,33,5)([42]40,35,3)([43]1,34,7)([44]36,43,0)([45]40,35,5)([46]30,23,6)([47]24,1,4)([48]44,33,5)([49]35,8,6)([50]33,14,3)([51]27,41,5)([52]13,25,4)([53]50,43,7)([54]47,28,3)([55]40,42,5)([56]25,47,4)([57]48,42,5)([58]53,8,6)([59]0,23,3)([60]54,28,4)([61]17,55,4)([62]26,45,5)([63]18,0,3)([64]57,20,3)([65]59,28,6)([66]53,31,5)([67]28,14,7)([68]38,62,5)([69]50,68,4)([70]52,14,5)([71]49,70,5)([72]43,7,4)([73]69,64,7)([74]73,66,5)([75]38,34,0)([76]10,33,1)([77]6,13,6)([78]44,71,6)([79]2,53,3)([80]51,37,5)([81]26,10,6)([82]30,36,6)([83]14,50,7)([84]71,73,2)([85]29,20,4)([86]32,11,7)(74)
evaluations: 29895029
first invidual area: 135.42
{7,1,80,1,2,1,8}([7]1,6,7)([8]7,5,4)([9]2,5,3)([10]5,4,2)([11]6,1,5)([12]0,11,7)([13]4,7,7)([14]12,3,4)([15]2,3,7)([16]1,3,3)([17]12,9,2)([18]3,10,0)([19]18,1,4)([20]19,1,5)([21]7,18,7)([22]8,4,5)([23]8,11,5)([24]13,10,3)([25]2,24,4)([26]25,7,4)([27]20,21,5)([28]4,4,6)([29]27,2,3)([30]27,10,7)([31]26,29,7)([32]0,23,4)([33]15,10,4)([34]19,13,4)([35]12,13,2)([36]9,14,7)([37]1,7,3)([38]21,3,3)([39]20,11,3)([40]33,1,2)([41]15,21,3)([42]40,35,3)([43]32,20,0)([44]26,15,5)([45]40,35,5)([46]32,15,5)([47]20,25,0)([48]26,30,2)([49]36,1,7)([50]33,14,3)([51]16,28,2)([52]30,3,2)([53]50,49,4)([54]50,35,0)([55]16,17,6)([56]23,31,2)([57]46,42,5)([58]40,34,5)([59]32,30,5)([60]38,36,7)([61]26,45,5)([62]21,6,1)([63]62,18,2)([64]57,19,3)([65]38,61,7)([66]53,31,5)([67]63,4,1)([68]61,59,5)([69]54,68,7)([70]69,37,2)([71]35,40,5)([72]43,53,5)([73]69,64,4)([74]73,66,5)([75]48,20,1)([76]32,60,5)([77]53,65,1)([78]18,74,3)([79]30,5,7)([80]2,3,6)([81]48,55,0)([82]74,80,0)([83]58,44,0)([84]1,5,5)([85]77,72,5)([86]6,55,0)(74)
optimized area: 132.61
time: 1197127 ms
seed: 1635927152
{7,1,80,1,2,1,8}([7]1,6,4)([8]1,4,4)([9]7,2,3)([10]0,9,5)([11]10,7,6)([12]7,1,0)([13]3,2,7)([14]12,7,5)([15]9,3,3)([16]5,11,4)([17]7,4,0)([18]13,1,2)([19]17,6,6)([20]12,10,2)([21]16,16,6)([22]6,10,4)([23]19,16,2)([24]22,2,4)([25]24,23,4)([26]0,13,7)([27]12,2,7)([28]18,22,6)([29]28,14,4)([30]5,26,7)([31]4,21,5)([32]20,15,7)([33]4,28,4)([34]31,25,7)([35]23,17,0)([36]15,19,2)([37]32,4,7)([38]10,22,6)([39]13,25,6)([40]29,16,7)([41]22,13,0)([42]37,38,0)([43]24,18,5)([44]30,21,0)([45]31,40,6)([46]11,31,5)([47]8,5,2)([48]40,39,7)([49]40,44,5)([50]17,2,4)([51]17,36,2)([52]1,29,5)([53]34,17,6)([54]48,9,5)([55]9,40,7)([56]41,34,4)([57]40,3,2)([58]17,51,6)([59]29,3,1)([60]6,29,3)([61]52,42,5)([62]5,14,5)([63]5,17,4)([64]49,1,3)([65]53,50,3)([66]57,29,0)([67]44,27,5)([68]64,56,5)([69]0,54,4)([70]69,8,4)([71]61,40,2)([72]68,5,0)([73]67,39,3)([74]61,70,3)([75]51,38,6)([76]24,60,0)([77]33,65,1)([78]73,77,2)([79]42,23,5)([80]38,71,1)([81]49,42,3)([82]78,68,3)([83]78,16,7)([84]74,82,2)([85]50,67,2)([86]14,55,2)(84)
evaluations: 6627755
first invidual area: 149.47
{7,1,80,1,2,1,8}([7]1,6,4)([8]6,7,6)([9]2,7,3)([10]0,9,5)([11]1,4,7)([12]10,7,5)([13]2,3,7)([14]4,8,5)([15]10,7,3)([16]15,5,7)([17]8,5,0)([18]8,16,5)([19]12,16,1)([20]8,1,1)([21]1,13,2)([22]9,3,3)([23]2,18,7)([24]10,6,4)([25]0,17,5)([26]23,24,4)([27]24,8,4)([28]21,24,6)([29]28,7,7)([30]8,8,2)([31]28,4,7)([32]3,11,4)([33]29,1,5)([34]3,1,5)([35]25,13,4)([36]16,0,1)([37]1,35,5)([38]9,20,1)([39]13,26,6)([40]29,36,4)([41]36,4,5)([42]14,16,1)([43]39,40,7)([44]22,3,1)([45]7,1,7)([46]12,22,5)([47]19,23,7)([48]7,3,5)([49]40,35,5)([50]29,20,1)([51]27,33,4)([52]19,45,0)([53]28,14,1)([54]39,2,0)([55]46,4,7)([56]19,25,3)([57]43,45,6)([58]55,33,5)([59]41,42,5)([60]43,9,5)([61]23,41,7)([62]12,35,3)([63]31,12,0)([64]9,28,2)([65]1,49,3)([66]45,7,2)([67]22,0,1)([68]65,61,5)([69]0,60,7)([70]69,11,4)([71]47,28,6)([72]29,20,0)([73]69,48,3)([74]70,58,3)([75]66,19,2)([76]69,22,0)([77]17,6,2)([78]73,31,2)([79]76,76,1)([80]9,0,5)([81]1,3,4)([82]78,68,3)([83]48,70,1)([84]74,82,2)([85]51,4,4)([86]78,73,0)(84)
optimized area: 129.30
time: 1431872 ms
seed: 1635963366
{7,1,80,1,2,1,8}([7]2,0,7)([8]3,5,7)([9]2,1,4)([10]0,3,6)([11]6,7,4)([12]9,10,4)([13]9,3,5)([14]11,3,4)([15]9,0,5)([16]7,13,5)([17]12,7,6)([18]2,16,5)([19]6,7,6)([20]17,4,3)([21]14,18,7)([22]4,8,2)([23]5,10,4)([24]11,10,0)([25]15,4,7)([26]7,12,4)([27]23,6,5)([28]25,3,7)([29]4,6,7)([30]23,28,6)([31]24,22,4)([32]22,27,1)([33]13,23,4)([34]20,27,5)([35]21,15,5)([36]29,35,2)([37]5,35,0)([38]21,30,6)([39]38,15,4)([40]39,31,3)([41]26,8,6)([42]2,41,0)([43]34,9,7)([44]41,16,2)([45]23,20,2)([46]32,42,6)([47]10,21,3)([48]22,2,6)([49]35,33,3)([50]38,3,4)([51]27,38,4)([52]32,34,7)([53]46,24,3)([54]9,39,6)([55]43,40,5)([56]44,11,4)([57]28,44,6)([58]44,36,5)([59]21,0,0)([60]57,30,5)([61]57,50,5)([62]30,28,6)([63]54,4,0)([64]17,28,3)([65]43,53,3)([66]65,23,1)([67]46,65,3)([68]12,34,3)([69]51,4,7)([70]40,56,6)([71]60,15,1)([72]63,21,3)([73]61,1,5)([74]10,3,0)([75]12,51,1)([76]19,5,5)([77]8,72,7)([78]11,55,4)([79]58,73,5)([80]38,44,3)([81]12,15,4)([82]23,77,2)([83]3,77,2)([84]53,79,2)([85]15,4,7)([86]55,84,4)(86)
evaluations: 3913261
first invidual area: 136.33
{7,1,80,1,2,1,8}([7]2,0,7)([8]3,5,7)([9]2,1,4)([10]3,0,6)([11]6,7,4)([12]9,10,4)([13]3,9,5)([14]13,7,7)([15]7,7,0)([16]12,7,6)([17]11,3,7)([18]4,14,0)([19]7,2,1)([20]0,12,5)([21]4,1,0)([22]14,0,5)([23]10,5,4)([24]8,16,1)([25]20,21,7)([26]18,8,5)([27]23,6,5)([28]3,25,7)([29]21,16,3)([30]23,28,6)([31]11,26,7)([32]23,17,1)([33]22,2,5)([34]29,27,5)([35]31,9,2)([36]23,6,3)([37]33,17,4)([38]37,30,6)([39]20,38,4)([40]39,31,3)([41]8,14,6)([42]38,25,7)([43]32,14,5)([44]21,0,0)([45]41,25,2)([46]5,8,2)([47]34,9,7)([48]10,34,7)([49]28,41,6)([50]33,22,0)([51]13,12,0)([52]19,35,1)([53]35,11,3)([54]16,9,2)([55]47,40,5)([56]42,49,5)([57]47,53,2)([58]31,38,5)([59]45,27,5)([60]14,25,6)([61]59,35,1)([62]48,38,4)([63]1,56,5)([64]11,37,6)([65]46,51,6)([66]59,31,0)([67]63,43,5)([68]56,53,1)([69]11,67,2)([70]24,38,6)([71]21,4,7)([72]3,38,2)([73]23,50,7)([74]5,64,4)([75]67,57,1)([76]41,61,2)([77]17,41,7)([78]65,30,0)([79]59,63,5)([80]36,33,3)([81]9,20,3)([82]80,79,0)([83]81,14,7)([84]53,79,5)([85]84,55,7)([86]77,2,0)(85)
optimized area: 125.09
time: 1388588 ms
seed: 1635999310
NOT FOUND
time: 1077293 ms
seed: 1636033821
{7,1,80,1,2,1,8}([7]0,3,2)([8]2,6,5)([9]6,4,7)([10]0,8,3)([11]7,4,6)([12]5,6,7)([13]3,0,3)([14]7,12,3)([15]5,1,7)([16]13,14,5)([17]15,11,6)([18]15,16,3)([19]1,18,5)([20]13,5,2)([21]16,0,5)([22]15,9,2)([23]11,20,3)([24]0,19,6)([25]0,11,2)([26]20,14,4)([27]3,1,2)([28]8,24,4)([29]7,18,6)([30]28,13,5)([31]27,25,3)([32]24,9,4)([33]9,7,2)([34]26,21,2)([35]23,8,2)([36]23,2,4)([37]15,3,0)([38]31,35,7)([39]38,22,6)([40]27,22,5)([41]25,22,6)([42]12,13,2)([43]32,38,7)([44]30,22,2)([45]9,12,2)([46]11,7,7)([47]36,28,2)([48]47,33,6)([49]26,36,2)([50]8,38,4)([51]44,39,7)([52]37,7,0)([53]10,27,1)([54]43,31,5)([55]46,28,1)([56]49,5,0)([57]1,49,7)([58]35,34,2)([59]57,23,1)([60]18,47,6)([61]37,6,5)([62]2,6,1)([63]7,28,2)([64]48,10,4)([65]51,33,0)([66]38,54,1)([67]59,53,4)([68]6,8,2)([69]29,51,6)([70]47,69,6)([71]42,15,5)([72]25,42,3)([73]43,24,3)([74]30,51,2)([75]4,32,0)([76]20,41,3)([77]53,39,4)([78]6,58,7)([79]39,23,4)([80]36,38,2)([81]72,14,4)([82]4,53,4)([83]57,64,2)([84]83,81,2)([85]57,77,4)([86]84,70,7)(86)
evaluations: 46475081
first invidual area: 126.94
{7,1,80,1,2,1,8}([7]0,3,2)([8]6,2,5)([9]4,6,7)([10]5,4,0)([11]7,4,6)([12]6,10,7)([13]3,0,3)([14]7,12,3)([15]10,1,7)([16]12,13,5)([17]3,1,2)([18]16,15,3)([19]1,18,5)([20]13,10,2)([21]17,17,2)([22]15,9,2)([23]11,20,3)([24]0,19,6)([25]0,11,2)([26]20,14,4)([27]16,16,4)([28]8,24,4)([29]7,18,6)([30]28,13,5)([31]17,25,3)([32]20,3,1)([33]9,14,2)([34]23,13,0)([35]34,8,5)([36]34,2,4)([37]22,5,7)([38]31,35,4)([39]38,22,6)([40]17,1,1)([41]13,8,3)([42]26,6,3)([43]8,20,3)([44]30,22,2)([45]17,26,7)([46]36,44,0)([47]36,28,2)([48]47,33,3)([49]26,46,2)([50]37,7,5)([51]44,39,6)([52]46,34,3)([53]31,43,2)([54]9,36,4)([55]35,5,2)([56]54,35,7)([57]1,49,7)([58]35,2,3)([59]48,35,6)([60]58,59,5)([61]55,49,5)([62]55,42,1)([63]42,24,4)([64]48,41,7)([65]38,35,4)([66]31,5,2)([67]48,12,2)([68]10,67,2)([69]29,51,6)([70]47,69,3)([71]68,51,5)([72]25,67,3)([73]7,57,4)([74]67,36,2)([75]6,29,2)([76]9,58,7)([77]16,13,3)([78]58,50,7)([79]22,46,2)([80]20,57,3)([81]72,14,4)([82]13,17,4)([83]57,64,2)([84]83,81,2)([85]24,18,7)([86]84,70,4)(86)
optimized area: 124.12
time: 1069619 ms
seed: 1636067825
NOT FOUND
time: 1074825 ms
seed: 1636100890
NOT FOUND
time: 1088607 ms
seed: 1636133539
{7,1,80,1,2,1,8}([7]6,5,7)([8]4,2,4)([9]6,1,2)([10]0,4,3)([11]2,10,4)([12]8,0,7)([13]7,3,4)([14]2,7,5)([15]4,8,2)([16]9,11,3)([17]12,2,3)([18]3,9,2)([19]4,10,4)([20]5,18,6)([21]19,5,0)([22]3,16,2)([23]15,1,4)([24]1,3,7)([25]6,17,6)([26]25,24,1)([27]22,12,7)([28]11,25,7)([29]27,1,0)([30]23,10,5)([31]2,14,5)([32]18,26,4)([33]21,26,1)([34]27,27,5)([35]25,20,3)([36]29,22,2)([37]12,20,6)([38]13,0,5)([39]18,37,2)([40]9,21,6)([41]30,39,4)([42]23,13,1)([43]33,15,0)([44]19,24,5)([45]2,23,1)([46]27,27,5)([47]27,45,0)([48]30,14,7)([49]37,42,5)([50]36,8,6)([51]44,35,2)([52]24,6,1)([53]29,30,2)([54]4,49,3)([55]49,44,7)([56]0,1,5)([57]41,11,7)([58]28,41,5)([59]30,47,3)([60]8,20,7)([61]32,34,4)([62]24,61,1)([63]59,7,4)([64]55,52,6)([65]46,6,3)([66]14,21,7)([67]25,57,0)([68]36,51,7)([69]48,60,2)([70]58,62,5)([71]63,17,4)([72]52,24,1)([73]8,54,6)([74]54,27,7)([75]70,71,6)([76]5,75,4)([77]74,28,3)([78]48,31,0)([79]75,67,7)([80]77,79,5)([81]74,18,3)([82]27,62,0)([83]69,80,6)([84]68,83,4)([85]63,61,1)([86]6,28,2)(84)
evaluations: 37223387
first invidual area: 147.11
{7,1,80,1,2,1,8}([7]6,5,7)([8]2,4,4)([9]5,0,3)([10]4,0,3)([11]10,2,4)([12]8,0,7)([13]6,1,2)([14]9,1,0)([15]2,7,5)([16]13,11,3)([17]2,12,3)([18]13,3,2)([19]5,18,6)([20]6,9,2)([21]8,11,5)([22]12,16,2)([23]1,21,7)([24]1,3,7)([25]6,17,6)([26]15,14,6)([27]12,3,7)([28]25,11,7)([29]8,20,6)([30]23,10,5)([31]1,17,6)([32]20,23,6)([33]4,8,5)([34]11,27,1)([35]25,19,3)([36]14,32,4)([37]27,22,5)([38]4,10,4)([39]29,20,4)([40]16,10,7)([41]30,14,3)([42]27,30,6)([43]5,30,2)([44]38,24,5)([45]13,21,0)([46]10,37,7)([47]17,24,6)([48]24,15,1)([49]30,23,5)([50]26,38,7)([51]44,35,5)([52]44,48,6)([53]15,43,7)([54]19,49,6)([55]14,22,4)([56]0,25,3)([57]29,14,3)([58]28,30,5)([59]5,5,2)([60]45,26,5)([61]5,38,6)([62]15,30,7)([63]17,7,4)([64]19,8,7)([65]28,64,1)([66]56,34,7)([67]45,34,4)([68]37,51,4)([69]62,64,2)([70]58,48,5)([71]63,42,7)([72]44,12,6)([73]17,26,0)([74]54,27,4)([75]70,71,3)([76]68,23,0)([77]74,28,3)([78]4,76,5)([79]75,25,4)([80]77,79,5)([81]4,27,5)([82]11,55,2)([83]69,80,6)([84]76,83,7)([85]31,0,6)([86]26,8,1)(84)
optimized area: 134.93
time: 1141622 ms
seed: 1636165941
NOT FOUND
time: 1072569 ms
seed: 1636196662
{7,1,80,1,2,1,8}([7]4,6,7)([8]6,5,2)([9]6,1,5)([10]3,5,4)([11]10,5,6)([12]1,2,4)([13]2,1,0)([14]2,4,7)([15]10,3,2)([16]3,0,2)([17]15,12,3)([18]14,7,3)([19]0,12,2)([20]14,9,7)([21]11,0,7)([22]10,21,2)([23]1,0,1)([24]11,6,0)([25]17,0,7)([26]22,11,4)([27]26,2,0)([28]5,9,7)([29]12,27,6)([30]27,18,7)([31]30,23,4)([32]14,20,5)([33]13,1,1)([34]29,20,6)([35]6,0,5)([36]1,1,7)([37]7,10,2)([38]1,25,5)([39]32,18,5)([40]13,14,1)([41]30,24,7)([42]8,19,6)([43]16,38,7)([44]2,35,6)([45]42,44,1)([46]13,40,1)([47]35,30,2)([48]11,13,4)([49]33,32,6)([50]28,7,2)([51]20,28,4)([52]36,0,5)([53]27,18,0)([54]53,21,5)([55]31,45,2)([56]19,50,7)([57]34,17,5)([58]24,46,7)([59]28,21,2)([60]32,55,6)([61]48,50,5)([62]35,12,4)([63]56,11,6)([64]2,0,7)([65]0,41,4)([66]27,28,1)([67]44,43,3)([68]10,11,4)([69]28,21,4)([70]39,21,3)([71]34,67,3)([72]30,22,6)([73]2,44,1)([74]71,70,5)([75]40,43,0)([76]34,4,4)([77]55,74,3)([78]2,41,1)([79]6,64,3)([80]77,61,7)([81]27,8,0)([82]4,72,7)([83]18,14,7)([84]22,61,1)([85]58,40,3)([86]21,56,1)(80)
evaluations: 18730027
first invidual area: 123.67
{7,1,80,1,2,1,8}([7]6,4,7)([8]6,1,5)([9]0,3,5)([10]8,1,0)([11]3,5,6)([12]2,0,0)([13]8,5,7)([14]4,12,7)([15]11,5,6)([16]8,14,7)([17]7,15,3)([18]14,7,6)([19]3,9,1)([20]4,17,2)([21]11,0,7)([22]21,19,2)([23]13,7,2)([24]2,22,6)([25]21,5,6)([26]25,7,7)([27]6,22,6)([28]16,14,5)([29]1,12,4)([30]18,22,7)([31]24,2,0)([32]12,9,0)([33]2,11,4)([34]31,5,2)([35]17,0,7)([36]35,1,5)([37]6,5,2)([38]4,21,4)([39]0,29,2)([40]20,2,6)([41]6,0,5)([42]41,12,6)([43]9,36,4)([44]33,23,5)([45]16,34,6)([46]39,45,0)([47]30,1,4)([48]14,1,4)([49]43,10,3)([50]1,29,3)([51]10,29,7)([52]28,30,5)([53]46,37,3)([54]29,41,4)([55]47,53,2)([56]7,8,1)([57]52,21,3)([58]32,25,2)([59]0,37,1)([60]55,25,7)([61]29,24,7)([62]19,11,3)([63]4,19,4)([64]5,46,6)([65]15,45,1)([66]13,9,4)([67]42,45,3)([68]48,63,7)([69]32,64,7)([70]5,47,7)([71]43,67,3)([72]35,61,1)([73]30,46,2)([74]71,57,5)([75]55,67,7)([76]60,68,7)([77]74,55,3)([78]21,46,0)([79]30,5,0)([80]77,44,7)([81]7,22,1)([82]9,65,4)([83]26,72,6)([84]9,27,6)([85]79,41,3)([86]22,64,2)(80)
optimized area: 114.76
time: 1191050 ms
seed: 1636226560
{7,1,80,1,2,1,8}([7]6,1,0)([8]4,1,3)([9]4,6,4)([10]4,5,2)([11]3,4,7)([12]1,5,7)([13]9,12,7)([14]7,11,5)([15]4,2,7)([16]6,1,2)([17]2,16,2)([18]8,0,4)([19]15,6,5)([20]8,10,5)([21]11,18,7)([22]5,14,6)([23]3,0,6)([24]10,13,4)([25]15,0,0)([26]8,6,3)([27]13,21,3)([28]27,20,7)([29]22,17,6)([30]12,29,4)([31]24,14,6)([32]23,29,4)([33]0,25,2)([34]28,25,7)([35]3,6,3)([36]9,16,6)([37]30,36,5)([38]18,29,5)([39]28,16,4)([40]35,34,6)([41]31,11,4)([42]38,39,6)([43]28,12,3)([44]28,33,7)([45]34,41,5)([46]11,28,0)([47]35,13,5)([48]42,33,7)([49]24,44,2)([50]47,12,6)([51]48,34,5)([52]43,29,3)([53]37,25,3)([54]33,47,2)([55]50,7,7)([56]36,34,5)([57]53,41,3)([58]57,32,4)([59]34,38,7)([60]38,46,6)([61]28,27,6)([62]58,49,7)([63]39,1,4)([64]62,60,3)([65]30,27,6)([66]9,14,5)([67]40,66,1)([68]34,22,6)([69]65,54,7)([70]52,52,3)([71]69,51,7)([72]44,53,0)([73]64,71,5)([74]6,13,3)([75]47,39,5)([76]40,35,4)([77]62,4,0)([78]10,60,1)([79]71,60,6)([80]8,60,4)([81]38,0,0)([82]13,48,0)([83]74,16,6)([84]23,33,2)([85]73,29,2)([86]41,41,6)(73)
evaluations: 19825189
first invidual area: 153.69
{7,1,80,1,2,1,8}([7]2,3,2)([8]4,1,6)([9]6,4,4)([10]4,5,2)([11]4,3,7)([12]1,5,7)([13]9,12,7)([14]11,6,5)([15]4,2,7)([16]1,6,2)([17]5,14,6)([18]0,8,7)([19]3,5,1)([20]16,2,2)([21]0,3,3)([22]15,16,4)([23]17,11,5)([24]10,13,4)([25]11,18,7)([26]9,16,3)([27]25,13,3)([28]10,27,4)([29]17,20,6)([30]29,12,5)([31]15,26,6)([32]29,21,4)([33]0,15,2)([34]27,1,0)([35]3,6,3)([36]1,32,1)([37]30,31,5)([38]18,29,5)([39]33,24,0)([40]11,6,0)([41]28,15,7)([42]7,15,4)([43]38,22,6)([44]28,33,7)([45]34,30,3)([46]24,18,2)([47]35,13,5)([48]43,39,6)([49]24,44,5)([50]12,12,6)([51]48,41,5)([52]22,17,4)([53]40,38,6)([54]39,3,6)([55]35,52,1)([56]16,52,0)([57]37,55,6)([58]57,32,4)([59]19,52,5)([60]41,25,4)([61]41,26,1)([62]58,49,4)([63]42,0,7)([64]62,53,3)([65]52,27,7)([66]51,34,7)([67]47,33,5)([68]43,45,6)([69]51,67,5)([70]43,67,7)([71]69,45,4)([72]52,0,5)([73]37,0,1)([74]1,8,3)([75]29,39,7)([76]45,19,7)([77]2,13,7)([78]23,56,1)([79]71,41,6)([80]67,61,2)([81]76,9,1)([82]13,38,5)([83]69,71,3)([84]29,43,2)([85]71,64,5)([86]30,16,3)(85)
optimized area: 137.26
time: 1307159 ms
