seed: 1634028896
NOT FOUND
time: 527147 ms
seed: 1634239307
{7,1,80,1,2,1,8}([7]1,0,4)([8]6,1,4)([9]8,2,5)([10]6,3,4)([11]7,0,7)([12]6,3,3)([13]0,4,4)([14]12,2,7)([15]1,14,6)([16]5,9,7)([17]7,2,6)([18]6,10,2)([19]15,4,4)([20]4,5,2)([21]14,20,3)([22]21,17,6)([23]18,4,2)([24]15,22,4)([25]7,18,5)([26]4,16,3)([27]26,10,7)([28]6,9,4)([29]5,19,3)([30]8,20,2)([31]29,24,4)([32]1,8,2)([33]21,27,3)([34]10,14,7)([35]26,31,5)([36]25,13,2)([37]14,23,6)([38]10,11,4)([39]17,33,7)([40]30,37,7)([41]39,40,4)([42]11,26,1)([43]38,29,3)([44]10,30,1)([45]40,44,5)([46]36,3,2)([47]7,45,1)([48]6,10,5)([49]1,21,6)([50]25,5,6)([51]35,50,3)([52]41,29,7)([53]22,46,5)([54]29,0,5)([55]51,6,4)([56]41,0,5)([57]36,43,7)([58]57,55,6)([59]41,21,2)([60]27,57,4)([61]40,30,6)([62]0,5,1)([63]14,39,4)([64]51,45,3)([65]30,48,6)([66]56,32,3)([67]18,5,3)([68]66,64,4)([69]61,62,6)([70]22,62,5)([71]35,66,3)([72]43,61,1)([73]3,67,6)([74]71,16,0)([75]21,74,0)([76]7,7,0)([77]70,55,5)([78]52,18,3)([79]75,58,0)([80]45,54,0)([81]21,27,7)([82]58,68,6)([83]18,12,7)([84]82,6,7)([85]66,28,3)([86]31,81,2)(84)
evaluations: 32704379
first invidual area: 151.34
{7,1,80,1,2,1,8}([7]1,0,4)([8]1,6,4)([9]2,8,5)([10]3,6,4)([11]1,8,2)([12]10,3,6)([13]0,4,4)([14]12,2,4)([15]14,1,6)([16]5,9,7)([17]2,7,6)([18]6,10,2)([19]10,10,1)([20]5,4,2)([21]14,20,3)([22]17,21,6)([23]18,4,2)([24]15,22,4)([25]23,7,5)([26]4,16,3)([27]26,10,7)([28]4,15,4)([29]28,5,3)([30]8,20,5)([31]29,24,4)([32]9,18,7)([33]21,27,6)([34]7,16,4)([35]26,31,5)([36]13,25,5)([37]23,14,3)([38]35,8,0)([39]17,33,4)([40]30,37,7)([41]39,40,4)([42]16,3,7)([43]42,29,3)([44]29,40,6)([45]40,19,5)([46]39,5,1)([47]12,7,3)([48]23,46,2)([49]25,23,0)([50]25,5,6)([51]38,50,3)([52]45,31,7)([53]42,32,2)([54]2,14,6)([55]51,6,4)([56]41,0,5)([57]36,43,4)([58]57,55,6)([59]21,2,6)([60]59,50,4)([61]25,27,1)([62]2,21,6)([63]0,47,3)([64]35,45,3)([65]9,47,1)([66]56,11,6)([67]59,15,5)([68]66,64,7)([69]19,12,5)([70]61,10,7)([71]19,67,6)([72]0,44,5)([73]11,23,2)([74]1,14,1)([75]19,55,3)([76]73,71,6)([77]56,60,5)([78]8,32,7)([79]72,76,3)([80]15,38,0)([81]76,69,4)([82]68,58,3)([83]62,77,5)([84]82,6,4)([85]78,63,0)([86]22,58,5)(84)
optimized area: 145.71
time: 599845 ms
seed: 1634376774
{7,1,80,1,2,1,8}([7]3,5,7)([8]7,0,7)([9]1,7,5)([10]4,2,2)([11]10,0,4)([12]1,8,5)([13]2,9,4)([14]3,6,6)([15]11,8,2)([16]1,10,6)([17]16,4,6)([18]13,5,2)([19]1,11,4)([20]6,1,7)([21]20,4,5)([22]17,1,5)([23]9,19,7)([24]13,20,4)([25]19,5,7)([26]13,23,5)([27]5,11,2)([28]17,25,7)([29]24,23,5)([30]10,11,7)([31]7,21,7)([32]22,13,4)([33]13,28,6)([34]12,28,1)([35]33,0,6)([36]29,4,4)([37]8,30,7)([38]20,12,2)([39]34,26,2)([40]38,28,4)([41]8,7,3)([42]15,9,4)([43]15,7,2)([44]16,30,7)([45]24,0,2)([46]14,16,5)([47]31,44,5)([48]33,25,4)([49]40,34,1)([50]34,14,6)([51]2,46,5)([52]42,19,1)([53]36,42,6)([54]10,47,3)([55]25,4,0)([56]26,26,6)([57]27,40,1)([58]51,5,3)([59]15,9,5)([60]51,47,7)([61]48,40,6)([62]51,39,5)([63]35,2,3)([64]39,10,4)([65]58,26,5)([66]5,44,6)([67]65,53,2)([68]40,47,1)([69]48,45,2)([70]8,17,6)([71]32,18,7)([72]60,61,5)([73]3,58,7)([74]24,1,1)([75]70,50,7)([76]4,3,2)([77]52,64,1)([78]72,36,4)([79]24,3,7)([80]40,17,3)([81]71,46,7)([82]15,78,5)([83]27,27,3)([84]67,78,4)([85]45,8,5)([86]63,73,1)(84)
evaluations: 40202929
first invidual area: 138.24
{7,1,80,1,2,1,8}([7]3,5,7)([8]7,0,7)([9]7,1,5)([10]4,2,2)([11]0,10,4)([12]4,7,0)([13]9,2,4)([14]13,11,5)([15]8,11,5)([16]1,10,6)([17]4,16,6)([18]0,16,4)([19]1,11,4)([20]6,1,7)([21]12,20,5)([22]12,3,6)([23]19,9,7)([24]20,13,4)([25]5,19,7)([26]25,22,0)([27]9,19,2)([28]26,17,7)([29]24,23,5)([30]19,19,3)([31]7,21,7)([32]21,21,1)([33]28,13,3)([34]17,2,1)([35]8,6,5)([36]29,4,4)([37]6,1,3)([38]35,20,5)([39]33,25,6)([40]2,27,0)([41]15,9,7)([42]0,16,6)([43]38,28,4)([44]22,24,4)([45]36,32,4)([46]22,8,5)([47]31,18,5)([48]33,26,4)([49]41,36,6)([50]31,37,2)([51]2,46,5)([52]43,41,5)([53]14,9,4)([54]38,53,1)([55]31,32,1)([56]10,31,2)([57]3,47,2)([58]51,5,3)([59]55,10,1)([60]51,47,7)([61]48,43,2)([62]45,57,5)([63]60,44,2)([64]14,24,0)([65]58,14,5)([66]37,23,7)([67]31,39,7)([68]20,43,2)([69]64,9,0)([70]9,18,2)([71]21,29,1)([72]60,61,5)([73]58,7,1)([74]65,49,5)([75]72,34,1)([76]48,2,6)([77]13,37,7)([78]72,36,4)([79]43,70,4)([80]6,46,0)([81]65,34,0)([82]8,54,4)([83]7,51,2)([84]74,78,7)([85]29,12,3)([86]32,18,5)(84)
optimized area: 132.14
time: 561767 ms
seed: 1634425760
NOT FOUND
time: 538489 ms
seed: 1634634063
{7,1,80,1,2,1,8}([7]3,2,3)([8]0,6,4)([9]8,7,2)([10]1,2,7)([11]5,4,3)([12]2,3,5)([13]1,12,5)([14]10,7,7)([15]8,7,6)([16]3,5,6)([17]9,0,2)([18]1,0,4)([19]4,17,7)([20]13,0,4)([21]17,12,7)([22]14,16,7)([23]2,20,7)([24]18,9,4)([25]8,5,2)([26]24,13,6)([27]25,23,3)([28]2,7,1)([29]27,27,0)([30]29,1,1)([31]25,29,7)([32]24,16,7)([33]26,11,3)([34]4,31,5)([35]8,27,0)([36]5,19,5)([37]36,35,7)([38]10,33,7)([39]18,25,4)([40]5,1,5)([41]11,8,6)([42]29,6,0)([43]39,5,4)([44]43,34,6)([45]1,5,5)([46]36,21,4)([47]46,33,7)([48]41,32,4)([49]14,20,6)([50]32,15,3)([51]48,14,5)([52]47,7,2)([53]47,16,0)([54]2,31,7)([55]44,4,0)([56]34,51,2)([57]25,26,6)([58]29,8,4)([59]52,56,6)([60]8,51,2)([61]48,5,5)([62]56,52,1)([63]50,37,2)([64]61,16,0)([65]53,0,7)([66]47,46,2)([67]33,36,4)([68]4,58,4)([69]63,54,7)([70]28,4,6)([71]47,30,0)([72]63,59,4)([73]45,20,7)([74]34,59,0)([75]71,0,2)([76]26,56,5)([77]19,69,2)([78]44,72,3)([79]52,28,5)([80]46,55,6)([81]52,76,2)([82]75,27,6)([83]70,61,7)([84]37,76,3)([85]55,29,6)([86]80,67,6)(78)
evaluations: 27923404
first invidual area: 135.89
{7,1,80,1,2,1,8}([7]3,2,3)([8]0,6,4)([9]7,8,2)([10]1,2,7)([11]5,4,3)([12]3,2,5)([13]10,12,5)([14]10,7,7)([15]0,13,7)([16]0,9,7)([17]0,9,2)([18]1,0,4)([19]4,17,6)([20]11,8,3)([21]17,12,7)([22]18,21,6)([23]1,5,5)([24]8,11,7)([25]9,5,2)([26]20,18,4)([27]8,23,0)([28]5,3,3)([29]15,25,3)([30]28,26,4)([31]27,6,1)([32]31,5,5)([33]15,7,6)([34]4,29,5)([35]22,11,3)([36]5,19,5)([37]6,27,1)([38]28,11,3)([39]1,22,5)([40]27,8,6)([41]27,37,4)([42]14,25,6)([43]32,18,7)([44]9,30,7)([45]27,36,7)([46]35,36,5)([47]46,21,7)([48]15,27,1)([49]44,14,5)([50]44,33,3)([51]38,37,6)([52]47,7,2)([53]45,19,2)([54]20,2,1)([55]2,45,3)([56]34,49,2)([57]52,24,1)([58]25,19,7)([59]52,56,3)([60]48,35,4)([61]44,50,3)([62]34,43,6)([63]50,45,5)([64]3,29,4)([65]17,27,4)([66]61,46,4)([67]30,65,5)([68]55,48,2)([69]19,23,3)([70]3,37,7)([71]7,51,4)([72]63,59,4)([73]59,29,3)([74]45,54,2)([75]25,63,3)([76]30,68,2)([77]73,51,3)([78]5,63,4)([79]8,4,4)([80]53,59,5)([81]31,79,0)([82]42,51,1)([83]72,16,7)([84]21,25,6)([85]62,72,3)([86]29,54,0)(85)
optimized area: 119.45
time: 588102 ms
seed: 1635161154
NOT FOUND
time: 532347 ms
seed: 1635210255
{7,1,80,1,2,1,8}([7]1,6,5)([8]4,6,1)([9]6,7,7)([10]7,3,2)([11]1,9,1)([12]2,9,4)([13]0,9,4)([14]5,2,2)([15]6,10,6)([16]2,11,7)([17]16,13,3)([18]12,5,4)([19]3,13,2)([20]9,1,6)([21]18,10,6)([22]20,21,4)([23]7,16,4)([24]22,15,4)([25]9,19,6)([26]16,22,2)([27]22,25,2)([28]5,8,2)([29]11,24,3)([30]21,8,6)([31]11,19,3)([32]28,1,5)([33]30,3,6)([34]4,8,1)([35]18,27,6)([36]20,17,3)([37]30,11,7)([38]29,26,1)([39]24,16,3)([40]5,25,5)([41]16,20,6)([42]4,18,4)([43]17,1,0)([44]40,17,6)([45]34,35,2)([46]7,37,7)([47]18,37,1)([48]45,14,7)([49]32,13,2)([50]44,12,7)([51]49,46,3)([52]51,21,3)([53]4,52,7)([54]12,33,7)([55]16,6,3)([56]55,49,4)([57]54,5,7)([58]4,0,2)([59]48,36,4)([60]59,38,7)([61]24,53,3)([62]50,51,5)([63]52,54,4)([64]63,56,2)([65]41,40,7)([66]21,28,7)([67]42,15,5)([68]10,60,7)([69]62,19,7)([70]35,68,4)([71]68,64,6)([72]29,42,7)([73]18,30,7)([74]1,10,3)([75]74,8,3)([76]0,72,0)([77]5,38,1)([78]26,24,1)([79]63,28,5)([80]1,59,1)([81]33,69,7)([82]52,29,5)([83]69,71,3)([84]10,81,5)([85]8,57,1)([86]61,83,2)(86)
evaluations: 25016921
first invidual area: 163.03
{7,1,80,1,2,1,8}([7]1,6,5)([8]4,0,1)([9]7,6,2)([10]3,7,2)([11]10,6,3)([12]9,2,4)([13]9,0,4)([14]2,5,5)([15]1,4,1)([16]2,1,4)([17]16,13,3)([18]5,12,4)([19]3,13,2)([20]1,6,6)([21]10,18,6)([22]20,21,4)([23]15,4,2)([24]11,22,7)([25]19,9,6)([26]6,15,0)([27]11,25,2)([28]0,5,2)([29]15,24,3)([30]21,8,6)([31]7,30,7)([32]28,6,5)([33]30,3,6)([34]24,22,6)([35]18,27,6)([36]33,15,7)([37]2,18,1)([38]5,25,5)([39]34,25,1)([40]24,28,2)([41]20,17,6)([42]2,16,7)([43]24,38,6)([44]38,17,3)([45]8,35,5)([46]1,31,4)([47]40,12,7)([48]45,14,4)([49]13,32,2)([50]44,12,4)([51]49,46,3)([52]51,21,6)([53]4,51,7)([54]12,33,4)([55]16,6,3)([56]55,49,4)([57]34,51,6)([58]9,34,2)([59]48,41,4)([60]59,29,4)([61]24,53,3)([62]50,51,5)([63]52,54,4)([64]63,56,2)([65]42,19,4)([66]62,42,0)([67]12,57,2)([68]10,60,7)([69]66,19,7)([70]48,30,7)([71]68,64,6)([72]29,20,6)([73]54,6,4)([74]26,29,2)([75]56,35,4)([76]57,25,1)([77]65,0,3)([78]32,65,0)([79]60,24,1)([80]23,71,1)([81]78,19,5)([82]64,62,4)([83]69,71,3)([84]56,37,1)([85]6,60,7)([86]61,83,2)(86)
optimized area: 156.94
time: 677731 ms
seed: 1635640806
NOT FOUND
time: 1065923 ms
seed: 1635688494
NOT FOUND
time: 1080999 ms
seed: 1635736359
{7,1,80,1,2,1,8}([7]6,5,5)([8]6,1,2)([9]0,6,0)([10]5,0,7)([11]9,8,6)([12]11,1,6)([13]10,6,4)([14]3,11,3)([15]3,7,2)([16]9,12,7)([17]14,2,2)([18]2,5,4)([19]10,14,4)([20]12,2,2)([21]8,15,7)([22]1,8,4)([23]22,17,6)([24]18,3,6)([25]24,20,6)([26]23,9,4)([27]13,25,2)([28]11,4,5)([29]21,24,5)([30]10,18,5)([31]13,22,2)([32]25,12,6)([33]29,4,5)([34]23,11,5)([35]3,29,7)([36]19,21,2)([37]36,26,3)([38]36,6,4)([39]32,37,3)([40]33,5,1)([41]13,35,6)([42]40,34,4)([43]1,6,7)([44]37,9,7)([45]4,39,2)([46]23,19,4)([47]39,9,6)([48]45,44,4)([49]26,35,0)([50]16,47,6)([51]41,45,7)([52]13,1,0)([53]43,38,3)([54]30,16,4)([55]19,19,5)([56]32,30,5)([57]42,53,2)([58]52,51,0)([59]6,22,7)([60]7,4,3)([61]6,38,0)([62]27,43,4)([63]54,61,0)([64]57,44,1)([65]62,57,5)([66]25,44,5)([67]10,2,1)([68]63,20,2)([69]11,28,2)([70]51,65,4)([71]20,40,1)([72]18,25,3)([73]17,71,7)([74]70,41,1)([75]38,57,1)([76]26,69,5)([77]70,74,0)([78]3,1,7)([79]67,43,0)([80]14,60,1)([81]48,38,0)([82]50,56,1)([83]17,67,7)([84]60,23,4)([85]36,62,6)([86]83,12,2)(70)
evaluations: 24248637
first invidual area: 120.87
{7,1,80,1,2,1,8}([7]1,3,1)([8]6,1,2)([9]7,6,6)([10]0,5,7)([11]8,0,6)([12]4,5,7)([13]10,6,4)([14]3,11,3)([15]13,5,5)([16]11,1,6)([17]2,16,2)([18]5,2,4)([19]10,14,4)([20]3,15,5)([21]8,20,4)([22]14,2,2)([23]22,9,6)([24]3,18,6)([25]17,24,6)([26]25,16,6)([27]5,16,6)([28]11,23,5)([29]21,24,5)([30]4,29,5)([31]0,23,4)([32]10,5,3)([33]25,13,5)([34]29,20,5)([35]19,21,2)([36]29,25,0)([37]26,31,3)([38]30,28,7)([39]7,13,7)([40]37,35,3)([41]13,34,6)([42]40,20,1)([43]6,7,4)([44]3,43,2)([45]4,40,5)([46]11,5,5)([47]19,0,2)([48]32,18,1)([49]39,9,7)([50]3,41,7)([51]41,45,7)([52]39,25,0)([53]47,33,3)([54]43,33,7)([55]38,53,2)([56]3,4,3)([57]24,20,5)([58]16,34,0)([59]13,38,5)([60]20,25,0)([61]37,27,1)([62]50,3,3)([63]20,41,6)([64]29,16,5)([65]54,55,5)([66]55,23,4)([67]30,13,0)([68]67,19,0)([69]27,40,6)([70]9,38,0)([71]54,2,6)([72]26,64,2)([73]55,20,3)([74]32,62,3)([75]57,70,4)([76]14,40,7)([77]23,63,5)([78]5,41,7)([79]65,51,7)([80]61,74,0)([81]28,33,3)([82]3,43,6)([83]34,0,7)([84]19,63,6)([85]77,71,7)([86]77,20,6)(79)
optimized area: 111.94
time: 1193993 ms
seed: 1635783596
{7,1,80,1,2,1,8}([7]2,0,4)([8]2,6,7)([9]6,3,2)([10]1,7,7)([11]1,2,5)([12]7,3,4)([13]11,5,6)([14]4,9,5)([15]9,7,7)([16]5,12,6)([17]1,8,7)([18]2,17,4)([19]4,5,4)([20]13,19,4)([21]16,7,3)([22]9,10,6)([23]11,9,5)([24]5,8,5)([25]17,14,7)([26]24,3,6)([27]19,25,4)([28]13,15,4)([29]22,25,5)([30]22,26,5)([31]25,19,1)([32]28,8,6)([33]3,18,2)([34]30,0,3)([35]4,25,0)([36]16,23,7)([37]0,8,0)([38]12,35,2)([39]38,0,7)([40]21,28,5)([41]40,20,6)([42]2,2,6)([43]20,17,4)([44]28,4,4)([45]44,27,3)([46]26,10,3)([47]34,41,7)([48]39,26,7)([49]1,16,2)([50]48,44,4)([51]50,32,3)([52]23,29,5)([53]8,17,1)([54]28,11,2)([55]15,9,2)([56]29,38,5)([57]36,41,5)([58]45,33,6)([59]41,18,5)([60]58,56,4)([61]55,59,6)([62]10,0,0)([63]14,33,3)([64]47,44,3)([65]42,8,1)([66]47,6,3)([67]24,26,3)([68]30,63,1)([69]13,41,2)([70]14,65,5)([71]20,57,4)([72]27,40,6)([73]72,22,5)([74]10,47,7)([75]74,51,3)([76]66,7,3)([77]4,31,1)([78]4,36,4)([79]37,43,0)([80]42,14,0)([81]73,60,4)([82]9,68,3)([83]41,60,3)([84]5,51,1)([85]83,75,5)([86]70,6,6)(85)
evaluations: 14852123
first invidual area: 141.51
{7,1,80,1,2,1,8}([7]2,0,4)([8]2,6,7)([9]3,6,2)([10]7,1,7)([11]2,1,5)([12]3,7,4)([13]4,8,0)([14]8,10,7)([15]13,10,4)([16]3,4,6)([17]1,8,4)([18]6,1,4)([19]5,4,4)([20]3,18,2)([21]19,17,4)([22]11,5,3)([23]8,16,5)([24]17,10,6)([25]21,10,5)([26]9,4,5)([27]9,7,4)([28]27,22,4)([29]16,7,3)([30]16,18,5)([31]20,10,1)([32]11,19,2)([33]8,28,6)([34]28,29,5)([35]24,11,5)([36]9,9,1)([37]26,21,4)([38]12,4,2)([39]5,11,7)([40]33,17,3)([41]32,34,6)([42]30,41,7)([43]31,1,2)([44]28,13,4)([45]44,37,3)([46]38,0,7)([47]11,45,3)([48]44,23,4)([49]30,24,5)([50]48,46,4)([51]50,33,6)([52]24,44,5)([53]21,29,4)([54]32,14,5)([55]0,26,1)([56]35,38,5)([57]47,12,0)([58]45,20,3)([59]0,13,1)([60]58,56,7)([61]17,38,0)([62]47,24,7)([63]18,9,5)([64]48,2,4)([65]42,5,7)([66]48,42,6)([67]44,30,0)([68]42,10,4)([69]26,48,6)([70]13,8,5)([71]23,31,1)([72]31,47,1)([73]63,8,6)([74]60,35,6)([75]68,51,5)([76]61,33,5)([77]46,70,0)([78]49,13,7)([79]76,14,3)([80]50,49,2)([81]47,32,1)([82]80,46,2)([83]60,41,3)([84]3,48,6)([85]75,83,5)([86]9,49,0)(85)
optimized area: 134.01
time: 1244179 ms
seed: 1635830515
{7,1,80,1,2,1,8}([7]2,5,5)([8]1,6,7)([9]4,2,4)([10]6,8,5)([11]1,6,2)([12]7,0,7)([13]7,5,2)([14]11,9,3)([15]3,1,5)([16]14,1,7)([17]13,8,4)([18]4,5,4)([19]11,2,5)([20]19,8,6)([21]13,20,3)([22]21,20,2)([23]17,2,0)([24]14,8,4)([25]22,23,2)([26]16,24,2)([27]0,2,3)([28]1,0,6)([29]28,26,4)([30]27,1,3)([31]24,3,3)([32]18,27,5)([33]32,0,3)([34]12,31,5)([35]29,3,5)([36]15,9,5)([37]36,32,7)([38]4,8,1)([39]18,29,5)([40]37,11,0)([41]13,0,0)([42]17,4,3)([43]17,3,6)([44]31,39,5)([45]43,7,3)([46]14,1,4)([47]22,8,0)([48]5,37,6)([49]48,26,4)([50]41,25,4)([51]0,42,5)([52]49,39,0)([53]32,2,3)([54]34,52,7)([55]51,19,7)([56]39,54,2)([57]15,45,1)([58]8,50,7)([59]44,24,6)([60]59,46,4)([61]39,0,3)([62]29,30,6)([63]7,41,5)([64]27,18,1)([65]35,3,0)([66]30,25,2)([67]13,52,1)([68]43,60,6)([69]68,65,5)([70]8,3,1)([71]9,67,3)([72]69,0,5)([73]37,29,4)([74]55,68,2)([75]14,24,7)([76]65,56,2)([77]62,75,6)([78]42,76,7)([79]37,21,5)([80]15,40,4)([81]6,74,7)([82]64,62,1)([83]57,66,1)([84]74,78,6)([85]2,64,3)([86]24,13,6)(84)
evaluations: 10266790
first invidual area: 126.49
{7,1,80,1,2,1,8}([7]2,5,5)([8]5,7,5)([9]4,2,4)([10]1,3,5)([11]6,1,2)([12]9,11,3)([13]3,0,5)([14]1,8,4)([15]3,10,3)([16]7,1,1)([17]14,6,4)([18]3,17,6)([19]0,2,3)([20]12,1,7)([21]0,7,7)([22]1,0,6)([23]1,16,2)([24]6,20,4)([25]4,19,5)([26]24,20,2)([27]16,11,7)([28]16,7,1)([29]26,22,4)([30]2,11,5)([31]24,14,5)([32]24,3,3)([33]9,10,5)([34]4,3,0)([35]33,25,7)([36]0,4,6)([37]5,34,4)([38]17,4,6)([39]37,29,5)([40]35,5,3)([41]3,29,5)([42]17,4,3)([43]2,0,2)([44]13,6,4)([45]10,22,1)([46]12,6,7)([47]14,41,7)([48]0,42,5)([49]26,40,7)([50]39,32,5)([51]9,16,2)([52]40,14,4)([53]21,32,5)([54]49,53,7)([55]13,48,6)([56]39,54,2)([57]6,7,3)([58]30,12,2)([59]50,24,6)([60]59,20,7)([61]53,49,1)([62]3,11,0)([63]39,49,5)([64]62,12,2)([65]56,43,5)([66]30,48,7)([67]49,8,1)([68]18,60,6)([69]57,43,1)([70]16,53,7)([71]26,39,6)([72]71,67,6)([73]64,16,7)([74]66,68,2)([75]55,31,6)([76]41,56,5)([77]15,74,7)([78]42,76,4)([79]4,72,7)([80]78,21,4)([81]47,49,4)([82]54,38,3)([83]35,12,6)([84]74,78,6)([85]19,24,4)([86]45,45,2)(84)
optimized area: 120.86
time: 1313146 ms
seed: 1635873615
{7,1,80,1,2,1,8}([7]4,1,7)([8]3,5,7)([9]3,7,7)([10]5,2,7)([11]6,0,4)([12]11,9,3)([13]2,12,6)([14]12,2,4)([15]11,8,4)([16]13,10,4)([17]10,4,2)([18]12,5,2)([19]18,1,0)([20]6,1,4)([21]20,16,7)([22]15,7,3)([23]1,21,6)([24]4,18,1)([25]21,20,3)([26]15,6,5)([27]20,3,7)([28]22,25,4)([29]26,17,7)([30]27,14,6)([31]6,13,5)([32]0,21,1)([33]26,10,5)([34]22,12,2)([35]14,5,2)([36]35,7,7)([37]36,23,2)([38]37,17,7)([39]25,38,7)([40]28,0,7)([41]2,20,1)([42]35,19,7)([43]8,31,3)([44]23,36,4)([45]39,44,7)([46]34,38,3)([47]8,45,3)([48]37,19,2)([49]33,44,7)([50]4,30,6)([51]24,19,5)([52]21,25,6)([53]26,13,3)([54]28,2,4)([55]40,47,3)([56]55,17,3)([57]40,5,3)([58]41,27,5)([59]50,25,5)([60]33,32,0)([61]49,29,3)([62]1,7,5)([63]31,52,0)([64]49,9,0)([65]12,52,2)([66]26,56,4)([67]0,15,6)([68]39,34,3)([69]3,20,4)([70]56,68,2)([71]11,59,2)([72]7,30,4)([73]68,1,1)([74]73,47,0)([75]21,40,6)([76]30,70,1)([77]41,28,4)([78]53,50,4)([79]13,47,2)([80]38,20,6)([81]71,49,5)([82]51,46,5)([83]65,70,7)([84]58,79,4)([85]52,70,0)([86]81,83,7)(86)
evaluations: 47848948
first invidual area: 150.43
{7,1,80,1,2,1,8}([7]4,1,7)([8]3,5,7)([9]3,7,7)([10]5,2,7)([11]6,0,4)([12]11,9,3)([13]2,12,6)([14]12,2,4)([15]11,8,4)([16]13,10,4)([17]10,4,2)([18]5,9,1)([19]16,3,3)([20]6,1,4)([21]20,16,7)([22]15,7,3)([23]1,21,6)([24]7,19,3)([25]21,20,3)([26]15,6,5)([27]20,3,7)([28]22,25,5)([29]0,17,1)([30]27,14,6)([31]4,15,1)([32]12,14,6)([33]26,16,5)([34]22,12,2)([35]14,5,2)([36]35,7,7)([37]36,23,2)([38]37,17,7)([39]25,38,7)([40]28,0,7)([41]35,38,1)([42]5,28,1)([43]6,39,1)([44]23,36,4)([45]39,44,2)([46]14,0,1)([47]8,45,3)([48]13,24,2)([49]33,44,7)([50]4,30,6)([51]33,49,5)([52]25,20,1)([53]49,36,3)([54]44,33,6)([55]40,47,3)([56]55,17,3)([57]33,14,5)([58]49,17,3)([59]50,55,5)([60]39,48,5)([61]5,52,7)([62]4,30,1)([63]62,45,4)([64]45,7,2)([65]12,52,2)([66]37,50,4)([67]6,55,7)([68]39,34,3)([69]10,42,7)([70]56,68,2)([71]11,59,2)([72]54,18,2)([73]38,63,3)([74]29,39,2)([75]18,59,3)([76]25,8,3)([77]5,47,2)([78]22,73,2)([79]52,15,4)([80]15,7,3)([81]71,49,5)([82]72,21,2)([83]65,70,7)([84]47,29,6)([85]32,37,3)([86]81,83,7)(86)
optimized area: 144.32
time: 1070993 ms
seed: 1635915663
{7,1,80,1,2,1,8}([7]5,3,2)([8]0,6,5)([9]4,7,6)([10]5,3,3)([11]9,10,3)([12]1,10,7)([13]6,11,2)([14]13,2,4)([15]6,6,4)([16]12,14,4)([17]9,3,7)([18]8,7,3)([19]13,17,3)([20]12,7,2)([21]12,16,3)([22]12,13,7)([23]19,21,5)([24]2,18,7)([25]24,23,6)([26]25,20,6)([27]19,0,5)([28]0,21,7)([29]16,26,2)([30]0,5,3)([31]3,22,2)([32]14,31,7)([33]26,30,7)([34]28,6,4)([35]14,32,6)([36]29,4,4)([37]33,34,3)([38]33,1,6)([39]13,27,3)([40]0,6,2)([41]34,20,7)([42]36,6,0)([43]28,10,7)([44]8,24,1)([45]41,12,4)([46]19,14,3)([47]30,35,2)([48]39,41,2)([49]20,30,3)([50]41,32,3)([51]18,33,2)([52]50,33,2)([53]49,33,4)([54]40,41,6)([55]37,47,4)([56]36,18,4)([57]45,5,5)([58]19,18,5)([59]14,10,0)([60]27,46,3)([61]3,14,1)([62]37,12,4)([63]19,19,6)([64]55,42,2)([65]36,48,6)([66]2,22,4)([67]8,52,7)([68]26,56,0)([69]65,67,5)([70]19,13,3)([71]28,27,3)([72]9,47,7)([73]11,2,7)([74]51,34,1)([75]69,64,7)([76]18,15,7)([77]23,53,7)([78]70,73,0)([79]44,44,0)([80]75,68,3)([81]15,76,6)([82]73,72,1)([83]67,31,0)([84]47,37,0)([85]46,12,4)([86]31,42,6)(75)
evaluations: 29479018
first invidual area: 131.65
{7,1,80,1,2,1,8}([7]5,3,2)([8]0,6,5)([9]7,4,6)([10]3,5,3)([11]10,9,3)([12]10,1,7)([13]6,11,5)([14]2,13,7)([15]1,11,1)([16]12,14,4)([17]3,9,7)([18]8,7,6)([19]17,6,3)([20]7,12,2)([21]14,16,3)([22]12,6,7)([23]19,21,5)([24]2,18,4)([25]24,23,6)([26]25,20,6)([27]17,9,0)([28]6,21,7)([29]16,26,5)([30]0,5,3)([31]3,22,5)([32]14,31,4)([33]26,30,7)([34]28,0,4)([35]32,14,6)([36]29,4,7)([37]24,15,4)([38]13,7,3)([39]36,14,5)([40]27,28,0)([41]34,20,6)([42]23,27,5)([43]29,13,7)([44]15,12,6)([45]18,12,3)([46]36,23,2)([47]30,35,5)([48]42,41,2)([49]25,47,4)([50]41,32,3)([51]45,42,7)([52]33,50,5)([53]12,5,4)([54]33,34,3)([55]47,54,7)([56]35,32,7)([57]5,17,7)([58]30,9,6)([59]32,38,6)([60]50,19,7)([61]50,28,1)([62]30,41,1)([63]23,33,6)([64]55,36,2)([65]36,48,6)([66]54,14,7)([67]8,52,4)([68]5,59,1)([69]65,67,2)([70]6,1,7)([71]48,30,1)([72]50,11,3)([73]18,57,1)([74]46,33,6)([75]69,64,3)([76]34,26,5)([77]60,75,5)([78]10,15,4)([79]17,65,6)([80]77,68,5)([81]64,9,7)([82]20,5,0)([83]59,81,7)([84]45,29,5)([85]36,9,1)([86]1,77,2)(75)
optimized area: 122.73
time: 1290057 ms
seed: 1635951879
{7,1,80,1,2,1,8}([7]1,0,7)([8]6,0,4)([9]3,2,7)([10]6,7,3)([11]1,4,5)([12]6,2,3)([13]6,5,7)([14]5,12,7)([15]0,2,4)([16]10,14,2)([17]10,4,7)([18]14,9,4)([19]18,16,6)([20]15,19,2)([21]11,7,2)([22]9,20,7)([23]21,12,5)([24]16,11,5)([25]9,13,5)([26]10,4,4)([27]25,2,7)([28]19,17,3)([29]15,21,4)([30]25,18,3)([31]1,23,3)([32]22,24,2)([33]17,4,3)([34]27,32,4)([35]31,14,7)([36]33,27,6)([37]19,26,7)([38]31,32,4)([39]10,3,4)([40]38,8,3)([41]25,39,0)([42]5,0,0)([43]36,7,7)([44]15,36,6)([45]26,40,7)([46]28,40,4)([47]34,28,6)([48]44,17,2)([49]24,4,2)([50]24,29,6)([51]15,46,6)([52]27,11,5)([53]20,30,1)([54]29,45,6)([55]3,48,4)([56]47,54,6)([57]0,30,5)([58]8,43,6)([59]42,23,5)([60]56,42,6)([61]60,55,5)([62]5,50,4)([63]43,38,5)([64]50,52,6)([65]21,33,1)([66]63,44,3)([67]46,66,7)([68]11,15,4)([69]62,17,4)([70]64,55,6)([71]1,59,1)([72]12,54,5)([73]4,48,3)([74]73,53,3)([75]31,64,1)([76]55,31,0)([77]2,2,3)([78]74,59,6)([79]36,77,1)([80]67,61,4)([81]15,10,2)([82]69,49,6)([83]46,51,4)([84]80,41,7)([85]21,69,2)([86]18,37,0)(80)
evaluations: 34243274
first invidual area: 149.48
{7,1,80,1,2,1,8}([7]1,0,7)([8]6,0,4)([9]2,3,7)([10]6,7,3)([11]1,4,5)([12]6,2,3)([13]5,6,7)([14]12,5,7)([15]2,0,4)([16]14,10,2)([17]4,10,7)([18]14,9,4)([19]16,18,6)([20]15,19,5)([21]7,11,5)([22]9,20,4)([23]12,7,5)([24]16,11,5)([25]13,9,5)([26]19,17,3)([27]25,2,7)([28]22,20,6)([29]15,21,7)([30]29,15,6)([31]0,23,3)([32]24,22,2)([33]17,4,3)([34]32,6,3)([35]21,17,5)([36]27,33,6)([37]36,7,7)([38]32,31,4)([39]2,10,3)([40]38,8,3)([41]38,38,3)([42]15,12,3)([43]37,29,4)([44]27,14,2)([45]17,40,4)([46]26,40,4)([47]34,17,6)([48]4,1,2)([49]6,40,4)([50]19,17,3)([51]2,4,6)([52]49,47,2)([53]46,6,4)([54]29,45,6)([55]3,35,7)([56]24,24,5)([57]47,54,6)([58]18,49,5)([59]1,32,4)([60]57,5,6)([61]60,55,5)([62]4,19,6)([63]59,41,2)([64]37,41,5)([65]23,21,1)([66]64,30,6)([67]46,66,7)([68]26,43,6)([69]1,56,6)([70]52,9,1)([71]68,26,5)([72]40,7,7)([73]49,50,2)([74]18,17,2)([75]40,20,1)([76]74,48,0)([77]49,68,4)([78]71,67,0)([79]46,42,7)([80]67,61,7)([81]6,11,4)([82]26,15,2)([83]28,27,2)([84]21,83,3)([85]52,16,6)([86]21,2,4)(80)
optimized area: 141.03
time: 1228836 ms
seed: 1635988116
NOT FOUND
time: 1063497 ms
seed: 1636023983
NOT FOUND
time: 1073826 ms
seed: 1636058721
NOT FOUND
time: 1072411 ms
seed: 1636092658
NOT FOUND
time: 1068027 ms
seed: 1636125694
{7,1,80,1,2,1,8}([7]2,1,6)([8]6,1,4)([9]3,2,7)([10]2,0,4)([11]3,7,4)([12]9,6,6)([13]3,6,2)([14]12,11,4)([15]14,11,0)([16]13,11,5)([17]13,11,4)([18]8,6,4)([19]4,12,4)([20]6,0,3)([21]14,8,4)([22]8,17,7)([23]0,6,4)([24]8,22,4)([25]22,9,3)([26]23,25,4)([27]19,4,5)([28]23,2,1)([29]4,26,4)([30]29,16,4)([31]13,30,6)([32]17,21,4)([33]10,14,4)([34]4,30,6)([35]28,8,7)([36]11,5,1)([37]24,34,6)([38]8,11,5)([39]35,10,2)([40]35,18,2)([41]12,39,7)([42]32,5,6)([43]37,5,3)([44]24,22,6)([45]22,37,5)([46]38,43,5)([47]31,23,6)([48]4,35,5)([49]42,6,6)([50]7,47,7)([51]12,9,5)([52]29,42,3)([53]43,52,7)([54]43,39,3)([55]35,26,0)([56]24,11,1)([57]30,20,7)([58]3,31,5)([59]42,45,7)([60]27,9,7)([61]46,57,4)([62]29,31,4)([63]49,55,4)([64]28,37,5)([65]31,40,2)([66]27,61,4)([67]19,41,5)([68]12,37,0)([69]58,41,4)([70]11,50,6)([71]53,64,2)([72]56,36,2)([73]22,69,4)([74]71,33,3)([75]24,25,1)([76]15,25,4)([77]66,16,7)([78]14,36,2)([79]70,66,3)([80]18,38,5)([81]38,60,5)([82]73,54,4)([83]15,73,0)([84]30,65,3)([85]79,67,5)([86]85,74,2)(86)
evaluations: 35515864
first invidual area: 164.48
{7,1,80,1,2,1,8}([7]2,1,6)([8]1,6,4)([9]3,2,7)([10]0,2,4)([11]7,3,4)([12]9,6,6)([13]3,6,2)([14]10,11,4)([15]2,8,5)([16]15,3,3)([17]11,13,7)([18]13,17,1)([19]4,12,4)([20]19,17,0)([21]8,11,5)([22]10,5,4)([23]6,0,4)([24]1,20,3)([25]12,1,6)([26]23,16,7)([27]19,4,5)([28]0,19,2)([29]4,26,7)([30]29,13,7)([31]2,1,7)([32]24,10,6)([33]12,14,4)([34]30,26,6)([35]28,15,4)([36]9,13,7)([37]34,17,6)([38]16,36,2)([39]10,31,5)([40]6,23,3)([41]27,39,4)([42]24,5,6)([43]37,5,3)([44]5,7,5)([45]27,12,2)([46]21,43,5)([47]23,5,6)([48]34,8,3)([49]28,28,3)([50]7,47,7)([51]11,2,3)([52]29,42,3)([53]43,52,7)([54]8,23,6)([55]46,18,1)([56]45,43,6)([57]27,40,2)([58]42,20,7)([59]20,56,5)([60]8,42,5)([61]46,30,4)([62]6,29,3)([63]19,49,3)([64]47,2,5)([65]2,34,0)([66]57,61,4)([67]20,41,5)([68]53,37,7)([69]23,18,7)([70]9,50,6)([71]53,64,2)([72]44,39,2)([73]51,45,1)([74]71,33,3)([75]63,66,0)([76]74,42,1)([77]73,4,7)([78]38,45,5)([79]70,66,3)([80]6,34,3)([81]14,21,1)([82]47,80,4)([83]35,19,5)([84]65,31,0)([85]79,67,5)([86]74,85,2)(86)
optimized area: 141.50
time: 1188602 ms
seed: 1636158311
{7,1,80,1,2,1,8}([7]1,2,0)([8]7,5,4)([9]2,1,7)([10]3,0,7)([11]6,3,7)([12]3,8,4)([13]3,2,5)([14]4,12,3)([15]0,14,4)([16]2,10,3)([17]11,5,6)([18]11,2,7)([19]0,3,4)([20]5,16,5)([21]7,20,2)([22]13,14,7)([23]9,12,6)([24]3,1,4)([25]18,19,1)([26]11,19,5)([27]26,21,5)([28]3,17,3)([29]4,19,7)([30]16,9,5)([31]10,30,5)([32]3,4,2)([33]29,30,6)([34]1,21,2)([35]8,0,5)([36]6,17,3)([37]29,35,5)([38]23,21,6)([39]8,6,5)([40]30,18,4)([41]25,2,5)([42]40,22,6)([43]16,33,5)([44]23,27,0)([45]44,0,3)([46]18,28,3)([47]17,25,7)([48]43,5,1)([49]36,4,4)([50]22,49,5)([51]43,49,2)([52]16,37,2)([53]40,9,4)([54]12,20,2)([55]22,27,5)([56]45,31,2)([57]46,51,5)([58]50,35,0)([59]52,42,3)([60]56,58,3)([61]59,32,7)([62]47,56,1)([63]10,35,2)([64]25,48,1)([65]63,61,0)([66]40,2,3)([67]26,45,6)([68]2,25,2)([69]65,54,2)([70]56,22,7)([71]58,38,2)([72]8,38,0)([73]61,45,2)([74]65,40,5)([75]56,43,0)([76]38,50,1)([77]47,18,5)([78]57,55,2)([79]72,16,7)([80]74,50,3)([81]73,78,7)([82]81,51,4)([83]1,24,1)([84]33,78,6)([85]17,76,2)([86]51,37,3)(82)
evaluations: 13828936
first invidual area: 124.14
{7,1,80,1,2,1,8}([7]5,5,3)([8]5,1,4)([9]1,2,7)([10]0,3,7)([11]3,0,1)([12]8,3,4)([13]2,3,5)([14]4,12,6)([15]8,0,5)([16]10,2,3)([17]5,11,6)([18]6,0,4)([19]10,4,1)([20]16,7,5)([21]1,20,2)([22]14,13,4)([23]17,6,6)([24]18,19,5)([25]24,4,6)([26]21,24,5)([27]9,12,6)([28]26,1,5)([29]19,4,7)([30]8,3,4)([31]9,16,5)([32]0,27,3)([33]31,10,3)([34]22,26,5)([35]20,22,0)([36]31,29,3)([37]15,29,5)([38]5,29,6)([39]1,34,5)([40]18,35,7)([41]39,8,4)([42]22,40,6)([43]3,4,5)([44]2,36,2)([45]4,23,7)([46]32,40,3)([47]18,31,5)([48]7,34,4)([49]3,2,1)([50]37,16,2)([51]36,45,2)([52]48,32,4)([53]19,46,3)([54]31,21,0)([55]53,11,3)([56]42,50,6)([57]53,12,2)([58]3,10,0)([59]37,21,5)([60]43,55,5)([61]56,43,7)([62]38,26,5)([63]1,59,6)([64]9,7,2)([65]30,21,6)([66]55,11,6)([67]14,53,1)([68]45,48,0)([69]44,29,2)([70]61,32,5)([71]29,12,6)([72]0,50,1)([73]44,3,7)([74]36,30,1)([75]53,51,5)([76]36,49,0)([77]13,28,0)([78]75,34,5)([79]25,20,3)([80]51,7,4)([81]70,51,7)([82]81,78,4)([83]22,14,6)([84]67,80,5)([85]43,5,0)([86]57,82,7)(82)
optimized area: 114.28
time: 1256132 ms
seed: 1636190712
NOT FOUND
time: 1077119 ms
seed: 1636221441
{7,1,80,1,2,1,8}([7]0,3,2)([8]6,5,7)([9]4,7,5)([10]7,6,3)([11]10,8,6)([12]2,11,2)([13]1,5,4)([14]3,11,4)([15]3,1,2)([16]13,0,2)([17]2,1,7)([18]8,17,7)([19]6,0,7)([20]4,14,7)([21]18,1,2)([22]12,7,4)([23]6,17,1)([24]15,18,3)([25]17,19,2)([26]21,11,6)([27]17,11,2)([28]20,17,5)([29]24,2,5)([30]10,8,0)([31]1,24,7)([32]9,17,0)([33]28,26,4)([34]11,27,6)([35]16,17,0)([36]22,33,7)([37]16,10,1)([38]20,12,3)([39]16,20,4)([40]28,4,7)([41]5,29,3)([42]31,16,4)([43]4,29,4)([44]41,14,0)([45]38,19,5)([46]5,43,3)([47]8,14,1)([48]36,4,1)([49]40,15,6)([50]36,39,6)([51]0,20,7)([52]1,39,0)([53]19,42,5)([54]7,53,7)([55]50,43,7)([56]12,31,4)([57]54,12,1)([58]41,23,2)([59]32,54,0)([60]55,35,1)([61]50,28,0)([62]11,8,3)([63]49,57,3)([64]36,62,4)([65]64,51,5)([66]21,22,1)([67]55,63,5)([68]47,7,7)([69]52,2,0)([70]61,19,5)([71]4,48,7)([72]31,3,1)([73]65,56,3)([74]12,5,6)([75]55,6,7)([76]73,67,7)([77]10,4,4)([78]32,76,4)([79]29,1,2)([80]70,61,5)([81]2,70,6)([82]27,16,0)([83]72,3,2)([84]30,80,1)([85]26,51,3)([86]70,22,5)(78)
evaluations: 33570159
first invidual area: 148.56
{7,1,80,1,2,1,8}([7]3,0,2)([8]5,6,7)([9]6,7,3)([10]2,5,4)([11]9,8,6)([12]11,2,2)([13]5,1,4)([14]3,11,7)([15]3,1,2)([16]13,0,2)([17]1,2,7)([18]8,17,7)([19]6,0,7)([20]14,4,4)([21]7,3,0)([22]21,12,3)([23]14,12,3)([24]18,15,3)([25]18,1,2)([26]6,20,4)([27]7,19,6)([28]20,17,5)([29]7,20,5)([30]11,25,3)([31]1,24,7)([32]2,24,5)([33]30,28,7)([34]12,20,2)([35]12,20,6)([36]4,28,7)([37]9,4,4)([38]36,11,0)([39]16,20,4)([40]3,0,5)([41]15,36,6)([42]31,16,4)([43]30,31,3)([44]2,29,1)([45]44,14,2)([46]33,22,7)([47]33,35,1)([48]4,32,7)([49]20,0,7)([50]46,39,3)([51]5,17,1)([52]13,27,4)([53]19,42,5)([54]21,53,4)([55]50,48,7)([56]26,45,4)([57]5,41,0)([58]51,16,7)([59]41,16,0)([60]5,40,6)([61]3,16,3)([62]40,21,4)([63]41,54,3)([64]46,8,4)([65]64,49,5)([66]30,42,5)([67]55,63,5)([68]58,44,6)([69]62,65,5)([70]0,64,2)([71]68,65,6)([72]14,66,7)([73]65,43,3)([74]43,58,4)([75]4,52,2)([76]73,67,7)([77]62,58,7)([78]29,76,4)([79]2,13,1)([80]19,40,2)([81]27,14,1)([82]1,75,4)([83]20,6,7)([84]72,20,7)([85]44,38,2)([86]24,58,5)(78)
optimized area: 140.12
time: 1259790 ms
seed: 1636251352
{7,1,80,1,2,1,8}([7]6,5,3)([8]1,7,3)([9]4,8,0)([10]3,5,7)([11]7,10,2)([12]2,0,4)([13]12,3,3)([14]6,11,2)([15]1,10,2)([16]11,5,4)([17]2,14,0)([18]0,15,1)([19]6,8,4)([20]13,0,7)([21]7,13,2)([22]4,5,2)([23]12,19,3)([24]18,16,0)([25]1,6,6)([26]12,11,2)([27]20,6,7)([28]23,16,7)([29]16,1,5)([30]27,21,4)([31]4,26,6)([32]23,20,6)([33]15,1,1)([34]13,0,4)([35]14,31,6)([36]13,20,3)([37]32,26,5)([38]27,14,7)([39]6,16,6)([40]19,33,0)([41]12,23,1)([42]26,14,7)([43]28,15,4)([44]36,41,2)([45]26,31,7)([46]22,36,7)([47]46,24,0)([48]34,1,4)([49]30,46,7)([50]7,34,4)([51]13,28,5)([52]39,44,7)([53]48,10,4)([54]48,44,6)([55]31,19,0)([56]31,3,7)([57]54,55,4)([58]23,21,4)([59]6,10,3)([60]49,28,3)([61]24,48,4)([62]6,39,3)([63]13,24,2)([64]18,31,4)([65]54,11,7)([66]60,53,1)([67]8,56,4)([68]57,62,7)([69]56,9,6)([70]53,67,2)([71]12,12,6)([72]47,15,7)([73]16,1,3)([74]40,10,1)([75]60,14,2)([76]58,24,7)([77]18,11,4)([78]70,62,6)([79]66,47,3)([80]38,56,2)([81]68,66,3)([82]39,61,4)([83]80,82,5)([84]83,81,5)([85]30,62,6)([86]3,28,7)(84)
evaluations: 42508459
first invidual area: 134.48
{7,1,80,1,2,1,8}([7]6,5,3)([8]1,7,6)([9]6,8,6)([10]3,5,7)([11]7,10,2)([12]2,0,4)([13]3,12,3)([14]11,6,5)([15]6,3,6)([16]11,5,4)([17]11,12,2)([18]13,12,0)([19]8,5,0)([20]0,18,7)([21]12,9,6)([22]12,3,1)([23]10,15,1)([24]16,8,6)([25]18,7,5)([26]15,21,7)([27]20,6,7)([28]16,21,4)([29]3,12,6)([30]27,25,7)([31]4,17,6)([32]4,29,0)([33]20,9,3)([34]18,23,0)([35]12,1,0)([36]20,34,3)([37]7,18,3)([38]27,14,4)([39]6,16,6)([40]6,17,1)([41]2,5,5)([42]32,5,5)([43]29,25,5)([44]36,22,2)([45]26,44,6)([46]42,36,5)([47]13,30,1)([48]20,1,7)([49]30,46,7)([50]6,47,2)([51]34,1,7)([52]24,35,2)([53]15,16,0)([54]48,44,3)([55]54,31,4)([56]31,3,7)([57]14,31,7)([58]26,46,5)([59]5,12,1)([60]49,28,6)([61]16,36,6)([62]6,39,3)([63]58,36,7)([64]49,22,6)([65]20,36,2)([66]45,30,2)([67]52,59,5)([68]55,62,4)([69]46,8,2)([70]9,25,3)([71]20,39,2)([72]10,12,7)([73]32,12,7)([74]70,13,6)([75]29,42,0)([76]63,45,6)([77]35,25,4)([78]30,22,4)([79]16,4,2)([80]38,56,2)([81]68,60,3)([82]39,51,4)([83]80,82,5)([84]83,81,5)([85]32,84,2)([86]79,62,3)(84)
optimized area: 120.41
time: 1089466 ms
seed: 1636270536
{7,1,80,1,2,1,8}([7]1,5,4)([8]2,3,4)([9]2,1,3)([10]3,8,6)([11]8,7,0)([12]9,0,7)([13]0,5,4)([14]1,3,4)([15]4,3,0)([16]15,12,7)([17]7,10,3)([18]16,7,2)([19]12,11,7)([20]13,17,5)([21]20,3,2)([22]18,20,2)([23]6,8,2)([24]6,10,3)([25]6,17,7)([26]23,19,3)([27]5,26,6)([28]27,25,7)([29]18,21,3)([30]21,0,6)([31]20,23,7)([32]10,3,6)([33]15,32,5)([34]0,6,5)([35]3,34,7)([36]22,28,4)([37]17,29,2)([38]37,14,2)([39]4,15,1)([40]25,38,6)([41]40,35,4)([42]21,31,0)([43]24,0,0)([44]34,15,3)([45]36,41,5)([46]45,33,4)([47]1,46,2)([48]36,41,6)([49]36,15,7)([50]4,3,1)([51]37,22,5)([52]41,17,6)([53]32,35,5)([54]34,23,3)([55]43,31,5)([56]19,48,7)([57]17,49,4)([58]50,56,5)([59]36,18,7)([60]15,56,5)([61]51,28,4)([62]20,60,4)([63]24,16,3)([64]60,46,2)([65]37,40,3)([66]35,27,2)([67]66,48,7)([68]2,36,2)([69]55,62,3)([70]0,55,6)([71]70,12,3)([72]47,60,7)([73]48,70,7)([74]71,15,5)([75]15,64,0)([76]41,5,4)([77]13,4,0)([78]62,52,5)([79]21,32,4)([80]51,26,4)([81]0,6,0)([82]50,13,5)([83]2,56,5)([84]14,51,7)([85]64,74,7)([86]68,85,1)(85)
evaluations: 29096980
first invidual area: 132.59
{7,1,80,1,2,1,8}([7]1,5,4)([8]3,2,4)([9]1,2,3)([10]2,8,6)([11]3,0,2)([12]9,0,7)([13]6,1,3)([14]5,0,0)([15]0,5,4)([16]4,12,7)([17]10,7,3)([18]7,16,2)([19]8,12,7)([20]17,15,5)([21]0,20,0)([22]18,20,5)([23]8,6,2)([24]4,18,6)([25]6,17,7)([26]23,19,3)([27]14,26,3)([28]22,27,5)([29]18,11,3)([30]26,27,3)([31]3,13,4)([32]3,10,6)([33]4,32,5)([34]21,6,5)([35]34,3,4)([36]25,28,7)([37]36,2,4)([38]29,31,2)([39]17,0,0)([40]25,38,6)([41]40,35,7)([42]4,37,3)([43]20,23,7)([44]8,35,4)([45]0,17,4)([46]30,20,0)([47]15,41,6)([48]36,41,3)([49]24,3,2)([50]38,32,7)([51]41,36,5)([52]7,23,3)([53]13,43,5)([54]27,36,3)([55]29,32,5)([56]21,13,0)([57]10,8,6)([58]18,16,0)([59]48,19,4)([60]4,59,5)([61]52,55,5)([62]33,51,4)([63]16,13,3)([64]60,62,5)([65]0,64,0)([66]34,6,2)([67]10,3,7)([68]47,35,7)([69]0,53,6)([70]45,10,2)([71]29,49,5)([72]12,9,6)([73]12,69,3)([74]73,4,5)([75]61,2,4)([76]20,21,0)([77]69,0,0)([78]11,11,1)([79]14,10,6)([80]14,69,0)([81]75,74,5)([82]75,35,7)([83]63,73,7)([84]66,78,4)([85]64,74,4)([86]42,35,3)(85)
optimized area: 126.49
time: 1193188 ms
seed: 1636287129
NOT FOUND
time: 1058214 ms
seed: 1636303580
{7,1,80,1,2,1,8}([7]0,2,4)([8]2,4,1)([9]4,3,2)([10]9,6,5)([11]8,4,5)([12]4,5,7)([13]0,1,4)([14]6,7,5)([15]10,10,1)([16]5,11,2)([17]14,9,7)([18]5,11,7)([19]3,9,7)([20]3,18,6)([21]13,16,6)([22]20,17,6)([23]13,12,4)([24]3,14,7)([25]10,15,1)([26]17,25,4)([27]0,9,5)([28]26,1,7)([29]21,19,4)([30]27,23,0)([31]29,5,7)([32]9,26,4)([33]22,25,0)([34]23,28,3)([35]34,4,6)([36]14,15,6)([37]4,6,7)([38]11,30,4)([39]22,2,7)([40]7,10,4)([41]30,21,2)([42]32,35,7)([43]6,16,1)([44]1,37,4)([45]10,33,1)([46]20,8,7)([47]44,7,3)([48]32,0,1)([49]24,36,0)([50]12,25,3)([51]31,6,5)([52]50,29,7)([53]23,47,7)([54]39,44,5)([55]8,35,2)([56]41,54,3)([57]51,42,3)([58]46,52,3)([59]35,11,0)([60]53,12,2)([61]49,50,0)([62]58,53,3)([63]33,13,3)([64]10,14,1)([65]24,7,6)([66]34,12,6)([67]38,62,4)([68]2,41,5)([69]4,33,7)([70]53,14,3)([71]6,48,0)([72]56,55,6)([73]31,8,0)([74]67,57,2)([75]26,54,0)([76]3,7,2)([77]12,42,6)([78]43,29,0)([79]21,1,1)([80]68,27,7)([81]5,10,3)([82]46,47,4)([83]74,72,7)([84]62,1,1)([85]63,50,5)([86]4,32,1)(83)
evaluations: 17246429
first invidual area: 156.98
{7,1,80,1,2,1,8}([7]2,0,4)([8]2,3,1)([9]4,6,0)([10]3,4,2)([11]8,9,5)([12]4,5,7)([13]0,1,4)([14]6,7,5)([15]11,5,2)([16]6,3,2)([17]10,14,7)([18]5,11,7)([19]0,15,1)([20]3,18,6)([21]15,13,6)([22]16,3,7)([23]12,13,4)([24]3,11,5)([25]20,2,4)([26]24,6,5)([27]10,0,5)([28]20,17,3)([29]1,17,4)([30]16,29,7)([31]21,24,7)([32]28,24,2)([33]6,9,4)([34]9,30,3)([35]34,23,6)([36]30,23,0)([37]12,16,6)([38]11,27,4)([39]26,34,1)([40]13,20,5)([41]21,27,2)([42]26,35,4)([43]9,35,1)([44]1,33,7)([45]5,25,7)([46]37,3,0)([47]44,7,3)([48]8,9,6)([49]28,8,7)([50]49,44,5)([51]40,17,5)([52]46,31,7)([53]47,23,7)([54]16,23,0)([55]48,18,7)([56]50,35,3)([57]27,22,0)([58]52,25,3)([59]50,19,6)([60]57,44,6)([61]51,42,3)([62]58,53,6)([63]29,45,1)([64]59,21,4)([65]32,30,6)([66]56,51,0)([67]38,62,7)([68]23,26,2)([69]68,38,3)([70]19,51,7)([71]68,36,3)([72]20,44,6)([73]61,17,0)([74]67,73,5)([75]41,66,6)([76]11,55,1)([77]43,16,4)([78]7,60,6)([79]52,76,6)([80]40,20,2)([81]32,80,2)([82]81,49,7)([83]74,75,4)([84]53,61,4)([85]39,24,6)([86]78,79,3)(83)
optimized area: 144.78
time: 1276862 ms
seed: 1636319835
{7,1,80,1,2,1,8}([7]1,6,0)([8]0,6,7)([9]3,6,3)([10]5,3,4)([11]8,1,3)([12]7,10,7)([13]0,9,5)([14]10,4,5)([15]2,11,6)([16]10,15,4)([17]3,6,4)([18]2,11,5)([19]18,6,2)([20]9,14,4)([21]13,4,2)([22]6,14,4)([23]2,13,4)([24]8,7,0)([25]23,17,4)([26]3,4,5)([27]12,19,7)([28]1,19,7)([29]20,23,6)([30]21,29,6)([31]19,26,4)([32]17,14,5)([33]17,1,4)([34]25,32,5)([35]12,31,2)([36]28,5,7)([37]8,30,1)([38]23,12,3)([39]17,11,4)([40]38,30,4)([41]31,13,4)([42]32,12,7)([43]27,23,2)([44]25,8,0)([45]44,16,4)([46]45,3,1)([47]6,29,0)([48]45,37,3)([49]12,35,2)([50]32,10,1)([51]40,13,4)([52]48,43,6)([53]7,28,0)([54]7,28,2)([55]27,32,2)([56]55,11,7)([57]45,34,3)([58]48,56,5)([59]51,57,5)([60]56,1,5)([61]41,32,5)([62]27,42,4)([63]13,46,3)([64]60,48,2)([65]5,9,3)([66]37,3,3)([67]59,43,1)([68]24,21,4)([69]50,16,0)([70]48,48,1)([71]43,22,5)([72]52,40,2)([73]41,47,5)([74]16,38,7)([75]31,68,0)([76]71,61,6)([77]55,73,2)([78]41,72,3)([79]5,47,0)([80]26,32,7)([81]62,36,1)([82]37,10,0)([83]55,62,1)([84]58,78,5)([85]59,84,2)([86]35,76,3)(85)
evaluations: 43106622
first invidual area: 126.02
{7,1,80,1,2,1,8}([7]0,1,3)([8]6,0,7)([9]3,6,3)([10]3,5,4)([11]1,8,3)([12]10,1,7)([13]9,0,5)([14]4,10,5)([15]2,11,3)([16]10,15,4)([17]3,6,4)([18]11,2,5)([19]6,18,2)([20]9,14,5)([21]13,4,2)([22]1,20,7)([23]2,13,4)([24]7,2,7)([25]23,17,4)([26]3,4,5)([27]12,19,7)([28]12,10,6)([29]20,23,6)([30]21,29,3)([31]19,13,4)([32]17,14,5)([33]16,25,7)([34]25,32,5)([35]16,11,5)([36]19,13,7)([37]24,22,4)([38]23,12,6)([39]29,19,3)([40]38,30,4)([41]31,26,4)([42]23,3,3)([43]15,32,2)([44]23,21,7)([45]34,10,1)([46]0,41,0)([47]8,30,1)([48]47,33,3)([49]27,23,2)([50]43,11,6)([51]40,13,4)([52]48,49,6)([53]24,25,3)([54]47,2,7)([55]27,32,5)([56]55,11,4)([57]16,34,3)([58]48,56,5)([59]51,57,5)([60]42,45,0)([61]5,44,3)([62]33,53,7)([63]40,47,3)([64]3,13,0)([65]24,39,7)([66]43,60,1)([67]58,59,1)([68]45,15,6)([69]67,30,4)([70]39,25,2)([71]53,13,3)([72]52,40,2)([73]7,50,2)([74]35,34,5)([75]42,50,0)([76]23,47,7)([77]15,61,2)([78]41,72,3)([79]59,24,0)([80]66,74,6)([81]60,2,5)([82]69,64,0)([83]14,17,7)([84]58,78,5)([85]59,84,2)([86]66,76,5)(85)
optimized area: 122.73
time: 1100182 ms
seed: 1636336093
{7,1,80,1,2,1,8}([7]4,6,3)([8]3,7,7)([9]7,3,7)([10]4,5,4)([11]7,9,2)([12]11,5,7)([13]4,1,2)([14]6,1,7)([15]8,6,6)([16]4,8,2)([17]10,2,6)([18]11,9,1)([19]0,13,4)([20]11,17,2)([21]12,9,7)([22]2,21,5)([23]22,12,0)([24]10,5,2)([25]20,2,6)([26]18,1,4)([27]23,19,5)([28]26,12,6)([29]17,19,2)([30]13,26,2)([31]17,2,4)([32]27,25,5)([33]6,0,6)([34]28,33,4)([35]19,27,4)([36]1,22,3)([37]24,27,7)([38]35,12,7)([39]0,2,0)([40]26,32,5)([41]14,0,5)([42]8,34,5)([43]31,21,7)([44]6,38,4)([45]14,32,7)([46]42,27,1)([47]20,25,1)([48]29,16,4)([49]13,34,5)([50]31,40,4)([51]40,35,7)([52]22,51,4)([53]43,15,3)([54]29,23,7)([55]43,48,6)([56]53,52,7)([57]18,7,5)([58]54,11,2)([59]1,22,5)([60]55,40,5)([61]46,45,3)([62]49,37,2)([63]9,39,4)([64]17,63,7)([65]56,33,3)([66]42,16,0)([67]38,55,0)([68]54,7,1)([69]14,58,1)([70]30,46,1)([71]21,67,1)([72]59,43,1)([73]65,61,2)([74]10,24,5)([75]31,31,6)([76]73,62,7)([77]73,50,3)([78]62,36,1)([79]26,50,0)([80]26,62,3)([81]40,31,0)([82]28,6,4)([83]13,55,5)([84]76,60,2)([85]12,55,3)([86]24,13,3)(84)
evaluations: 42819473
first invidual area: 149.46
{7,1,80,1,2,1,8}([7]4,6,3)([8]7,3,7)([9]8,8,3)([10]5,4,4)([11]3,8,2)([12]11,5,7)([13]1,4,2)([14]6,1,7)([15]2,11,0)([16]4,11,2)([17]2,10,6)([18]4,11,2)([19]0,13,4)([20]19,7,0)([21]12,9,7)([22]15,21,5)([23]17,1,2)([24]10,5,5)([25]23,15,6)([26]1,11,7)([27]22,20,5)([28]26,12,3)([29]20,17,2)([30]7,8,5)([31]17,15,6)([32]27,25,5)([33]6,0,6)([34]28,33,7)([35]20,27,5)([36]2,17,4)([37]24,27,4)([38]5,32,6)([39]19,9,5)([40]26,32,5)([41]38,23,6)([42]8,34,2)([43]31,21,4)([44]1,4,6)([45]14,32,7)([46]24,33,1)([47]40,8,6)([48]29,16,3)([49]34,13,5)([50]38,35,4)([51]40,35,7)([52]22,51,7)([53]43,47,3)([54]14,50,6)([55]53,48,6)([56]53,52,4)([57]16,7,5)([58]26,22,7)([59]9,20,2)([60]55,40,5)([61]42,45,3)([62]37,49,5)([63]42,15,6)([64]14,43,1)([65]56,33,3)([66]31,24,1)([67]20,47,3)([68]64,34,6)([69]0,25,6)([70]41,15,4)([71]9,58,4)([72]42,54,2)([73]65,61,5)([74]12,22,0)([75]48,39,1)([76]73,62,7)([77]8,29,1)([78]53,58,0)([79]28,36,3)([80]58,7,2)([81]44,70,0)([82]14,44,4)([83]15,37,0)([84]76,60,2)([85]17,11,0)([86]13,81,2)(84)
optimized area: 133.51
time: 1130603 ms
seed: 1636342800
NOT FOUND
time: 1066778 ms
seed: 1636349098
NOT FOUND
time: 1084242 ms
