seed: 1633875880
{7,1,80,1,2,1,8}([7]0,6,5)([8]0,2,4)([9]4,7,4)([10]3,8,2)([11]6,3,4)([12]10,11,2)([13]3,0,7)([14]12,9,2)([15]5,11,7)([16]1,8,3)([17]11,8,0)([18]8,4,2)([19]17,0,5)([20]12,15,5)([21]7,8,3)([22]16,15,0)([23]12,15,4)([24]16,9,7)([25]24,5,1)([26]11,13,4)([27]1,16,1)([28]9,10,3)([29]13,2,5)([30]15,12,4)([31]28,15,4)([32]19,1,4)([33]4,5,4)([34]32,17,2)([35]31,26,7)([36]35,17,6)([37]34,33,5)([38]37,16,2)([39]5,34,4)([40]11,37,1)([41]21,6,2)([42]1,23,2)([43]15,39,0)([44]0,9,3)([45]40,1,4)([46]31,39,2)([47]42,18,6)([48]27,36,4)([49]25,47,2)([50]12,4,3)([51]49,48,3)([52]20,47,3)([53]29,31,5)([54]44,48,7)([55]46,41,3)([56]45,42,2)([57]8,38,3)([58]16,47,0)([59]38,53,4)([60]3,24,6)([61]16,34,2)([62]56,31,4)([63]30,24,0)([64]59,25,5)([65]55,42,6)([66]3,6,4)([67]54,36,3)([68]65,54,6)([69]64,50,5)([70]41,5,1)([71]56,52,3)([72]60,28,5)([73]69,72,4)([74]22,71,3)([75]31,67,5)([76]2,42,6)([77]73,68,6)([78]77,39,7)([79]7,28,7)([80]57,43,3)([81]47,77,4)([82]55,53,0)([83]38,15,5)([84]21,56,2)([85]30,60,4)([86]52,1,2)(78)
evaluations: 25459149
first invidual area: 144.30
{7,1,80,1,2,1,8}([7]6,0,5)([8]0,2,4)([9]7,4,4)([10]3,8,2)([11]3,6,4)([12]6,7,0)([13]0,9,6)([14]0,1,7)([15]5,11,7)([16]1,8,3)([17]13,11,0)([18]2,0,5)([19]15,12,0)([20]0,3,7)([21]17,1,4)([22]15,19,0)([23]21,15,2)([24]9,16,4)([25]6,15,3)([26]3,0,0)([27]22,22,2)([28]9,10,3)([29]11,25,0)([30]18,6,2)([31]28,22,4)([32]25,22,6)([33]20,31,7)([34]14,11,5)([35]23,4,6)([36]33,31,1)([37]10,11,2)([38]20,17,1)([39]34,5,7)([40]34,7,5)([41]20,2,5)([42]5,25,6)([43]11,33,6)([44]43,5,7)([45]39,28,2)([46]16,26,6)([47]20,17,1)([48]14,4,3)([49]12,18,6)([50]37,4,3)([51]46,3,1)([52]19,25,2)([53]41,31,5)([54]21,43,7)([55]45,30,3)([56]3,39,7)([57]2,5,7)([58]55,18,3)([59]53,40,7)([60]35,27,1)([61]60,30,5)([62]10,3,5)([63]53,62,2)([64]59,24,5)([65]55,23,6)([66]26,48,1)([67]3,57,3)([68]65,54,6)([69]64,50,5)([70]12,39,0)([71]36,38,6)([72]46,24,5)([73]69,72,4)([74]16,3,0)([75]20,8,6)([76]55,51,6)([77]73,68,6)([78]77,39,7)([79]55,62,1)([80]1,43,7)([81]43,1,5)([82]20,81,5)([83]71,19,5)([84]31,4,6)([85]35,1,2)([86]3,6,2)(78)
optimized area: 122.28
time: 595301 ms
seed: 1634013603
NOT FOUND
time: 525288 ms
seed: 1634062383
NOT FOUND
time: 533720 ms
seed: 1634176611
{7,1,80,1,2,1,8}([7]6,3,7)([8]4,0,7)([9]0,5,5)([10]1,8,4)([11]10,7,6)([12]1,9,7)([13]2,4,6)([14]2,13,6)([15]7,6,6)([16]14,4,7)([17]11,6,6)([18]5,3,2)([19]10,16,2)([20]8,17,3)([21]10,9,5)([22]12,3,4)([23]20,0,7)([24]2,13,2)([25]18,8,7)([26]3,21,2)([27]26,19,6)([28]5,7,4)([29]15,2,7)([30]25,20,4)([31]6,27,6)([32]9,29,5)([33]0,28,3)([34]32,21,6)([35]29,27,6)([36]4,7,4)([37]25,23,2)([38]36,22,5)([39]34,8,3)([40]1,28,3)([41]29,33,4)([42]15,0,4)([43]13,38,7)([44]33,19,2)([45]28,35,3)([46]41,14,3)([47]11,45,3)([48]30,13,4)([49]44,48,2)([50]0,43,5)([51]48,34,2)([52]39,27,7)([53]49,23,4)([54]30,35,3)([55]36,3,6)([56]43,48,5)([57]45,39,4)([58]0,41,4)([59]33,51,2)([60]56,47,7)([61]42,2,3)([62]3,41,7)([63]22,42,4)([64]17,63,3)([65]57,3,1)([66]53,57,0)([67]19,37,2)([68]53,10,0)([69]60,59,6)([70]60,39,0)([71]53,35,1)([72]0,28,4)([73]63,68,4)([74]22,69,3)([75]57,56,4)([76]3,44,3)([77]2,36,3)([78]73,75,2)([79]34,3,1)([80]42,35,0)([81]56,38,5)([82]53,55,5)([83]34,69,2)([84]78,69,6)([85]34,8,4)([86]19,3,3)(84)
evaluations: 36441132
first invidual area: 161.66
{7,1,80,1,2,1,8}([7]6,3,7)([8]0,4,7)([9]5,0,5)([10]1,8,4)([11]7,10,6)([12]3,9,7)([13]2,4,6)([14]6,11,6)([15]6,7,6)([16]2,13,1)([17]2,4,5)([18]3,5,5)([19]10,17,2)([20]14,8,3)([21]10,9,5)([22]12,1,4)([23]12,2,4)([24]13,18,4)([25]0,20,7)([26]3,21,2)([27]26,19,6)([28]5,7,4)([29]15,2,7)([30]0,29,2)([31]28,25,5)([32]29,15,1)([33]0,28,3)([34]32,21,6)([35]29,27,6)([36]4,7,4)([37]16,22,3)([38]22,36,5)([39]34,8,3)([40]31,37,5)([41]17,12,7)([42]5,23,0)([43]13,38,7)([44]33,19,2)([45]28,35,3)([46]24,20,4)([47]11,45,6)([48]46,8,4)([49]44,48,2)([50]27,32,5)([51]12,18,5)([52]45,39,4)([53]49,20,7)([54]43,34,1)([55]9,38,0)([56]48,43,5)([57]24,29,5)([58]6,17,4)([59]49,34,2)([60]56,47,4)([61]24,58,2)([62]61,29,5)([63]22,15,4)([64]42,23,7)([65]28,43,4)([66]42,60,7)([67]53,8,1)([68]52,56,4)([69]60,59,6)([70]25,1,5)([71]51,20,5)([72]18,70,2)([73]63,53,4)([74]63,26,4)([75]2,66,1)([76]41,68,7)([77]43,0,7)([78]73,68,2)([79]28,16,0)([80]41,67,5)([81]71,61,5)([82]76,16,6)([83]3,56,0)([84]78,69,6)([85]26,56,5)([86]22,39,3)(84)
optimized area: 143.84
time: 598628 ms
seed: 1634223889
NOT FOUND
time: 530849 ms
seed: 1634320984
NOT FOUND
time: 527469 ms
seed: 1634361495
NOT FOUND
time: 528311 ms
seed: 1634410473
{7,1,80,1,2,1,8}([7]5,2,4)([8]4,5,0)([9]7,1,6)([10]8,1,2)([11]5,6,4)([12]10,7,5)([13]11,4,3)([14]5,13,7)([15]1,14,0)([16]14,0,7)([17]14,8,7)([18]7,9,2)([19]16,7,3)([20]11,4,5)([21]3,11,7)([22]6,10,6)([23]12,0,4)([24]23,11,4)([25]21,24,7)([26]12,11,5)([27]9,20,2)([28]14,27,4)([29]25,26,5)([30]10,24,4)([31]19,29,2)([32]15,7,2)([33]9,3,6)([34]4,31,3)([35]13,34,2)([36]34,30,5)([37]33,12,2)([38]15,20,1)([39]5,7,1)([40]19,33,4)([41]32,25,0)([42]23,20,2)([43]31,1,4)([44]25,25,4)([45]30,40,6)([46]42,36,7)([47]30,38,5)([48]29,28,2)([49]26,39,3)([50]36,32,0)([51]10,36,6)([52]15,29,0)([53]26,38,3)([54]14,8,5)([55]38,45,2)([56]35,32,6)([57]32,47,4)([58]9,18,1)([59]14,3,1)([60]4,40,4)([61]28,36,2)([62]33,13,2)([63]0,54,0)([64]24,46,0)([65]18,12,1)([66]17,45,2)([67]21,25,6)([68]23,1,5)([69]44,26,5)([70]68,61,7)([71]66,54,5)([72]30,27,7)([73]43,61,3)([74]71,73,5)([75]66,19,2)([76]8,48,1)([77]21,72,2)([78]57,52,1)([79]35,69,6)([80]74,37,0)([81]30,74,2)([82]75,42,7)([83]77,82,2)([84]83,28,2)([85]40,57,0)([86]80,83,3)(86)
evaluations: 6377448
first invidual area: 125.09
{7,1,80,1,2,1,8}([7]2,5,4)([8]4,1,3)([9]7,1,6)([10]4,1,2)([11]6,5,4)([12]10,7,5)([13]4,11,3)([14]5,13,7)([15]11,2,0)([16]0,12,7)([17]3,9,3)([18]14,0,7)([19]7,18,3)([20]11,4,5)([21]3,11,7)([22]12,11,5)([23]12,0,4)([24]23,15,4)([25]21,24,7)([26]25,1,3)([27]20,9,2)([28]6,14,5)([29]17,19,2)([30]10,24,4)([31]18,17,3)([32]15,15,7)([33]13,7,6)([34]8,30,5)([35]17,21,4)([36]22,25,5)([37]25,19,6)([38]25,26,3)([39]19,36,5)([40]30,2,4)([41]4,12,5)([42]29,30,6)([43]41,10,3)([44]41,11,4)([45]24,41,2)([46]38,18,0)([47]39,1,7)([48]25,26,5)([49]7,21,1)([50]8,31,1)([51]9,12,3)([52]27,14,4)([53]34,52,2)([54]23,20,5)([55]16,53,0)([56]48,21,1)([57]26,42,1)([58]42,24,0)([59]55,56,0)([60]58,54,0)([61]4,40,4)([62]43,39,5)([63]47,53,3)([64]57,8,3)([65]47,15,6)([66]60,6,2)([67]27,30,7)([68]0,24,3)([69]23,31,4)([70]10,15,2)([71]41,66,5)([72]45,42,3)([73]25,24,0)([74]71,63,5)([75]13,42,3)([76]16,11,0)([77]21,67,2)([78]73,18,3)([79]40,71,6)([80]39,59,5)([81]52,27,1)([82]28,54,2)([83]66,8,5)([84]77,82,2)([85]78,75,1)([86]74,84,3)(86)
optimized area: 114.29
time: 684016 ms
seed: 1634459448
NOT FOUND
time: 529343 ms
seed: 1634519711
{7,1,80,1,2,1,8}([7]6,2,7)([8]2,3,4)([9]4,1,3)([10]4,1,5)([11]7,5,2)([12]4,8,0)([13]0,1,4)([14]4,9,6)([15]13,6,7)([16]15,7,5)([17]0,2,5)([18]6,5,0)([19]11,13,4)([20]16,3,7)([21]17,13,7)([22]19,14,0)([23]18,10,0)([24]11,7,2)([25]19,8,6)([26]11,0,2)([27]6,2,1)([28]16,2,2)([29]18,8,5)([30]25,14,6)([31]8,14,4)([32]28,30,4)([33]15,20,3)([34]33,29,5)([35]22,3,6)([36]5,23,7)([37]3,4,5)([38]21,36,3)([39]5,14,5)([40]29,38,7)([41]23,19,2)([42]17,41,7)([43]15,26,6)([44]34,10,6)([45]25,40,3)([46]12,43,7)([47]36,0,1)([48]45,31,4)([49]42,17,0)([50]30,45,7)([51]27,28,2)([52]32,21,1)([53]21,12,7)([54]8,42,5)([55]44,47,6)([56]52,30,3)([57]12,54,6)([58]25,14,4)([59]7,31,7)([60]33,27,3)([61]51,4,4)([62]59,3,4)([63]32,55,4)([64]46,35,3)([65]31,64,0)([66]57,21,0)([67]2,40,4)([68]6,6,0)([69]63,66,3)([70]48,64,3)([71]39,44,2)([72]37,31,6)([73]60,4,3)([74]25,14,4)([75]10,24,4)([76]70,69,2)([77]33,8,4)([78]37,27,7)([79]14,38,6)([80]5,61,4)([81]45,54,0)([82]72,48,5)([83]43,71,3)([84]55,35,6)([85]70,51,2)([86]41,61,4)(76)
evaluations: 14574647
first invidual area: 129.77
{7,1,80,1,2,1,8}([7]6,2,7)([8]3,3,0)([9]2,3,4)([10]4,8,0)([11]5,7,2)([12]0,8,4)([13]1,0,4)([14]1,10,6)([15]6,13,7)([16]12,1,6)([17]0,2,5)([18]17,13,2)([19]13,11,4)([20]6,13,5)([21]20,2,5)([22]15,3,3)([23]22,1,0)([24]22,1,5)([25]9,19,6)([26]6,19,5)([27]11,0,2)([28]16,1,5)([29]6,9,5)([30]25,14,6)([31]2,17,1)([32]21,30,7)([33]18,22,1)([34]29,4,5)([35]18,31,6)([36]6,5,7)([37]7,22,0)([38]18,36,6)([39]3,30,5)([40]29,38,4)([41]9,14,7)([42]36,0,1)([43]15,27,6)([44]11,33,0)([45]40,25,6)([46]9,28,3)([47]1,41,2)([48]45,41,4)([49]0,32,6)([50]26,17,4)([51]15,46,2)([52]28,6,1)([53]41,9,6)([54]50,9,5)([55]15,3,4)([56]54,10,6)([57]49,5,7)([58]34,24,6)([59]18,11,1)([60]2,22,3)([61]42,58,3)([62]4,43,7)([63]32,61,7)([64]38,40,3)([65]19,8,6)([66]64,4,5)([67]36,61,3)([68]62,65,3)([69]63,56,3)([70]48,68,3)([71]3,18,6)([72]68,47,0)([73]70,69,2)([74]43,31,7)([75]26,42,0)([76]9,16,6)([77]33,9,6)([78]14,14,1)([79]71,15,3)([80]44,19,0)([81]60,45,6)([82]44,27,2)([83]6,20,4)([84]5,77,6)([85]74,54,7)([86]41,77,2)(73)
optimized area: 119.45
time: 620541 ms
seed: 1634618805
NOT FOUND
time: 527217 ms
seed: 1635145857
NOT FOUND
time: 534785 ms
seed: 1635194974
NOT FOUND
time: 529347 ms
seed: 1635355153
{7,1,80,1,2,1,8}([7]0,2,2)([8]5,7,6)([9]1,6,4)([10]1,4,6)([11]0,9,7)([12]3,9,6)([13]5,11,6)([14]2,2,0)([15]8,2,4)([16]3,6,4)([17]3,5,4)([18]14,11,2)([19]4,18,7)([20]17,15,6)([21]16,11,1)([22]12,7,4)([23]11,6,4)([24]5,19,4)([25]12,16,4)([26]23,20,7)([27]24,13,6)([28]19,15,4)([29]25,5,7)([30]21,5,1)([31]28,0,4)([32]25,19,7)([33]27,14,5)([34]16,20,7)([35]28,33,7)([36]5,34,2)([37]35,22,5)([38]23,17,4)([39]37,19,7)([40]33,33,5)([41]26,39,6)([42]17,41,4)([43]42,10,3)([44]31,16,2)([45]33,29,3)([46]18,1,3)([47]41,28,0)([48]22,3,5)([49]14,4,7)([50]5,3,5)([51]42,40,7)([52]45,31,3)([53]22,21,7)([54]29,32,0)([55]41,8,4)([56]32,17,5)([57]43,44,2)([58]44,50,5)([59]23,40,3)([60]38,16,4)([61]57,28,2)([62]25,20,0)([63]33,13,7)([64]60,57,4)([65]7,18,7)([66]39,47,4)([67]12,29,7)([68]64,45,0)([69]45,20,5)([70]68,55,7)([71]21,11,5)([72]25,15,5)([73]19,21,3)([74]5,51,4)([75]13,52,2)([76]70,52,2)([77]52,6,4)([78]58,57,7)([79]59,63,1)([80]28,67,0)([81]77,51,5)([82]28,37,1)([83]23,55,4)([84]10,51,1)([85]16,14,3)([86]33,81,0)(76)
evaluations: 11537305
first invidual area: 142.02
{7,1,80,1,2,1,8}([7]0,2,2)([8]5,7,6)([9]6,1,4)([10]2,4,0)([11]0,9,7)([12]2,1,0)([13]8,5,5)([14]11,2,5)([15]10,8,4)([16]3,6,4)([17]3,5,4)([18]9,3,6)([19]4,14,4)([20]7,18,4)([21]5,19,4)([22]5,11,6)([23]11,6,4)([24]19,21,3)([25]5,21,3)([26]23,8,4)([27]21,22,6)([28]19,15,4)([29]22,5,1)([30]15,17,6)([31]0,28,4)([32]30,23,7)([33]12,27,5)([34]28,22,4)([35]28,33,7)([36]17,24,1)([37]35,20,5)([38]19,19,4)([39]37,19,7)([40]1,4,6)([41]32,39,6)([42]17,41,4)([43]42,40,3)([44]31,43,5)([45]36,6,2)([46]43,35,4)([47]37,37,4)([48]47,40,6)([49]16,39,7)([50]23,26,3)([51]31,33,3)([52]51,49,3)([53]43,8,1)([54]18,29,2)([55]15,11,4)([56]8,50,5)([57]53,53,6)([58]28,10,4)([59]22,11,0)([60]3,32,2)([61]16,17,0)([62]18,8,5)([63]16,44,5)([64]26,42,7)([65]15,3,0)([66]14,60,5)([67]24,54,2)([68]63,64,7)([69]39,45,6)([70]69,45,6)([71]49,23,1)([72]16,0,0)([73]15,63,1)([74]24,47,7)([75]21,46,4)([76]61,19,5)([77]52,68,2)([78]14,2,6)([79]4,53,3)([80]31,13,3)([81]39,25,2)([82]31,28,5)([83]17,2,2)([84]57,44,6)([85]62,81,4)([86]22,84,2)(77)
optimized area: 126.54
time: 1285286 ms
seed: 1635625863
{7,1,80,1,2,1,8}([7]2,6,7)([8]1,7,2)([9]4,3,7)([10]8,5,4)([11]8,10,3)([12]0,8,5)([13]1,2,4)([14]9,11,6)([15]10,12,6)([16]9,13,2)([17]10,16,6)([18]12,8,4)([19]3,16,4)([20]12,4,4)([21]9,4,5)([22]6,11,4)([23]17,0,4)([24]6,0,1)([25]11,3,4)([26]17,7,3)([27]9,15,4)([28]19,23,4)([29]28,2,2)([30]29,20,7)([31]13,0,4)([32]19,7,7)([33]30,16,7)([34]26,29,7)([35]26,23,6)([36]30,0,3)([37]27,34,7)([38]34,21,5)([39]3,31,5)([40]36,1,2)([41]39,37,2)([42]24,2,2)([43]16,25,1)([44]42,40,6)([45]44,17,3)([46]19,18,2)([47]18,25,0)([48]25,26,2)([49]33,46,3)([50]32,41,6)([51]45,31,5)([52]14,32,4)([53]33,50,4)([54]49,53,7)([55]20,24,1)([56]51,48,3)([57]27,56,7)([58]10,20,3)([59]25,55,0)([60]1,13,4)([61]18,10,7)([62]39,20,4)([63]60,38,6)([64]9,29,6)([65]57,53,6)([66]42,63,0)([67]18,35,6)([68]48,56,1)([69]18,66,6)([70]36,46,3)([71]25,32,0)([72]46,9,6)([73]19,35,0)([74]4,64,6)([75]46,27,0)([76]70,13,3)([77]22,65,4)([78]39,5,0)([79]23,64,6)([80]77,30,7)([81]23,60,4)([82]57,55,4)([83]50,29,5)([84]20,46,1)([85]60,42,5)([86]63,24,7)(80)
evaluations: 26738348
first invidual area: 145.28
{7,1,80,1,2,1,8}([7]6,2,7)([8]7,1,2)([9]3,4,7)([10]5,8,4)([11]5,8,3)([12]8,0,5)([13]2,1,4)([14]6,11,7)([15]3,11,4)([16]9,13,2)([17]10,16,6)([18]16,7,1)([19]16,3,4)([20]4,12,7)([21]1,20,2)([22]6,7,6)([23]0,17,7)([24]12,10,6)([25]15,8,5)([26]17,7,3)([27]24,9,4)([28]19,23,7)([29]2,28,2)([30]29,20,4)([31]0,13,4)([32]3,31,5)([33]16,30,7)([34]19,7,7)([35]26,27,4)([36]18,23,7)([37]35,29,4)([38]34,2,6)([39]32,4,0)([40]18,25,6)([41]32,37,2)([42]38,25,2)([43]41,34,6)([44]22,21,6)([45]44,41,3)([46]0,22,2)([47]21,3,0)([48]15,26,2)([49]34,40,4)([50]25,7,4)([51]6,0,6)([52]36,17,2)([53]33,43,4)([54]39,13,1)([55]31,45,5)([56]55,48,3)([57]27,56,7)([58]6,8,2)([59]4,5,7)([60]47,47,3)([61]19,30,2)([62]33,22,1)([63]15,24,7)([64]56,49,6)([65]13,33,7)([66]57,53,3)([67]31,16,5)([68]58,25,5)([69]18,60,1)([70]51,39,3)([71]12,37,1)([72]14,47,5)([73]61,46,6)([74]45,16,0)([75]14,66,4)([76]38,49,4)([77]5,39,5)([78]73,49,7)([79]8,59,7)([80]75,30,7)([81]34,65,1)([82]31,7,1)([83]36,75,6)([84]28,53,4)([85]64,48,4)([86]47,7,6)(80)
optimized area: 141.54
time: 1245901 ms
seed: 1635673619
NOT FOUND
time: 1058471 ms
seed: 1635721431
NOT FOUND
time: 1075115 ms
seed: 1635768661
NOT FOUND
time: 1077032 ms
seed: 1635815648
NOT FOUND
time: 1069019 ms
seed: 1635858772
{7,1,80,1,2,1,8}([7]3,6,7)([8]4,0,7)([9]1,4,3)([10]4,1,7)([11]5,9,5)([12]10,8,7)([13]3,2,4)([14]4,3,7)([15]9,5,4)([16]14,0,2)([17]10,3,5)([18]2,8,6)([19]17,12,2)([20]14,18,3)([21]5,17,4)([22]9,7,7)([23]0,15,2)([24]1,19,2)([25]13,8,0)([26]1,25,3)([27]19,24,4)([28]11,18,6)([29]11,24,2)([30]3,19,3)([31]22,6,0)([32]20,3,4)([33]26,10,1)([34]13,9,3)([35]10,3,0)([36]12,22,3)([37]8,16,7)([38]8,4,0)([39]30,11,4)([40]20,38,6)([41]0,14,2)([42]12,39,0)([43]25,21,4)([44]23,39,3)([45]40,3,5)([46]40,28,4)([47]26,32,7)([48]44,29,2)([49]46,27,3)([50]49,43,6)([51]31,50,6)([52]17,41,3)([53]35,8,3)([54]43,33,4)([55]26,6,1)([56]3,55,1)([57]44,47,5)([58]4,54,5)([59]32,20,7)([60]10,34,1)([61]37,8,0)([62]48,57,7)([63]35,8,5)([64]5,36,7)([65]27,9,6)([66]5,41,7)([67]59,51,2)([68]15,32,5)([69]30,39,7)([70]12,12,0)([71]57,33,7)([72]70,17,3)([73]53,54,0)([74]51,62,6)([75]0,72,0)([76]29,66,6)([77]74,34,7)([78]68,49,4)([79]20,29,5)([80]0,50,6)([81]43,3,5)([82]77,64,4)([83]26,70,6)([84]32,5,2)([85]24,79,0)([86]63,49,1)(82)
evaluations: 35017542
first invidual area: 139.18
{7,1,80,1,2,1,8}([7]3,3,0)([8]4,0,7)([9]4,1,3)([10]2,4,3)([11]9,5,5)([12]0,1,7)([13]3,2,4)([14]4,3,7)([15]1,4,7)([16]7,6,4)([17]15,7,5)([18]8,2,6)([19]17,12,2)([20]14,18,3)([21]19,3,3)([22]9,16,4)([23]0,11,2)([24]10,3,1)([25]22,12,3)([26]20,8,6)([27]22,14,7)([28]11,18,6)([29]20,7,7)([30]19,23,5)([31]19,21,1)([32]15,16,0)([33]17,5,7)([34]12,14,6)([35]13,33,7)([36]5,34,2)([37]25,10,7)([38]13,1,3)([39]21,11,4)([40]29,20,5)([41]23,31,6)([42]12,19,5)([43]22,28,5)([44]23,39,3)([45]43,11,3)([46]41,28,3)([47]38,29,4)([48]32,9,4)([49]46,26,3)([50]49,35,6)([51]22,50,6)([52]38,9,3)([53]1,43,6)([54]5,47,2)([55]31,40,1)([56]41,27,7)([57]47,44,5)([58]7,54,1)([59]41,9,6)([60]46,44,6)([61]8,17,0)([62]30,57,4)([63]21,62,3)([64]27,27,0)([65]60,30,2)([66]1,44,0)([67]52,25,7)([68]58,64,0)([69]13,56,6)([70]53,60,4)([71]57,35,1)([72]70,22,1)([73]6,64,7)([74]51,62,3)([75]9,71,6)([76]0,10,6)([77]74,5,7)([78]69,30,2)([79]69,25,6)([80]58,59,0)([81]26,15,2)([82]77,67,7)([83]56,50,7)([84]54,26,5)([85]70,4,2)([86]65,30,0)(82)
optimized area: 126.04
time: 1143929 ms
seed: 1635900733
{7,1,80,1,2,1,8}([7]0,2,4)([8]7,5,3)([9]8,0,5)([10]5,6,3)([11]7,6,4)([12]4,0,4)([13]8,3,4)([14]10,13,1)([15]14,12,6)([16]9,7,0)([17]1,0,5)([18]8,12,3)([19]15,1,3)([20]10,3,7)([21]5,9,4)([22]12,16,7)([23]17,13,5)([24]4,1,2)([25]22,1,4)([26]20,4,4)([27]24,6,4)([28]22,4,5)([29]18,24,7)([30]22,26,2)([31]28,27,2)([32]30,31,6)([33]6,23,5)([34]15,25,2)([35]30,26,5)([36]11,19,2)([37]7,23,7)([38]31,5,7)([39]37,16,6)([40]32,6,7)([41]18,25,2)([42]20,33,7)([43]21,40,0)([44]38,20,2)([45]31,1,4)([46]41,33,7)([47]22,5,2)([48]20,39,2)([49]2,47,2)([50]15,3,3)([51]26,14,1)([52]44,45,0)([53]36,48,5)([54]6,52,2)([55]46,23,3)([56]53,40,2)([57]5,4,4)([58]53,43,7)([59]41,49,4)([60]36,58,6)([61]50,39,3)([62]5,16,3)([63]61,11,7)([64]41,48,5)([65]22,36,0)([66]63,46,3)([67]66,59,3)([68]52,67,7)([69]28,56,1)([70]10,52,7)([71]41,58,4)([72]33,58,6)([73]5,24,4)([74]53,28,1)([75]70,19,1)([76]2,20,2)([77]41,54,1)([78]40,2,7)([79]35,28,6)([80]1,58,4)([81]30,39,5)([82]80,56,6)([83]1,65,6)([84]60,39,6)([85]82,68,4)([86]32,77,6)(85)
evaluations: 31504359
first invidual area: 157.90
{7,1,80,1,2,1,8}([7]0,2,4)([8]5,7,3)([9]0,8,5)([10]5,6,6)([11]6,7,7)([12]0,4,4)([13]8,3,4)([14]7,1,5)([15]9,4,6)([16]4,1,5)([17]12,3,0)([18]10,12,6)([19]10,16,4)([20]10,3,4)([21]20,4,4)([22]17,9,7)([23]13,14,5)([24]9,5,4)([25]22,1,4)([26]23,7,7)([27]6,16,7)([28]22,4,5)([29]7,10,6)([30]22,21,2)([31]28,27,2)([32]30,31,3)([33]6,23,2)([34]17,8,3)([35]5,4,2)([36]27,26,4)([37]3,21,4)([38]5,31,7)([39]26,9,6)([40]32,6,4)([41]25,34,5)([42]35,24,6)([43]25,27,0)([44]38,20,5)([45]16,5,2)([46]41,33,7)([47]34,35,2)([48]39,25,2)([49]2,35,5)([50]18,3,3)([51]24,14,2)([52]32,36,1)([53]33,48,5)([54]20,48,6)([55]9,27,6)([56]53,40,2)([57]38,17,0)([58]53,24,5)([59]41,49,4)([60]12,59,2)([61]50,39,6)([62]44,31,6)([63]61,11,7)([64]59,29,2)([65]24,53,6)([66]63,46,3)([67]66,59,6)([68]44,67,4)([69]43,18,3)([70]61,16,2)([71]51,63,0)([72]43,64,6)([73]14,36,3)([74]48,71,1)([75]56,33,2)([76]59,35,4)([77]63,69,5)([78]69,75,5)([79]57,28,4)([80]1,58,7)([81]33,43,6)([82]80,56,6)([83]30,48,3)([84]79,34,7)([85]82,68,7)([86]53,10,2)(85)
optimized area: 147.59
time: 1201199 ms
seed: 1635936994
NOT FOUND
time: 1050803 ms
seed: 1635973163
NOT FOUND
time: 1076064 ms
seed: 1636009080
{7,1,80,1,2,1,8}([7]5,2,2)([8]5,4,5)([9]5,4,3)([10]2,8,5)([11]9,0,7)([12]6,1,7)([13]10,1,1)([14]12,1,0)([15]7,1,7)([16]13,0,3)([17]9,1,5)([18]15,16,4)([19]5,6,1)([20]11,1,4)([21]6,10,4)([22]21,3,2)([23]21,10,6)([24]23,21,7)([25]5,6,6)([26]22,24,3)([27]4,9,1)([28]25,26,7)([29]16,15,3)([30]23,6,0)([31]27,3,7)([32]28,29,4)([33]24,16,4)([34]0,8,7)([35]20,33,7)([36]15,21,5)([37]35,17,5)([38]15,14,3)([39]12,37,2)([40]26,39,6)([41]20,38,5)([42]33,4,2)([43]41,32,2)([44]18,5,1)([45]30,13,5)([46]4,45,5)([47]31,40,7)([48]31,13,5)([49]14,18,0)([50]43,47,5)([51]0,45,5)([52]3,19,2)([53]3,41,4)([54]50,9,4)([55]12,5,7)([56]53,32,3)([57]9,54,1)([58]36,34,2)([59]50,58,7)([60]39,59,4)([61]16,17,3)([62]9,61,3)([63]51,24,6)([64]38,35,7)([65]11,7,7)([66]51,41,7)([67]22,46,6)([68]64,4,1)([69]66,56,6)([70]2,67,4)([71]61,38,7)([72]41,22,0)([73]68,46,2)([74]55,69,5)([75]71,9,3)([76]30,0,2)([77]40,34,3)([78]33,33,6)([79]52,22,0)([80]60,74,7)([81]13,14,3)([82]9,77,3)([83]81,13,2)([84]14,9,4)([85]7,25,1)([86]67,20,6)(80)
evaluations: 7981780
first invidual area: 145.71
{7,1,80,1,2,1,8}([7]5,4,3)([8]5,4,5)([9]0,8,0)([10]8,2,2)([11]2,5,5)([12]6,1,7)([13]9,1,4)([14]13,1,5)([15]11,1,4)([16]9,10,3)([17]6,5,6)([18]9,8,7)([19]13,12,7)([20]7,13,7)([21]10,6,7)([22]21,3,2)([23]15,16,3)([24]21,10,6)([25]18,12,1)([26]24,22,3)([27]15,8,0)([28]17,26,7)([29]12,5,7)([30]5,6,2)([31]16,20,4)([32]23,28,4)([33]12,27,3)([34]32,4,1)([35]31,24,6)([36]27,21,5)([37]10,24,0)([38]35,14,5)([39]38,12,2)([40]26,39,6)([41]20,33,5)([42]2,21,3)([43]32,41,2)([44]22,14,7)([45]18,40,1)([46]44,40,7)([47]21,12,0)([48]4,3,4)([49]39,23,7)([50]40,48,7)([51]9,21,5)([52]43,50,5)([53]51,41,2)([54]3,51,7)([55]7,52,4)([56]53,32,3)([57]34,28,4)([58]36,18,5)([59]52,39,7)([60]58,59,4)([61]15,46,1)([62]2,33,3)([63]0,47,4)([64]34,39,7)([65]5,44,3)([66]59,65,2)([67]55,61,0)([68]16,52,1)([69]54,56,6)([70]16,55,3)([71]64,19,6)([72]24,22,3)([73]26,69,7)([74]48,62,3)([75]51,15,5)([76]29,69,5)([77]43,57,2)([78]47,7,0)([79]75,77,5)([80]60,76,4)([81]32,51,5)([82]53,4,4)([83]79,65,0)([84]22,74,3)([85]18,35,6)([86]58,40,1)(80)
optimized area: 131.18
time: 1369398 ms
seed: 1636043720
{7,1,80,1,2,1,8}([7]5,4,4)([8]2,3,4)([9]0,1,4)([10]4,0,3)([11]10,8,5)([12]11,1,4)([13]1,3,4)([14]9,4,7)([15]7,14,3)([16]6,14,5)([17]8,8,2)([18]16,7,4)([19]15,5,7)([20]2,2,3)([21]5,20,4)([22]15,13,5)([23]11,21,4)([24]7,0,5)([25]9,21,3)([26]20,11,4)([27]23,22,2)([28]20,25,7)([29]17,9,3)([30]25,26,1)([31]30,6,7)([32]18,16,7)([33]10,13,7)([34]14,26,4)([35]28,16,0)([36]20,33,3)([37]15,34,6)([38]24,8,6)([39]19,16,4)([40]33,31,2)([41]39,27,6)([42]26,9,5)([43]13,39,2)([44]27,34,7)([45]35,43,7)([46]10,44,2)([47]37,40,2)([48]41,11,3)([49]23,45,2)([50]26,45,7)([51]34,9,6)([52]25,31,3)([53]2,51,0)([54]34,20,0)([55]0,30,1)([56]20,32,2)([57]46,22,7)([58]10,26,6)([59]51,50,4)([60]42,38,2)([61]25,57,5)([62]3,16,3)([63]21,21,7)([64]47,60,4)([65]48,31,4)([66]1,10,3)([67]29,7,2)([68]20,8,3)([69]41,24,0)([70]67,49,6)([71]57,59,5)([72]69,52,4)([73]3,57,6)([74]64,65,3)([75]1,12,1)([76]66,11,6)([77]21,0,2)([78]71,74,2)([79]70,44,1)([80]23,25,1)([81]49,68,5)([82]39,56,7)([83]13,47,5)([84]41,60,4)([85]30,63,2)([86]0,78,7)(78)
evaluations: 5231562
first invidual area: 148.55
{7,1,80,1,2,1,8}([7]5,4,4)([8]3,2,4)([9]1,0,4)([10]0,4,3)([11]8,10,5)([12]2,5,4)([13]1,3,4)([14]4,9,7)([15]14,7,3)([16]3,5,7)([17]13,9,0)([18]1,1,0)([19]6,14,5)([20]12,1,3)([21]9,20,0)([22]15,13,5)([23]11,2,4)([24]16,22,2)([25]12,9,3)([26]0,7,5)([27]20,24,5)([28]15,7,3)([29]17,1,4)([30]13,29,4)([31]6,25,4)([32]16,31,2)([33]15,19,5)([34]23,14,4)([35]26,8,6)([36]34,24,7)([37]34,15,6)([38]20,32,3)([39]5,33,7)([40]9,0,4)([41]39,24,6)([42]33,11,4)([43]17,39,5)([44]18,18,3)([45]11,25,4)([46]10,36,5)([47]40,44,6)([48]11,41,3)([49]34,21,3)([50]43,45,4)([51]48,41,1)([52]41,46,1)([53]21,22,5)([54]38,42,7)([55]32,14,6)([56]0,15,4)([57]46,22,4)([58]32,32,7)([59]50,49,7)([60]27,37,2)([61]19,53,6)([62]43,39,5)([63]45,2,3)([64]16,56,4)([65]48,31,4)([66]53,11,0)([67]14,14,0)([68]22,41,4)([69]2,58,6)([70]35,53,2)([71]57,59,5)([72]60,70,3)([73]31,47,3)([74]72,65,3)([75]71,40,2)([76]69,50,1)([77]41,72,5)([78]45,47,5)([79]70,75,2)([80]53,9,4)([81]74,71,2)([82]18,53,4)([83]20,67,7)([84]81,42,1)([85]66,79,0)([86]35,74,2)(81)
optimized area: 133.53
time: 1413247 ms
seed: 1636077647
{7,1,80,1,2,1,8}([7]0,1,7)([8]6,5,4)([9]4,6,7)([10]3,8,7)([11]7,9,4)([12]11,3,2)([13]12,5,7)([14]8,0,7)([15]0,2,2)([16]11,5,7)([17]12,1,6)([18]15,8,7)([19]13,4,3)([20]1,0,5)([21]16,9,2)([22]14,16,2)([23]20,18,2)([24]23,5,3)([25]19,17,3)([26]25,24,4)([27]24,19,7)([28]21,27,3)([29]21,2,4)([30]2,28,6)([31]25,7,4)([32]8,1,1)([33]29,4,6)([34]33,30,0)([35]22,34,2)([36]30,10,6)([37]35,31,4)([38]27,26,3)([39]32,27,6)([40]35,38,5)([41]22,3,3)([42]38,27,2)([43]19,21,1)([44]19,5,2)([45]39,10,5)([46]9,40,4)([47]36,13,1)([48]8,30,0)([49]37,28,6)([50]3,7,4)([51]3,11,2)([52]40,36,3)([53]31,12,5)([54]26,33,4)([55]36,37,6)([56]32,49,0)([57]32,52,7)([58]15,25,1)([59]0,52,7)([60]49,20,2)([61]59,51,7)([62]4,58,4)([63]23,25,1)([64]61,41,5)([65]58,29,3)([66]23,4,0)([67]66,24,6)([68]55,18,1)([69]29,50,7)([70]37,19,1)([71]68,28,7)([72]29,46,1)([73]17,13,6)([74]48,61,6)([75]10,21,7)([76]33,58,3)([77]69,64,3)([78]57,60,5)([79]77,28,0)([80]30,68,7)([81]71,77,5)([82]18,13,5)([83]57,19,3)([84]83,57,6)([85]70,3,5)([86]79,78,4)(81)
evaluations: 47795163
first invidual area: 144.79
{7,1,80,1,2,1,8}([7]0,1,7)([8]6,5,4)([9]4,6,7)([10]3,8,7)([11]7,9,4)([12]11,3,2)([13]12,5,7)([14]8,0,7)([15]0,2,2)([16]11,5,7)([17]12,1,6)([18]15,8,7)([19]13,4,3)([20]0,7,5)([21]16,9,2)([22]14,16,2)([23]20,18,2)([24]23,5,3)([25]19,17,3)([26]22,12,0)([27]24,19,7)([28]21,27,3)([29]21,2,4)([30]29,28,6)([31]25,7,4)([32]26,22,6)([33]29,4,6)([34]11,18,2)([35]26,33,2)([36]30,10,6)([37]35,31,4)([38]12,28,3)([39]16,19,5)([40]35,31,1)([41]22,3,3)([42]4,27,4)([43]1,5,3)([44]2,2,6)([45]5,4,1)([46]9,18,2)([47]32,31,2)([48]16,14,6)([49]29,17,1)([50]3,7,4)([51]26,28,3)([52]39,3,6)([53]5,22,6)([54]53,33,2)([55]36,37,6)([56]41,46,0)([57]30,29,5)([58]16,32,1)([59]0,40,7)([60]39,0,7)([61]59,12,7)([62]19,12,6)([63]57,31,0)([64]61,56,5)([65]60,0,1)([66]11,9,4)([67]30,11,7)([68]55,33,1)([69]29,50,7)([70]51,49,5)([71]68,28,7)([72]70,20,2)([73]28,40,4)([74]62,8,6)([75]16,58,1)([76]6,38,5)([77]69,64,3)([78]13,13,2)([79]74,12,6)([80]69,28,2)([81]71,77,5)([82]64,32,5)([83]56,71,7)([84]25,39,4)([85]37,0,4)([86]64,79,4)(81)
optimized area: 132.61
time: 1063242 ms
seed: 1636110706
{7,1,80,1,2,1,8}([7]6,3,6)([8]0,2,5)([9]1,5,2)([10]8,7,4)([11]0,1,7)([12]5,11,7)([13]10,9,6)([14]11,11,3)([15]7,6,7)([16]9,13,4)([17]15,2,2)([18]1,3,3)([19]12,2,3)([20]0,14,3)([21]4,0,4)([22]2,15,7)([23]3,12,7)([24]4,14,7)([25]11,2,1)([26]7,15,1)([27]21,19,2)([28]27,6,6)([29]18,23,6)([30]15,24,4)([31]5,3,3)([32]0,18,5)([33]29,14,2)([34]10,9,4)([35]10,30,6)([36]32,28,2)([37]12,13,4)([38]23,36,7)([39]38,0,6)([40]31,23,2)([41]32,17,7)([42]30,41,3)([43]30,11,4)([44]11,17,4)([45]6,42,4)([46]24,2,3)([47]32,43,6)([48]40,34,5)([49]13,38,3)([50]33,26,7)([51]48,45,7)([52]22,42,5)([53]49,44,7)([54]38,29,7)([55]37,21,2)([56]54,46,4)([57]13,10,3)([58]51,23,2)([59]41,58,4)([60]1,40,6)([61]23,43,2)([62]54,51,7)([63]53,52,6)([64]57,10,3)([65]56,61,4)([66]32,12,7)([67]62,65,2)([68]12,21,3)([69]63,3,1)([70]46,39,6)([71]43,42,7)([72]55,69,2)([73]59,0,3)([74]71,33,2)([75]68,23,3)([76]59,75,3)([77]29,3,2)([78]72,67,3)([79]5,18,5)([80]68,0,2)([81]73,24,0)([82]30,49,3)([83]31,16,5)([84]42,36,7)([85]37,25,7)([86]40,24,0)(78)
evaluations: 16321922
first invidual area: 161.20
{7,1,80,1,2,1,8}([7]6,3,6)([8]0,2,5)([9]1,5,2)([10]7,9,3)([11]0,1,7)([12]11,5,7)([13]9,8,7)([14]13,7,7)([15]6,7,6)([16]14,2,5)([17]12,5,3)([18]3,1,3)([19]18,15,1)([20]12,9,3)([21]4,0,4)([22]14,9,6)([23]3,12,7)([24]4,11,7)([25]5,23,7)([26]19,23,6)([27]17,24,0)([28]2,21,2)([29]15,24,4)([30]18,19,2)([31]1,8,4)([32]0,18,5)([33]10,17,4)([34]6,28,6)([35]24,2,2)([36]32,34,5)([37]27,14,2)([38]4,26,2)([39]36,26,7)([40]5,36,7)([41]32,35,7)([42]41,29,3)([43]15,4,7)([44]26,10,1)([45]6,42,4)([46]2,24,3)([47]21,9,5)([48]23,37,5)([49]22,12,4)([50]35,40,1)([51]48,45,4)([52]50,42,5)([53]25,16,4)([54]39,46,7)([55]4,8,7)([56]2,6,5)([57]27,15,0)([58]48,45,7)([59]32,12,3)([60]25,40,4)([61]23,43,5)([62]39,51,7)([63]52,53,3)([64]30,14,4)([65]61,54,7)([66]21,49,2)([67]62,65,2)([68]43,7,5)([69]53,53,3)([70]58,54,6)([71]48,10,4)([72]66,63,2)([73]10,33,3)([74]62,44,4)([75]21,64,3)([76]32,5,6)([77]29,68,4)([78]72,67,3)([79]15,70,5)([80]67,14,0)([81]16,11,6)([82]29,75,5)([83]7,14,7)([84]2,21,7)([85]34,67,2)([86]66,4,4)(78)
optimized area: 147.12
time: 1304725 ms
seed: 1636143399
{7,1,80,1,2,1,8}([7]1,6,7)([8]5,0,2)([9]6,5,5)([10]0,5,7)([11]7,1,5)([12]2,0,4)([13]8,12,3)([14]10,9,5)([15]0,13,5)([16]8,1,7)([17]3,16,3)([18]15,12,6)([19]18,4,6)([20]19,15,7)([21]17,4,4)([22]0,21,4)([23]10,3,7)([24]4,16,7)([25]15,9,2)([26]16,24,3)([27]19,15,2)([28]21,25,4)([29]3,6,5)([30]9,27,5)([31]1,22,4)([32]16,5,5)([33]21,14,5)([34]1,28,7)([35]7,14,5)([36]12,34,5)([37]29,36,4)([38]13,22,5)([39]16,19,4)([40]3,36,2)([41]23,12,1)([42]36,12,0)([43]20,23,7)([44]38,32,4)([45]27,40,7)([46]33,16,0)([47]46,43,3)([48]7,10,2)([49]48,42,6)([50]37,39,3)([51]45,31,6)([52]45,43,6)([53]39,16,3)([54]26,50,1)([55]42,48,2)([56]29,4,0)([57]29,22,2)([58]57,50,6)([59]58,44,4)([60]59,35,7)([61]10,26,5)([62]14,9,0)([63]22,15,3)([64]47,49,3)([65]11,64,7)([66]48,51,7)([67]26,31,4)([68]15,21,2)([69]60,65,5)([70]58,52,3)([71]53,13,5)([72]37,29,4)([73]5,41,3)([74]5,54,7)([75]67,0,1)([76]71,75,4)([77]55,72,2)([78]29,64,0)([79]41,8,1)([80]13,49,1)([81]60,51,4)([82]9,25,6)([83]52,40,5)([84]69,66,4)([85]46,34,5)([86]77,45,0)(84)
evaluations: 22997720
first invidual area: 156.50
{7,1,80,1,2,1,8}([7]1,6,7)([8]0,5,2)([9]5,6,5)([10]0,5,7)([11]3,6,5)([12]2,0,4)([13]8,12,3)([14]9,10,5)([15]0,13,5)([16]8,1,7)([17]10,6,6)([18]15,12,6)([19]18,4,6)([20]3,16,3)([21]4,20,4)([22]0,21,4)([23]7,16,0)([24]22,1,4)([25]15,19,5)([26]19,16,4)([27]23,1,5)([28]9,10,3)([29]9,14,7)([30]0,9,1)([31]14,21,5)([32]16,5,5)([33]32,21,0)([34]24,28,7)([35]7,14,5)([36]34,12,5)([37]11,36,4)([38]13,22,5)([39]16,36,6)([40]3,36,5)([41]24,21,0)([42]22,20,0)([43]36,20,1)([44]32,34,2)([45]25,40,7)([46]45,28,1)([47]31,46,3)([48]7,10,5)([49]30,33,3)([50]37,26,3)([51]29,1,4)([52]11,22,2)([53]25,16,3)([54]26,31,4)([55]38,33,7)([56]50,52,6)([57]45,41,3)([58]24,52,4)([59]55,56,7)([60]59,35,7)([61]39,22,0)([62]15,56,3)([63]22,8,3)([64]47,39,6)([65]64,27,4)([66]48,57,7)([67]46,24,4)([68]28,41,1)([69]60,65,5)([70]31,23,4)([71]26,32,6)([72]43,40,7)([73]1,28,1)([74]18,54,4)([75]69,66,4)([76]27,47,0)([77]31,70,5)([78]23,25,0)([79]56,62,2)([80]22,47,2)([81]48,28,2)([82]32,12,5)([83]44,43,2)([84]56,28,7)([85]29,9,5)([86]42,85,3)(75)
optimized area: 137.73
time: 1298469 ms
seed: 1636175828
NOT FOUND
time: 1061322 ms
seed: 1636206392
NOT FOUND
time: 1082784 ms
seed: 1636236384
NOT FOUND
time: 1086187 ms
