seed: 1633871858
{7,1,80,1,2,1,8}([7]2,0,6)([8]1,2,0)([9]5,8,3)([10]1,4,3)([11]5,1,7)([12]5,0,4)([13]2,12,2)([14]12,3,2)([15]10,4,7)([16]6,15,7)([17]14,16,3)([18]1,17,4)([19]3,7,7)([20]19,9,7)([21]20,18,4)([22]15,21,2)([23]20,2,6)([24]21,11,5)([25]4,1,7)([26]4,20,4)([27]24,2,4)([28]22,17,7)([29]25,13,6)([30]28,23,2)([31]6,28,4)([32]0,15,2)([33]25,6,2)([34]27,3,7)([35]7,26,6)([36]26,13,5)([37]20,30,7)([38]0,28,4)([39]34,10,5)([40]20,22,0)([41]30,4,5)([42]38,3,7)([43]11,37,6)([44]32,18,4)([45]31,43,3)([46]0,31,7)([47]35,42,3)([48]29,24,4)([49]2,48,2)([50]22,45,6)([51]18,2,0)([52]39,30,4)([53]42,20,0)([54]36,45,2)([55]32,18,7)([56]54,42,4)([57]11,22,7)([58]49,33,5)([59]47,29,6)([60]1,41,1)([61]53,1,5)([62]59,44,7)([63]12,21,6)([64]29,63,2)([65]14,17,4)([66]3,10,2)([67]57,62,5)([68]34,24,2)([69]43,33,4)([70]45,66,3)([71]13,12,2)([72]69,50,4)([73]41,53,2)([74]46,64,1)([75]34,33,2)([76]68,1,2)([77]64,33,2)([78]39,56,5)([79]58,52,5)([80]28,68,6)([81]56,79,5)([82]53,78,2)([83]68,9,3)([84]35,40,3)([85]67,81,2)([86]35,14,1)(85)
evaluations: 34053181
first invidual area: 167.76
{7,1,80,1,2,1,8}([7]0,2,6)([8]3,7,7)([9]5,1,3)([10]4,1,3)([11]5,1,7)([12]0,5,4)([13]12,2,2)([14]3,12,2)([15]4,10,7)([16]6,15,7)([17]16,14,3)([18]1,17,4)([19]6,2,5)([20]8,9,7)([21]18,20,4)([22]21,15,2)([23]2,20,6)([24]21,11,5)([25]1,4,7)([26]20,4,5)([27]24,2,4)([28]22,17,7)([29]25,13,6)([30]28,23,2)([31]28,6,4)([32]15,12,5)([33]25,16,2)([34]27,3,7)([35]27,34,1)([36]26,13,5)([37]8,30,6)([38]28,0,7)([39]10,34,5)([40]37,33,4)([41]37,39,1)([42]38,3,4)([43]11,37,6)([44]28,32,7)([45]43,31,3)([46]9,41,0)([47]28,42,3)([48]4,17,1)([49]5,32,4)([50]1,6,4)([51]49,15,5)([52]39,30,4)([53]38,26,3)([54]36,45,5)([55]18,4,4)([56]54,42,7)([57]11,22,7)([58]35,33,5)([59]38,48,7)([60]47,29,6)([61]4,55,2)([62]60,44,7)([63]49,62,0)([64]62,38,1)([65]9,26,3)([66]61,10,1)([67]57,62,5)([68]10,45,7)([69]5,6,4)([70]55,46,5)([71]16,69,2)([72]15,66,4)([73]10,59,7)([74]57,20,3)([75]7,39,6)([76]18,75,1)([77]4,35,0)([78]74,28,0)([79]58,52,5)([80]22,12,5)([81]56,79,5)([82]80,5,2)([83]65,68,1)([84]59,60,6)([85]67,81,2)([86]74,70,7)(85)
optimized area: 153.68
time: 642855 ms
seed: 1634009517
NOT FOUND
time: 542532 ms
seed: 1634058318
{7,1,80,1,2,1,8}([7]3,1,2)([8]7,4,3)([9]2,0,7)([10]4,9,5)([11]8,5,4)([12]6,11,7)([13]1,3,6)([14]1,12,4)([15]6,10,5)([16]15,2,7)([17]7,1,0)([18]16,14,5)([19]1,7,4)([20]10,19,4)([21]4,20,4)([22]21,10,7)([23]22,14,2)([24]14,16,7)([25]0,11,3)([26]24,3,4)([27]23,26,3)([28]10,8,6)([29]7,11,4)([30]3,9,6)([31]27,24,5)([32]15,30,6)([33]2,5,7)([34]22,9,2)([35]13,18,5)([36]1,16,0)([37]25,20,4)([38]12,10,4)([39]2,2,4)([40]27,37,3)([41]22,10,3)([42]6,1,2)([43]42,24,3)([44]29,43,2)([45]12,16,5)([46]22,43,3)([47]38,44,6)([48]31,15,7)([49]48,4,3)([50]1,44,7)([51]45,30,4)([52]34,49,3)([53]45,19,4)([54]43,38,1)([55]6,0,4)([56]32,8,7)([57]52,44,6)([58]41,11,4)([59]57,47,3)([60]44,26,6)([61]13,40,7)([62]22,60,0)([63]61,51,2)([64]16,15,6)([65]52,23,3)([66]35,27,4)([67]30,35,6)([68]29,17,5)([69]66,47,3)([70]11,29,5)([71]57,63,4)([72]29,23,3)([73]65,3,2)([74]14,49,4)([75]39,60,2)([76]55,4,4)([77]29,46,7)([78]67,46,3)([79]18,71,5)([80]40,1,4)([81]45,26,0)([82]56,69,6)([83]67,16,4)([84]66,0,3)([85]82,79,4)([86]59,35,0)(85)
evaluations: 31621514
first invidual area: 158.38
{7,1,80,1,2,1,8}([7]1,3,2)([8]7,4,3)([9]0,2,7)([10]9,4,5)([11]5,8,4)([12]6,11,7)([13]1,3,6)([14]1,12,4)([15]6,10,5)([16]2,15,7)([17]0,11,3)([18]14,16,5)([19]7,1,4)([20]10,19,4)([21]19,4,7)([22]4,8,7)([23]21,14,2)([24]14,16,7)([25]15,7,7)([26]3,24,4)([27]23,26,3)([28]6,1,2)([29]7,11,4)([30]3,9,6)([31]17,20,4)([32]15,30,3)([33]29,9,6)([34]9,21,2)([35]13,18,5)([36]27,32,0)([37]35,16,5)([38]12,10,4)([39]7,32,3)([40]31,27,6)([41]26,24,5)([42]30,41,2)([43]28,24,3)([44]29,43,2)([45]36,16,6)([46]6,41,4)([47]38,44,6)([48]2,9,2)([49]34,4,3)([50]9,19,4)([51]37,30,4)([52]46,49,3)([53]31,46,7)([54]40,1,0)([55]45,35,6)([56]8,32,4)([57]52,44,3)([58]16,5,6)([59]21,33,4)([60]12,27,1)([61]34,36,7)([62]35,40,7)([63]62,51,5)([64]37,16,0)([65]9,57,5)([66]35,27,4)([67]18,9,2)([68]10,44,0)([69]66,47,3)([70]20,31,6)([71]57,63,4)([72]4,53,6)([73]67,36,2)([74]10,38,5)([75]9,71,7)([76]29,11,5)([77]50,51,7)([78]43,28,3)([79]18,71,5)([80]28,24,2)([81]15,27,4)([82]69,56,6)([83]17,13,6)([84]78,79,5)([85]82,79,4)([86]21,72,7)(85)
optimized area: 153.22
time: 631093 ms
seed: 1634172564
NOT FOUND
time: 531234 ms
seed: 1634219811
{7,1,80,1,2,1,8}([7]6,1,4)([8]0,4,7)([9]0,3,4)([10]6,1,6)([11]2,10,2)([12]1,5,2)([13]12,11,4)([14]0,2,5)([15]5,14,4)([16]6,15,2)([17]7,9,4)([18]16,0,6)([19]1,5,6)([20]2,3,7)([21]4,16,3)([22]19,18,4)([23]21,17,5)([24]14,1,4)([25]20,19,3)([26]3,4,2)([27]8,16,3)([28]4,25,7)([29]9,15,5)([30]24,25,4)([31]13,29,0)([32]7,22,3)([33]30,27,6)([34]32,20,7)([35]5,22,7)([36]32,33,6)([37]26,14,7)([38]16,1,2)([39]33,14,2)([40]37,33,3)([41]40,35,5)([42]5,35,1)([43]28,36,4)([44]13,39,7)([45]23,44,4)([46]43,37,2)([47]44,39,6)([48]5,8,0)([49]36,46,3)([50]41,45,5)([51]24,1,2)([52]3,22,7)([53]2,40,6)([54]3,34,2)([55]40,31,7)([56]37,26,6)([57]53,27,1)([58]36,26,3)([59]28,6,4)([60]0,50,5)([61]51,54,4)([62]58,41,2)([63]54,6,6)([64]37,22,4)([65]57,60,6)([66]18,33,4)([67]43,61,5)([68]67,50,5)([69]14,27,1)([70]29,62,5)([71]66,26,0)([72]13,7,4)([73]41,18,3)([74]19,60,7)([75]49,70,1)([76]36,63,2)([77]11,20,2)([78]26,70,1)([79]48,5,1)([80]5,14,5)([81]44,6,1)([82]9,40,1)([83]67,62,5)([84]52,3,1)([85]6,36,5)([86]25,45,6)(68)
evaluations: 22409160
first invidual area: 135.42
{7,1,80,1,2,1,8}([7]1,6,4)([8]1,5,2)([9]0,4,0)([10]7,1,6)([11]10,8,2)([12]0,7,7)([13]10,2,2)([14]2,9,5)([15]5,14,4)([16]6,15,2)([17]12,3,7)([18]9,16,6)([19]1,5,6)([20]3,2,7)([21]14,4,2)([22]18,19,4)([23]16,4,3)([24]14,1,5)([25]19,20,3)([26]25,4,7)([27]23,18,4)([28]0,25,0)([29]23,17,5)([30]24,25,4)([31]8,13,6)([32]7,22,3)([33]30,27,6)([34]20,32,7)([35]22,5,7)([36]32,33,6)([37]21,3,2)([38]33,6,2)([39]33,14,5)([40]37,33,3)([41]35,40,5)([42]18,35,2)([43]26,36,4)([44]39,29,4)([45]31,44,7)([46]3,34,5)([47]1,28,7)([48]24,8,4)([49]8,48,3)([50]41,45,5)([51]26,37,1)([52]33,49,2)([53]43,4,1)([54]10,34,6)([55]43,53,2)([56]28,11,4)([57]56,10,5)([58]24,1,5)([59]47,9,4)([60]11,29,6)([61]58,46,4)([62]60,8,0)([63]11,29,7)([64]19,63,4)([65]24,61,7)([66]27,26,6)([67]43,61,5)([68]67,12,3)([69]37,40,7)([70]20,10,6)([71]36,0,3)([72]1,31,3)([73]70,28,0)([74]41,27,1)([75]17,48,0)([76]42,50,6)([77]50,67,5)([78]33,54,2)([79]59,13,6)([80]9,11,0)([81]2,57,4)([82]10,18,2)([83]67,6,2)([84]70,28,0)([85]65,2,0)([86]48,49,2)(77)
optimized area: 124.15
time: 620085 ms
seed: 1634316916
{7,1,80,1,2,1,8}([7]0,3,6)([8]1,6,6)([9]3,6,7)([10]1,7,6)([11]4,10,0)([12]1,9,2)([13]2,10,7)([14]0,2,3)([15]14,3,4)([16]1,0,3)([17]12,2,3)([18]10,14,4)([19]13,15,4)([20]5,12,4)([21]5,4,7)([22]17,0,4)([23]21,6,4)([24]7,20,4)([25]12,1,1)([26]19,0,7)([27]15,0,3)([28]17,24,2)([29]26,20,5)([30]19,20,3)([31]17,23,6)([32]28,20,5)([33]17,32,2)([34]0,29,3)([35]34,19,0)([36]21,30,5)([37]5,10,6)([38]9,11,5)([39]6,16,6)([40]35,17,6)([41]23,19,2)([42]8,37,7)([43]28,41,2)([44]1,42,4)([45]29,4,1)([46]21,37,6)([47]41,2,5)([48]46,14,1)([49]31,36,5)([50]2,8,1)([51]19,21,7)([52]27,30,3)([53]39,41,1)([54]43,4,4)([55]54,28,1)([56]13,55,7)([57]26,46,2)([58]53,50,6)([59]44,49,4)([60]19,38,0)([61]9,53,5)([62]53,11,1)([63]47,10,7)([64]33,26,0)([65]18,58,6)([66]65,55,6)([67]11,59,5)([68]18,35,3)([69]34,38,2)([70]56,67,4)([71]31,38,3)([72]59,45,0)([73]22,43,7)([74]36,44,5)([75]69,66,4)([76]45,70,5)([77]59,75,4)([78]77,76,5)([79]31,72,6)([80]21,21,7)([81]29,57,5)([82]81,81,2)([83]51,15,7)([84]12,71,3)([85]5,31,1)([86]2,71,7)(78)
evaluations: 37400447
first invidual area: 147.57
{7,1,80,1,2,1,8}([7]3,0,6)([8]6,1,3)([9]3,6,7)([10]7,1,6)([11]9,4,5)([12]9,1,2)([13]10,2,7)([14]2,0,3)([15]14,3,7)([16]12,7,4)([17]15,15,2)([18]14,10,4)([19]15,13,7)([20]5,12,7)([21]5,4,7)([22]2,12,3)([23]21,6,4)([24]7,20,7)([25]7,8,3)([26]0,19,7)([27]9,12,4)([28]23,24,2)([29]24,26,5)([30]24,19,3)([31]22,23,6)([32]10,19,0)([33]5,10,6)([34]14,29,3)([35]6,14,5)([36]21,30,5)([37]10,36,4)([38]32,18,6)([39]29,35,0)([40]19,2,2)([41]10,34,7)([42]8,33,7)([43]3,30,3)([44]1,42,4)([45]30,42,4)([46]3,32,5)([47]28,40,5)([48]11,34,5)([49]31,36,5)([50]29,13,6)([51]38,40,7)([52]9,29,7)([53]25,35,0)([54]47,4,4)([55]44,6,3)([56]13,54,4)([57]53,19,5)([58]53,0,6)([59]44,49,7)([60]21,25,6)([61]25,28,7)([62]40,6,7)([63]33,4,0)([64]12,39,5)([65]18,58,6)([66]65,54,6)([67]4,44,5)([68]44,36,4)([69]39,7,4)([70]56,67,7)([71]39,22,1)([72]52,47,2)([73]14,33,3)([74]52,25,5)([75]48,66,4)([76]71,70,5)([77]59,75,7)([78]77,76,5)([79]17,44,6)([80]62,48,7)([81]43,11,6)([82]45,3,1)([83]80,17,3)([84]83,15,0)([85]59,51,7)([86]62,14,1)(78)
optimized area: 140.09
time: 578592 ms
seed: 1634357416
NOT FOUND
time: 528471 ms
seed: 1634406314
{7,1,80,1,2,1,8}([7]6,0,7)([8]0,2,2)([9]6,8,3)([10]5,8,6)([11]7,3,7)([12]0,2,3)([13]1,6,4)([14]11,7,3)([15]14,5,5)([16]12,10,7)([17]11,9,5)([18]4,5,6)([19]17,12,0)([20]2,4,2)([21]13,19,4)([22]2,7,2)([23]6,7,6)([24]16,20,4)([25]7,24,3)([26]21,12,7)([27]5,13,5)([28]15,4,2)([29]4,8,3)([30]26,3,3)([31]22,28,3)([32]12,9,2)([33]7,16,7)([34]27,25,7)([35]1,13,3)([36]15,21,4)([37]20,1,5)([38]16,13,7)([39]0,31,4)([40]20,28,4)([41]33,24,1)([42]40,15,4)([43]25,16,7)([44]26,39,7)([45]30,18,4)([46]44,45,2)([47]25,29,2)([48]11,27,5)([49]11,4,7)([50]12,27,1)([51]1,28,5)([52]48,50,0)([53]42,9,1)([54]38,46,2)([55]39,20,0)([56]3,3,6)([57]40,14,4)([58]55,20,4)([59]54,36,4)([60]35,29,2)([61]40,29,5)([62]27,51,3)([63]37,12,3)([64]44,14,4)([65]56,62,7)([66]29,45,2)([67]27,18,3)([68]0,39,7)([69]63,11,5)([70]47,59,6)([71]37,19,7)([72]10,49,2)([73]66,62,5)([74]4,17,1)([75]71,57,2)([76]60,14,5)([77]8,12,7)([78]73,75,3)([79]17,70,4)([80]78,38,0)([81]17,10,6)([82]19,38,7)([83]3,59,1)([84]65,26,1)([85]47,83,3)([86]70,78,7)(86)
evaluations: 24196139
first invidual area: 140.09
{7,1,80,1,2,1,8}([7]0,6,7)([8]2,0,2)([9]8,6,3)([10]8,5,6)([11]7,3,7)([12]2,0,3)([13]6,1,4)([14]7,11,3)([15]5,14,5)([16]12,10,7)([17]11,9,5)([18]5,13,7)([19]10,1,3)([20]2,4,2)([21]13,17,4)([22]2,1,2)([23]17,12,7)([24]16,20,4)([25]21,12,7)([26]5,6,0)([27]2,25,6)([28]15,4,2)([29]4,8,3)([30]3,25,3)([31]22,28,3)([32]24,28,4)([33]28,26,3)([34]11,28,1)([35]24,7,3)([36]17,31,0)([37]28,22,5)([38]10,9,0)([39]36,38,3)([40]13,13,5)([41]17,31,4)([42]23,4,7)([43]39,4,3)([44]24,6,2)([45]30,33,7)([46]41,45,2)([47]35,29,2)([48]7,43,6)([49]5,0,5)([50]21,15,4)([51]31,13,5)([52]16,13,6)([53]37,35,6)([54]52,46,5)([55]27,48,0)([56]37,49,3)([57]2,32,7)([58]21,29,6)([59]50,54,7)([60]21,52,3)([61]41,30,0)([62]8,39,3)([63]20,28,7)([64]32,40,6)([65]55,61,4)([66]29,56,2)([67]63,14,7)([68]56,17,5)([69]54,43,1)([70]47,59,3)([71]37,39,7)([72]24,21,7)([73]45,66,5)([74]27,20,5)([75]71,67,2)([76]44,4,2)([77]61,17,0)([78]73,75,6)([79]40,43,1)([80]10,14,6)([81]28,33,0)([82]78,70,7)([83]41,57,4)([84]21,62,3)([85]36,16,3)([86]74,50,7)(82)
optimized area: 133.05
time: 640766 ms
seed: 1634455343
NOT FOUND
time: 534464 ms
seed: 1634515540
NOT FOUND
time: 528425 ms
seed: 1634614743
{7,1,80,1,2,1,8}([7]3,4,4)([8]1,7,3)([9]6,0,6)([10]0,2,3)([11]5,9,3)([12]6,3,2)([13]11,3,7)([14]0,8,7)([15]1,6,3)([16]8,2,2)([17]3,14,5)([18]15,4,5)([19]5,0,4)([20]9,18,6)([21]13,17,5)([22]16,18,2)([23]1,10,2)([24]5,2,2)([25]24,4,4)([26]19,21,7)([27]25,11,5)([28]13,7,6)([29]1,9,5)([30]20,15,7)([31]20,30,6)([32]20,1,5)([33]13,29,5)([34]11,12,7)([35]25,15,3)([36]22,6,4)([37]11,2,1)([38]34,2,2)([39]10,9,1)([40]31,37,3)([41]28,2,4)([42]39,21,2)([43]30,27,6)([44]40,23,3)([45]44,33,4)([46]34,5,2)([47]18,1,0)([48]19,28,7)([49]41,38,7)([50]43,42,4)([51]40,50,1)([52]36,45,4)([53]9,0,2)([54]52,26,6)([55]35,0,5)([56]41,20,1)([57]2,8,4)([58]27,14,0)([59]56,55,6)([60]57,10,6)([61]35,0,5)([62]56,29,1)([63]59,45,1)([64]9,23,0)([65]55,49,3)([66]64,28,6)([67]63,47,5)([68]65,1,5)([69]36,63,3)([70]53,26,2)([71]8,51,3)([72]29,36,0)([73]35,63,7)([74]54,50,7)([75]71,56,4)([76]16,26,6)([77]75,49,6)([78]33,49,5)([79]7,13,7)([80]68,69,2)([81]12,9,7)([82]16,11,1)([83]80,74,7)([84]3,45,3)([85]6,46,5)([86]62,15,1)(83)
evaluations: 27296934
first invidual area: 151.76
{7,1,80,1,2,1,8}([7]4,3,4)([8]7,1,3)([9]6,0,6)([10]2,0,3)([11]9,5,3)([12]6,3,5)([13]11,3,7)([14]0,8,7)([15]6,1,3)([16]2,8,2)([17]14,3,5)([18]15,4,5)([19]5,0,7)([20]9,18,3)([21]17,13,5)([22]18,16,5)([23]10,1,2)([24]5,2,5)([25]4,24,7)([26]19,21,4)([27]25,1,1)([28]7,13,6)([29]1,9,5)([30]20,15,5)([31]11,20,5)([32]30,11,5)([33]13,29,5)([34]6,6,5)([35]6,25,3)([36]6,22,7)([37]11,12,7)([38]2,37,5)([39]10,37,1)([40]3,38,0)([41]28,2,7)([42]39,21,5)([43]30,27,6)([44]32,23,3)([45]44,33,7)([46]20,26,4)([47]25,24,0)([48]27,31,0)([49]28,38,4)([50]43,42,4)([51]6,36,3)([52]36,45,7)([53]30,32,2)([54]52,26,3)([55]35,0,5)([56]35,20,5)([57]49,41,3)([58]53,22,6)([59]55,41,3)([60]54,2,6)([61]41,15,6)([62]22,54,7)([63]60,28,1)([64]44,5,0)([65]55,49,3)([66]10,32,6)([67]30,54,6)([68]35,53,2)([69]36,59,3)([70]7,19,4)([71]1,65,5)([72]64,39,2)([73]41,46,2)([74]54,50,4)([75]43,21,2)([76]43,59,1)([77]55,51,1)([78]47,48,1)([79]66,40,6)([80]69,71,5)([81]67,57,5)([82]66,45,1)([83]80,74,7)([84]83,80,2)([85]17,17,3)([86]2,59,7)(83)
optimized area: 138.64
time: 613528 ms
seed: 1635141717
{7,1,80,1,2,1,8}([7]4,2,6)([8]0,7,2)([9]6,1,4)([10]3,1,2)([11]6,1,3)([12]0,5,6)([13]1,8,3)([14]6,13,5)([15]13,4,2)([16]2,15,2)([17]5,11,0)([18]11,2,6)([19]13,0,4)([20]9,12,6)([21]8,5,6)([22]21,15,7)([23]17,17,3)([24]14,4,4)([25]2,9,6)([26]2,19,3)([27]11,18,6)([28]3,20,7)([29]16,28,3)([30]22,29,4)([31]13,7,5)([32]24,3,4)([33]30,14,5)([34]31,25,2)([35]30,20,2)([36]10,24,7)([37]0,17,4)([38]18,36,3)([39]15,19,3)([40]0,35,7)([41]8,14,3)([42]26,38,2)([43]34,33,4)([44]21,32,1)([45]33,27,7)([46]18,40,7)([47]45,27,6)([48]46,3,3)([49]21,5,6)([50]48,29,1)([51]44,18,5)([52]42,48,5)([53]48,45,6)([54]9,34,0)([55]37,43,5)([56]28,52,6)([57]7,35,1)([58]40,11,6)([59]43,30,4)([60]56,53,4)([61]55,19,7)([62]0,58,2)([63]11,56,4)([64]54,7,3)([65]25,41,0)([66]28,63,4)([67]24,0,1)([68]53,42,5)([69]61,66,7)([70]59,13,0)([71]30,60,5)([72]68,16,6)([73]41,31,6)([74]30,68,5)([75]15,0,7)([76]44,12,4)([77]19,60,3)([78]13,75,5)([79]72,71,7)([80]21,60,4)([81]69,79,3)([82]25,49,4)([83]52,18,0)([84]79,78,0)([85]25,72,1)([86]61,20,0)(81)
evaluations: 7621419
first invidual area: 153.67
{7,1,80,1,2,1,8}([7]4,2,6)([8]0,7,2)([9]6,1,4)([10]0,5,4)([11]10,8,0)([12]5,10,6)([13]1,8,3)([14]13,6,5)([15]1,4,2)([16]2,15,2)([17]4,14,7)([18]3,13,5)([19]13,0,4)([20]12,9,6)([21]5,8,6)([22]21,15,4)([23]1,6,6)([24]21,9,7)([25]2,9,6)([26]17,18,4)([27]18,1,4)([28]3,20,7)([29]16,28,6)([30]22,29,4)([31]13,7,5)([32]9,16,6)([33]14,30,5)([34]25,31,5)([35]30,20,5)([36]9,25,5)([37]6,35,6)([38]19,2,6)([39]12,5,7)([40]35,2,0)([41]33,2,6)([42]38,26,6)([43]32,7,6)([44]33,34,7)([45]0,35,7)([46]41,45,3)([47]2,3,0)([48]3,46,3)([49]46,19,2)([50]42,29,5)([51]48,9,6)([52]42,48,5)([53]50,1,7)([54]18,44,0)([55]44,10,5)([56]28,52,6)([57]42,52,5)([58]48,34,5)([59]10,34,5)([60]56,51,3)([61]19,55,7)([62]8,45,2)([63]23,28,4)([64]30,17,2)([65]56,35,0)([66]61,65,7)([67]22,53,0)([68]45,47,7)([69]63,66,7)([70]68,61,3)([71]30,60,5)([72]57,16,6)([73]44,64,5)([74]42,39,1)([75]33,3,6)([76]31,65,1)([77]34,19,0)([78]8,0,3)([79]72,71,7)([80]32,67,7)([81]69,79,3)([82]36,14,0)([83]63,28,0)([84]11,5,4)([85]26,57,3)([86]4,68,5)(81)
optimized area: 138.19
time: 925217 ms
seed: 1635190913
{7,1,80,1,2,1,8}([7]4,5,3)([8]6,1,4)([9]7,2,5)([10]8,1,3)([11]5,4,1)([12]11,1,0)([13]9,3,7)([14]1,7,2)([15]2,1,4)([16]5,5,5)([17]16,0,4)([18]3,8,4)([19]18,2,6)([20]0,14,7)([21]1,9,5)([22]13,1,1)([23]4,19,7)([24]4,20,1)([25]9,1,6)([26]6,10,3)([27]14,25,7)([28]4,6,6)([29]13,15,6)([30]17,18,6)([31]17,25,6)([32]28,23,7)([33]20,32,3)([34]33,0,4)([35]29,4,5)([36]18,30,7)([37]20,4,7)([38]34,12,0)([39]26,36,5)([40]0,5,6)([41]35,34,5)([42]5,21,6)([43]38,39,4)([44]31,21,3)([45]42,24,3)([46]43,31,3)([47]13,25,4)([48]29,27,4)([49]14,25,7)([50]6,48,4)([51]24,42,7)([52]17,3,7)([53]41,51,0)([54]37,28,7)([55]35,32,2)([56]45,20,6)([57]46,55,6)([58]27,15,1)([59]53,22,2)([60]59,22,5)([61]50,25,0)([62]21,33,4)([63]34,61,3)([64]7,61,5)([65]63,6,0)([66]5,17,7)([67]61,3,0)([68]27,21,4)([69]17,12,3)([70]16,42,6)([71]0,3,2)([72]27,57,4)([73]54,49,1)([74]70,61,4)([75]10,65,6)([76]73,27,1)([77]34,39,5)([78]35,30,4)([79]10,63,4)([80]72,35,7)([81]56,60,2)([82]2,32,6)([83]81,72,7)([84]79,11,2)([85]83,84,4)([86]73,71,3)(85)
evaluations: 33048079
first invidual area: 150.85
{7,1,80,1,2,1,8}([7]4,5,3)([8]6,5,0)([9]7,2,5)([10]5,2,1)([11]3,8,7)([12]10,9,5)([13]3,9,7)([14]6,8,4)([15]1,2,4)([16]7,1,2)([17]0,5,7)([18]1,11,7)([19]18,2,6)([20]16,0,7)([21]19,9,3)([22]1,8,3)([23]6,19,7)([24]2,17,7)([25]9,16,6)([26]20,18,5)([27]16,25,6)([28]4,6,5)([29]13,15,6)([30]17,9,1)([31]17,25,6)([32]23,28,7)([33]20,32,6)([34]33,0,7)([35]29,4,5)([36]18,30,6)([37]4,32,1)([38]20,29,0)([39]22,36,5)([40]35,23,1)([41]11,23,5)([42]41,19,2)([43]34,39,4)([44]27,12,6)([45]44,37,3)([46]43,31,3)([47]15,18,2)([48]6,27,4)([49]38,20,1)([50]29,48,4)([51]27,25,5)([52]8,5,3)([53]14,18,6)([54]13,43,1)([55]35,32,2)([56]45,20,6)([57]46,55,3)([58]8,0,6)([59]41,54,5)([60]41,18,5)([61]14,34,1)([62]53,3,2)([63]34,50,6)([64]21,42,5)([65]11,3,7)([66]32,64,0)([67]35,25,3)([68]20,56,7)([69]10,47,4)([70]39,11,0)([71]22,63,7)([72]27,57,4)([73]57,31,2)([74]33,8,7)([75]73,61,7)([76]75,47,2)([77]46,72,6)([78]25,40,5)([79]70,31,6)([80]46,14,6)([81]59,56,5)([82]44,49,3)([83]81,72,7)([84]71,10,5)([85]83,84,7)([86]2,44,7)(85)
optimized area: 137.25
time: 591803 ms
seed: 1635342978
NOT FOUND
time: 991061 ms
seed: 1635621920
{7,1,80,1,2,1,8}([7]1,0,7)([8]1,5,4)([9]5,6,4)([10]6,4,6)([11]3,9,7)([12]0,6,2)([13]11,7,2)([14]5,11,5)([15]7,10,6)([16]15,4,6)([17]13,13,1)([18]15,1,2)([19]8,4,4)([20]16,16,4)([21]16,7,7)([22]11,10,2)([23]18,0,3)([24]16,6,7)([25]2,12,7)([26]18,12,3)([27]14,25,3)([28]22,11,5)([29]7,22,3)([30]29,3,3)([31]9,13,2)([32]13,26,3)([33]30,2,2)([34]27,12,7)([35]7,4,2)([36]31,25,7)([37]2,13,6)([38]37,7,4)([39]19,17,0)([40]14,27,2)([41]25,7,6)([42]9,26,5)([43]22,36,0)([44]30,17,5)([45]42,33,4)([46]0,11,4)([47]11,24,2)([48]40,10,7)([49]47,45,6)([50]9,32,3)([51]31,33,4)([52]40,19,6)([53]5,0,1)([54]24,40,7)([55]16,38,3)([56]51,3,6)([57]25,19,4)([58]17,30,4)([59]40,22,6)([60]59,46,1)([61]27,58,7)([62]61,39,3)([63]51,61,4)([64]11,22,4)([65]24,43,2)([66]40,41,6)([67]60,49,2)([68]50,49,2)([69]26,30,5)([70]55,62,4)([71]34,36,7)([72]38,42,6)([73]5,39,6)([74]22,66,4)([75]68,70,6)([76]33,65,0)([77]40,30,7)([78]17,1,4)([79]78,74,3)([80]55,52,3)([81]22,39,0)([82]18,41,1)([83]10,13,5)([84]75,30,4)([85]28,55,3)([86]24,5,1)(84)
evaluations: 10857628
first invidual area: 115.25
{7,1,80,1,2,1,8}([7]0,1,7)([8]4,6,6)([9]6,5,4)([10]4,5,4)([11]9,3,7)([12]6,0,2)([13]7,11,2)([14]1,10,4)([15]7,8,6)([16]15,4,6)([17]15,1,2)([18]11,5,5)([19]16,6,7)([20]9,15,7)([21]16,2,3)([22]9,13,2)([23]21,15,4)([24]3,22,3)([25]17,9,0)([26]12,17,3)([27]7,3,3)([28]8,26,5)([29]0,17,6)([30]27,29,3)([31]18,4,7)([32]13,1,1)([33]11,19,2)([34]23,13,3)([35]19,16,7)([36]25,16,4)([37]25,13,4)([38]4,30,3)([39]13,26,3)([40]31,13,1)([41]2,30,5)([42]9,26,5)([43]12,2,7)([44]1,7,5)([45]42,41,7)([46]28,17,0)([47]39,38,0)([48]46,13,6)([49]33,45,6)([50]9,47,3)([51]20,39,0)([52]43,18,6)([53]52,51,6)([54]27,35,0)([55]22,6,1)([56]36,31,6)([57]11,41,2)([58]24,41,7)([59]57,1,2)([60]32,30,5)([61]60,52,4)([62]40,31,1)([63]60,15,3)([64]47,38,0)([65]12,37,0)([66]64,50,1)([67]59,45,1)([68]50,49,2)([69]14,61,3)([70]34,69,4)([71]20,45,7)([72]68,42,7)([73]71,55,6)([74]14,12,4)([75]68,70,3)([76]64,56,4)([77]45,40,0)([78]48,43,4)([79]29,42,4)([80]36,65,5)([81]27,64,4)([82]30,75,7)([83]28,43,2)([84]24,35,7)([85]49,39,5)([86]74,65,5)(82)
optimized area: 111.96
time: 1249606 ms
seed: 1635669602
NOT FOUND
time: 1060185 ms
seed: 1635717496
NOT FOUND
time: 1078655 ms
seed: 1635764704
NOT FOUND
time: 1068214 ms
seed: 1635811644
NOT FOUND
time: 1064938 ms
seed: 1635854853
{7,1,80,1,2,1,8}([7]0,4,7)([8]6,5,3)([9]4,5,3)([10]7,3,7)([11]2,0,7)([12]11,7,2)([13]3,2,2)([14]10,13,4)([15]12,6,3)([16]0,10,3)([17]0,12,3)([18]16,2,2)([19]9,11,4)([20]8,13,4)([21]4,6,5)([22]6,16,5)([23]10,4,2)([24]21,5,4)([25]10,11,4)([26]6,21,4)([27]19,15,0)([28]15,27,1)([29]28,10,4)([30]26,24,2)([31]30,19,6)([32]29,22,4)([33]6,30,2)([34]31,29,5)([35]20,32,4)([36]16,8,6)([37]13,32,6)([38]25,37,2)([39]35,5,6)([40]1,31,6)([41]29,40,6)([42]18,3,7)([43]15,8,3)([44]20,41,7)([45]39,7,7)([46]33,3,3)([47]22,6,7)([48]22,18,0)([49]46,15,5)([50]34,38,4)([51]50,29,0)([52]22,50,4)([53]42,44,3)([54]1,53,0)([55]53,54,7)([56]50,24,5)([57]22,42,4)([58]45,28,6)([59]35,27,5)([60]6,31,3)([61]3,10,7)([62]4,15,0)([63]23,20,6)([64]34,63,2)([65]58,55,6)([66]36,40,3)([67]9,60,6)([68]43,8,1)([69]32,56,2)([70]21,52,7)([71]45,29,2)([72]52,11,5)([73]23,65,4)([74]11,30,6)([75]51,11,4)([76]14,45,3)([77]27,16,2)([78]23,59,5)([79]77,76,3)([80]54,56,2)([81]55,72,6)([82]73,80,4)([83]37,59,1)([84]43,71,1)([85]55,37,7)([86]5,5,2)(82)
evaluations: 44679476
first invidual area: 137.76
{7,1,80,1,2,1,8}([7]0,4,7)([8]5,6,3)([9]0,4,4)([10]7,3,7)([11]2,0,7)([12]11,7,2)([13]2,3,2)([14]13,12,6)([15]6,12,6)([16]0,10,3)([17]2,16,7)([18]1,1,3)([19]18,10,0)([20]8,13,4)([21]4,6,5)([22]6,16,5)([23]10,4,5)([24]21,5,4)([25]22,9,1)([26]21,8,5)([27]22,13,4)([28]21,1,2)([29]15,10,4)([30]5,11,4)([31]26,30,6)([32]29,22,4)([33]16,2,5)([34]31,29,2)([35]20,32,4)([36]5,7,5)([37]13,32,6)([38]17,37,2)([39]35,5,3)([40]18,31,6)([41]29,40,6)([42]33,3,4)([43]8,23,2)([44]20,41,7)([45]7,39,4)([46]42,10,0)([47]21,10,3)([48]9,31,7)([49]14,47,6)([50]34,38,6)([51]48,36,7)([52]41,34,4)([53]42,44,6)([54]45,4,0)([55]53,1,4)([56]50,24,5)([57]33,56,6)([58]54,15,6)([59]44,54,4)([60]10,43,4)([61]50,37,6)([62]16,10,3)([63]27,9,3)([64]28,22,3)([65]58,55,3)([66]23,48,0)([67]57,43,7)([68]50,2,4)([69]38,52,5)([70]9,60,7)([71]62,19,7)([72]55,35,2)([73]23,65,7)([74]47,39,7)([75]68,4,0)([76]60,15,1)([77]67,28,2)([78]63,51,5)([79]22,76,5)([80]18,56,5)([81]34,75,6)([82]73,80,4)([83]56,7,0)([84]43,12,5)([85]51,53,0)([86]78,85,1)(82)
optimized area: 125.57
time: 1078256 ms
seed: 1635896800
NOT FOUND
time: 1062173 ms
seed: 1635932981
{7,1,80,1,2,1,8}([7]1,4,3)([8]7,5,7)([9]1,6,2)([10]6,4,0)([11]4,2,1)([12]11,2,6)([13]3,11,4)([14]0,9,6)([15]11,13,6)([16]2,0,2)([17]9,7,7)([18]16,15,3)([19]8,12,7)([20]6,9,4)([21]20,11,6)([22]18,6,7)([23]13,16,7)([24]21,8,5)([25]4,24,2)([26]1,20,6)([27]1,0,4)([28]23,11,5)([29]5,8,4)([30]23,22,6)([31]27,21,3)([32]31,23,3)([33]17,8,6)([34]26,32,4)([35]30,31,4)([36]34,33,7)([37]32,0,4)([38]28,33,0)([39]12,13,3)([40]5,2,4)([41]29,26,3)([42]0,39,4)([43]19,42,5)([44]8,12,5)([45]6,23,4)([46]25,42,5)([47]14,16,1)([48]35,39,2)([49]22,14,7)([50]17,38,6)([51]36,49,6)([52]40,37,7)([53]29,1,3)([54]41,35,7)([55]25,45,3)([56]24,16,6)([57]46,29,6)([58]16,38,4)([59]2,39,5)([60]43,51,7)([61]19,45,5)([62]52,50,6)([63]8,32,7)([64]5,8,5)([65]25,15,3)([66]32,25,6)([67]57,37,7)([68]27,44,6)([69]1,40,1)([70]54,62,6)([71]57,37,4)([72]5,3,6)([73]61,71,4)([74]70,73,5)([75]12,57,3)([76]59,59,6)([77]14,76,7)([78]8,14,7)([79]54,42,3)([80]59,57,0)([81]74,23,1)([82]4,42,6)([83]76,53,0)([84]57,24,5)([85]40,67,3)([86]74,60,4)(86)
evaluations: 26557837
first invidual area: 169.63
{7,1,80,1,2,1,8}([7]1,4,3)([8]7,5,7)([9]6,1,2)([10]2,5,4)([11]4,7,1)([12]2,11,6)([13]3,4,7)([14]7,3,1)([15]13,11,6)([16]2,0,2)([17]14,9,3)([18]15,16,3)([19]8,12,7)([20]17,6,4)([21]20,11,6)([22]6,18,7)([23]16,13,7)([24]5,21,5)([25]4,24,2)([26]6,1,6)([27]0,1,4)([28]15,23,0)([29]17,4,6)([30]23,22,6)([31]27,21,3)([32]31,23,3)([33]5,17,6)([34]26,32,4)([35]30,31,7)([36]2,5,3)([37]32,0,4)([38]27,34,1)([39]13,12,6)([40]13,33,2)([41]14,26,6)([42]0,39,7)([43]42,19,5)([44]9,0,3)([45]6,23,4)([46]33,24,0)([47]17,3,6)([48]40,34,2)([49]22,44,4)([50]34,33,7)([51]50,49,3)([52]10,37,7)([53]35,41,7)([54]29,40,6)([55]13,24,6)([56]55,13,6)([57]14,5,7)([58]25,42,5)([59]9,22,5)([60]9,21,6)([61]19,45,5)([62]52,29,6)([63]38,25,6)([64]51,43,7)([65]31,22,7)([66]29,44,4)([67]9,48,3)([68]53,62,6)([69]18,43,2)([70]59,59,1)([71]58,37,7)([72]71,39,1)([73]61,71,5)([74]68,73,5)([75]30,31,5)([76]13,15,5)([77]22,40,4)([78]65,75,5)([79]43,52,4)([80]42,6,3)([81]26,13,4)([82]13,0,4)([83]43,50,0)([84]4,2,7)([85]45,50,4)([86]74,64,7)(86)
optimized area: 156.96
time: 1238847 ms
seed: 1635969193
NOT FOUND
time: 1058962 ms
seed: 1636005099
NOT FOUND
time: 1066834 ms
seed: 1636039651
{7,1,80,1,2,1,8}([7]5,6,7)([8]7,5,3)([9]8,1,7)([10]8,2,2)([11]0,9,4)([12]6,3,4)([13]2,4,7)([14]11,12,4)([15]0,10,3)([16]13,15,4)([17]2,16,2)([18]9,17,7)([19]17,14,3)([20]0,18,1)([21]7,19,7)([22]10,18,7)([23]8,3,2)([24]23,7,2)([25]24,20,3)([26]25,22,2)([27]11,4,2)([28]23,21,6)([29]3,15,6)([30]23,10,7)([31]24,15,2)([32]1,22,4)([33]27,16,6)([34]28,26,6)([35]6,16,4)([36]26,0,1)([37]34,5,4)([38]15,28,7)([39]5,2,2)([40]19,1,0)([41]17,14,7)([42]41,35,6)([43]2,36,4)([44]27,8,0)([45]14,8,0)([46]45,16,6)([47]41,28,2)([48]10,21,5)([49]39,16,4)([50]15,9,5)([51]11,3,1)([52]5,30,5)([53]16,5,7)([54]36,15,6)([55]38,52,6)([56]1,37,4)([57]28,4,1)([58]0,57,4)([59]30,35,5)([60]59,44,2)([61]33,17,3)([62]48,3,6)([63]38,37,7)([64]32,55,3)([65]60,33,6)([66]57,42,4)([67]64,51,0)([68]19,43,5)([69]37,11,1)([70]3,40,7)([71]57,67,2)([72]47,9,2)([73]63,33,6)([74]26,73,5)([75]39,72,7)([76]71,66,5)([77]15,47,0)([78]56,34,1)([79]51,4,7)([80]69,60,4)([81]52,48,2)([82]80,76,5)([83]78,78,1)([84]80,61,4)([85]32,61,5)([86]51,53,3)(82)
evaluations: 22361210
first invidual area: 135.88
{7,1,80,1,2,1,8}([7]5,6,7)([8]7,5,3)([9]0,8,4)([10]8,2,2)([11]1,9,7)([12]11,3,4)([13]2,4,2)([14]6,12,4)([15]10,0,3)([16]15,13,4)([17]4,11,3)([18]16,2,2)([19]14,18,3)([20]10,0,6)([21]19,7,7)([22]1,13,4)([23]8,3,2)([24]7,23,2)([25]24,9,3)([26]22,25,2)([27]11,4,2)([28]21,23,6)([29]27,2,6)([30]10,23,7)([31]10,11,3)([32]19,10,1)([33]31,31,2)([34]26,28,3)([35]16,6,4)([36]20,28,4)([37]24,3,3)([38]1,4,3)([39]0,29,4)([40]5,13,0)([41]5,32,7)([42]12,4,6)([43]5,34,4)([44]35,42,6)([45]42,14,5)([46]30,35,5)([47]15,30,5)([48]13,29,1)([49]19,44,5)([50]48,8,5)([51]48,28,4)([52]48,21,6)([53]9,3,7)([54]6,2,5)([55]26,47,6)([56]54,38,2)([57]46,19,7)([58]27,46,5)([59]28,17,0)([60]12,20,7)([61]58,43,7)([62]59,60,1)([63]50,55,3)([64]47,26,7)([65]41,36,4)([66]56,34,6)([67]36,52,1)([68]45,51,0)([69]31,10,1)([70]50,63,2)([71]62,63,2)([72]26,43,3)([73]40,11,1)([74]60,30,2)([75]18,24,7)([76]49,71,5)([77]35,58,5)([78]26,2,5)([79]41,0,0)([80]11,7,5)([81]50,66,0)([82]61,76,5)([83]63,34,4)([84]63,13,0)([85]67,13,1)([86]68,77,7)(82)
optimized area: 114.29
time: 1247214 ms
seed: 1636073646
NOT FOUND
time: 1084353 ms
seed: 1636106749
{7,1,80,1,2,1,8}([7]0,2,6)([8]5,6,3)([9]4,4,1)([10]5,5,6)([11]0,6,2)([12]1,5,5)([13]1,10,2)([14]2,5,7)([15]7,3,4)([16]11,13,7)([17]7,16,4)([18]15,11,7)([19]14,4,7)([20]9,12,5)([21]17,10,7)([22]19,8,0)([23]18,21,3)([24]15,4,5)([25]4,17,5)([26]25,3,4)([27]13,20,1)([28]14,24,3)([29]0,24,6)([30]17,23,4)([31]8,1,0)([32]26,2,6)([33]26,7,0)([34]29,22,6)([35]30,28,3)([36]14,12,7)([37]13,12,6)([38]5,18,6)([39]8,11,7)([40]23,26,5)([41]7,33,0)([42]23,26,4)([43]6,16,5)([44]29,40,3)([45]44,39,2)([46]19,23,4)([47]10,23,2)([48]24,25,2)([49]19,16,2)([50]27,2,4)([51]42,43,6)([52]23,28,0)([53]20,30,4)([54]45,5,6)([55]14,10,1)([56]53,0,5)([57]51,36,5)([58]56,34,6)([59]38,58,6)([60]22,28,7)([61]38,3,5)([62]35,45,7)([63]6,42,1)([64]37,46,3)([65]60,37,5)([66]54,53,3)([67]0,1,2)([68]52,3,2)([69]14,58,3)([70]29,65,6)([71]61,61,6)([72]18,12,1)([73]62,57,7)([74]70,73,3)([75]9,10,1)([76]45,24,7)([77]16,0,5)([78]64,67,2)([79]12,66,0)([80]74,59,4)([81]8,11,6)([82]57,44,2)([83]63,30,7)([84]47,26,4)([85]80,17,7)([86]24,84,3)(85)
evaluations: 39679811
first invidual area: 147.11
{7,1,80,1,2,1,8}([7]2,0,6)([8]4,7,1)([9]7,7,1)([10]0,7,3)([11]0,6,2)([12]5,1,5)([13]1,12,5)([14]2,5,7)([15]3,7,4)([16]11,13,4)([17]7,16,4)([18]15,11,7)([19]14,4,4)([20]12,8,5)([21]17,5,4)([22]17,4,5)([23]18,21,3)([24]15,4,5)([25]10,1,2)([26]22,3,7)([27]23,25,2)([28]14,24,3)([29]0,24,3)([30]17,23,4)([31]13,3,1)([32]6,5,6)([33]12,1,0)([34]0,7,1)([35]30,28,6)([36]14,12,7)([37]12,35,4)([38]10,15,7)([39]32,11,3)([40]29,23,5)([41]5,34,4)([42]23,26,7)([43]36,16,5)([44]26,40,3)([45]44,39,5)([46]1,17,4)([47]13,25,0)([48]39,28,6)([49]30,18,6)([50]37,15,5)([51]42,43,6)([52]32,49,5)([53]20,30,4)([54]41,26,5)([55]28,52,3)([56]53,0,5)([57]51,6,5)([58]56,19,6)([59]49,58,3)([60]24,19,5)([61]21,34,0)([62]35,45,4)([63]17,0,6)([64]16,0,4)([65]60,29,5)([66]33,27,1)([67]57,31,7)([68]3,51,6)([69]22,33,1)([70]33,65,6)([71]66,11,2)([72]32,6,5)([73]62,57,5)([74]70,73,6)([75]6,16,3)([76]13,25,4)([77]53,20,2)([78]70,61,5)([79]33,47,7)([80]74,59,7)([81]72,29,2)([82]20,65,7)([83]77,54,7)([84]23,78,6)([85]80,17,4)([86]17,83,5)(85)
optimized area: 131.16
time: 1131993 ms
seed: 1636139389
{7,1,80,1,2,1,8}([7]5,6,3)([8]2,6,7)([9]8,0,2)([10]6,4,6)([11]0,2,6)([12]3,10,4)([13]0,11,3)([14]6,0,4)([15]13,4,5)([16]9,5,4)([17]9,1,7)([18]7,4,4)([19]17,12,6)([20]15,16,0)([21]5,18,5)([22]14,10,6)([23]21,2,4)([24]12,15,6)([25]17,17,5)([26]2,0,7)([27]23,12,3)([28]2,9,2)([29]11,2,1)([30]4,23,3)([31]13,16,4)([32]18,5,3)([33]12,13,4)([34]24,1,4)([35]8,12,5)([36]22,34,3)([37]13,19,6)([38]32,17,4)([39]36,32,2)([40]33,16,6)([41]38,13,1)([42]27,36,0)([43]38,40,4)([44]10,42,4)([45]29,44,2)([46]39,26,4)([47]25,19,6)([48]6,2,6)([49]21,45,3)([50]16,42,7)([51]35,37,3)([52]46,43,5)([53]27,51,5)([54]11,6,0)([55]25,31,3)([56]38,22,0)([57]40,26,7)([58]19,46,6)([59]52,53,3)([60]18,29,7)([61]35,60,6)([62]53,49,1)([63]7,46,5)([64]39,25,1)([65]59,49,2)([66]34,60,3)([67]40,58,2)([68]14,66,5)([69]29,33,5)([70]63,23,5)([71]6,6,7)([72]49,66,6)([73]66,65,4)([74]10,33,7)([75]73,67,3)([76]65,18,5)([77]21,40,6)([78]9,29,5)([79]39,18,3)([80]70,58,2)([81]5,48,7)([82]54,7,3)([83]34,17,4)([84]17,77,7)([85]63,36,5)([86]9,18,4)(75)
evaluations: 28720718
first invidual area: 139.61
{7,1,80,1,2,1,8}([7]6,5,3)([8]6,2,7)([9]0,8,2)([10]6,4,3)([11]0,2,6)([12]10,3,7)([13]11,0,3)([14]12,11,7)([15]4,13,5)([16]9,5,4)([17]1,9,3)([18]4,7,4)([19]12,13,4)([20]15,3,6)([21]18,5,5)([22]6,0,7)([23]2,21,4)([24]12,8,5)([25]19,9,5)([26]11,6,4)([27]12,23,3)([28]27,19,5)([29]0,2,4)([30]2,22,1)([31]18,11,4)([32]5,18,3)([33]27,10,7)([34]20,1,4)([35]8,28,7)([36]22,34,3)([37]28,4,2)([38]32,17,4)([39]36,32,5)([40]19,16,6)([41]27,18,6)([42]18,30,2)([43]38,40,7)([44]2,27,1)([45]33,31,2)([46]39,29,4)([47]1,8,3)([48]32,35,7)([49]21,45,3)([50]47,46,5)([51]24,6,3)([52]46,43,5)([53]27,51,5)([54]38,16,7)([55]44,10,4)([56]52,1,4)([57]51,7,3)([58]41,46,6)([59]52,53,3)([60]32,1,1)([61]8,27,5)([62]59,25,4)([63]30,42,2)([64]40,58,2)([65]49,59,5)([66]31,34,6)([67]33,28,6)([68]32,54,1)([69]56,27,6)([70]13,44,7)([71]10,41,6)([72]71,44,1)([73]66,65,4)([74]53,49,3)([75]73,64,3)([76]50,51,5)([77]9,61,5)([78]61,3,3)([79]6,55,3)([80]17,0,1)([81]31,66,6)([82]52,2,3)([83]29,76,4)([84]0,40,7)([85]25,62,5)([86]45,9,6)(75)
optimized area: 130.24
time: 1178265 ms
seed: 1636171822
NOT FOUND
time: 1047544 ms
seed: 1636202487
NOT FOUND
time: 1064162 ms
seed: 1636232477
NOT FOUND
time: 1074824 ms
