seed: 1633855511
NOT FOUND
time: 530570 ms
seed: 1633942316
{7,1,80,1,2,1,8}([7]1,4,2)([8]6,0,6)([9]8,5,7)([10]1,0,5)([11]3,2,6)([12]3,7,7)([13]2,6,7)([14]1,9,7)([15]12,14,4)([16]15,5,2)([17]2,16,4)([18]13,2,3)([19]4,6,4)([20]15,2,2)([21]3,7,3)([22]18,15,1)([23]8,9,4)([24]15,12,6)([25]11,1,3)([26]24,4,1)([27]5,19,7)([28]0,20,7)([29]20,1,7)([30]21,20,3)([31]27,17,3)([32]7,16,6)([33]30,16,7)([34]20,3,4)([35]0,31,4)([36]25,32,5)([37]35,36,7)([38]19,30,3)([39]27,14,3)([40]32,14,4)([41]29,33,1)([42]37,0,4)([43]22,24,7)([44]31,3,6)([45]21,43,0)([46]12,20,7)([47]35,30,5)([48]28,41,2)([49]41,44,4)([50]42,34,5)([51]36,4,7)([52]51,44,0)([53]7,52,4)([54]39,6,1)([55]9,4,5)([56]49,39,2)([57]9,21,4)([58]10,25,0)([59]53,51,1)([60]18,51,3)([61]56,13,2)([62]1,24,7)([63]24,28,4)([64]44,7,5)([65]28,43,7)([66]59,47,5)([67]49,5,5)([68]48,55,3)([69]22,66,3)([70]43,49,1)([71]61,46,1)([72]30,30,7)([73]58,18,1)([74]4,67,5)([75]64,14,2)([76]42,39,2)([77]76,65,7)([78]46,17,0)([79]11,13,4)([80]68,71,2)([81]8,67,2)([82]71,15,7)([83]12,7,7)([84]80,77,6)([85]8,57,6)([86]66,84,4)(86)
evaluations: 13415146
first invidual area: 156.02
{7,1,80,1,2,1,8}([7]1,4,2)([8]0,6,3)([9]5,8,4)([10]3,7,3)([11]2,10,6)([12]7,3,4)([13]2,6,7)([14]9,1,7)([15]12,14,7)([16]15,5,2)([17]13,2,6)([18]5,4,7)([19]16,2,4)([20]2,15,2)([21]7,16,6)([22]1,11,3)([23]4,9,5)([24]10,21,5)([25]3,4,3)([26]1,19,6)([27]6,18,4)([28]18,27,5)([29]9,2,6)([30]10,20,3)([31]19,27,6)([32]8,11,2)([33]23,23,1)([34]3,21,7)([35]0,31,4)([36]22,21,5)([37]35,36,4)([38]36,4,4)([39]14,27,3)([40]20,2,0)([41]17,36,7)([42]18,9,6)([43]29,11,0)([44]17,37,7)([45]40,1,4)([46]3,30,1)([47]15,41,0)([48]2,39,5)([49]45,32,3)([50]39,13,2)([51]3,47,3)([52]50,33,5)([53]38,7,3)([54]31,51,4)([55]51,21,3)([56]31,4,4)([57]12,3,0)([58]48,45,2)([59]15,31,2)([60]12,23,0)([61]49,50,5)([62]39,44,5)([63]37,30,5)([64]34,13,2)([65]43,29,4)([66]53,63,5)([67]60,61,0)([68]58,23,3)([69]61,68,2)([70]67,47,3)([71]8,32,1)([72]48,37,3)([73]37,44,6)([74]35,69,1)([75]14,47,6)([76]75,20,3)([77]62,76,4)([78]26,35,4)([79]31,48,2)([80]43,78,3)([81]0,77,1)([82]78,3,0)([83]77,69,6)([84]22,15,0)([85]24,11,7)([86]66,83,4)(86)
optimized area: 134.92
time: 703447 ms
seed: 1633970103
{7,1,80,1,2,1,8}([7]5,6,4)([8]5,2,7)([9]4,7,2)([10]0,8,4)([11]10,4,5)([12]10,6,4)([13]1,6,4)([14]3,4,4)([15]13,8,5)([16]0,12,2)([17]16,13,7)([18]7,4,3)([19]3,6,4)([20]8,0,6)([21]2,17,0)([22]9,14,6)([23]11,13,1)([24]21,16,2)([25]16,19,7)([26]10,17,4)([27]2,11,4)([28]13,15,1)([29]27,22,3)([30]20,8,1)([31]27,13,7)([32]26,23,4)([33]18,15,7)([34]7,5,0)([35]31,9,3)([36]4,33,3)([37]1,19,6)([38]32,23,5)([39]18,33,7)([40]25,20,6)([41]37,23,2)([42]33,21,3)([43]35,26,6)([44]36,25,6)([45]5,26,4)([46]23,21,2)([47]13,30,5)([48]36,3,5)([49]31,20,1)([50]31,41,6)([51]36,44,3)([52]45,43,2)([53]19,29,7)([54]31,25,6)([55]25,32,5)([56]48,42,4)([57]44,45,4)([58]34,0,1)([59]53,55,3)([60]21,7,1)([61]12,35,4)([62]9,28,7)([63]50,59,4)([64]52,19,5)([65]21,10,4)([66]46,34,7)([67]46,54,1)([68]7,17,1)([69]22,45,7)([70]61,56,3)([71]62,51,5)([72]68,41,0)([73]47,62,0)([74]54,33,5)([75]63,64,7)([76]38,52,1)([77]70,75,2)([78]66,23,2)([79]4,9,4)([80]49,77,3)([81]77,64,1)([82]43,77,4)([83]71,12,1)([84]78,5,5)([85]53,26,2)([86]8,30,4)(82)
evaluations: 19302520
first invidual area: 146.68
{7,1,80,1,2,1,8}([7]6,5,4)([8]5,0,4)([9]4,7,2)([10]8,2,7)([11]10,4,5)([12]10,6,4)([13]11,1,3)([14]4,3,4)([15]7,4,3)([16]12,0,2)([17]16,4,0)([18]6,14,0)([19]3,6,4)([20]5,8,1)([21]19,13,6)([22]14,9,6)([23]16,6,5)([24]1,0,7)([25]7,24,4)([26]1,15,4)([27]2,11,4)([28]22,27,6)([29]19,17,2)([30]16,27,0)([31]27,18,7)([32]31,1,4)([33]23,15,2)([34]1,17,4)([35]32,9,3)([36]4,33,3)([37]12,34,7)([38]5,37,7)([39]7,23,3)([40]35,7,4)([41]33,36,0)([42]33,2,6)([43]37,35,6)([44]12,37,4)([45]37,11,7)([46]32,21,6)([47]16,19,7)([48]36,3,5)([49]22,43,2)([50]10,46,7)([51]28,19,4)([52]32,38,7)([53]51,17,1)([54]17,50,7)([55]47,45,5)([56]42,48,7)([57]51,55,3)([58]26,54,5)([59]27,51,1)([60]29,0,1)([61]28,55,2)([62]10,50,5)([63]46,57,7)([64]5,49,5)([65]42,23,0)([66]0,55,1)([67]24,63,0)([68]35,12,4)([69]25,31,4)([70]12,20,0)([71]66,40,5)([72]21,20,0)([73]68,56,3)([74]0,53,1)([75]63,64,5)([76]33,0,4)([77]73,75,5)([78]32,70,6)([79]9,9,5)([80]53,24,3)([81]47,66,1)([82]43,77,7)([83]42,36,6)([84]66,28,4)([85]25,41,6)([86]3,21,4)(82)
optimized area: 134.95
time: 632282 ms
seed: 1633993010
{7,1,80,1,2,1,8}([7]5,6,7)([8]1,2,3)([9]7,0,7)([10]2,9,6)([11]10,9,7)([12]2,4,4)([13]2,1,2)([14]6,11,7)([15]11,12,7)([16]3,11,6)([17]3,14,2)([18]1,17,1)([19]0,17,4)([20]15,4,7)([21]13,8,4)([22]6,7,6)([23]21,0,7)([24]16,7,2)([25]16,23,5)([26]5,21,6)([27]14,2,4)([28]1,24,0)([29]26,10,5)([30]15,25,2)([31]6,26,4)([32]15,24,7)([33]0,5,2)([34]31,16,3)([35]14,9,1)([36]19,30,6)([37]26,6,4)([38]3,4,4)([39]27,7,5)([40]39,37,2)([41]13,16,5)([42]30,11,4)([43]18,33,4)([44]28,38,2)([45]35,43,7)([46]2,33,4)([47]22,46,4)([48]18,32,2)([49]40,42,3)([50]36,14,0)([51]11,40,4)([52]1,10,6)([53]1,16,3)([54]23,26,0)([55]39,20,4)([56]47,37,6)([57]4,46,7)([58]47,30,0)([59]36,52,3)([60]28,43,6)([61]59,60,6)([62]26,59,4)([63]18,15,7)([64]45,47,7)([65]40,16,5)([66]23,28,1)([67]29,19,5)([68]64,19,1)([69]58,65,2)([70]16,62,4)([71]61,9,3)([72]53,7,4)([73]3,56,4)([74]41,73,4)([75]49,74,3)([76]1,43,2)([77]34,71,5)([78]0,15,6)([79]75,44,3)([80]32,61,4)([81]50,20,5)([82]11,55,2)([83]60,25,7)([84]29,38,4)([85]79,80,7)([86]79,25,3)(85)
evaluations: 4710304
first invidual area: 154.64
{7,1,80,1,2,1,8}([7]6,5,7)([8]2,1,6)([9]7,0,7)([10]9,2,6)([11]10,9,6)([12]2,9,2)([13]12,1,2)([14]11,6,7)([15]4,12,7)([16]3,11,6)([17]3,14,5)([18]0,17,7)([19]2,15,4)([20]3,4,4)([21]13,8,6)([22]21,18,7)([23]22,16,5)([24]16,7,5)([25]12,24,3)([26]21,5,6)([27]10,26,2)([28]12,19,4)([29]2,14,4)([30]15,23,2)([31]5,9,5)([32]20,6,3)([33]16,4,7)([34]26,3,3)([35]2,15,0)([36]8,0,5)([37]26,6,4)([38]36,19,1)([39]7,29,5)([40]39,37,2)([41]1,33,2)([42]11,30,4)([43]26,36,6)([44]37,34,0)([45]30,18,6)([46]2,38,1)([47]2,31,7)([48]16,31,5)([49]40,42,3)([50]0,23,7)([51]10,1,6)([52]20,49,7)([53]28,52,5)([54]5,0,2)([55]16,23,7)([56]47,44,6)([57]32,39,3)([58]17,50,3)([59]45,51,3)([60]37,41,5)([61]59,43,6)([62]1,1,7)([63]38,38,1)([64]49,38,0)([65]12,27,7)([66]58,44,7)([67]30,43,4)([68]22,14,6)([69]57,10,3)([70]47,53,7)([71]8,31,7)([72]15,24,4)([73]3,13,6)([74]56,73,4)([75]49,74,3)([76]61,31,4)([77]72,61,7)([78]31,48,1)([79]75,41,6)([80]33,53,5)([81]30,53,1)([82]57,31,4)([83]21,63,5)([84]76,35,3)([85]79,77,7)([86]62,81,3)(85)
optimized area: 130.71
time: 711289 ms
seed: 1634041882
{7,1,80,1,2,1,8}([7]4,0,3)([8]5,1,7)([9]0,3,2)([10]2,7,4)([11]3,6,7)([12]11,10,2)([13]0,3,7)([14]5,0,0)([15]8,1,3)([16]8,14,4)([17]3,2,7)([18]4,12,3)([19]17,9,5)([20]4,17,7)([21]8,11,7)([22]6,12,6)([23]20,17,6)([24]16,20,2)([25]13,22,6)([26]21,9,7)([27]3,7,5)([28]21,3,3)([29]12,4,7)([30]26,12,0)([31]3,13,6)([32]27,29,6)([33]27,17,5)([34]13,17,7)([35]32,11,7)([36]19,13,2)([37]3,5,6)([38]15,24,3)([39]1,23,7)([40]0,38,2)([41]1,29,3)([42]6,39,5)([43]24,33,3)([44]43,26,7)([45]26,18,4)([46]42,35,7)([47]39,0,6)([48]5,43,7)([49]34,18,1)([50]29,47,0)([51]41,40,4)([52]36,45,6)([53]51,32,3)([54]12,53,0)([55]24,52,3)([56]46,9,7)([57]56,43,2)([58]57,38,7)([59]4,7,1)([60]58,55,6)([61]54,12,6)([62]51,29,4)([63]12,25,7)([64]44,57,1)([65]9,32,0)([66]44,42,0)([67]44,53,2)([68]64,51,1)([69]14,24,7)([70]29,15,0)([71]60,39,7)([72]16,27,2)([73]60,19,5)([74]35,69,7)([75]70,72,4)([76]2,69,6)([77]71,67,3)([78]32,60,1)([79]6,63,6)([80]10,10,6)([81]37,21,1)([82]76,12,3)([83]26,37,6)([84]13,67,5)([85]36,64,5)([86]32,71,5)(77)
evaluations: 16509608
first invidual area: 143.39
{7,1,80,1,2,1,8}([7]4,0,3)([8]1,5,7)([9]1,1,1)([10]7,2,4)([11]6,3,7)([12]10,11,2)([13]0,3,5)([14]8,1,3)([15]3,2,7)([16]13,11,7)([17]6,0,0)([18]4,14,0)([19]18,11,7)([20]15,18,7)([21]11,11,4)([22]16,18,3)([23]15,20,3)([24]9,20,2)([25]3,23,5)([26]8,16,4)([27]7,3,5)([28]10,3,7)([29]12,4,7)([30]22,26,4)([31]27,0,5)([32]27,29,6)([33]27,15,5)([34]32,30,0)([35]29,14,5)([36]25,31,2)([37]29,1,3)([38]14,20,3)([39]23,1,4)([40]0,38,5)([41]4,20,4)([42]17,39,5)([43]24,33,3)([44]43,26,7)([45]14,2,3)([46]16,34,4)([47]46,16,4)([48]43,41,5)([49]31,42,7)([50]8,19,4)([51]37,40,7)([52]36,30,6)([53]51,34,3)([54]2,35,1)([55]24,52,3)([56]42,46,7)([57]56,43,5)([58]57,38,4)([59]48,27,6)([60]58,55,6)([61]36,14,5)([62]10,53,4)([63]50,59,1)([64]14,25,4)([65]61,59,4)([66]37,34,4)([67]44,53,2)([68]20,38,2)([69]63,68,0)([70]31,43,0)([71]60,39,7)([72]59,16,6)([73]26,69,0)([74]73,17,3)([75]73,26,0)([76]28,48,4)([77]1,14,4)([78]5,61,5)([79]67,71,3)([80]41,17,3)([81]46,24,7)([82]80,2,0)([83]4,50,0)([84]37,66,0)([85]19,78,7)([86]27,81,3)(79)
optimized area: 131.18
time: 635411 ms
seed: 1634156029
NOT FOUND
time: 523996 ms
seed: 1634203366
{7,1,80,1,2,1,8}([7]6,4,2)([8]0,7,4)([9]0,1,4)([10]4,3,4)([11]10,0,7)([12]0,1,4)([13]5,8,2)([14]9,13,4)([15]5,8,4)([16]10,13,3)([17]4,0,4)([18]2,6,3)([19]14,11,7)([20]2,15,4)([21]11,20,5)([22]6,11,3)([23]20,18,6)([24]12,22,2)([25]2,10,3)([26]20,9,6)([27]18,24,4)([28]1,27,3)([29]27,8,5)([30]25,28,3)([31]9,20,2)([32]21,5,3)([33]29,7,2)([34]16,27,4)([35]34,29,0)([36]19,23,6)([37]5,33,5)([38]21,22,2)([39]21,2,6)([40]16,31,7)([41]6,12,0)([42]28,23,6)([43]24,20,4)([44]37,38,6)([45]16,1,7)([46]38,40,6)([47]6,14,4)([48]43,27,5)([49]25,1,4)([50]48,17,2)([51]48,20,1)([52]47,4,7)([53]40,3,6)([54]14,7,0)([55]46,49,4)([56]1,31,1)([57]55,27,5)([58]52,50,7)([59]48,12,2)([60]42,53,7)([61]53,57,2)([62]6,26,5)([63]42,29,3)([64]61,31,0)([65]3,40,4)([66]20,58,2)([67]57,60,2)([68]66,26,0)([69]55,2,4)([70]44,3,5)([71]66,67,3)([72]24,17,5)([73]61,52,3)([74]29,71,4)([75]52,59,4)([76]21,13,5)([77]71,44,4)([78]10,42,0)([79]73,51,2)([80]18,5,0)([81]16,68,1)([82]66,60,1)([83]55,4,5)([84]64,47,2)([85]17,80,1)([86]38,40,4)(77)
evaluations: 27921946
first invidual area: 145.26
{7,1,80,1,2,1,8}([7]4,6,2)([8]0,7,4)([9]0,1,4)([10]3,4,4)([11]0,10,7)([12]4,9,4)([13]5,8,2)([14]13,12,7)([15]2,8,7)([16]14,6,7)([17]12,14,5)([18]6,2,3)([19]5,15,4)([20]5,15,7)([21]17,20,5)([22]11,6,3)([23]18,20,6)([24]9,22,5)([25]2,10,3)([26]24,18,7)([27]18,6,3)([28]1,26,3)([29]1,25,7)([30]10,13,3)([31]9,20,5)([32]9,18,4)([33]7,15,2)([34]9,5,6)([35]11,33,5)([36]23,1,4)([37]34,9,0)([38]0,16,3)([39]35,21,6)([40]30,31,4)([41]15,35,2)([42]28,23,3)([43]22,21,2)([44]7,26,5)([45]40,12,2)([46]43,40,6)([47]7,17,7)([48]3,14,4)([49]40,3,3)([50]5,35,6)([51]46,25,4)([52]20,25,0)([53]10,16,5)([54]28,18,5)([55]46,29,7)([56]45,54,5)([57]55,26,5)([58]16,56,7)([59]3,32,5)([60]42,49,7)([61]27,58,4)([62]46,43,0)([63]52,56,7)([64]44,47,4)([65]5,12,5)([66]20,58,2)([67]57,60,2)([68]43,2,2)([69]20,60,2)([70]43,66,2)([71]66,67,3)([72]13,24,2)([73]24,27,7)([74]3,44,4)([75]20,13,6)([76]69,59,0)([77]71,39,4)([78]73,13,2)([79]16,42,2)([80]19,52,4)([81]48,37,1)([82]15,47,1)([83]65,63,5)([84]66,24,6)([85]71,0,7)([86]28,60,3)(77)
optimized area: 132.12
time: 608388 ms
seed: 1634252365
NOT FOUND
time: 530508 ms
seed: 1634300437
{7,1,80,1,2,1,8}([7]2,6,4)([8]0,7,3)([9]4,6,7)([10]9,7,5)([11]5,10,2)([12]10,4,5)([13]3,12,2)([14]10,7,1)([15]2,13,7)([16]4,5,2)([17]1,6,1)([18]0,3,6)([19]12,8,7)([20]3,5,4)([21]14,2,6)([22]20,11,4)([23]10,6,7)([24]17,15,2)([25]9,20,5)([26]0,24,4)([27]12,11,6)([28]1,21,2)([29]17,16,2)([30]28,14,0)([31]11,7,4)([32]24,29,6)([33]1,31,4)([34]25,21,6)([35]33,13,2)([36]17,10,2)([37]35,31,3)([38]26,12,4)([39]3,0,3)([40]6,17,6)([41]22,39,3)([42]9,4,1)([43]17,22,3)([44]40,20,5)([45]25,39,2)([46]21,12,6)([47]38,25,5)([48]0,43,3)([49]45,24,5)([50]18,22,3)([51]38,49,7)([52]28,51,0)([53]35,28,6)([54]43,44,5)([55]11,2,5)([56]53,36,4)([57]2,13,3)([58]37,47,6)([59]30,32,1)([60]49,45,6)([61]25,46,2)([62]53,39,6)([63]51,57,7)([64]63,54,6)([65]38,4,7)([66]11,5,1)([67]64,53,2)([68]43,55,0)([69]10,56,4)([70]35,27,0)([71]65,66,5)([72]21,12,3)([73]50,37,2)([74]73,1,4)([75]61,71,3)([76]39,73,6)([77]37,72,1)([78]5,11,7)([79]75,74,5)([80]66,43,4)([81]36,53,1)([82]68,22,6)([83]67,79,4)([84]79,17,2)([85]83,42,1)([86]36,26,0)(83)
evaluations: 27660759
first invidual area: 133.96
{7,1,80,1,2,1,8}([7]6,2,4)([8]5,7,0)([9]6,4,7)([10]9,7,5)([11]8,10,2)([12]4,10,5)([13]12,3,2)([14]7,12,5)([15]2,13,3)([16]13,2,7)([17]1,7,1)([18]3,0,6)([19]17,15,0)([20]3,11,4)([21]17,2,6)([22]20,8,4)([23]22,17,3)([24]16,17,2)([25]9,20,5)([26]22,8,6)([27]19,22,0)([28]10,21,2)([29]27,6,6)([30]3,22,0)([31]7,11,4)([32]18,13,1)([33]31,17,7)([34]0,32,6)([35]13,33,2)([36]21,12,6)([37]31,35,3)([38]32,25,5)([39]29,3,3)([40]8,22,5)([41]0,12,4)([42]32,23,6)([43]3,36,6)([44]23,41,0)([45]38,35,2)([46]29,31,5)([47]46,44,5)([48]38,24,5)([49]24,36,3)([50]18,22,3)([51]41,48,7)([52]50,36,4)([53]35,28,6)([54]0,18,0)([55]9,52,2)([56]47,4,2)([57]5,28,4)([58]4,51,7)([59]11,1,1)([60]15,51,7)([61]25,36,2)([62]47,60,6)([63]12,32,1)([64]0,36,4)([65]64,15,4)([66]51,35,6)([67]15,23,7)([68]26,38,1)([69]53,62,5)([70]38,18,4)([71]58,59,5)([72]55,35,5)([73]50,37,5)([74]27,73,4)([75]61,71,3)([76]32,47,7)([77]2,58,3)([78]29,22,7)([79]75,74,5)([80]16,23,4)([81]43,2,7)([82]12,28,0)([83]69,79,7)([84]7,83,5)([85]29,75,2)([86]62,34,2)(83)
optimized area: 125.52
time: 624988 ms
seed: 1634341014
NOT FOUND
time: 526533 ms
seed: 1634389905
{7,1,80,1,2,1,8}([7]5,6,4)([8]1,0,7)([9]3,1,7)([10]1,6,6)([11]7,8,4)([12]2,11,4)([13]0,4,4)([14]1,12,4)([15]3,13,6)([16]15,5,7)([17]15,10,5)([18]12,1,6)([19]15,10,7)([20]5,16,3)([21]15,10,3)([22]17,11,3)([23]3,11,6)([24]23,14,3)([25]18,16,3)([26]14,21,6)([27]1,15,4)([28]12,26,6)([29]27,23,2)([30]9,19,6)([31]2,27,2)([32]18,27,4)([33]19,25,5)([34]12,1,3)([35]20,30,2)([36]4,24,7)([37]10,30,6)([38]29,31,6)([39]3,10,5)([40]24,33,7)([41]3,36,5)([42]25,11,0)([43]37,11,3)([44]22,24,5)([45]42,43,2)([46]28,23,1)([47]23,41,7)([48]6,3,1)([49]4,28,6)([50]31,28,3)([51]32,40,4)([52]29,2,6)([53]50,0,6)([54]45,53,6)([55]32,51,5)([56]11,14,5)([57]49,16,1)([58]16,49,2)([59]30,58,2)([60]0,42,0)([61]31,11,3)([62]41,27,0)([63]33,1,6)([64]11,14,7)([65]54,36,6)([66]38,55,5)([67]47,61,5)([68]51,66,3)([69]1,45,0)([70]61,20,2)([71]66,36,1)([72]13,46,6)([73]29,8,7)([74]67,68,2)([75]74,63,6)([76]47,10,1)([77]63,69,2)([78]6,53,1)([79]34,55,5)([80]67,25,1)([81]61,74,0)([82]51,53,0)([83]75,65,3)([84]50,80,6)([85]65,81,7)([86]30,23,2)(83)
evaluations: 27377815
first invidual area: 140.54
{7,1,80,1,2,1,8}([7]0,5,4)([8]6,1,4)([9]4,0,4)([10]8,6,6)([11]8,7,7)([12]2,11,4)([13]1,12,4)([14]12,3,5)([15]9,3,6)([16]15,5,7)([17]0,4,5)([18]13,1,6)([19]11,8,0)([20]2,11,1)([21]20,17,0)([22]15,10,7)([23]11,3,6)([24]23,13,3)([25]16,18,3)([26]18,19,7)([27]1,15,4)([28]3,13,7)([29]23,27,2)([30]10,12,0)([31]2,27,2)([32]27,18,6)([33]22,25,5)([34]24,6,3)([35]23,31,3)([36]4,24,7)([37]30,32,6)([38]29,31,3)([39]2,30,3)([40]32,33,7)([41]36,3,2)([42]23,41,3)([43]37,19,3)([44]8,40,5)([45]8,28,1)([46]31,19,3)([47]1,33,6)([48]43,25,2)([49]12,17,1)([50]31,49,3)([51]2,48,0)([52]3,50,7)([53]0,50,6)([54]48,53,6)([55]9,2,2)([56]6,17,3)([57]27,37,4)([58]45,9,3)([59]47,9,1)([60]31,39,2)([61]40,53,5)([62]40,24,7)([63]18,0,2)([64]35,59,2)([65]38,49,5)([66]34,49,0)([67]42,46,5)([68]62,38,3)([69]8,24,5)([70]59,13,1)([71]33,61,5)([72]1,64,0)([73]34,22,5)([74]67,68,2)([75]74,47,6)([76]54,36,6)([77]72,69,3)([78]70,52,0)([79]14,62,3)([80]4,37,5)([81]8,19,2)([82]75,34,7)([83]75,76,3)([84]7,24,0)([85]11,60,4)([86]4,46,5)(83)
optimized area: 119.92
time: 619263 ms
seed: 1634438932
{7,1,80,1,2,1,8}([7]4,2,2)([8]3,1,7)([9]6,2,7)([10]3,0,3)([11]4,9,4)([12]7,1,1)([13]0,7,3)([14]2,4,0)([15]14,3,7)([16]8,10,2)([17]6,16,6)([18]5,15,5)([19]1,13,3)([20]4,14,0)([21]3,16,7)([22]8,11,3)([23]11,3,6)([24]11,2,3)([25]16,24,2)([26]8,23,4)([27]18,17,7)([28]5,11,7)([29]11,19,7)([30]23,5,6)([31]13,16,3)([32]9,25,6)([33]19,26,4)([34]12,12,7)([35]16,15,5)([36]30,0,7)([37]24,13,4)([38]32,25,1)([39]26,38,1)([40]36,9,3)([41]37,18,4)([42]24,30,2)([43]31,16,4)([44]28,0,3)([45]4,4,4)([46]24,8,4)([47]24,36,4)([48]16,35,7)([49]7,16,4)([50]43,29,3)([51]48,17,2)([52]26,3,3)([53]32,50,7)([54]38,33,1)([55]21,4,7)([56]25,30,7)([57]33,27,3)([58]16,52,2)([59]8,25,7)([60]41,55,5)([61]18,43,1)([62]35,44,5)([63]47,53,4)([64]28,36,3)([65]60,62,3)([66]11,54,7)([67]56,66,2)([68]56,61,1)([69]46,32,3)([70]60,6,3)([71]67,68,4)([72]30,44,4)([73]55,32,3)([74]57,63,5)([75]22,39,2)([76]57,29,2)([77]69,54,7)([78]61,21,1)([79]64,6,6)([80]13,26,2)([81]5,33,7)([82]27,61,0)([83]52,47,6)([84]74,65,2)([85]26,83,2)([86]49,42,1)(84)
evaluations: 8061207
first invidual area: 133.55
{7,1,80,1,2,1,8}([7]0,1,3)([8]1,3,7)([9]2,6,7)([10]7,8,2)([11]9,4,4)([12]2,4,2)([13]12,0,6)([14]6,7,3)([15]3,2,7)([16]13,10,6)([17]11,7,7)([18]5,15,5)([19]5,10,0)([20]12,7,3)([21]3,4,4)([22]10,15,5)([23]3,11,6)([24]11,2,3)([25]23,5,6)([26]15,10,5)([27]20,23,4)([28]26,23,6)([29]27,8,4)([30]19,11,7)([31]30,27,2)([32]14,18,4)([33]7,15,7)([34]9,28,3)([35]2,32,7)([36]6,32,7)([37]24,13,4)([38]27,32,4)([39]37,18,7)([40]0,24,7)([41]29,32,3)([42]35,40,0)([43]17,16,3)([44]43,28,7)([45]25,23,1)([46]35,38,0)([47]25,43,7)([48]36,21,6)([49]35,29,3)([50]6,7,5)([51]49,23,0)([52]34,13,5)([53]34,47,4)([54]34,11,7)([55]20,16,3)([56]21,10,4)([57]30,0,3)([58]0,23,6)([59]10,49,5)([60]57,56,5)([61]46,39,5)([62]26,39,5)([63]40,53,7)([64]45,5,1)([65]60,62,3)([66]40,57,2)([67]17,30,5)([68]31,22,0)([69]51,5,7)([70]46,48,0)([71]54,19,6)([72]22,67,2)([73]4,68,5)([74]41,63,5)([75]0,1,1)([76]29,29,4)([77]20,18,0)([78]9,37,5)([79]24,6,1)([80]18,50,3)([81]55,35,3)([82]67,56,6)([83]65,74,2)([84]14,17,4)([85]72,1,4)([86]38,10,0)(83)
optimized area: 128.86
time: 635655 ms
seed: 1634499183
NOT FOUND
time: 529652 ms
seed: 1634598384
{7,1,80,1,2,1,8}([7]2,4,4)([8]0,7,6)([9]3,7,6)([10]5,3,6)([11]9,1,4)([12]4,3,2)([13]7,3,4)([14]1,2,1)([15]8,14,6)([16]5,13,7)([17]9,1,6)([18]5,12,6)([19]0,2,7)([20]15,19,0)([21]13,4,3)([22]10,12,6)([23]13,3,2)([24]8,6,4)([25]6,24,3)([26]16,19,0)([27]5,14,4)([28]16,19,3)([29]19,21,0)([30]17,21,4)([31]29,9,4)([32]25,22,4)([33]13,17,3)([34]30,27,0)([35]7,27,5)([36]30,10,5)([37]36,18,2)([38]15,11,5)([39]28,37,3)([40]16,5,3)([41]38,19,5)([42]37,11,4)([43]32,38,6)([44]5,4,5)([45]23,13,0)([46]6,31,3)([47]40,0,4)([48]0,22,1)([49]29,42,2)([50]15,26,3)([51]24,35,2)([52]43,37,3)([53]24,35,5)([54]45,9,7)([55]50,8,6)([56]55,47,3)([57]18,40,2)([58]23,56,3)([59]39,24,2)([60]36,14,7)([61]4,19,4)([62]50,46,3)([63]57,30,1)([64]26,53,7)([65]7,50,3)([66]49,52,4)([67]9,32,6)([68]0,57,5)([69]64,46,2)([70]69,34,4)([71]70,39,5)([72]70,65,0)([73]66,62,7)([74]37,65,2)([75]12,46,1)([76]55,44,6)([77]36,56,2)([78]8,10,2)([79]70,58,2)([80]47,67,7)([81]22,39,6)([82]53,65,5)([83]81,24,0)([84]39,61,0)([85]68,50,5)([86]73,79,3)(86)
evaluations: 17005905
first invidual area: 142.42
{7,1,80,1,2,1,8}([7]2,4,4)([8]7,0,6)([9]7,3,6)([10]3,4,2)([11]9,1,4)([12]3,1,1)([13]7,3,4)([14]1,8,1)([15]8,14,6)([16]13,5,7)([17]11,4,0)([18]5,10,6)([19]2,0,7)([20]1,9,6)([21]12,14,1)([22]13,4,3)([23]10,18,6)([24]8,6,4)([25]5,14,4)([26]14,20,2)([27]8,3,2)([28]11,15,5)([29]26,25,3)([30]20,22,4)([31]9,19,4)([32]23,24,4)([33]17,14,3)([34]7,25,5)([35]14,3,3)([36]30,12,5)([37]18,36,2)([38]26,27,2)([39]21,0,2)([40]5,27,0)([41]32,9,7)([42]11,37,4)([43]32,28,6)([44]10,3,1)([45]24,34,5)([46]6,31,3)([47]39,18,3)([48]43,0,7)([49]19,42,5)([50]15,16,3)([51]50,22,1)([52]43,37,3)([53]33,33,4)([54]37,42,5)([55]24,12,6)([56]51,48,3)([57]47,27,1)([58]56,55,3)([59]40,12,2)([60]33,28,3)([61]59,8,1)([62]14,60,0)([63]46,50,3)([64]45,16,7)([65]50,39,6)([66]52,49,4)([67]61,64,2)([68]8,0,2)([69]64,46,5)([70]69,30,7)([71]27,56,5)([72]68,20,1)([73]66,63,4)([74]62,51,1)([75]60,71,5)([76]13,6,1)([77]63,0,7)([78]56,70,3)([79]70,58,2)([80]20,24,2)([81]72,31,0)([82]79,40,6)([83]70,66,7)([84]66,35,4)([85]72,50,2)([86]79,73,3)(86)
optimized area: 134.92
time: 642722 ms
seed: 1634647147
{7,1,80,1,2,1,8}([7]2,3,6)([8]2,4,7)([9]0,1,5)([10]8,9,4)([11]10,6,3)([12]6,10,4)([13]4,9,2)([14]1,7,7)([15]6,9,7)([16]15,0,7)([17]8,3,5)([18]12,6,5)([19]10,2,5)([20]13,16,3)([21]3,0,3)([22]20,5,2)([23]3,13,2)([24]14,12,0)([25]19,22,3)([26]5,0,4)([27]26,1,2)([28]2,16,0)([29]18,19,4)([30]14,5,4)([31]17,4,2)([32]25,31,3)([33]30,8,4)([34]21,3,6)([35]26,10,6)([36]16,23,4)([37]14,21,6)([38]2,36,3)([39]38,30,6)([40]26,32,4)([41]10,40,6)([42]36,35,6)([43]39,26,3)([44]27,29,7)([45]12,26,2)([46]16,24,0)([47]37,40,6)([48]44,35,2)([49]31,11,5)([50]42,0,6)([51]39,7,6)([52]49,12,0)([53]44,47,4)([54]14,46,0)([55]52,2,3)([56]26,50,7)([57]22,23,4)([58]35,12,3)([59]34,9,6)([60]51,45,6)([61]15,3,3)([62]52,7,2)([63]61,44,3)([64]60,19,3)([65]7,25,7)([66]11,2,5)([67]63,53,5)([68]52,56,4)([69]60,67,7)([70]38,25,2)([71]34,61,7)([72]37,26,4)([73]14,31,7)([74]68,73,2)([75]42,7,7)([76]21,33,6)([77]30,73,2)([78]73,50,3)([79]25,1,3)([80]48,6,7)([81]69,52,2)([82]69,74,3)([83]56,18,0)([84]46,16,0)([85]83,4,3)([86]79,74,3)(82)
evaluations: 12022826
first invidual area: 149.45
{7,1,80,1,2,1,8}([7]3,2,6)([8]4,2,4)([9]1,0,5)([10]8,9,7)([11]2,6,0)([12]6,10,4)([13]3,0,3)([14]7,1,7)([15]9,6,7)([16]0,15,7)([17]2,3,5)([18]12,6,5)([19]2,10,5)([20]16,5,2)([21]18,19,5)([22]0,5,0)([23]21,11,2)([24]6,0,0)([25]15,22,3)([26]5,22,4)([27]12,2,2)([28]10,13,5)([29]1,27,5)([30]20,19,3)([31]4,17,2)([32]30,31,6)([33]4,24,3)([34]14,5,4)([35]1,26,5)([36]28,16,7)([37]6,12,3)([38]36,11,3)([39]34,38,6)([40]26,32,7)([41]26,23,4)([42]36,27,6)([43]13,14,6)([44]35,21,4)([45]21,39,0)([46]31,37,5)([47]43,40,3)([48]43,43,3)([49]23,25,6)([50]0,42,6)([51]39,7,6)([52]45,35,0)([53]44,47,7)([54]34,52,3)([55]26,12,2)([56]26,50,4)([57]47,48,3)([58]11,18,5)([59]48,50,0)([60]51,55,3)([61]3,44,3)([62]54,28,5)([63]15,61,3)([64]31,14,7)([65]30,58,5)([66]53,13,7)([67]63,53,5)([68]46,56,7)([69]67,60,4)([70]59,15,3)([71]57,21,7)([72]43,31,3)([73]46,36,7)([74]68,64,2)([75]62,38,6)([76]73,74,7)([77]11,21,6)([78]74,69,3)([79]22,71,7)([80]42,1,2)([81]73,44,5)([82]81,65,3)([83]30,23,3)([84]71,63,6)([85]64,11,7)([86]32,74,4)(78)
optimized area: 141.01
time: 686870 ms
seed: 1634697331
{7,1,80,1,2,1,8}([7]4,1,6)([8]5,6,7)([9]2,7,7)([10]1,4,7)([11]5,1,6)([12]9,4,6)([13]9,8,5)([14]12,6,7)([15]5,4,2)([16]15,3,6)([17]11,11,0)([18]10,0,7)([19]10,11,6)([20]14,11,4)([21]0,20,5)([22]2,6,6)([23]21,9,4)([24]1,16,7)([25]20,22,7)([26]12,5,2)([27]25,3,2)([28]1,0,4)([29]10,5,4)([30]19,20,6)([31]13,17,7)([32]4,16,5)([33]28,5,7)([34]28,14,3)([35]31,29,3)([36]32,33,1)([37]8,23,7)([38]32,34,3)([39]37,38,2)([40]35,2,7)([41]2,19,5)([42]4,27,2)([43]33,28,1)([44]15,26,7)([45]14,6,5)([46]40,24,6)([47]39,42,7)([48]14,10,0)([49]19,48,4)([50]40,13,6)([51]43,46,5)([52]51,47,4)([53]45,41,5)([54]50,18,1)([55]9,31,4)([56]50,9,1)([57]23,22,2)([58]56,30,1)([59]33,3,2)([60]59,53,4)([61]25,44,5)([62]17,2,3)([63]4,19,0)([64]53,13,4)([65]20,11,5)([66]2,17,7)([67]46,4,0)([68]56,54,5)([69]46,67,0)([70]54,41,4)([71]0,58,4)([72]47,62,1)([73]66,51,5)([74]65,50,7)([75]15,2,2)([76]22,27,5)([77]39,25,3)([78]60,49,2)([79]27,10,7)([80]69,65,3)([81]65,29,6)([82]52,78,3)([83]1,18,6)([84]44,55,3)([85]4,19,0)([86]54,31,3)(82)
evaluations: 36189839
first invidual area: 138.69
{7,1,80,1,2,1,8}([7]1,4,3)([8]6,5,7)([9]7,2,4)([10]4,1,7)([11]5,1,6)([12]9,4,6)([13]9,8,5)([14]12,6,7)([15]5,4,2)([16]15,3,6)([17]7,12,5)([18]14,9,5)([19]10,11,6)([20]14,11,4)([21]0,20,5)([22]6,13,5)([23]21,9,7)([24]16,1,7)([25]18,20,4)([26]7,4,3)([27]25,3,2)([28]1,0,4)([29]10,5,4)([30]5,8,7)([31]11,13,7)([32]7,16,5)([33]5,28,7)([34]28,32,3)([35]31,29,6)([36]19,20,2)([37]8,23,4)([38]14,34,3)([39]37,38,5)([40]35,2,7)([41]32,12,0)([42]27,4,5)([43]42,0,4)([44]7,15,5)([45]33,24,6)([46]42,7,2)([47]39,42,4)([48]12,37,1)([49]19,14,4)([50]3,2,4)([51]45,40,5)([52]51,47,7)([53]48,22,5)([54]21,48,4)([55]18,54,3)([56]24,49,5)([57]51,15,7)([58]4,38,6)([59]33,3,5)([60]59,53,7)([61]51,7,6)([62]54,19,3)([63]46,61,2)([64]58,41,7)([65]37,35,0)([66]31,16,4)([67]0,35,1)([68]42,0,1)([69]42,10,5)([70]43,48,1)([71]52,50,4)([72]3,46,1)([73]16,16,4)([74]51,54,5)([75]44,6,6)([76]63,67,1)([77]25,0,1)([78]60,49,2)([79]41,23,7)([80]56,65,3)([81]77,42,1)([82]52,78,3)([83]24,53,0)([84]16,16,3)([85]84,33,5)([86]50,65,5)(82)
optimized area: 134.94
time: 971437 ms
seed: 1634774839
NOT FOUND
time: 987145 ms
seed: 1634840082
NOT FOUND
time: 981736 ms
seed: 1635094749
NOT FOUND
time: 977111 ms
seed: 1635125279
{7,1,80,1,2,1,8}([7]4,2,5)([8]6,0,6)([9]1,6,4)([10]8,7,7)([11]2,1,6)([12]4,11,2)([13]5,1,7)([14]13,11,4)([15]0,4,6)([16]5,10,3)([17]2,3,7)([18]6,2,7)([19]11,3,5)([20]9,17,5)([21]17,16,4)([22]0,11,1)([23]20,22,7)([24]0,4,2)([25]6,2,3)([26]23,13,5)([27]3,14,6)([28]4,21,3)([29]12,21,7)([30]26,21,7)([31]30,18,5)([32]3,5,5)([33]27,29,5)([34]5,33,4)([35]23,13,6)([36]14,31,5)([37]15,32,4)([38]29,20,2)([39]19,4,4)([40]25,37,5)([41]35,8,6)([42]32,25,6)([43]12,28,0)([44]7,1,1)([45]17,38,5)([46]39,20,3)([47]26,25,2)([48]36,33,7)([49]39,42,4)([50]19,40,7)([51]30,42,2)([52]19,44,5)([53]11,30,3)([54]8,25,6)([55]47,49,3)([56]45,24,7)([57]15,1,2)([58]55,7,2)([59]48,58,2)([60]19,18,7)([61]1,6,1)([62]41,50,6)([63]62,59,3)([64]2,43,5)([65]50,48,4)([66]56,63,4)([67]22,14,2)([68]10,42,1)([69]51,19,4)([70]69,62,3)([71]62,61,1)([72]15,63,1)([73]68,51,0)([74]5,66,4)([75]47,56,7)([76]37,65,6)([77]28,56,2)([78]67,73,4)([79]13,3,5)([80]8,45,4)([81]43,25,7)([82]72,32,0)([83]8,52,5)([84]59,59,6)([85]77,45,0)([86]75,41,2)(74)
evaluations: 32027250
first invidual area: 146.64
{7,1,80,1,2,1,8}([7]4,1,0)([8]6,0,6)([9]2,4,5)([10]9,8,7)([11]1,2,6)([12]1,6,4)([13]5,1,7)([14]13,11,4)([15]0,4,6)([16]10,5,6)([17]2,3,7)([18]6,2,7)([19]3,11,5)([20]12,17,5)([21]16,17,7)([22]4,11,5)([23]20,0,4)([24]0,7,5)([25]6,2,3)([26]23,13,5)([27]14,3,6)([28]19,12,0)([29]22,21,4)([30]26,21,7)([31]30,18,5)([32]3,5,5)([33]29,27,5)([34]21,20,6)([35]23,13,6)([36]14,31,5)([37]32,15,4)([38]29,20,2)([39]38,8,7)([40]25,37,5)([41]8,35,6)([42]29,32,6)([43]36,16,3)([44]2,40,6)([45]17,38,5)([46]19,4,4)([47]19,28,4)([48]36,33,2)([49]46,42,4)([50]49,9,4)([51]20,34,6)([52]47,38,1)([53]38,25,3)([54]40,19,2)([55]44,49,3)([56]24,5,4)([57]24,3,0)([58]46,28,0)([59]30,58,6)([60]7,58,4)([61]55,48,2)([62]41,54,6)([63]62,61,6)([64]61,27,0)([65]53,21,4)([66]56,63,4)([67]23,60,3)([68]22,8,2)([69]39,48,4)([70]13,31,2)([71]2,68,6)([72]42,59,0)([73]14,42,6)([74]45,66,7)([75]43,58,3)([76]67,33,3)([77]41,9,0)([78]15,61,1)([79]7,70,7)([80]59,17,1)([81]26,68,3)([82]2,79,0)([83]17,79,4)([84]3,0,4)([85]64,68,6)([86]20,50,7)(74)
optimized area: 137.26
time: 591681 ms
seed: 1635174195
{7,1,80,1,2,1,8}([7]4,1,4)([8]1,4,1)([9]0,6,4)([10]9,5,4)([11]9,2,7)([12]4,9,6)([13]5,4,6)([14]10,12,3)([15]7,14,4)([16]14,2,5)([17]15,16,7)([18]16,9,5)([19]6,0,2)([20]10,1,6)([21]12,17,7)([22]7,5,5)([23]3,9,6)([24]17,0,7)([25]5,12,5)([26]17,10,5)([27]26,13,4)([28]21,23,7)([29]12,25,4)([30]23,18,5)([31]8,29,4)([32]19,11,5)([33]3,28,7)([34]3,27,4)([35]11,10,7)([36]31,28,2)([37]33,5,3)([38]27,13,3)([39]34,32,4)([40]20,13,4)([41]33,40,5)([42]2,18,7)([43]34,8,1)([44]41,38,4)([45]1,24,3)([46]2,39,6)([47]42,36,4)([48]10,42,3)([49]46,21,6)([50]14,9,2)([51]0,33,6)([52]25,23,3)([53]2,15,2)([54]26,49,4)([55]24,3,6)([56]47,15,3)([57]22,1,0)([58]16,12,2)([59]14,56,3)([60]44,3,4)([61]33,27,7)([62]12,54,4)([63]12,24,4)([64]45,60,5)([65]0,41,0)([66]22,2,2)([67]18,60,5)([68]56,55,3)([69]64,68,7)([70]56,23,7)([71]42,36,1)([72]46,29,7)([73]29,61,7)([74]25,68,5)([75]11,16,4)([76]14,34,2)([77]49,26,2)([78]38,49,3)([79]2,73,3)([80]55,33,2)([81]38,0,4)([82]11,62,0)([83]31,7,2)([84]36,81,3)([85]62,69,5)([86]23,66,7)(85)
evaluations: 19295787
first invidual area: 156.99
{7,1,80,1,2,1,8}([7]1,4,4)([8]6,0,5)([9]0,6,4)([10]5,9,4)([11]1,7,6)([12]9,4,6)([13]4,5,6)([14]12,10,3)([15]14,7,4)([16]2,14,5)([17]15,16,7)([18]1,10,6)([19]3,9,3)([20]19,2,0)([21]17,12,7)([22]9,16,5)([23]3,17,7)([24]0,17,7)([25]20,5,4)([26]10,17,5)([27]12,15,1)([28]21,19,4)([29]13,18,4)([30]22,2,7)([31]10,5,0)([32]8,8,1)([33]3,16,0)([34]32,3,5)([35]23,8,4)([36]29,20,2)([37]28,1,5)([38]26,13,3)([39]38,35,4)([40]29,23,5)([41]26,23,3)([42]7,31,0)([43]27,27,2)([44]38,25,5)([45]33,1,7)([46]39,21,3)([47]30,37,7)([48]1,24,3)([49]46,2,3)([50]49,47,1)([51]49,17,5)([52]25,3,4)([53]20,14,3)([54]9,25,7)([55]30,21,3)([56]47,15,3)([57]40,38,5)([58]20,16,0)([59]24,3,6)([60]57,33,4)([61]26,51,7)([62]57,28,0)([63]12,33,6)([64]48,60,5)([65]31,42,3)([66]38,57,6)([67]5,61,2)([68]59,56,3)([69]34,49,7)([70]34,10,2)([71]19,70,3)([72]54,57,6)([73]64,68,7)([74]34,68,5)([75]60,49,1)([76]55,2,3)([77]61,73,5)([78]32,67,4)([79]12,59,4)([80]20,60,5)([81]48,52,7)([82]52,41,2)([83]37,65,2)([84]61,2,5)([85]13,68,0)([86]30,14,7)(77)
optimized area: 126.51
time: 671634 ms
seed: 1635292998
NOT FOUND
time: 1006263 ms
seed: 1635450647
{7,1,80,1,2,1,8}([7]0,5,4)([8]5,6,4)([9]0,6,2)([10]2,3,5)([11]9,7,1)([12]7,3,5)([13]2,4,7)([14]7,2,7)([15]9,1,6)([16]8,10,2)([17]15,1,6)([18]16,17,3)([19]3,15,7)([20]8,13,7)([21]19,3,6)([22]19,2,0)([23]4,1,5)([24]17,10,2)([25]18,19,7)([26]0,23,7)([27]21,14,2)([28]20,15,7)([29]25,11,3)([30]23,27,7)([31]20,24,1)([32]22,5,3)([33]31,25,4)([34]0,5,2)([35]23,13,5)([36]12,30,4)([37]1,31,5)([38]24,13,3)([39]38,17,2)([40]2,1,2)([41]28,34,6)([42]26,27,4)([43]2,7,2)([44]22,5,3)([45]35,24,3)([46]38,42,4)([47]45,10,5)([48]35,4,1)([49]21,29,4)([50]36,47,3)([51]41,50,2)([52]50,30,0)([53]49,31,2)([54]53,43,7)([55]54,46,7)([56]34,14,6)([57]17,55,3)([58]10,37,2)([59]52,45,0)([60]12,34,6)([61]33,46,6)([62]8,59,4)([63]29,19,4)([64]15,10,7)([65]40,47,5)([66]61,54,2)([67]62,9,0)([68]66,51,6)([69]4,2,5)([70]24,21,6)([71]9,30,5)([72]26,63,3)([73]72,12,2)([74]40,59,7)([75]7,51,0)([76]19,16,3)([77]19,67,6)([78]70,69,5)([79]56,32,1)([80]62,44,1)([81]79,46,5)([82]73,3,6)([83]72,53,5)([84]3,79,4)([85]83,68,4)([86]17,66,1)(85)
evaluations: 20888871
first invidual area: 147.58
{7,1,80,1,2,1,8}([7]5,0,4)([8]5,6,4)([9]6,0,2)([10]3,2,5)([11]3,7,5)([12]3,1,6)([13]2,4,7)([14]13,12,3)([15]1,9,6)([16]8,10,2)([17]1,15,6)([18]16,17,3)([19]15,3,7)([20]8,13,7)([21]19,1,6)([22]9,3,0)([23]4,1,5)([24]2,7,7)([25]18,19,7)([26]0,23,7)([27]21,24,2)([28]15,20,7)([29]7,16,5)([30]23,27,7)([31]19,5,1)([32]29,15,1)([33]7,24,5)([34]5,0,2)([35]23,13,5)([36]10,0,5)([37]9,13,1)([38]34,3,0)([39]25,37,6)([40]11,30,4)([41]28,38,6)([42]27,14,7)([43]2,18,0)([44]10,37,3)([45]31,26,3)([46]26,42,7)([47]35,10,5)([48]35,43,1)([49]21,39,6)([50]47,40,3)([51]33,20,4)([52]41,40,0)([53]12,17,2)([54]25,20,4)([55]20,41,1)([56]50,41,2)([57]36,8,3)([58]46,35,1)([59]51,32,3)([60]55,49,2)([61]51,46,6)([62]49,5,7)([63]51,11,0)([64]61,54,2)([65]25,56,2)([66]52,39,0)([67]57,3,4)([68]64,56,6)([69]37,54,4)([70]64,45,2)([71]30,54,7)([72]25,38,4)([73]64,23,1)([74]59,23,2)([75]61,25,7)([76]16,57,0)([77]40,76,7)([78]11,25,0)([79]65,67,4)([80]74,19,1)([81]68,62,0)([82]72,5,2)([83]58,1,2)([84]45,60,5)([85]84,81,4)([86]13,46,2)(85)
optimized area: 139.13
time: 1177112 ms
seed: 1635557761
NOT FOUND
time: 987441 ms
seed: 1635605753
NOT FOUND
time: 1069252 ms
seed: 1635653524
{7,1,80,1,2,1,8}([7]0,6,4)([8]7,2,7)([9]4,1,2)([10]9,6,1)([11]5,1,3)([12]9,5,7)([13]11,0,7)([14]3,13,5)([15]13,8,2)([16]15,4,6)([17]14,15,5)([18]3,7,7)([19]17,7,7)([20]1,8,7)([21]12,19,2)([22]20,4,7)([23]8,5,7)([24]23,17,4)([25]6,12,3)([26]20,5,6)([27]7,22,1)([28]11,26,5)([29]24,21,3)([30]17,3,3)([31]18,29,2)([32]3,29,7)([33]12,27,4)([34]16,13,4)([35]31,22,7)([36]22,18,1)([37]22,7,4)([38]21,32,3)([39]32,22,7)([40]38,34,3)([41]25,11,5)([42]16,34,6)([43]35,32,5)([44]35,40,5)([45]21,44,7)([46]32,0,5)([47]7,11,2)([48]12,37,1)([49]45,11,4)([50]47,46,6)([51]29,48,4)([52]31,8,3)([53]3,11,5)([54]53,12,2)([55]32,34,3)([56]14,37,4)([57]2,27,2)([58]5,25,2)([59]28,49,2)([60]56,33,3)([61]35,54,0)([62]54,33,6)([63]15,26,2)([64]54,22,5)([65]25,40,6)([66]50,59,3)([67]42,28,5)([68]65,60,3)([69]29,67,3)([70]29,16,3)([71]68,66,5)([72]10,19,0)([73]26,35,5)([74]4,47,7)([75]30,4,1)([76]31,38,2)([77]33,70,1)([78]4,54,7)([79]0,63,4)([80]68,13,6)([81]61,44,3)([82]79,75,2)([83]3,79,2)([84]5,2,0)([85]6,49,2)([86]29,9,1)(71)
evaluations: 39198411
first invidual area: 139.16
{7,1,80,1,2,1,8}([7]6,0,4)([8]7,2,7)([9]8,1,0)([10]1,4,5)([11]5,1,3)([12]5,10,4)([13]0,11,7)([14]13,3,5)([15]13,9,2)([16]15,4,6)([17]14,15,5)([18]4,0,4)([19]12,17,2)([20]1,9,4)([21]7,19,2)([22]20,4,7)([23]5,8,4)([24]23,17,7)([25]0,16,0)([26]5,8,6)([27]7,3,7)([28]26,11,5)([29]21,24,3)([30]0,3,1)([31]27,29,5)([32]3,29,7)([33]0,9,6)([34]16,13,4)([35]12,13,2)([36]29,17,0)([37]22,7,4)([38]12,32,3)([39]12,14,0)([40]38,34,3)([41]3,32,4)([42]8,30,4)([43]31,22,7)([44]43,40,5)([45]21,44,4)([46]25,32,5)([47]21,6,1)([48]37,26,0)([49]45,11,7)([50]35,46,6)([51]44,15,7)([52]36,5,6)([53]7,12,7)([54]47,12,7)([55]51,19,0)([56]14,37,7)([57]13,49,6)([58]56,53,3)([59]28,49,2)([60]33,41,0)([61]33,34,3)([62]28,6,2)([63]5,58,4)([64]50,62,0)([65]9,38,6)([66]50,59,3)([67]41,15,2)([68]65,58,3)([69]1,63,6)([70]45,41,4)([71]68,66,5)([72]1,20,1)([73]19,45,2)([74]36,62,4)([75]28,28,6)([76]26,2,1)([77]63,75,3)([78]48,7,7)([79]29,59,4)([80]72,37,6)([81]51,45,2)([82]29,74,2)([83]13,38,3)([84]30,27,3)([85]46,29,4)([86]36,44,3)(71)
optimized area: 132.13
time: 1159025 ms
seed: 1635701359
NOT FOUND
time: 1063924 ms
seed: 1635748577
{7,1,80,1,2,1,8}([7]2,5,7)([8]4,1,7)([9]4,2,3)([10]8,0,2)([11]8,5,7)([12]0,11,6)([13]7,9,5)([14]2,8,6)([15]9,6,4)([16]11,10,5)([17]8,1,2)([18]4,12,2)([19]13,18,4)([20]0,19,4)([21]7,14,5)([22]21,3,4)([23]22,7,7)([24]23,13,7)([25]18,17,3)([26]11,19,4)([27]26,1,6)([28]16,1,6)([29]16,27,0)([30]25,29,3)([31]16,3,7)([32]15,25,6)([33]23,16,5)([34]18,5,0)([35]8,23,5)([36]32,31,6)([37]26,15,4)([38]2,28,0)([39]36,20,3)([40]27,24,7)([41]35,34,1)([42]11,40,5)([43]37,26,4)([44]17,28,7)([45]41,44,5)([46]0,15,0)([47]40,21,2)([48]19,14,0)([49]42,27,1)([50]27,40,4)([51]22,45,7)([52]37,39,4)([53]51,5,1)([54]47,33,6)([55]52,30,4)([56]14,50,0)([57]34,49,5)([58]51,26,2)([59]1,9,0)([60]8,8,4)([61]54,21,4)([62]38,61,1)([63]29,29,0)([64]34,22,4)([65]11,19,2)([66]12,34,6)([67]54,55,6)([68]58,46,2)([69]60,58,4)([70]53,17,4)([71]1,62,5)([72]54,9,0)([73]41,49,1)([74]40,39,1)([75]46,69,3)([76]51,5,7)([77]68,67,6)([78]67,21,0)([79]30,24,6)([80]18,14,0)([81]8,21,2)([82]46,61,7)([83]61,71,4)([84]28,11,3)([85]37,67,3)([86]22,21,3)(77)
evaluations: 34994556
first invidual area: 136.81
{7,1,80,1,2,1,8}([7]2,5,7)([8]4,1,7)([9]2,4,3)([10]0,8,2)([11]5,8,7)([12]11,0,6)([13]7,9,5)([14]2,8,6)([15]9,6,4)([16]5,10,5)([17]12,0,6)([18]12,4,2)([19]13,18,4)([20]8,4,2)([21]14,11,5)([22]3,21,4)([23]22,7,7)([24]16,23,2)([25]15,20,3)([26]19,11,4)([27]26,1,6)([28]16,3,7)([29]1,16,6)([30]6,12,4)([31]24,13,1)([32]24,8,2)([33]25,18,6)([34]1,9,1)([35]20,22,5)([36]33,28,6)([37]26,15,4)([38]0,19,4)([39]36,38,6)([40]13,27,7)([41]20,4,6)([42]36,41,7)([43]14,15,4)([44]16,23,3)([45]32,34,5)([46]29,42,0)([47]21,40,2)([48]34,0,0)([49]22,23,3)([50]23,22,3)([51]22,45,7)([52]29,39,4)([53]3,39,7)([54]47,31,6)([55]52,37,4)([56]53,4,6)([57]42,2,4)([58]51,26,2)([59]34,5,4)([60]16,3,7)([61]47,57,0)([62]22,61,3)([63]1,9,3)([64]61,5,6)([65]30,41,1)([66]45,31,1)([67]54,55,6)([68]58,0,2)([69]44,13,7)([70]17,10,5)([71]21,47,0)([72]21,31,5)([73]67,4,3)([74]63,66,7)([75]43,39,1)([76]55,62,1)([77]68,67,6)([78]56,38,6)([79]58,0,3)([80]22,64,2)([81]41,45,5)([82]24,0,0)([83]74,76,2)([84]1,53,4)([85]70,28,7)([86]60,13,2)(77)
optimized area: 127.43
time: 1164630 ms
seed: 1635795510
NOT FOUND
time: 1049424 ms
seed: 1635838707
{7,1,80,1,2,1,8}([7]4,0,2)([8]0,4,5)([9]3,2,6)([10]9,6,2)([11]1,3,7)([12]2,5,7)([13]3,7,4)([14]2,5,3)([15]0,6,4)([16]7,5,5)([17]0,14,7)([18]1,6,4)([19]11,14,4)([20]10,19,6)([21]19,14,1)([22]20,8,1)([23]20,7,5)([24]4,6,7)([25]4,18,5)([26]1,10,1)([27]15,19,3)([28]0,17,5)([29]25,23,5)([30]13,12,6)([31]15,30,7)([32]10,13,7)([33]14,5,5)([34]28,27,5)([35]12,24,7)([36]4,21,7)([37]1,16,4)([38]5,29,4)([39]21,32,7)([40]12,15,6)([41]38,8,7)([42]10,40,6)([43]5,21,1)([44]28,34,7)([45]39,44,3)([46]36,35,5)([47]46,5,2)([48]18,13,7)([49]37,31,3)([50]17,38,3)([51]49,44,1)([52]39,48,3)([53]17,45,3)([54]42,41,2)([55]33,24,1)([56]55,0,7)([57]54,11,6)([58]5,7,7)([59]38,34,6)([60]21,24,1)([61]46,57,6)([62]38,3,2)([63]16,42,7)([64]34,60,5)([65]59,39,4)([66]20,7,0)([67]64,61,5)([68]64,51,5)([69]13,6,6)([70]61,68,7)([71]42,66,0)([72]10,64,2)([73]16,9,0)([74]58,59,7)([75]9,27,5)([76]57,32,6)([77]54,65,6)([78]2,38,6)([79]72,49,6)([80]65,63,0)([81]17,27,6)([82]56,61,6)([83]70,77,3)([84]70,19,0)([85]39,3,5)([86]52,34,0)(83)
evaluations: 24711587
first invidual area: 144.76
{7,1,80,1,2,1,8}([7]0,4,2)([8]6,1,4)([9]3,2,6)([10]6,9,2)([11]1,3,7)([12]5,2,7)([13]7,3,4)([14]5,2,3)([15]6,0,4)([16]7,5,5)([17]4,7,4)([18]14,0,5)([19]11,14,4)([20]10,13,4)([21]15,15,0)([22]17,20,3)([23]7,9,5)([24]19,15,3)([25]12,6,7)([26]18,23,7)([27]4,8,5)([28]12,13,6)([29]27,23,5)([30]24,9,3)([31]16,22,2)([32]5,28,4)([33]21,28,7)([34]16,1,4)([35]18,24,5)([36]12,15,6)([37]12,7,4)([38]29,5,4)([39]20,19,4)([40]4,19,4)([41]38,7,4)([42]10,36,6)([43]8,34,7)([44]18,19,2)([45]22,15,4)([46]24,28,2)([47]35,38,3)([48]19,25,4)([49]44,29,6)([50]48,40,5)([51]33,34,6)([52]9,23,1)([53]45,4,4)([54]41,42,2)([55]4,12,1)([56]35,19,5)([57]54,11,6)([58]16,17,4)([59]20,19,4)([60]51,25,0)([61]51,27,0)([62]61,56,5)([63]28,44,7)([64]45,27,3)([65]47,39,4)([66]64,4,5)([67]4,59,6)([68]50,57,3)([69]56,54,7)([70]47,16,0)([71]63,49,0)([72]68,62,4)([73]17,58,2)([74]8,54,3)([75]62,44,3)([76]36,40,4)([77]54,65,6)([78]68,34,2)([79]32,62,2)([80]43,75,3)([81]46,53,3)([82]32,37,3)([83]72,77,3)([84]61,5,1)([85]36,62,4)([86]23,40,6)(83)
optimized area: 131.66
time: 1229329 ms
seed: 1635880787
NOT FOUND
time: 1068137 ms
