seed: 1634033890
{7,1,80,1,2,1,8}([7]0,5,3)([8]1,3,4)([9]4,8,2)([10]8,6,5)([11]1,2,4)([12]2,5,2)([13]5,2,4)([14]4,12,1)([15]0,2,4)([16]12,1,0)([17]1,0,3)([18]5,14,5)([19]9,17,2)([20]14,12,4)([21]7,1,4)([22]19,3,7)([23]3,14,7)([24]4,1,4)([25]16,22,4)([26]22,15,6)([27]4,6,1)([28]25,23,7)([29]0,20,4)([30]3,6,7)([31]6,8,0)([32]22,28,7)([33]12,15,7)([34]23,30,5)([35]31,8,4)([36]30,21,4)([37]14,11,7)([38]29,3,5)([39]3,16,2)([40]10,27,4)([41]25,33,6)([42]40,31,5)([43]24,13,6)([44]42,23,5)([45]25,37,2)([46]21,31,1)([47]21,18,2)([48]17,2,5)([49]33,44,2)([50]29,7,6)([51]10,23,4)([52]34,8,7)([53]49,17,5)([54]28,34,2)([55]47,36,6)([56]2,14,1)([57]22,16,7)([58]17,8,0)([59]55,49,7)([60]44,13,4)([61]37,41,5)([62]19,29,0)([63]30,57,7)([64]61,15,7)([65]19,21,7)([66]23,20,2)([67]41,2,4)([68]7,42,0)([69]64,1,1)([70]69,51,4)([71]40,10,6)([72]53,52,6)([73]59,70,5)([74]68,56,7)([75]72,23,0)([76]48,44,0)([77]10,59,6)([78]68,22,4)([79]78,8,7)([80]27,64,1)([81]18,27,5)([82]75,7,4)([83]35,8,7)([84]64,52,4)([85]19,8,2)([86]54,73,4)(86)
evaluations: 23094185
first invidual area: 125.11
{7,1,80,1,2,1,8}([7]1,0,3)([8]3,1,4)([9]0,5,3)([10]8,6,5)([11]9,1,4)([12]2,5,2)([13]11,5,0)([14]4,9,1)([15]0,2,7)([16]8,7,5)([17]16,15,7)([18]5,14,5)([19]11,17,1)([20]6,18,4)([21]12,4,4)([22]3,20,1)([23]14,3,7)([24]16,14,6)([25]18,11,2)([26]2,20,5)([27]6,21,5)([28]24,21,4)([29]21,11,7)([30]3,6,7)([31]28,23,7)([32]23,10,4)([33]12,15,4)([34]13,30,4)([35]3,31,4)([36]17,21,3)([37]10,20,3)([38]30,23,5)([39]8,35,4)([40]0,20,0)([41]38,28,5)([42]13,4,5)([43]31,33,6)([44]43,8,0)([45]22,33,6)([46]3,18,7)([47]2,13,5)([48]27,23,5)([49]33,48,5)([50]43,11,5)([51]16,12,3)([52]24,3,1)([53]29,44,5)([54]34,25,6)([55]3,34,7)([56]50,12,4)([57]6,21,1)([58]57,52,0)([59]49,54,4)([60]4,22,2)([61]20,58,5)([62]54,48,2)([63]28,2,6)([64]53,15,7)([65]35,39,0)([66]15,11,7)([67]2,39,2)([68]1,9,2)([69]18,48,5)([70]64,32,4)([71]38,42,2)([72]22,50,0)([73]59,70,5)([74]32,39,0)([75]2,26,5)([76]57,20,3)([77]64,15,0)([78]4,28,4)([79]42,31,1)([80]56,44,3)([81]15,77,0)([82]57,4,5)([83]40,51,7)([84]11,78,7)([85]18,80,0)([86]41,73,7)(86)
optimized area: 111.52
time: 577988 ms
seed: 1634244239
{7,1,80,1,2,1,8}([7]6,1,3)([8]0,3,4)([9]1,0,5)([10]0,2,7)([11]7,1,4)([12]10,3,6)([13]1,8,3)([14]13,5,7)([15]8,4,6)([16]12,5,4)([17]12,12,7)([18]4,6,7)([19]11,18,6)([20]6,10,2)([21]4,7,7)([22]10,21,3)([23]15,12,5)([24]4,3,5)([25]14,2,5)([26]3,18,6)([27]20,25,6)([28]4,21,7)([29]4,23,6)([30]8,5,1)([31]9,21,5)([32]19,27,7)([33]28,24,7)([34]16,24,2)([35]31,12,2)([36]31,34,4)([37]19,33,2)([38]32,36,4)([39]36,9,2)([40]38,38,0)([41]25,25,1)([42]33,22,1)([43]17,13,7)([44]37,3,4)([45]20,36,2)([46]6,36,6)([47]45,37,6)([48]27,41,1)([49]6,32,6)([50]49,23,7)([51]2,40,1)([52]8,22,7)([53]23,3,5)([54]14,47,6)([55]39,30,7)([56]42,6,3)([57]52,54,4)([58]39,4,3)([59]34,10,1)([60]25,39,3)([61]35,32,4)([62]45,10,4)([63]9,40,2)([64]44,15,0)([65]14,3,1)([66]2,49,3)([67]37,23,5)([68]58,57,5)([69]6,41,4)([70]68,50,6)([71]11,22,0)([72]68,47,3)([73]58,60,1)([74]3,20,7)([75]57,59,4)([76]70,61,7)([77]76,41,1)([78]76,50,7)([79]49,37,3)([80]29,71,7)([81]31,17,6)([82]80,24,7)([83]13,4,4)([84]23,30,5)([85]19,49,0)([86]55,72,5)(77)
evaluations: 12148224
first invidual area: 129.78
{7,1,80,1,2,1,8}([7]6,1,3)([8]3,0,4)([9]0,1,0)([10]0,2,7)([11]1,4,6)([12]3,10,6)([13]8,1,6)([14]5,13,4)([15]12,5,4)([16]6,4,7)([17]14,2,5)([18]16,7,1)([19]11,16,6)([20]6,10,2)([21]4,7,7)([22]21,10,6)([23]1,9,5)([24]4,0,5)([25]8,22,4)([26]5,25,4)([27]20,17,3)([28]15,24,5)([29]14,6,0)([30]8,20,0)([31]21,23,5)([32]19,27,4)([33]6,32,3)([34]21,11,7)([35]7,25,6)([36]31,28,7)([37]31,12,5)([38]5,22,5)([39]36,23,2)([40]30,21,3)([41]36,20,2)([42]1,4,1)([43]32,37,0)([44]2,26,3)([45]29,12,6)([46]32,37,4)([47]26,11,1)([48]1,7,1)([49]4,39,3)([50]0,38,4)([51]41,19,6)([52]46,3,7)([53]52,3,2)([54]38,33,4)([55]29,51,3)([56]52,53,7)([57]55,25,7)([58]51,53,4)([59]45,4,5)([60]3,0,5)([61]35,23,4)([62]13,8,3)([63]38,6,1)([64]24,4,6)([65]55,16,3)([66]49,57,5)([67]49,24,2)([68]33,50,3)([69]66,58,5)([70]66,54,3)([71]19,2,1)([72]55,58,4)([73]71,58,5)([74]51,68,7)([75]52,47,0)([76]25,16,5)([77]69,24,3)([78]35,32,7)([79]55,22,3)([80]70,5,2)([81]39,70,6)([82]46,70,4)([83]74,0,6)([84]5,27,5)([85]26,65,0)([86]12,31,3)(82)
optimized area: 111.03
time: 628598 ms
seed: 1634381799
{7,1,80,1,2,1,8}([7]4,2,6)([8]2,5,5)([9]2,1,5)([10]0,9,2)([11]4,1,6)([12]3,0,7)([13]12,11,6)([14]11,6,2)([15]14,12,6)([16]6,10,4)([17]16,9,6)([18]12,0,2)([19]2,16,4)([20]16,0,2)([21]12,14,5)([22]4,4,5)([23]1,3,6)([24]23,5,2)([25]16,22,3)([26]4,5,2)([27]7,15,4)([28]4,18,1)([29]18,14,6)([30]13,23,7)([31]8,27,5)([32]26,23,5)([33]30,6,2)([34]21,10,2)([35]13,5,4)([36]19,27,4)([37]34,27,2)([38]17,36,7)([39]3,1,3)([40]31,38,4)([41]40,34,3)([42]36,35,7)([43]24,36,2)([44]6,8,4)([45]19,43,2)([46]29,38,4)([47]46,42,3)([48]8,47,7)([49]45,0,4)([50]40,26,3)([51]2,38,5)([52]28,33,6)([53]48,50,7)([54]22,53,5)([55]25,26,1)([56]34,11,6)([57]8,34,7)([58]16,49,5)([59]0,21,7)([60]40,8,3)([61]34,54,6)([62]60,58,4)([63]21,3,3)([64]40,52,3)([65]62,61,3)([66]54,14,5)([67]65,35,0)([68]61,46,3)([69]64,65,4)([70]49,32,5)([71]41,36,5)([72]67,12,4)([73]69,43,6)([74]28,65,2)([75]64,57,2)([76]29,27,4)([77]54,10,0)([78]71,69,4)([79]60,74,2)([80]44,60,4)([81]35,22,0)([82]34,28,6)([83]76,9,7)([84]47,54,1)([85]55,13,3)([86]77,13,1)(78)
evaluations: 28477556
first invidual area: 152.25
{7,1,80,1,2,1,8}([7]1,4,6)([8]2,5,5)([9]2,1,5)([10]9,0,2)([11]9,6,6)([12]0,3,7)([13]8,11,0)([14]7,6,2)([15]14,12,3)([16]10,6,4)([17]16,2,7)([18]16,6,7)([19]5,13,0)([20]3,3,0)([21]3,15,5)([22]4,19,1)([23]1,3,6)([24]4,2,3)([25]23,12,4)([26]9,20,6)([27]15,24,4)([28]7,12,5)([29]12,7,6)([30]29,20,7)([31]8,27,5)([32]2,31,4)([33]6,25,2)([34]28,10,2)([35]29,19,4)([36]17,27,7)([37]35,8,2)([38]11,36,7)([39]8,36,6)([40]31,38,4)([41]40,10,3)([42]36,35,7)([43]37,23,2)([44]5,0,2)([45]5,43,5)([46]21,38,4)([47]42,46,3)([48]13,47,5)([49]45,0,7)([50]14,49,0)([51]30,43,0)([52]22,33,6)([53]48,41,4)([54]53,22,5)([55]9,0,7)([56]12,5,4)([57]13,30,2)([58]49,16,5)([59]19,18,7)([60]40,13,6)([61]34,54,6)([62]60,58,7)([63]3,0,7)([64]40,52,3)([65]62,61,3)([66]28,50,3)([67]11,22,0)([68]1,25,7)([69]64,65,4)([70]44,36,6)([71]41,36,5)([72]1,55,6)([73]1,13,5)([74]43,49,5)([75]5,17,3)([76]40,30,4)([77]34,62,3)([78]73,48,7)([79]28,46,4)([80]56,40,1)([81]42,68,1)([82]69,71,4)([83]50,30,3)([84]15,39,2)([85]34,70,5)([86]36,41,2)(82)
optimized area: 139.60
time: 657670 ms
seed: 1634430819
NOT FOUND
time: 520574 ms
seed: 1634639150
NOT FOUND
time: 529043 ms
seed: 1635166074
NOT FOUND
time: 524478 ms
seed: 1635215291
NOT FOUND
time: 524777 ms
seed: 1635645634
NOT FOUND
time: 1085567 ms
seed: 1635693392
{7,1,80,1,2,1,8}([7]2,5,2)([8]7,4,4)([9]1,6,6)([10]3,4,4)([11]8,2,4)([12]9,4,3)([13]11,4,2)([14]6,2,4)([15]5,2,7)([16]3,8,5)([17]15,4,7)([18]14,17,2)([19]0,18,6)([20]10,1,2)([21]1,5,7)([22]21,13,6)([23]4,16,6)([24]6,20,2)([25]24,12,7)([26]22,10,3)([27]24,0,3)([28]26,9,5)([29]6,23,4)([30]14,0,4)([31]19,25,3)([32]21,29,3)([33]12,29,4)([34]17,16,3)([35]11,31,2)([36]2,29,3)([37]28,12,4)([38]27,36,5)([39]36,31,3)([40]27,35,4)([41]19,26,3)([42]24,22,6)([43]1,32,5)([44]40,43,7)([45]31,32,4)([46]44,42,7)([47]38,31,7)([48]19,36,6)([49]10,46,4)([50]34,14,1)([51]37,49,5)([52]47,51,2)([53]47,26,2)([54]51,8,4)([55]28,54,5)([56]26,25,2)([57]15,53,6)([58]49,42,5)([59]45,55,3)([60]56,6,7)([61]33,18,6)([62]56,57,1)([63]50,28,3)([64]22,25,4)([65]60,42,3)([66]11,21,0)([67]18,26,5)([68]57,40,7)([69]59,41,7)([70]3,55,7)([71]38,18,4)([72]17,7,7)([73]48,29,3)([74]29,67,5)([75]49,7,6)([76]52,69,4)([77]29,31,3)([78]33,53,4)([79]5,26,3)([80]25,13,5)([81]17,18,3)([82]66,12,6)([83]62,80,0)([84]46,4,5)([85]76,32,7)([86]76,16,2)(76)
evaluations: 27399951
first invidual area: 147.13
{7,1,80,1,2,1,8}([7]2,5,5)([8]4,7,7)([9]1,6,6)([10]4,3,4)([11]2,8,4)([12]9,4,3)([13]12,11,2)([14]2,6,4)([15]2,5,6)([16]8,1,1)([17]15,8,7)([18]14,17,2)([19]0,18,6)([20]10,6,2)([21]1,5,7)([22]21,13,6)([23]19,16,3)([24]20,1,2)([25]24,12,7)([26]22,10,3)([27]24,0,3)([28]26,9,5)([29]6,23,2)([30]2,28,4)([31]25,19,3)([32]21,29,3)([33]25,9,3)([34]32,31,4)([35]31,11,5)([36]2,14,3)([37]28,12,5)([38]27,36,5)([39]0,22,3)([40]10,27,4)([41]32,40,3)([42]24,22,6)([43]1,32,5)([44]40,43,4)([45]1,17,2)([46]35,44,4)([47]2,18,3)([48]23,44,0)([49]42,46,7)([50]42,33,7)([51]37,49,5)([52]32,0,1)([53]1,10,3)([54]51,16,7)([55]28,54,5)([56]18,47,2)([57]23,11,4)([58]28,52,2)([59]34,55,6)([60]11,30,5)([61]57,1,6)([62]38,22,4)([63]31,38,7)([64]34,31,2)([65]63,51,5)([66]19,26,6)([67]9,62,4)([68]24,59,3)([69]59,66,7)([70]65,69,7)([71]61,0,0)([72]11,16,0)([73]38,27,0)([74]57,30,0)([75]48,62,6)([76]28,21,6)([77]64,71,4)([78]61,10,7)([79]68,78,5)([80]10,53,4)([81]78,35,6)([82]12,6,7)([83]64,30,4)([84]3,46,0)([85]8,51,5)([86]39,15,6)(70)
optimized area: 137.73
time: 1313085 ms
seed: 1635741207
NOT FOUND
time: 1048766 ms
seed: 1635788464
{7,1,80,1,2,1,8}([7]4,1,6)([8]2,5,5)([9]8,4,5)([10]6,1,4)([11]0,8,7)([12]3,0,4)([13]2,2,0)([14]4,8,7)([15]14,2,7)([16]1,15,5)([17]15,6,3)([18]11,1,5)([19]8,7,6)([20]11,15,4)([21]17,16,2)([22]16,16,5)([23]1,15,2)([24]21,5,2)([25]6,18,1)([26]12,17,4)([27]25,4,6)([28]18,0,5)([29]26,3,3)([30]20,10,5)([31]20,29,6)([32]3,30,2)([33]15,5,7)([34]15,32,0)([35]25,26,4)([36]4,35,4)([37]10,18,6)([38]4,6,0)([39]36,17,4)([40]14,31,3)([41]39,14,4)([42]33,12,1)([43]42,41,6)([44]29,31,5)([45]43,26,6)([46]45,40,7)([47]39,35,0)([48]14,5,4)([49]8,46,4)([50]0,40,4)([51]16,4,4)([52]8,32,7)([53]46,18,2)([54]53,10,3)([55]12,2,6)([56]23,52,6)([57]23,17,0)([58]52,36,5)([59]50,46,3)([60]1,7,0)([61]43,55,5)([62]40,54,7)([63]61,59,2)([64]63,49,0)([65]0,16,2)([66]26,33,7)([67]39,21,5)([68]63,58,5)([69]63,53,2)([70]4,1,7)([71]46,36,4)([72]6,64,4)([73]63,23,6)([74]40,36,3)([75]3,53,4)([76]14,15,3)([77]59,53,0)([78]62,68,6)([79]62,54,2)([80]35,3,2)([81]63,7,2)([82]11,33,5)([83]36,69,2)([84]78,73,3)([85]52,7,3)([86]53,50,0)(84)
evaluations: 26829349
first invidual area: 126.50
{7,1,80,1,2,1,8}([7]6,4,4)([8]2,5,5)([9]1,6,4)([10]3,6,4)([11]8,0,7)([12]3,0,4)([13]5,12,0)([14]4,8,7)([15]14,2,7)([16]11,4,4)([17]9,2,7)([18]13,15,4)([19]1,3,1)([20]15,11,4)([21]15,6,3)([22]1,11,5)([23]13,7,6)([24]13,16,2)([25]13,9,3)([26]12,21,4)([27]19,3,5)([28]24,21,7)([29]1,0,4)([30]11,24,1)([31]0,17,2)([32]8,4,3)([33]8,27,4)([34]33,29,3)([35]20,3,6)([36]17,4,4)([37]31,32,4)([38]1,15,2)([39]11,10,7)([40]35,14,3)([41]9,6,7)([42]35,35,6)([43]18,39,6)([44]26,43,3)([45]26,7,7)([46]44,40,4)([47]23,31,2)([48]3,3,1)([49]32,20,2)([50]14,8,4)([51]27,39,6)([52]32,30,1)([53]46,22,2)([54]53,9,6)([55]54,12,6)([56]1,47,3)([57]51,21,5)([58]45,33,5)([59]16,46,3)([60]13,7,7)([61]55,43,5)([62]40,54,4)([63]61,59,2)([64]18,19,7)([65]14,18,7)([66]45,43,4)([67]5,22,7)([68]63,58,5)([69]36,55,7)([70]54,6,2)([71]37,68,3)([72]26,42,7)([73]63,38,6)([74]61,12,7)([75]10,61,1)([76]44,35,2)([77]62,20,0)([78]77,68,6)([79]75,0,3)([80]39,2,2)([81]9,78,2)([82]47,60,1)([83]42,80,7)([84]78,73,3)([85]11,22,5)([86]41,56,4)(84)
optimized area: 120.42
time: 1309398 ms
seed: 1635835372
NOT FOUND
time: 1064494 ms
seed: 1635878542
NOT FOUND
time: 1055866 ms
seed: 1635920551
NOT FOUND
time: 1056405 ms
seed: 1635956875
NOT FOUND
time: 1087666 ms
seed: 1635992926
NOT FOUND
time: 1073655 ms
seed: 1636028971
{7,1,80,1,2,1,8}([7]3,2,3)([8]4,0,6)([9]6,8,4)([10]5,4,7)([11]1,10,5)([12]3,6,6)([13]2,3,5)([14]6,0,4)([15]4,0,7)([16]10,0,3)([17]10,0,2)([18]9,11,4)([19]15,1,7)([20]3,14,4)([21]15,10,6)([22]14,18,5)([23]12,16,4)([24]17,18,2)([25]19,21,4)([26]2,11,7)([27]12,8,6)([28]21,16,3)([29]3,21,3)([30]1,7,7)([31]28,21,3)([32]7,19,6)([33]13,27,7)([34]22,19,4)([35]34,33,5)([36]23,25,6)([37]26,29,1)([38]37,24,3)([39]35,13,2)([40]25,38,2)([41]35,38,4)([42]2,26,4)([43]15,6,5)([44]40,14,3)([45]17,31,0)([46]44,29,4)([47]38,27,3)([48]32,42,1)([49]6,31,0)([50]23,8,1)([51]46,41,6)([52]47,43,2)([53]39,47,5)([54]43,27,1)([55]26,42,0)([56]7,25,3)([57]1,46,7)([58]36,51,3)([59]0,3,0)([60]58,30,4)([61]41,58,4)([62]34,49,2)([63]34,19,0)([64]47,1,0)([65]44,15,7)([66]20,61,7)([67]66,53,6)([68]48,66,7)([69]38,30,3)([70]37,65,1)([71]12,26,6)([72]11,66,3)([73]54,67,2)([74]71,11,1)([75]74,44,6)([76]71,59,6)([77]60,73,7)([78]48,28,5)([79]67,16,1)([80]53,17,5)([81]39,35,2)([82]0,39,1)([83]71,69,5)([84]72,77,2)([85]43,60,6)([86]48,54,2)(77)
evaluations: 18153685
first invidual area: 147.59
{7,1,80,1,2,1,8}([7]2,3,6)([8]4,0,6)([9]6,8,7)([10]4,5,7)([11]10,1,5)([12]6,3,6)([13]2,3,5)([14]0,6,4)([15]4,0,7)([16]12,8,3)([17]0,10,2)([18]11,9,7)([19]1,15,7)([20]18,14,5)([21]10,15,6)([22]11,2,4)([23]21,3,6)([24]18,17,2)([25]19,21,4)([26]10,0,6)([27]22,8,0)([28]19,1,4)([29]7,1,7)([30]11,2,4)([31]12,26,7)([32]16,11,0)([33]16,13,4)([34]19,20,4)([35]34,33,5)([36]35,13,0)([37]24,22,6)([38]13,16,0)([39]11,22,7)([40]36,25,2)([41]13,6,5)([42]10,3,5)([43]7,40,1)([44]41,12,4)([45]14,40,6)([46]45,23,4)([47]14,25,0)([48]36,37,7)([49]8,23,0)([50]25,31,6)([51]46,48,6)([52]47,51,7)([53]0,47,7)([54]39,14,2)([55]28,53,3)([56]36,34,5)([57]17,48,3)([58]50,51,3)([59]0,12,0)([60]58,29,4)([61]37,58,3)([62]41,38,7)([63]26,53,7)([64]60,45,1)([65]28,49,2)([66]61,52,4)([67]41,66,6)([68]67,15,5)([69]22,47,5)([70]24,63,5)([71]12,56,1)([72]38,6,0)([73]44,6,6)([74]58,33,7)([75]58,47,7)([76]25,49,6)([77]68,39,4)([78]68,60,7)([79]54,2,6)([80]31,53,6)([81]11,32,7)([82]8,61,4)([83]63,24,2)([84]65,15,7)([85]65,59,1)([86]66,47,4)(78)
optimized area: 135.42
time: 1427434 ms
seed: 1636063573
NOT FOUND
time: 1057872 ms
seed: 1636097437
NOT FOUND
time: 1070284 ms
seed: 1636130671
{7,1,80,1,2,1,8}([7]0,3,4)([8]2,7,1)([9]8,3,5)([10]6,9,1)([11]0,3,5)([12]0,11,3)([13]2,4,3)([14]4,9,2)([15]5,3,5)([16]13,0,4)([17]10,13,2)([18]9,1,4)([19]18,16,5)([20]10,19,5)([21]17,9,5)([22]20,16,7)([23]8,4,0)([24]5,7,4)([25]3,19,7)([26]18,21,7)([27]21,15,5)([28]7,14,3)([29]18,28,6)([30]25,28,5)([31]30,8,2)([32]31,20,3)([33]22,25,1)([34]18,4,5)([35]1,29,7)([36]30,8,1)([37]15,23,0)([38]14,6,4)([39]22,24,6)([40]11,28,4)([41]13,30,2)([42]39,35,2)([43]31,28,5)([44]29,39,4)([45]41,16,4)([46]25,35,4)([47]24,3,2)([48]5,42,4)([49]8,8,5)([50]14,45,4)([51]24,20,2)([52]46,29,7)([53]5,44,5)([54]48,31,3)([55]13,53,6)([56]26,46,3)([57]41,34,6)([58]45,55,4)([59]30,50,0)([60]1,56,2)([61]27,42,3)([62]52,30,3)([63]46,17,3)([64]56,4,7)([65]25,15,2)([66]0,7,6)([67]11,57,2)([68]38,36,4)([69]36,1,2)([70]21,15,0)([71]62,38,6)([72]48,67,2)([73]14,71,5)([74]34,41,7)([75]58,38,5)([76]64,2,4)([77]16,69,7)([78]75,54,2)([79]35,31,3)([80]73,74,4)([81]18,73,7)([82]52,19,2)([83]34,32,7)([84]76,78,4)([85]37,19,2)([86]33,37,0)(84)
evaluations: 32506673
first invidual area: 126.04
{7,1,80,1,2,1,8}([7]3,0,4)([8]2,7,1)([9]3,8,5)([10]6,7,1)([11]9,9,3)([12]10,2,0)([13]4,2,3)([14]4,11,2)([15]13,12,2)([16]0,13,4)([17]7,3,3)([18]9,1,4)([19]18,16,5)([20]10,14,6)([21]7,5,4)([22]21,8,4)([23]11,15,5)([24]11,5,1)([25]19,3,7)([26]12,10,0)([27]19,10,5)([28]7,14,3)([29]18,28,6)([30]28,25,5)([31]10,14,7)([32]21,0,0)([33]30,8,2)([34]20,0,0)([35]1,29,7)([36]11,14,0)([37]16,27,7)([38]23,18,7)([39]21,37,6)([40]35,25,4)([41]13,30,5)([42]39,35,5)([43]42,14,4)([44]29,39,3)([45]41,16,4)([46]24,23,6)([47]37,3,4)([48]5,42,7)([49]43,46,7)([50]44,5,5)([51]29,28,0)([52]6,40,3)([53]4,5,5)([54]48,33,3)([55]13,50,3)([56]40,38,3)([57]40,19,5)([58]45,55,4)([59]4,43,0)([60]15,10,2)([61]47,40,4)([62]4,14,6)([63]59,25,6)([64]56,4,7)([65]62,57,1)([66]63,56,5)([67]8,14,0)([68]60,32,6)([69]61,68,4)([70]64,2,7)([71]70,67,4)([72]40,4,3)([73]2,23,6)([74]26,25,0)([75]58,31,5)([76]16,63,1)([77]57,42,1)([78]75,54,5)([79]39,19,2)([80]15,63,5)([81]29,2,6)([82]77,60,4)([83]56,49,5)([84]70,78,4)([85]65,44,5)([86]5,30,6)(84)
optimized area: 122.28
time: 1164556 ms
seed: 1636163186
{7,1,80,1,2,1,8}([7]6,6,3)([8]0,3,2)([9]0,2,7)([10]9,3,4)([11]10,3,0)([12]5,1,4)([13]6,1,4)([14]7,10,3)([15]8,10,4)([16]4,2,0)([17]11,2,1)([18]6,9,4)([19]18,18,6)([20]10,13,6)([21]12,13,7)([22]19,7,6)([23]9,14,6)([24]14,4,6)([25]17,6,5)([26]20,15,4)([27]13,14,5)([28]19,15,5)([29]16,27,3)([30]14,26,3)([31]10,19,3)([32]10,6,6)([33]21,31,2)([34]27,13,7)([35]20,5,7)([36]18,0,6)([37]36,35,2)([38]7,29,5)([39]38,23,7)([40]37,1,7)([41]30,5,7)([42]33,16,4)([43]31,42,5)([44]34,11,0)([45]41,43,5)([46]2,24,6)([47]9,27,5)([48]7,36,7)([49]25,4,2)([50]19,4,4)([51]28,37,1)([52]26,18,5)([53]46,45,3)([54]52,39,2)([55]54,53,7)([56]55,49,7)([57]29,51,7)([58]42,7,1)([59]42,2,4)([60]57,40,5)([61]15,21,6)([62]16,41,4)([63]60,24,2)([64]39,0,6)([65]37,38,4)([66]33,25,0)([67]40,10,6)([68]10,40,1)([69]67,9,7)([70]54,52,1)([71]59,60,3)([72]51,47,0)([73]21,9,4)([74]42,18,0)([75]54,25,0)([76]16,42,2)([77]19,31,3)([78]24,50,5)([79]43,8,7)([80]23,39,6)([81]80,58,5)([82]20,76,6)([83]71,23,1)([84]10,82,0)([85]27,27,6)([86]71,56,7)(86)
evaluations: 32293010
first invidual area: 141.96
{7,1,80,1,2,1,8}([7]5,4,0)([8]6,5,0)([9]2,0,7)([10]3,9,4)([11]3,0,5)([12]6,4,4)([13]1,6,4)([14]10,12,3)([15]11,10,7)([16]12,7,7)([17]13,10,3)([18]9,8,4)([19]14,17,2)([20]1,1,0)([21]18,9,1)([22]2,10,5)([23]10,21,3)([24]6,3,3)([25]4,14,5)([26]15,17,7)([27]14,13,5)([28]10,25,4)([29]27,4,3)([30]15,21,5)([31]19,21,7)([32]21,14,0)([33]8,29,5)([34]6,26,6)([35]29,30,4)([36]7,0,6)([37]6,13,4)([38]37,5,0)([39]6,14,6)([40]36,20,7)([41]34,7,4)([42]3,12,4)([43]16,23,5)([44]33,24,5)([45]41,43,5)([46]2,39,6)([47]11,8,0)([48]8,46,5)([49]42,7,1)([50]11,37,6)([51]40,49,2)([52]26,18,5)([53]46,45,6)([54]52,44,5)([55]54,53,4)([56]55,25,7)([57]50,1,5)([58]41,47,4)([59]14,41,7)([60]35,40,5)([61]2,12,1)([62]13,13,6)([63]36,52,6)([64]9,43,7)([65]18,21,5)([66]9,15,7)([67]43,46,4)([68]17,62,6)([69]37,33,4)([70]13,16,0)([71]67,60,3)([72]66,52,7)([73]57,39,0)([74]41,36,2)([75]71,24,4)([76]32,51,7)([77]28,18,1)([78]36,16,5)([79]43,58,6)([80]38,18,6)([81]39,75,7)([82]26,57,0)([83]40,39,5)([84]35,75,2)([85]71,82,3)([86]71,56,7)(86)
optimized area: 118.06
time: 1161794 ms
seed: 1636195616
NOT FOUND
time: 1072649 ms
seed: 1636226273
NOT FOUND
time: 1067043 ms
seed: 1636256216
{7,1,80,1,2,1,8}([7]5,6,3)([8]2,6,5)([9]8,4,2)([10]8,3,4)([11]5,3,4)([12]2,0,4)([13]4,1,3)([14]4,8,3)([15]11,13,6)([16]6,4,7)([17]10,2,6)([18]0,7,7)([19]2,9,4)([20]19,18,3)([21]0,14,0)([22]20,6,3)([23]1,18,7)([24]0,16,2)([25]16,12,4)([26]22,17,2)([27]21,26,7)([28]20,11,2)([29]16,24,7)([30]15,21,0)([31]29,20,4)([32]1,6,5)([33]15,11,4)([34]0,0,6)([35]25,32,0)([36]7,2,2)([37]10,25,5)([38]33,26,6)([39]31,10,2)([40]38,24,6)([41]39,2,7)([42]28,16,7)([43]10,36,4)([44]25,3,6)([45]23,26,6)([46]39,29,6)([47]43,32,2)([48]30,46,3)([49]16,4,3)([50]49,44,3)([51]40,47,3)([52]5,24,6)([53]45,7,2)([54]45,41,3)([55]14,28,4)([56]54,13,5)([57]3,23,1)([58]41,47,0)([59]27,18,6)([60]19,30,5)([61]29,31,7)([62]10,57,6)([63]24,46,5)([64]58,42,0)([65]45,39,1)([66]53,42,3)([67]25,9,4)([68]36,17,2)([69]42,33,7)([70]30,4,4)([71]3,59,3)([72]18,57,3)([73]59,41,1)([74]63,13,3)([75]46,40,1)([76]71,40,2)([77]3,9,0)([78]37,51,2)([79]45,59,7)([80]66,56,2)([81]64,43,0)([82]67,13,5)([83]80,78,7)([84]12,62,1)([85]82,73,1)([86]9,60,4)(83)
evaluations: 17566750
first invidual area: 129.31
{7,1,80,1,2,1,8}([7]6,5,3)([8]6,2,5)([9]8,4,5)([10]3,8,4)([11]3,5,4)([12]8,2,0)([13]1,4,3)([14]0,2,0)([15]2,14,4)([16]4,6,7)([17]2,10,6)([18]14,7,7)([19]9,2,7)([20]18,19,3)([21]9,13,5)([22]1,7,2)([23]14,16,2)([24]17,20,4)([25]15,16,4)([26]6,17,2)([27]1,0,3)([28]21,26,3)([29]27,20,5)([30]18,23,4)([31]11,20,5)([32]1,18,7)([33]7,2,5)([34]12,22,6)([35]28,11,6)([36]21,28,7)([37]33,10,7)([38]31,16,4)([39]10,29,5)([40]21,2,4)([41]39,2,4)([42]0,41,2)([43]6,1,5)([44]20,3,5)([45]17,32,6)([46]25,10,5)([47]37,43,2)([48]35,23,6)([49]32,34,2)([50]47,10,7)([51]48,47,3)([52]13,30,7)([53]28,41,3)([54]45,41,3)([55]0,45,2)([56]54,13,5)([57]12,27,3)([58]4,32,7)([59]39,38,1)([60]18,50,3)([61]24,25,2)([62]29,42,3)([63]12,36,1)([64]41,39,3)([65]51,41,1)([66]2,63,2)([67]43,51,7)([68]39,20,6)([69]28,45,4)([70]55,38,3)([71]11,53,4)([72]26,18,7)([73]1,19,0)([74]51,46,5)([75]24,58,5)([76]0,55,7)([77]54,48,7)([78]36,44,5)([79]37,24,7)([80]70,56,5)([81]45,21,6)([82]67,76,7)([83]80,74,7)([84]9,48,6)([85]11,18,5)([86]2,61,1)(83)
optimized area: 116.16
time: 1212895 ms
seed: 1636275464
NOT FOUND
time: 1057148 ms
seed: 1636291943
NOT FOUND
time: 1059887 ms
seed: 1636308388
NOT FOUND
time: 1057492 ms
seed: 1636324691
NOT FOUND
time: 1069234 ms
seed: 1636340972
NOT FOUND
time: 1069699 ms
seed: 1636347620
NOT FOUND
time: 1054139 ms
seed: 1636353894
{7,1,80,1,2,1,8}([7]2,6,7)([8]4,2,7)([9]6,1,4)([10]9,5,4)([11]8,3,7)([12]11,9,7)([13]3,6,5)([14]10,8,5)([15]14,0,7)([16]7,0,5)([17]3,14,5)([18]11,7,5)([19]5,15,6)([20]5,5,1)([21]16,20,2)([22]17,15,2)([23]21,2,5)([24]21,21,2)([25]8,10,7)([26]1,3,0)([27]22,19,3)([28]15,6,2)([29]15,6,6)([30]18,24,1)([31]12,28,6)([32]30,9,7)([33]27,31,3)([34]33,23,7)([35]32,12,2)([36]22,13,4)([37]14,18,7)([38]1,25,1)([39]33,3,6)([40]35,25,7)([41]11,0,1)([42]35,36,5)([43]0,42,6)([44]20,9,0)([45]0,2,1)([46]29,35,3)([47]11,16,3)([48]40,7,1)([49]40,30,4)([50]43,9,3)([51]11,23,5)([52]48,6,1)([53]46,4,2)([54]53,34,3)([55]32,50,4)([56]41,31,5)([57]4,32,1)([58]37,17,7)([59]29,47,5)([60]28,1,2)([61]1,6,6)([62]58,44,1)([63]58,19,2)([64]52,12,1)([65]5,37,2)([66]38,61,2)([67]56,28,4)([68]21,55,6)([69]29,0,3)([70]60,22,4)([71]61,62,5)([72]40,37,0)([73]51,48,4)([74]54,68,3)([75]27,33,3)([76]70,74,7)([77]67,39,7)([78]27,21,1)([79]58,76,4)([80]8,76,0)([81]63,63,7)([82]13,59,2)([83]78,63,5)([84]4,58,2)([85]46,76,1)([86]52,49,1)(79)
evaluations: 33695151
first invidual area: 130.71
{7,1,80,1,2,1,8}([7]6,2,7)([8]2,4,7)([9]6,1,4)([10]5,9,4)([11]8,3,7)([12]9,11,7)([13]5,4,1)([14]10,8,5)([15]14,0,7)([16]0,7,5)([17]3,14,5)([18]6,5,2)([19]15,5,6)([20]15,18,3)([21]13,16,2)([22]17,15,2)([23]11,7,5)([24]23,9,5)([25]22,19,3)([26]17,19,4)([27]4,13,3)([28]15,6,2)([29]6,15,6)([30]12,28,6)([31]2,29,2)([32]1,28,5)([33]25,30,6)([34]21,25,0)([35]12,24,2)([36]30,19,5)([37]17,3,6)([38]35,31,3)([39]17,37,5)([40]13,13,4)([41]31,12,5)([42]21,39,5)([43]2,34,5)([44]1,3,0)([45]43,33,7)([46]11,42,7)([47]14,1,6)([48]39,33,3)([49]8,25,3)([50]31,9,6)([51]0,24,1)([52]51,17,5)([53]7,44,1)([54]44,49,0)([55]4,38,5)([56]3,25,4)([57]6,16,3)([58]25,15,3)([59]50,35,7)([60]24,52,7)([61]45,0,0)([62]61,55,5)([63]55,29,7)([64]39,29,6)([65]48,15,4)([66]28,53,0)([67]55,49,6)([68]34,59,6)([69]57,67,4)([70]32,23,4)([71]37,2,1)([72]38,71,0)([73]65,56,1)([74]62,68,6)([75]68,10,0)([76]70,74,4)([77]47,25,1)([78]13,52,2)([79]52,76,7)([80]59,62,5)([81]13,41,0)([82]72,72,6)([83]53,5,7)([84]40,29,7)([85]39,60,5)([86]17,23,0)(79)
optimized area: 110.54
time: 737020 ms
