seed: 1634022946
{7,1,80,1,2,1,8}([7]5,3,3)([8]5,2,4)([9]4,1,5)([10]2,3,5)([11]3,5,2)([12]7,6,7)([13]4,12,2)([14]1,13,6)([15]1,3,3)([16]9,12,4)([17]1,7,4)([18]8,14,4)([19]16,18,6)([20]14,6,7)([21]13,10,6)([22]16,10,2)([23]21,18,6)([24]19,5,4)([25]22,18,3)([26]17,24,5)([27]19,3,6)([28]22,3,5)([29]25,0,5)([30]24,0,4)([31]29,16,7)([32]7,27,5)([33]10,11,7)([34]19,33,2)([35]23,6,5)([36]30,35,7)([37]21,26,0)([38]2,15,3)([39]17,20,7)([40]12,14,6)([41]11,20,6)([42]38,17,4)([43]40,38,7)([44]38,36,2)([45]17,37,7)([46]44,26,2)([47]8,34,2)([48]41,46,6)([49]48,29,7)([50]4,47,2)([51]47,30,4)([52]51,9,2)([53]18,7,6)([54]49,42,5)([55]39,39,1)([56]33,26,6)([57]24,52,7)([58]0,3,6)([59]4,54,2)([60]59,48,2)([61]51,57,7)([62]59,46,7)([63]12,4,0)([64]62,53,0)([65]13,44,7)([66]47,55,4)([67]52,61,3)([68]11,29,3)([69]49,45,5)([70]64,61,0)([71]67,6,4)([72]40,31,7)([73]20,57,5)([74]0,10,1)([75]58,71,3)([76]67,49,5)([77]27,60,7)([78]69,16,3)([79]62,75,5)([80]54,19,7)([81]10,10,2)([82]79,53,4)([83]7,35,2)([84]82,69,5)([85]63,1,5)([86]71,16,5)(84)
evaluations: 45023329
first invidual area: 159.76
{7,1,80,1,2,1,8}([7]5,3,3)([8]5,2,4)([9]1,4,5)([10]2,3,5)([11]3,5,2)([12]6,7,7)([13]4,12,2)([14]1,13,6)([15]1,3,3)([16]9,12,4)([17]1,7,4)([18]8,14,4)([19]16,18,6)([20]14,6,7)([21]13,10,6)([22]16,10,2)([23]21,18,6)([24]19,5,4)([25]1,14,7)([26]17,24,5)([27]24,0,4)([28]22,18,3)([29]28,0,5)([30]29,9,7)([31]18,29,1)([32]11,20,4)([33]0,20,0)([34]10,11,5)([35]23,6,5)([36]27,35,7)([37]36,34,3)([38]2,15,3)([39]30,36,5)([40]33,27,2)([41]11,20,6)([42]22,38,5)([43]40,4,2)([44]26,36,2)([45]17,21,7)([46]44,38,2)([47]39,42,3)([48]41,46,3)([49]48,29,4)([50]27,10,7)([51]7,26,5)([52]24,9,2)([53]18,7,3)([54]49,42,5)([55]7,15,4)([56]17,28,2)([57]22,23,6)([58]33,3,6)([59]4,54,5)([60]42,44,3)([61]33,34,2)([62]59,46,4)([63]62,38,2)([64]43,30,4)([65]27,60,2)([66]52,52,5)([67]52,61,3)([68]35,15,3)([69]49,45,5)([70]7,42,2)([71]67,6,4)([72]69,21,6)([73]22,66,5)([74]64,21,1)([75]58,71,3)([76]4,59,7)([77]75,24,6)([78]75,76,3)([79]62,75,5)([80]34,6,0)([81]59,5,2)([82]79,53,7)([83]47,41,6)([84]82,69,5)([85]30,42,7)([86]9,77,1)(84)
optimized area: 137.24
time: 551336 ms
seed: 1634071786
{7,1,80,1,2,1,8}([7]1,6,7)([8]1,4,4)([9]2,5,3)([10]0,1,7)([11]4,3,6)([12]11,5,3)([13]10,11,3)([14]6,12,6)([15]14,10,6)([16]3,0,4)([17]3,5,7)([18]2,6,2)([19]9,15,7)([20]19,10,1)([21]7,16,5)([22]4,12,3)([23]14,10,0)([24]17,3,6)([25]7,19,3)([26]22,16,7)([27]18,19,5)([28]8,1,6)([29]26,27,4)([30]22,2,7)([31]13,30,2)([32]24,29,4)([33]16,12,4)([34]28,0,6)([35]16,33,7)([36]13,16,3)([37]8,25,7)([38]19,34,7)([39]31,32,6)([40]12,35,6)([41]28,2,6)([42]34,33,4)([43]0,20,5)([44]34,14,5)([45]7,33,2)([46]41,32,4)([47]21,41,7)([48]47,34,4)([49]5,25,7)([50]9,34,3)([51]31,18,6)([52]27,33,4)([53]39,49,3)([54]52,38,1)([55]37,48,2)([56]53,21,7)([57]10,47,2)([58]22,16,1)([59]33,43,2)([60]8,52,3)([61]26,29,5)([62]31,5,0)([63]50,22,0)([64]47,30,3)([65]45,60,0)([66]59,23,4)([67]1,60,2)([68]49,40,0)([69]56,55,3)([70]63,50,4)([71]24,0,3)([72]12,31,0)([73]52,68,2)([74]66,44,2)([75]56,60,5)([76]75,66,5)([77]17,19,1)([78]34,10,0)([79]44,50,0)([80]34,19,3)([81]31,62,3)([82]10,15,1)([83]81,40,0)([84]69,76,5)([85]4,57,1)([86]61,79,4)(84)
evaluations: 11838400
first invidual area: 143.84
{7,1,80,1,2,1,8}([7]6,1,7)([8]1,4,4)([9]2,5,3)([10]0,1,7)([11]4,3,6)([12]11,5,3)([13]5,0,1)([14]6,12,6)([15]14,10,3)([16]3,0,4)([17]12,9,2)([18]7,17,0)([19]15,9,4)([20]19,2,2)([21]16,7,5)([22]4,12,3)([23]12,10,3)([24]1,14,0)([25]21,3,6)([26]3,13,3)([27]6,20,5)([28]26,27,5)([29]28,22,7)([30]2,22,7)([31]30,23,5)([32]22,3,0)([33]12,16,4)([34]21,23,3)([35]16,29,4)([36]19,18,3)([37]0,31,3)([38]19,29,1)([39]35,31,2)([40]25,2,7)([41]30,38,3)([42]0,20,5)([43]38,0,5)([44]29,43,2)([45]18,8,7)([46]37,44,3)([47]7,14,5)([48]45,33,0)([49]14,45,5)([50]46,39,7)([51]13,36,4)([52]43,8,1)([53]39,51,3)([54]48,15,6)([55]48,40,2)([56]53,21,7)([57]35,7,7)([58]12,34,1)([59]56,56,3)([60]54,16,1)([61]56,55,3)([62]42,56,6)([63]31,2,2)([64]32,20,7)([65]27,33,5)([66]43,33,5)([67]60,57,1)([68]35,45,1)([69]59,60,5)([70]66,14,7)([71]65,8,3)([72]37,10,4)([73]68,35,3)([74]55,29,1)([75]56,71,5)([76]75,70,5)([77]6,32,2)([78]31,34,4)([79]46,27,1)([80]74,32,2)([81]49,80,3)([82]46,65,7)([83]61,76,5)([84]77,67,6)([85]3,77,4)([86]10,25,6)(83)
optimized area: 124.60
time: 690144 ms
seed: 1634233359
{7,1,80,1,2,1,8}([7]5,0,7)([8]6,0,5)([9]5,6,6)([10]9,2,3)([11]2,7,7)([12]3,9,4)([13]6,11,4)([14]0,1,7)([15]13,1,5)([16]3,7,1)([17]12,10,3)([18]7,10,7)([19]2,4,6)([20]16,5,6)([21]14,18,0)([22]7,15,5)([23]8,16,2)([24]1,13,6)([25]23,12,7)([26]20,4,7)([27]12,4,6)([28]8,17,5)([29]22,1,5)([30]26,19,6)([31]19,22,4)([32]5,4,5)([33]13,27,6)([34]13,11,6)([35]30,4,3)([36]17,26,4)([37]17,21,6)([38]33,16,4)([39]27,37,5)([40]38,30,4)([41]21,40,5)([42]17,17,2)([43]5,23,4)([44]26,9,4)([45]31,28,7)([46]14,15,7)([47]21,38,6)([48]22,24,5)([49]35,47,4)([50]49,11,7)([51]10,48,2)([52]26,1,4)([53]15,46,1)([54]21,25,0)([55]28,12,0)([56]51,41,3)([57]36,25,5)([58]50,37,4)([59]56,45,7)([60]42,12,3)([61]29,40,1)([62]59,58,3)([63]17,20,3)([64]45,59,7)([65]14,20,6)([66]2,46,6)([67]21,52,0)([68]35,41,3)([69]6,16,0)([70]62,29,4)([71]0,35,2)([72]37,35,1)([73]57,21,1)([74]40,69,0)([75]31,1,3)([76]49,59,0)([77]13,48,7)([78]4,20,0)([79]2,7,3)([80]73,70,4)([81]41,79,1)([82]80,4,7)([83]71,42,1)([84]4,16,0)([85]73,62,3)([86]14,20,0)(82)
evaluations: 28559768
first invidual area: 144.31
{7,1,80,1,2,1,8}([7]5,0,7)([8]6,0,5)([9]5,6,6)([10]2,9,3)([11]2,7,7)([12]9,3,4)([13]11,6,4)([14]0,1,7)([15]13,1,5)([16]3,1,1)([17]10,3,3)([18]3,0,5)([19]2,4,6)([20]16,5,6)([21]8,16,5)([22]7,15,5)([23]15,12,0)([24]22,22,3)([25]12,21,4)([26]4,20,7)([27]4,12,6)([28]8,17,5)([29]24,1,5)([30]19,26,6)([31]17,0,7)([32]24,20,5)([33]13,27,3)([34]32,18,0)([35]19,28,4)([36]26,10,4)([37]17,14,3)([38]33,16,7)([39]7,12,6)([40]30,38,4)([41]14,40,5)([42]33,20,6)([43]35,41,1)([44]39,5,5)([45]35,22,4)([46]4,30,3)([47]14,38,6)([48]46,45,5)([49]46,47,4)([50]36,25,5)([51]10,44,2)([52]1,11,4)([53]49,37,4)([54]18,7,0)([55]53,38,0)([56]51,41,6)([57]24,4,7)([58]55,11,4)([59]56,45,7)([60]3,17,3)([61]15,1,2)([62]59,58,6)([63]60,18,0)([64]6,31,5)([65]62,58,0)([66]39,32,5)([67]53,56,6)([68]42,66,1)([69]19,31,1)([70]29,65,7)([71]60,60,4)([72]16,37,2)([73]3,67,3)([74]27,65,2)([75]24,61,2)([76]51,72,7)([77]23,23,3)([78]69,61,6)([79]38,75,0)([80]50,70,7)([81]66,62,6)([82]80,4,7)([83]74,75,2)([84]65,15,3)([85]35,61,2)([86]59,66,1)(82)
optimized area: 142.44
time: 606851 ms
seed: 1634370839
NOT FOUND
time: 529129 ms
seed: 1634419877
NOT FOUND
time: 515635 ms
seed: 1634628188
NOT FOUND
time: 523680 ms
seed: 1635155200
{7,1,80,1,2,1,8}([7]1,3,4)([8]1,4,4)([9]1,5,6)([10]3,0,7)([11]6,4,4)([12]6,5,7)([13]11,6,0)([14]5,4,4)([15]2,12,7)([16]15,13,2)([17]16,8,7)([18]7,9,4)([19]6,0,7)([20]2,2,2)([21]10,8,7)([22]17,19,6)([23]22,12,5)([24]11,21,6)([25]20,22,4)([26]19,14,3)([27]5,2,2)([28]13,26,6)([29]27,1,7)([30]29,23,2)([31]20,7,4)([32]19,24,6)([33]30,10,2)([34]31,9,3)([35]25,9,0)([36]13,28,6)([37]18,32,3)([38]5,29,3)([39]37,1,4)([40]21,35,0)([41]36,34,3)([42]27,15,4)([43]3,24,2)([44]6,16,3)([45]30,41,5)([46]37,35,7)([47]21,35,2)([48]44,46,7)([49]45,48,4)([50]48,38,0)([51]40,44,7)([52]41,18,4)([53]26,19,4)([54]33,41,7)([55]9,49,1)([56]31,43,7)([57]50,38,6)([58]54,6,4)([59]12,52,7)([60]41,48,6)([61]59,43,6)([62]37,49,5)([63]58,21,6)([64]17,10,5)([65]34,26,3)([66]14,8,6)([67]8,39,3)([68]42,55,4)([69]40,12,4)([70]12,20,1)([71]63,57,2)([72]59,64,3)([73]33,9,3)([74]53,49,1)([75]22,31,4)([76]72,62,2)([77]46,3,7)([78]73,71,1)([79]18,26,7)([80]25,25,7)([81]17,62,1)([82]71,76,7)([83]16,78,1)([84]70,75,5)([85]23,17,0)([86]58,84,2)(82)
evaluations: 36137100
first invidual area: 159.80
{7,1,80,1,2,1,8}([7]3,1,4)([8]4,1,4)([9]1,5,6)([10]0,3,7)([11]4,6,4)([12]5,6,7)([13]11,0,0)([14]12,10,1)([15]14,2,4)([16]13,15,2)([17]16,8,7)([18]9,7,4)([19]0,6,7)([20]19,10,0)([21]10,8,7)([22]20,17,6)([23]22,12,5)([24]13,21,6)([25]9,5,3)([26]2,5,5)([27]2,18,4)([28]14,0,6)([29]26,1,4)([30]18,25,7)([31]20,9,5)([32]20,24,6)([33]2,22,7)([34]9,27,3)([35]9,20,0)([36]13,28,6)([37]32,18,3)([38]1,15,6)([39]32,32,7)([40]14,28,4)([41]36,34,3)([42]41,23,2)([43]6,16,6)([44]40,3,1)([45]29,42,5)([46]37,33,5)([47]11,41,3)([48]43,46,4)([49]45,48,4)([50]49,37,5)([51]31,45,6)([52]41,18,7)([53]14,46,2)([54]2,40,6)([55]32,54,6)([56]18,49,2)([57]48,25,6)([58]29,41,5)([59]14,52,7)([60]14,40,0)([61]8,8,0)([62]46,39,5)([63]42,21,6)([64]21,25,4)([65]49,1,1)([66]1,2,1)([67]10,17,5)([68]19,45,7)([69]26,40,3)([70]60,53,7)([71]63,57,5)([72]59,67,3)([73]58,2,2)([74]47,44,3)([75]32,21,3)([76]72,50,5)([77]25,50,3)([78]28,7,7)([79]21,76,5)([80]41,55,0)([81]54,47,5)([82]71,76,7)([83]44,27,6)([84]14,61,3)([85]12,28,6)([86]50,69,4)(82)
optimized area: 138.22
time: 585865 ms
seed: 1635204294
NOT FOUND
time: 524265 ms
seed: 1635383692
{7,1,80,1,2,1,8}([7]4,5,4)([8]1,6,4)([9]4,8,4)([10]5,5,1)([11]1,4,3)([12]9,3,2)([13]11,0,5)([14]3,9,7)([15]2,7,0)([16]7,14,2)([17]7,14,0)([18]7,0,5)([19]17,1,6)([20]4,3,6)([21]6,20,7)([22]1,8,5)([23]21,13,7)([24]6,4,2)([25]15,24,2)([26]0,8,2)([27]10,24,5)([28]27,15,4)([29]28,22,7)([30]19,11,3)([31]0,28,1)([32]25,14,3)([33]2,26,4)([34]25,18,7)([35]7,20,5)([36]31,30,4)([37]3,22,6)([38]18,6,2)([39]38,7,2)([40]19,5,2)([41]31,38,5)([42]32,35,4)([43]12,17,4)([44]13,3,5)([45]39,29,7)([46]38,43,3)([47]0,42,3)([48]42,1,0)([49]36,47,3)([50]49,28,0)([51]31,42,2)([52]33,40,3)([53]49,42,4)([54]3,10,2)([55]9,46,5)([56]11,50,4)([57]45,54,7)([58]32,33,2)([59]52,46,2)([60]52,11,1)([61]57,0,1)([62]45,2,0)([63]23,23,6)([64]47,29,1)([65]12,55,4)([66]65,64,3)([67]55,48,1)([68]23,25,4)([69]47,65,7)([70]40,9,3)([71]22,47,5)([72]36,67,5)([73]23,18,3)([74]69,30,4)([75]6,15,2)([76]58,69,2)([77]16,73,0)([78]59,29,2)([79]63,65,4)([80]17,53,1)([81]15,37,7)([82]46,35,7)([83]68,61,6)([84]74,83,6)([85]78,84,6)([86]24,5,0)(85)
evaluations: 10722165
first invidual area: 142.89
{7,1,80,1,2,1,8}([7]4,5,4)([8]6,1,4)([9]4,8,4)([10]1,8,5)([11]1,4,3)([12]4,6,2)([13]9,3,5)([14]9,3,7)([15]11,0,5)([16]5,1,1)([17]1,16,6)([18]6,15,7)([19]16,15,4)([20]3,4,6)([21]11,16,3)([22]11,5,5)([23]4,5,3)([24]12,16,5)([25]2,12,2)([26]0,8,5)([27]8,14,3)([28]2,24,5)([29]10,28,7)([30]3,7,4)([31]18,20,4)([32]0,7,5)([33]2,26,7)([34]8,30,7)([35]25,14,3)([36]29,2,0)([37]14,6,6)([38]6,32,2)([39]24,24,6)([40]3,16,5)([41]20,5,5)([42]4,1,3)([43]35,41,4)([44]38,7,5)([45]44,40,5)([46]30,38,3)([47]43,0,3)([48]17,15,4)([49]25,31,6)([50]41,17,2)([51]46,9,5)([52]33,50,3)([53]12,21,2)([54]36,35,4)([55]9,45,7)([56]43,5,5)([57]45,29,7)([58]3,19,0)([59]52,46,2)([60]27,8,6)([61]46,2,2)([62]13,51,4)([63]3,25,7)([64]58,22,7)([65]21,62,4)([66]54,61,0)([67]15,9,4)([68]41,23,1)([69]28,27,4)([70]14,45,1)([71]51,65,6)([72]48,36,4)([73]53,69,2)([74]65,47,4)([75]22,9,1)([76]62,30,5)([77]22,7,7)([78]59,29,2)([79]74,75,6)([80]78,69,4)([81]2,56,2)([82]37,52,1)([83]49,57,6)([84]74,83,6)([85]84,78,6)([86]5,65,4)(85)
optimized area: 131.62
time: 1170607 ms
seed: 1635635027
NOT FOUND
time: 1077976 ms
seed: 1635682729
NOT FOUND
time: 1057878 ms
seed: 1635730557
{7,1,80,1,2,1,8}([7]0,5,5)([8]2,1,4)([9]2,6,6)([10]4,2,7)([11]6,4,3)([12]1,2,3)([13]1,6,7)([14]3,5,2)([15]3,11,7)([16]7,0,5)([17]4,3,3)([18]14,4,3)([19]13,7,6)([20]9,0,4)([21]1,5,4)([22]0,21,3)([23]20,8,7)([24]17,13,4)([25]7,0,2)([26]10,7,4)([27]4,16,7)([28]19,8,7)([29]28,6,4)([30]29,2,5)([31]15,5,6)([32]24,10,3)([33]19,19,1)([34]29,15,7)([35]31,30,5)([36]25,28,2)([37]36,11,4)([38]24,27,2)([39]4,1,5)([40]39,6,4)([41]26,32,5)([42]19,3,1)([43]36,34,7)([44]30,21,6)([45]43,41,7)([46]20,44,4)([47]38,43,3)([48]24,18,1)([49]22,11,2)([50]10,35,7)([51]50,46,6)([52]27,23,5)([53]49,47,5)([54]50,53,5)([55]52,45,3)([56]42,12,6)([57]51,48,5)([58]17,52,2)([59]8,39,7)([60]2,57,7)([61]54,56,4)([62]20,52,0)([63]18,45,7)([64]59,13,3)([65]3,60,6)([66]31,25,2)([67]57,37,0)([68]64,27,2)([69]56,51,0)([70]28,67,2)([71]21,69,3)([72]60,33,3)([73]11,23,5)([74]23,36,0)([75]50,66,5)([76]26,48,4)([77]31,57,4)([78]76,71,1)([79]72,56,2)([80]17,38,2)([81]24,41,3)([82]70,61,7)([83]0,80,2)([84]61,70,4)([85]62,68,4)([86]55,84,2)(86)
evaluations: 36300906
first invidual area: 153.20
{7,1,80,1,2,1,8}([7]5,0,5)([8]1,2,4)([9]6,2,3)([10]4,2,7)([11]6,4,3)([12]0,11,3)([13]1,6,7)([14]9,0,5)([15]3,11,7)([16]7,13,3)([17]4,3,3)([18]15,13,6)([19]17,13,0)([20]0,9,7)([21]1,5,4)([22]0,21,3)([23]8,20,7)([24]19,13,4)([25]0,7,2)([26]10,7,5)([27]4,25,4)([28]16,8,4)([29]28,6,4)([30]29,9,5)([31]15,5,6)([32]24,10,3)([33]25,29,5)([34]29,15,7)([35]31,30,5)([36]9,26,0)([37]30,22,6)([38]24,27,2)([39]28,25,5)([40]19,12,4)([41]26,32,5)([42]30,16,3)([43]39,34,4)([44]41,22,0)([45]43,44,7)([46]20,37,3)([47]38,43,3)([48]6,22,5)([49]22,11,2)([50]10,35,7)([51]50,46,6)([52]27,23,5)([53]49,47,5)([54]50,53,5)([55]52,45,3)([56]28,53,7)([57]51,44,5)([58]52,10,3)([59]20,34,0)([60]11,8,5)([61]22,34,0)([62]28,38,1)([63]6,2,1)([64]21,22,5)([65]27,16,0)([66]51,35,1)([67]17,2,2)([68]46,13,5)([69]54,42,4)([70]28,57,5)([71]58,67,1)([72]38,27,7)([73]39,62,3)([74]48,58,0)([75]52,25,3)([76]9,53,5)([77]40,0,5)([78]11,17,3)([79]26,17,0)([80]73,44,7)([81]59,70,5)([82]51,58,3)([83]76,52,5)([84]69,70,4)([85]14,9,7)([86]55,84,2)(86)
optimized area: 140.08
time: 1167768 ms
seed: 1635777803
NOT FOUND
time: 1063185 ms
seed: 1635824743
NOT FOUND
time: 1072156 ms
seed: 1635867866
NOT FOUND
time: 1060086 ms
seed: 1635909880
NOT FOUND
time: 1064427 ms
seed: 1635946201
NOT FOUND
time: 1072909 ms
seed: 1635982306
NOT FOUND
time: 1068975 ms
seed: 1636018217
NOT FOUND
time: 1059336 ms
seed: 1636052957
NOT FOUND
time: 1098501 ms
seed: 1636086792
NOT FOUND
time: 1071490 ms
seed: 1636119884
NOT FOUND
time: 1058830 ms
seed: 1636152562
NOT FOUND
time: 1068341 ms
seed: 1636184990
{7,1,80,1,2,1,8}([7]6,3,7)([8]2,7,7)([9]5,0,4)([10]1,5,7)([11]9,1,4)([12]5,7,6)([13]4,12,0)([14]10,3,2)([15]13,6,6)([16]12,15,4)([17]14,2,6)([18]13,8,2)([19]17,13,0)([20]9,2,4)([21]19,4,2)([22]13,1,0)([23]21,5,7)([24]15,10,6)([25]5,24,3)([26]4,16,4)([27]14,7,5)([28]6,20,6)([29]12,19,6)([30]25,9,6)([31]26,25,2)([32]3,19,2)([33]9,28,1)([34]8,31,3)([35]33,7,3)([36]4,23,2)([37]25,11,2)([38]16,21,6)([39]5,7,4)([40]9,38,3)([41]24,26,4)([42]36,27,4)([43]32,37,6)([44]9,35,2)([45]41,28,6)([46]11,22,6)([47]1,8,4)([48]1,44,6)([49]18,28,5)([50]42,49,2)([51]3,29,3)([52]48,34,3)([53]11,5,0)([54]1,27,1)([55]10,28,4)([56]43,40,5)([57]6,32,7)([58]56,50,4)([59]13,8,3)([60]3,18,2)([61]53,7,1)([62]8,17,1)([63]58,24,1)([64]57,54,2)([65]44,39,0)([66]63,52,5)([67]47,51,6)([68]56,28,0)([69]20,49,6)([70]27,53,4)([71]9,55,0)([72]60,23,0)([73]0,67,5)([74]46,48,4)([75]24,59,5)([76]0,35,5)([77]38,30,4)([78]5,9,4)([79]13,63,5)([80]78,30,3)([81]2,23,3)([82]4,8,6)([83]66,73,5)([84]5,44,1)([85]2,22,1)([86]52,3,6)(83)
evaluations: 46215126
first invidual area: 128.80
{7,1,80,1,2,1,8}([7]6,3,7)([8]7,2,7)([9]5,0,4)([10]1,5,7)([11]1,9,4)([12]5,7,6)([13]9,12,0)([14]10,3,2)([15]6,4,6)([16]12,15,4)([17]14,2,6)([18]8,4,2)([19]11,17,6)([20]13,12,5)([21]5,16,0)([22]7,13,4)([23]17,21,7)([24]15,10,6)([25]5,24,3)([26]4,16,4)([27]14,6,5)([28]22,6,6)([29]1,24,4)([30]17,4,2)([31]26,25,2)([32]3,17,2)([33]25,11,2)([34]8,31,3)([35]15,23,4)([36]4,23,5)([37]15,30,2)([38]16,30,6)([39]37,18,4)([40]9,38,3)([41]28,18,5)([42]36,27,7)([43]32,33,6)([44]7,11,2)([45]36,18,5)([46]23,35,4)([47]1,8,4)([48]1,44,6)([49]24,17,2)([50]42,41,5)([51]3,19,3)([52]48,34,3)([53]38,49,2)([54]19,13,2)([55]38,33,6)([56]43,40,5)([57]10,24,5)([58]56,50,4)([59]53,32,1)([60]24,33,3)([61]24,7,2)([62]33,28,5)([63]17,5,7)([64]51,56,2)([65]38,62,2)([66]58,52,5)([67]47,51,6)([68]21,36,3)([69]1,53,5)([70]31,40,6)([71]24,29,5)([72]54,50,0)([73]0,67,5)([74]10,30,1)([75]73,54,3)([76]30,72,5)([77]52,46,7)([78]35,68,1)([79]25,36,4)([80]2,43,7)([81]57,51,2)([82]12,6,0)([83]66,73,5)([84]19,62,7)([85]49,68,1)([86]14,75,6)(83)
optimized area: 122.72
time: 1076968 ms
seed: 1636215641
{7,1,80,1,2,1,8}([7]0,3,6)([8]7,3,3)([9]6,4,4)([10]4,0,4)([11]9,4,6)([12]6,2,7)([13]2,0,2)([14]5,7,0)([15]4,12,7)([16]13,5,7)([17]10,3,3)([18]5,6,6)([19]12,10,7)([20]2,12,2)([21]2,10,5)([22]10,9,4)([23]1,5,4)([24]3,1,4)([25]9,13,7)([26]17,1,1)([27]9,6,1)([28]16,7,4)([29]14,3,6)([30]22,7,3)([31]23,30,6)([32]17,21,2)([33]29,22,4)([34]29,24,6)([35]33,15,5)([36]19,5,2)([37]30,34,7)([38]16,32,3)([39]25,26,1)([40]9,8,4)([41]4,38,3)([42]2,21,7)([43]4,35,2)([44]34,12,7)([45]41,31,7)([46]43,1,5)([47]15,20,5)([48]29,45,6)([49]5,37,2)([50]24,4,2)([51]46,11,7)([52]36,4,3)([53]4,38,6)([54]3,33,6)([55]20,44,6)([56]18,51,7)([57]3,53,3)([58]47,3,3)([59]52,38,2)([60]48,24,3)([61]56,60,5)([62]45,58,4)([63]55,21,4)([64]49,62,3)([65]13,19,7)([66]15,57,1)([67]45,41,5)([68]22,37,0)([69]55,59,6)([70]34,31,4)([71]48,66,5)([72]46,41,2)([73]23,9,3)([74]33,25,3)([75]1,21,6)([76]61,69,3)([77]76,65,6)([78]64,76,2)([79]39,47,1)([80]78,5,1)([81]70,33,0)([82]4,64,3)([83]52,48,0)([84]70,3,2)([85]15,82,2)([86]81,61,4)(78)
evaluations: 39514048
first invidual area: 145.23
{7,1,80,1,2,1,8}([7]5,5,2)([8]2,0,2)([9]6,7,0)([10]4,0,4)([11]5,8,7)([12]2,6,7)([13]6,4,6)([14]1,10,0)([15]3,9,0)([16]12,4,4)([17]3,0,6)([18]6,7,3)([19]10,12,7)([20]6,2,2)([21]2,10,5)([22]0,9,4)([23]14,7,4)([24]3,1,7)([25]12,13,5)([26]19,7,2)([27]10,15,3)([28]14,6,6)([29]5,15,6)([30]22,17,3)([31]23,30,3)([32]21,27,2)([33]22,29,4)([34]10,26,6)([35]33,12,5)([36]4,11,4)([37]30,24,7)([38]11,32,3)([39]24,26,5)([40]38,19,7)([41]4,38,6)([42]9,36,6)([43]4,35,2)([44]24,12,7)([45]31,41,7)([46]43,14,2)([47]4,20,5)([48]29,41,6)([49]5,37,2)([50]5,6,5)([51]46,13,6)([52]30,45,1)([53]37,48,0)([54]4,26,3)([55]20,44,6)([56]18,51,7)([57]34,38,5)([58]47,3,6)([59]54,38,2)([60]48,14,3)([61]56,60,5)([62]45,58,7)([63]43,37,1)([64]49,62,3)([65]30,8,1)([66]39,59,0)([67]63,9,1)([68]43,42,7)([69]55,59,6)([70]7,3,0)([71]54,1,2)([72]64,40,6)([73]43,65,4)([74]26,21,0)([75]48,65,4)([76]61,69,3)([77]52,51,3)([78]64,76,2)([79]57,58,7)([80]26,3,2)([81]11,23,7)([82]23,12,3)([83]65,54,4)([84]65,24,6)([85]13,59,0)([86]7,75,6)(78)
optimized area: 131.63
time: 1086802 ms
seed: 1636245538
NOT FOUND
time: 1073824 ms
seed: 1636264714
NOT FOUND
time: 1067502 ms
seed: 1636281335
NOT FOUND
time: 1062822 ms
seed: 1636297707
{7,1,80,1,2,1,8}([7]1,4,6)([8]7,6,7)([9]6,0,3)([10]5,0,7)([11]4,10,4)([12]8,11,5)([13]2,9,5)([14]9,10,5)([15]13,5,4)([16]4,3,7)([17]1,14,7)([18]13,0,1)([19]9,8,5)([20]1,12,0)([21]19,0,4)([22]14,0,3)([23]1,15,4)([24]8,2,5)([25]8,6,7)([26]17,12,4)([27]12,16,5)([28]17,14,6)([29]13,9,1)([30]27,20,7)([31]4,28,2)([32]2,2,0)([33]21,19,4)([34]27,23,4)([35]1,24,3)([36]1,26,3)([37]34,31,3)([38]22,36,2)([39]24,37,2)([40]21,39,2)([41]24,30,3)([42]6,25,1)([43]21,36,7)([44]30,9,0)([45]23,40,2)([46]3,43,6)([47]22,46,0)([48]3,11,4)([49]40,32,1)([50]48,32,0)([51]22,38,0)([52]39,16,0)([53]23,11,1)([54]25,38,2)([55]52,22,5)([56]6,9,1)([57]46,55,2)([58]9,10,5)([59]49,0,2)([60]19,57,5)([61]44,23,1)([62]49,60,4)([63]3,59,2)([64]38,21,2)([65]3,14,7)([66]43,54,2)([67]26,22,5)([68]11,62,7)([69]3,0,4)([70]48,41,2)([71]45,14,3)([72]17,55,7)([73]70,67,6)([74]73,45,3)([75]17,51,3)([76]63,44,2)([77]32,2,5)([78]53,50,2)([79]43,42,6)([80]40,40,2)([81]31,23,5)([82]71,72,3)([83]74,68,7)([84]59,76,5)([85]32,25,7)([86]83,51,0)(83)
evaluations: 24083274
first invidual area: 130.71
{7,1,80,1,2,1,8}([7]4,1,6)([8]6,7,7)([9]0,6,3)([10]0,5,7)([11]4,10,4)([12]11,8,5)([13]2,9,5)([14]10,9,5)([15]12,1,7)([16]3,4,7)([17]15,7,6)([18]14,11,6)([19]8,9,5)([20]5,1,4)([21]12,16,5)([22]14,0,3)([23]13,20,4)([24]2,8,5)([25]19,0,4)([26]14,15,4)([27]22,1,0)([28]10,16,7)([29]18,15,2)([30]11,7,0)([31]3,14,0)([32]27,26,5)([33]27,30,1)([34]23,21,4)([35]20,23,6)([36]1,26,6)([37]34,29,3)([38]5,3,4)([39]24,37,2)([40]25,39,2)([41]6,20,7)([42]40,23,2)([43]0,36,7)([44]43,31,6)([45]29,7,3)([46]5,10,4)([47]6,30,4)([48]21,19,6)([49]24,17,3)([50]44,19,0)([51]22,16,3)([52]21,20,4)([53]17,47,0)([54]49,28,2)([55]39,27,5)([56]51,33,2)([57]50,55,2)([58]38,5,2)([59]48,44,7)([60]57,19,5)([61]21,56,3)([62]40,60,4)([63]21,35,3)([64]9,28,1)([65]16,60,0)([66]49,48,6)([67]11,7,0)([68]11,62,7)([69]54,32,6)([70]36,2,0)([71]1,14,2)([72]23,20,0)([73]49,47,4)([74]69,42,3)([75]37,64,6)([76]73,28,0)([77]23,14,7)([78]39,8,4)([79]30,33,5)([80]44,8,4)([81]47,56,7)([82]4,9,6)([83]43,53,3)([84]65,43,7)([85]74,68,4)([86]61,75,1)(85)
optimized area: 126.96
time: 1268336 ms
seed: 1636314055
{7,1,80,1,2,1,8}([7]2,1,2)([8]5,1,7)([9]5,4,7)([10]5,5,6)([11]10,1,7)([12]6,3,7)([13]9,3,5)([14]2,5,4)([15]7,11,4)([16]2,14,6)([17]7,0,1)([18]0,6,4)([19]11,12,5)([20]3,17,3)([21]15,0,6)([22]13,6,4)([23]14,3,2)([24]21,9,4)([25]8,3,2)([26]5,0,3)([27]0,16,3)([28]22,16,4)([29]23,27,7)([30]29,28,0)([31]28,26,1)([32]11,1,1)([33]4,9,7)([34]29,28,3)([35]25,34,6)([36]7,17,2)([37]4,30,2)([38]6,34,4)([39]14,10,1)([40]8,18,4)([41]39,12,3)([42]20,14,4)([43]25,13,3)([44]19,39,5)([45]41,34,4)([46]3,7,7)([47]27,15,1)([48]19,18,4)([49]24,4,5)([50]35,11,4)([51]17,8,6)([52]24,44,2)([53]24,40,1)([54]26,52,7)([55]17,44,6)([56]14,51,3)([57]29,54,5)([58]54,50,3)([59]42,47,6)([60]22,42,7)([61]22,37,2)([62]48,57,5)([63]46,22,3)([64]52,23,6)([65]28,47,6)([66]63,62,2)([67]55,24,4)([68]43,59,2)([69]67,68,2)([70]34,15,2)([71]15,17,6)([72]53,0,3)([73]71,53,5)([74]38,60,2)([75]46,34,2)([76]61,69,4)([77]50,66,6)([78]76,40,2)([79]51,31,7)([80]52,77,6)([81]0,20,4)([82]78,80,4)([83]59,42,6)([84]69,64,0)([85]43,59,2)([86]29,0,1)(82)
evaluations: 12872250
first invidual area: 163.51
{7,1,80,1,2,1,8}([7]1,2,2)([8]5,1,7)([9]4,5,7)([10]7,3,7)([11]1,6,5)([12]6,10,4)([13]3,9,5)([14]2,5,4)([15]14,3,5)([16]14,5,6)([17]8,7,6)([18]0,6,4)([19]17,12,5)([20]6,1,3)([21]0,17,3)([22]13,6,4)([23]15,8,4)([24]21,9,7)([25]14,10,5)([26]0,16,6)([27]22,8,0)([28]22,10,3)([29]26,15,7)([30]3,8,2)([31]27,18,4)([32]25,4,6)([33]16,22,4)([34]30,33,3)([35]28,7,1)([36]4,29,2)([37]9,10,6)([38]14,37,6)([39]9,31,4)([40]30,32,4)([41]38,19,5)([42]18,8,4)([43]34,29,3)([44]40,28,2)([45]1,37,3)([46]26,12,1)([47]1,19,2)([48]19,18,4)([49]22,42,5)([50]43,8,4)([51]38,26,6)([52]41,24,2)([53]6,35,4)([54]22,22,5)([55]38,23,1)([56]9,7,3)([57]43,24,5)([58]47,30,7)([59]2,53,7)([60]19,45,2)([61]36,37,3)([62]20,48,5)([63]57,26,1)([64]2,61,7)([65]14,31,1)([66]28,62,2)([67]33,36,5)([68]56,51,2)([69]48,68,5)([70]49,49,4)([71]11,33,0)([72]52,20,3)([73]70,70,7)([74]61,62,2)([75]48,9,6)([76]67,69,4)([77]50,66,6)([78]76,42,5)([79]16,8,6)([80]77,52,3)([81]42,22,7)([82]80,78,4)([83]46,47,7)([84]1,38,0)([85]80,41,0)([86]13,35,5)(82)
optimized area: 132.11
time: 1298673 ms
seed: 1636330360
{7,1,80,1,2,1,8}([7]4,2,7)([8]1,4,3)([9]0,4,7)([10]8,1,7)([11]9,5,4)([12]6,0,5)([13]2,12,7)([14]0,11,4)([15]5,3,6)([16]14,3,2)([17]0,1,7)([18]13,14,4)([19]7,8,2)([20]16,10,4)([21]19,3,7)([22]0,20,3)([23]17,14,2)([24]5,22,2)([25]22,6,4)([26]10,9,5)([27]20,25,6)([28]23,15,7)([29]23,14,6)([30]17,4,3)([31]26,0,2)([32]18,15,4)([33]32,9,5)([34]12,11,5)([35]0,28,5)([36]13,28,6)([37]25,21,3)([38]5,24,7)([39]33,24,6)([40]9,17,5)([41]7,27,7)([42]37,39,7)([43]31,41,4)([44]40,34,5)([45]44,43,4)([46]10,30,5)([47]20,33,3)([48]5,38,7)([49]2,12,3)([50]44,47,6)([51]25,50,2)([52]36,44,7)([53]47,47,1)([54]6,38,3)([55]42,45,5)([56]23,52,0)([57]18,45,0)([58]50,12,7)([59]32,12,2)([60]18,42,0)([61]44,40,5)([62]55,52,4)([63]21,24,6)([64]58,28,5)([65]27,43,6)([66]57,47,7)([67]62,54,5)([68]67,25,0)([69]45,36,2)([70]68,51,7)([71]27,26,3)([72]15,54,6)([73]10,25,2)([74]60,18,6)([75]63,54,0)([76]20,20,4)([77]19,55,2)([78]10,32,5)([79]0,27,2)([80]29,56,0)([81]41,23,5)([82]54,14,7)([83]81,6,6)([84]66,2,0)([85]54,32,1)([86]18,19,6)(70)
evaluations: 31408353
first invidual area: 150.89
{7,1,80,1,2,1,8}([7]2,4,7)([8]4,1,3)([9]4,0,7)([10]8,1,7)([11]9,5,4)([12]0,6,5)([13]12,2,7)([14]0,11,4)([15]3,5,3)([16]3,14,5)([17]0,1,7)([18]12,3,7)([19]7,8,5)([20]16,10,7)([21]19,3,4)([22]0,20,6)([23]17,14,5)([24]7,18,7)([25]6,22,7)([26]9,17,5)([27]20,25,6)([28]23,15,7)([29]7,1,3)([30]6,28,1)([31]26,0,5)([32]11,19,5)([33]9,24,5)([34]12,11,5)([35]33,9,7)([36]13,28,6)([37]25,21,6)([38]5,27,5)([39]5,33,3)([40]34,19,0)([41]7,27,7)([42]37,39,4)([43]41,31,4)([44]26,34,5)([45]43,44,7)([46]1,24,4)([47]43,4,4)([48]42,17,7)([49]6,28,0)([50]33,29,6)([51]4,22,7)([52]36,43,7)([53]46,6,3)([54]39,45,7)([55]42,45,5)([56]55,29,3)([57]31,20,3)([58]43,57,3)([59]32,7,5)([60]19,20,1)([61]18,14,0)([62]55,52,7)([63]54,54,7)([64]19,7,5)([65]30,17,7)([66]61,47,6)([67]62,38,2)([68]36,23,7)([69]2,29,3)([70]33,7,7)([71]15,32,5)([72]35,46,3)([73]14,10,6)([74]10,37,5)([75]73,37,1)([76]19,46,1)([77]21,50,2)([78]12,33,0)([79]67,77,3)([80]20,55,0)([81]32,80,2)([82]37,37,4)([83]3,8,0)([84]53,74,5)([85]44,6,4)([86]26,28,0)(79)
optimized area: 137.76
time: 1219916 ms
