seed: 1634032327
NOT FOUND
time: 529289 ms
seed: 1634242766
{7,1,80,1,2,1,8}([7]6,4,2)([8]1,4,3)([9]2,8,7)([10]1,9,4)([11]7,5,3)([12]0,10,7)([13]10,12,7)([14]11,12,5)([15]1,2,7)([16]11,4,5)([17]12,10,5)([18]7,15,4)([19]6,9,7)([20]12,7,4)([21]5,19,7)([22]10,19,6)([23]3,18,3)([24]12,20,1)([25]17,6,7)([26]11,25,5)([27]21,23,3)([28]4,27,7)([29]14,22,5)([30]11,22,3)([31]1,20,3)([32]26,22,3)([33]3,19,2)([34]29,28,5)([35]23,26,5)([36]2,14,3)([37]31,34,2)([38]21,10,1)([39]6,8,4)([40]30,38,4)([41]35,40,6)([42]39,37,2)([43]19,1,3)([44]24,5,7)([45]22,39,3)([46]24,5,5)([47]37,43,0)([48]43,19,6)([49]12,20,2)([50]42,32,6)([51]46,50,4)([52]17,1,5)([53]18,33,6)([54]30,45,2)([55]23,8,1)([56]12,26,2)([57]43,12,0)([58]38,0,1)([59]37,57,3)([60]30,47,2)([61]49,2,5)([62]13,34,0)([63]6,49,0)([64]60,61,5)([65]51,30,0)([66]3,41,3)([67]34,13,7)([68]66,51,2)([69]66,42,3)([70]8,43,5)([71]61,68,2)([72]36,69,0)([73]66,48,5)([74]71,60,7)([75]38,46,2)([76]7,57,5)([77]36,56,7)([78]73,70,1)([79]75,68,5)([80]56,63,7)([81]46,19,3)([82]13,19,4)([83]2,60,3)([84]27,49,2)([85]51,58,7)([86]17,2,5)(74)
evaluations: 31659397
first invidual area: 125.54
{7,1,80,1,2,1,8}([7]6,4,2)([8]1,4,6)([9]2,8,4)([10]9,1,4)([11]5,7,3)([12]10,0,7)([13]10,12,5)([14]5,12,5)([15]7,1,4)([16]15,12,4)([17]8,10,2)([18]2,15,7)([19]6,9,7)([20]3,13,2)([21]19,5,7)([22]19,10,6)([23]3,21,3)([24]22,14,5)([25]13,6,7)([26]25,11,5)([27]18,23,3)([28]27,4,7)([29]18,17,4)([30]22,11,3)([31]1,16,3)([32]8,26,6)([33]23,16,5)([34]24,28,5)([35]26,18,5)([36]10,31,7)([37]30,34,2)([38]5,7,0)([39]9,20,7)([40]23,30,7)([41]35,40,6)([42]21,12,2)([43]12,2,2)([44]42,37,2)([45]0,9,4)([46]14,38,5)([47]22,26,3)([48]34,4,6)([49]4,37,7)([50]47,44,6)([51]46,50,4)([52]18,21,4)([53]40,4,3)([54]10,50,3)([55]48,35,7)([56]46,2,4)([57]10,31,7)([58]47,27,1)([59]9,12,6)([60]31,37,5)([61]43,31,5)([62]48,34,3)([63]29,15,5)([64]61,29,5)([65]46,1,0)([66]3,41,3)([67]18,66,2)([68]51,66,2)([69]28,51,2)([70]34,25,6)([71]61,68,5)([72]50,67,2)([73]14,33,4)([74]30,65,2)([75]40,44,5)([76]65,28,4)([77]73,7,7)([78]60,71,7)([79]75,41,7)([80]53,63,0)([81]28,17,3)([82]13,38,7)([83]80,9,2)([84]48,46,3)([85]10,39,3)([86]6,39,5)(78)
optimized area: 119.45
time: 599741 ms
seed: 1634380300
{7,1,80,1,2,1,8}([7]3,0,7)([8]5,0,2)([9]2,4,7)([10]9,2,2)([11]6,0,5)([12]2,1,4)([13]2,6,7)([14]11,4,4)([15]4,11,7)([16]8,3,4)([17]13,2,1)([18]5,8,4)([19]13,15,5)([20]13,0,0)([21]1,18,7)([22]9,7,4)([23]6,18,6)([24]23,21,3)([25]21,13,7)([26]14,11,1)([27]7,26,6)([28]8,22,6)([29]15,13,3)([30]22,16,5)([31]27,3,6)([32]1,22,4)([33]11,32,5)([34]9,18,7)([35]33,24,3)([36]34,21,5)([37]10,16,7)([38]28,20,6)([39]32,16,5)([40]28,36,2)([41]29,9,6)([42]20,38,0)([43]14,5,3)([44]35,41,3)([45]31,35,7)([46]30,9,6)([47]45,37,6)([48]11,19,6)([49]9,16,6)([50]29,40,6)([51]21,17,3)([52]39,25,7)([53]12,21,5)([54]24,19,7)([55]50,47,3)([56]32,45,0)([57]14,26,7)([58]21,8,7)([59]52,54,5)([60]34,19,3)([61]38,53,0)([62]46,59,4)([63]30,31,5)([64]4,23,2)([65]50,44,5)([66]54,42,4)([67]31,42,5)([68]46,53,4)([69]68,55,5)([70]66,62,0)([71]56,43,2)([72]30,53,6)([73]62,2,0)([74]40,68,3)([75]26,54,3)([76]65,65,1)([77]74,20,5)([78]24,4,0)([79]11,34,4)([80]74,58,2)([81]33,13,0)([82]58,75,7)([83]73,69,2)([84]83,25,5)([85]3,19,6)([86]85,1,1)(83)
evaluations: 36420310
first invidual area: 142.44
{7,1,80,1,2,1,8}([7]2,4,5)([8]0,5,2)([9]2,4,7)([10]8,5,4)([11]0,6,5)([12]2,1,4)([13]6,2,7)([14]11,4,4)([15]14,10,1)([16]8,3,4)([17]3,0,7)([18]12,3,1)([19]13,15,5)([20]4,13,7)([21]1,10,7)([22]9,17,4)([23]6,10,6)([24]23,21,3)([25]21,13,7)([26]10,17,6)([27]7,17,6)([28]25,22,5)([29]16,3,7)([30]23,8,4)([31]14,3,3)([32]1,22,4)([33]32,11,5)([34]9,14,1)([35]24,33,6)([36]24,34,5)([37]7,16,4)([38]1,14,6)([39]32,16,5)([40]28,36,2)([41]31,6,5)([42]19,16,2)([43]22,17,5)([44]22,16,5)([45]31,35,7)([46]37,43,6)([47]45,37,6)([48]39,25,7)([49]17,13,3)([50]15,40,6)([51]27,33,7)([52]27,33,1)([53]12,21,5)([54]24,19,7)([55]50,47,3)([56]40,15,6)([57]25,4,3)([58]56,33,3)([59]48,54,5)([60]18,35,6)([61]57,55,6)([62]46,59,4)([63]44,17,7)([64]11,9,3)([65]52,42,3)([66]20,55,6)([67]7,59,1)([68]59,53,7)([69]38,56,2)([70]30,16,1)([71]33,28,2)([72]37,31,2)([73]68,55,5)([74]24,51,5)([75]8,12,0)([76]73,55,1)([77]7,57,0)([78]55,66,3)([79]43,6,1)([80]60,28,4)([81]50,69,1)([82]66,2,6)([83]73,62,2)([84]47,5,2)([85]15,73,4)([86]32,51,5)(83)
optimized area: 128.84
time: 570396 ms
seed: 1634429280
{7,1,80,1,2,1,8}([7]2,4,5)([8]7,0,7)([9]1,6,4)([10]9,5,4)([11]5,6,4)([12]9,7,6)([13]5,8,7)([14]9,4,3)([15]12,6,2)([16]5,13,2)([17]6,2,7)([18]3,10,5)([19]4,11,7)([20]2,10,2)([21]13,17,2)([22]3,15,7)([23]11,13,3)([24]10,21,6)([25]24,8,4)([26]20,19,4)([27]14,24,6)([28]27,22,3)([29]22,7,5)([30]25,23,2)([31]8,22,2)([32]20,28,7)([33]22,18,4)([34]26,33,7)([35]34,0,4)([36]32,16,6)([37]26,25,4)([38]2,0,4)([39]35,30,5)([40]15,12,2)([41]10,36,1)([42]0,7,5)([43]26,30,7)([44]19,16,5)([45]27,30,1)([46]43,18,2)([47]39,35,5)([48]13,26,0)([49]11,13,0)([50]19,17,5)([51]37,45,2)([52]13,11,1)([53]34,17,7)([54]28,14,5)([55]38,21,3)([56]6,37,5)([57]39,44,2)([58]49,17,4)([59]54,55,5)([60]59,46,3)([61]16,17,2)([62]56,29,6)([63]57,62,3)([64]12,43,5)([65]36,60,5)([66]65,63,4)([67]24,29,2)([68]17,6,7)([69]35,31,7)([70]31,9,3)([71]48,53,5)([72]1,45,7)([73]36,27,1)([74]63,24,5)([75]63,29,7)([76]75,59,6)([77]19,59,3)([78]1,38,6)([79]39,31,7)([80]8,69,5)([81]25,2,1)([82]79,12,1)([83]29,15,5)([84]7,15,6)([85]14,10,4)([86]20,45,5)(66)
evaluations: 10096021
first invidual area: 143.37
{7,1,80,1,2,1,8}([7]2,4,5)([8]7,0,7)([9]1,6,4)([10]9,5,4)([11]5,6,4)([12]7,9,6)([13]8,5,7)([14]9,4,3)([15]12,1,5)([16]5,8,2)([17]6,2,7)([18]3,10,5)([19]11,4,7)([20]2,10,2)([21]13,17,2)([22]3,15,4)([23]13,11,3)([24]10,21,6)([25]24,8,4)([26]19,20,4)([27]24,14,6)([28]27,22,3)([29]19,16,5)([30]25,23,2)([31]28,20,7)([32]10,6,2)([33]0,18,4)([34]26,33,7)([35]22,34,4)([36]31,16,6)([37]17,21,0)([38]2,0,4)([39]30,35,5)([40]4,3,6)([41]37,3,3)([42]29,32,3)([43]25,26,7)([44]38,6,1)([45]41,29,2)([46]28,43,2)([47]5,41,1)([48]12,36,2)([49]39,15,5)([50]14,18,5)([51]26,41,4)([52]20,43,7)([53]52,41,1)([54]44,9,6)([55]21,38,3)([56]6,38,5)([57]39,29,2)([58]40,13,5)([59]50,55,5)([60]59,46,3)([61]30,57,5)([62]43,58,6)([63]57,62,6)([64]16,58,7)([65]11,39,3)([66]58,35,1)([67]36,60,5)([68]34,36,7)([69]23,20,7)([70]47,22,2)([71]39,31,3)([72]28,29,7)([73]44,16,7)([74]13,6,7)([75]26,24,6)([76]48,18,1)([77]58,67,5)([78]5,20,5)([79]65,62,1)([80]67,63,7)([81]65,20,7)([82]11,6,6)([83]2,10,1)([84]11,75,5)([85]0,67,4)([86]55,61,7)(80)
optimized area: 138.68
time: 745964 ms
seed: 1634637600
{7,1,80,1,2,1,8}([7]2,1,5)([8]3,0,6)([9]6,7,4)([10]0,6,4)([11]2,4,3)([12]11,11,6)([13]0,1,4)([14]3,7,4)([15]2,4,5)([16]14,4,5)([17]10,13,3)([18]17,1,2)([19]9,0,6)([20]13,19,6)([21]8,12,4)([22]20,5,2)([23]1,15,6)([24]17,5,4)([25]22,0,4)([26]24,7,7)([27]24,10,6)([28]26,22,4)([29]21,9,3)([30]18,10,4)([31]25,3,3)([32]29,27,3)([33]26,16,4)([34]32,21,6)([35]4,1,1)([36]30,14,3)([37]23,30,7)([38]33,36,2)([39]38,32,2)([40]39,37,3)([41]11,29,7)([42]39,11,4)([43]7,41,3)([44]40,29,2)([45]41,22,3)([46]27,34,6)([47]17,2,7)([48]42,17,5)([49]25,47,2)([50]0,32,7)([51]15,33,3)([52]34,37,3)([53]18,51,3)([54]4,41,5)([55]1,26,7)([56]21,51,6)([57]42,8,6)([58]34,38,3)([59]50,1,0)([60]10,10,5)([61]22,35,4)([62]54,49,4)([63]42,40,0)([64]40,45,6)([65]23,2,1)([66]35,65,0)([67]44,10,4)([68]62,63,5)([69]14,5,6)([70]53,16,3)([71]5,12,3)([72]14,48,4)([73]68,69,4)([74]64,70,4)([75]0,10,0)([76]74,8,3)([77]71,21,0)([78]11,22,7)([79]41,20,7)([80]12,30,0)([81]54,38,3)([82]76,73,2)([83]27,28,2)([84]12,29,7)([85]74,77,4)([86]42,76,3)(82)
evaluations: 12264072
first invidual area: 147.58
{7,1,80,1,2,1,8}([7]2,1,5)([8]3,0,6)([9]7,6,0)([10]0,6,4)([11]4,2,3)([12]8,11,7)([13]0,1,4)([14]3,9,4)([15]4,2,5)([16]13,15,7)([17]10,13,3)([18]14,4,5)([19]0,15,6)([20]19,13,6)([21]6,7,4)([22]15,10,4)([23]13,16,3)([24]9,21,1)([25]12,6,6)([26]9,11,4)([27]20,6,6)([28]5,7,7)([29]21,12,3)([30]5,20,5)([31]28,17,4)([32]19,29,3)([33]31,18,4)([34]17,2,7)([35]30,0,7)([36]14,27,3)([37]1,26,7)([38]33,36,2)([39]38,32,5)([40]5,21,4)([41]11,6,7)([42]39,11,7)([43]14,4,3)([44]8,12,0)([45]25,22,3)([46]5,14,6)([47]14,4,3)([48]5,8,2)([49]34,35,5)([50]45,6,5)([51]0,19,0)([52]20,14,1)([53]45,10,3)([54]4,29,5)([55]33,53,3)([56]37,8,6)([57]54,53,1)([58]15,25,0)([59]37,46,2)([60]7,3,3)([61]54,49,7)([62]59,6,0)([63]39,20,4)([64]1,45,6)([65]34,41,1)([66]23,17,2)([67]61,28,7)([68]42,61,5)([69]13,25,4)([70]5,8,3)([71]34,20,1)([72]62,39,1)([73]46,68,4)([74]64,55,4)([75]55,74,3)([76]44,74,3)([77]52,19,4)([78]27,71,4)([79]34,62,0)([80]3,66,7)([81]55,11,4)([82]41,71,7)([83]72,42,2)([84]76,73,2)([85]31,23,4)([86]57,48,5)(84)
optimized area: 127.43
time: 645729 ms
seed: 1635164535
NOT FOUND
time: 528766 ms
seed: 1635213741
{7,1,80,1,2,1,8}([7]1,2,2)([8]7,0,4)([9]5,0,2)([10]6,4,4)([11]2,3,7)([12]4,7,2)([13]5,8,2)([14]13,11,7)([15]3,13,3)([16]9,15,4)([17]11,5,4)([18]6,8,7)([19]5,11,3)([20]19,16,2)([21]13,16,1)([22]13,1,3)([23]2,16,3)([24]10,22,7)([25]18,14,4)([26]7,17,6)([27]25,26,5)([28]5,0,6)([29]18,25,6)([30]4,26,7)([31]27,0,3)([32]31,22,3)([33]31,21,5)([34]16,12,4)([35]32,30,3)([36]19,15,5)([37]28,15,3)([38]25,28,6)([39]0,27,3)([40]17,24,1)([41]35,0,7)([42]1,4,3)([43]22,19,2)([44]38,30,6)([45]23,44,2)([46]29,45,4)([47]25,32,7)([48]7,24,6)([49]45,26,3)([50]42,19,4)([51]48,33,4)([52]44,48,6)([53]36,10,2)([54]50,2,0)([55]12,43,2)([56]50,2,4)([57]54,34,7)([58]41,6,2)([59]9,48,7)([60]53,51,3)([61]59,47,4)([62]39,44,3)([63]60,46,6)([64]58,23,5)([65]34,14,0)([66]65,63,4)([67]27,54,1)([68]41,21,6)([69]0,64,7)([70]31,3,3)([71]59,30,5)([72]11,3,7)([73]13,22,0)([74]53,35,1)([75]56,69,5)([76]60,20,3)([77]75,47,6)([78]32,66,0)([79]49,65,2)([80]77,66,7)([81]68,5,4)([82]17,11,6)([83]16,27,1)([84]41,74,2)([85]11,50,7)([86]21,36,4)(80)
evaluations: 21408151
first invidual area: 160.71
{7,1,80,1,2,1,8}([7]1,2,2)([8]0,7,4)([9]5,0,5)([10]6,4,4)([11]2,3,7)([12]7,4,4)([13]5,8,2)([14]13,11,7)([15]13,3,6)([16]15,9,4)([17]5,11,4)([18]6,8,4)([19]15,7,0)([20]0,11,0)([21]13,0,1)([22]7,4,5)([23]2,16,3)([24]7,10,3)([25]18,14,7)([26]7,17,6)([27]25,26,5)([28]0,5,6)([29]14,25,6)([30]27,1,7)([31]4,26,7)([32]14,26,5)([33]30,21,5)([34]16,22,4)([35]11,1,7)([36]32,3,5)([37]27,9,5)([38]25,28,6)([39]27,10,2)([40]38,28,6)([41]17,31,4)([42]1,4,3)([43]24,4,0)([44]31,38,6)([45]23,44,5)([46]29,45,7)([47]9,30,5)([48]7,21,1)([49]27,22,7)([50]15,41,4)([51]33,24,7)([52]24,15,7)([53]10,36,2)([54]2,17,5)([55]3,52,7)([56]54,42,4)([57]15,0,3)([58]57,6,2)([59]36,18,2)([60]53,51,3)([61]25,57,4)([62]47,7,3)([63]46,60,6)([64]23,58,5)([65]49,23,6)([66]34,63,7)([67]51,49,2)([68]2,20,7)([69]0,64,7)([70]63,27,5)([71]22,40,3)([72]46,7,4)([73]64,30,6)([74]17,49,2)([75]69,56,5)([76]23,19,5)([77]75,40,3)([78]64,53,4)([79]60,18,6)([80]8,2,1)([81]51,30,1)([82]22,23,3)([83]66,77,4)([84]1,45,7)([85]77,75,4)([86]30,23,3)(83)
optimized area: 141.95
time: 633283 ms
seed: 1635644187
NOT FOUND
time: 1069862 ms
seed: 1635691885
NOT FOUND
time: 1051084 ms
seed: 1635739707
{7,1,80,1,2,1,8}([7]0,2,5)([8]3,7,2)([9]6,2,5)([10]0,4,1)([11]5,10,4)([12]1,6,2)([13]5,0,2)([14]1,5,5)([15]4,5,7)([16]14,6,7)([17]15,8,7)([18]5,0,4)([19]17,1,5)([20]5,15,5)([21]20,16,7)([22]15,3,7)([23]18,4,1)([24]16,11,5)([25]4,21,7)([26]13,7,2)([27]17,14,4)([28]9,10,6)([29]22,1,3)([30]1,7,3)([31]9,30,7)([32]30,10,1)([33]13,2,4)([34]24,15,3)([35]31,29,5)([36]25,27,3)([37]34,17,5)([38]2,36,7)([39]38,4,7)([40]36,29,6)([41]39,3,6)([42]25,19,7)([43]29,21,0)([44]35,25,2)([45]24,12,6)([46]41,45,5)([47]24,1,5)([48]37,34,2)([49]3,40,4)([50]44,17,1)([51]14,41,7)([52]44,10,1)([53]12,42,7)([54]33,51,3)([55]49,34,2)([56]39,8,0)([57]24,37,7)([58]3,44,4)([59]44,55,7)([60]42,54,2)([61]17,50,7)([62]20,56,3)([63]41,46,6)([64]60,21,7)([65]7,33,0)([66]64,31,2)([67]22,9,7)([68]64,48,7)([69]41,13,0)([70]46,59,4)([71]60,63,3)([72]28,26,3)([73]61,48,1)([74]35,66,3)([75]23,69,5)([76]45,29,4)([77]32,39,4)([78]15,59,3)([79]75,55,2)([80]75,65,0)([81]66,37,1)([82]12,40,2)([83]55,0,6)([84]61,75,7)([85]60,23,7)([86]60,70,7)(86)
evaluations: 22822250
first invidual area: 133.54
{7,1,80,1,2,1,8}([7]2,0,5)([8]6,2,5)([9]5,0,5)([10]8,9,2)([11]3,7,5)([12]2,0,5)([13]9,2,7)([14]1,5,5)([15]5,4,7)([16]14,6,7)([17]15,11,4)([18]5,15,3)([19]0,5,7)([20]1,12,1)([21]17,14,4)([22]17,12,0)([23]21,3,0)([24]19,16,5)([25]16,18,4)([26]3,15,7)([27]1,7,3)([28]20,17,0)([29]28,27,7)([30]26,1,3)([31]27,8,7)([32]22,1,5)([33]27,19,6)([34]1,14,2)([35]31,30,5)([36]24,15,3)([37]23,25,3)([38]37,2,7)([39]4,38,7)([40]37,27,3)([41]39,3,6)([42]25,32,7)([43]11,32,2)([44]35,25,5)([45]24,34,6)([46]41,45,5)([47]35,23,6)([48]24,8,1)([49]36,40,2)([50]29,14,2)([51]12,7,7)([52]3,3,2)([53]14,41,7)([54]13,53,3)([55]49,52,5)([56]1,1,5)([57]41,54,6)([58]33,35,5)([59]11,51,3)([60]27,1,6)([61]3,14,4)([62]54,16,0)([63]50,27,2)([64]34,24,6)([65]30,45,3)([66]44,55,7)([67]19,44,5)([68]28,23,2)([69]28,24,2)([70]46,66,5)([71]54,16,5)([72]49,7,6)([73]18,60,3)([74]14,40,3)([75]14,61,7)([76]28,4,0)([77]59,32,5)([78]9,9,5)([79]8,55,4)([80]54,42,5)([81]71,60,0)([82]68,74,1)([83]65,73,4)([84]63,59,5)([85]21,49,2)([86]80,70,4)(86)
optimized area: 120.40
time: 1231648 ms
seed: 1635787033
NOT FOUND
time: 1064592 ms
seed: 1635833900
NOT FOUND
time: 1084656 ms
seed: 1635877003
{7,1,80,1,2,1,8}([7]1,5,7)([8]0,4,3)([9]0,7,5)([10]4,1,4)([11]7,3,6)([12]10,6,3)([13]6,10,0)([14]8,2,5)([15]12,1,0)([16]10,1,2)([17]5,10,6)([18]17,2,7)([19]11,6,6)([20]10,1,3)([21]7,13,6)([22]14,9,4)([23]11,3,6)([24]5,8,2)([25]24,22,6)([26]7,13,2)([27]25,23,4)([28]12,3,5)([29]0,13,1)([30]9,29,3)([31]0,22,4)([32]18,18,2)([33]3,5,5)([34]24,29,4)([35]12,3,3)([36]26,16,4)([37]10,8,7)([38]28,26,7)([39]20,0,4)([40]13,18,6)([41]14,14,1)([42]38,39,5)([43]39,42,7)([44]29,28,4)([45]42,40,4)([46]17,20,3)([47]18,12,2)([48]40,44,4)([49]37,2,4)([50]39,48,2)([51]45,18,6)([52]33,34,2)([53]52,51,4)([54]50,43,5)([55]9,3,0)([56]53,6,4)([57]4,13,0)([58]45,25,2)([59]53,38,7)([60]54,36,1)([61]11,16,7)([62]54,27,7)([63]23,32,7)([64]62,49,6)([65]56,36,6)([66]36,49,5)([67]55,22,2)([68]64,29,4)([69]2,37,1)([70]49,1,0)([71]36,39,7)([72]63,9,0)([73]28,31,7)([74]64,34,2)([75]72,26,4)([76]35,65,7)([77]68,76,6)([78]4,59,7)([79]73,51,4)([80]77,5,2)([81]33,56,3)([82]79,77,7)([83]73,26,3)([84]63,8,4)([85]47,32,7)([86]45,5,2)(82)
evaluations: 8029368
first invidual area: 167.30
{7,1,80,1,2,1,8}([7]1,5,7)([8]4,0,3)([9]0,7,5)([10]1,4,4)([11]10,1,3)([12]10,6,3)([13]10,8,4)([14]2,13,6)([15]3,9,0)([16]3,10,6)([17]10,5,6)([18]17,2,7)([19]8,2,5)([20]7,16,1)([21]20,15,3)([22]9,19,4)([23]1,8,1)([24]8,5,2)([25]24,22,3)([26]6,7,2)([27]25,21,4)([28]12,3,5)([29]1,10,5)([30]29,8,4)([31]7,6,4)([32]26,29,7)([33]28,26,7)([34]24,0,7)([35]21,3,2)([36]5,3,5)([37]21,34,3)([38]1,14,5)([39]11,0,4)([40]18,6,6)([41]36,34,5)([42]33,39,5)([43]9,42,2)([44]12,3,6)([45]42,40,4)([46]45,20,0)([47]8,2,4)([48]40,3,3)([49]13,2,7)([50]39,48,2)([51]46,18,6)([52]44,11,6)([53]6,51,7)([54]43,50,5)([55]46,21,2)([56]53,41,4)([57]0,51,7)([58]36,36,5)([59]54,27,7)([60]8,28,3)([61]54,20,2)([62]36,1,0)([63]19,43,7)([64]59,49,6)([65]56,32,3)([66]53,46,6)([67]45,45,7)([68]64,0,7)([69]6,22,7)([70]58,9,2)([71]53,45,6)([72]31,22,2)([73]28,57,4)([74]16,42,6)([75]27,21,2)([76]65,44,7)([77]68,76,6)([78]54,59,7)([79]73,22,4)([80]3,75,5)([81]79,5,0)([82]23,24,6)([83]47,63,1)([84]77,79,7)([85]4,40,1)([86]45,75,0)(84)
optimized area: 154.63
time: 1347119 ms
seed: 1635919087
NOT FOUND
time: 1053602 ms
seed: 1635955339
{7,1,80,1,2,1,8}([7]4,1,4)([8]5,2,7)([9]3,8,6)([10]5,7,4)([11]2,7,3)([12]3,6,4)([13]8,12,3)([14]9,3,7)([15]8,0,7)([16]5,7,6)([17]3,13,2)([18]7,17,7)([19]0,16,4)([20]15,0,7)([21]1,11,4)([22]18,21,6)([23]19,19,2)([24]4,9,7)([25]14,4,1)([26]17,21,3)([27]18,8,4)([28]7,23,6)([29]3,1,6)([30]21,12,4)([31]29,30,7)([32]17,25,3)([33]27,13,2)([34]7,8,1)([35]22,19,7)([36]31,22,3)([37]2,36,4)([38]25,24,7)([39]2,4,0)([40]33,25,4)([41]33,28,6)([42]33,26,0)([43]20,19,3)([44]9,17,0)([45]13,33,4)([46]30,11,2)([47]42,15,5)([48]32,4,5)([49]38,27,6)([50]7,29,0)([51]41,30,2)([52]26,10,6)([53]43,45,4)([54]2,24,0)([55]8,31,1)([56]49,52,6)([57]11,52,4)([58]5,29,6)([59]44,19,2)([60]35,56,2)([61]8,7,6)([62]36,47,1)([63]12,6,4)([64]47,1,7)([65]46,15,2)([66]63,42,1)([67]34,43,3)([68]51,55,2)([69]8,37,2)([70]56,6,5)([71]10,65,5)([72]56,55,0)([73]23,26,4)([74]60,69,3)([75]12,71,6)([76]51,74,3)([77]3,76,4)([78]75,17,2)([79]30,52,5)([80]77,75,3)([81]28,65,4)([82]47,33,5)([83]81,79,3)([84]1,48,7)([85]5,50,7)([86]2,62,3)(80)
evaluations: 23337066
first invidual area: 139.16
{7,1,80,1,2,1,8}([7]4,1,4)([8]5,2,7)([9]7,2,6)([10]5,7,6)([11]3,0,0)([12]11,6,4)([13]12,8,3)([14]8,10,0)([15]4,11,4)([16]11,10,2)([17]13,11,2)([18]7,17,7)([19]0,10,4)([20]5,7,4)([21]9,1,7)([22]21,18,6)([23]7,19,6)([24]19,14,7)([25]7,17,2)([26]17,1,3)([27]18,14,4)([28]13,2,2)([29]21,17,3)([30]12,21,4)([31]30,26,4)([32]29,20,6)([33]27,13,2)([34]33,23,6)([35]22,19,7)([36]22,31,3)([37]29,36,1)([38]3,13,3)([39]36,2,4)([40]23,9,1)([41]25,0,2)([42]24,30,2)([43]37,18,6)([44]31,31,0)([45]25,10,4)([46]28,32,1)([47]8,19,2)([48]35,33,0)([49]8,2,3)([50]22,12,1)([51]34,30,2)([52]15,27,6)([53]52,32,6)([54]42,33,1)([55]20,42,5)([56]11,3,5)([57]44,17,7)([58]43,54,0)([59]21,17,2)([60]35,53,2)([61]11,60,0)([62]6,49,6)([63]26,23,5)([64]54,13,7)([65]4,44,2)([66]59,20,3)([67]39,57,6)([68]63,46,7)([69]8,39,2)([70]32,14,4)([71]13,54,2)([72]66,39,6)([73]47,3,4)([74]60,69,3)([75]1,55,6)([76]51,74,6)([77]3,76,7)([78]18,34,1)([79]77,75,3)([80]2,33,6)([81]27,66,0)([82]45,33,1)([83]52,80,6)([84]41,37,3)([85]27,52,7)([86]2,66,0)(79)
optimized area: 123.70
time: 1177337 ms
seed: 1635991462
NOT FOUND
time: 1082710 ms
seed: 1636027361
NOT FOUND
time: 1065813 ms
seed: 1636062090
NOT FOUND
time: 1060823 ms
seed: 1636096005
{7,1,80,1,2,1,8}([7]0,3,4)([8]5,4,7)([9]7,2,5)([10]6,8,5)([11]6,10,7)([12]1,2,6)([13]1,2,5)([14]5,11,4)([15]9,4,4)([16]14,0,3)([17]12,8,3)([18]14,0,5)([19]18,9,2)([20]7,13,7)([21]9,17,5)([22]15,16,2)([23]5,21,1)([24]20,7,1)([25]22,22,2)([26]18,20,2)([27]26,1,5)([28]6,5,2)([29]21,3,7)([30]18,21,6)([31]10,1,0)([32]27,30,4)([33]25,32,7)([34]29,23,5)([35]4,3,4)([36]0,21,3)([37]29,12,1)([38]24,2,4)([39]14,28,4)([40]17,23,1)([41]19,35,7)([42]21,35,5)([43]1,34,0)([44]21,38,0)([45]33,33,7)([46]25,2,6)([47]19,21,6)([48]34,41,3)([49]47,41,0)([50]1,41,3)([51]22,36,0)([52]13,36,7)([53]43,42,1)([54]0,38,6)([55]50,48,3)([56]54,31,7)([57]49,3,3)([58]52,3,6)([59]52,32,7)([60]14,14,4)([61]55,13,7)([62]39,33,2)([63]62,21,2)([64]17,61,4)([65]52,6,6)([66]64,23,2)([67]15,0,2)([68]47,54,2)([69]25,49,6)([70]62,57,7)([71]22,25,6)([72]60,61,5)([73]61,56,3)([74]58,70,6)([75]71,68,1)([76]74,73,4)([77]46,55,5)([78]2,77,2)([79]35,24,3)([80]26,27,0)([81]33,17,6)([82]76,10,7)([83]26,39,7)([84]18,39,6)([85]12,64,0)([86]51,77,4)(76)
evaluations: 20699021
first invidual area: 144.77
{7,1,80,1,2,1,8}([7]0,3,4)([8]5,4,7)([9]7,2,5)([10]6,8,5)([11]10,6,5)([12]2,1,6)([13]2,1,5)([14]5,11,7)([15]9,4,4)([16]0,14,3)([17]8,12,3)([18]14,0,5)([19]15,16,5)([20]13,7,7)([21]5,2,1)([22]6,5,5)([23]20,18,2)([24]22,9,0)([25]17,9,5)([26]25,3,7)([27]18,21,1)([28]1,23,2)([29]26,18,6)([30]18,25,6)([31]21,1,0)([32]28,30,6)([33]32,19,4)([34]26,31,5)([35]7,17,6)([36]19,33,6)([37]11,16,3)([38]5,12,0)([39]22,14,7)([40]20,35,4)([41]15,27,6)([42]41,18,6)([43]38,19,0)([44]0,12,3)([45]26,13,0)([46]41,25,4)([47]41,38,4)([48]28,7,3)([49]1,46,3)([50]24,48,5)([51]28,35,7)([52]25,19,4)([53]40,29,1)([54]44,20,3)([55]49,34,3)([56]54,10,4)([57]30,3,6)([58]40,3,6)([59]34,13,2)([60]47,56,1)([61]13,55,2)([62]39,33,5)([63]44,44,0)([64]19,11,7)([65]41,52,6)([66]39,29,7)([67]1,55,5)([68]52,49,0)([69]39,32,5)([70]62,57,7)([71]65,30,2)([72]3,46,7)([73]61,56,3)([74]58,70,3)([75]32,49,3)([76]74,73,7)([77]28,72,0)([78]39,50,0)([79]54,42,3)([80]24,36,7)([81]73,2,1)([82]78,23,7)([83]74,49,0)([84]49,54,3)([85]56,27,6)([86]5,8,0)(76)
optimized area: 124.59
time: 1242935 ms
seed: 1636129145
NOT FOUND
time: 1061955 ms
seed: 1636161692
{7,1,80,1,2,1,8}([7]5,2,3)([8]4,1,6)([9]7,0,7)([10]1,4,5)([11]6,0,7)([12]8,2,7)([13]6,5,7)([14]1,9,6)([15]10,10,2)([16]5,3,5)([17]14,16,4)([18]4,13,7)([19]6,18,5)([20]14,3,6)([21]18,20,2)([22]11,16,0)([23]18,2,1)([24]18,16,7)([25]22,14,7)([26]25,20,3)([27]5,1,3)([28]27,15,7)([29]12,17,4)([30]24,15,5)([31]27,2,4)([32]29,26,2)([33]1,25,5)([34]4,26,6)([35]13,16,4)([36]10,28,1)([37]14,15,4)([38]23,9,1)([39]31,21,5)([40]32,19,5)([41]20,1,4)([42]3,40,7)([43]4,23,6)([44]2,39,4)([45]39,8,6)([46]12,28,5)([47]34,42,6)([48]1,0,2)([49]11,44,0)([50]31,9,3)([51]19,34,6)([52]30,37,7)([53]23,7,7)([54]6,24,1)([55]33,53,4)([56]48,20,2)([57]9,54,4)([58]26,29,1)([59]7,45,2)([60]51,53,2)([61]44,18,5)([62]7,13,5)([63]5,36,2)([64]37,16,5)([65]30,1,0)([66]57,7,1)([67]61,56,7)([68]47,59,7)([69]52,67,3)([70]55,69,3)([71]17,70,2)([72]27,57,0)([73]49,42,1)([74]40,48,7)([75]0,27,1)([76]46,1,5)([77]68,70,5)([78]58,20,5)([79]49,7,5)([80]76,27,2)([81]54,23,7)([82]32,77,3)([83]26,27,2)([84]58,2,2)([85]52,49,5)([86]27,42,6)(77)
evaluations: 5026741
first invidual area: 140.09
{7,1,80,1,2,1,8}([7]2,5,3)([8]4,1,6)([9]7,0,7)([10]3,5,5)([11]2,1,5)([12]5,4,7)([13]8,2,4)([14]1,9,6)([15]1,4,5)([16]12,6,5)([17]14,10,7)([18]12,6,7)([19]6,0,4)([20]3,14,6)([21]14,19,4)([22]18,17,7)([23]11,20,2)([24]11,20,2)([25]15,22,2)([26]20,21,3)([27]17,13,4)([28]26,23,1)([29]19,1,5)([30]2,9,7)([31]6,1,5)([32]20,0,5)([33]8,10,3)([34]27,26,2)([35]7,18,5)([36]21,9,7)([37]31,15,0)([38]17,11,4)([39]31,28,3)([40]34,16,5)([41]33,1,0)([42]40,3,7)([43]27,8,7)([44]2,42,4)([45]15,1,0)([46]36,22,0)([47]1,38,4)([48]4,26,6)([49]24,9,0)([50]48,42,6)([51]33,37,1)([52]7,35,5)([53]38,45,0)([54]29,13,2)([55]52,29,4)([56]31,9,0)([57]21,18,2)([58]35,44,6)([59]49,58,5)([60]13,21,6)([61]18,44,2)([62]47,54,5)([63]28,52,2)([64]43,6,5)([65]6,14,4)([66]3,4,0)([67]32,55,5)([68]50,59,4)([69]25,67,3)([70]69,61,3)([71]5,46,5)([72]58,5,7)([73]35,39,6)([74]9,10,5)([75]70,68,5)([76]6,11,3)([77]30,51,6)([78]10,76,2)([79]75,50,6)([80]36,36,5)([81]20,41,0)([82]64,56,6)([83]43,81,1)([84]77,62,7)([85]55,6,5)([86]73,81,4)(75)
optimized area: 116.17
time: 1406515 ms
seed: 1636194158
{7,1,80,1,2,1,8}([7]4,2,6)([8]4,0,5)([9]8,5,7)([10]4,9,7)([11]1,2,7)([12]6,10,4)([13]1,8,3)([14]11,7,4)([15]6,0,7)([16]0,1,1)([17]5,14,4)([18]12,17,2)([19]18,17,5)([20]3,18,6)([21]15,7,3)([22]15,2,4)([23]19,13,2)([24]2,11,5)([25]2,11,2)([26]6,4,7)([27]20,1,2)([28]22,27,6)([29]17,23,3)([30]3,0,7)([31]9,13,5)([32]30,23,3)([33]1,8,3)([34]14,28,7)([35]12,3,6)([36]5,16,7)([37]32,15,1)([38]33,26,2)([39]31,15,5)([40]37,10,4)([41]34,17,5)([42]36,5,1)([43]40,41,1)([44]39,35,3)([45]14,29,4)([46]42,37,2)([47]44,24,7)([48]40,46,4)([49]42,34,2)([50]27,22,7)([51]3,49,3)([52]51,43,3)([53]52,47,2)([54]53,40,5)([55]53,49,3)([56]30,10,4)([57]40,29,2)([58]19,33,1)([59]26,21,5)([60]55,8,2)([61]18,19,6)([62]18,41,7)([63]37,17,3)([64]50,11,4)([65]52,14,1)([66]34,59,3)([67]55,57,4)([68]66,44,7)([69]37,31,6)([70]26,67,7)([71]28,70,3)([72]2,52,3)([73]72,19,1)([74]2,56,1)([75]34,20,2)([76]7,11,3)([77]23,24,7)([78]68,67,2)([79]28,64,4)([80]61,35,0)([81]75,51,4)([82]15,39,3)([83]31,23,3)([84]2,53,7)([85]19,4,2)([86]23,2,6)(78)
evaluations: 41323894
first invidual area: 138.66
{7,1,80,1,2,1,8}([7]2,4,6)([8]0,4,5)([9]8,5,7)([10]9,4,7)([11]2,7,6)([12]10,6,4)([13]1,8,3)([14]11,1,4)([15]0,6,7)([16]5,0,7)([17]5,14,4)([18]17,12,2)([19]18,1,1)([20]3,18,6)([21]15,7,3)([22]15,2,4)([23]19,13,2)([24]2,1,5)([25]2,7,2)([26]6,4,7)([27]20,1,2)([28]27,22,6)([29]17,13,3)([30]3,0,7)([31]9,13,5)([32]16,8,1)([33]30,23,6)([34]14,28,7)([35]13,4,6)([36]3,26,6)([37]11,22,2)([38]33,6,4)([39]29,10,7)([40]33,10,4)([41]15,33,3)([42]29,34,7)([43]15,31,5)([44]43,36,3)([45]24,12,7)([46]17,16,6)([47]44,24,7)([48]44,46,0)([49]16,34,2)([50]40,41,1)([51]45,15,0)([52]3,50,3)([53]52,47,2)([54]32,23,4)([55]53,49,6)([56]25,8,1)([57]40,29,5)([58]20,56,5)([59]26,21,5)([60]24,21,7)([61]44,17,0)([62]8,53,5)([63]43,10,2)([64]8,28,5)([65]33,64,1)([66]34,59,3)([67]55,57,4)([68]66,61,7)([69]0,6,4)([70]41,34,0)([71]3,31,4)([72]33,51,0)([73]51,67,0)([74]42,57,4)([75]74,16,4)([76]62,63,5)([77]31,39,1)([78]68,67,2)([79]55,42,6)([80]66,75,1)([81]31,3,3)([82]36,1,1)([83]25,45,1)([84]65,37,2)([85]50,59,3)([86]28,41,6)(78)
optimized area: 128.83
time: 1130385 ms
seed: 1636224868
{7,1,80,1,2,1,8}([7]2,0,5)([8]2,6,4)([9]4,1,6)([10]8,4,6)([11]5,10,3)([12]11,4,2)([13]2,3,3)([14]13,1,2)([15]14,0,7)([16]6,11,7)([17]4,15,6)([18]14,1,0)([19]7,15,0)([20]12,7,0)([21]5,20,7)([22]19,10,7)([23]0,6,5)([24]23,22,5)([25]10,23,3)([26]0,8,1)([27]15,2,6)([28]6,7,7)([29]23,2,7)([30]28,26,4)([31]29,24,7)([32]17,3,7)([33]15,10,1)([34]24,30,2)([35]12,7,2)([36]6,30,0)([37]20,28,4)([38]12,36,6)([39]27,34,6)([40]16,2,6)([41]19,3,3)([42]7,32,4)([43]9,29,7)([44]43,2,5)([45]3,44,5)([46]0,3,6)([47]23,44,5)([48]39,5,5)([49]1,16,7)([50]40,36,2)([51]20,45,7)([52]37,41,7)([53]14,31,3)([54]4,1,4)([55]15,38,3)([56]55,21,7)([57]27,3,6)([58]49,11,4)([59]10,41,1)([60]15,12,7)([61]49,53,2)([62]33,44,1)([63]52,48,4)([64]0,14,3)([65]13,47,7)([66]35,33,2)([67]36,31,7)([68]51,61,3)([69]56,38,1)([70]32,56,6)([71]40,26,4)([72]71,59,0)([73]64,37,7)([74]37,59,0)([75]59,32,6)([76]61,53,2)([77]11,76,7)([78]50,68,4)([79]65,7,7)([80]6,0,2)([81]70,78,3)([82]43,27,1)([83]2,25,5)([84]35,75,0)([85]25,74,2)([86]63,81,4)(86)
evaluations: 18403341
first invidual area: 148.53
{7,1,80,1,2,1,8}([7]0,2,5)([8]6,2,4)([9]3,2,3)([10]8,4,6)([11]10,5,3)([12]11,4,2)([13]4,6,6)([14]1,9,5)([15]0,14,4)([16]11,6,4)([17]15,4,3)([18]7,17,7)([19]2,15,6)([20]4,1,3)([21]12,5,4)([22]10,7,7)([23]0,6,5)([24]22,16,5)([25]23,20,4)([26]7,5,0)([27]23,2,7)([28]26,6,7)([29]28,27,0)([30]28,0,7)([31]21,2,3)([32]17,3,4)([33]24,27,2)([34]33,10,3)([35]1,16,4)([36]24,30,2)([37]29,12,4)([38]20,21,6)([39]19,36,6)([40]19,35,5)([41]26,3,6)([42]41,37,4)([43]16,10,4)([44]25,2,5)([45]3,44,5)([46]34,41,0)([47]12,45,7)([48]39,5,5)([49]4,6,1)([50]32,30,3)([51]33,47,5)([52]6,8,5)([53]30,15,5)([54]13,15,3)([55]20,1,3)([56]54,21,4)([57]51,48,0)([58]48,48,2)([59]31,34,7)([60]48,37,6)([61]35,34,2)([62]46,30,2)([63]26,25,3)([64]58,42,7)([65]52,5,6)([66]34,52,7)([67]62,50,6)([68]47,61,6)([69]19,44,1)([70]32,56,6)([71]3,57,0)([72]0,16,3)([73]2,67,4)([74]47,70,5)([75]62,12,6)([76]1,14,0)([77]15,44,7)([78]65,68,7)([79]40,76,3)([80]14,44,0)([81]70,78,3)([82]28,53,7)([83]33,20,0)([84]4,20,6)([85]60,62,7)([86]64,81,7)(86)
optimized area: 143.84
time: 1240200 ms
seed: 1636254751
{7,1,80,1,2,1,8}([7]0,6,4)([8]2,7,7)([9]4,0,7)([10]8,1,2)([11]7,5,7)([12]10,6,6)([13]7,4,6)([14]10,11,7)([15]13,5,7)([16]13,6,3)([17]15,2,3)([18]9,16,4)([19]2,6,7)([20]14,9,5)([21]17,3,7)([22]21,18,4)([23]19,5,1)([24]19,17,1)([25]14,24,2)([26]1,25,3)([27]11,3,7)([28]24,17,5)([29]4,21,5)([30]26,15,7)([31]27,16,2)([32]4,16,4)([33]10,18,4)([34]29,22,4)([35]27,3,5)([36]25,6,7)([37]35,13,7)([38]25,5,2)([39]38,20,6)([40]30,12,2)([41]28,1,6)([42]41,29,3)([43]19,3,1)([44]40,33,6)([45]35,11,4)([46]33,14,4)([47]36,30,3)([48]7,38,6)([49]3,27,2)([50]20,27,7)([51]21,32,5)([52]33,51,2)([53]12,22,6)([54]27,23,6)([55]31,15,7)([56]39,37,4)([57]33,41,1)([58]21,44,6)([59]31,26,2)([60]52,0,4)([61]42,60,2)([62]56,58,7)([63]11,21,7)([64]48,55,4)([65]28,13,2)([66]59,61,3)([67]61,12,5)([68]25,51,1)([69]20,0,2)([70]43,67,7)([71]57,39,6)([72]55,10,6)([73]26,66,5)([74]41,29,4)([75]21,62,0)([76]40,25,3)([77]66,62,4)([78]29,25,7)([79]52,33,6)([80]24,36,4)([81]30,37,3)([82]5,39,6)([83]72,37,5)([84]63,39,1)([85]58,71,4)([86]31,5,4)(77)
evaluations: 47058262
first invidual area: 139.63
{7,1,80,1,2,1,8}([7]6,0,4)([8]7,2,7)([9]4,0,7)([10]8,1,2)([11]7,5,7)([12]10,6,6)([13]7,4,6)([14]10,11,7)([15]13,5,7)([16]13,6,3)([17]15,2,3)([18]9,16,4)([19]2,6,7)([20]14,9,5)([21]17,3,7)([22]20,9,3)([23]11,11,3)([24]19,17,1)([25]14,24,2)([26]1,25,3)([27]11,3,7)([28]24,3,5)([29]4,21,5)([30]26,15,7)([31]27,16,2)([32]4,16,4)([33]10,18,4)([34]21,3,1)([35]23,27,5)([36]7,2,6)([37]13,28,6)([38]24,5,2)([39]38,20,6)([40]30,12,2)([41]28,1,6)([42]41,29,3)([43]0,37,5)([44]40,33,6)([45]32,24,0)([46]8,14,3)([47]7,9,7)([48]7,41,1)([49]33,14,0)([50]13,35,4)([51]21,45,5)([52]49,51,2)([53]31,14,5)([54]2,6,4)([55]13,28,2)([56]39,50,4)([57]20,27,1)([58]21,44,3)([59]31,26,2)([60]52,0,4)([61]42,60,2)([62]56,58,4)([63]22,50,3)([64]63,18,5)([65]38,32,3)([66]59,61,6)([67]35,3,2)([68]23,63,7)([69]19,33,1)([70]2,40,3)([71]58,53,6)([72]22,16,0)([73]2,16,5)([74]8,9,6)([75]29,62,6)([76]14,22,0)([77]66,62,4)([78]42,37,4)([79]47,18,4)([80]68,32,2)([81]79,8,4)([82]38,24,1)([83]17,58,7)([84]10,43,5)([85]23,76,3)([86]31,82,2)(77)
optimized area: 139.63
time: 1096288 ms
seed: 1636273910
{7,1,80,1,2,1,8}([7]5,1,7)([8]2,1,2)([9]0,3,7)([10]4,6,5)([11]3,6,5)([12]8,10,1)([13]5,10,7)([14]13,3,6)([15]12,14,4)([16]7,11,7)([17]2,6,7)([18]0,17,5)([19]16,2,6)([20]0,14,3)([21]6,0,3)([22]13,18,0)([23]14,17,7)([24]7,18,2)([25]14,6,1)([26]24,6,3)([27]4,20,3)([28]6,15,4)([29]26,4,7)([30]6,8,2)([31]19,28,7)([32]21,24,4)([33]29,0,4)([34]5,13,3)([35]5,21,2)([36]8,27,2)([37]16,36,4)([38]15,27,5)([39]31,5,1)([40]2,31,0)([41]35,19,4)([42]38,20,5)([43]34,33,1)([44]11,2,1)([45]30,13,4)([46]7,2,1)([47]40,27,5)([48]31,37,3)([49]43,35,4)([50]23,7,2)([51]32,18,2)([52]41,9,2)([53]50,34,7)([54]27,53,1)([55]50,29,6)([56]26,2,3)([57]46,49,3)([58]44,47,3)([59]2,54,4)([60]8,11,3)([61]53,55,6)([62]31,40,3)([63]50,2,7)([64]53,3,7)([65]48,33,7)([66]53,57,2)([67]65,52,3)([68]28,11,5)([69]23,7,7)([70]39,30,7)([71]35,55,4)([72]64,65,6)([73]51,23,2)([74]60,5,6)([75]64,56,0)([76]62,55,5)([77]62,52,5)([78]42,45,7)([79]66,67,3)([80]74,70,3)([81]36,30,1)([82]31,8,3)([83]42,14,5)([84]20,40,1)([85]79,78,7)([86]17,12,4)(85)
evaluations: 19189258
first invidual area: 147.12
{7,1,80,1,2,1,8}([7]1,5,7)([8]2,1,2)([9]8,6,5)([10]4,6,5)([11]3,6,5)([12]0,3,7)([13]10,5,7)([14]13,3,6)([15]8,14,7)([16]11,7,7)([17]14,6,7)([18]10,0,5)([19]13,18,5)([20]6,19,3)([21]4,13,5)([22]19,2,5)([23]21,7,5)([24]21,1,5)([25]19,13,7)([26]2,18,3)([27]10,18,5)([28]16,2,6)([29]21,25,7)([30]2,17,7)([31]4,26,7)([32]8,27,5)([33]31,0,7)([34]6,26,3)([35]5,20,5)([36]7,30,5)([37]16,32,7)([38]28,35,7)([39]28,19,0)([40]14,0,3)([41]15,6,1)([42]40,41,5)([43]26,15,5)([44]2,43,4)([45]9,39,7)([46]15,42,1)([47]41,1,3)([48]44,37,6)([49]25,6,5)([50]32,14,4)([51]17,25,2)([52]38,12,2)([53]48,33,7)([54]23,36,3)([55]51,0,5)([56]13,14,0)([57]6,2,3)([58]5,36,4)([59]9,42,4)([60]8,11,7)([61]58,58,4)([62]32,43,5)([63]2,19,4)([64]20,26,3)([65]33,16,0)([66]19,58,2)([67]53,52,3)([68]61,42,6)([69]13,3,4)([70]26,34,2)([71]64,21,4)([72]66,67,6)([73]2,12,6)([74]45,49,2)([75]72,8,2)([76]50,61,7)([77]70,47,0)([78]56,59,4)([79]23,68,2)([80]47,70,4)([81]60,74,5)([82]0,40,6)([83]8,12,2)([84]24,58,3)([85]72,78,4)([86]51,34,3)(85)
optimized area: 127.44
time: 1206872 ms
seed: 1636290422
NOT FOUND
time: 1066370 ms
seed: 1636306913
{7,1,80,1,2,1,8}([7]0,5,5)([8]1,3,5)([9]5,1,0)([10]4,5,7)([11]6,8,3)([12]4,2,2)([13]12,7,4)([14]12,3,4)([15]8,2,7)([16]15,10,7)([17]15,1,2)([18]14,1,4)([19]6,15,2)([20]13,3,2)([21]2,11,2)([22]17,20,3)([23]6,2,6)([24]14,11,3)([25]21,0,4)([26]8,6,2)([27]17,26,4)([28]19,24,4)([29]20,0,6)([30]17,14,3)([31]16,28,4)([32]7,28,2)([33]27,29,0)([34]14,15,5)([35]26,22,5)([36]33,16,7)([37]18,17,4)([38]27,4,7)([39]18,35,4)([40]0,35,0)([41]7,25,4)([42]38,28,2)([43]26,35,5)([44]29,8,5)([45]40,13,7)([46]23,1,3)([47]23,40,7)([48]14,23,2)([49]33,24,7)([50]39,1,1)([51]50,36,4)([52]12,24,1)([53]32,13,0)([54]41,10,6)([55]36,53,3)([56]46,14,6)([57]55,54,3)([58]57,21,0)([59]27,29,1)([60]38,53,6)([61]19,60,0)([62]25,23,3)([63]56,42,3)([64]16,57,1)([65]59,57,6)([66]17,10,5)([67]51,62,2)([68]52,53,5)([69]38,31,4)([70]67,63,5)([71]70,57,2)([72]46,45,1)([73]22,1,1)([74]45,64,2)([75]35,19,1)([76]67,20,4)([77]38,61,0)([78]31,38,3)([79]35,54,0)([80]66,52,2)([81]32,28,7)([82]2,81,3)([83]8,43,1)([84]59,77,7)([85]22,71,4)([86]49,15,1)(85)
evaluations: 12470591
first invidual area: 128.37
{7,1,80,1,2,1,8}([7]0,5,5)([8]3,1,5)([9]8,6,5)([10]5,4,7)([11]6,8,3)([12]2,4,2)([13]12,7,4)([14]12,1,3)([15]2,8,7)([16]13,11,3)([17]15,1,2)([18]3,14,4)([19]15,6,5)([20]13,3,2)([21]11,2,5)([22]17,20,3)([23]2,6,6)([24]14,17,6)([25]21,0,7)([26]23,25,3)([27]17,9,7)([28]7,19,2)([29]10,15,4)([30]7,25,4)([31]22,4,5)([32]1,18,3)([33]0,25,1)([34]32,22,5)([35]30,10,3)([36]29,27,4)([37]13,34,6)([38]27,4,7)([39]36,2,0)([40]19,38,2)([41]35,8,5)([42]28,2,6)([43]0,7,3)([44]25,9,0)([45]16,28,2)([46]26,44,4)([47]0,37,0)([48]29,47,3)([49]31,2,6)([50]18,31,5)([51]3,20,5)([52]24,4,1)([53]27,41,2)([54]0,23,2)([55]39,45,6)([56]27,35,4)([57]55,35,5)([58]39,50,7)([59]17,37,6)([60]32,23,6)([61]50,1,0)([62]55,15,3)([63]0,19,0)([64]60,40,3)([65]35,24,4)([66]49,24,7)([67]26,58,2)([68]12,35,0)([69]36,4,4)([70]67,64,5)([71]70,57,5)([72]62,14,2)([73]54,2,6)([74]30,43,6)([75]50,62,7)([76]1,39,2)([77]71,22,7)([78]17,5,6)([79]7,78,6)([80]11,4,4)([81]76,30,1)([82]1,48,4)([83]19,2,6)([84]39,13,5)([85]84,34,2)([86]16,35,1)(77)
optimized area: 117.10
time: 1268706 ms
seed: 1636323286
NOT FOUND
time: 1080185 ms
seed: 1636339471
{7,1,80,1,2,1,8}([7]2,3,6)([8]3,5,2)([9]3,8,4)([10]0,6,4)([11]8,6,6)([12]3,1,4)([13]5,7,2)([14]4,11,4)([15]1,6,7)([16]2,1,7)([17]5,6,4)([18]6,2,7)([19]4,6,4)([20]17,3,6)([21]7,5,3)([22]20,10,6)([23]9,22,6)([24]1,2,5)([25]14,3,7)([26]22,14,7)([27]21,15,2)([28]27,25,3)([29]17,13,4)([30]18,6,3)([31]11,18,4)([32]23,16,3)([33]28,20,6)([34]9,23,7)([35]33,29,7)([36]27,30,7)([37]17,21,6)([38]16,10,7)([39]1,17,1)([40]1,10,6)([41]34,28,3)([42]35,38,6)([43]42,4,5)([44]23,36,4)([45]22,24,6)([46]42,19,6)([47]46,41,4)([48]42,40,5)([49]45,14,7)([50]44,37,1)([51]47,45,4)([52]15,19,1)([53]41,4,0)([54]53,34,5)([55]30,4,7)([56]45,41,3)([57]54,47,0)([58]47,39,7)([59]34,23,4)([60]36,58,0)([61]30,60,5)([62]48,8,5)([63]56,22,4)([64]46,45,6)([65]59,38,0)([66]6,26,6)([67]62,44,5)([68]30,56,7)([69]47,7,6)([70]15,42,6)([71]70,67,6)([72]18,34,4)([73]71,26,5)([74]37,38,7)([75]40,52,5)([76]43,25,0)([77]21,21,1)([78]52,63,0)([79]12,61,0)([80]73,51,7)([81]70,71,4)([82]55,64,2)([83]4,56,6)([84]18,57,2)([85]70,39,6)([86]4,13,7)(80)
evaluations: 20909587
first invidual area: 142.92
{7,1,80,1,2,1,8}([7]2,3,6)([8]5,3,2)([9]5,8,1)([10]6,0,4)([11]6,8,6)([12]3,9,2)([13]10,3,2)([14]4,11,4)([15]6,1,7)([16]1,10,4)([17]6,9,7)([18]8,16,5)([19]4,6,4)([20]17,3,6)([21]7,5,3)([22]20,10,6)([23]22,12,6)([24]2,13,1)([25]3,14,7)([26]7,5,5)([27]21,15,2)([28]27,25,3)([29]28,17,5)([30]24,6,3)([31]0,30,6)([32]23,27,7)([33]9,6,4)([34]12,23,6)([35]26,29,7)([36]2,3,2)([37]16,2,4)([38]13,8,3)([39]2,21,0)([40]2,1,5)([41]28,34,3)([42]35,37,6)([43]40,22,6)([44]32,18,7)([45]22,23,6)([46]42,19,6)([47]46,41,7)([48]25,18,6)([49]22,14,7)([50]32,30,4)([51]47,43,4)([52]7,41,6)([53]42,15,6)([54]42,36,4)([55]9,19,5)([56]37,42,0)([57]31,17,2)([58]7,3,4)([59]11,43,4)([60]3,8,3)([61]24,34,2)([62]24,11,7)([63]61,62,2)([64]29,32,6)([65]59,20,5)([66]43,25,0)([67]49,50,5)([68]35,16,2)([69]55,21,7)([70]29,16,2)([71]53,67,6)([72]36,70,0)([73]71,18,5)([74]23,7,7)([75]70,50,0)([76]74,72,2)([77]73,75,2)([78]10,36,0)([79]22,6,5)([80]73,51,4)([81]64,20,5)([82]39,34,2)([83]76,76,0)([84]26,15,6)([85]64,79,2)([86]16,60,6)(80)
optimized area: 126.49
time: 1455279 ms
seed: 1636346181
NOT FOUND
time: 1055654 ms
seed: 1636352511
NOT FOUND
time: 1069453 ms
