seed: 1633849718
NOT FOUND
time: 530525 ms
seed: 1633936514
{7,1,80,1,2,1,8}([7]4,1,2)([8]1,5,2)([9]3,2,3)([10]3,7,6)([11]8,4,3)([12]5,4,3)([13]8,0,6)([14]9,13,4)([15]6,1,7)([16]15,14,5)([17]8,1,3)([18]5,0,6)([19]0,11,3)([20]15,0,1)([21]16,12,5)([22]17,3,1)([23]10,17,6)([24]2,1,7)([25]11,11,2)([26]2,3,4)([27]4,19,3)([28]10,21,7)([29]28,27,4)([30]25,5,7)([31]20,18,5)([32]1,13,2)([33]31,0,6)([34]0,28,6)([35]4,22,1)([36]17,34,6)([37]3,11,0)([38]7,12,5)([39]37,25,5)([40]34,23,1)([41]37,40,4)([42]23,15,6)([43]0,32,3)([44]24,43,2)([45]0,26,2)([46]40,5,6)([47]2,1,6)([48]30,43,4)([49]14,0,7)([50]26,6,5)([51]33,12,3)([52]44,41,5)([53]33,32,5)([54]29,21,0)([55]28,50,7)([56]52,33,4)([57]56,55,4)([58]34,34,5)([59]27,51,4)([60]42,29,5)([61]56,12,0)([62]39,34,7)([63]20,59,5)([64]49,60,7)([65]60,58,7)([66]18,30,3)([67]50,63,4)([68]67,57,6)([69]22,0,0)([70]47,62,2)([71]25,33,4)([72]37,50,3)([73]26,65,5)([74]22,26,3)([75]32,70,0)([76]48,71,0)([77]62,0,4)([78]0,47,3)([79]73,48,6)([80]28,14,2)([81]45,5,6)([82]48,18,0)([83]13,17,3)([84]68,79,3)([85]69,32,5)([86]35,27,4)(84)
evaluations: 3448549
first invidual area: 141.46
{7,1,80,1,2,1,8}([7]4,1,2)([8]1,5,2)([9]5,3,0)([10]2,1,7)([11]8,0,3)([12]4,5,3)([13]2,3,3)([14]11,13,7)([15]1,6,7)([16]1,4,1)([17]3,7,3)([18]11,9,6)([19]11,4,3)([20]0,2,6)([21]14,15,5)([22]8,4,6)([23]21,12,5)([24]12,19,5)([25]9,24,6)([26]3,2,4)([27]1,12,2)([28]23,17,4)([29]14,28,5)([30]5,22,7)([31]15,25,1)([32]28,0,3)([33]18,10,0)([34]0,10,3)([35]19,3,5)([36]26,34,3)([37]1,18,2)([38]31,18,5)([39]16,29,4)([40]33,3,5)([41]26,38,0)([42]34,39,6)([43]0,37,3)([44]35,43,2)([45]30,43,7)([46]20,15,6)([47]33,29,6)([48]41,26,7)([49]28,26,6)([50]41,6,5)([51]35,0,4)([52]44,10,5)([53]0,14,0)([54]29,46,5)([55]28,50,4)([56]38,55,4)([57]56,52,4)([58]39,57,2)([59]27,47,4)([60]29,57,3)([61]1,59,4)([62]41,40,0)([63]31,24,5)([64]60,48,6)([65]54,32,7)([66]10,12,5)([67]50,63,4)([68]67,57,6)([69]47,27,5)([70]10,48,4)([71]31,67,5)([72]5,67,5)([73]41,65,5)([74]70,58,6)([75]69,62,4)([76]1,50,0)([77]48,55,2)([78]5,40,2)([79]73,45,6)([80]79,68,3)([81]22,15,4)([82]38,52,0)([83]5,48,7)([84]1,63,5)([85]11,7,3)([86]45,80,4)(80)
optimized area: 120.37
time: 682190 ms
seed: 1633964235
{7,1,80,1,2,1,8}([7]3,2,4)([8]5,6,6)([9]5,2,7)([10]8,9,7)([11]9,8,3)([12]3,2,5)([13]4,7,4)([14]0,4,2)([15]0,2,1)([16]12,4,1)([17]2,6,4)([18]11,17,4)([19]17,15,6)([20]14,19,3)([21]15,20,4)([22]1,17,7)([23]2,15,3)([24]9,7,5)([25]18,19,2)([26]1,3,4)([27]21,3,5)([28]26,11,4)([29]24,28,2)([30]29,10,3)([31]19,14,4)([32]20,25,3)([33]5,13,6)([34]13,30,6)([35]29,16,4)([36]11,6,5)([37]1,34,7)([38]35,15,3)([39]32,22,4)([40]25,28,2)([41]37,39,5)([42]15,14,3)([43]33,5,6)([44]13,35,5)([45]38,29,1)([46]0,44,4)([47]33,31,0)([48]27,38,2)([49]14,32,2)([50]0,41,7)([51]31,36,2)([52]14,3,5)([53]14,44,6)([54]40,33,4)([55]48,54,3)([56]38,9,7)([57]41,42,1)([58]33,47,6)([59]6,32,7)([60]55,21,7)([61]46,9,1)([62]11,39,3)([63]49,52,5)([64]44,55,2)([65]51,30,0)([66]59,48,1)([67]64,41,5)([68]43,66,3)([69]7,50,3)([70]16,29,5)([71]2,15,5)([72]3,68,5)([73]72,61,6)([74]52,3,7)([75]3,18,3)([76]41,2,0)([77]67,73,4)([78]75,42,1)([79]8,36,1)([80]17,43,6)([81]50,23,6)([82]50,28,2)([83]29,10,2)([84]45,4,2)([85]11,28,6)([86]32,82,7)(77)
evaluations: 27698088
first invidual area: 142.88
{7,1,80,1,2,1,8}([7]2,3,4)([8]5,6,6)([9]2,5,7)([10]9,8,7)([11]8,9,3)([12]0,4,2)([13]4,7,4)([14]3,1,7)([15]0,11,1)([16]2,3,5)([17]2,6,4)([18]7,9,5)([19]15,17,6)([20]19,12,3)([21]15,19,3)([22]20,17,4)([23]9,19,2)([24]9,20,7)([25]3,21,5)([26]2,9,1)([27]19,26,6)([28]11,14,7)([29]18,28,2)([30]29,13,3)([31]6,10,5)([32]2,23,2)([33]5,14,1)([34]30,10,6)([35]29,16,7)([36]34,22,7)([37]19,29,2)([38]35,15,3)([39]1,34,7)([40]30,37,6)([41]39,36,5)([42]38,25,2)([43]5,13,3)([44]13,35,5)([45]31,28,7)([46]45,6,4)([47]22,2,4)([48]44,27,7)([49]35,13,3)([50]25,6,0)([51]13,34,0)([52]33,10,3)([53]14,23,5)([54]53,43,4)([55]42,54,3)([56]8,47,0)([57]36,33,4)([58]55,5,6)([59]53,8,1)([60]32,57,0)([61]56,15,4)([62]15,44,4)([63]52,16,0)([64]41,55,2)([65]41,11,3)([66]3,40,4)([67]64,44,5)([68]58,47,3)([69]7,28,0)([70]43,8,1)([71]2,52,1)([72]3,68,5)([73]72,62,3)([74]21,18,5)([75]57,13,2)([76]57,58,4)([77]67,73,7)([78]9,65,1)([79]24,22,0)([80]53,25,5)([81]35,20,7)([82]67,75,4)([83]9,45,2)([84]62,43,3)([85]29,13,1)([86]79,3,5)(77)
optimized area: 128.83
time: 614116 ms
seed: 1633987193
NOT FOUND
time: 527425 ms
seed: 1634036174
{7,1,80,1,2,1,8}([7]2,6,2)([8]5,0,2)([9]0,3,0)([10]3,1,5)([11]4,2,6)([12]9,9,0)([13]11,1,4)([14]12,11,7)([15]5,2,3)([16]8,5,7)([17]6,14,6)([18]2,1,0)([19]6,9,4)([20]16,8,7)([21]4,3,4)([22]9,17,0)([23]8,6,3)([24]2,6,6)([25]20,1,6)([26]18,1,6)([27]21,13,4)([28]27,18,6)([29]23,21,2)([30]22,25,3)([31]15,3,3)([32]26,3,3)([33]3,13,7)([34]22,10,1)([35]32,19,6)([36]29,31,6)([37]7,12,7)([38]13,14,3)([39]29,28,3)([40]36,37,1)([41]1,16,3)([42]6,26,2)([43]39,28,7)([44]25,37,7)([45]39,10,5)([46]23,20,2)([47]45,46,7)([48]30,0,3)([49]14,7,6)([50]36,48,3)([51]5,27,3)([52]10,33,5)([53]16,6,4)([54]27,20,7)([55]46,35,4)([56]49,11,1)([57]13,55,5)([58]45,47,4)([59]27,49,4)([60]39,17,6)([61]45,60,7)([62]50,54,4)([63]44,57,7)([64]61,62,4)([65]46,14,6)([66]48,34,6)([67]51,30,5)([68]52,16,5)([69]35,46,6)([70]4,57,3)([71]0,52,2)([72]69,68,4)([73]69,30,3)([74]7,43,2)([75]21,4,7)([76]27,33,5)([77]64,63,5)([78]76,76,1)([79]65,9,0)([80]8,71,3)([81]78,47,2)([82]18,62,6)([83]77,72,4)([84]66,76,3)([85]12,15,6)([86]0,45,6)(83)
evaluations: 15934207
first invidual area: 144.78
{7,1,80,1,2,1,8}([7]0,4,0)([8]5,2,6)([9]2,6,5)([10]3,1,5)([11]4,2,6)([12]0,11,7)([13]6,0,4)([14]0,9,7)([15]8,13,4)([16]7,5,2)([17]5,10,1)([18]11,1,4)([19]12,6,6)([20]16,18,2)([21]4,3,4)([22]20,21,5)([23]6,16,3)([24]5,23,5)([25]1,5,6)([26]25,22,4)([27]18,21,4)([28]27,25,6)([29]1,2,6)([30]21,23,5)([31]7,6,7)([32]9,31,0)([33]29,13,3)([34]27,2,3)([35]33,3,6)([36]16,35,4)([37]27,4,7)([38]30,34,5)([39]0,25,3)([40]10,37,5)([41]37,22,3)([42]11,16,1)([43]19,38,3)([44]25,14,7)([45]0,43,6)([46]29,4,0)([47]9,29,1)([48]16,17,3)([49]38,10,5)([50]8,39,3)([51]17,27,4)([52]6,46,3)([53]40,5,0)([54]9,25,3)([55]24,35,7)([56]29,50,2)([57]18,55,5)([58]2,29,6)([59]31,43,1)([60]38,19,3)([61]49,60,5)([62]50,51,4)([63]44,57,4)([64]61,62,4)([65]48,40,5)([66]55,35,6)([67]14,36,7)([68]58,38,7)([69]4,6,6)([70]14,44,3)([71]17,2,0)([72]65,66,7)([73]7,14,2)([74]44,53,7)([75]63,71,1)([76]67,10,0)([77]64,63,5)([78]73,54,2)([79]13,9,5)([80]56,36,4)([81]12,27,2)([82]46,54,4)([83]77,72,7)([84]9,38,6)([85]39,36,6)([86]34,61,4)(83)
optimized area: 127.42
time: 625668 ms
seed: 1634150238
NOT FOUND
time: 534499 ms
seed: 1634197527
NOT FOUND
time: 527977 ms
seed: 1634246517
{7,1,80,1,2,1,8}([7]4,3,4)([8]1,5,7)([9]0,5,2)([10]6,8,4)([11]8,5,4)([12]4,0,5)([13]10,12,7)([14]6,12,5)([15]7,2,4)([16]0,8,7)([17]7,1,5)([18]2,16,7)([19]1,10,3)([20]14,5,5)([21]13,20,5)([22]15,1,6)([23]2,4,6)([24]1,3,6)([25]21,2,7)([26]0,15,2)([27]20,26,7)([28]0,23,3)([29]13,4,5)([30]18,8,2)([31]2,28,6)([32]20,22,6)([33]27,31,7)([34]21,30,3)([35]34,33,4)([36]17,35,2)([37]10,33,1)([38]36,20,4)([39]34,3,5)([40]22,39,4)([41]9,20,1)([42]29,18,5)([43]5,39,7)([44]43,33,4)([45]8,19,4)([46]12,42,5)([47]13,37,4)([48]9,44,4)([49]17,42,3)([50]18,3,1)([51]17,47,1)([52]20,2,0)([53]37,41,6)([54]20,45,6)([55]38,49,5)([56]34,11,7)([57]11,38,4)([58]53,40,3)([59]25,48,5)([60]17,6,0)([61]29,52,4)([62]4,18,1)([63]17,41,6)([64]58,55,2)([65]59,62,3)([66]43,19,5)([67]59,57,3)([68]37,42,1)([69]28,3,5)([70]59,56,6)([71]26,59,3)([72]1,36,7)([73]67,27,7)([74]66,73,2)([75]9,0,6)([76]34,25,7)([77]24,71,0)([78]64,74,3)([79]1,55,7)([80]63,62,4)([81]43,2,3)([82]18,50,0)([83]39,66,7)([84]9,18,4)([85]80,47,5)([86]56,40,4)(78)
evaluations: 9564802
first invidual area: 152.26
{7,1,80,1,2,1,8}([7]3,4,4)([8]1,5,4)([9]2,5,3)([10]8,6,7)([11]0,5,5)([12]0,4,5)([13]10,12,7)([14]12,6,5)([15]2,7,4)([16]2,0,7)([17]7,1,5)([18]4,13,0)([19]15,1,6)([20]14,5,5)([21]20,13,5)([22]13,9,7)([23]15,0,5)([24]4,16,5)([25]13,4,5)([26]5,16,7)([27]20,23,4)([28]16,14,2)([29]25,26,5)([30]10,24,1)([31]0,24,6)([32]1,26,1)([33]27,31,3)([34]28,21,3)([35]34,33,7)([36]4,3,0)([37]17,24,7)([38]1,30,1)([39]3,34,5)([40]39,19,4)([41]12,7,5)([42]17,35,5)([43]39,5,7)([44]34,39,5)([45]27,23,7)([46]2,13,3)([47]20,42,7)([48]11,44,5)([49]17,29,3)([50]25,48,5)([51]45,29,1)([52]48,10,2)([53]49,47,5)([54]38,46,4)([55]45,17,7)([56]11,25,5)([57]38,46,5)([58]52,40,3)([59]26,27,3)([60]30,17,5)([61]26,29,1)([62]58,1,5)([63]3,23,0)([64]61,32,6)([65]48,24,7)([66]43,60,5)([67]57,50,6)([68]32,57,5)([69]2,7,0)([70]58,53,2)([71]26,68,4)([72]57,41,4)([73]67,27,4)([74]66,73,2)([75]74,64,7)([76]60,6,4)([77]26,76,4)([78]20,3,5)([79]59,67,0)([80]62,16,5)([81]10,56,5)([82]27,56,2)([83]7,26,3)([84]70,74,3)([85]44,1,7)([86]74,59,2)(84)
optimized area: 129.72
time: 765749 ms
seed: 1634294665
NOT FOUND
time: 523610 ms
seed: 1634335133
{7,1,80,1,2,1,8}([7]2,0,3)([8]7,2,7)([9]6,1,5)([10]7,3,6)([11]8,6,5)([12]1,11,3)([13]5,7,0)([14]10,1,3)([15]13,11,2)([16]12,4,4)([17]11,8,7)([18]9,1,7)([19]18,2,7)([20]16,13,6)([21]4,19,7)([22]14,7,3)([23]0,3,0)([24]0,21,5)([25]1,20,4)([26]15,21,6)([27]24,18,4)([28]27,14,2)([29]24,8,7)([30]21,25,6)([31]26,27,2)([32]31,2,4)([33]3,30,7)([34]5,33,7)([35]16,23,4)([36]13,32,7)([37]35,23,4)([38]34,28,7)([39]10,32,3)([40]39,35,7)([41]25,28,0)([42]36,19,6)([43]6,27,2)([44]11,40,7)([45]5,14,2)([46]18,35,3)([47]3,8,5)([48]22,22,5)([49]34,44,7)([50]30,22,1)([51]42,49,6)([52]29,51,2)([53]45,52,6)([54]21,37,0)([55]24,17,2)([56]10,26,1)([57]19,6,3)([58]49,33,5)([59]46,32,4)([60]15,59,3)([61]13,1,7)([62]29,38,2)([63]32,38,7)([64]6,10,7)([65]9,8,4)([66]16,46,0)([67]57,65,0)([68]51,22,6)([69]43,61,7)([70]64,67,3)([71]65,31,6)([72]54,25,6)([73]70,41,3)([74]47,9,5)([75]29,64,0)([76]70,63,7)([77]76,58,3)([78]36,76,1)([79]53,63,5)([80]79,77,4)([81]20,34,4)([82]5,50,5)([83]58,73,2)([84]80,15,4)([85]66,69,5)([86]32,63,5)(84)
evaluations: 41964839
first invidual area: 156.99
{7,1,80,1,2,1,8}([7]2,0,3)([8]2,7,7)([9]6,5,1)([10]7,3,6)([11]8,6,5)([12]11,1,3)([13]1,0,1)([14]10,1,3)([15]5,11,2)([16]4,12,4)([17]1,5,2)([18]9,1,2)([19]18,2,7)([20]11,12,5)([21]4,19,7)([22]16,5,6)([23]16,22,2)([24]15,1,3)([25]22,1,4)([26]15,21,6)([27]26,18,5)([28]27,14,5)([29]21,8,3)([30]21,25,3)([31]26,27,5)([32]31,2,7)([33]3,30,4)([34]5,33,7)([35]16,34,4)([36]4,33,7)([37]36,15,6)([38]34,28,5)([39]10,32,6)([40]11,0,7)([41]35,18,1)([42]28,2,2)([43]32,5,7)([44]35,40,4)([45]40,26,4)([46]19,43,3)([47]37,34,7)([48]7,36,1)([49]39,44,7)([50]14,33,2)([51]49,46,4)([52]29,51,2)([53]17,52,6)([54]9,31,0)([55]48,50,5)([56]53,6,3)([57]40,32,2)([58]49,33,5)([59]45,58,5)([60]20,10,5)([61]39,4,5)([62]31,27,7)([63]32,38,7)([64]36,61,4)([65]11,22,7)([66]10,33,2)([67]35,56,6)([68]19,67,1)([69]68,15,6)([70]67,53,2)([71]36,36,5)([72]54,9,0)([73]18,28,2)([74]70,17,6)([75]66,56,7)([76]35,18,2)([77]76,58,3)([78]26,67,0)([79]53,63,5)([80]79,77,5)([81]57,12,5)([82]15,4,2)([83]56,25,7)([84]80,15,4)([85]36,75,7)([86]49,83,1)(84)
optimized area: 131.18
time: 568205 ms
seed: 1634384016
{7,1,80,1,2,1,8}([7]5,3,5)([8]4,3,5)([9]6,3,4)([10]4,1,6)([11]4,0,2)([12]10,9,4)([13]0,2,4)([14]8,11,7)([15]1,4,7)([16]12,4,3)([17]16,15,2)([18]17,14,7)([19]12,3,5)([20]18,13,6)([21]13,6,2)([22]4,21,1)([23]20,11,7)([24]15,19,2)([25]24,7,7)([26]17,4,6)([27]12,13,6)([28]0,24,4)([29]4,0,2)([30]23,6,2)([31]10,18,6)([32]23,10,1)([33]5,0,2)([34]31,7,0)([35]29,18,3)([36]24,2,2)([37]25,27,3)([38]6,9,7)([39]20,12,3)([40]37,36,4)([41]5,39,2)([42]31,40,4)([43]16,25,3)([44]30,10,7)([45]42,41,3)([46]17,1,4)([47]31,5,2)([48]31,30,0)([49]6,26,6)([50]10,30,5)([51]30,39,0)([52]44,37,3)([53]47,43,4)([54]4,41,5)([55]18,33,4)([56]33,21,6)([57]23,42,5)([58]49,51,7)([59]57,2,4)([60]47,6,5)([61]30,45,4)([62]36,5,7)([63]62,0,1)([64]43,32,1)([65]15,64,5)([66]47,43,0)([67]58,55,6)([68]24,24,1)([69]59,47,6)([70]67,69,2)([71]48,62,1)([72]58,65,5)([73]34,51,6)([74]71,48,3)([75]61,70,7)([76]40,30,0)([77]72,2,6)([78]35,19,7)([79]49,37,5)([80]1,46,1)([81]53,27,2)([82]27,77,5)([83]42,51,0)([84]60,54,1)([85]75,82,4)([86]67,61,1)(85)
evaluations: 10785818
first invidual area: 143.35
{7,1,80,1,2,1,8}([7]4,3,5)([8]5,3,5)([9]3,6,7)([10]4,1,6)([11]0,4,2)([12]9,10,7)([13]2,0,4)([14]7,11,4)([15]4,1,7)([16]12,9,3)([17]15,16,2)([18]17,14,4)([19]3,12,5)([20]13,18,6)([21]18,10,6)([22]5,21,2)([23]20,11,7)([24]19,15,2)([25]12,20,3)([26]4,17,6)([27]13,12,6)([28]24,8,7)([29]16,28,2)([30]23,6,2)([31]13,26,1)([32]22,16,0)([33]2,24,5)([34]5,0,5)([35]5,15,5)([36]7,13,5)([37]26,6,6)([38]28,27,3)([39]12,13,2)([40]33,38,4)([41]5,25,2)([42]21,40,7)([43]0,21,6)([44]42,24,0)([45]41,42,6)([46]41,24,2)([47]31,24,4)([48]45,37,2)([49]32,27,3)([50]30,5,0)([51]22,24,3)([52]34,18,7)([53]40,39,3)([54]23,44,5)([55]39,21,7)([56]32,9,7)([57]53,2,5)([58]37,30,6)([59]54,2,4)([60]35,58,5)([61]30,45,7)([62]40,10,6)([63]30,16,2)([64]30,26,7)([65]51,0,6)([66]23,2,5)([67]58,52,6)([68]31,44,5)([69]59,32,6)([70]69,67,5)([71]49,17,6)([72]5,38,0)([73]37,23,5)([74]60,0,6)([75]61,70,7)([76]75,74,0)([77]65,57,5)([78]2,38,6)([79]53,63,7)([80]4,71,5)([81]34,21,3)([82]27,74,5)([83]25,76,1)([84]22,80,1)([85]76,82,7)([86]36,24,0)(85)
optimized area: 135.85
time: 760527 ms
seed: 1634433102
NOT FOUND
time: 529352 ms
seed: 1634493443
NOT FOUND
time: 524999 ms
seed: 1634592587
{7,1,80,1,2,1,8}([7]1,1,1)([8]2,1,2)([9]2,3,4)([10]5,6,5)([11]2,4,2)([12]10,5,5)([13]4,5,4)([14]5,3,5)([15]6,10,5)([16]12,0,2)([17]6,9,2)([18]13,14,4)([19]7,13,2)([20]18,14,3)([21]9,0,2)([22]17,5,4)([23]1,16,4)([24]8,15,5)([25]2,17,3)([26]16,4,4)([27]13,24,4)([28]21,19,7)([29]8,1,3)([30]26,6,3)([31]28,12,2)([32]30,17,0)([33]27,9,7)([34]31,20,4)([35]6,0,7)([36]3,15,6)([37]28,6,4)([38]10,28,7)([39]6,34,5)([40]29,32,7)([41]4,28,3)([42]18,40,2)([43]38,40,4)([44]25,35,2)([45]10,22,1)([46]33,38,4)([47]42,11,6)([48]2,37,4)([49]48,26,5)([50]47,44,6)([51]6,7,3)([52]29,17,0)([53]3,50,4)([54]0,38,2)([55]50,3,4)([56]50,49,2)([57]9,40,6)([58]9,15,7)([59]26,47,2)([60]32,20,4)([61]59,29,1)([62]9,52,0)([63]62,3,4)([64]21,0,5)([65]18,11,5)([66]59,46,3)([67]55,11,7)([68]32,39,0)([69]50,51,6)([70]39,53,2)([71]23,15,2)([72]35,3,4)([73]12,19,1)([74]57,22,3)([75]66,70,6)([76]43,53,7)([77]57,63,2)([78]29,28,7)([79]56,31,7)([80]35,66,6)([81]79,75,4)([82]81,59,7)([83]48,21,1)([84]44,44,2)([85]14,8,2)([86]61,41,4)(81)
evaluations: 28223739
first invidual area: 141.02
{7,1,80,1,2,1,8}([7]3,5,5)([8]2,4,2)([9]3,2,4)([10]5,6,5)([11]2,1,5)([12]5,10,5)([13]4,5,4)([14]13,7,4)([15]1,10,1)([16]2,12,5)([17]4,14,0)([18]6,10,5)([19]9,0,5)([20]0,12,5)([21]10,14,3)([22]5,11,2)([23]14,15,6)([24]11,18,5)([25]15,13,5)([26]20,17,7)([27]13,24,7)([28]19,25,7)([29]26,26,0)([30]6,0,7)([31]28,12,5)([32]31,16,0)([33]27,9,7)([34]26,6,3)([35]2,25,0)([36]15,13,0)([37]2,4,7)([38]6,28,4)([39]29,10,0)([40]34,15,4)([41]38,2,4)([42]14,40,2)([43]42,25,4)([44]2,30,2)([45]33,34,6)([46]33,38,4)([47]42,8,6)([48]18,20,2)([49]41,39,5)([50]47,44,6)([51]5,29,0)([52]11,28,1)([53]3,50,4)([54]6,22,7)([55]31,21,7)([56]50,49,5)([57]49,11,3)([58]50,0,7)([59]29,47,2)([60]8,33,1)([61]23,54,6)([62]8,12,3)([63]51,5,1)([64]42,14,3)([65]49,29,1)([66]59,46,3)([67]31,14,5)([68]34,10,1)([69]6,55,5)([70]69,53,2)([71]51,11,0)([72]27,18,6)([73]14,68,3)([74]39,72,2)([75]66,70,6)([76]30,49,4)([77]53,69,7)([78]41,18,2)([79]32,56,7)([80]55,0,7)([81]79,75,4)([82]63,37,1)([83]28,45,6)([84]12,20,4)([85]30,73,0)([86]6,46,1)(81)
optimized area: 126.49
time: 605059 ms
seed: 1634641384
{7,1,80,1,2,1,8}([7]3,0,3)([8]6,4,6)([9]8,6,3)([10]5,4,7)([11]10,0,3)([12]5,4,6)([13]4,2,3)([14]3,11,4)([15]14,5,4)([16]1,2,6)([17]6,12,4)([18]5,1,6)([19]8,1,6)([20]9,12,6)([21]7,16,5)([22]10,12,6)([23]14,6,2)([24]13,23,2)([25]5,0,7)([26]19,21,6)([27]25,18,3)([28]2,27,7)([29]17,28,2)([30]11,27,5)([31]19,15,6)([32]26,31,3)([33]26,23,2)([34]25,26,7)([35]16,32,4)([36]27,14,5)([37]1,3,5)([38]29,17,6)([39]14,27,2)([40]30,14,3)([41]37,14,7)([42]4,38,5)([43]17,35,4)([44]1,24,4)([45]0,40,4)([46]36,37,7)([47]44,20,5)([48]43,42,2)([49]30,6,4)([50]17,44,2)([51]25,6,7)([52]50,15,5)([53]46,4,2)([54]53,48,6)([55]34,37,5)([56]27,35,7)([57]30,11,2)([58]0,24,4)([59]38,55,6)([60]59,44,1)([61]31,51,7)([62]11,15,4)([63]61,45,5)([64]54,28,6)([65]43,41,6)([66]64,63,2)([67]50,30,2)([68]21,50,2)([69]65,22,0)([70]68,69,6)([71]12,23,1)([72]46,70,0)([73]62,31,3)([74]40,62,3)([75]62,44,4)([76]65,56,0)([77]66,70,4)([78]36,56,4)([79]32,67,3)([80]33,63,7)([81]47,13,2)([82]39,35,5)([83]14,55,5)([84]39,11,6)([85]23,51,3)([86]64,75,3)(77)
evaluations: 36953671
first invidual area: 142.41
{7,1,80,1,2,1,8}([7]5,4,7)([8]4,6,6)([9]5,4,6)([10]0,3,3)([11]1,5,6)([12]0,7,3)([13]2,4,3)([14]12,3,4)([15]5,14,4)([16]2,1,6)([17]9,6,4)([18]14,1,0)([19]8,1,6)([20]14,13,2)([21]10,16,5)([22]19,11,6)([23]8,5,3)([24]6,20,5)([25]5,0,7)([26]21,19,6)([27]25,11,3)([28]13,5,4)([29]27,2,7)([30]23,3,1)([31]19,15,6)([32]26,31,3)([33]11,31,2)([34]27,20,5)([35]16,32,4)([36]13,16,2)([37]1,3,5)([38]3,27,5)([39]11,22,6)([40]35,4,5)([41]4,27,6)([42]14,37,7)([43]17,35,4)([44]1,24,7)([45]38,0,4)([46]34,37,2)([47]33,32,4)([48]43,40,2)([49]15,34,3)([50]17,44,2)([51]25,6,7)([52]45,28,0)([53]46,4,2)([54]53,48,6)([55]14,31,4)([56]7,45,6)([57]11,7,3)([58]34,51,0)([59]19,25,1)([60]18,46,2)([61]51,31,7)([62]37,9,5)([63]61,52,5)([64]54,29,6)([65]43,42,6)([66]64,63,5)([67]3,52,6)([68]21,50,2)([69]51,23,6)([70]68,65,6)([71]34,15,3)([72]41,5,1)([73]52,58,0)([74]20,61,3)([75]36,3,7)([76]19,56,7)([77]66,70,7)([78]28,64,1)([79]14,12,2)([80]67,44,5)([81]13,63,3)([82]61,31,4)([83]21,52,2)([84]44,22,2)([85]39,67,4)([86]30,67,1)(77)
optimized area: 132.10
time: 579372 ms
seed: 1634679606
{7,1,80,1,2,1,8}([7]4,1,7)([8]1,3,7)([9]5,0,4)([10]8,8,3)([11]6,0,5)([12]5,4,2)([13]2,4,7)([14]9,4,4)([15]12,10,4)([16]14,1,7)([17]16,11,5)([18]10,13,5)([19]8,6,4)([20]0,19,4)([21]12,17,3)([22]10,11,1)([23]8,9,4)([24]12,18,0)([25]18,21,5)([26]6,14,3)([27]7,10,0)([28]20,17,5)([29]16,26,7)([30]25,19,4)([31]30,21,7)([32]26,0,2)([33]29,11,4)([34]21,32,5)([35]5,33,3)([36]2,30,5)([37]17,32,0)([38]3,26,2)([39]28,36,7)([40]31,36,2)([41]40,35,2)([42]15,39,5)([43]19,23,7)([44]14,15,3)([45]21,44,2)([46]43,12,1)([47]25,23,7)([48]34,20,6)([49]11,27,0)([50]2,32,3)([51]47,1,4)([52]2,48,1)([53]0,39,0)([54]48,32,4)([55]48,41,4)([56]52,28,3)([57]39,35,3)([58]18,8,7)([59]41,20,3)([60]45,57,7)([61]6,55,6)([62]34,44,0)([63]26,38,7)([64]10,9,5)([65]43,38,1)([66]14,59,5)([67]30,11,2)([68]49,26,0)([69]64,7,2)([70]60,56,7)([71]19,8,3)([72]44,42,4)([73]55,72,2)([74]60,15,1)([75]32,12,1)([76]63,3,3)([77]41,53,0)([78]32,26,6)([79]64,52,3)([80]47,27,7)([81]18,0,5)([82]73,70,4)([83]19,33,1)([84]62,31,1)([85]79,18,4)([86]42,58,6)(82)
evaluations: 22560723
first invidual area: 131.20
{7,1,80,1,2,1,8}([7]2,4,7)([8]1,3,7)([9]7,1,1)([10]7,8,5)([11]0,6,5)([12]4,5,2)([13]0,5,7)([14]4,13,7)([15]8,12,4)([16]1,14,7)([17]11,16,5)([18]11,10,4)([19]6,8,4)([20]19,0,4)([21]12,17,3)([22]10,21,5)([23]11,12,3)([24]1,10,1)([25]18,24,6)([26]6,14,3)([27]19,26,2)([28]20,17,5)([29]16,26,7)([30]22,19,4)([31]21,30,7)([32]28,28,6)([33]29,11,4)([34]21,27,5)([35]33,5,3)([36]2,30,5)([37]2,30,0)([38]31,13,5)([39]28,36,7)([40]31,36,2)([41]40,35,5)([42]15,39,5)([43]0,11,4)([44]14,15,3)([45]35,21,1)([46]34,20,3)([47]19,18,2)([48]46,41,4)([49]38,48,3)([50]13,29,7)([51]14,3,1)([52]24,30,6)([53]19,28,1)([54]35,39,6)([55]28,5,4)([56]2,15,1)([57]54,7,4)([58]7,57,6)([59]44,21,5)([60]49,8,6)([61]56,28,6)([62]61,54,4)([63]54,43,6)([64]8,50,6)([65]18,55,0)([66]64,42,3)([67]53,11,0)([68]13,36,2)([69]61,33,4)([70]51,44,1)([71]62,59,7)([72]44,42,5)([73]48,72,5)([74]72,14,2)([75]31,41,5)([76]32,17,2)([77]18,24,2)([78]10,75,0)([79]75,34,2)([80]62,33,4)([81]23,22,1)([82]73,71,7)([83]12,45,3)([84]41,13,2)([85]48,34,7)([86]69,4,6)(82)
optimized area: 126.97
time: 1115287 ms
seed: 1634712333
NOT FOUND
time: 528183 ms
seed: 1634757258
{7,1,80,1,2,1,8}([7]6,4,4)([8]7,1,7)([9]4,2,4)([10]0,8,4)([11]2,3,2)([12]4,0,5)([13]8,3,3)([14]9,0,7)([15]12,10,2)([16]3,4,3)([17]14,13,0)([18]17,5,7)([19]14,3,4)([20]14,14,0)([21]20,19,3)([22]20,7,2)([23]5,6,5)([24]15,6,1)([25]2,9,0)([26]17,2,2)([27]4,1,5)([28]25,12,0)([29]16,28,2)([30]19,2,0)([31]6,19,3)([32]16,15,4)([33]24,23,3)([34]28,7,5)([35]23,32,5)([36]25,22,1)([37]2,4,2)([38]10,22,3)([39]27,18,6)([40]13,5,2)([41]36,14,7)([42]25,5,7)([43]10,31,0)([44]11,22,1)([45]39,34,7)([46]43,9,6)([47]37,6,3)([48]35,47,4)([49]20,44,2)([50]47,18,3)([51]17,48,3)([52]51,40,7)([53]10,1,2)([54]25,5,0)([55]52,12,2)([56]10,11,5)([57]55,56,4)([58]28,4,5)([59]19,45,6)([60]50,3,5)([61]13,47,6)([62]29,38,0)([63]60,33,2)([64]46,38,0)([65]64,63,7)([66]60,3,1)([67]34,16,6)([68]12,56,4)([69]33,28,7)([70]65,59,3)([71]22,4,1)([72]22,11,5)([73]9,63,0)([74]62,53,7)([75]67,24,2)([76]31,5,7)([77]24,53,4)([78]57,74,3)([79]52,78,5)([80]15,41,4)([81]0,14,4)([82]70,79,5)([83]21,81,2)([84]54,4,0)([85]25,49,7)([86]23,66,7)(82)
evaluations: 14028423
first invidual area: 128.35
{7,1,80,1,2,1,8}([7]4,6,4)([8]1,7,7)([9]2,4,4)([10]0,8,4)([11]3,4,3)([12]1,4,5)([13]2,3,5)([14]0,9,7)([15]0,4,5)([16]2,0,2)([17]2,11,2)([18]14,5,7)([19]8,3,3)([20]15,10,5)([21]15,20,2)([22]14,3,4)([23]5,6,5)([24]11,20,7)([25]17,23,0)([26]3,4,4)([27]10,9,3)([28]15,25,0)([29]17,10,2)([30]17,28,1)([31]6,4,0)([32]13,31,2)([33]31,23,2)([34]7,2,2)([35]23,24,5)([36]14,13,0)([37]5,19,5)([38]25,24,3)([39]8,26,1)([40]24,6,6)([41]35,14,0)([42]18,12,6)([43]23,38,0)([44]1,17,6)([45]39,9,2)([46]9,16,3)([47]34,31,3)([48]41,47,4)([49]11,28,7)([50]18,47,3)([51]36,48,3)([52]29,1,7)([53]20,23,3)([54]22,42,3)([55]23,48,1)([56]17,15,7)([57]3,50,5)([58]52,56,5)([59]54,34,6)([60]14,20,3)([61]8,39,5)([62]27,14,0)([63]57,53,5)([64]51,37,4)([65]63,27,7)([66]47,63,0)([67]26,32,3)([68]13,20,7)([69]21,16,5)([70]65,59,3)([71]36,26,0)([72]51,38,0)([73]14,61,2)([74]13,60,1)([75]44,68,3)([76]26,40,6)([77]9,34,5)([78]38,74,0)([79]64,75,5)([80]37,2,0)([81]7,52,3)([82]46,81,2)([83]4,35,4)([84]59,17,3)([85]70,79,5)([86]30,56,5)(85)
optimized area: 111.95
time: 1118596 ms
seed: 1634822438
{7,1,80,1,2,1,8}([7]2,0,4)([8]6,5,5)([9]0,3,5)([10]4,3,2)([11]3,2,6)([12]0,6,2)([13]6,3,7)([14]1,10,3)([15]1,9,7)([16]12,4,7)([17]3,4,3)([18]7,13,5)([19]13,5,6)([20]14,18,4)([21]4,18,5)([22]5,11,7)([23]20,5,6)([24]8,17,2)([25]21,13,5)([26]12,1,4)([27]25,7,0)([28]22,16,2)([29]28,15,6)([30]1,23,4)([31]3,6,6)([32]8,25,5)([33]22,14,4)([34]2,17,4)([35]29,25,2)([36]26,30,2)([37]35,36,6)([38]20,22,3)([39]24,37,7)([40]32,38,5)([41]25,40,4)([42]39,16,0)([43]29,33,6)([44]2,20,2)([45]32,9,7)([46]34,0,5)([47]43,46,3)([48]39,19,4)([49]10,34,4)([50]5,8,6)([51]22,33,5)([52]43,48,5)([53]36,4,7)([54]21,20,6)([55]37,36,6)([56]46,10,3)([57]48,27,0)([58]45,54,4)([59]22,48,2)([60]47,42,5)([61]26,30,5)([62]50,35,2)([63]16,17,5)([64]14,57,3)([65]57,45,6)([66]60,23,0)([67]1,39,4)([68]49,8,5)([69]53,41,5)([70]34,63,0)([71]22,12,0)([72]71,12,0)([73]65,7,1)([74]26,60,2)([75]64,32,2)([76]1,73,5)([77]69,8,3)([78]60,69,7)([79]76,13,1)([80]60,13,2)([81]18,34,3)([82]12,40,7)([83]25,54,0)([84]81,82,3)([85]83,55,1)([86]50,20,2)(78)
evaluations: 39258516
first invidual area: 119.46
{7,1,80,1,2,1,8}([7]2,0,4)([8]5,6,5)([9]3,0,5)([10]3,4,2)([11]3,2,3)([12]0,6,2)([13]6,3,7)([14]10,1,3)([15]1,9,7)([16]12,4,7)([17]4,3,3)([18]7,13,5)([19]10,15,5)([20]18,14,4)([21]4,18,5)([22]11,5,4)([23]20,5,3)([24]17,8,5)([25]21,13,5)([26]23,1,4)([27]1,12,7)([28]22,16,2)([29]15,28,6)([30]8,16,7)([31]24,21,0)([32]8,25,5)([33]22,14,4)([34]17,2,4)([35]25,29,2)([36]26,27,6)([37]35,36,3)([38]20,22,3)([39]24,37,7)([40]32,38,5)([41]25,40,4)([42]22,9,0)([43]29,33,6)([44]28,3,0)([45]41,3,0)([46]34,0,5)([47]42,1,5)([48]27,1,0)([49]40,30,2)([50]36,48,0)([51]7,45,5)([52]13,40,6)([53]36,4,7)([54]43,46,3)([55]7,12,7)([56]14,0,6)([57]21,36,7)([58]36,51,2)([59]16,29,0)([60]54,39,5)([61]41,5,4)([62]61,19,7)([63]13,17,3)([64]3,42,5)([65]1,59,6)([66]59,52,0)([67]18,24,2)([68]30,63,4)([69]53,45,5)([70]52,22,5)([71]54,70,1)([72]9,37,2)([73]14,34,1)([74]33,43,4)([75]69,60,7)([76]61,4,3)([77]73,42,7)([78]19,42,5)([79]7,8,6)([80]27,5,2)([81]80,63,5)([82]19,34,6)([83]35,5,2)([84]20,47,1)([85]5,72,0)([86]4,38,7)(75)
optimized area: 118.99
time: 1029031 ms
seed: 1634947116
NOT FOUND
time: 993015 ms
seed: 1635077277
NOT FOUND
time: 972448 ms
seed: 1635119449
{7,1,80,1,2,1,8}([7]1,6,7)([8]7,5,3)([9]2,2,6)([10]8,6,7)([11]0,4,7)([12]9,10,7)([13]0,6,7)([14]5,12,3)([15]3,1,7)([16]13,3,0)([17]12,1,6)([18]10,0,6)([19]9,16,1)([20]0,14,2)([21]2,0,4)([22]15,4,6)([23]15,11,2)([24]23,17,2)([25]5,1,6)([26]15,14,4)([27]4,5,7)([28]4,19,2)([29]22,0,1)([30]22,18,7)([31]26,27,1)([32]23,6,2)([33]27,16,4)([34]20,30,7)([35]5,1,4)([36]11,16,2)([37]20,9,2)([38]37,10,1)([39]25,36,6)([40]37,1,2)([41]26,16,4)([42]28,33,3)([43]17,10,4)([44]25,28,4)([45]17,4,3)([46]34,26,7)([47]32,35,7)([48]24,34,6)([49]9,45,6)([50]39,49,4)([51]38,12,0)([52]47,50,4)([53]5,16,5)([54]50,20,3)([55]41,40,3)([56]42,55,2)([57]19,36,1)([58]27,55,0)([59]31,22,0)([60]8,30,7)([61]34,6,0)([62]56,22,7)([63]35,52,2)([64]52,24,7)([65]39,34,6)([66]20,45,2)([67]64,40,7)([68]60,10,7)([69]40,28,7)([70]43,49,7)([71]52,66,1)([72]33,11,2)([73]2,67,7)([74]9,2,6)([75]73,28,2)([76]73,32,6)([77]12,16,3)([78]62,76,3)([79]38,38,7)([80]48,78,4)([81]1,2,6)([82]0,46,3)([83]21,75,1)([84]58,50,4)([85]53,23,6)([86]48,22,3)(80)
evaluations: 41424919
first invidual area: 156.05
{7,1,80,1,2,1,8}([7]6,1,7)([8]5,7,6)([9]2,4,1)([10]6,8,4)([11]0,4,7)([12]10,9,7)([13]6,0,7)([14]5,12,3)([15]1,3,7)([16]1,11,4)([17]12,1,6)([18]0,10,3)([19]1,5,6)([20]14,0,2)([21]9,20,2)([22]15,4,6)([23]15,11,2)([24]23,17,2)([25]5,13,7)([26]11,1,4)([27]5,1,5)([28]4,2,2)([29]22,24,1)([30]22,18,7)([31]24,16,0)([32]23,6,2)([33]20,12,1)([34]20,30,4)([35]21,30,0)([36]11,13,5)([37]21,10,0)([38]4,25,4)([39]19,36,3)([40]15,14,7)([41]40,13,7)([42]38,28,3)([43]40,35,1)([44]28,36,3)([45]17,28,6)([46]33,5,4)([47]10,28,0)([48]31,34,3)([49]9,45,6)([50]39,49,4)([51]14,21,2)([52]27,50,7)([53]36,21,2)([54]37,45,7)([55]41,21,3)([56]42,55,5)([57]34,43,0)([58]45,54,7)([59]51,6,3)([60]17,9,1)([61]44,36,5)([62]9,35,3)([63]13,33,4)([64]52,24,3)([65]57,11,5)([66]42,28,2)([67]1,21,5)([68]32,38,6)([69]22,56,4)([70]35,39,6)([71]46,8,0)([72]70,16,6)([73]64,67,4)([74]19,45,1)([75]43,59,7)([76]73,32,6)([77]60,40,2)([78]69,76,6)([79]11,8,1)([80]48,78,4)([81]69,3,6)([82]49,0,5)([83]50,45,3)([84]38,56,7)([85]27,79,5)([86]43,3,6)(80)
optimized area: 137.75
time: 545493 ms
seed: 1635168339
NOT FOUND
time: 527634 ms
seed: 1635275317
NOT FOUND
time: 991327 ms
seed: 1635432797
NOT FOUND
time: 989820 ms
seed: 1635540098
NOT FOUND
time: 989732 ms
seed: 1635600102
NOT FOUND
time: 1077810 ms
seed: 1635647762
NOT FOUND
time: 1070147 ms
seed: 1635695623
NOT FOUND
time: 1066168 ms
seed: 1635742953
NOT FOUND
time: 1055987 ms
seed: 1635789840
NOT FOUND
time: 1045269 ms
