seed: 1634028626
NOT FOUND
time: 527373 ms
seed: 1634239064
{7,1,80,1,2,1,8}([7]6,0,2)([8]6,5,3)([9]4,1,6)([10]6,1,4)([11]0,1,2)([12]4,8,0)([13]3,8,7)([14]11,2,7)([15]5,2,7)([16]5,4,6)([17]13,10,7)([18]14,17,7)([19]0,12,0)([20]8,12,7)([21]10,17,3)([22]0,17,7)([23]10,19,3)([24]12,23,0)([25]7,21,4)([26]6,15,2)([27]25,21,6)([28]21,22,4)([29]11,18,6)([30]26,16,7)([31]18,9,5)([32]16,4,3)([33]23,9,5)([34]12,23,2)([35]24,33,6)([36]22,7,3)([37]22,1,6)([38]29,36,3)([39]5,18,7)([40]23,37,3)([41]28,19,0)([42]7,9,4)([43]25,38,7)([44]31,42,7)([45]40,17,7)([46]2,5,3)([47]12,45,5)([48]9,7,5)([49]27,36,0)([50]41,44,2)([51]8,43,6)([52]51,41,7)([53]34,50,3)([54]48,36,0)([55]14,52,2)([56]43,39,6)([57]29,49,6)([58]33,56,4)([59]47,30,2)([60]38,29,6)([61]59,55,3)([62]16,60,0)([63]12,48,4)([64]58,7,4)([65]22,46,6)([66]1,64,6)([67]18,13,1)([68]62,37,2)([69]64,8,0)([70]61,58,7)([71]11,68,0)([72]59,67,1)([73]13,13,6)([74]53,64,6)([75]74,70,3)([76]13,53,7)([77]26,32,2)([78]75,31,7)([79]73,56,5)([80]44,13,2)([81]26,44,1)([82]65,33,2)([83]24,79,6)([84]52,16,2)([85]11,77,1)([86]43,66,2)(78)
evaluations: 35051821
first invidual area: 153.23
{7,1,80,1,2,1,8}([7]6,0,2)([8]5,6,3)([9]1,4,6)([10]6,1,4)([11]0,1,2)([12]4,2,0)([13]10,8,4)([14]11,2,7)([15]4,5,6)([16]9,15,4)([17]3,13,4)([18]17,14,7)([19]5,2,7)([20]15,2,0)([21]17,10,3)([22]17,0,7)([23]10,0,3)([24]23,4,2)([25]7,21,7)([26]6,19,5)([27]25,5,1)([28]18,9,5)([29]11,18,6)([30]16,28,3)([31]30,30,6)([32]22,15,0)([33]23,9,5)([34]5,7,5)([35]1,19,6)([36]7,29,3)([37]22,6,6)([38]22,36,6)([39]5,18,7)([40]24,37,6)([41]29,40,5)([42]20,25,2)([43]25,38,7)([44]24,4,7)([45]40,17,4)([46]21,32,4)([47]12,45,5)([48]15,26,4)([49]48,35,3)([50]25,35,2)([51]41,27,4)([52]8,46,5)([53]24,50,3)([54]12,11,0)([55]52,14,2)([56]43,39,6)([57]55,38,0)([58]56,33,7)([59]47,48,2)([60]2,11,6)([61]59,55,6)([62]51,25,0)([63]19,4,3)([64]58,7,7)([65]20,55,5)([66]60,41,4)([67]5,21,4)([68]26,63,1)([69]38,43,5)([70]61,58,7)([71]62,45,7)([72]62,27,4)([73]72,65,0)([74]53,64,6)([75]74,70,6)([76]74,31,0)([77]27,6,5)([78]67,71,2)([79]75,28,4)([80]2,48,0)([81]71,7,1)([82]29,17,4)([83]30,53,1)([84]17,14,2)([85]15,72,5)([86]4,84,3)(79)
optimized area: 140.56
time: 589962 ms
seed: 1634376501
NOT FOUND
time: 523998 ms
seed: 1634425501
NOT FOUND
time: 528925 ms
seed: 1634633835
NOT FOUND
time: 538595 ms
seed: 1635160856
{7,1,80,1,2,1,8}([7]5,3,7)([8]1,7,7)([9]7,6,3)([10]3,7,3)([11]8,1,0)([12]10,5,5)([13]2,11,2)([14]0,5,4)([15]13,6,6)([16]15,4,4)([17]4,7,3)([18]17,2,2)([19]12,8,3)([20]1,16,4)([21]0,8,3)([22]20,0,3)([23]16,2,3)([24]22,14,5)([25]6,0,7)([26]17,15,2)([27]22,16,3)([28]18,9,7)([29]0,13,3)([30]2,14,4)([31]6,10,4)([32]30,31,2)([33]23,14,2)([34]33,20,2)([35]28,6,7)([36]25,30,6)([37]31,34,4)([38]2,37,4)([39]1,36,5)([40]22,11,7)([41]39,21,7)([42]28,22,2)([43]33,22,1)([44]35,14,1)([45]35,16,1)([46]26,11,0)([47]16,45,4)([48]27,37,4)([49]42,38,3)([50]36,19,0)([51]12,41,7)([52]27,0,4)([53]48,47,6)([54]52,30,6)([55]20,49,7)([56]40,12,4)([57]38,36,1)([58]53,51,3)([59]46,28,3)([60]4,1,0)([61]19,50,4)([62]58,15,1)([63]25,55,3)([64]62,18,2)([65]56,40,2)([66]15,14,3)([67]28,57,7)([68]49,9,6)([69]2,64,0)([70]21,38,5)([71]44,21,2)([72]47,43,0)([73]65,18,7)([74]61,10,1)([75]56,62,4)([76]72,58,1)([77]37,4,3)([78]76,37,6)([79]56,45,6)([80]55,79,6)([81]4,61,4)([82]20,1,2)([83]36,47,3)([84]54,29,0)([85]82,29,7)([86]80,62,3)(86)
evaluations: 27832643
first invidual area: 142.45
{7,1,80,1,2,1,8}([7]3,5,7)([8]7,1,7)([9]6,7,3)([10]4,7,3)([11]2,8,2)([12]7,5,5)([13]7,3,3)([14]5,0,4)([15]6,11,6)([16]4,15,4)([17]16,10,7)([18]10,2,5)([19]16,2,3)([20]16,1,4)([21]8,0,6)([22]20,0,3)([23]2,18,6)([24]0,6,7)([25]14,2,4)([26]4,16,5)([27]6,23,0)([28]18,9,5)([29]24,25,6)([30]5,11,5)([31]13,27,7)([32]20,19,5)([33]14,19,2)([34]20,33,5)([35]28,6,4)([36]30,4,1)([37]31,34,4)([38]37,2,4)([39]1,29,5)([40]28,22,2)([41]21,39,4)([42]31,26,7)([43]8,18,1)([44]43,20,6)([45]12,8,7)([46]3,16,3)([47]43,44,5)([48]31,46,7)([49]40,38,3)([50]49,20,7)([51]16,35,4)([52]41,12,7)([53]48,51,6)([54]35,52,0)([55]52,28,2)([56]45,22,4)([57]12,15,5)([58]53,52,6)([59]19,54,6)([60]23,50,6)([61]3,11,3)([62]5,0,0)([63]38,29,2)([64]51,0,3)([65]3,51,5)([66]39,22,3)([67]50,58,0)([68]48,47,4)([69]16,28,6)([70]35,8,0)([71]33,69,7)([72]21,69,3)([73]45,22,2)([74]69,67,2)([75]5,64,4)([76]13,52,1)([77]64,71,3)([78]69,18,1)([79]56,54,6)([80]50,79,6)([81]29,8,4)([82]54,24,7)([83]56,35,4)([84]61,13,5)([85]68,18,2)([86]80,58,3)(86)
optimized area: 135.89
time: 601456 ms
seed: 1635210047
NOT FOUND
time: 515412 ms
seed: 1635640554
{7,1,80,1,2,1,8}([7]2,6,6)([8]4,5,7)([9]0,2,4)([10]4,9,7)([11]2,8,7)([12]11,4,2)([13]0,8,5)([14]3,5,3)([15]10,14,3)([16]3,13,4)([17]3,1,5)([18]17,15,2)([19]18,1,6)([20]7,16,7)([21]4,18,4)([22]11,21,3)([23]20,10,6)([24]8,20,2)([25]12,1,7)([26]4,5,3)([27]25,26,7)([28]27,15,4)([29]15,2,0)([30]22,17,4)([31]23,22,0)([32]1,1,3)([33]28,6,3)([34]9,2,3)([35]18,33,1)([36]34,6,5)([37]28,23,2)([38]24,35,6)([39]23,18,0)([40]11,33,3)([41]22,27,7)([42]9,27,3)([43]12,8,6)([44]41,10,5)([45]24,7,7)([46]22,25,3)([47]36,30,6)([48]37,7,5)([49]45,11,7)([50]44,8,4)([51]23,39,6)([52]0,27,2)([53]34,4,0)([54]40,6,7)([55]25,20,2)([56]28,2,6)([57]47,55,7)([58]1,18,1)([59]53,7,7)([60]52,39,5)([61]45,9,3)([62]55,50,7)([63]61,29,4)([64]50,52,0)([65]61,28,7)([66]64,54,3)([67]60,42,7)([68]17,16,3)([69]12,61,7)([70]58,15,1)([71]13,63,0)([72]63,67,6)([73]16,56,5)([74]24,15,1)([75]57,66,2)([76]16,39,0)([77]17,33,2)([78]22,48,0)([79]75,72,3)([80]76,74,2)([81]3,40,5)([82]10,26,6)([83]80,77,5)([84]78,31,5)([85]83,75,4)([86]24,55,2)(79)
evaluations: 40105274
first invidual area: 142.91
{7,1,80,1,2,1,8}([7]6,2,6)([8]4,5,7)([9]0,2,4)([10]9,4,7)([11]8,2,7)([12]4,11,5)([13]0,8,5)([14]10,5,3)([15]3,14,3)([16]3,10,5)([17]1,3,5)([18]15,17,5)([19]13,3,7)([20]19,7,4)([21]18,4,7)([22]21,11,3)([23]0,0,2)([24]20,10,6)([25]12,1,4)([26]4,5,6)([27]25,26,4)([28]15,27,4)([29]17,22,4)([30]20,25,5)([31]11,25,6)([32]11,7,1)([33]21,22,4)([34]0,9,3)([35]11,1,0)([36]34,6,5)([37]17,20,5)([38]18,36,0)([39]7,16,3)([40]28,35,6)([41]12,34,4)([42]9,27,3)([43]22,33,6)([44]14,18,5)([45]37,7,4)([46]22,28,5)([47]36,29,6)([48]12,13,7)([49]10,46,5)([50]49,8,4)([51]41,25,3)([52]26,5,3)([53]45,7,4)([54]40,6,3)([55]21,28,7)([56]46,0,2)([57]47,30,4)([58]50,3,2)([59]28,34,5)([60]56,24,5)([61]55,6,1)([62]11,60,5)([63]27,53,7)([64]17,56,6)([65]60,36,0)([66]50,54,3)([67]65,42,2)([68]45,15,5)([69]66,38,6)([70]19,53,4)([71]58,0,7)([72]68,67,6)([73]40,5,7)([74]40,72,3)([75]57,66,2)([76]56,21,5)([77]59,26,5)([78]49,30,7)([79]75,72,3)([80]29,18,5)([81]11,46,4)([82]80,13,5)([83]57,51,1)([84]78,3,7)([85]55,25,4)([86]59,44,5)(79)
optimized area: 126.01
time: 1123087 ms
seed: 1635688334
NOT FOUND
time: 1069153 ms
seed: 1635736147
{7,1,80,1,2,1,8}([7]0,2,7)([8]3,7,3)([9]4,5,1)([10]2,3,5)([11]1,7,4)([12]5,8,7)([13]11,0,5)([14]6,5,3)([15]8,2,7)([16]3,5,2)([17]3,6,4)([18]15,4,7)([19]3,13,4)([20]14,7,2)([21]0,5,5)([22]18,19,6)([23]18,1,3)([24]18,14,6)([25]23,21,2)([26]4,16,7)([27]26,20,6)([28]6,18,3)([29]12,16,4)([30]16,17,6)([31]5,15,3)([32]8,13,4)([33]11,30,6)([34]9,33,2)([35]23,12,3)([36]27,1,4)([37]12,22,3)([38]11,35,4)([39]33,29,0)([40]13,33,5)([41]35,10,3)([42]30,25,2)([43]2,27,7)([44]5,27,6)([45]2,44,6)([46]28,37,2)([47]40,0,6)([48]40,34,1)([49]40,21,6)([50]24,13,5)([51]45,44,5)([52]42,42,0)([53]12,52,1)([54]46,44,7)([55]44,2,0)([56]49,19,7)([57]33,55,7)([58]52,31,2)([59]58,56,3)([60]10,39,6)([61]38,36,2)([62]2,6,7)([63]54,59,7)([64]2,58,7)([65]46,63,7)([66]43,3,4)([67]61,63,7)([68]18,49,0)([69]47,57,4)([70]66,63,5)([71]58,32,4)([72]20,3,7)([73]24,0,5)([74]60,63,1)([75]67,70,5)([76]40,73,3)([77]15,30,5)([78]31,72,1)([79]31,25,1)([80]68,29,3)([81]33,11,6)([82]5,28,4)([83]6,55,0)([84]11,15,5)([85]47,11,5)([86]78,15,1)(75)
evaluations: 45419415
first invidual area: 133.53
{7,1,80,1,2,1,8}([7]0,2,7)([8]7,3,3)([9]0,1,7)([10]8,1,7)([11]7,1,4)([12]5,8,7)([13]11,0,5)([14]5,6,3)([15]8,2,7)([16]8,12,2)([17]3,6,4)([18]15,4,7)([19]3,13,4)([20]14,7,2)([21]0,5,5)([22]18,19,6)([23]18,1,3)([24]0,22,1)([25]21,23,2)([26]4,16,7)([27]20,26,6)([28]6,18,3)([29]12,7,0)([30]22,17,6)([31]5,15,3)([32]12,14,6)([33]21,30,6)([34]29,27,6)([35]23,12,6)([36]1,27,4)([37]12,22,3)([38]11,35,7)([39]22,24,1)([40]33,34,1)([41]5,35,0)([42]25,30,2)([43]13,40,3)([44]5,27,3)([45]14,28,5)([46]28,37,5)([47]16,7,7)([48]10,11,6)([49]40,11,6)([50]12,21,6)([51]29,40,6)([52]7,51,5)([53]26,37,4)([54]46,44,4)([55]5,1,0)([56]49,19,7)([57]41,53,5)([58]42,31,2)([59]58,56,3)([60]57,51,0)([61]38,36,2)([62]3,1,4)([63]54,59,4)([64]10,14,5)([65]55,32,2)([66]62,2,4)([67]61,63,7)([68]37,8,2)([69]3,51,1)([70]66,61,5)([71]69,51,3)([72]66,61,4)([73]48,37,1)([74]4,30,5)([75]67,70,5)([76]71,58,0)([77]24,50,4)([78]31,75,3)([79]10,48,6)([80]24,43,3)([81]18,15,3)([82]19,16,7)([83]46,80,3)([84]11,12,2)([85]20,79,1)([86]59,60,1)(75)
optimized area: 132.59
time: 1087432 ms
seed: 1635783370
NOT FOUND
time: 1067192 ms
seed: 1635830189
NOT FOUND
time: 1097933 ms
seed: 1635873382
NOT FOUND
time: 1062185 ms
seed: 1635915431
NOT FOUND
time: 1066600 ms
seed: 1635951678
NOT FOUND
time: 1084670 ms
seed: 1635987849
NOT FOUND
time: 1061527 ms
seed: 1636023757
{7,1,80,1,2,1,8}([7]0,1,2)([8]3,4,7)([9]1,8,7)([10]5,2,5)([11]8,10,7)([12]3,4,2)([13]3,4,2)([14]3,6,4)([15]4,0,5)([16]9,11,5)([17]2,6,3)([18]9,0,1)([19]2,9,0)([20]14,0,2)([21]3,0,7)([22]7,15,7)([23]15,16,5)([24]23,13,4)([25]19,7,7)([26]15,5,6)([27]5,6,4)([28]27,5,1)([29]3,26,4)([30]8,28,7)([31]22,17,6)([32]25,29,3)([33]29,28,4)([34]0,33,3)([35]23,34,3)([36]27,35,4)([37]32,36,2)([38]20,8,6)([39]38,9,2)([40]30,37,4)([41]37,24,4)([42]35,11,5)([43]1,40,3)([44]3,33,7)([45]19,41,3)([46]5,20,3)([47]39,33,1)([48]15,38,0)([49]41,45,2)([50]33,23,6)([51]10,21,2)([52]47,40,7)([53]25,43,3)([54]28,49,6)([55]51,15,1)([56]53,51,0)([57]26,28,4)([58]25,15,1)([59]46,49,3)([60]27,42,0)([61]52,19,6)([62]37,31,4)([63]55,53,3)([64]61,54,4)([65]56,37,3)([66]13,27,4)([67]4,59,6)([68]37,22,2)([69]0,24,4)([70]62,45,2)([71]31,56,4)([72]28,7,7)([73]4,39,1)([74]26,68,3)([75]21,63,1)([76]3,10,0)([77]20,44,3)([78]60,40,6)([79]46,34,0)([80]71,27,6)([81]64,63,7)([82]36,71,3)([83]70,81,3)([84]63,64,6)([85]1,42,5)([86]76,67,3)(83)
evaluations: 35959638
first invidual area: 152.27
{7,1,80,1,2,1,8}([7]0,1,2)([8]4,3,7)([9]8,1,7)([10]5,2,5)([11]4,3,5)([12]8,10,7)([13]7,5,0)([14]6,6,0)([15]0,4,5)([16]12,9,5)([17]7,15,2)([18]3,6,4)([19]13,2,7)([20]0,18,2)([21]2,14,3)([22]1,5,1)([23]16,15,5)([24]11,23,4)([25]2,18,3)([26]5,15,6)([27]5,6,4)([28]27,14,1)([29]3,26,4)([30]12,28,4)([31]17,21,6)([32]19,29,3)([33]29,27,7)([34]33,23,3)([35]0,34,3)([36]35,28,7)([37]32,36,2)([38]20,1,6)([39]38,9,5)([40]30,37,7)([41]37,24,7)([42]34,14,4)([43]5,40,3)([44]24,19,4)([45]2,41,3)([46]38,33,1)([47]27,15,7)([48]17,10,6)([49]38,18,0)([50]42,28,3)([51]34,12,7)([52]39,40,7)([53]32,43,3)([54]28,41,3)([55]35,37,4)([56]54,43,3)([57]40,23,6)([58]16,6,3)([59]15,39,1)([60]58,37,4)([61]52,2,3)([62]37,31,4)([63]46,53,3)([64]61,54,7)([65]6,51,3)([66]25,22,1)([67]28,63,3)([68]65,23,3)([69]15,28,0)([70]62,45,2)([71]19,38,6)([72]48,31,4)([73]22,1,6)([74]45,18,4)([75]70,51,5)([76]19,21,0)([77]64,66,0)([78]21,8,7)([79]7,18,4)([80]79,43,7)([81]64,63,4)([82]65,38,1)([83]70,81,3)([84]72,30,5)([85]66,40,1)([86]70,7,4)(83)
optimized area: 138.21
time: 1190018 ms
seed: 1636058510
NOT FOUND
time: 1047949 ms
seed: 1636092338
{7,1,80,1,2,1,8}([7]0,1,4)([8]2,0,4)([9]7,0,7)([10]2,9,3)([11]9,4,4)([12]3,10,7)([13]10,6,7)([14]2,4,2)([15]13,0,7)([16]7,12,7)([17]12,11,6)([18]13,8,2)([19]1,16,3)([20]19,15,6)([21]18,11,6)([22]6,12,3)([23]5,21,4)([24]20,8,4)([25]24,16,1)([26]1,17,5)([27]22,2,4)([28]27,23,4)([29]5,22,5)([30]21,18,0)([31]14,18,3)([32]13,5,0)([33]11,31,7)([34]24,10,3)([35]28,26,4)([36]27,12,0)([37]33,25,2)([38]3,29,3)([39]6,25,2)([40]26,39,6)([41]15,2,6)([42]16,19,1)([43]7,35,7)([44]43,38,4)([45]22,7,2)([46]7,45,1)([47]35,37,6)([48]42,14,6)([49]36,15,5)([50]16,33,4)([51]35,44,5)([52]34,33,4)([53]45,36,2)([54]39,39,5)([55]34,37,2)([56]26,54,4)([57]43,33,6)([58]48,53,1)([59]14,3,3)([60]20,2,5)([61]29,60,6)([62]42,60,0)([63]49,7,6)([64]10,54,1)([65]48,56,5)([66]60,57,4)([67]3,46,2)([68]32,28,2)([69]50,51,3)([70]23,8,6)([71]47,69,7)([72]32,16,3)([73]65,71,5)([74]15,52,2)([75]64,31,3)([76]22,57,1)([77]70,43,6)([78]75,7,7)([79]22,55,0)([80]26,67,1)([81]1,35,6)([82]81,20,4)([83]14,15,2)([84]69,7,6)([85]59,52,7)([86]79,69,1)(73)
evaluations: 6340919
first invidual area: 138.23
{7,1,80,1,2,1,8}([7]0,1,4)([8]0,2,4)([9]1,3,1)([10]9,2,3)([11]1,4,7)([12]3,10,7)([13]10,6,7)([14]4,2,2)([15]6,3,4)([16]7,12,7)([17]11,12,6)([18]8,13,2)([19]1,16,3)([20]19,15,6)([21]11,18,6)([22]6,12,3)([23]21,22,4)([24]20,8,7)([25]18,14,6)([26]17,1,5)([27]5,23,4)([28]23,8,6)([29]14,19,1)([30]24,6,5)([31]5,22,5)([32]2,26,5)([33]11,25,4)([34]28,14,7)([35]27,32,4)([36]7,11,4)([37]24,33,2)([38]3,31,6)([39]16,23,1)([40]23,12,3)([41]19,3,0)([42]28,6,5)([43]16,39,5)([44]7,38,7)([45]44,35,5)([46]26,30,4)([47]46,1,5)([48]35,37,3)([49]33,16,4)([50]49,45,3)([51]44,0,3)([52]38,30,0)([53]40,47,7)([54]33,32,0)([55]39,14,6)([56]14,48,7)([57]54,33,2)([58]48,50,5)([59]2,50,3)([60]10,9,0)([61]59,47,0)([62]37,17,0)([63]47,23,7)([64]50,38,5)([65]46,55,5)([66]65,27,0)([67]25,2,2)([68]29,15,6)([69]13,56,4)([70]63,23,5)([71]25,19,4)([72]49,30,0)([73]66,58,5)([74]59,57,1)([75]60,56,5)([76]64,31,6)([77]67,33,3)([78]46,26,3)([79]41,25,5)([80]59,59,0)([81]45,70,7)([82]46,42,6)([83]40,76,3)([84]26,23,0)([85]79,58,2)([86]23,41,2)(73)
optimized area: 120.87
time: 1334998 ms
seed: 1636125438
{7,1,80,1,2,1,8}([7]4,3,2)([8]7,4,4)([9]6,5,7)([10]2,8,4)([11]1,3,4)([12]11,5,2)([13]8,0,5)([14]6,9,3)([15]14,13,7)([16]1,2,5)([17]11,2,7)([18]1,0,4)([19]10,9,3)([20]17,9,2)([21]0,6,5)([22]7,15,7)([23]9,16,6)([24]17,16,5)([25]19,21,5)([26]23,6,4)([27]9,19,4)([28]22,16,4)([29]3,10,7)([30]28,2,4)([31]27,28,7)([32]21,0,7)([33]30,26,6)([34]18,16,4)([35]13,34,2)([36]6,7,5)([37]1,28,3)([38]3,5,4)([39]38,34,6)([40]9,37,2)([41]21,1,6)([42]34,10,5)([43]24,33,4)([44]31,39,5)([45]9,8,4)([46]45,36,4)([47]27,8,0)([48]32,25,0)([49]43,35,2)([50]30,4,0)([51]12,29,6)([52]15,45,6)([53]39,42,5)([54]51,24,2)([55]37,54,7)([56]29,10,7)([57]41,40,4)([58]57,4,3)([59]54,22,0)([60]49,19,7)([61]58,60,5)([62]44,55,5)([63]41,19,2)([64]14,7,4)([65]41,56,7)([66]42,28,7)([67]28,14,1)([68]61,62,2)([69]30,2,6)([70]42,16,1)([71]33,30,5)([72]30,70,0)([73]50,45,7)([74]32,6,6)([75]25,63,0)([76]69,53,2)([77]9,59,2)([78]24,39,7)([79]25,42,7)([80]23,6,5)([81]6,0,1)([82]13,24,3)([83]18,82,5)([84]11,0,6)([85]69,62,4)([86]74,46,6)(68)
evaluations: 6562947
first invidual area: 144.33
{7,1,80,1,2,1,8}([7]3,4,2)([8]7,4,4)([9]5,6,7)([10]8,2,4)([11]1,3,4)([12]3,5,4)([13]8,0,5)([14]10,6,1)([15]6,5,0)([16]1,2,5)([17]3,10,7)([18]5,13,5)([19]9,15,3)([20]14,9,3)([21]13,16,5)([22]2,11,7)([23]21,7,4)([24]22,16,5)([25]17,16,0)([26]15,20,2)([27]19,18,5)([28]19,23,4)([29]0,1,7)([30]28,2,4)([31]28,20,4)([32]7,18,0)([33]18,32,1)([34]16,29,7)([35]11,24,7)([36]11,5,2)([37]1,28,3)([38]13,34,2)([39]12,34,6)([40]30,26,6)([41]9,10,3)([42]3,9,4)([43]24,40,4)([44]31,39,5)([45]0,25,5)([46]38,22,0)([47]46,42,7)([48]28,23,2)([49]43,46,5)([50]0,26,6)([51]25,36,6)([52]38,18,1)([53]34,45,6)([54]51,24,5)([55]54,37,4)([56]32,20,1)([57]53,9,3)([58]57,32,3)([59]44,55,5)([60]49,41,4)([61]58,60,5)([62]50,23,4)([63]27,31,4)([64]47,35,5)([65]59,61,2)([66]38,57,2)([67]46,8,6)([68]1,56,5)([69]59,42,3)([70]41,63,5)([71]52,69,4)([72]63,33,0)([73]22,20,3)([74]5,45,2)([75]6,31,7)([76]2,63,0)([77]14,17,3)([78]74,52,1)([79]6,41,7)([80]75,7,5)([81]37,15,6)([82]28,27,5)([83]44,39,7)([84]2,32,6)([85]59,18,5)([86]79,56,7)(65)
optimized area: 130.24
time: 1331479 ms
seed: 1636158032
NOT FOUND
time: 1051993 ms
seed: 1636190509
{7,1,80,1,2,1,8}([7]1,0,2)([8]5,6,4)([9]2,3,7)([10]1,3,2)([11]10,6,7)([12]5,4,4)([13]11,3,6)([14]9,8,5)([15]9,7,4)([16]4,3,2)([17]14,2,4)([18]9,11,6)([19]6,4,6)([20]10,15,6)([21]7,3,2)([22]20,12,4)([23]1,21,4)([24]4,18,5)([25]7,20,3)([26]11,7,5)([27]24,0,4)([28]23,4,5)([29]28,21,7)([30]27,12,3)([31]20,16,7)([32]11,28,2)([33]0,13,5)([34]32,25,7)([35]22,17,6)([36]1,19,7)([37]32,19,3)([38]22,33,7)([39]37,35,2)([40]31,39,4)([41]28,13,3)([42]24,8,2)([43]11,5,3)([44]22,9,5)([45]30,40,2)([46]36,44,3)([47]42,37,6)([48]44,42,6)([49]38,27,6)([50]45,12,0)([51]40,33,1)([52]42,17,7)([53]9,12,0)([54]24,22,5)([55]41,52,3)([56]26,28,6)([57]10,19,2)([58]41,26,4)([59]44,57,6)([60]45,34,5)([61]51,20,4)([62]19,9,0)([63]56,44,0)([64]59,19,2)([65]60,55,7)([66]11,59,5)([67]45,43,2)([68]49,65,7)([69]27,33,6)([70]45,67,6)([71]67,46,7)([72]68,71,3)([73]68,48,7)([74]57,49,1)([75]50,30,4)([76]66,4,1)([77]72,17,0)([78]65,75,3)([79]32,24,7)([80]30,50,5)([81]12,74,4)([82]46,30,7)([83]74,32,0)([84]78,19,3)([85]5,52,0)([86]69,38,7)(77)
evaluations: 16260933
first invidual area: 149.46
{7,1,80,1,2,1,8}([7]1,0,2)([8]5,6,4)([9]3,2,7)([10]1,3,2)([11]10,6,7)([12]5,4,4)([13]3,11,6)([14]9,8,5)([15]9,7,4)([16]4,3,5)([17]2,14,4)([18]9,11,6)([19]4,6,6)([20]15,10,6)([21]15,17,5)([22]12,20,4)([23]21,4,2)([24]18,4,5)([25]11,20,3)([26]22,9,5)([27]24,0,4)([28]23,1,5)([29]11,28,2)([30]12,27,3)([31]20,16,4)([32]23,7,4)([33]24,13,5)([34]7,25,7)([35]22,17,6)([36]19,1,7)([37]19,29,3)([38]33,22,7)([39]37,35,5)([40]39,31,7)([41]28,13,3)([42]8,24,5)([43]26,31,3)([44]29,5,3)([45]30,40,2)([46]36,26,3)([47]34,45,5)([48]25,41,2)([49]27,38,6)([50]35,5,3)([51]35,27,6)([52]14,43,0)([53]42,17,4)([54]7,47,0)([55]41,53,3)([56]40,25,3)([57]30,50,1)([58]3,36,7)([59]32,45,0)([60]23,29,3)([61]37,38,0)([62]17,21,5)([63]16,59,3)([64]46,10,3)([65]55,47,5)([66]11,11,0)([67]45,44,5)([68]49,65,7)([69]44,15,2)([70]10,32,6)([71]67,46,7)([72]14,27,1)([73]6,30,4)([74]53,0,1)([75]27,13,5)([76]44,63,6)([77]11,41,1)([78]68,71,5)([79]5,43,5)([80]60,68,7)([81]26,79,6)([82]27,71,6)([83]75,82,3)([84]78,8,0)([85]76,84,3)([86]17,80,0)(78)
optimized area: 141.47
time: 1385902 ms
seed: 1636221215
NOT FOUND
time: 1064135 ms
seed: 1636251139
NOT FOUND
time: 1067943 ms
seed: 1636270242
{7,1,80,1,2,1,8}([7]3,5,2)([8]5,0,3)([9]4,2,3)([10]3,4,7)([11]6,3,1)([12]5,4,2)([13]0,4,4)([14]1,8,2)([15]12,13,7)([16]15,1,4)([17]0,10,6)([18]9,7,6)([19]5,2,4)([20]10,19,7)([21]6,8,5)([22]11,17,7)([23]21,10,4)([24]15,18,4)([25]15,3,0)([26]10,13,7)([27]26,5,7)([28]13,14,6)([29]13,22,6)([30]22,20,3)([31]0,16,4)([32]29,11,2)([33]31,32,3)([34]33,19,6)([35]24,25,1)([36]28,20,7)([37]11,26,3)([38]30,27,3)([39]37,30,5)([40]36,35,1)([41]34,10,6)([42]7,3,0)([43]16,32,7)([44]41,4,5)([45]41,40,7)([46]30,12,4)([47]30,43,2)([48]23,47,4)([49]14,21,7)([50]42,46,7)([51]46,23,4)([52]16,14,7)([53]0,30,7)([54]39,35,2)([55]14,40,2)([56]34,52,5)([57]56,38,7)([58]47,14,5)([59]39,55,2)([60]45,48,6)([61]19,29,5)([62]49,23,0)([63]24,46,6)([64]50,56,3)([65]48,1,7)([66]24,32,0)([67]20,20,4)([68]55,5,7)([69]60,54,6)([70]30,62,6)([71]59,58,1)([72]56,30,7)([73]60,69,7)([74]69,57,5)([75]72,61,0)([76]17,3,0)([77]6,57,3)([78]4,2,3)([79]26,48,2)([80]5,10,7)([81]74,46,2)([82]44,72,6)([83]38,32,6)([84]11,37,7)([85]58,67,6)([86]35,85,7)(74)
evaluations: 26576104
first invidual area: 142.90
{7,1,80,1,2,1,8}([7]3,5,2)([8]5,0,3)([9]4,2,3)([10]4,3,7)([11]9,7,6)([12]5,4,5)([13]4,0,4)([14]3,5,7)([15]13,12,4)([16]6,8,2)([17]0,10,3)([18]13,10,7)([19]5,2,4)([20]10,19,7)([21]6,0,1)([22]17,6,7)([23]1,8,2)([24]3,8,2)([25]15,9,5)([26]6,1,7)([27]15,1,4)([28]23,13,6)([29]22,13,6)([30]22,20,3)([31]0,27,4)([32]29,21,2)([33]31,19,3)([34]33,29,6)([35]9,19,1)([36]20,28,7)([37]21,18,3)([38]7,31,0)([39]23,14,2)([40]10,27,7)([41]36,10,5)([42]30,24,6)([43]32,16,3)([44]10,34,3)([45]44,36,7)([46]15,11,7)([47]30,43,5)([48]25,28,7)([49]34,6,0)([50]31,4,3)([51]25,33,7)([52]37,30,5)([53]47,40,4)([54]32,18,7)([55]45,54,3)([56]34,25,5)([57]56,42,4)([58]43,25,5)([59]5,0,4)([60]45,53,6)([61]13,38,0)([62]52,46,2)([63]9,34,4)([64]30,36,2)([65]52,34,6)([66]24,56,1)([67]43,45,0)([68]6,0,4)([69]60,62,6)([70]35,52,2)([71]66,64,4)([72]52,18,2)([73]54,37,0)([74]12,53,1)([75]16,62,7)([76]23,0,0)([77]1,72,3)([78]50,37,3)([79]60,71,7)([80]18,56,7)([81]59,28,2)([82]26,67,5)([83]80,46,4)([84]62,78,6)([85]45,3,2)([86]57,69,5)(86)
optimized area: 132.11
time: 1204437 ms
seed: 1636286898
{7,1,80,1,2,1,8}([7]6,3,5)([8]2,0,5)([9]3,8,5)([10]4,9,5)([11]2,3,4)([12]10,5,4)([13]2,0,6)([14]10,0,5)([15]1,2,4)([16]7,5,6)([17]13,1,3)([18]5,16,3)([19]12,15,2)([20]12,6,3)([21]18,6,7)([22]11,12,4)([23]1,21,4)([24]6,4,5)([25]18,13,3)([26]23,24,0)([27]9,20,2)([28]22,11,6)([29]20,24,1)([30]17,24,4)([31]4,4,0)([32]19,30,3)([33]16,32,4)([34]8,31,5)([35]19,8,6)([36]29,18,0)([37]33,25,2)([38]6,9,5)([39]34,22,2)([40]0,22,3)([41]26,3,3)([42]11,29,1)([43]38,1,7)([44]15,27,5)([45]41,14,3)([46]27,1,3)([47]37,35,7)([48]47,4,2)([49]9,27,5)([50]10,3,7)([51]26,22,0)([52]6,17,3)([53]48,27,7)([54]18,26,4)([55]39,33,5)([56]23,5,1)([57]11,36,6)([58]18,39,1)([59]36,39,5)([60]57,46,4)([61]45,49,6)([62]50,50,7)([63]34,10,7)([64]59,20,2)([65]53,55,2)([66]60,61,4)([67]17,4,2)([68]30,53,4)([69]54,61,1)([70]59,55,3)([71]2,32,5)([72]61,71,5)([73]43,62,2)([74]35,5,7)([75]31,26,3)([76]48,7,3)([77]68,2,7)([78]36,72,0)([79]44,69,4)([80]65,66,7)([81]0,16,6)([82]80,78,4)([83]8,65,4)([84]80,62,0)([85]62,23,4)([86]9,65,0)(80)
evaluations: 44318335
first invidual area: 123.66
{7,1,80,1,2,1,8}([7]6,3,5)([8]2,0,5)([9]8,3,5)([10]4,9,5)([11]3,2,4)([12]10,5,4)([13]0,2,6)([14]0,10,5)([15]1,2,4)([16]7,5,6)([17]13,1,3)([18]5,16,3)([19]12,15,2)([20]6,12,3)([21]12,17,4)([22]11,12,4)([23]6,21,4)([24]6,4,5)([25]13,18,3)([26]24,17,4)([27]9,20,2)([28]20,6,1)([29]14,18,6)([30]15,17,6)([31]19,8,3)([32]19,26,3)([33]16,32,4)([34]31,4,5)([35]32,18,3)([36]28,28,4)([37]33,25,5)([38]0,11,7)([39]34,22,2)([40]17,24,0)([41]3,23,3)([42]37,41,7)([43]39,23,7)([44]22,7,6)([45]41,14,6)([46]27,1,6)([47]37,31,7)([48]47,4,2)([49]1,31,7)([50]33,46,6)([51]15,49,6)([52]35,34,3)([53]48,27,7)([54]9,27,3)([55]39,33,5)([56]11,9,5)([57]11,28,6)([58]12,37,1)([59]4,37,2)([60]43,19,7)([61]45,46,6)([62]27,16,6)([63]48,44,5)([64]58,4,3)([65]53,55,5)([66]57,61,4)([67]14,4,1)([68]11,62,7)([69]45,5,4)([70]54,27,4)([71]35,44,2)([72]42,46,0)([73]68,13,6)([74]30,56,3)([75]9,39,6)([76]66,66,1)([77]58,21,1)([78]69,11,5)([79]53,59,6)([80]65,66,4)([81]78,48,6)([82]67,52,3)([83]61,58,6)([84]70,28,6)([85]40,68,5)([86]39,45,7)(80)
optimized area: 116.16
time: 1083427 ms
seed: 1636303304
{7,1,80,1,2,1,8}([7]5,4,4)([8]4,7,4)([9]4,0,6)([10]3,5,3)([11]7,9,3)([12]3,4,4)([13]12,9,5)([14]9,0,6)([15]2,13,7)([16]14,3,3)([17]12,0,6)([18]14,8,2)([19]0,5,5)([20]2,2,0)([21]10,1,7)([22]21,17,3)([23]4,16,4)([24]14,2,3)([25]12,17,4)([26]9,12,7)([27]16,7,7)([28]1,26,5)([29]16,6,4)([30]15,3,5)([31]30,10,7)([32]23,21,7)([33]3,21,6)([34]18,15,5)([35]21,15,4)([36]24,29,7)([37]13,19,3)([38]24,33,6)([39]30,36,5)([40]1,15,3)([41]11,31,4)([42]35,26,2)([43]19,6,2)([44]43,11,5)([45]41,29,2)([46]38,27,3)([47]22,44,5)([48]27,46,4)([49]31,15,5)([50]34,47,4)([51]39,9,1)([52]44,50,0)([53]14,35,6)([54]45,0,5)([55]23,5,2)([56]17,52,7)([57]39,46,7)([58]11,57,0)([59]30,7,7)([60]43,0,7)([61]16,29,6)([62]47,28,2)([63]50,40,5)([64]63,54,2)([65]19,51,5)([66]52,38,0)([67]60,26,7)([68]63,34,6)([69]65,64,5)([70]31,27,7)([71]56,62,5)([72]69,47,4)([73]62,47,5)([74]57,40,6)([75]28,38,2)([76]61,42,4)([77]20,72,7)([78]76,57,5)([79]72,78,2)([80]79,5,6)([81]76,53,1)([82]6,21,0)([83]31,77,6)([84]17,24,4)([85]41,22,7)([86]43,67,0)(79)
evaluations: 25436065
first invidual area: 143.34
{7,1,80,1,2,1,8}([7]5,4,4)([8]3,7,7)([9]0,4,6)([10]5,3,3)([11]10,10,4)([12]3,4,4)([13]0,12,6)([14]0,9,6)([15]9,2,4)([16]14,3,6)([17]3,2,2)([18]5,15,2)([19]7,0,0)([20]12,9,7)([21]10,1,7)([22]18,14,5)([23]21,3,6)([24]14,2,3)([25]0,5,5)([26]8,11,7)([27]13,21,3)([28]9,19,3)([29]6,16,7)([30]15,3,5)([31]1,2,3)([32]30,10,5)([33]29,6,3)([34]5,33,6)([35]21,15,4)([36]29,24,7)([37]8,12,7)([38]24,23,6)([39]30,36,2)([40]16,38,4)([41]32,19,7)([42]27,13,6)([43]32,6,7)([44]6,28,5)([45]41,29,5)([46]8,38,6)([47]27,44,5)([48]4,32,0)([49]18,46,2)([50]22,47,4)([51]33,10,2)([52]7,51,3)([53]46,27,6)([54]32,48,6)([55]50,35,0)([56]55,24,2)([57]39,46,7)([58]46,8,6)([59]20,35,5)([60]28,22,5)([61]10,19,3)([62]27,16,7)([63]55,31,5)([64]63,45,2)([65]25,39,5)([66]15,38,1)([67]19,39,5)([68]33,43,5)([69]65,64,5)([70]10,9,4)([71]47,30,5)([72]69,47,4)([73]45,55,7)([74]60,33,6)([75]4,34,4)([76]33,59,4)([77]72,2,4)([78]76,57,5)([79]72,78,2)([80]15,23,5)([81]79,64,0)([82]64,7,1)([83]63,53,1)([84]57,27,5)([85]56,60,5)([86]61,36,6)(79)
optimized area: 127.88
time: 1236250 ms
seed: 1636319609
NOT FOUND
time: 1057385 ms
seed: 1636335897
{7,1,80,1,2,1,8}([7]0,2,4)([8]4,6,2)([9]5,3,5)([10]4,8,7)([11]5,10,7)([12]7,11,7)([13]3,8,7)([14]2,5,7)([15]4,12,4)([16]9,2,3)([17]12,2,6)([18]16,15,2)([19]6,3,7)([20]14,9,1)([21]15,17,6)([22]18,11,6)([23]19,2,3)([24]4,21,6)([25]22,3,7)([26]14,19,7)([27]13,15,3)([28]6,18,6)([29]21,27,2)([30]1,25,6)([31]6,24,4)([32]29,15,7)([33]2,12,4)([34]7,14,2)([35]26,22,5)([36]30,28,6)([37]29,0,6)([38]23,28,2)([39]31,8,1)([40]28,35,5)([41]14,8,4)([42]9,5,7)([43]41,33,6)([44]39,15,1)([45]34,40,1)([46]35,38,7)([47]44,42,7)([48]1,28,4)([49]22,36,3)([50]7,6,5)([51]27,36,5)([52]51,7,5)([53]31,3,3)([54]8,17,7)([55]29,13,5)([56]53,1,7)([57]38,15,1)([58]15,40,7)([59]1,15,7)([60]38,33,7)([61]37,49,4)([62]30,46,2)([63]47,43,3)([64]39,34,5)([65]20,48,4)([66]36,39,1)([67]61,10,4)([68]6,7,6)([69]29,64,3)([70]29,17,2)([71]40,33,3)([72]69,35,7)([73]11,44,5)([74]72,62,7)([75]56,67,3)([76]13,11,4)([77]75,31,0)([78]34,43,2)([79]35,74,5)([80]74,75,7)([81]49,2,1)([82]50,56,3)([83]16,38,3)([84]80,78,6)([85]41,81,1)([86]72,65,4)(84)
evaluations: 24464749
first invidual area: 156.97
{7,1,80,1,2,1,8}([7]0,5,4)([8]6,4,2)([9]4,0,1)([10]9,8,3)([11]5,10,7)([12]7,2,7)([13]4,2,6)([14]5,2,7)([15]8,12,4)([16]3,1,3)([17]0,5,5)([18]3,7,5)([19]14,3,7)([20]15,17,2)([21]15,13,6)([22]20,11,6)([23]22,3,0)([24]21,4,6)([25]16,10,0)([26]19,6,7)([27]25,22,7)([28]6,12,6)([29]21,19,2)([30]3,28,0)([31]24,6,4)([32]18,28,2)([33]6,14,2)([34]7,14,2)([35]22,12,4)([36]31,18,1)([37]29,0,3)([38]11,25,6)([39]24,0,5)([40]31,30,6)([41]32,3,7)([42]27,32,3)([43]26,22,5)([44]27,40,0)([45]9,28,6)([46]12,24,3)([47]36,34,5)([48]41,28,0)([49]22,41,6)([50]17,12,3)([51]40,1,7)([52]32,31,5)([53]38,36,4)([54]41,17,3)([55]35,35,0)([56]43,30,4)([57]46,32,7)([58]10,49,7)([59]47,10,6)([60]52,39,3)([61]32,47,3)([62]43,33,0)([63]12,27,7)([64]47,30,5)([65]56,33,6)([66]38,29,5)([67]58,37,4)([68]56,11,2)([69]67,24,0)([70]38,6,3)([71]51,8,0)([72]61,66,5)([73]25,32,4)([74]45,24,1)([75]71,69,5)([76]75,62,0)([77]44,58,4)([78]62,72,7)([79]7,11,3)([80]78,75,7)([81]34,8,2)([82]3,62,5)([83]24,75,5)([84]80,81,6)([85]2,59,4)([86]68,79,0)(84)
optimized area: 126.01
time: 1254819 ms
seed: 1636342481
NOT FOUND
time: 1064299 ms
seed: 1636348859
{7,1,80,1,2,1,8}([7]5,2,6)([8]5,6,5)([9]4,7,4)([10]5,3,4)([11]2,0,4)([12]2,7,6)([13]8,9,4)([14]13,3,4)([15]1,10,6)([16]6,12,4)([17]2,14,0)([18]9,16,6)([19]11,18,4)([20]8,17,4)([21]18,15,4)([22]13,21,6)([23]10,20,4)([24]21,1,6)([25]5,9,7)([26]1,4,1)([27]0,22,6)([28]17,9,6)([29]24,5,6)([30]7,29,2)([31]6,30,3)([32]31,23,7)([33]26,26,0)([34]26,0,5)([35]19,10,4)([36]11,4,2)([37]22,34,4)([38]24,32,4)([39]3,37,5)([40]14,37,3)([41]34,28,6)([42]8,27,3)([43]11,16,4)([44]25,42,4)([45]43,41,7)([46]44,15,5)([47]11,45,3)([48]38,16,4)([49]17,31,5)([50]45,40,6)([51]24,46,4)([52]23,18,6)([53]48,35,6)([54]21,20,3)([55]41,41,7)([56]7,11,6)([57]50,44,4)([58]54,41,0)([59]15,56,2)([60]56,4,2)([61]53,57,3)([62]0,22,0)([63]59,61,4)([64]56,38,2)([65]23,11,0)([66]28,24,5)([67]3,38,5)([68]63,64,3)([69]16,58,6)([70]1,42,3)([71]64,55,5)([72]17,14,3)([73]13,7,2)([74]18,59,6)([75]45,52,4)([76]22,8,2)([77]68,24,4)([78]10,31,0)([79]65,47,2)([80]34,73,6)([81]68,0,0)([82]50,56,1)([83]14,13,5)([84]1,56,0)([85]43,48,1)([86]23,41,6)(77)
evaluations: 27330738
first invidual area: 157.46
{7,1,80,1,2,1,8}([7]5,2,6)([8]6,5,5)([9]7,4,4)([10]5,3,4)([11]0,2,4)([12]7,2,3)([13]9,8,4)([14]7,9,0)([15]1,10,6)([16]6,12,7)([17]13,3,4)([18]9,16,6)([19]0,18,7)([20]10,2,4)([21]18,15,4)([22]21,13,6)([23]22,18,0)([24]1,21,6)([25]5,9,4)([26]25,8,0)([27]0,23,6)([28]12,7,7)([29]8,24,4)([30]21,14,2)([31]30,6,3)([32]20,31,4)([33]9,24,6)([34]2,17,7)([35]19,20,7)([36]1,27,6)([37]23,36,6)([38]29,32,7)([39]3,13,0)([40]39,3,6)([41]23,33,3)([42]8,27,6)([43]11,16,4)([44]26,42,4)([45]43,41,4)([46]14,44,0)([47]37,17,3)([48]38,16,4)([49]34,18,1)([50]44,37,2)([51]47,45,6)([52]42,8,7)([53]48,35,6)([54]36,45,2)([55]42,34,1)([56]11,14,6)([57]51,44,4)([58]14,53,2)([59]15,56,5)([60]41,40,3)([61]57,53,6)([62]1,34,4)([63]59,61,4)([64]56,38,2)([65]53,9,7)([66]57,64,3)([67]26,31,4)([68]63,64,3)([69]44,31,6)([70]24,68,4)([71]52,17,7)([72]36,11,3)([73]5,66,0)([74]43,52,7)([75]30,59,7)([76]49,4,1)([77]68,17,0)([78]61,77,6)([79]43,19,7)([80]74,79,7)([81]39,33,0)([82]27,43,1)([83]38,62,5)([84]3,80,4)([85]82,7,7)([86]43,69,2)(70)
optimized area: 151.37
time: 1258471 ms
