seed: 1633870855
NOT FOUND
time: 523657 ms
seed: 1634008518
{7,1,80,1,2,1,8}([7]3,0,5)([8]6,4,7)([9]1,5,4)([10]3,4,5)([11]10,7,4)([12]2,6,7)([13]0,7,2)([14]1,0,2)([15]3,2,0)([16]6,10,6)([17]3,12,4)([18]16,14,4)([19]12,1,3)([20]8,13,7)([21]9,11,0)([22]6,20,5)([23]20,17,5)([24]13,12,3)([25]5,21,5)([26]17,20,5)([27]4,22,4)([28]26,16,7)([29]7,15,4)([30]19,22,5)([31]23,12,4)([32]9,26,3)([33]8,30,7)([34]4,19,6)([35]32,25,2)([36]25,3,3)([37]5,30,3)([38]34,24,1)([39]7,2,7)([40]7,26,6)([41]35,18,6)([42]0,16,7)([43]39,37,7)([44]19,35,4)([45]24,41,7)([46]27,15,7)([47]22,10,2)([48]43,45,6)([49]38,28,3)([50]38,33,2)([51]29,37,4)([52]21,50,3)([53]52,32,7)([54]36,42,7)([55]10,23,3)([56]43,52,2)([57]30,51,6)([58]43,54,3)([59]53,36,6)([60]13,12,5)([61]1,20,4)([62]7,6,7)([63]31,58,5)([64]45,62,2)([65]9,32,1)([66]59,20,6)([67]12,37,5)([68]57,46,2)([69]57,45,4)([70]0,6,2)([71]26,46,2)([72]28,43,5)([73]69,63,3)([74]56,45,6)([75]8,41,6)([76]25,50,3)([77]74,73,7)([78]62,58,4)([79]15,44,1)([80]70,39,1)([81]35,79,2)([82]31,20,1)([83]7,79,0)([84]9,81,3)([85]50,66,7)([86]58,85,0)(77)
evaluations: 29969485
first invidual area: 138.21
{7,1,80,1,2,1,8}([7]0,3,5)([8]4,6,7)([9]1,5,4)([10]4,3,5)([11]1,0,5)([12]6,2,7)([13]7,0,2)([14]13,8,0)([15]4,12,6)([16]10,8,6)([17]3,12,4)([18]16,11,7)([19]12,1,3)([20]8,13,7)([21]19,20,2)([22]8,9,1)([23]2,7,4)([24]6,14,0)([25]5,9,5)([26]17,20,5)([27]3,7,5)([28]20,6,5)([29]22,12,3)([30]19,28,5)([31]26,12,4)([32]9,26,3)([33]8,30,7)([34]8,6,1)([35]32,25,2)([36]25,3,6)([37]5,30,3)([38]12,23,3)([39]6,25,2)([40]35,18,3)([41]28,25,4)([42]12,13,3)([43]23,37,4)([44]28,36,7)([45]42,40,4)([46]1,1,4)([47]0,36,7)([48]21,31,2)([49]14,29,6)([50]33,19,2)([51]27,5,4)([52]9,50,3)([53]6,35,2)([54]30,12,1)([55]52,31,3)([56]43,52,2)([57]30,51,3)([58]47,43,3)([59]19,36,5)([60]13,26,2)([61]42,60,5)([62]17,5,4)([63]31,58,5)([64]16,5,5)([65]35,21,4)([66]3,54,0)([67]45,0,1)([68]6,33,3)([69]57,45,7)([70]23,52,4)([71]42,56,7)([72]51,30,1)([73]69,63,3)([74]56,45,3)([75]6,4,2)([76]16,67,0)([77]6,17,4)([78]47,43,7)([79]29,13,0)([80]18,40,7)([81]18,28,7)([82]60,61,2)([83]73,74,4)([84]42,65,0)([85]45,37,0)([86]51,42,7)(83)
optimized area: 124.62
time: 596385 ms
seed: 1634057315
{7,1,80,1,2,1,8}([7]0,1,2)([8]7,4,4)([9]0,2,3)([10]9,8,7)([11]4,1,2)([12]9,1,3)([13]0,5,0)([14]6,8,0)([15]14,9,5)([16]15,11,5)([17]13,2,7)([18]5,15,7)([19]3,18,3)([20]18,3,0)([21]11,18,6)([22]1,11,4)([23]17,19,5)([24]22,23,7)([25]11,18,2)([26]7,2,3)([27]16,24,2)([28]7,20,3)([29]26,25,4)([30]1,6,3)([31]3,29,4)([32]17,31,4)([33]9,24,4)([34]21,30,6)([35]7,7,7)([36]27,32,7)([37]6,18,7)([38]11,32,0)([39]26,26,6)([40]10,11,6)([41]8,22,3)([42]28,1,3)([43]6,40,3)([44]1,32,3)([45]27,29,5)([46]43,36,3)([47]5,22,6)([48]23,42,6)([49]44,19,1)([50]26,0,4)([51]24,37,2)([52]19,6,5)([53]12,21,4)([54]40,23,0)([55]13,52,0)([56]41,52,6)([57]19,17,3)([58]14,28,1)([59]56,26,7)([60]27,8,2)([61]34,46,4)([62]10,34,3)([63]24,20,6)([64]27,60,4)([65]61,6,1)([66]49,64,6)([67]43,53,5)([68]59,45,4)([69]36,25,0)([70]60,19,5)([71]28,61,5)([72]1,47,6)([73]59,61,0)([74]2,61,6)([75]30,52,0)([76]9,50,1)([77]13,0,5)([78]17,34,1)([79]68,36,6)([80]40,29,5)([81]34,77,6)([82]71,67,2)([83]8,19,7)([84]34,10,1)([85]9,63,0)([86]79,82,7)(86)
evaluations: 19587911
first invidual area: 127.90
{7,1,80,1,2,1,8}([7]1,0,2)([8]7,4,4)([9]2,0,3)([10]2,7,3)([11]1,4,2)([12]11,2,1)([13]8,9,7)([14]1,12,5)([15]9,6,5)([16]15,11,5)([17]2,0,7)([18]15,5,7)([19]18,3,3)([20]14,18,6)([21]18,11,5)([22]17,19,5)([23]0,2,4)([24]22,14,4)([25]19,6,5)([26]11,13,0)([27]1,9,6)([28]26,13,6)([29]21,10,7)([30]16,24,5)([31]29,3,7)([32]31,17,4)([33]7,18,3)([34]29,32,5)([35]5,21,0)([36]30,32,7)([37]8,31,3)([38]1,6,3)([39]8,22,7)([40]28,22,1)([41]27,11,6)([42]41,12,4)([43]28,6,3)([44]21,40,3)([45]39,25,2)([46]36,43,6)([47]33,8,0)([48]14,3,6)([49]32,42,5)([50]18,45,0)([51]4,48,6)([52]28,33,2)([53]1,52,7)([54]22,33,4)([55]37,25,3)([56]32,13,7)([57]26,13,5)([58]33,41,7)([59]55,10,4)([60]39,12,5)([61]46,38,4)([62]57,55,2)([63]14,49,3)([64]3,24,1)([65]22,33,5)([66]54,29,1)([67]58,43,5)([68]59,34,4)([69]58,49,4)([70]55,47,6)([71]33,61,5)([72]23,32,1)([73]9,26,6)([74]29,14,2)([75]25,5,2)([76]30,61,6)([77]43,8,3)([78]48,73,5)([79]68,36,6)([80]72,67,6)([81]67,1,1)([82]71,67,5)([83]80,48,7)([84]35,18,4)([85]51,57,4)([86]79,82,4)(86)
optimized area: 122.73
time: 647850 ms
seed: 1634171583
{7,1,80,1,2,1,8}([7]4,1,5)([8]3,4,1)([9]5,8,6)([10]0,1,5)([11]9,0,2)([12]2,10,4)([13]0,7,5)([14]2,10,6)([15]9,1,7)([16]4,2,7)([17]8,16,6)([18]6,16,2)([19]0,17,3)([20]5,13,7)([21]0,0,0)([22]13,12,7)([23]3,12,6)([24]6,12,4)([25]18,7,0)([26]12,3,4)([27]18,23,4)([28]15,6,2)([29]17,25,6)([30]22,1,7)([31]2,23,1)([32]10,9,4)([33]17,26,1)([34]25,31,2)([35]5,31,6)([36]9,20,6)([37]31,35,0)([38]36,36,7)([39]34,16,5)([40]29,37,7)([41]20,1,4)([42]24,27,4)([43]11,17,1)([44]27,32,2)([45]1,5,7)([46]45,16,2)([47]8,30,4)([48]40,36,7)([49]44,42,7)([50]33,44,3)([51]19,19,4)([52]8,24,7)([53]23,39,1)([54]44,20,5)([55]34,54,1)([56]16,52,5)([57]23,6,6)([58]33,38,0)([59]49,47,3)([60]9,5,0)([61]60,21,4)([62]30,26,6)([63]62,56,7)([64]63,55,2)([65]5,61,5)([66]64,48,5)([67]54,58,5)([68]36,65,1)([69]40,66,3)([70]41,11,4)([71]67,63,0)([72]22,63,5)([73]62,49,4)([74]55,14,5)([75]60,5,1)([76]51,51,3)([77]72,71,2)([78]70,77,3)([79]9,73,6)([80]15,66,7)([81]78,49,2)([82]22,1,7)([83]5,22,3)([84]35,55,4)([85]30,81,2)([86]80,81,7)(86)
evaluations: 20887986
first invidual area: 147.12
{7,1,80,1,2,1,8}([7]1,1,3)([8]3,6,1)([9]5,8,6)([10]1,0,5)([11]7,4,5)([12]10,2,4)([13]0,11,5)([14]1,7,1)([15]12,3,6)([16]4,2,7)([17]8,16,6)([18]6,16,2)([19]12,0,7)([20]13,5,7)([21]20,9,3)([22]17,21,1)([23]19,13,1)([24]12,6,4)([25]12,2,2)([26]10,9,7)([27]18,15,4)([28]12,24,5)([29]18,21,5)([30]17,18,3)([31]27,7,5)([32]28,31,4)([33]10,23,4)([34]30,2,4)([35]8,24,7)([36]30,12,0)([37]7,13,4)([38]30,34,0)([39]5,33,2)([40]37,15,6)([41]21,7,7)([42]12,25,7)([43]16,35,5)([44]26,27,5)([45]37,22,2)([46]41,36,2)([47]34,21,7)([48]5,39,7)([49]24,44,4)([50]19,42,2)([51]45,46,1)([52]29,15,5)([53]31,9,5)([54]47,2,2)([55]24,31,6)([56]41,53,4)([57]40,7,0)([58]56,17,0)([59]48,31,6)([60]26,24,0)([61]1,9,4)([62]45,57,3)([63]62,43,4)([64]63,29,2)([65]63,11,3)([66]64,47,5)([67]15,25,0)([68]22,31,5)([69]6,63,5)([70]68,69,2)([71]27,65,1)([72]27,40,6)([73]45,27,0)([74]50,12,7)([75]67,7,2)([76]69,15,6)([77]37,10,1)([78]56,70,3)([79]26,22,6)([80]61,66,7)([81]78,49,5)([82]66,2,1)([83]66,10,0)([84]4,1,1)([85]84,66,7)([86]80,81,7)(86)
optimized area: 133.05
time: 635635 ms
seed: 1634218826
NOT FOUND
time: 529754 ms
seed: 1634315887
{7,1,80,1,2,1,8}([7]3,2,6)([8]6,5,6)([9]5,1,3)([10]3,1,4)([11]0,1,2)([12]2,9,7)([13]7,8,6)([14]0,5,7)([15]6,12,4)([16]14,2,0)([17]6,5,5)([18]11,17,6)([19]15,18,6)([20]13,10,5)([21]20,0,7)([22]8,2,7)([23]11,21,6)([24]23,15,2)([25]12,7,3)([26]5,4,5)([27]6,1,1)([28]3,26,2)([29]1,24,4)([30]25,19,4)([31]4,30,4)([32]5,6,1)([33]22,21,3)([34]33,19,4)([35]12,34,0)([36]16,31,4)([37]28,34,5)([38]36,21,2)([39]14,21,4)([40]33,29,5)([41]34,38,2)([42]17,41,2)([43]38,12,6)([44]29,5,7)([45]36,39,5)([46]37,29,7)([47]30,41,3)([48]22,41,4)([49]42,16,7)([50]43,5,2)([51]42,45,3)([52]50,46,7)([53]12,40,6)([54]45,32,3)([55]7,33,5)([56]24,44,2)([57]47,52,4)([58]55,20,7)([59]55,33,6)([60]46,51,2)([61]29,49,7)([62]23,33,4)([63]60,61,3)([64]54,45,5)([65]63,36,3)([66]38,65,4)([67]4,5,7)([68]21,62,7)([69]14,31,6)([70]69,12,3)([71]2,16,7)([72]14,59,2)([73]19,64,3)([74]48,8,3)([75]27,65,4)([76]75,24,7)([77]23,32,6)([78]37,53,3)([79]77,64,1)([80]62,63,0)([81]41,66,7)([82]2,52,3)([83]57,81,2)([84]76,64,1)([85]76,18,1)([86]83,60,4)(86)
evaluations: 7790411
first invidual area: 156.97
{7,1,80,1,2,1,8}([7]3,2,6)([8]5,6,6)([9]1,5,3)([10]3,1,4)([11]0,1,2)([12]9,2,7)([13]8,7,6)([14]0,5,7)([15]6,12,4)([16]3,13,4)([17]5,12,5)([18]17,11,6)([19]15,18,6)([20]13,10,5)([21]20,0,7)([22]13,2,4)([23]12,21,6)([24]4,16,7)([25]7,12,6)([26]5,4,5)([27]25,19,2)([28]11,21,6)([29]28,15,5)([30]19,25,7)([31]30,4,4)([32]26,3,2)([33]21,22,3)([34]33,19,4)([35]31,24,0)([36]14,35,4)([37]15,21,2)([38]36,21,2)([39]35,21,7)([40]36,26,6)([41]29,1,7)([42]29,0,6)([43]4,9,4)([44]32,34,5)([45]36,39,5)([46]44,41,7)([47]38,7,0)([48]10,2,5)([49]48,17,7)([50]17,40,2)([51]37,45,3)([52]46,50,3)([53]31,30,7)([54]8,7,1)([55]43,10,6)([56]4,36,4)([57]52,30,7)([58]27,47,5)([59]49,38,1)([60]51,46,5)([61]59,1,7)([62]36,34,2)([63]46,43,6)([64]25,37,3)([65]42,11,1)([66]47,63,6)([67]51,48,5)([68]20,55,1)([69]48,50,1)([70]50,34,6)([71]61,54,2)([72]11,15,0)([73]38,3,0)([74]32,58,1)([75]12,0,6)([76]21,49,2)([77]74,69,1)([78]33,55,0)([79]52,36,4)([80]37,33,7)([81]66,62,6)([82]67,48,1)([83]57,81,5)([84]57,0,3)([85]1,19,0)([86]83,60,4)(86)
optimized area: 139.14
time: 867206 ms
seed: 1634356393
NOT FOUND
time: 526433 ms
seed: 1634405321
NOT FOUND
time: 528678 ms
seed: 1634454395
{7,1,80,1,2,1,8}([7]6,2,7)([8]7,0,4)([9]5,4,7)([10]9,5,3)([11]5,0,2)([12]10,7,5)([13]5,0,3)([14]8,0,6)([15]2,13,0)([16]1,4,0)([17]10,2,3)([18]8,12,3)([19]12,15,7)([20]8,4,4)([21]9,19,7)([22]14,21,6)([23]5,19,3)([24]17,1,4)([25]0,24,3)([26]11,12,3)([27]5,8,4)([28]13,17,5)([29]14,14,6)([30]29,19,5)([31]3,24,2)([32]31,21,6)([33]20,32,6)([34]3,33,4)([35]26,34,4)([36]24,20,1)([37]34,23,3)([38]16,24,7)([39]27,3,7)([40]12,34,2)([41]25,15,7)([42]0,11,5)([43]6,31,5)([44]28,40,4)([45]20,23,2)([46]45,41,3)([47]35,22,6)([48]29,44,1)([49]39,46,3)([50]1,30,0)([51]34,50,3)([52]51,17,7)([53]3,52,0)([54]24,37,5)([55]51,15,6)([56]24,29,1)([57]16,24,0)([58]14,54,6)([59]34,15,4)([60]44,58,4)([61]19,31,6)([62]1,18,4)([63]21,7,6)([64]53,24,1)([65]56,21,0)([66]56,11,4)([67]34,30,3)([68]34,34,2)([69]46,50,6)([70]12,64,1)([71]67,47,2)([72]71,60,3)([73]58,68,7)([74]52,11,1)([75]54,9,6)([76]53,26,6)([77]72,49,5)([78]48,28,0)([79]75,66,0)([80]11,42,1)([81]55,47,2)([82]61,37,3)([83]46,0,5)([84]71,32,0)([85]6,9,7)([86]76,84,0)(77)
evaluations: 21789430
first invidual area: 128.83
{7,1,80,1,2,1,8}([7]6,2,7)([8]7,0,4)([9]4,5,7)([10]5,9,3)([11]3,8,7)([12]10,7,5)([13]5,10,0)([14]12,13,0)([15]0,13,2)([16]0,5,3)([17]10,2,3)([18]6,14,6)([19]14,2,7)([20]4,8,4)([21]9,19,7)([22]5,11,4)([23]13,19,3)([24]1,17,4)([25]0,24,3)([26]14,15,3)([27]0,8,6)([28]20,23,2)([29]26,0,0)([30]17,16,5)([31]3,24,2)([32]21,31,6)([33]20,32,6)([34]3,33,4)([35]23,24,6)([36]12,1,0)([37]34,23,3)([38]12,34,5)([39]25,13,0)([40]12,9,7)([41]33,20,1)([42]2,25,7)([43]1,33,1)([44]35,0,5)([45]17,43,5)([46]28,42,3)([47]34,26,4)([48]46,34,4)([49]7,14,1)([50]35,37,7)([51]37,24,5)([52]30,41,2)([53]27,26,6)([54]33,37,2)([55]26,25,4)([56]53,13,3)([57]32,27,7)([58]27,51,6)([59]21,27,6)([60]38,30,4)([61]47,59,6)([62]10,7,7)([63]34,43,3)([64]60,1,0)([65]6,26,3)([66]46,22,3)([67]47,29,1)([68]2,14,6)([69]58,60,7)([70]22,20,4)([71]65,61,2)([72]71,69,3)([73]17,46,3)([74]58,56,7)([75]54,3,0)([76]17,67,0)([77]72,66,5)([78]61,31,6)([79]61,78,3)([80]69,0,5)([81]79,47,0)([82]68,18,5)([83]68,75,2)([84]55,79,7)([85]75,35,7)([86]82,42,1)(77)
optimized area: 124.15
time: 626455 ms
seed: 1634514642
{7,1,80,1,2,1,8}([7]4,3,6)([8]7,1,7)([9]2,3,7)([10]3,8,4)([11]10,6,7)([12]5,0,3)([13]12,10,4)([14]3,1,6)([15]0,10,7)([16]2,12,4)([17]5,3,1)([18]12,12,0)([19]10,4,7)([20]1,12,2)([21]11,0,2)([22]4,13,3)([23]0,22,2)([24]2,11,6)([25]16,6,7)([26]20,16,4)([27]1,9,3)([28]22,6,4)([29]23,3,3)([30]0,26,4)([31]25,13,0)([32]28,15,2)([33]17,24,5)([34]32,27,5)([35]31,28,7)([36]34,35,7)([37]13,7,4)([38]29,6,5)([39]4,12,4)([40]23,33,4)([41]26,30,7)([42]21,7,7)([43]26,19,4)([44]28,36,7)([45]36,19,7)([46]38,0,1)([47]40,9,1)([48]4,9,4)([49]1,9,2)([50]4,22,6)([51]46,5,7)([52]21,45,3)([53]51,36,2)([54]12,19,5)([55]52,37,2)([56]37,35,7)([57]31,55,4)([58]57,48,6)([59]17,58,4)([60]25,7,1)([61]5,17,3)([62]40,15,4)([63]14,0,6)([64]51,10,7)([65]40,59,6)([66]29,4,5)([67]65,57,7)([68]67,53,3)([69]54,48,0)([70]2,65,4)([71]59,61,2)([72]32,51,1)([73]25,59,4)([74]3,70,2)([75]35,8,1)([76]53,32,7)([77]30,2,3)([78]48,47,5)([79]50,56,1)([80]47,34,3)([81]57,24,5)([82]66,19,5)([83]19,59,3)([84]82,20,5)([85]30,47,2)([86]68,84,4)(86)
evaluations: 31604199
first invidual area: 149.95
{7,1,80,1,2,1,8}([7]4,3,6)([8]3,7,3)([9]2,3,7)([10]8,1,7)([11]4,10,7)([12]0,5,3)([13]12,10,4)([14]1,1,2)([15]12,11,1)([16]10,5,6)([17]10,0,7)([18]13,17,6)([19]16,16,6)([20]13,7,4)([21]2,6,4)([22]4,13,3)([23]22,0,2)([24]23,3,3)([25]21,12,7)([26]24,12,4)([27]14,9,3)([28]6,22,4)([29]6,24,5)([30]28,0,2)([31]2,12,0)([32]8,6,4)([33]21,16,5)([34]17,27,5)([35]34,28,5)([36]25,35,4)([37]5,29,4)([38]29,10,6)([39]17,19,7)([40]33,23,4)([41]40,3,3)([42]7,31,2)([43]28,18,7)([44]23,36,0)([45]36,11,7)([46]24,20,3)([47]38,40,6)([48]4,9,4)([49]45,11,1)([50]35,0,3)([51]22,40,1)([52]30,45,3)([53]37,36,2)([54]25,13,6)([55]52,20,5)([56]48,7,7)([57]25,55,7)([58]57,48,3)([59]5,58,4)([60]13,11,2)([61]1,12,5)([62]41,56,7)([63]35,27,6)([64]23,47,0)([65]40,59,6)([66]55,47,6)([67]57,65,7)([68]67,53,3)([69]65,62,2)([70]62,50,2)([71]49,17,7)([72]67,47,7)([73]10,56,1)([74]72,16,5)([75]38,52,3)([76]55,15,0)([77]56,11,0)([78]10,3,4)([79]2,68,3)([80]10,16,4)([81]48,78,2)([82]35,15,0)([83]61,1,1)([84]58,27,7)([85]44,8,5)([86]68,61,4)(86)
optimized area: 128.40
time: 597108 ms
seed: 1634613825
NOT FOUND
time: 525002 ms
seed: 1635140749
NOT FOUND
time: 527653 ms
seed: 1635189967
NOT FOUND
time: 529600 ms
seed: 1635339927
{7,1,80,1,2,1,8}([7]1,3,3)([8]3,2,7)([9]6,0,5)([10]8,2,2)([11]4,3,4)([12]10,4,6)([13]9,0,4)([14]12,10,4)([15]8,0,2)([16]6,1,2)([17]13,5,7)([18]6,8,7)([19]11,9,7)([20]1,12,2)([21]6,2,2)([22]15,1,5)([23]13,19,2)([24]5,18,5)([25]0,12,1)([26]8,17,3)([27]1,15,3)([28]4,22,7)([29]21,16,7)([30]29,16,5)([31]28,7,5)([32]10,0,2)([33]31,10,4)([34]23,18,3)([35]33,25,6)([36]20,30,4)([37]24,7,7)([38]28,12,5)([39]7,36,0)([40]35,17,7)([41]27,37,7)([42]31,41,5)([43]34,21,4)([44]17,36,2)([45]37,39,2)([46]23,10,3)([47]41,35,7)([48]36,12,1)([49]45,40,4)([50]29,44,6)([51]35,0,4)([52]1,4,1)([53]9,24,1)([54]41,21,1)([55]48,36,7)([56]26,42,2)([57]17,28,6)([58]44,38,2)([59]19,48,5)([60]19,46,5)([61]47,57,6)([62]56,43,2)([63]48,62,3)([64]6,39,4)([65]18,23,4)([66]50,57,6)([67]66,27,4)([68]4,7,5)([69]29,4,4)([70]43,49,2)([71]4,11,1)([72]68,31,7)([73]44,30,0)([74]66,70,3)([75]16,14,0)([76]43,11,0)([77]69,17,4)([78]26,55,1)([79]13,67,4)([80]59,52,5)([81]60,75,1)([82]78,12,2)([83]63,74,7)([84]33,72,3)([85]55,22,1)([86]28,81,3)(83)
evaluations: 16465152
first invidual area: 140.54
{7,1,80,1,2,1,8}([7]3,1,3)([8]2,3,7)([9]6,5,1)([10]2,3,2)([11]4,3,7)([12]4,10,6)([13]0,9,5)([14]1,12,5)([15]0,8,2)([16]1,6,5)([17]13,5,7)([18]8,6,7)([19]11,0,7)([20]1,15,5)([21]6,2,2)([22]21,1,5)([23]17,17,2)([24]5,18,5)([25]19,13,2)([26]2,20,6)([27]1,15,3)([28]20,4,7)([29]25,3,0)([30]23,14,2)([31]6,14,4)([32]27,19,6)([33]19,16,7)([34]29,18,6)([35]16,21,4)([36]11,28,5)([37]24,7,4)([38]37,24,7)([39]7,28,5)([40]36,23,7)([41]27,37,4)([42]24,7,5)([43]34,21,7)([44]19,32,4)([45]32,21,2)([46]6,10,1)([47]39,41,5)([48]40,42,4)([49]3,2,4)([50]35,30,6)([51]30,8,3)([52]3,16,3)([53]16,8,7)([54]51,47,2)([55]14,50,6)([56]36,16,6)([57]55,27,7)([58]21,2,4)([59]28,17,6)([60]37,20,2)([61]14,22,4)([62]54,43,2)([63]61,62,6)([64]58,4,4)([65]5,22,2)([66]50,59,6)([67]17,52,1)([68]10,61,0)([69]16,4,7)([70]43,48,2)([71]62,47,0)([72]14,6,1)([73]2,4,7)([74]66,70,6)([75]22,7,4)([76]37,54,4)([77]48,56,6)([78]51,41,7)([79]28,66,6)([80]8,22,1)([81]35,39,2)([82]7,31,3)([83]63,74,7)([84]38,75,4)([85]73,0,3)([86]14,74,5)(83)
optimized area: 127.88
time: 1169886 ms
seed: 1635620922
NOT FOUND
time: 1064961 ms
seed: 1635668610
{7,1,80,1,2,1,8}([7]5,6,7)([8]2,4,4)([9]6,3,3)([10]4,8,5)([11]6,8,2)([12]0,11,7)([13]0,6,6)([14]2,10,1)([15]7,1,3)([16]3,10,7)([17]15,12,4)([18]12,5,7)([19]18,16,4)([20]16,17,2)([21]1,12,3)([22]2,21,4)([23]5,22,6)([24]9,7,4)([25]21,20,2)([26]17,1,3)([27]4,26,7)([28]13,10,6)([29]18,20,2)([30]28,17,3)([31]20,26,3)([32]20,3,4)([33]18,22,2)([34]15,16,7)([35]32,31,7)([36]22,13,7)([37]24,8,2)([38]10,22,7)([39]35,23,7)([40]34,14,1)([41]29,20,1)([42]40,36,5)([43]39,33,5)([44]15,16,5)([45]31,1,4)([46]31,9,0)([47]31,19,5)([48]36,47,4)([49]4,18,7)([50]23,24,7)([51]9,41,5)([52]13,0,1)([53]42,50,5)([54]21,53,7)([55]40,12,2)([56]7,45,2)([57]26,9,4)([58]45,52,4)([59]8,44,4)([60]4,43,2)([61]4,57,4)([62]29,34,7)([63]51,14,6)([64]26,18,0)([65]1,50,6)([66]59,8,0)([67]63,64,2)([68]6,10,5)([69]48,38,6)([70]55,7,4)([71]25,22,3)([72]31,60,7)([73]39,53,5)([74]72,44,6)([75]48,67,6)([76]12,21,6)([77]29,30,1)([78]73,14,4)([79]23,11,4)([80]22,53,6)([81]60,78,3)([82]73,57,5)([83]82,35,4)([84]81,75,7)([85]36,84,4)([86]3,26,7)(85)
evaluations: 30811424
first invidual area: 143.84
{7,1,80,1,2,1,8}([7]5,6,7)([8]4,2,4)([9]3,6,3)([10]8,4,5)([11]6,8,5)([12]11,0,4)([13]0,6,3)([14]12,1,6)([15]1,7,3)([16]3,10,7)([17]12,15,4)([18]12,5,7)([19]18,16,4)([20]14,8,3)([21]2,0,1)([22]2,14,7)([23]5,22,3)([24]15,8,2)([25]10,17,5)([26]1,17,3)([27]7,9,4)([28]8,7,6)([29]1,12,2)([30]19,13,4)([31]10,17,6)([32]25,3,5)([33]18,17,5)([34]30,0,7)([35]32,26,4)([36]13,22,4)([37]18,22,2)([38]7,25,5)([39]23,35,4)([40]27,23,4)([41]15,13,1)([42]15,16,4)([43]39,37,5)([44]36,42,5)([45]12,10,3)([46]11,21,7)([47]26,19,5)([48]36,47,4)([49]1,25,5)([50]9,33,5)([51]15,10,3)([52]30,50,4)([53]44,40,5)([54]52,42,1)([55]38,37,1)([56]48,33,0)([57]7,48,4)([58]41,37,0)([59]20,42,2)([60]4,43,2)([61]23,4,6)([62]19,14,3)([63]50,21,6)([64]40,15,5)([65]2,11,4)([66]53,39,5)([67]63,26,2)([68]46,17,6)([69]0,7,2)([70]51,5,4)([71]38,58,6)([72]28,27,0)([73]21,66,4)([74]58,73,1)([75]48,67,6)([76]48,74,7)([77]6,16,4)([78]25,27,5)([79]15,1,6)([80]20,21,1)([81]60,73,3)([82]76,16,7)([83]62,8,5)([84]36,81,4)([85]75,84,7)([86]46,41,6)(85)
optimized area: 134.47
time: 1207900 ms
seed: 1635716475
NOT FOUND
time: 1076882 ms
seed: 1635763689
NOT FOUND
time: 1054622 ms
seed: 1635810631
NOT FOUND
time: 1061857 ms
seed: 1635853875
NOT FOUND
time: 1077236 ms
seed: 1635895871
NOT FOUND
time: 1058497 ms
seed: 1635932059
NOT FOUND
time: 1076153 ms
seed: 1635968262
{7,1,80,1,2,1,8}([7]2,3,4)([8]6,1,4)([9]5,2,7)([10]7,8,0)([11]2,0,6)([12]0,3,6)([13]12,4,4)([14]8,11,3)([15]7,4,1)([16]7,8,6)([17]6,12,4)([18]6,12,6)([19]14,13,5)([20]3,7,5)([21]9,20,4)([22]20,16,7)([23]15,18,7)([24]3,20,3)([25]3,3,0)([26]5,16,0)([27]8,18,0)([28]4,22,2)([29]2,12,5)([30]6,0,2)([31]22,19,5)([32]14,19,4)([33]5,26,0)([34]10,1,4)([35]9,6,1)([36]13,21,3)([37]19,17,5)([38]36,1,5)([39]1,34,7)([40]3,11,5)([41]4,23,5)([42]1,37,5)([43]38,31,4)([44]17,5,7)([45]44,39,4)([46]45,37,3)([47]35,42,5)([48]39,30,6)([49]46,28,1)([50]28,48,6)([51]44,50,7)([52]43,39,4)([53]14,7,1)([54]29,47,4)([55]9,54,2)([56]28,54,5)([57]43,24,4)([58]0,54,4)([59]51,42,4)([60]54,45,0)([61]26,29,3)([62]43,33,5)([63]7,32,4)([64]0,24,7)([65]56,38,5)([66]62,55,2)([67]32,3,7)([68]36,18,1)([69]58,65,2)([70]29,32,1)([71]68,5,6)([72]69,59,4)([73]49,34,2)([74]72,73,6)([75]71,32,5)([76]34,75,4)([77]12,13,2)([78]25,14,5)([79]75,52,6)([80]65,33,5)([81]53,60,7)([82]23,61,3)([83]81,67,3)([84]50,35,7)([85]82,54,3)([86]74,79,6)(86)
evaluations: 15476855
first invidual area: 151.32
{7,1,80,1,2,1,8}([7]2,3,4)([8]6,1,4)([9]2,5,4)([10]7,8,3)([11]2,0,6)([12]3,0,6)([13]4,12,4)([14]11,8,3)([15]7,1,1)([16]5,0,0)([17]12,6,4)([18]17,5,4)([19]13,14,5)([20]7,3,5)([21]20,10,0)([22]21,10,5)([23]21,9,7)([24]11,3,6)([25]17,0,2)([26]4,3,0)([27]13,23,3)([28]12,22,3)([29]22,26,2)([30]1,7,4)([31]25,15,6)([32]16,4,3)([33]29,14,5)([34]1,27,5)([35]29,14,5)([36]20,16,4)([37]19,17,5)([38]5,3,4)([39]15,14,3)([40]19,22,5)([41]38,15,5)([42]1,37,5)([43]30,40,4)([44]36,38,3)([45]20,42,5)([46]40,5,0)([47]9,42,5)([48]24,3,0)([49]30,7,3)([50]31,29,3)([51]8,19,5)([52]0,48,6)([53]18,50,7)([54]5,13,7)([55]36,40,6)([56]0,48,3)([57]23,42,2)([58]47,56,7)([59]45,49,1)([60]21,32,6)([61]2,5,4)([62]18,50,1)([63]17,5,5)([64]55,30,2)([65]33,34,5)([66]41,47,1)([67]53,5,5)([68]42,53,4)([69]58,65,5)([70]26,43,6)([71]5,43,6)([72]69,68,7)([73]28,8,0)([74]72,64,6)([75]58,9,5)([76]49,19,6)([77]7,43,0)([78]3,71,4)([79]20,53,4)([80]8,30,1)([81]71,51,2)([82]17,58,2)([83]0,20,2)([84]81,74,6)([85]65,48,1)([86]21,33,4)(84)
optimized area: 129.28
time: 1319905 ms
seed: 1636004088
{7,1,80,1,2,1,8}([7]5,0,0)([8]0,5,4)([9]1,4,7)([10]0,1,2)([11]6,7,0)([12]6,5,4)([13]2,4,4)([14]8,6,2)([15]7,0,5)([16]3,2,7)([17]15,12,4)([18]2,7,4)([19]17,17,1)([20]3,12,0)([21]16,6,4)([22]7,1,5)([23]21,13,2)([24]1,18,2)([25]23,2,5)([26]5,10,3)([27]26,1,7)([28]21,13,3)([29]27,23,7)([30]16,25,1)([31]19,9,3)([32]22,9,6)([33]28,1,5)([34]32,8,7)([35]3,31,5)([36]24,10,5)([37]1,35,4)([38]13,36,6)([39]14,4,3)([40]18,39,5)([41]33,35,4)([42]32,18,4)([43]17,25,3)([44]40,29,2)([45]15,2,7)([46]43,26,7)([47]17,4,5)([48]38,2,0)([49]18,17,5)([50]47,20,0)([51]21,43,7)([52]51,34,7)([53]47,37,3)([54]23,25,3)([55]5,54,6)([56]6,48,4)([57]30,36,2)([58]43,18,6)([59]47,37,1)([60]56,1,4)([61]45,37,5)([62]47,13,0)([63]38,21,0)([64]56,61,3)([65]62,50,1)([66]36,24,7)([67]44,64,7)([68]41,52,6)([69]6,62,4)([70]67,68,6)([71]65,51,4)([72]24,12,1)([73]69,34,3)([74]9,42,5)([75]20,30,0)([76]4,16,7)([77]50,36,4)([78]75,8,7)([79]78,9,7)([80]38,75,4)([81]54,24,6)([82]36,33,5)([83]12,15,5)([84]77,74,6)([85]66,60,3)([86]49,20,3)(70)
evaluations: 7085937
first invidual area: 135.88
{7,1,80,1,2,1,8}([7]6,5,7)([8]5,0,4)([9]6,8,2)([10]0,1,3)([11]8,1,2)([12]11,5,3)([13]2,4,4)([14]9,4,3)([15]0,5,5)([16]2,6,7)([17]7,15,4)([18]12,1,7)([19]2,5,4)([20]15,12,0)([21]16,3,4)([22]15,3,6)([23]13,21,5)([24]4,1,7)([25]24,17,3)([26]0,3,4)([27]17,2,5)([28]13,21,6)([29]18,23,4)([30]15,22,4)([31]0,28,5)([32]9,28,6)([33]1,28,5)([34]9,21,7)([35]3,25,5)([36]26,7,6)([37]1,35,4)([38]5,18,5)([39]2,19,5)([40]14,19,5)([41]37,33,4)([42]23,27,3)([43]38,24,3)([44]39,33,2)([45]8,8,5)([46]43,8,7)([47]17,33,1)([48]21,42,5)([49]33,20,3)([50]12,8,7)([51]4,32,5)([52]48,46,7)([53]49,16,2)([54]15,34,0)([55]20,2,7)([56]31,6,2)([57]39,34,6)([58]37,55,5)([59]42,52,5)([60]48,1,3)([61]35,54,7)([62]6,24,3)([63]8,31,7)([64]56,58,6)([65]40,29,5)([66]27,20,1)([67]64,65,7)([68]26,51,3)([69]2,48,3)([70]51,17,5)([71]41,52,6)([72]10,30,2)([73]22,36,0)([74]1,57,7)([75]4,23,6)([76]22,71,3)([77]20,40,3)([78]64,33,0)([79]25,77,6)([80]19,2,2)([81]76,12,7)([82]71,67,6)([83]69,73,4)([84]22,32,7)([85]64,22,3)([86]19,9,2)(82)
optimized area: 123.69
time: 1240338 ms
seed: 1636038702
{7,1,80,1,2,1,8}([7]6,1,4)([8]0,0,6)([9]3,8,4)([10]7,5,7)([11]5,3,5)([12]3,10,4)([13]12,4,6)([14]9,13,6)([15]14,2,3)([16]4,0,7)([17]15,10,7)([18]11,2,6)([19]11,8,2)([20]0,1,6)([21]20,15,0)([22]16,21,2)([23]4,19,7)([24]2,7,2)([25]19,4,7)([26]24,25,7)([27]22,18,1)([28]13,4,0)([29]14,6,4)([30]26,11,1)([31]26,18,6)([32]0,28,6)([33]10,23,2)([34]28,22,6)([35]34,18,4)([36]21,30,2)([37]24,29,5)([38]11,26,6)([39]36,5,4)([40]33,31,0)([41]39,2,0)([42]29,39,2)([43]17,16,5)([44]35,39,2)([45]33,38,2)([46]11,16,6)([47]40,7,7)([48]12,23,6)([49]17,44,3)([50]21,31,4)([51]10,26,6)([52]44,24,3)([53]7,51,5)([54]42,4,6)([55]24,43,6)([56]44,34,2)([57]1,51,3)([58]48,21,3)([59]55,13,3)([60]40,16,5)([61]55,58,7)([62]31,33,6)([63]26,45,5)([64]50,37,4)([65]63,23,2)([66]18,44,6)([67]61,59,2)([68]33,33,7)([69]21,66,2)([70]34,57,7)([71]32,19,2)([72]67,37,0)([73]65,24,7)([74]23,33,3)([75]30,64,0)([76]52,21,0)([77]42,41,7)([78]24,22,7)([79]54,20,4)([80]43,45,0)([81]78,52,7)([82]75,72,4)([83]82,64,5)([84]47,54,1)([85]83,57,5)([86]49,85,4)(86)
evaluations: 17451506
first invidual area: 139.62
{7,1,80,1,2,1,8}([7]6,1,4)([8]0,6,1)([9]3,8,4)([10]5,7,7)([11]3,5,5)([12]3,10,4)([13]4,12,6)([14]9,13,6)([15]8,11,5)([16]14,2,3)([17]16,10,7)([18]2,11,6)([19]4,15,1)([20]0,1,6)([21]19,20,2)([22]5,11,6)([23]21,13,3)([24]2,7,2)([25]15,4,4)([26]24,25,7)([27]22,13,0)([28]11,24,1)([29]12,18,0)([30]26,8,1)([31]12,15,0)([32]14,6,4)([33]7,30,4)([34]7,22,1)([35]18,23,7)([36]20,33,1)([37]13,36,3)([38]20,30,5)([39]18,26,3)([40]29,0,0)([41]20,13,0)([42]5,38,7)([43]1,41,0)([44]26,27,0)([45]32,6,7)([46]43,35,1)([47]42,35,2)([48]40,7,6)([49]17,47,6)([50]44,42,2)([51]48,13,3)([52]37,45,1)([53]32,24,7)([54]32,24,5)([55]32,17,5)([56]11,41,7)([57]39,20,7)([58]16,43,0)([59]10,26,6)([60]43,59,3)([61]55,48,5)([62]61,9,4)([63]62,11,1)([64]54,57,5)([65]52,58,2)([66]12,4,1)([67]61,51,5)([68]1,38,0)([69]43,22,2)([70]59,57,7)([71]11,69,2)([72]62,22,0)([73]72,3,3)([74]32,59,4)([75]21,9,2)([76]72,34,3)([77]45,15,4)([78]10,53,7)([79]58,19,7)([80]7,69,4)([81]15,6,2)([82]26,67,4)([83]82,64,5)([84]11,59,5)([85]60,83,5)([86]49,85,7)(86)
optimized area: 118.97
time: 1273765 ms
seed: 1636072702
{7,1,80,1,2,1,8}([7]6,5,0)([8]2,0,6)([9]8,4,3)([10]3,0,5)([11]3,2,3)([12]4,0,6)([13]10,0,2)([14]2,0,7)([15]2,13,1)([16]9,13,5)([17]7,11,3)([18]8,1,7)([19]15,4,4)([20]10,6,4)([21]17,4,4)([22]11,17,4)([23]18,19,6)([24]23,22,3)([25]22,5,4)([26]6,15,4)([27]0,0,6)([28]3,11,7)([29]24,14,6)([30]3,7,5)([31]1,26,7)([32]15,2,3)([33]18,16,5)([34]18,20,2)([35]33,14,2)([36]26,3,2)([37]5,21,2)([38]29,34,7)([39]30,4,6)([40]37,23,1)([41]12,20,2)([42]22,18,7)([43]9,15,4)([44]38,40,5)([45]6,41,3)([46]37,30,2)([47]3,44,7)([48]25,12,6)([49]35,48,5)([50]41,33,1)([51]39,38,5)([52]51,5,4)([53]48,47,3)([54]8,3,4)([55]18,28,4)([56]52,18,2)([57]24,49,2)([58]56,8,6)([59]49,53,5)([60]31,56,7)([61]52,55,5)([62]14,26,6)([63]17,33,5)([64]45,61,4)([65]24,5,2)([66]59,11,7)([67]27,51,0)([68]18,40,1)([69]7,47,1)([70]64,57,3)([71]9,36,1)([72]51,8,4)([73]14,23,1)([74]52,13,0)([75]5,46,0)([76]64,72,5)([77]66,70,5)([78]51,8,5)([79]72,20,1)([80]26,41,5)([81]66,73,1)([82]27,21,3)([83]20,2,5)([84]21,66,5)([85]77,60,4)([86]41,31,1)(85)
evaluations: 39016840
first invidual area: 152.72
{7,1,80,1,2,1,8}([7]2,1,0)([8]6,6,0)([9]0,2,3)([10]0,3,5)([11]2,3,3)([12]4,0,6)([13]4,7,7)([14]0,7,7)([15]8,3,5)([16]6,13,5)([17]8,11,6)([18]9,1,4)([19]9,2,0)([20]8,10,4)([21]17,4,7)([22]17,11,6)([23]18,13,6)([24]23,22,3)([25]22,5,4)([26]6,2,4)([27]13,0,7)([28]17,3,3)([29]14,24,6)([30]26,17,0)([31]1,26,4)([32]16,5,7)([33]18,16,5)([34]18,20,5)([35]33,14,2)([36]18,15,0)([37]5,21,5)([38]29,34,4)([39]15,4,6)([40]33,36,3)([41]12,31,3)([42]17,1,1)([43]21,16,1)([44]38,37,5)([45]8,12,6)([46]21,22,3)([47]3,44,7)([48]25,12,6)([49]35,48,5)([50]1,39,1)([51]39,38,5)([52]5,51,4)([53]48,47,3)([54]9,29,4)([55]18,28,4)([56]52,36,5)([57]24,49,2)([58]10,22,5)([59]49,53,5)([60]31,56,7)([61]52,55,5)([62]39,36,0)([63]51,53,5)([64]45,61,7)([65]51,13,7)([66]59,11,7)([67]13,28,7)([68]26,51,5)([69]11,28,5)([70]64,57,3)([71]36,55,2)([72]33,35,2)([73]8,49,7)([74]0,37,3)([75]28,25,4)([76]27,5,0)([77]66,70,5)([78]52,17,2)([79]22,57,4)([80]72,64,1)([81]32,66,1)([82]24,78,6)([83]40,18,7)([84]22,12,0)([85]77,60,7)([86]27,0,7)(85)
optimized area: 136.79
time: 1154450 ms
seed: 1636105768
NOT FOUND
time: 1077921 ms
seed: 1636138472
{7,1,80,1,2,1,8}([7]2,4,4)([8]1,5,5)([9]2,5,7)([10]3,1,3)([11]7,10,5)([12]2,0,3)([13]0,1,7)([14]3,9,5)([15]5,11,5)([16]14,6,7)([17]5,15,7)([18]3,12,7)([19]15,18,4)([20]9,11,7)([21]3,12,2)([22]8,15,5)([23]17,21,7)([24]12,16,6)([25]4,16,3)([26]10,1,4)([27]26,9,4)([28]24,27,4)([29]0,7,7)([30]7,7,6)([31]20,13,2)([32]25,2,6)([33]21,32,5)([34]31,4,7)([35]28,29,6)([36]1,32,4)([37]14,5,4)([38]23,35,4)([39]22,2,3)([40]31,24,7)([41]36,35,5)([42]5,23,0)([43]10,41,6)([44]38,31,2)([45]44,16,7)([46]41,45,7)([47]38,37,5)([48]1,25,4)([49]42,47,7)([50]44,8,5)([51]19,16,2)([52]18,41,5)([53]38,10,1)([54]50,15,7)([55]0,38,1)([56]40,29,1)([57]44,51,0)([58]1,4,1)([59]8,24,1)([60]25,49,4)([61]50,21,1)([62]17,22,2)([63]3,3,1)([64]41,2,0)([65]16,34,6)([66]24,10,3)([67]47,59,6)([68]42,37,3)([69]0,52,6)([70]32,13,0)([71]26,60,3)([72]10,46,5)([73]31,71,6)([74]65,51,4)([75]4,1,7)([76]46,73,6)([77]51,8,4)([78]64,67,1)([79]23,12,5)([80]57,17,0)([81]50,72,1)([82]76,77,7)([83]23,36,6)([84]0,33,0)([85]19,41,6)([86]59,24,6)(82)
evaluations: 29135348
first invidual area: 144.82
{7,1,80,1,2,1,8}([7]2,4,4)([8]1,5,5)([9]5,2,7)([10]1,3,3)([11]10,7,5)([12]2,0,3)([13]7,11,7)([14]9,3,5)([15]5,11,5)([16]14,6,7)([17]15,5,5)([18]12,15,7)([19]16,12,3)([20]9,11,7)([21]14,5,4)([22]12,3,5)([23]22,17,7)([24]0,1,7)([25]4,16,3)([26]10,1,4)([27]26,9,4)([28]19,27,2)([29]0,7,7)([30]7,25,6)([31]20,24,2)([32]30,1,4)([33]32,17,7)([34]8,17,3)([35]28,29,6)([36]12,0,2)([37]32,15,3)([38]23,35,4)([39]16,21,4)([40]38,31,5)([41]5,0,0)([42]32,10,7)([43]35,32,5)([44]3,21,5)([45]40,43,5)([46]16,45,7)([47]38,21,5)([48]13,0,7)([49]41,47,4)([50]18,3,4)([51]50,16,5)([52]8,0,3)([53]2,49,6)([54]48,46,4)([55]43,35,5)([56]54,52,2)([57]44,52,4)([58]25,53,2)([59]54,54,1)([60]49,25,7)([61]59,30,4)([62]56,20,5)([63]33,2,7)([64]61,16,3)([65]45,37,2)([66]26,2,5)([67]37,42,2)([68]30,8,3)([69]48,11,0)([70]26,60,3)([71]66,15,5)([72]16,39,2)([73]31,70,6)([74]10,36,2)([75]31,63,1)([76]46,73,3)([77]51,8,4)([78]37,7,6)([79]42,40,4)([80]18,29,5)([81]19,47,0)([82]15,61,1)([83]43,64,6)([84]63,5,2)([85]45,9,1)([86]76,77,7)(86)
optimized area: 135.42
time: 1193799 ms
seed: 1636170891
NOT FOUND
time: 1059027 ms
seed: 1636201515
{7,1,80,1,2,1,8}([7]4,5,2)([8]3,1,2)([9]6,3,7)([10]7,3,6)([11]1,3,4)([12]5,0,7)([13]5,2,4)([14]0,7,4)([15]11,12,3)([16]3,13,4)([17]5,10,4)([18]17,4,4)([19]14,10,7)([20]5,15,5)([21]16,20,1)([22]4,5,1)([23]21,9,2)([24]19,8,3)([25]8,13,7)([26]23,1,7)([27]26,18,5)([28]13,20,0)([29]15,6,4)([30]11,4,6)([31]25,15,2)([32]6,10,0)([33]25,29,5)([34]27,1,7)([35]30,24,7)([36]24,2,1)([37]2,29,5)([38]15,26,3)([39]15,2,5)([40]26,13,6)([41]0,3,2)([42]3,3,7)([43]2,10,2)([44]11,6,2)([45]38,43,5)([46]8,12,5)([47]33,14,6)([48]36,31,2)([49]39,47,3)([50]20,6,0)([51]37,25,1)([52]3,7,7)([53]49,52,2)([54]53,28,4)([55]17,18,5)([56]9,55,1)([57]29,2,7)([58]46,36,5)([59]27,55,7)([60]36,45,6)([61]53,12,3)([62]44,39,2)([63]4,60,5)([64]35,61,2)([65]47,64,7)([66]27,65,7)([67]18,48,0)([68]20,64,4)([69]68,45,4)([70]61,65,5)([71]8,20,4)([72]70,37,7)([73]34,62,3)([74]29,39,4)([75]57,69,3)([76]58,5,7)([77]37,66,2)([78]73,66,5)([79]34,11,3)([80]31,3,0)([81]78,75,4)([82]27,1,1)([83]18,64,5)([84]20,74,7)([85]23,8,1)([86]27,56,7)(81)
evaluations: 35415495
first invidual area: 153.23
{7,1,80,1,2,1,8}([7]5,4,2)([8]1,3,2)([9]3,2,5)([10]3,7,6)([11]3,1,4)([12]0,5,7)([13]5,2,4)([14]0,7,4)([15]11,12,3)([16]10,6,4)([17]10,5,7)([18]17,4,7)([19]14,10,7)([20]11,0,3)([21]8,13,7)([22]3,13,7)([23]22,16,2)([24]19,8,3)([25]23,18,1)([26]23,1,7)([27]26,18,5)([28]5,15,5)([29]15,6,4)([30]27,5,0)([31]11,6,0)([32]10,3,0)([33]21,29,5)([34]1,30,7)([35]4,31,3)([36]31,23,0)([37]9,25,1)([38]10,26,1)([39]30,3,6)([40]35,24,4)([41]6,29,6)([42]3,1,7)([43]2,10,2)([44]9,2,0)([45]25,43,5)([46]26,27,3)([47]33,14,3)([48]10,7,4)([49]13,27,7)([50]20,39,2)([51]3,7,7)([52]51,32,4)([53]11,5,1)([54]6,11,2)([55]44,51,2)([56]55,14,0)([57]29,2,7)([58]35,34,2)([59]49,5,1)([60]21,48,0)([61]12,56,3)([62]54,44,2)([63]34,54,6)([64]40,61,2)([65]47,64,7)([66]27,65,4)([67]23,58,6)([68]28,64,7)([69]68,45,7)([70]26,59,1)([71]56,27,0)([72]56,53,5)([73]34,62,3)([74]71,43,2)([75]57,69,6)([76]75,42,7)([77]40,52,6)([78]73,66,5)([79]52,25,1)([80]32,76,3)([81]27,15,6)([82]66,7,0)([83]35,59,2)([84]47,4,4)([85]78,75,7)([86]78,43,2)(85)
optimized area: 148.55
time: 1145246 ms
seed: 1636231527
NOT FOUND
time: 1065989 ms
