seed: 1633857575
NOT FOUND
time: 529177 ms
seed: 1633944404
NOT FOUND
time: 526661 ms
seed: 1633972136
NOT FOUND
time: 534888 ms
seed: 1633995035
NOT FOUND
time: 533567 ms
seed: 1634043922
{7,1,80,1,2,1,8}([7]2,3,4)([8]3,6,2)([9]5,2,7)([10]3,7,3)([11]3,0,6)([12]5,6,5)([13]1,4,4)([14]9,3,2)([15]8,0,3)([16]0,4,4)([17]1,8,4)([18]0,13,7)([19]5,18,5)([20]10,13,7)([21]8,5,3)([22]4,14,2)([23]6,22,6)([24]2,18,7)([25]22,21,4)([26]23,1,4)([27]16,23,6)([28]0,27,7)([29]25,24,4)([30]24,7,2)([31]6,0,7)([32]14,0,7)([33]8,20,2)([34]31,5,7)([35]28,31,2)([36]28,30,7)([37]20,2,0)([38]36,2,5)([39]37,11,3)([40]25,33,6)([41]25,32,6)([42]29,16,3)([43]32,28,5)([44]15,34,5)([45]34,26,6)([46]36,41,4)([47]45,38,5)([48]27,0,4)([49]25,30,1)([50]33,12,2)([51]36,37,0)([52]47,46,5)([53]29,16,3)([54]10,15,2)([55]33,34,7)([56]53,39,5)([57]28,37,1)([58]47,50,1)([59]52,33,6)([60]11,52,4)([61]41,28,6)([62]56,47,3)([63]6,44,2)([64]47,20,2)([65]2,26,3)([66]14,62,7)([67]63,60,3)([68]64,25,3)([69]20,29,6)([70]2,38,2)([71]67,56,4)([72]9,18,1)([73]53,21,6)([74]35,45,6)([75]73,63,0)([76]71,68,2)([77]65,11,6)([78]59,76,3)([79]70,5,0)([80]4,34,4)([81]40,22,5)([82]21,6,5)([83]72,49,4)([84]80,78,5)([85]30,55,4)([86]36,3,1)(78)
evaluations: 25831398
first invidual area: 145.25
{7,1,80,1,2,1,8}([7]3,2,4)([8]6,3,2)([9]2,5,7)([10]8,0,0)([11]3,0,6)([12]3,7,6)([13]4,1,4)([14]3,9,2)([15]0,5,7)([16]0,4,4)([17]12,8,1)([18]13,0,4)([19]14,0,7)([20]12,13,4)([21]8,5,3)([22]14,4,2)([23]6,22,6)([24]18,2,4)([25]22,21,4)([26]23,1,4)([27]16,23,6)([28]24,7,1)([29]27,1,3)([30]24,7,5)([31]0,27,4)([32]25,2,0)([33]0,14,5)([34]27,28,7)([35]10,31,7)([36]31,30,7)([37]15,6,7)([38]2,36,5)([39]11,20,3)([40]25,37,5)([41]32,19,6)([42]11,6,1)([43]24,32,4)([44]6,28,6)([45]37,26,6)([46]36,41,4)([47]45,38,5)([48]37,25,2)([49]37,3,5)([50]40,38,2)([51]50,50,4)([52]47,46,5)([53]43,16,3)([54]48,26,4)([55]45,13,2)([56]53,39,5)([57]3,0,7)([58]8,13,2)([59]52,58,6)([60]52,42,2)([61]26,60,4)([62]59,47,0)([63]6,40,2)([64]47,20,2)([65]45,43,6)([66]33,1,7)([67]63,60,3)([68]64,32,3)([69]21,50,4)([70]28,2,7)([71]67,56,4)([72]4,12,5)([73]18,30,4)([74]1,7,6)([75]56,13,5)([76]71,68,2)([77]4,63,5)([78]62,76,3)([79]8,50,7)([80]66,14,5)([81]47,21,0)([82]49,74,3)([83]54,77,2)([84]39,39,3)([85]20,83,1)([86]33,24,4)(78)
optimized area: 141.49
time: 655654 ms
seed: 1634158065
{7,1,80,1,2,1,8}([7]3,4,7)([8]0,7,4)([9]2,6,4)([10]7,1,4)([11]7,10,3)([12]9,0,2)([13]3,0,3)([14]13,11,2)([15]8,5,4)([16]8,1,1)([17]16,1,7)([18]12,11,6)([19]0,6,6)([20]4,15,6)([21]18,9,0)([22]10,19,4)([23]15,5,6)([24]19,12,0)([25]1,12,4)([26]20,6,3)([27]18,25,6)([28]23,23,3)([29]14,27,3)([30]19,11,5)([31]9,14,4)([32]28,6,6)([33]2,25,6)([34]30,22,3)([35]6,17,2)([36]10,31,2)([37]27,23,7)([38]26,34,7)([39]15,32,4)([40]26,39,7)([41]2,30,3)([42]1,7,3)([43]25,5,4)([44]7,2,4)([45]29,31,0)([46]28,37,0)([47]29,19,3)([48]32,40,5)([49]38,44,2)([50]16,11,5)([51]3,10,3)([52]43,41,3)([53]24,50,7)([54]51,33,2)([55]48,12,7)([56]49,18,7)([57]49,36,6)([58]8,4,5)([59]11,24,2)([60]20,47,7)([61]54,40,6)([62]47,49,0)([63]3,55,6)([64]8,42,6)([65]25,37,6)([66]61,62,2)([67]50,14,4)([68]37,5,6)([69]16,58,0)([70]28,38,0)([71]23,19,3)([72]63,4,4)([73]63,46,5)([74]36,24,4)([75]23,71,0)([76]66,52,2)([77]71,51,6)([78]63,68,7)([79]63,42,5)([80]4,37,0)([81]57,78,5)([82]23,5,3)([83]44,38,1)([84]24,80,1)([85]76,81,4)([86]41,84,4)(85)
evaluations: 6240367
first invidual area: 148.52
{7,1,80,1,2,1,8}([7]4,3,7)([8]3,0,3)([9]2,6,4)([10]7,1,4)([11]7,10,3)([12]9,0,5)([13]7,5,4)([14]10,3,3)([15]13,0,4)([16]8,11,2)([17]5,15,6)([18]4,3,3)([19]6,0,6)([20]19,10,5)([21]15,4,6)([22]8,15,3)([23]22,11,5)([24]11,18,1)([25]1,12,7)([26]21,6,3)([27]25,24,6)([28]21,8,7)([29]7,2,4)([30]20,26,7)([31]16,9,4)([32]17,6,6)([33]2,25,6)([34]29,30,5)([35]27,15,4)([36]31,32,2)([37]23,33,1)([38]14,3,7)([39]15,26,7)([40]32,39,4)([41]18,8,3)([42]14,14,4)([43]16,19,3)([44]43,37,0)([45]0,44,1)([46]4,31,7)([47]44,35,3)([48]47,32,5)([49]37,38,2)([50]29,34,2)([51]34,6,4)([52]5,35,3)([53]39,8,4)([54]38,16,5)([55]10,31,5)([56]48,12,4)([57]55,34,2)([58]42,5,4)([59]42,18,6)([60]33,14,2)([61]60,40,6)([62]60,8,5)([63]3,56,6)([64]19,49,6)([65]44,54,5)([66]47,61,2)([67]31,10,7)([68]53,17,6)([69]62,6,3)([70]47,69,0)([71]41,8,0)([72]65,11,3)([73]32,29,5)([74]31,48,1)([75]46,39,2)([76]73,66,5)([77]17,16,5)([78]63,52,4)([79]39,56,5)([80]57,78,5)([81]67,28,1)([82]33,57,7)([83]10,13,2)([84]76,75,7)([85]76,80,7)([86]18,79,6)(85)
optimized area: 131.17
time: 689806 ms
seed: 1634205376
NOT FOUND
time: 525538 ms
seed: 1634254414
NOT FOUND
time: 527205 ms
seed: 1634302481
{7,1,80,1,2,1,8}([7]1,5,7)([8]7,3,7)([9]4,1,4)([10]6,8,5)([11]0,2,3)([12]11,9,6)([13]8,4,7)([14]3,9,7)([15]8,2,4)([16]4,7,5)([17]12,13,6)([18]6,4,4)([19]9,0,4)([20]7,17,2)([21]8,19,4)([22]10,1,7)([23]17,6,4)([24]12,14,1)([25]14,5,0)([26]18,1,2)([27]15,25,3)([28]15,14,4)([29]18,23,6)([30]29,12,4)([31]21,6,5)([32]30,5,6)([33]20,21,7)([34]5,0,4)([35]22,21,5)([36]35,27,4)([37]23,32,4)([38]37,0,7)([39]14,2,3)([40]23,28,6)([41]39,16,4)([42]10,40,4)([43]18,13,3)([44]9,3,0)([45]42,31,5)([46]21,40,5)([47]42,26,3)([48]45,0,7)([49]22,32,6)([50]15,27,4)([51]37,33,2)([52]28,0,5)([53]47,48,2)([54]49,52,4)([55]39,9,0)([56]51,4,2)([57]46,39,2)([58]57,56,4)([59]50,42,0)([60]20,16,3)([61]35,39,7)([62]38,9,4)([63]53,36,6)([64]18,21,4)([65]62,64,2)([66]1,44,0)([67]55,11,4)([68]37,63,3)([69]32,14,3)([70]38,14,1)([71]19,44,6)([72]51,20,5)([73]45,67,7)([74]59,8,4)([75]27,0,3)([76]65,33,3)([77]58,54,3)([78]1,28,3)([79]4,34,4)([80]58,17,1)([81]27,4,4)([82]68,77,2)([83]49,2,5)([84]71,68,6)([85]74,66,6)([86]13,18,5)(82)
evaluations: 16588023
first invidual area: 151.82
{7,1,80,1,2,1,8}([7]1,5,7)([8]3,7,7)([9]4,1,4)([10]6,8,5)([11]9,2,3)([12]0,11,6)([13]8,4,7)([14]3,9,7)([15]2,8,4)([16]3,8,0)([17]12,13,6)([18]14,15,6)([19]11,9,2)([20]0,7,7)([21]20,14,7)([22]10,1,7)([23]17,6,4)([24]6,21,5)([25]6,8,0)([26]25,4,4)([27]19,15,5)([28]15,14,4)([29]26,23,6)([30]29,12,4)([31]21,22,5)([32]30,5,6)([33]31,21,5)([34]10,1,6)([35]18,31,7)([36]7,35,7)([37]32,23,4)([38]18,14,1)([39]14,2,3)([40]23,28,6)([41]28,13,0)([42]10,40,4)([43]24,11,5)([44]25,34,1)([45]28,18,1)([46]9,13,3)([47]20,42,3)([48]24,0,4)([49]32,22,6)([50]49,14,0)([51]37,33,2)([52]41,0,5)([53]47,48,2)([54]50,52,4)([55]21,40,5)([56]51,4,5)([57]56,39,2)([58]30,20,3)([59]55,9,0)([60]16,51,5)([61]0,57,6)([62]16,27,6)([63]53,35,6)([64]22,16,2)([65]6,49,6)([66]38,48,5)([67]7,21,2)([68]37,63,3)([69]10,26,6)([70]6,61,2)([71]56,6,1)([72]8,69,6)([73]58,46,3)([74]42,34,0)([75]44,36,5)([76]57,55,2)([77]76,54,3)([78]43,27,3)([79]63,69,4)([80]77,68,2)([81]69,20,0)([82]15,10,0)([83]36,71,7)([84]25,53,3)([85]80,72,4)([86]69,34,4)(80)
optimized area: 139.63
time: 704216 ms
seed: 1634343022
NOT FOUND
time: 529529 ms
seed: 1634391931
NOT FOUND
time: 523378 ms
seed: 1634441001
{7,1,80,1,2,1,8}([7]3,4,4)([8]5,3,7)([9]3,1,0)([10]1,0,7)([11]2,9,5)([12]5,11,4)([13]0,4,7)([14]6,8,7)([15]11,6,7)([16]7,3,3)([17]3,14,6)([18]17,10,5)([19]10,17,2)([20]8,11,2)([21]4,2,7)([22]14,4,7)([23]12,2,4)([24]20,22,1)([25]11,7,5)([26]2,19,3)([27]0,15,7)([28]10,24,2)([29]27,10,4)([30]3,26,7)([31]22,28,6)([32]29,4,7)([33]25,19,3)([34]31,18,5)([35]32,26,7)([36]33,35,2)([37]36,15,0)([38]33,23,3)([39]21,34,3)([40]5,37,0)([41]33,14,6)([42]28,35,5)([43]4,37,5)([44]4,11,1)([45]39,16,7)([46]33,38,1)([47]16,32,6)([48]15,38,2)([49]22,8,3)([50]42,1,6)([51]36,45,3)([52]21,29,5)([53]42,44,2)([54]27,45,6)([55]12,6,3)([56]7,33,6)([57]50,55,7)([58]52,57,3)([59]39,52,7)([60]39,7,5)([61]12,0,5)([62]21,40,0)([63]37,13,2)([64]8,55,7)([65]50,14,7)([66]54,64,2)([67]66,35,4)([68]25,62,2)([69]58,67,4)([70]31,23,2)([71]30,2,6)([72]21,4,5)([73]50,9,6)([74]1,61,6)([75]57,63,3)([76]66,5,0)([77]30,42,1)([78]5,28,4)([79]78,38,4)([80]72,69,7)([81]27,65,1)([82]33,43,1)([83]68,22,6)([84]79,75,6)([85]9,69,7)([86]84,69,7)(86)
evaluations: 27673007
first invidual area: 160.26
{7,1,80,1,2,1,8}([7]4,2,0)([8]5,3,7)([9]3,7,4)([10]1,0,7)([11]3,2,5)([12]7,10,0)([13]11,4,0)([14]6,8,7)([15]6,13,7)([16]13,8,5)([17]14,3,6)([18]12,0,7)([19]17,10,2)([20]3,7,3)([21]2,4,7)([22]14,12,7)([23]12,7,0)([24]22,11,1)([25]13,9,5)([26]19,2,6)([27]0,15,7)([28]10,16,2)([29]27,10,4)([30]5,2,7)([31]28,19,6)([32]29,26,4)([33]19,30,3)([34]24,31,5)([35]32,7,7)([36]2,9,6)([37]12,32,5)([38]33,25,3)([39]21,34,6)([40]35,28,5)([41]30,14,3)([42]40,19,3)([43]28,33,0)([44]25,18,2)([45]39,20,4)([46]28,5,7)([47]5,13,4)([48]28,4,6)([49]44,5,2)([50]40,0,6)([51]50,21,1)([52]29,21,5)([53]10,47,6)([54]27,45,6)([55]47,6,3)([56]16,23,3)([57]50,55,7)([58]52,57,3)([59]6,54,2)([60]15,54,5)([61]28,40,2)([62]28,14,5)([63]35,44,2)([64]8,55,7)([65]43,26,6)([66]54,64,5)([67]35,66,7)([68]56,45,6)([69]58,67,4)([70]22,23,4)([71]34,22,5)([72]53,36,2)([73]23,59,3)([74]28,39,2)([75]57,63,3)([76]26,69,5)([77]67,65,4)([78]21,13,2)([79]46,38,7)([80]36,79,5)([81]29,70,0)([82]67,6,6)([83]19,44,7)([84]79,75,3)([85]58,28,2)([86]84,69,4)(86)
optimized area: 157.45
time: 650438 ms
seed: 1634501162
{7,1,80,1,2,1,8}([7]6,2,5)([8]6,4,4)([9]0,6,6)([10]6,3,2)([11]0,7,7)([12]11,4,3)([13]0,3,6)([14]7,12,4)([15]5,9,4)([16]15,13,4)([17]13,10,3)([18]2,16,7)([19]4,1,7)([20]19,4,2)([21]4,3,2)([22]2,7,4)([23]19,0,4)([24]16,3,4)([25]22,20,2)([26]25,18,4)([27]23,26,3)([28]23,24,7)([29]20,14,7)([30]11,22,5)([31]7,28,5)([32]2,26,2)([33]13,2,7)([34]15,8,6)([35]32,28,7)([36]30,35,4)([37]1,29,0)([38]35,33,2)([39]29,27,3)([40]38,21,3)([41]17,12,7)([42]9,24,1)([43]28,1,1)([44]2,42,7)([45]29,9,6)([46]44,26,4)([47]8,31,3)([48]27,33,6)([49]24,19,7)([50]45,41,6)([51]26,22,2)([52]42,27,2)([53]21,50,3)([54]23,46,6)([55]37,52,7)([56]47,36,4)([57]5,56,7)([58]44,11,0)([59]40,52,7)([60]57,22,7)([61]59,9,2)([62]54,60,6)([63]9,28,7)([64]13,37,4)([65]64,60,3)([66]2,30,5)([67]21,10,2)([68]59,18,0)([69]2,47,2)([70]65,27,6)([71]19,37,5)([72]39,6,0)([73]61,12,2)([74]39,36,3)([75]65,44,0)([76]11,68,3)([77]55,70,1)([78]59,74,7)([79]62,53,5)([80]33,10,5)([81]8,64,4)([82]70,8,2)([83]81,54,4)([84]79,78,4)([85]50,69,1)([86]63,33,6)(84)
evaluations: 36406336
first invidual area: 175.27
{7,1,80,1,2,1,8}([7]6,2,5)([8]4,6,4)([9]6,0,6)([10]3,8,2)([11]0,7,7)([12]11,4,3)([13]0,3,6)([14]7,12,4)([15]5,9,4)([16]13,15,4)([17]13,10,3)([18]2,16,7)([19]1,0,7)([20]1,4,2)([21]4,3,2)([22]2,7,5)([23]19,4,4)([24]16,3,7)([25]22,20,5)([26]25,18,7)([27]23,26,3)([28]23,24,4)([29]20,14,7)([30]11,22,5)([31]7,28,5)([32]2,26,5)([33]13,2,7)([34]8,28,0)([35]32,28,4)([36]30,35,4)([37]35,11,1)([38]35,33,2)([39]29,27,3)([40]38,21,6)([41]17,12,7)([42]9,3,1)([43]21,32,2)([44]27,42,7)([45]29,9,6)([46]19,17,6)([47]8,31,6)([48]40,17,1)([49]10,25,6)([50]41,45,6)([51]2,44,4)([52]27,42,5)([53]21,50,3)([54]23,51,6)([55]22,40,7)([56]22,36,7)([57]5,56,7)([58]32,14,5)([59]40,52,7)([60]57,47,7)([61]30,39,5)([62]54,60,6)([63]50,31,4)([64]43,27,3)([65]2,32,7)([66]65,3,3)([67]22,43,4)([68]41,12,1)([69]15,26,2)([70]13,13,7)([71]57,4,0)([72]57,56,2)([73]26,24,7)([74]39,36,3)([75]21,70,7)([76]20,60,7)([77]59,54,0)([78]59,74,4)([79]62,53,5)([80]38,31,6)([81]28,12,0)([82]17,54,1)([83]37,69,2)([84]79,78,7)([85]8,62,4)([86]2,40,0)(84)
optimized area: 171.04
time: 600117 ms
seed: 1634600449
{7,1,80,1,2,1,8}([7]1,2,3)([8]0,6,4)([9]0,5,0)([10]7,6,2)([11]10,3,7)([12]4,3,4)([13]9,1,6)([14]5,8,3)([15]3,9,6)([16]14,12,1)([17]2,1,4)([18]16,15,6)([19]12,1,7)([20]13,18,3)([21]17,15,0)([22]19,20,2)([23]21,21,2)([24]0,23,7)([25]21,3,4)([26]2,17,7)([27]17,6,1)([28]9,20,4)([29]2,24,1)([30]25,8,7)([31]27,30,6)([32]10,22,7)([33]17,23,0)([34]5,8,5)([35]2,23,4)([36]30,21,3)([37]31,11,3)([38]37,3,1)([39]2,3,5)([40]6,22,1)([41]39,1,3)([42]16,30,3)([43]30,27,3)([44]29,31,6)([45]2,39,1)([46]6,1,6)([47]46,2,2)([48]30,16,4)([49]28,27,1)([50]42,12,6)([51]24,48,2)([52]4,47,6)([53]34,44,7)([54]50,47,3)([55]22,35,1)([56]4,49,6)([57]33,38,4)([58]19,0,3)([59]1,12,3)([60]52,38,6)([61]56,51,2)([62]61,60,3)([63]26,9,0)([64]32,61,7)([65]26,51,6)([66]48,30,2)([67]40,15,1)([68]51,39,0)([69]48,58,0)([70]53,62,2)([71]38,13,7)([72]15,61,2)([73]6,68,5)([74]14,19,5)([75]36,5,6)([76]64,62,5)([77]50,64,6)([78]27,47,4)([79]10,57,2)([80]38,49,6)([81]70,77,7)([82]52,46,7)([83]56,11,6)([84]33,48,0)([85]5,61,2)([86]67,82,7)(81)
evaluations: 25010833
first invidual area: 128.35
{7,1,80,1,2,1,8}([7]1,0,6)([8]0,6,4)([9]1,2,3)([10]9,6,2)([11]0,3,6)([12]4,3,4)([13]10,3,7)([14]5,8,6)([15]14,11,6)([16]12,1,7)([17]2,1,4)([18]10,11,5)([19]0,13,2)([20]7,15,3)([21]0,17,7)([22]16,20,5)([23]22,2,1)([24]3,2,6)([25]3,8,4)([26]19,4,6)([27]9,4,2)([28]21,27,4)([29]2,17,5)([30]25,17,7)([31]30,25,6)([32]10,22,4)([33]31,13,6)([34]2,17,1)([35]30,3,0)([36]35,12,3)([37]30,6,7)([38]31,34,3)([39]14,35,4)([40]24,2,2)([41]6,29,6)([42]26,30,5)([43]5,8,3)([44]34,4,7)([45]16,37,6)([46]15,5,5)([47]8,5,5)([48]44,23,0)([49]42,5,1)([50]14,36,6)([51]39,21,2)([52]4,41,6)([53]38,47,4)([54]5,48,2)([55]33,52,6)([56]10,0,2)([57]49,11,4)([58]1,47,7)([59]6,56,7)([60]34,1,6)([61]51,26,2)([62]61,55,3)([63]61,32,7)([64]59,16,5)([65]62,17,4)([66]23,60,0)([67]5,8,4)([68]44,43,3)([69]61,36,6)([70]53,62,5)([71]65,57,7)([72]43,60,7)([73]31,42,5)([74]63,12,0)([75]57,66,5)([76]18,67,4)([77]50,63,3)([78]52,48,7)([79]34,34,4)([80]8,23,0)([81]70,77,7)([82]9,46,1)([83]46,41,6)([84]7,21,4)([85]72,78,5)([86]71,33,4)(81)
optimized area: 118.99
time: 603478 ms
seed: 1634649170
NOT FOUND
time: 531150 ms
seed: 1634703548
{7,1,80,1,2,1,8}([7]2,1,4)([8]0,1,7)([9]7,4,6)([10]8,3,5)([11]5,3,4)([12]1,11,3)([13]0,4,7)([14]0,11,3)([15]9,1,6)([16]10,10,0)([17]6,14,7)([18]13,14,2)([19]10,10,3)([20]2,18,2)([21]6,15,4)([22]16,7,2)([23]16,6,2)([24]5,7,6)([25]20,21,6)([26]3,22,3)([27]18,1,0)([28]9,26,6)([29]16,23,3)([30]3,17,6)([31]27,8,3)([32]12,3,7)([33]26,12,1)([34]23,13,3)([35]11,16,4)([36]31,2,4)([37]17,36,3)([38]35,18,6)([39]5,37,4)([40]38,20,3)([41]39,15,2)([42]33,15,7)([43]8,1,0)([44]12,35,6)([45]24,21,7)([46]27,15,4)([47]13,27,7)([48]22,45,6)([49]14,40,0)([50]20,23,3)([51]48,17,3)([52]9,6,1)([53]25,13,2)([54]53,24,1)([55]23,48,6)([56]54,12,2)([57]39,28,0)([58]20,56,4)([59]29,7,2)([60]45,29,7)([61]51,40,5)([62]61,16,3)([63]12,15,7)([64]38,4,0)([65]23,56,4)([66]27,25,0)([67]63,62,2)([68]8,13,2)([69]54,23,4)([70]27,0,5)([71]68,57,7)([72]8,42,2)([73]53,72,7)([74]55,68,5)([75]37,57,1)([76]30,61,1)([77]42,65,5)([78]59,61,4)([79]58,78,2)([80]58,64,3)([81]25,12,7)([82]9,76,6)([83]37,4,7)([84]71,77,2)([85]79,84,3)([86]27,60,1)(85)
evaluations: 27964190
first invidual area: 137.26
{7,1,80,1,2,1,8}([7]2,1,4)([8]0,1,7)([9]4,2,6)([10]3,8,5)([11]5,3,4)([12]1,0,0)([13]0,4,7)([14]0,11,3)([15]12,9,6)([16]6,15,4)([17]6,14,7)([18]14,13,2)([19]1,11,3)([20]2,18,2)([21]11,4,4)([22]18,14,7)([23]5,2,4)([24]22,20,5)([25]16,20,6)([26]6,10,5)([27]7,3,3)([28]11,10,4)([29]15,20,7)([30]19,6,0)([31]8,20,7)([32]8,13,5)([33]8,18,3)([34]0,1,6)([35]16,28,5)([36]33,2,4)([37]17,36,6)([38]13,28,6)([39]5,37,4)([40]38,20,3)([41]14,20,3)([42]15,27,4)([43]28,31,5)([44]41,33,4)([45]32,39,7)([46]18,16,3)([47]25,5,2)([48]7,47,6)([49]17,48,3)([50]14,17,5)([51]12,3,7)([52]21,5,4)([53]25,13,5)([54]11,10,2)([55]12,2,6)([56]53,19,2)([57]38,53,0)([58]20,56,4)([59]20,40,6)([60]33,56,6)([61]49,40,5)([62]9,15,5)([63]7,10,5)([64]7,3,6)([65]56,26,7)([66]16,3,3)([67]61,63,7)([68]42,2,1)([69]7,42,0)([70]40,20,0)([71]44,23,7)([72]63,1,0)([73]42,22,0)([74]39,46,6)([75]69,9,4)([76]32,62,6)([77]73,65,5)([78]69,24,2)([79]58,67,2)([80]1,13,1)([81]74,75,1)([82]0,53,3)([83]48,27,2)([84]45,77,2)([85]79,84,3)([86]30,33,3)(85)
optimized area: 123.21
time: 1072680 ms
seed: 1634781117
NOT FOUND
time: 976645 ms
seed: 1634846250
NOT FOUND
time: 976330 ms
seed: 1635100843
NOT FOUND
time: 973382 ms
seed: 1635127319
{7,1,80,1,2,1,8}([7]1,3,6)([8]2,4,4)([9]0,4,4)([10]7,8,3)([11]6,8,5)([12]3,1,5)([13]5,1,4)([14]12,6,2)([15]11,7,4)([16]7,11,2)([17]16,3,3)([18]17,3,6)([19]17,8,3)([20]4,12,4)([21]2,19,3)([22]6,3,6)([23]15,13,4)([24]0,10,7)([25]0,24,1)([26]17,9,2)([27]21,26,4)([28]20,14,3)([29]6,8,3)([30]24,12,2)([31]30,5,6)([32]21,15,4)([33]20,23,6)([34]29,6,0)([35]33,21,4)([36]28,32,4)([37]7,5,0)([38]17,12,6)([39]2,27,5)([40]34,13,4)([41]24,12,2)([42]39,40,5)([43]22,13,6)([44]42,13,2)([45]26,35,3)([46]22,38,4)([47]15,16,1)([48]31,42,6)([49]14,5,4)([50]45,8,4)([51]25,17,5)([52]44,28,3)([53]23,48,6)([54]28,8,5)([55]49,21,7)([56]48,36,6)([57]26,5,6)([58]43,57,4)([59]50,43,4)([60]41,45,3)([61]18,26,5)([62]59,36,4)([63]13,25,4)([64]27,38,0)([65]62,24,2)([66]33,30,7)([67]46,60,3)([68]2,42,2)([69]58,67,7)([70]25,13,6)([71]60,37,0)([72]65,56,3)([73]33,16,4)([74]53,12,1)([75]62,22,1)([76]72,60,7)([77]0,61,4)([78]40,29,7)([79]45,3,4)([80]41,77,3)([81]25,63,7)([82]68,40,7)([83]62,74,5)([84]37,33,4)([85]20,9,1)([86]24,4,2)(76)
evaluations: 47018068
first invidual area: 134.00
{7,1,80,1,2,1,8}([7]3,1,6)([8]4,2,4)([9]4,0,4)([10]8,7,3)([11]6,8,5)([12]3,1,5)([13]5,1,4)([14]4,6,2)([15]11,7,4)([16]7,11,2)([17]16,3,3)([18]4,14,5)([19]17,8,3)([20]4,12,4)([21]4,19,3)([22]6,3,6)([23]15,13,4)([24]0,10,7)([25]23,15,6)([26]17,9,2)([27]16,5,1)([28]20,14,3)([29]6,8,3)([30]12,24,2)([31]30,5,6)([32]21,15,5)([33]20,23,6)([34]23,9,4)([35]33,21,4)([36]28,32,4)([37]18,10,3)([38]12,29,3)([39]2,27,5)([40]29,13,4)([41]6,34,1)([42]39,40,5)([43]22,13,6)([44]42,20,4)([45]26,35,3)([46]33,27,2)([47]0,10,0)([48]31,42,6)([49]20,8,2)([50]45,8,4)([51]44,39,4)([52]6,35,1)([53]1,18,3)([54]46,1,6)([55]43,50,0)([56]48,36,6)([57]23,21,4)([58]49,33,7)([59]50,36,4)([60]30,45,3)([61]17,52,6)([62]59,43,4)([63]12,61,1)([64]21,18,2)([65]62,24,2)([66]47,44,3)([67]19,60,2)([68]42,37,2)([69]58,33,6)([70]49,26,1)([71]67,42,5)([72]65,56,3)([73]32,55,2)([74]41,54,1)([75]5,42,7)([76]72,60,7)([77]0,14,7)([78]7,3,3)([79]47,63,4)([80]15,62,7)([81]4,18,7)([82]67,75,2)([83]0,64,2)([84]59,56,4)([85]21,34,4)([86]52,60,1)(76)
optimized area: 125.55
time: 533107 ms
seed: 1635176287
{7,1,80,1,2,1,8}([7]0,1,7)([8]4,5,4)([9]4,3,4)([10]9,0,7)([11]10,7,3)([12]6,11,7)([13]4,11,6)([14]2,13,3)([15]3,4,2)([16]15,1,4)([17]6,3,1)([18]11,14,5)([19]9,3,2)([20]2,10,6)([21]9,8,5)([22]8,1,7)([23]20,0,4)([24]17,1,3)([25]3,14,7)([26]25,15,3)([27]26,2,1)([28]24,25,2)([29]7,21,5)([30]13,18,7)([31]26,17,4)([32]18,16,0)([33]10,28,7)([34]2,20,2)([35]31,7,4)([36]18,6,6)([37]8,31,5)([38]37,33,7)([39]19,12,3)([40]9,17,3)([41]22,11,5)([42]29,41,4)([43]36,42,7)([44]38,43,6)([45]44,0,1)([46]31,29,5)([47]45,39,5)([48]14,46,7)([49]16,48,2)([50]41,14,3)([51]45,30,4)([52]42,41,0)([53]50,45,7)([54]36,23,7)([55]26,50,3)([56]51,22,7)([57]8,17,5)([58]5,36,3)([59]45,38,5)([60]56,28,7)([61]47,23,6)([62]1,0,3)([63]60,59,5)([64]51,3,5)([65]26,10,2)([66]56,61,3)([67]11,24,0)([68]38,4,7)([69]0,42,5)([70]41,48,3)([71]54,43,4)([72]68,71,5)([73]49,66,3)([74]51,35,5)([75]43,4,1)([76]29,65,6)([77]20,19,0)([78]19,63,5)([79]63,73,2)([80]72,31,2)([81]56,62,0)([82]47,22,6)([83]46,65,4)([84]50,73,7)([85]66,3,5)([86]24,46,3)(79)
evaluations: 44546427
first invidual area: 148.52
{7,1,80,1,2,1,8}([7]1,0,7)([8]5,4,4)([9]4,3,4)([10]0,9,7)([11]10,7,3)([12]11,6,7)([13]4,11,6)([14]2,13,3)([15]3,4,2)([16]15,1,4)([17]6,6,1)([18]11,14,5)([19]1,17,3)([20]14,8,7)([21]9,8,5)([22]8,1,7)([23]2,9,4)([24]22,19,7)([25]14,3,7)([26]25,15,3)([27]7,19,1)([28]19,25,2)([29]7,21,5)([30]13,18,7)([31]26,17,4)([32]28,6,2)([33]20,18,0)([34]9,17,3)([35]28,10,4)([36]18,6,3)([37]8,31,5)([38]37,35,4)([39]7,18,5)([40]19,37,3)([41]22,11,5)([42]36,41,4)([43]29,42,4)([44]38,43,6)([45]12,32,6)([46]31,29,5)([47]20,23,6)([48]14,46,7)([49]16,48,2)([50]38,47,1)([51]44,30,7)([52]15,35,5)([53]13,17,1)([54]13,28,3)([55]14,41,1)([56]51,22,7)([57]48,33,3)([58]11,34,6)([59]29,13,2)([60]56,28,7)([61]23,45,6)([62]15,31,7)([63]60,50,5)([64]23,59,4)([65]32,7,1)([66]56,61,3)([67]0,44,7)([68]29,37,1)([69]54,5,4)([70]26,8,0)([71]57,42,3)([72]63,46,1)([73]49,66,3)([74]31,24,1)([75]11,64,5)([76]23,39,5)([77]44,53,5)([78]47,27,1)([79]63,73,2)([80]69,22,1)([81]80,66,4)([82]22,1,2)([83]5,49,3)([84]54,70,3)([85]68,19,3)([86]34,55,6)(79)
optimized area: 142.44
time: 560525 ms
seed: 1635299247
NOT FOUND
time: 1018967 ms
seed: 1635456862
{7,1,80,1,2,1,8}([7]2,4,6)([8]5,0,2)([9]5,1,2)([10]7,1,5)([11]6,8,1)([12]3,10,5)([13]2,12,7)([14]4,6,7)([15]4,3,7)([16]14,1,6)([17]13,9,6)([18]5,4,4)([19]0,2,0)([20]6,8,4)([21]17,0,7)([22]16,3,6)([23]22,9,3)([24]10,15,5)([25]18,13,6)([26]3,16,0)([27]18,23,3)([28]15,20,7)([29]25,21,6)([30]3,20,2)([31]5,17,5)([32]10,24,1)([33]29,27,7)([34]33,20,6)([35]25,7,2)([36]10,20,4)([37]23,24,6)([38]15,37,1)([39]30,13,7)([40]3,39,2)([41]0,34,3)([42]4,15,6)([43]21,37,7)([44]36,40,3)([45]18,44,1)([46]39,9,2)([47]11,17,5)([48]44,37,4)([49]42,1,4)([50]35,48,4)([51]46,49,4)([52]28,19,2)([53]51,15,4)([54]13,3,2)([55]54,27,7)([56]41,33,7)([57]52,37,2)([58]1,36,6)([59]43,55,6)([60]5,38,7)([61]54,2,6)([62]59,53,4)([63]8,61,2)([64]56,53,3)([65]12,18,0)([66]32,28,4)([67]59,16,0)([68]63,16,5)([69]52,7,1)([70]2,52,5)([71]32,46,1)([72]57,50,3)([73]20,32,3)([74]48,67,0)([75]46,53,3)([76]24,30,6)([77]72,62,5)([78]35,31,6)([79]50,21,1)([80]19,52,1)([81]21,49,0)([82]15,20,1)([83]77,64,2)([84]47,70,7)([85]44,70,2)([86]25,81,2)(83)
evaluations: 40191972
first invidual area: 157.43
{7,1,80,1,2,1,8}([7]2,4,6)([8]0,5,5)([9]1,5,2)([10]7,1,5)([11]4,8,1)([12]3,10,5)([13]12,2,7)([14]4,6,7)([15]12,4,6)([16]1,14,6)([17]13,9,6)([18]5,4,4)([19]17,5,3)([20]6,8,7)([21]17,0,7)([22]16,3,6)([23]22,9,3)([24]10,20,4)([25]18,13,6)([26]3,22,7)([27]18,23,3)([28]3,20,1)([29]25,21,6)([30]13,3,5)([31]20,0,2)([32]3,20,2)([33]29,27,7)([34]33,20,6)([35]7,25,2)([36]5,33,4)([37]23,15,6)([38]20,13,2)([39]32,13,7)([40]3,39,2)([41]0,34,6)([42]11,3,6)([43]21,37,7)([44]40,24,3)([45]14,19,0)([46]39,9,5)([47]4,42,1)([48]44,37,7)([49]1,42,4)([50]35,48,6)([51]46,49,4)([52]40,34,5)([53]21,30,7)([54]30,43,7)([55]30,27,4)([56]41,33,4)([57]31,37,2)([58]3,16,4)([59]43,55,3)([60]45,56,4)([61]3,37,2)([62]59,51,7)([63]35,58,2)([64]56,51,3)([65]30,40,2)([66]65,48,7)([67]63,13,1)([68]58,50,1)([69]8,18,6)([70]9,18,2)([71]54,13,5)([72]57,50,3)([73]6,33,7)([74]3,44,4)([75]61,37,3)([76]54,18,4)([77]72,62,5)([78]54,66,4)([79]65,43,2)([80]13,10,3)([81]44,68,2)([82]16,19,2)([83]77,64,2)([84]41,8,7)([85]2,22,7)([86]10,56,7)(83)
optimized area: 141.47
time: 1073210 ms
seed: 1635564035
NOT FOUND
time: 1004580 ms
seed: 1635607821
NOT FOUND
time: 1057896 ms
seed: 1635655474
NOT FOUND
time: 1060609 ms
seed: 1635703315
{7,1,80,1,2,1,8}([7]0,2,2)([8]5,2,5)([9]0,7,4)([10]2,3,4)([11]4,9,4)([12]11,3,7)([13]10,0,4)([14]11,10,5)([15]1,1,3)([16]10,2,0)([17]6,12,6)([18]5,1,4)([19]14,15,5)([20]7,0,6)([21]1,2,5)([22]9,17,4)([23]6,18,5)([24]15,6,7)([25]6,21,7)([26]7,21,7)([27]26,0,7)([28]14,4,4)([29]28,27,7)([30]25,14,1)([31]29,8,5)([32]23,16,4)([33]6,4,6)([34]32,7,2)([35]12,25,4)([36]35,29,1)([37]19,31,5)([38]7,19,7)([39]31,24,6)([40]5,11,4)([41]33,13,6)([42]35,29,3)([43]41,11,4)([44]42,0,4)([45]23,33,5)([46]39,2,4)([47]44,7,7)([48]38,23,4)([49]19,26,5)([50]42,40,2)([51]22,49,5)([52]46,43,3)([53]28,40,3)([54]38,52,5)([55]1,3,2)([56]52,3,2)([57]39,54,2)([58]51,55,7)([59]32,54,5)([60]11,36,5)([61]53,46,6)([62]35,14,0)([63]49,5,7)([64]48,52,4)([65]64,59,2)([66]28,40,5)([67]50,54,1)([68]12,31,0)([69]28,51,4)([70]67,54,0)([71]50,64,2)([72]58,71,4)([73]27,7,4)([74]48,44,0)([75]59,13,3)([76]20,21,0)([77]17,72,6)([78]59,40,6)([79]72,29,0)([80]17,9,1)([81]39,80,3)([82]53,70,6)([83]56,8,1)([84]65,72,7)([85]24,2,2)([86]2,51,5)(84)
evaluations: 38081683
first invidual area: 157.00
{7,1,80,1,2,1,8}([7]0,2,2)([8]1,6,7)([9]7,0,4)([10]2,3,4)([11]4,9,4)([12]11,3,7)([13]8,5,4)([14]11,10,5)([15]10,1,6)([16]12,5,5)([17]12,6,3)([18]0,14,7)([19]14,1,5)([20]4,6,6)([21]1,2,5)([22]17,21,2)([23]13,6,5)([24]5,10,2)([25]6,21,4)([26]7,21,7)([27]3,4,3)([28]26,18,4)([29]28,4,7)([30]6,8,4)([31]29,16,5)([32]23,10,4)([33]25,8,7)([34]0,10,4)([35]6,33,7)([36]25,3,2)([37]12,25,7)([38]7,19,7)([39]31,8,3)([40]5,11,4)([41]20,34,6)([42]37,29,3)([43]41,11,4)([44]17,9,7)([45]29,43,1)([46]39,2,7)([47]38,3,7)([48]38,23,7)([49]26,19,5)([50]42,40,5)([51]49,44,5)([52]46,43,3)([53]16,17,1)([54]50,18,0)([55]38,48,5)([56]34,9,0)([57]1,3,5)([58]51,57,4)([59]32,55,2)([60]48,14,7)([61]48,24,3)([62]41,19,6)([63]48,39,7)([64]48,52,7)([65]64,59,5)([66]64,54,5)([67]14,0,0)([68]32,8,7)([69]41,35,0)([70]55,52,7)([71]22,23,6)([72]58,66,7)([73]47,45,0)([74]66,66,3)([75]28,70,3)([76]12,39,3)([77]1,29,4)([78]51,54,0)([79]66,38,6)([80]30,39,5)([81]7,9,5)([82]29,30,7)([83]11,54,3)([84]65,72,4)([85]83,82,4)([86]1,43,3)(84)
optimized area: 155.59
time: 1158048 ms
seed: 1635750499
NOT FOUND
time: 1057346 ms
seed: 1635797500
{7,1,80,1,2,1,8}([7]1,5,4)([8]1,0,4)([9]3,4,4)([10]6,7,2)([11]9,10,7)([12]5,6,5)([13]0,11,2)([14]3,12,5)([15]10,3,3)([16]6,0,4)([17]13,14,0)([18]5,8,7)([19]6,11,4)([20]7,13,4)([21]1,2,1)([22]18,15,3)([23]4,20,4)([24]7,4,4)([25]12,14,1)([26]8,23,5)([27]20,25,2)([28]12,1,2)([29]2,19,4)([30]28,4,5)([31]25,24,3)([32]1,19,4)([33]21,24,5)([34]3,31,5)([35]6,22,7)([36]2,31,7)([37]27,36,3)([38]23,28,3)([39]30,26,5)([40]29,35,2)([41]23,16,2)([42]37,35,1)([43]4,39,0)([44]36,32,2)([45]35,29,6)([46]40,39,7)([47]6,10,2)([48]47,37,5)([49]16,25,7)([50]41,32,3)([51]50,46,5)([52]19,1,0)([53]15,33,3)([54]15,16,6)([55]3,3,7)([56]51,48,4)([57]3,24,1)([58]16,26,2)([59]3,8,4)([60]28,3,3)([61]31,19,4)([62]9,32,2)([63]36,22,2)([64]52,30,6)([65]29,5,6)([66]52,16,6)([67]18,53,4)([68]42,67,6)([69]40,61,2)([70]2,27,0)([71]2,32,6)([72]68,56,3)([73]16,67,5)([74]62,58,2)([75]8,46,3)([76]39,56,1)([77]56,28,1)([78]73,2,1)([79]50,66,0)([80]70,45,6)([81]4,15,7)([82]64,56,7)([83]46,64,0)([84]74,70,1)([85]41,31,1)([86]40,1,2)(72)
evaluations: 40008775
first invidual area: 132.12
{7,1,80,1,2,1,8}([7]1,5,4)([8]1,4,1)([9]4,3,7)([10]6,7,2)([11]9,10,4)([12]5,6,5)([13]11,0,5)([14]3,7,2)([15]10,3,3)([16]8,0,7)([17]12,0,2)([18]16,5,7)([19]11,6,4)([20]13,7,7)([21]11,16,4)([22]18,15,3)([23]4,20,4)([24]7,4,4)([25]12,16,1)([26]16,23,5)([27]20,25,2)([28]12,1,2)([29]19,2,4)([30]28,4,5)([31]25,24,3)([32]23,29,0)([33]8,2,5)([34]27,32,6)([35]6,22,7)([36]2,31,7)([37]27,36,3)([38]14,21,6)([39]30,26,5)([40]29,35,5)([41]21,32,2)([42]37,29,1)([43]8,19,7)([44]15,5,6)([45]12,1,4)([46]40,39,4)([47]46,9,5)([48]10,37,5)([49]8,8,0)([50]43,41,3)([51]50,46,5)([52]33,27,1)([53]33,15,3)([54]48,29,6)([55]32,15,7)([56]51,48,4)([57]38,37,4)([58]37,20,3)([59]35,33,4)([60]24,56,4)([61]21,41,1)([62]5,35,5)([63]26,35,6)([64]47,43,7)([65]59,43,5)([66]12,33,5)([67]18,53,4)([68]42,67,6)([69]12,29,3)([70]66,10,6)([71]27,8,6)([72]68,56,3)([73]59,34,0)([74]35,61,4)([75]49,44,7)([76]9,14,5)([77]38,7,3)([78]24,40,2)([79]41,44,4)([80]4,74,4)([81]39,7,6)([82]19,14,3)([83]19,8,3)([84]72,33,2)([85]58,29,5)([86]38,18,2)(72)
optimized area: 128.84
time: 1095244 ms
seed: 1635840730
{7,1,80,1,2,1,8}([7]6,4,7)([8]4,1,4)([9]6,8,5)([10]6,2,2)([11]2,6,4)([12]5,4,7)([13]9,3,7)([14]3,13,1)([15]5,7,4)([16]3,8,4)([17]2,16,7)([18]2,5,4)([19]16,1,3)([20]8,10,4)([21]11,5,4)([22]21,19,3)([23]16,9,7)([24]18,22,5)([25]15,11,6)([26]22,13,4)([27]23,24,1)([28]13,19,2)([29]5,23,5)([30]1,17,5)([31]25,0,4)([32]7,0,2)([33]28,12,2)([34]21,6,3)([35]29,0,4)([36]31,0,6)([37]26,31,5)([38]25,13,0)([39]36,33,5)([40]30,27,2)([41]1,12,3)([42]1,35,4)([43]20,14,5)([44]15,40,0)([45]41,29,2)([46]10,3,4)([47]43,8,0)([48]11,45,7)([49]2,13,3)([50]39,37,7)([51]20,11,6)([52]42,24,2)([53]14,23,6)([54]39,4,2)([55]18,21,5)([56]23,10,4)([57]27,47,1)([58]40,32,4)([59]3,7,1)([60]13,5,5)([61]40,20,3)([62]6,1,5)([63]13,44,3)([64]62,61,7)([65]6,18,2)([66]64,50,2)([67]17,47,0)([68]5,28,3)([69]17,53,0)([70]4,2,1)([71]47,35,4)([72]53,37,1)([73]60,42,0)([74]45,10,2)([75]39,0,1)([76]4,23,2)([77]58,15,1)([78]23,60,1)([79]55,2,6)([80]52,66,6)([81]12,62,0)([82]43,80,4)([83]33,35,5)([84]32,65,7)([85]49,5,2)([86]27,37,7)(82)
evaluations: 38483858
first invidual area: 134.95
{7,1,80,1,2,1,8}([7]6,4,6)([8]4,1,4)([9]6,8,5)([10]2,6,2)([11]6,2,4)([12]9,2,5)([13]3,9,7)([14]3,8,1)([15]5,7,4)([16]3,8,4)([17]0,10,6)([18]5,2,4)([19]1,16,3)([20]8,10,4)([21]18,6,3)([22]1,21,3)([23]16,12,3)([24]18,19,5)([25]15,11,6)([26]18,18,2)([27]13,22,4)([28]15,19,2)([29]5,23,5)([30]1,12,5)([31]25,0,4)([32]29,0,4)([33]13,11,4)([34]0,21,4)([35]27,20,4)([36]13,28,2)([37]27,31,5)([38]10,30,4)([39]17,36,5)([40]30,14,2)([41]22,24,7)([42]1,32,4)([43]20,14,5)([44]4,14,6)([45]24,6,2)([46]43,24,2)([47]35,32,0)([48]35,36,3)([49]45,48,5)([50]18,33,4)([51]6,23,0)([52]20,29,5)([53]43,41,6)([54]17,10,1)([55]37,39,2)([56]52,38,5)([57]10,50,5)([58]28,42,7)([59]17,20,4)([60]43,18,0)([61]40,20,3)([62]6,1,5)([63]51,1,1)([64]62,61,7)([65]40,19,4)([66]64,55,2)([67]60,60,3)([68]38,21,1)([69]51,66,6)([70]33,22,3)([71]67,19,2)([72]61,47,3)([73]70,60,2)([74]30,45,7)([75]49,40,6)([76]25,73,6)([77]42,24,2)([78]53,7,6)([79]67,75,4)([80]77,66,6)([81]80,59,6)([82]67,80,4)([83]48,22,4)([84]58,23,2)([85]46,22,4)([86]75,59,6)(82)
optimized area: 116.64
time: 1090404 ms
seed: 1635882785
{7,1,80,1,2,1,8}([7]1,4,7)([8]5,6,2)([9]2,8,7)([10]8,1,4)([11]3,9,3)([12]5,4,4)([13]11,7,7)([14]2,2,6)([15]13,12,6)([16]11,10,2)([17]3,7,7)([18]2,17,7)([19]0,16,7)([20]11,10,3)([21]6,15,6)([22]19,3,7)([23]5,11,4)([24]7,20,5)([25]22,9,4)([26]22,10,2)([27]9,23,2)([28]27,19,2)([29]21,7,0)([30]1,26,2)([31]1,13,3)([32]31,6,0)([33]25,8,5)([34]19,14,7)([35]33,31,5)([36]5,18,5)([37]6,28,6)([38]36,20,7)([39]33,4,0)([40]18,20,6)([41]25,21,5)([42]34,32,7)([43]38,30,6)([44]19,3,0)([45]26,38,2)([46]43,42,2)([47]29,30,7)([48]41,21,4)([49]46,37,4)([50]29,3,4)([51]23,7,6)([52]35,10,7)([53]8,46,1)([54]16,13,4)([55]46,17,7)([56]14,4,3)([57]34,27,1)([58]33,12,0)([59]14,46,2)([60]56,25,2)([61]15,42,1)([62]17,52,5)([63]7,3,3)([64]23,3,0)([65]60,49,6)([66]40,49,7)([67]55,65,6)([68]57,17,2)([69]54,46,7)([70]11,21,7)([71]69,61,7)([72]1,51,0)([73]21,66,5)([74]46,54,2)([75]66,11,6)([76]71,37,2)([77]37,68,3)([78]16,37,0)([79]62,47,5)([80]79,44,3)([81]78,33,7)([82]1,55,5)([83]52,67,5)([84]46,22,2)([85]20,34,5)([86]80,67,4)(86)
evaluations: 22803030
first invidual area: 145.26
{7,1,80,1,2,1,8}([7]4,1,7)([8]6,5,2)([9]2,8,7)([10]1,8,4)([11]3,9,3)([12]4,5,4)([13]11,7,7)([14]10,7,0)([15]7,9,2)([16]11,14,5)([17]7,3,7)([18]2,17,7)([19]16,0,4)([20]11,14,6)([21]2,16,5)([22]3,19,7)([23]5,22,1)([24]5,18,5)([25]22,9,4)([26]22,10,2)([27]14,1,1)([28]15,23,2)([29]19,26,2)([30]13,12,6)([31]1,13,3)([32]1,26,5)([33]25,5,5)([34]23,31,6)([35]33,31,5)([36]31,12,2)([37]6,28,6)([38]24,20,7)([39]2,31,7)([40]24,23,0)([41]37,31,2)([42]40,2,3)([43]22,24,3)([44]30,6,6)([45]39,19,4)([46]38,45,2)([47]44,32,4)([48]6,42,3)([49]21,25,2)([50]16,1,2)([51]38,43,2)([52]35,10,7)([53]6,49,4)([54]15,10,0)([55]16,21,2)([56]31,35,1)([57]34,14,0)([58]46,17,7)([59]46,37,4)([60]40,35,4)([61]49,22,0)([62]52,17,5)([63]48,10,7)([64]58,48,0)([65]49,59,6)([66]0,15,2)([67]64,65,6)([68]43,19,7)([69]10,64,3)([70]60,66,2)([71]48,12,7)([72]22,46,5)([73]54,63,4)([74]26,17,4)([75]48,16,7)([76]7,11,3)([77]40,61,4)([78]0,28,6)([79]62,47,5)([80]79,19,6)([81]37,68,7)([82]38,78,0)([83]9,40,0)([84]49,51,3)([85]20,15,6)([86]80,67,7)(86)
optimized area: 135.88
time: 1286224 ms
