seed: 1633851143
{7,1,80,1,2,1,8}([7]3,5,5)([8]0,7,4)([9]5,6,5)([10]7,4,6)([11]10,6,4)([12]4,11,4)([13]0,12,7)([14]10,10,1)([15]10,13,4)([16]4,10,3)([17]2,10,7)([18]5,10,7)([19]1,18,7)([20]15,18,4)([21]13,4,0)([22]15,9,3)([23]15,17,3)([24]2,19,4)([25]23,15,7)([26]5,3,7)([27]24,26,7)([28]12,17,6)([29]12,22,6)([30]23,27,5)([31]11,2,6)([32]8,19,7)([33]24,25,7)([34]20,12,2)([35]27,17,6)([36]4,25,3)([37]18,12,4)([38]34,2,5)([39]5,38,0)([40]30,32,2)([41]12,39,2)([42]6,10,5)([43]37,3,5)([44]40,43,2)([45]6,29,3)([46]5,22,5)([47]18,31,4)([48]25,46,3)([49]4,27,4)([50]4,33,4)([51]33,34,6)([52]29,45,0)([53]27,4,3)([54]53,44,2)([55]17,29,7)([56]3,31,4)([57]11,48,1)([58]51,25,4)([59]19,52,6)([60]36,41,3)([61]58,54,6)([62]58,60,2)([63]56,62,6)([64]63,54,3)([65]64,55,7)([66]47,27,6)([67]2,23,1)([68]40,16,7)([69]9,48,5)([70]8,10,6)([71]47,2,1)([72]36,12,4)([73]9,4,5)([74]21,12,5)([75]26,65,3)([76]3,66,0)([77]34,2,0)([78]68,66,4)([79]0,8,5)([80]37,75,2)([81]30,21,5)([82]9,61,6)([83]20,39,7)([84]42,70,5)([85]46,25,4)([86]12,17,3)(65)
evaluations: 34138024
first invidual area: 141.06
{7,1,80,1,2,1,8}([7]3,5,5)([8]0,7,7)([9]4,6,4)([10]4,7,6)([11]10,6,4)([12]9,10,4)([13]2,11,3)([14]6,5,5)([15]0,9,7)([16]14,15,3)([17]10,2,7)([18]5,10,7)([19]18,1,7)([20]7,19,6)([21]18,15,5)([22]8,19,4)([23]15,17,3)([24]19,2,4)([25]22,6,4)([26]5,3,7)([27]24,26,7)([28]9,26,7)([29]12,16,3)([30]23,27,5)([31]9,13,7)([32]17,18,5)([33]24,32,7)([34]30,14,1)([35]4,26,1)([36]30,22,2)([37]30,10,1)([38]17,11,1)([39]10,14,2)([40]4,36,4)([41]29,17,7)([42]19,23,7)([43]42,3,5)([44]36,43,2)([45]15,33,3)([46]40,37,2)([47]27,4,3)([48]17,29,2)([49]19,3,0)([50]21,12,5)([51]19,26,1)([52]50,46,1)([53]50,33,6)([54]47,44,2)([55]26,25,4)([56]3,13,7)([57]4,54,0)([58]53,24,4)([59]29,11,6)([60]45,26,3)([61]9,16,2)([62]58,60,2)([63]56,62,6)([64]63,54,6)([65]64,41,7)([66]14,50,2)([67]20,18,0)([68]55,15,0)([69]47,64,3)([70]44,40,1)([71]8,18,0)([72]63,21,6)([73]6,3,6)([74]18,7,7)([75]5,27,2)([76]6,69,1)([77]46,27,3)([78]62,24,2)([79]57,59,4)([80]31,0,0)([81]76,23,2)([82]18,74,6)([83]28,37,6)([84]26,27,5)([85]26,62,4)([86]25,59,6)(65)
optimized area: 132.61
time: 576311 ms
seed: 1633937989
{7,1,80,1,2,1,8}([7]4,6,7)([8]1,4,7)([9]7,0,3)([10]5,8,5)([11]3,9,7)([12]11,5,7)([13]6,2,5)([14]8,10,0)([15]6,10,3)([16]11,10,6)([17]1,8,3)([18]12,2,7)([19]1,15,2)([20]9,19,2)([21]11,13,6)([22]21,6,7)([23]20,2,4)([24]19,23,5)([25]22,10,2)([26]5,25,4)([27]18,7,4)([28]0,7,5)([29]26,0,5)([30]26,25,5)([31]29,27,3)([32]3,31,2)([33]11,2,3)([34]5,27,5)([35]32,30,4)([36]1,35,7)([37]31,23,2)([38]0,5,7)([39]12,17,4)([40]0,37,4)([41]30,15,7)([42]36,37,5)([43]42,39,1)([44]10,6,2)([45]15,23,2)([46]10,43,7)([47]37,20,3)([48]4,7,1)([49]31,46,6)([50]7,22,2)([51]14,23,7)([52]37,19,0)([53]24,20,5)([54]11,38,0)([55]34,39,6)([56]10,40,2)([57]49,56,2)([58]30,3,7)([59]56,53,5)([60]13,42,5)([61]49,13,7)([62]61,14,6)([63]20,55,1)([64]35,46,4)([65]39,61,2)([66]11,35,5)([67]18,51,0)([68]40,24,1)([69]64,65,6)([70]59,34,3)([71]36,58,1)([72]26,3,7)([73]13,36,1)([74]52,55,7)([75]58,68,3)([76]70,69,7)([77]27,23,6)([78]45,71,5)([79]49,26,4)([80]4,24,7)([81]32,51,3)([82]1,32,6)([83]49,10,7)([84]27,69,2)([85]82,46,1)([86]14,30,7)(76)
evaluations: 19831963
first invidual area: 133.06
{7,1,80,1,2,1,8}([7]6,4,7)([8]1,4,7)([9]7,0,3)([10]8,5,5)([11]9,3,4)([12]5,11,4)([13]11,2,5)([14]9,1,2)([15]5,13,7)([16]6,10,3)([17]10,13,6)([18]12,2,7)([19]8,1,3)([20]16,14,5)([21]12,19,4)([22]6,13,5)([23]20,2,7)([24]1,11,7)([25]10,22,2)([26]25,5,4)([27]18,7,4)([28]0,26,5)([29]26,25,5)([30]17,19,4)([31]27,28,3)([32]31,3,5)([33]16,24,5)([34]21,30,1)([35]32,29,7)([36]1,35,7)([37]36,23,2)([38]10,27,5)([39]35,32,6)([40]18,34,5)([41]2,6,5)([42]23,0,4)([43]6,11,2)([44]2,14,5)([45]38,21,1)([46]0,8,5)([47]37,26,1)([48]7,27,6)([49]44,1,4)([50]11,18,1)([51]39,42,1)([52]31,37,5)([53]1,5,0)([54]31,5,3)([55]1,41,4)([56]44,42,2)([57]41,0,5)([58]35,10,4)([59]56,5,5)([60]17,0,1)([61]54,41,4)([62]53,17,5)([63]24,44,3)([64]27,55,4)([65]21,61,2)([66]62,6,4)([67]14,23,4)([68]52,58,4)([69]68,65,6)([70]59,38,6)([71]51,63,2)([72]17,10,5)([73]46,21,1)([74]25,8,5)([75]28,26,4)([76]58,62,3)([77]36,18,3)([78]9,36,6)([79]19,69,4)([80]74,48,4)([81]15,47,1)([82]20,52,1)([83]73,21,7)([84]41,31,0)([85]69,70,4)([86]10,27,4)(85)
optimized area: 125.56
time: 685683 ms
seed: 1633965780
{7,1,80,1,2,1,8}([7]5,2,5)([8]0,1,2)([9]0,6,7)([10]1,7,2)([11]4,0,3)([12]6,4,3)([13]4,7,7)([14]8,6,6)([15]11,9,2)([16]13,12,6)([17]14,2,7)([18]13,15,2)([19]3,11,4)([20]0,12,2)([21]11,10,2)([22]19,9,3)([23]1,18,3)([24]3,20,3)([25]12,23,6)([26]3,16,4)([27]5,17,3)([28]24,23,7)([29]7,19,2)([30]10,20,6)([31]30,8,3)([32]29,28,4)([33]23,9,5)([34]7,27,5)([35]32,27,2)([36]5,35,5)([37]15,34,3)([38]0,0,4)([39]12,34,5)([40]30,9,5)([41]36,39,7)([42]27,20,3)([43]22,4,3)([44]30,33,6)([45]12,40,0)([46]42,28,2)([47]40,36,2)([48]17,11,5)([49]34,2,5)([50]37,39,7)([51]31,46,4)([52]37,23,1)([53]41,26,5)([54]23,13,5)([55]25,10,7)([56]1,32,7)([57]25,15,1)([58]23,29,5)([59]9,31,7)([60]47,3,1)([61]55,25,7)([62]9,8,7)([63]21,34,6)([64]44,51,6)([65]1,2,0)([66]34,29,3)([67]29,64,2)([68]30,63,7)([69]58,3,5)([70]64,60,5)([71]53,14,3)([72]63,58,3)([73]21,10,3)([74]8,1,5)([75]73,11,4)([76]53,72,5)([77]12,28,2)([78]63,9,4)([79]0,49,5)([80]62,7,5)([81]41,38,0)([82]2,14,6)([83]31,12,3)([84]76,70,7)([85]38,32,4)([86]34,35,7)(84)
evaluations: 17248129
first invidual area: 123.16
{7,1,80,1,2,1,8}([7]2,5,5)([8]1,0,2)([9]6,0,7)([10]8,4,6)([11]6,8,6)([12]4,6,3)([13]7,4,7)([14]13,0,3)([15]9,12,2)([16]10,12,1)([17]11,2,7)([18]13,17,7)([19]14,3,4)([20]0,12,2)([21]1,14,2)([22]13,15,2)([23]22,1,3)([24]3,20,3)([25]1,7,2)([26]15,21,2)([27]17,5,3)([28]23,24,7)([29]7,19,2)([30]25,20,6)([31]26,10,4)([32]29,28,4)([33]29,26,5)([34]7,27,5)([35]7,22,7)([36]32,5,5)([37]2,16,1)([38]29,28,2)([39]21,27,2)([40]34,12,5)([41]40,36,7)([42]3,1,3)([43]29,23,5)([44]30,30,2)([45]21,34,6)([46]25,26,6)([47]13,12,6)([48]36,36,2)([49]47,3,4)([50]27,28,5)([51]8,44,3)([52]8,20,6)([53]41,49,5)([54]23,22,2)([55]51,9,5)([56]9,20,4)([57]38,51,7)([58]47,33,3)([59]49,33,0)([60]43,34,4)([61]57,54,6)([62]36,55,5)([63]50,51,7)([64]63,26,6)([65]42,13,7)([66]57,11,4)([67]37,3,2)([68]42,44,5)([69]7,46,3)([70]64,62,5)([71]29,21,0)([72]45,43,3)([73]32,66,0)([74]32,59,1)([75]3,45,6)([76]53,72,5)([77]55,23,4)([78]70,76,7)([79]6,21,6)([80]62,70,1)([81]26,11,5)([82]25,21,6)([83]16,62,2)([84]41,78,6)([85]25,8,4)([86]74,37,0)(78)
optimized area: 114.27
time: 650940 ms
seed: 1633988685
NOT FOUND
time: 538471 ms
seed: 1634037590
NOT FOUND
time: 522473 ms
seed: 1634151725
{7,1,80,1,2,1,8}([7]2,3,7)([8]0,4,7)([9]7,6,4)([10]1,0,4)([11]2,4,7)([12]1,8,4)([13]2,12,3)([14]11,6,6)([15]3,3,6)([16]0,5,3)([17]15,13,4)([18]0,15,2)([19]18,14,5)([20]2,11,0)([21]15,10,7)([22]12,8,6)([23]20,8,5)([24]10,16,4)([25]13,14,5)([26]12,15,0)([27]10,11,3)([28]1,5,4)([29]7,24,7)([30]20,16,7)([31]13,22,7)([32]28,22,1)([33]28,32,2)([34]28,17,5)([35]24,25,7)([36]19,8,3)([37]24,36,2)([38]16,32,4)([39]27,13,6)([40]11,0,6)([41]34,1,4)([42]31,35,3)([43]3,13,0)([44]3,43,6)([45]38,43,1)([46]39,41,4)([47]31,19,5)([48]16,46,5)([49]35,48,3)([50]6,49,6)([51]45,48,3)([52]45,23,6)([53]34,37,4)([54]42,1,7)([55]14,1,7)([56]18,29,5)([57]54,40,5)([58]45,40,6)([59]9,54,5)([60]46,19,6)([61]53,59,7)([62]41,44,7)([63]34,18,3)([64]49,63,2)([65]32,56,2)([66]63,55,4)([67]41,14,4)([68]17,38,1)([69]9,66,0)([70]62,5,5)([71]61,52,3)([72]60,26,6)([73]57,64,4)([74]71,43,0)([75]15,11,2)([76]17,58,5)([77]42,26,0)([78]2,62,7)([79]73,65,3)([80]60,31,2)([81]54,56,3)([82]71,79,5)([83]14,62,1)([84]54,83,6)([85]68,77,7)([86]58,24,1)(82)
evaluations: 29131244
first invidual area: 153.20
{7,1,80,1,2,1,8}([7]6,2,4)([8]4,0,7)([9]1,8,4)([10]0,5,3)([11]2,4,7)([12]1,10,7)([13]9,2,3)([14]6,11,6)([15]3,2,1)([16]12,5,3)([17]16,7,0)([18]15,0,2)([19]0,12,3)([20]15,9,5)([21]1,9,6)([22]14,13,5)([23]8,2,5)([24]0,12,7)([25]11,24,2)([26]4,4,1)([27]14,18,5)([28]5,1,4)([29]2,12,4)([30]13,15,4)([31]13,21,7)([32]28,6,1)([33]14,17,5)([34]24,27,5)([35]22,34,4)([36]21,21,0)([37]11,0,6)([38]10,32,2)([39]28,30,5)([40]15,33,6)([41]32,14,7)([42]31,35,3)([43]18,29,5)([44]10,13,5)([45]7,15,4)([46]45,17,6)([47]35,18,5)([48]9,0,0)([49]35,44,3)([50]45,39,0)([51]45,25,4)([52]38,23,6)([53]39,34,4)([54]42,1,7)([55]47,8,5)([56]47,22,5)([57]54,37,5)([58]12,7,1)([59]45,54,5)([60]2,28,7)([61]42,18,6)([62]36,53,1)([63]18,53,3)([64]49,63,5)([65]32,43,2)([66]63,29,0)([67]1,45,3)([68]55,22,1)([69]53,59,4)([70]37,30,0)([71]69,52,3)([72]40,55,1)([73]57,64,7)([74]40,44,5)([75]22,31,3)([76]70,65,2)([77]52,12,7)([78]35,65,4)([79]73,65,3)([80]3,66,6)([81]15,16,3)([82]71,79,5)([83]7,76,7)([84]32,6,1)([85]31,23,5)([86]26,23,4)(82)
optimized area: 131.17
time: 614553 ms
seed: 1634199009
{7,1,80,1,2,1,8}([7]0,4,3)([8]2,4,2)([9]6,5,5)([10]3,9,4)([11]0,4,5)([12]1,1,6)([13]11,5,5)([14]8,10,4)([15]3,6,2)([16]1,9,6)([17]7,1,2)([18]2,16,3)([19]15,10,4)([20]9,7,6)([21]4,18,6)([22]20,14,4)([23]21,13,3)([24]9,14,6)([25]12,18,2)([26]6,18,3)([27]23,6,4)([28]3,12,4)([29]11,10,1)([30]28,2,4)([31]17,5,3)([32]21,11,3)([33]5,12,7)([34]32,3,6)([35]31,19,4)([36]0,5,5)([37]36,4,1)([38]0,34,1)([39]6,38,6)([40]29,39,4)([41]40,34,5)([42]11,27,5)([43]14,36,3)([44]35,43,7)([45]5,6,1)([46]23,25,2)([47]8,35,3)([48]23,38,4)([49]24,24,0)([50]33,12,1)([51]49,10,4)([52]30,27,1)([53]47,11,7)([54]46,36,1)([55]11,47,2)([56]9,17,0)([57]44,52,6)([58]42,47,2)([59]12,13,5)([60]22,58,4)([61]18,15,5)([62]42,24,7)([63]1,55,6)([64]22,39,2)([65]17,36,6)([66]56,57,5)([67]27,65,0)([68]23,25,4)([69]46,41,5)([70]60,57,6)([71]69,68,4)([72]42,55,5)([73]57,67,2)([74]2,13,4)([75]30,71,2)([76]75,70,7)([77]12,56,0)([78]64,69,3)([79]46,13,0)([80]57,76,1)([81]78,76,2)([82]33,72,7)([83]68,31,4)([84]5,15,4)([85]55,59,7)([86]67,61,3)(81)
evaluations: 32291642
first invidual area: 141.45
{7,1,80,1,2,1,8}([7]4,0,3)([8]4,2,2)([9]6,5,5)([10]3,9,4)([11]0,4,5)([12]3,10,4)([13]5,11,5)([14]8,10,4)([15]3,6,5)([16]1,9,6)([17]15,0,5)([18]2,16,3)([19]15,10,4)([20]7,9,3)([21]4,18,6)([22]1,10,1)([23]21,13,3)([24]7,1,2)([25]22,18,2)([26]24,10,5)([27]23,6,4)([28]3,2,7)([29]26,21,2)([30]28,1,4)([31]5,24,6)([32]22,21,6)([33]2,1,7)([34]13,25,3)([35]31,19,4)([36]11,27,5)([37]13,25,2)([38]8,35,3)([39]0,2,0)([40]0,19,0)([41]30,6,1)([42]41,27,1)([43]13,17,3)([44]35,43,2)([45]6,0,5)([46]20,22,0)([47]46,14,4)([48]26,34,5)([49]7,30,2)([50]3,19,2)([51]20,9,3)([52]0,31,0)([53]17,44,6)([54]28,38,4)([55]3,37,3)([56]45,36,2)([57]44,41,6)([58]36,38,5)([59]31,47,0)([60]55,12,7)([61]10,52,5)([62]32,52,3)([63]47,58,4)([64]14,39,2)([65]9,16,2)([66]52,35,0)([67]23,14,2)([68]23,25,7)([69]37,45,5)([70]63,57,6)([71]69,68,2)([72]25,23,5)([73]43,12,2)([74]56,0,2)([75]30,71,2)([76]75,70,6)([77]26,22,2)([78]64,69,3)([79]10,44,4)([80]73,10,4)([81]76,78,2)([82]25,15,6)([83]20,24,0)([84]30,15,3)([85]11,60,0)([86]20,69,7)(81)
optimized area: 118.01
time: 589130 ms
seed: 1634248003
{7,1,80,1,2,1,8}([7]1,2,7)([8]3,7,7)([9]5,3,4)([10]8,0,5)([11]10,7,4)([12]6,11,7)([13]10,5,4)([14]11,9,5)([15]11,6,2)([16]9,4,3)([17]4,12,7)([18]15,2,6)([19]4,14,5)([20]11,18,2)([21]1,18,4)([22]21,13,5)([23]16,18,6)([24]21,5,5)([25]8,18,2)([26]22,17,6)([27]19,1,3)([28]26,11,6)([29]28,12,7)([30]8,18,6)([31]0,22,4)([32]5,17,7)([33]11,32,5)([34]17,13,5)([35]25,27,4)([36]16,11,4)([37]12,31,4)([38]20,23,6)([39]13,30,5)([40]34,39,5)([41]38,37,3)([42]41,40,4)([43]42,35,5)([44]22,22,6)([45]1,0,6)([46]28,39,5)([47]4,7,7)([48]31,25,0)([49]14,13,3)([50]47,15,4)([51]40,20,5)([52]32,0,4)([53]52,44,7)([54]14,3,3)([55]0,15,5)([56]50,29,6)([57]31,8,6)([58]38,41,7)([59]23,35,1)([60]1,43,7)([61]37,50,4)([62]12,26,1)([63]57,8,0)([64]12,49,7)([65]56,37,1)([66]41,41,4)([67]57,56,7)([68]40,30,1)([69]52,67,3)([70]56,34,7)([71]51,31,4)([72]17,1,7)([73]14,31,3)([74]69,15,6)([75]66,1,5)([76]22,48,6)([77]44,51,4)([78]66,72,5)([79]52,6,2)([80]42,78,1)([81]77,21,2)([82]47,29,7)([83]2,82,6)([84]60,74,3)([85]58,77,6)([86]41,35,5)(84)
evaluations: 25494394
first invidual area: 143.85
{7,1,80,1,2,1,8}([7]2,1,7)([8]7,3,7)([9]3,5,4)([10]8,0,5)([11]7,10,4)([12]11,6,7)([13]5,10,4)([14]9,11,5)([15]12,6,2)([16]13,13,5)([17]4,12,7)([18]2,15,6)([19]4,14,5)([20]11,18,2)([21]18,1,3)([22]4,9,3)([23]18,22,6)([24]21,13,5)([25]8,18,5)([26]20,23,6)([27]19,1,6)([28]9,26,1)([29]24,9,3)([30]4,4,0)([31]29,0,4)([32]16,27,5)([33]18,8,6)([34]17,13,5)([35]25,27,4)([36]14,7,7)([37]12,31,4)([38]17,5,4)([39]13,33,5)([40]34,39,5)([41]26,37,6)([42]41,40,7)([43]42,35,5)([44]14,32,3)([45]6,23,6)([46]17,9,4)([47]22,17,6)([48]43,12,6)([49]19,7,4)([50]2,33,2)([51]22,45,4)([52]0,38,7)([53]32,21,0)([54]1,31,6)([55]7,48,3)([56]49,45,6)([57]31,8,3)([58]8,30,4)([59]6,9,1)([60]44,48,1)([61]31,4,7)([62]38,10,0)([63]25,41,0)([64]46,1,6)([65]18,16,3)([66]1,43,7)([67]57,56,4)([68]13,64,3)([69]52,67,3)([70]39,16,7)([71]44,29,6)([72]68,55,4)([73]52,20,0)([74]69,15,6)([75]39,68,7)([76]36,40,5)([77]0,7,1)([78]35,9,1)([79]43,77,6)([80]31,79,2)([81]20,51,3)([82]76,59,2)([83]13,33,4)([84]66,74,3)([85]20,20,0)([86]81,29,3)(84)
optimized area: 131.65
time: 648968 ms
seed: 1634296117
{7,1,80,1,2,1,8}([7]3,6,7)([8]1,0,6)([9]7,5,6)([10]1,9,1)([11]3,8,5)([12]8,3,6)([13]9,4,2)([14]4,2,5)([15]7,2,7)([16]4,3,7)([17]13,6,7)([18]1,0,7)([19]14,9,4)([20]15,0,5)([21]12,5,7)([22]20,7,4)([23]3,10,7)([24]19,5,4)([25]24,1,4)([26]18,10,3)([27]21,22,7)([28]18,17,7)([29]9,22,3)([30]29,18,4)([31]15,16,3)([32]10,30,6)([33]16,23,0)([34]6,18,2)([35]28,5,6)([36]0,18,2)([37]24,7,4)([38]16,32,4)([39]31,36,7)([40]11,9,7)([41]29,2,4)([42]22,41,1)([43]40,17,4)([44]41,17,2)([45]37,40,5)([46]34,43,5)([47]37,0,2)([48]39,19,6)([49]10,47,4)([50]27,31,6)([51]44,25,5)([52]19,8,7)([53]43,19,3)([54]1,25,4)([55]31,2,3)([56]55,27,5)([57]5,40,5)([58]50,38,6)([59]5,36,7)([60]56,49,3)([61]27,26,3)([62]31,15,6)([63]16,44,5)([64]58,49,5)([65]40,23,3)([66]17,5,6)([67]56,43,3)([68]49,49,7)([69]50,40,6)([70]44,0,6)([71]10,12,4)([72]32,10,0)([73]64,67,5)([74]63,60,2)([75]24,52,7)([76]48,52,7)([77]69,52,1)([78]10,47,4)([79]68,73,4)([80]36,5,5)([81]66,27,7)([82]62,21,4)([83]11,14,3)([84]73,48,6)([85]4,84,6)([86]84,51,7)(86)
evaluations: 24355949
first invidual area: 145.73
{7,1,80,1,2,1,8}([7]3,6,7)([8]1,0,6)([9]7,5,6)([10]1,1,1)([11]4,9,5)([12]8,3,3)([13]3,8,5)([14]4,2,5)([15]2,7,7)([16]4,3,7)([17]6,11,4)([18]4,5,1)([19]9,14,4)([20]15,0,5)([21]5,12,7)([22]20,7,4)([23]14,15,0)([24]5,19,4)([25]12,19,2)([26]1,24,4)([27]21,22,4)([28]5,27,1)([29]22,9,6)([30]2,3,7)([31]16,15,3)([32]29,10,3)([33]16,32,7)([34]7,24,4)([35]18,28,6)([36]15,23,3)([37]28,10,0)([38]0,1,5)([39]31,38,5)([40]13,17,4)([41]29,2,7)([42]1,18,0)([43]40,9,7)([44]41,26,2)([45]31,2,3)([46]43,9,2)([47]34,0,5)([48]19,39,6)([49]47,10,7)([50]27,31,6)([51]17,44,5)([52]31,13,6)([53]47,24,0)([54]51,30,2)([55]42,52,4)([56]45,27,5)([57]3,5,0)([58]50,33,6)([59]27,56,2)([60]37,21,5)([61]41,44,5)([62]3,40,7)([63]14,54,0)([64]58,49,5)([65]0,29,3)([66]3,16,5)([67]49,53,2)([68]31,27,5)([69]43,56,3)([70]45,24,7)([71]12,16,2)([72]55,61,2)([73]64,69,5)([74]51,54,5)([75]40,74,6)([76]25,41,6)([77]13,73,4)([78]13,11,5)([79]30,25,0)([80]67,58,3)([81]65,45,5)([82]13,40,2)([83]12,45,1)([84]73,48,3)([85]65,9,7)([86]84,51,4)(86)
optimized area: 132.12
time: 633625 ms
seed: 1634336611
NOT FOUND
time: 531200 ms
seed: 1634385491
{7,1,80,1,2,1,8}([7]0,3,7)([8]4,5,5)([9]1,0,7)([10]7,8,6)([11]3,10,4)([12]8,6,4)([13]8,3,2)([14]12,7,7)([15]13,11,2)([16]3,12,3)([17]1,16,7)([18]15,0,7)([19]1,18,1)([20]11,1,3)([21]1,14,3)([22]20,5,7)([23]12,11,3)([24]12,2,3)([25]13,6,7)([26]2,6,4)([27]26,22,7)([28]8,13,2)([29]15,14,6)([30]2,9,7)([31]21,15,5)([32]16,10,2)([33]28,22,6)([34]23,31,2)([35]32,24,4)([36]1,18,6)([37]34,30,3)([38]26,21,5)([39]19,5,5)([40]26,4,4)([41]31,40,7)([42]4,27,4)([43]35,41,2)([44]20,18,2)([45]10,37,4)([46]9,27,2)([47]27,2,2)([48]39,42,4)([49]2,41,7)([50]43,14,6)([51]13,6,7)([52]21,46,2)([53]43,36,0)([54]31,40,2)([55]39,22,4)([56]47,25,7)([57]50,18,4)([58]1,2,5)([59]53,33,7)([60]52,59,4)([61]35,14,2)([62]5,39,0)([63]48,57,3)([64]58,53,2)([65]46,13,3)([66]45,63,2)([67]1,22,5)([68]60,66,3)([69]68,56,4)([70]39,0,3)([71]43,10,7)([72]57,35,3)([73]66,21,7)([74]49,41,2)([75]32,68,7)([76]59,3,0)([77]23,19,3)([78]10,46,4)([79]65,48,3)([80]23,24,4)([81]61,74,2)([82]16,72,2)([83]66,39,2)([84]35,5,3)([85]30,28,3)([86]81,56,0)(69)
evaluations: 22879498
first invidual area: 159.33
{7,1,80,1,2,1,8}([7]3,0,7)([8]5,4,5)([9]3,2,0)([10]8,7,6)([11]6,6,0)([12]8,11,4)([13]9,8,2)([14]12,7,7)([15]2,12,6)([16]13,11,4)([17]1,1,1)([18]13,0,4)([19]10,9,4)([20]1,19,3)([21]1,0,7)([22]20,5,7)([23]12,3,3)([24]14,1,3)([25]0,12,7)([26]2,11,4)([27]26,22,7)([28]22,0,0)([29]21,27,2)([30]2,21,7)([31]13,24,5)([32]23,10,5)([33]1,0,3)([34]31,23,2)([35]32,15,4)([36]5,17,5)([37]34,30,6)([38]37,10,6)([39]13,28,3)([40]26,4,4)([41]31,40,7)([42]17,21,0)([43]41,35,5)([44]23,33,0)([45]2,27,5)([46]40,22,7)([47]4,34,0)([48]36,46,4)([49]20,1,7)([50]41,14,6)([51]10,44,7)([52]20,29,5)([53]11,13,2)([54]17,32,0)([55]50,18,7)([56]45,32,1)([57]9,37,1)([58]45,16,4)([59]52,39,7)([60]43,59,7)([61]15,22,4)([62]59,23,6)([63]55,48,3)([64]58,10,1)([65]25,52,4)([66]38,63,2)([67]11,56,2)([68]60,66,3)([69]68,58,7)([70]62,15,7)([71]62,11,3)([72]66,23,1)([73]28,1,6)([74]58,41,3)([75]73,29,7)([76]50,63,5)([77]41,22,5)([78]21,33,0)([79]33,65,1)([80]8,25,0)([81]77,33,2)([82]58,15,6)([83]70,13,2)([84]26,49,7)([85]27,2,6)([86]27,8,0)(69)
optimized area: 148.08
time: 628086 ms
seed: 1634434520
NOT FOUND
time: 526426 ms
seed: 1634494883
{7,1,80,1,2,1,8}([7]4,1,3)([8]7,3,7)([9]3,6,7)([10]3,5,5)([11]8,5,2)([12]11,2,4)([13]2,6,5)([14]0,1,4)([15]14,13,5)([16]15,1,7)([17]12,8,0)([18]17,3,1)([19]10,14,5)([20]18,1,5)([21]13,2,7)([22]9,19,7)([23]9,15,1)([24]4,20,5)([25]23,24,6)([26]21,5,3)([27]9,16,2)([28]6,17,3)([29]0,28,5)([30]21,1,3)([31]26,4,3)([32]23,19,1)([33]27,24,3)([34]15,12,5)([35]22,4,3)([36]25,12,4)([37]6,34,7)([38]30,35,1)([39]10,24,2)([40]19,39,5)([41]40,35,5)([42]31,19,3)([43]42,8,7)([44]30,43,7)([45]18,32,2)([46]31,0,5)([47]44,0,5)([48]38,17,7)([49]41,33,4)([50]23,39,7)([51]8,45,7)([52]49,44,2)([53]50,46,2)([54]1,52,4)([55]45,27,6)([56]10,4,6)([57]14,27,2)([58]5,47,4)([59]0,23,0)([60]26,30,5)([61]36,53,6)([62]4,21,2)([63]13,23,0)([64]19,23,1)([65]6,61,2)([66]47,27,1)([67]57,22,3)([68]45,54,6)([69]20,67,4)([70]68,22,6)([71]61,58,3)([72]6,16,7)([73]7,49,3)([74]73,36,1)([75]45,59,1)([76]66,31,2)([77]57,74,1)([78]71,68,4)([79]29,31,0)([80]5,13,0)([81]6,55,3)([82]41,32,5)([83]50,34,2)([84]23,70,6)([85]42,16,6)([86]28,41,1)(78)
evaluations: 15671833
first invidual area: 133.03
{7,1,80,1,2,1,8}([7]1,4,3)([8]7,3,7)([9]3,6,7)([10]8,5,5)([11]1,6,3)([12]2,10,4)([13]5,4,3)([14]7,0,7)([15]6,11,1)([16]12,1,5)([17]9,13,6)([18]0,13,5)([19]16,18,6)([20]5,3,5)([21]15,2,2)([22]0,15,0)([23]17,6,3)([24]4,16,5)([25]22,21,7)([26]5,18,5)([27]3,6,2)([28]9,26,2)([29]9,8,3)([30]7,24,1)([31]27,14,0)([32]21,1,6)([33]21,19,0)([34]33,0,3)([35]23,4,3)([36]28,24,6)([37]13,34,6)([38]12,9,2)([39]20,24,2)([40]14,39,5)([41]35,40,5)([42]3,23,7)([43]32,37,3)([44]8,43,4)([45]0,30,0)([46]4,8,1)([47]22,44,5)([48]41,10,2)([49]41,36,6)([50]11,47,4)([51]38,39,4)([52]24,36,6)([53]51,18,2)([54]12,52,7)([55]54,53,6)([56]49,44,5)([57]22,11,5)([58]47,5,4)([59]26,10,7)([60]56,1,7)([61]46,24,6)([62]8,46,2)([63]4,44,5)([64]57,23,5)([65]39,37,4)([66]46,57,4)([67]54,7,2)([68]38,60,6)([69]55,46,0)([70]61,10,0)([71]69,58,3)([72]40,17,7)([73]20,67,5)([74]53,21,2)([75]59,11,0)([76]22,18,2)([77]27,21,2)([78]71,68,4)([79]47,53,5)([80]33,57,2)([81]61,80,2)([82]72,21,4)([83]21,3,1)([84]22,37,2)([85]45,49,3)([86]78,17,1)(78)
optimized area: 113.80
time: 649688 ms
seed: 1634594011
{7,1,80,1,2,1,8}([7]0,4,2)([8]5,0,2)([9]3,8,4)([10]4,9,7)([11]2,9,4)([12]6,8,1)([13]8,5,1)([14]13,11,2)([15]5,10,4)([16]2,1,0)([17]9,4,3)([18]7,15,3)([19]6,0,3)([20]12,18,2)([21]0,18,7)([22]10,17,5)([23]2,19,2)([24]8,21,4)([25]1,5,7)([26]10,24,5)([27]4,25,6)([28]26,23,5)([29]19,28,3)([30]11,20,7)([31]12,26,7)([32]16,21,5)([33]0,19,6)([34]23,20,1)([35]28,16,7)([36]34,6,7)([37]35,24,7)([38]7,25,4)([39]32,7,4)([40]30,38,6)([41]32,1,5)([42]41,30,6)([43]14,31,0)([44]37,25,6)([45]7,3,6)([46]17,30,2)([47]36,29,4)([48]36,44,4)([49]2,48,6)([50]31,48,5)([51]49,43,6)([52]10,26,5)([53]24,14,2)([54]40,51,7)([55]36,50,5)([56]55,43,2)([57]7,35,1)([58]44,13,2)([59]54,42,3)([60]19,18,7)([61]27,12,7)([62]20,37,3)([63]14,49,6)([64]48,14,7)([65]34,24,2)([66]32,48,4)([67]29,10,2)([68]31,63,0)([69]60,45,4)([70]56,59,7)([71]23,67,4)([72]43,16,1)([73]26,62,7)([74]1,60,5)([75]28,14,1)([76]39,52,1)([77]58,35,1)([78]67,41,3)([79]70,77,5)([80]79,26,2)([81]28,37,0)([82]11,77,5)([83]53,66,3)([84]30,53,3)([85]20,55,2)([86]26,42,7)(79)
evaluations: 8863288
first invidual area: 128.83
{7,1,80,1,2,1,8}([7]0,4,2)([8]0,5,2)([9]8,3,4)([10]9,4,7)([11]9,2,4)([12]5,10,4)([13]8,11,1)([14]13,11,2)([15]6,0,3)([16]9,11,0)([17]6,10,1)([18]7,12,3)([19]3,10,5)([20]19,15,5)([21]0,18,7)([22]21,2,5)([23]15,2,5)([24]21,13,7)([25]1,5,7)([26]17,4,0)([27]26,18,5)([28]14,7,5)([29]20,2,5)([30]27,11,4)([31]29,24,4)([32]14,29,5)([33]25,7,3)([34]25,7,4)([35]23,15,0)([36]4,21,5)([37]4,5,5)([38]9,5,1)([39]6,33,6)([40]30,34,6)([41]22,1,5)([42]23,26,7)([43]21,30,0)([44]31,25,6)([45]43,41,3)([46]41,30,6)([47]37,38,2)([48]42,44,7)([49]48,2,6)([50]36,14,5)([51]49,14,6)([52]50,50,2)([53]24,43,5)([54]31,49,5)([55]48,36,5)([56]19,29,6)([57]1,2,0)([58]42,2,1)([59]40,51,7)([60]7,29,0)([61]55,38,0)([62]7,37,6)([63]48,60,7)([64]55,14,5)([65]44,29,7)([66]20,2,6)([67]37,24,0)([68]56,64,2)([69]46,59,3)([70]64,69,4)([71]61,49,7)([72]44,43,5)([73]52,57,2)([74]72,23,5)([75]41,61,1)([76]54,37,0)([77]69,15,7)([78]51,8,6)([79]7,34,6)([80]31,44,3)([81]59,28,3)([82]40,60,3)([83]25,71,4)([84]50,74,3)([85]28,62,3)([86]70,72,5)(86)
optimized area: 116.64
time: 687003 ms
seed: 1634642853
{7,1,80,1,2,1,8}([7]6,4,7)([8]4,0,3)([9]5,0,5)([10]5,9,5)([11]9,2,4)([12]7,2,3)([13]1,10,7)([14]12,5,2)([15]2,6,6)([16]3,2,5)([17]14,11,5)([18]3,9,2)([19]4,2,7)([20]16,17,4)([21]0,13,4)([22]13,20,7)([23]3,8,7)([24]22,3,2)([25]7,5,3)([26]4,11,5)([27]21,16,3)([28]8,14,5)([29]16,22,2)([30]4,6,3)([31]25,21,2)([32]31,22,4)([33]24,6,3)([34]7,0,7)([35]13,9,0)([36]16,28,7)([37]15,31,3)([38]1,0,4)([39]27,37,4)([40]23,16,5)([41]39,18,4)([42]11,22,4)([43]1,20,6)([44]36,6,3)([45]34,33,6)([46]45,31,6)([47]5,31,7)([48]26,46,3)([49]29,42,4)([50]8,26,1)([51]33,28,1)([52]44,10,4)([53]12,12,1)([54]23,52,3)([55]29,14,4)([56]2,24,2)([57]36,13,6)([58]57,24,0)([59]5,57,0)([60]29,10,7)([61]5,12,5)([62]41,9,4)([63]26,7,6)([64]33,11,3)([65]1,63,3)([66]54,29,3)([67]63,47,0)([68]37,65,3)([69]58,52,1)([70]48,41,7)([71]58,33,2)([72]40,65,6)([73]38,62,5)([74]66,70,2)([75]74,71,6)([76]58,75,6)([77]43,25,2)([78]29,63,6)([79]32,78,2)([80]73,75,4)([81]4,21,6)([82]24,34,2)([83]33,80,6)([84]1,82,5)([85]53,76,4)([86]59,62,1)(75)
evaluations: 14797570
first invidual area: 123.67
{7,1,80,1,2,1,8}([7]6,4,7)([8]0,4,3)([9]0,5,5)([10]9,5,5)([11]2,9,4)([12]9,3,5)([13]10,1,7)([14]6,2,6)([15]2,7,3)([16]2,3,5)([17]2,11,5)([18]11,4,5)([19]5,7,3)([20]13,17,5)([21]0,13,4)([22]16,6,6)([23]9,4,7)([24]16,20,2)([25]0,3,1)([26]13,11,2)([27]5,15,5)([28]14,14,2)([29]10,22,7)([30]24,3,2)([31]19,21,2)([32]23,8,7)([33]30,6,3)([34]21,16,6)([35]33,25,6)([36]27,16,7)([37]14,31,3)([38]34,4,6)([39]34,37,6)([40]10,16,0)([41]35,13,3)([42]26,37,5)([43]23,20,3)([44]1,4,1)([45]39,12,4)([46]35,31,6)([47]3,8,7)([48]18,46,3)([49]4,32,2)([50]8,20,2)([51]37,6,7)([52]16,0,5)([53]43,0,4)([54]44,8,5)([55]3,53,2)([56]0,36,3)([57]0,13,6)([58]6,53,5)([59]24,47,3)([60]49,37,1)([61]42,34,5)([62]61,27,4)([63]40,29,0)([64]37,7,4)([65]49,7,2)([66]29,59,3)([67]13,36,6)([68]17,27,5)([69]27,45,4)([70]45,48,4)([71]33,67,2)([72]70,26,6)([73]68,70,6)([74]66,70,2)([75]12,48,3)([76]49,10,2)([77]67,18,3)([78]37,35,7)([79]7,73,7)([80]74,71,6)([81]31,6,0)([82]63,78,3)([83]50,2,3)([84]82,14,2)([85]71,66,5)([86]15,13,1)(80)
optimized area: 107.71
time: 631268 ms
seed: 1634684100
{7,1,80,1,2,1,8}([7]2,3,4)([8]6,6,5)([9]7,1,7)([10]0,1,4)([11]1,7,5)([12]10,5,2)([13]12,4,7)([14]0,7,3)([15]4,7,4)([16]9,5,1)([17]4,15,3)([18]12,0,4)([19]17,2,5)([20]12,0,4)([21]4,8,5)([22]21,11,6)([23]12,19,7)([24]3,11,3)([25]1,22,2)([26]13,10,5)([27]13,22,7)([28]23,13,0)([29]6,15,4)([30]2,29,5)([31]29,22,6)([32]18,29,7)([33]14,6,1)([34]26,6,2)([35]5,30,7)([36]26,31,6)([37]10,15,5)([38]19,35,5)([39]23,32,3)([40]3,38,5)([41]35,18,7)([42]40,36,4)([43]31,39,3)([44]37,41,5)([45]35,10,5)([46]3,33,4)([47]8,13,4)([48]14,47,1)([49]12,18,6)([50]34,46,2)([51]43,37,4)([52]45,16,2)([53]19,29,0)([54]50,42,7)([55]41,14,4)([56]49,39,7)([57]15,7,7)([58]39,41,4)([59]51,44,2)([60]16,40,1)([61]10,11,5)([62]52,5,7)([63]33,17,3)([64]59,54,4)([65]43,24,6)([66]17,65,4)([67]47,54,7)([68]63,67,1)([69]3,66,4)([70]13,36,6)([71]66,28,3)([72]18,14,5)([73]62,19,3)([74]22,73,6)([75]32,25,0)([76]7,68,4)([77]42,57,1)([78]74,64,6)([79]55,25,5)([80]7,54,3)([81]35,11,0)([82]52,36,6)([83]3,59,0)([84]59,20,7)([85]72,49,5)([86]5,78,4)(78)
evaluations: 45667436
first invidual area: 138.20
{7,1,80,1,2,1,8}([7]2,3,4)([8]0,5,0)([9]5,5,3)([10]1,8,4)([11]4,1,5)([12]10,5,2)([13]7,1,4)([14]9,4,7)([15]4,7,4)([16]10,2,6)([17]4,7,3)([18]12,0,4)([19]17,2,5)([20]8,7,3)([21]12,6,7)([22]11,6,6)([23]12,19,7)([24]10,11,5)([25]10,1,1)([26]14,10,5)([27]13,8,3)([28]13,3,0)([29]6,15,4)([30]2,29,5)([31]29,22,6)([32]18,29,2)([33]32,8,7)([34]26,6,2)([35]5,30,7)([36]26,31,6)([37]10,15,5)([38]19,35,5)([39]23,32,3)([40]3,38,2)([41]35,18,7)([42]40,36,7)([43]31,39,6)([44]37,41,5)([45]35,10,5)([46]3,20,7)([47]14,39,5)([48]20,46,3)([49]46,27,3)([50]34,46,5)([51]43,37,7)([52]45,13,5)([53]2,29,7)([54]50,42,4)([55]9,26,0)([56]45,9,4)([57]8,45,5)([58]37,40,4)([59]51,44,5)([60]2,7,6)([61]24,32,2)([62]52,5,4)([63]53,21,5)([64]59,54,7)([65]56,42,5)([66]46,26,3)([67]2,2,6)([68]18,5,2)([69]61,4,1)([70]13,25,7)([71]54,32,3)([72]60,19,5)([73]62,19,3)([74]22,73,6)([75]74,32,0)([76]25,24,5)([77]19,64,3)([78]75,64,6)([79]73,37,4)([80]75,26,2)([81]46,31,6)([82]41,32,4)([83]52,7,3)([84]6,62,0)([85]23,79,6)([86]29,75,6)(78)
optimized area: 128.37
time: 580590 ms
seed: 1634713797
NOT FOUND
time: 525302 ms
seed: 1634761751
{7,1,80,1,2,1,8}([7]4,1,7)([8]4,6,7)([9]4,8,4)([10]5,0,2)([11]0,5,3)([12]0,5,2)([13]12,1,7)([14]3,0,6)([15]0,8,3)([16]3,1,4)([17]8,0,3)([18]11,4,2)([19]8,10,3)([20]7,17,6)([21]6,13,5)([22]2,13,1)([23]5,16,5)([24]0,10,0)([25]22,9,7)([26]23,19,5)([27]18,14,3)([28]25,23,0)([29]20,8,2)([30]13,19,4)([31]29,16,6)([32]27,28,0)([33]4,21,7)([34]26,16,7)([35]23,13,2)([36]27,34,5)([37]29,20,6)([38]7,24,5)([39]28,38,3)([40]0,1,0)([41]38,8,3)([42]6,13,1)([43]0,1,3)([44]31,43,5)([45]5,22,6)([46]11,0,2)([47]39,35,4)([48]13,23,2)([49]17,26,1)([50]20,21,0)([51]14,37,2)([52]36,3,2)([53]28,49,6)([54]11,30,2)([55]9,33,4)([56]52,17,5)([57]45,19,2)([58]53,47,2)([59]13,17,1)([60]36,51,3)([61]58,31,7)([62]47,56,5)([63]60,45,2)([64]54,61,6)([65]39,14,4)([66]40,4,1)([67]64,6,4)([68]61,53,6)([69]11,25,5)([70]67,43,1)([71]6,35,6)([72]70,22,2)([73]33,37,1)([74]6,0,6)([75]63,62,7)([76]15,34,7)([77]56,59,7)([78]72,75,7)([79]24,49,1)([80]7,20,3)([81]47,22,3)([82]52,37,3)([83]7,74,1)([84]32,62,7)([85]61,57,0)([86]81,30,6)(78)
evaluations: 41250571
first invidual area: 132.55
{7,1,80,1,2,1,8}([7]3,2,7)([8]4,6,7)([9]8,0,3)([10]0,5,2)([11]0,5,3)([12]8,2,2)([13]1,10,7)([14]4,3,6)([15]4,1,7)([16]3,1,4)([17]0,1,3)([18]11,4,2)([19]10,8,3)([20]6,9,2)([21]2,1,6)([22]2,12,1)([23]5,16,5)([24]22,6,4)([25]13,21,0)([26]23,16,5)([27]16,16,7)([28]14,9,2)([29]28,17,4)([30]13,19,4)([31]15,0,5)([32]14,18,3)([33]25,19,0)([34]26,19,7)([35]3,2,7)([36]32,34,5)([37]36,36,0)([38]7,36,0)([39]24,31,3)([40]18,16,2)([41]40,4,6)([42]5,22,6)([43]4,39,7)([44]15,4,4)([45]13,23,5)([46]13,22,0)([47]39,45,7)([48]12,19,6)([49]7,38,1)([50]32,48,6)([51]41,32,2)([52]37,3,2)([53]16,8,4)([54]11,30,2)([55]7,45,6)([56]52,9,5)([57]24,39,6)([58]20,47,5)([59]14,58,0)([60]36,28,3)([61]58,16,7)([62]47,56,5)([63]42,60,5)([64]54,61,6)([65]33,6,2)([66]26,4,1)([67]64,6,7)([68]17,20,0)([69]39,31,3)([70]62,36,1)([71]35,41,1)([72]67,22,5)([73]47,37,5)([74]7,32,0)([75]63,62,4)([76]0,36,1)([77]27,8,6)([78]36,22,4)([79]27,69,6)([80]59,54,7)([81]67,43,0)([82]67,75,5)([83]71,44,0)([84]52,41,0)([85]76,36,2)([86]75,72,4)(86)
optimized area: 111.48
time: 1014202 ms
seed: 1634826865
{7,1,80,1,2,1,8}([7]2,3,5)([8]4,0,4)([9]5,4,7)([10]9,1,6)([11]2,3,7)([12]5,2,0)([13]11,12,5)([14]6,11,7)([15]9,3,6)([16]2,10,7)([17]1,6,5)([18]7,1,2)([19]8,17,4)([20]8,13,5)([21]9,5,3)([22]3,16,3)([23]16,6,7)([24]15,1,6)([25]12,15,2)([26]5,17,4)([27]21,14,3)([28]5,11,6)([29]26,27,5)([30]9,20,2)([31]13,12,4)([32]19,28,7)([33]17,0,7)([34]8,11,2)([35]28,34,0)([36]0,27,6)([37]11,30,2)([38]36,16,6)([39]24,21,1)([40]22,15,2)([41]10,29,4)([42]21,40,3)([43]17,15,2)([44]34,41,3)([45]44,25,3)([46]23,28,4)([47]24,34,4)([48]28,6,4)([49]29,43,3)([50]47,33,6)([51]22,48,4)([52]18,31,4)([53]52,24,0)([54]53,13,2)([55]44,30,7)([56]52,2,5)([57]16,26,7)([58]50,44,5)([59]19,51,6)([60]45,18,1)([61]39,56,2)([62]6,18,7)([63]60,31,4)([64]47,59,4)([65]64,30,3)([66]51,1,4)([67]53,48,6)([68]28,42,2)([69]38,48,3)([70]55,65,2)([71]50,69,3)([72]70,54,4)([73]1,24,5)([74]56,13,6)([75]52,65,1)([76]54,28,3)([77]38,22,1)([78]71,16,3)([79]38,1,6)([80]40,13,5)([81]69,27,2)([82]72,71,5)([83]47,41,2)([84]62,5,1)([85]49,2,2)([86]32,63,7)(82)
evaluations: 37589733
first invidual area: 137.75
{7,1,80,1,2,1,8}([7]5,2,0)([8]0,4,4)([9]5,4,7)([10]9,1,6)([11]3,2,7)([12]11,3,5)([13]11,7,5)([14]1,12,5)([15]9,3,6)([16]10,2,7)([17]6,1,5)([18]11,16,0)([19]8,17,4)([20]13,8,5)([21]16,2,3)([22]16,3,6)([23]21,11,1)([24]1,15,6)([25]6,16,1)([26]7,17,4)([27]21,25,3)([28]18,7,3)([29]26,27,5)([30]9,20,5)([31]30,12,5)([32]15,22,3)([33]19,4,7)([34]8,18,2)([35]14,7,4)([36]0,20,6)([37]29,6,0)([38]36,16,6)([39]19,35,0)([40]10,12,3)([41]10,37,4)([42]28,37,2)([43]9,37,5)([44]34,41,3)([45]13,41,0)([46]29,6,6)([47]24,34,4)([48]6,28,7)([49]22,43,7)([50]47,33,6)([51]22,48,7)([52]7,39,6)([53]49,25,1)([54]35,13,5)([55]44,30,4)([56]28,4,0)([57]6,15,6)([58]47,32,3)([59]19,51,3)([60]8,25,1)([61]1,8,6)([62]3,22,6)([63]57,59,4)([64]24,59,7)([65]64,44,3)([66]2,51,7)([67]30,25,7)([68]15,64,0)([69]38,48,3)([70]55,65,5)([71]50,69,3)([72]46,49,6)([73]18,57,0)([74]30,35,5)([75]43,42,6)([76]55,12,4)([77]54,70,4)([78]32,77,2)([79]20,50,1)([80]69,72,6)([81]26,2,5)([82]77,71,5)([83]34,45,6)([84]16,23,3)([85]36,35,7)([86]23,38,7)(82)
optimized area: 127.89
time: 1047156 ms
seed: 1634951628
NOT FOUND
time: 955905 ms
seed: 1635081644
NOT FOUND
time: 992127 ms
seed: 1635120922
{7,1,80,1,2,1,8}([7]2,4,7)([8]0,1,4)([9]0,5,2)([10]5,1,4)([11]9,10,7)([12]3,6,7)([13]3,12,5)([14]9,12,7)([15]13,11,5)([16]1,4,4)([17]7,15,6)([18]7,11,2)([19]3,2,0)([20]16,6,3)([21]2,20,5)([22]17,7,0)([23]14,6,7)([24]23,15,6)([25]11,24,3)([26]17,18,3)([27]12,7,3)([28]3,25,3)([29]18,21,7)([30]17,27,0)([31]16,28,7)([32]27,5,7)([33]32,12,0)([34]20,14,2)([35]8,23,2)([36]20,30,2)([37]33,11,4)([38]31,12,2)([39]22,25,1)([40]34,2,3)([41]1,38,0)([42]11,15,5)([43]42,24,5)([44]10,15,5)([45]34,42,5)([46]32,40,7)([47]22,5,5)([48]38,29,4)([49]26,0,4)([50]33,0,6)([51]5,20,7)([52]26,26,2)([53]30,26,5)([54]3,13,0)([55]48,49,3)([56]48,35,2)([57]30,38,1)([58]0,47,0)([59]46,21,6)([60]24,47,2)([61]51,50,6)([62]9,29,2)([63]40,24,4)([64]63,60,3)([65]0,9,0)([66]48,7,1)([67]16,23,0)([68]10,13,3)([69]20,60,7)([70]13,36,0)([71]28,64,5)([72]55,46,3)([73]62,71,4)([74]56,61,2)([75]41,22,4)([76]7,17,1)([77]72,73,4)([78]19,54,7)([79]10,34,1)([80]29,2,1)([81]3,80,3)([82]58,49,5)([83]28,52,5)([84]48,71,2)([85]56,33,3)([86]74,77,6)(86)
evaluations: 23678979
first invidual area: 147.59
{7,1,80,1,2,1,8}([7]4,2,7)([8]5,1,4)([9]0,5,2)([10]4,2,2)([11]9,8,7)([12]6,3,7)([13]12,9,7)([14]3,12,5)([15]11,14,5)([16]1,4,4)([17]10,3,1)([18]7,11,2)([19]15,10,1)([20]6,16,3)([21]20,2,5)([22]9,3,7)([23]7,9,0)([24]7,12,3)([25]18,19,6)([26]15,22,6)([27]20,5,0)([28]3,19,3)([29]21,18,7)([30]5,24,4)([31]19,23,6)([32]16,20,7)([33]27,15,6)([34]29,0,6)([35]28,16,7)([36]26,35,1)([37]27,13,2)([38]35,12,5)([39]7,34,4)([40]2,37,3)([41]38,39,7)([42]34,17,0)([43]36,15,4)([44]25,42,4)([45]9,33,7)([46]30,40,4)([47]41,46,7)([48]38,29,7)([49]25,0,7)([50]5,25,7)([51]7,42,3)([52]41,15,1)([53]10,40,2)([54]26,25,0)([55]46,49,3)([56]5,51,6)([57]55,12,1)([58]9,29,5)([59]47,28,2)([60]51,40,2)([61]49,57,6)([62]42,52,5)([63]54,40,4)([64]63,60,3)([65]59,32,4)([66]7,28,3)([67]50,38,3)([68]25,28,3)([69]61,56,2)([70]31,18,6)([71]28,64,5)([72]55,48,6)([73]58,71,7)([74]63,39,1)([75]24,16,0)([76]36,51,4)([77]38,46,5)([78]51,26,1)([79]42,47,6)([80]53,40,0)([81]80,34,0)([82]40,70,6)([83]72,73,7)([84]81,83,1)([85]14,0,4)([86]69,83,6)(86)
optimized area: 133.52
time: 645256 ms
seed: 1635169814
{7,1,80,1,2,1,8}([7]6,4,3)([8]3,5,7)([9]4,2,4)([10]1,9,3)([11]10,0,7)([12]7,11,5)([13]12,2,4)([14]8,1,7)([15]4,1,7)([16]11,5,6)([17]4,1,7)([18]5,6,5)([19]2,16,2)([20]6,11,0)([21]3,12,7)([22]6,8,7)([23]5,13,2)([24]19,4,5)([25]12,6,3)([26]6,0,2)([27]25,11,7)([28]24,10,5)([29]24,23,4)([30]13,19,5)([31]17,30,0)([32]17,12,1)([33]19,14,2)([34]32,21,2)([35]8,29,6)([36]1,0,5)([37]0,0,5)([38]16,7,4)([39]8,17,0)([40]31,1,0)([41]39,25,4)([42]14,22,2)([43]7,34,1)([44]36,30,0)([45]3,26,6)([46]36,41,6)([47]29,22,4)([48]33,38,7)([49]42,8,7)([50]34,2,6)([51]46,5,5)([52]3,36,1)([53]48,50,6)([54]46,21,7)([55]47,46,6)([56]25,0,6)([57]1,21,4)([58]45,13,6)([59]52,14,7)([60]23,42,1)([61]10,46,4)([62]25,52,7)([63]40,54,7)([64]53,42,4)([65]15,26,3)([66]36,3,3)([67]66,64,2)([68]55,67,6)([69]59,63,5)([70]68,3,4)([71]43,47,3)([72]69,58,6)([73]34,52,6)([74]72,36,2)([75]7,5,2)([76]14,14,1)([77]71,28,4)([78]66,32,7)([79]13,33,6)([80]57,45,3)([81]8,60,7)([82]68,74,3)([83]25,14,3)([84]81,34,2)([85]21,71,4)([86]20,32,3)(82)
evaluations: 21696590
first invidual area: 141.49
{7,1,80,1,2,1,8}([7]6,4,3)([8]5,3,7)([9]2,4,4)([10]9,1,6)([11]0,10,4)([12]7,11,5)([13]12,2,4)([14]1,8,7)([15]14,4,1)([16]5,11,6)([17]16,4,2)([18]6,4,0)([19]17,2,5)([20]1,5,4)([21]3,12,7)([22]8,18,7)([23]1,4,4)([24]12,22,7)([25]16,15,5)([26]3,17,0)([27]24,21,2)([28]13,12,0)([29]10,21,3)([30]20,20,2)([31]27,15,6)([32]22,31,4)([33]18,13,7)([34]23,27,2)([35]28,5,5)([36]1,0,5)([37]20,14,0)([38]15,20,7)([39]16,14,4)([40]19,35,5)([41]25,7,4)([42]7,25,3)([43]26,33,4)([44]24,36,6)([45]17,39,1)([46]37,36,1)([47]22,40,7)([48]21,35,2)([49]21,23,7)([50]34,2,6)([51]24,24,7)([52]11,48,6)([53]41,50,3)([54]22,44,6)([55]47,44,6)([56]14,22,5)([57]12,20,6)([58]28,31,6)([59]53,27,5)([60]59,18,7)([61]47,19,1)([62]50,38,3)([63]56,38,0)([64]53,63,4)([65]35,58,7)([66]3,36,3)([67]66,64,2)([68]55,67,6)([69]30,49,5)([70]18,25,1)([71]16,19,7)([72]69,58,6)([73]65,37,2)([74]72,36,2)([75]22,72,1)([76]27,40,2)([77]32,0,5)([78]5,9,2)([79]62,47,2)([80]31,62,7)([81]3,68,3)([82]68,74,3)([83]70,62,3)([84]46,13,2)([85]14,7,7)([86]79,66,0)(82)
optimized area: 124.14
time: 632711 ms
seed: 1635279959
{7,1,80,1,2,1,8}([7]1,5,3)([8]7,5,0)([9]2,5,7)([10]9,6,6)([11]4,3,6)([12]2,7,7)([13]9,11,4)([14]13,5,2)([15]0,12,3)([16]9,0,7)([17]3,13,4)([18]4,15,2)([19]2,13,7)([20]13,5,6)([21]6,3,7)([22]16,17,5)([23]18,11,7)([24]14,18,4)([25]16,20,7)([26]6,7,2)([27]15,10,7)([28]7,4,5)([29]2,21,6)([30]5,27,2)([31]24,5,4)([32]21,24,7)([33]30,15,3)([34]17,30,4)([35]15,19,5)([36]28,30,6)([37]5,9,6)([38]1,22,4)([39]9,33,4)([40]26,25,2)([41]31,25,0)([42]21,40,7)([43]17,11,6)([44]34,28,3)([45]30,1,5)([46]38,44,7)([47]43,29,5)([48]46,31,1)([49]48,39,2)([50]41,41,2)([51]42,42,0)([52]50,47,4)([53]22,45,6)([54]35,36,7)([55]49,42,2)([56]37,42,7)([57]42,32,5)([58]5,32,2)([59]20,49,0)([60]35,30,4)([61]52,33,7)([62]52,46,3)([63]55,56,3)([64]62,57,4)([65]63,54,7)([66]61,28,5)([67]3,39,0)([68]12,40,2)([69]5,60,6)([70]69,54,6)([71]59,62,1)([72]65,70,2)([73]61,58,7)([74]72,64,6)([75]4,19,1)([76]45,29,0)([77]12,38,6)([78]68,40,2)([79]69,76,4)([80]65,11,4)([81]16,53,5)([82]69,54,6)([83]47,32,7)([84]83,20,0)([85]70,16,2)([86]59,70,1)(74)
evaluations: 15621527
first invidual area: 174.78
{7,1,80,1,2,1,8}([7]5,1,3)([8]4,3,6)([9]5,2,7)([10]7,6,0)([11]0,4,0)([12]2,1,2)([13]9,8,4)([14]5,13,5)([15]11,12,3)([16]9,11,7)([17]13,3,4)([18]4,15,5)([19]14,4,4)([20]2,13,7)([21]6,3,7)([22]6,18,5)([23]5,13,3)([24]14,18,4)([25]23,16,4)([26]10,25,2)([27]26,6,5)([28]4,10,5)([29]17,21,6)([30]22,17,2)([31]24,5,7)([32]24,21,7)([33]15,20,5)([34]7,28,7)([35]16,17,5)([36]12,8,6)([37]30,10,0)([38]1,35,7)([39]33,28,7)([40]4,10,6)([41]9,5,6)([42]21,27,4)([43]29,36,5)([44]30,28,6)([45]36,42,4)([46]38,44,7)([47]41,21,4)([48]1,16,5)([49]37,34,4)([50]20,41,7)([51]14,46,4)([52]43,31,7)([53]42,32,5)([54]48,42,2)([55]54,31,2)([56]9,55,4)([57]42,41,7)([58]52,44,5)([59]19,24,5)([60]14,43,2)([61]14,24,4)([62]46,52,6)([63]55,57,6)([64]13,52,7)([65]6,48,2)([66]35,65,6)([67]40,62,6)([68]59,1,1)([69]62,53,7)([70]43,57,3)([71]50,61,6)([72]63,39,2)([73]47,50,6)([74]72,18,4)([75]1,47,6)([76]32,0,6)([77]72,69,6)([78]37,14,0)([79]35,3,3)([80]64,48,5)([81]4,6,7)([82]64,37,2)([83]53,58,0)([84]63,49,5)([85]64,44,6)([86]23,33,7)(77)
optimized area: 138.21
time: 1229451 ms
seed: 1635437315
{7,1,80,1,2,1,8}([7]2,3,7)([8]5,3,5)([9]5,1,2)([10]7,0,5)([11]9,4,6)([12]8,4,7)([13]0,4,1)([14]0,5,7)([15]6,2,5)([16]14,6,7)([17]9,3,4)([18]11,13,6)([19]8,8,3)([20]13,1,6)([21]19,2,7)([22]0,14,6)([23]2,17,5)([24]23,5,5)([25]23,0,3)([26]12,2,5)([27]3,14,7)([28]16,11,7)([29]28,20,4)([30]12,11,2)([31]26,27,4)([32]4,6,4)([33]1,24,4)([34]2,30,4)([35]28,32,2)([36]33,21,5)([37]18,31,3)([38]10,33,2)([39]25,6,1)([40]33,37,4)([41]38,29,6)([42]35,17,7)([43]14,38,5)([44]16,1,5)([45]43,42,4)([46]16,37,4)([47]15,31,2)([48]9,7,4)([49]41,46,6)([50]16,35,0)([51]0,32,3)([52]22,28,6)([53]52,47,3)([54]34,45,5)([55]53,20,0)([56]36,53,4)([57]32,34,7)([58]5,45,1)([59]52,54,5)([60]4,56,5)([61]16,18,2)([62]5,61,5)([63]35,31,0)([64]54,49,7)([65]9,41,1)([66]33,9,0)([67]37,40,2)([68]49,9,0)([69]60,40,6)([70]65,55,1)([71]60,30,5)([72]69,49,4)([73]55,52,3)([74]17,49,0)([75]63,26,1)([76]36,63,6)([77]41,42,2)([78]47,71,7)([79]50,50,7)([80]37,58,7)([81]58,68,3)([82]9,29,4)([83]64,72,6)([84]10,38,7)([85]50,63,0)([86]50,79,6)(83)
evaluations: 6282028
first invidual area: 151.34
{7,1,80,1,2,1,8}([7]2,3,7)([8]3,5,5)([9]1,5,2)([10]0,7,5)([11]4,9,6)([12]8,4,7)([13]0,2,1)([14]0,5,7)([15]12,11,5)([16]14,6,7)([17]3,9,4)([18]13,1,6)([19]2,17,5)([20]14,13,0)([21]2,12,7)([22]2,12,5)([23]18,14,3)([24]19,5,5)([25]13,11,6)([26]2,18,1)([27]3,22,7)([28]16,11,7)([29]28,18,4)([30]27,25,6)([31]27,14,4)([32]4,6,4)([33]1,24,4)([34]15,2,7)([35]28,32,5)([36]6,11,4)([37]25,31,3)([38]33,10,2)([39]33,21,5)([40]36,11,6)([41]40,25,3)([42]35,17,4)([43]38,14,5)([44]38,29,6)([45]43,42,5)([46]16,37,4)([47]26,31,2)([48]35,30,5)([49]44,46,3)([50]24,5,5)([51]33,37,4)([52]30,28,6)([53]52,47,3)([54]45,34,5)([55]22,29,5)([56]30,52,1)([57]1,18,2)([58]36,15,3)([59]39,53,4)([60]4,59,5)([61]25,13,7)([62]0,32,6)([63]31,3,1)([64]54,49,7)([65]44,29,6)([66]30,3,1)([67]55,19,5)([68]50,31,2)([69]60,51,6)([70]9,49,6)([71]34,46,1)([72]69,49,4)([73]37,47,3)([74]25,9,2)([75]28,64,1)([76]43,12,0)([77]66,39,5)([78]43,58,0)([79]67,50,2)([80]44,35,4)([81]41,38,5)([82]22,53,5)([83]72,64,2)([84]31,76,0)([85]12,16,4)([86]61,75,6)(83)
optimized area: 147.11
time: 1360214 ms
seed: 1635544550
NOT FOUND
time: 1005390 ms
seed: 1635601607
NOT FOUND
time: 1075058 ms
seed: 1635649274
{7,1,80,1,2,1,8}([7]5,0,5)([8]7,3,5)([9]7,1,6)([10]3,6,5)([11]1,4,7)([12]7,1,0)([13]7,11,7)([14]2,7,3)([15]3,12,2)([16]13,5,3)([17]2,0,6)([18]4,7,2)([19]11,18,3)([20]9,17,7)([21]20,11,6)([22]3,18,6)([23]2,22,5)([24]21,15,7)([25]23,19,4)([26]1,10,7)([27]16,0,4)([28]14,26,4)([29]15,6,4)([30]22,10,4)([31]27,21,3)([32]25,29,6)([33]24,32,5)([34]33,5,7)([35]32,31,6)([36]9,34,2)([37]18,15,2)([38]5,28,7)([39]2,35,4)([40]30,28,7)([41]35,36,2)([42]23,39,3)([43]6,15,7)([44]22,4,4)([45]6,18,6)([46]26,44,3)([47]14,19,2)([48]34,22,3)([49]14,39,3)([50]39,29,7)([51]38,36,7)([52]24,24,5)([53]42,52,7)([54]45,48,7)([55]34,46,4)([56]54,41,3)([57]38,2,5)([58]3,18,5)([59]13,34,0)([60]8,38,1)([61]58,50,1)([62]20,38,6)([63]58,55,2)([64]57,58,5)([65]59,49,7)([66]7,32,5)([67]7,35,2)([68]56,50,2)([69]53,51,6)([70]56,42,5)([71]54,19,4)([72]68,69,3)([73]67,66,3)([74]22,63,2)([75]35,65,3)([76]62,74,7)([77]8,68,2)([78]34,58,4)([79]34,43,3)([80]60,35,3)([81]76,55,3)([82]50,75,0)([83]75,59,5)([84]31,65,4)([85]49,57,6)([86]57,59,1)(72)
evaluations: 26398358
first invidual area: 133.53
{7,1,80,1,2,1,8}([7]0,5,5)([8]0,2,6)([9]1,7,6)([10]2,8,3)([11]1,4,7)([12]10,5,5)([13]9,9,7)([14]6,3,5)([15]7,3,2)([16]13,10,2)([17]11,4,6)([18]4,7,2)([19]5,12,4)([20]8,9,6)([21]20,11,6)([22]18,3,6)([23]2,22,5)([24]15,21,7)([25]23,17,7)([26]1,14,5)([27]11,5,3)([28]6,17,6)([29]6,15,4)([30]0,27,4)([31]4,17,3)([32]25,29,6)([33]24,28,5)([34]32,30,3)([35]21,34,3)([36]19,19,4)([37]26,6,5)([38]30,24,5)([39]29,35,7)([40]10,15,6)([41]29,1,4)([42]18,22,3)([43]24,7,6)([44]26,12,4)([45]6,18,6)([46]33,5,7)([47]8,40,4)([48]46,22,3)([49]41,35,3)([50]39,2,7)([51]18,14,7)([52]9,6,2)([53]23,35,6)([54]45,48,7)([55]0,46,2)([56]38,54,2)([57]48,11,3)([58]18,4,0)([59]50,8,0)([60]24,0,1)([61]28,30,7)([62]52,44,6)([63]53,46,1)([64]0,56,6)([65]60,53,3)([66]50,62,7)([67]65,62,6)([68]54,59,2)([69]6,18,3)([70]66,36,3)([71]9,35,3)([72]68,67,3)([73]16,22,4)([74]73,42,4)([75]59,11,0)([76]39,20,7)([77]68,56,3)([78]14,0,7)([79]29,20,0)([80]67,29,3)([81]56,13,0)([82]33,14,3)([83]70,71,2)([84]71,71,1)([85]71,23,2)([86]24,57,2)(72)
optimized area: 113.34
time: 1229594 ms
seed: 1635696991
{7,1,80,1,2,1,8}([7]4,0,2)([8]6,3,4)([9]1,4,4)([10]0,3,2)([11]5,7,4)([12]2,2,2)([13]12,3,2)([14]12,8,6)([15]5,1,7)([16]10,9,4)([17]6,6,2)([18]14,10,6)([19]0,13,7)([20]14,10,7)([21]19,15,3)([22]10,15,7)([23]22,8,7)([24]22,1,0)([25]3,5,5)([26]18,25,4)([27]4,12,4)([28]19,2,7)([29]2,16,4)([30]12,4,5)([31]25,21,5)([32]13,24,4)([33]7,20,7)([34]4,21,4)([35]27,23,2)([36]11,26,4)([37]0,15,7)([38]20,37,2)([39]10,32,5)([40]26,34,4)([41]36,1,5)([42]7,2,7)([43]31,21,7)([44]22,33,6)([45]32,11,2)([46]15,34,2)([47]33,45,6)([48]14,32,5)([49]20,40,3)([50]11,24,4)([51]34,22,5)([52]27,45,5)([53]26,44,6)([54]6,51,2)([55]52,7,7)([56]34,33,5)([57]0,33,2)([58]6,29,5)([59]46,27,7)([60]2,38,7)([61]35,58,7)([62]14,32,6)([63]53,7,2)([64]27,22,3)([65]47,54,1)([66]25,47,1)([67]55,39,5)([68]61,38,5)([69]39,19,7)([70]67,68,5)([71]36,54,7)([72]44,25,2)([73]11,29,3)([74]21,70,4)([75]57,51,3)([76]53,64,2)([77]76,4,1)([78]66,55,4)([79]28,24,5)([80]47,22,7)([81]49,3,7)([82]71,70,2)([83]82,77,7)([84]18,28,2)([85]83,14,4)([86]32,49,2)(85)
evaluations: 5022833
first invidual area: 154.64
{7,1,80,1,2,1,8}([7]0,4,2)([8]6,3,4)([9]0,3,2)([10]1,5,7)([11]5,7,4)([12]4,0,7)([13]2,3,2)([14]2,8,6)([15]14,9,6)([16]11,9,4)([17]13,12,4)([18]11,8,0)([19]3,5,5)([20]15,5,2)([21]14,0,3)([22]9,10,7)([23]19,21,3)([24]6,1,5)([25]4,24,6)([26]19,15,4)([27]2,4,4)([28]22,25,0)([29]4,17,2)([30]22,27,6)([31]27,11,2)([32]13,28,4)([33]29,8,0)([34]21,9,1)([35]32,14,0)([36]12,7,6)([37]0,28,4)([38]8,24,4)([39]35,9,5)([40]22,9,3)([41]11,34,7)([42]28,14,3)([43]17,30,6)([44]22,26,3)([45]31,35,5)([46]26,18,4)([47]0,29,0)([48]16,17,0)([49]30,26,6)([50]19,42,1)([51]28,17,5)([52]7,45,7)([53]5,36,7)([54]39,52,5)([55]11,43,4)([56]9,54,7)([57]56,42,3)([58]6,51,5)([59]43,57,7)([60]27,51,5)([61]21,11,7)([62]0,49,0)([63]17,22,2)([64]15,37,2)([65]60,24,4)([66]57,49,5)([67]8,27,7)([68]65,64,5)([69]4,60,1)([70]12,60,3)([71]46,58,4)([72]66,55,2)([73]54,68,5)([74]9,42,5)([75]67,17,4)([76]43,34,0)([77]1,76,4)([78]20,69,2)([79]70,11,6)([80]22,47,2)([81]33,35,6)([82]71,73,5)([83]66,82,7)([84]14,83,7)([85]68,8,7)([86]39,83,7)(84)
optimized area: 127.91
time: 1287432 ms
seed: 1635744336
{7,1,80,1,2,1,8}([7]4,2,7)([8]3,0,4)([9]2,5,4)([10]8,9,2)([11]7,8,3)([12]0,7,7)([13]0,6,7)([14]11,4,7)([15]11,1,4)([16]2,14,5)([17]7,6,3)([18]16,6,4)([19]18,13,3)([20]8,17,4)([21]10,18,7)([22]3,2,0)([23]9,4,7)([24]19,19,2)([25]19,1,2)([26]21,6,5)([27]25,23,3)([28]24,11,4)([29]3,23,4)([30]2,22,3)([31]20,15,5)([32]25,30,6)([33]0,6,6)([34]30,27,2)([35]2,26,2)([36]7,1,4)([37]1,26,2)([38]26,32,7)([39]16,21,5)([40]12,37,3)([41]31,19,7)([42]39,10,5)([43]31,29,6)([44]6,19,6)([45]44,2,4)([46]3,22,0)([47]12,1,4)([48]29,5,1)([49]22,20,2)([50]8,25,7)([51]36,44,5)([52]15,43,5)([53]10,17,6)([54]40,14,2)([55]21,36,3)([56]49,51,7)([57]43,37,7)([58]41,50,6)([59]33,35,6)([60]37,13,2)([61]5,34,2)([62]38,61,4)([63]14,41,6)([64]40,52,5)([65]28,12,7)([66]57,56,3)([67]8,27,6)([68]62,9,2)([69]21,40,7)([70]64,17,7)([71]22,49,3)([72]41,1,0)([73]28,57,4)([74]25,36,0)([75]62,66,7)([76]15,29,5)([77]74,9,5)([78]75,1,2)([79]11,75,2)([80]63,29,7)([81]32,56,4)([82]70,68,2)([83]59,61,6)([84]75,82,4)([85]81,6,4)([86]61,28,2)(84)
evaluations: 47851831
first invidual area: 147.14
{7,1,80,1,2,1,8}([7]4,2,7)([8]3,0,4)([9]2,5,4)([10]8,9,2)([11]7,8,3)([12]0,7,7)([13]0,6,7)([14]11,7,7)([15]11,1,4)([16]2,14,5)([17]7,6,3)([18]16,6,4)([19]18,13,3)([20]8,17,4)([21]10,18,7)([22]5,10,7)([23]9,4,7)([24]17,7,6)([25]19,1,2)([26]21,6,5)([27]25,23,3)([28]21,5,5)([29]3,23,4)([30]2,3,3)([31]20,15,5)([32]25,30,6)([33]0,29,3)([34]30,27,2)([35]22,6,2)([36]35,1,0)([37]1,26,2)([38]26,32,7)([39]27,5,6)([40]12,37,3)([41]1,26,6)([42]37,33,1)([43]31,29,6)([44]32,19,6)([45]39,44,5)([46]9,29,3)([47]8,12,5)([48]10,3,1)([49]3,20,2)([50]44,27,2)([51]15,44,5)([52]43,7,1)([53]42,11,4)([54]48,18,0)([55]53,28,1)([56]49,51,7)([57]43,37,7)([58]18,26,7)([59]6,57,5)([60]43,1,3)([61]5,34,2)([62]38,61,4)([63]15,1,0)([64]40,52,5)([65]61,29,6)([66]57,56,6)([67]19,42,7)([68]62,9,2)([69]14,62,5)([70]64,17,7)([71]65,40,6)([72]63,2,4)([73]44,54,6)([74]62,29,2)([75]62,66,7)([76]16,8,4)([77]17,27,7)([78]77,33,3)([79]75,62,7)([80]44,25,4)([81]18,15,1)([82]70,68,2)([83]21,17,2)([84]75,82,7)([85]21,46,4)([86]47,44,5)(84)
optimized area: 141.98
time: 1062440 ms
seed: 1635791346
NOT FOUND
time: 1041999 ms
