seed: 1634032856
NOT FOUND
time: 523994 ms
seed: 1634243302
NOT FOUND
time: 530062 ms
seed: 1634380804
{7,1,80,1,2,1,8}([7]2,4,4)([8]1,0,6)([9]3,8,4)([10]0,2,5)([11]9,10,2)([12]2,8,6)([13]6,11,4)([14]6,4,7)([15]14,7,2)([16]13,1,5)([17]14,13,3)([18]17,5,2)([19]5,4,4)([20]1,18,3)([21]3,18,2)([22]7,12,2)([23]2,19,3)([24]17,9,4)([25]16,4,2)([26]6,22,4)([27]26,24,2)([28]25,13,0)([29]5,26,4)([30]20,27,6)([31]28,6,7)([32]7,17,0)([33]30,8,1)([34]2,15,3)([35]34,16,7)([36]7,14,6)([37]33,15,4)([38]29,28,3)([39]17,36,7)([40]38,22,2)([41]3,38,5)([42]22,18,5)([43]25,29,1)([44]42,13,2)([45]19,1,2)([46]38,5,7)([47]41,37,4)([48]40,11,1)([49]8,28,5)([50]37,42,3)([51]45,0,7)([52]12,30,2)([53]41,10,5)([54]23,39,7)([55]41,8,6)([56]51,53,4)([57]56,39,5)([58]3,52,2)([59]54,51,7)([60]46,57,3)([61]30,28,6)([62]42,59,5)([63]39,58,4)([64]63,4,3)([65]53,63,7)([66]62,56,2)([67]45,2,6)([68]55,14,3)([69]47,25,4)([70]27,19,7)([71]3,63,5)([72]37,4,1)([73]8,42,7)([74]45,16,6)([75]35,68,4)([76]66,47,6)([77]4,75,5)([78]72,3,3)([79]55,34,1)([80]59,21,4)([81]56,52,6)([82]56,6,7)([83]21,55,7)([84]24,11,3)([85]12,25,0)([86]76,64,7)(86)
evaluations: 32492344
first invidual area: 139.15
{7,1,80,1,2,1,8}([7]4,2,4)([8]1,0,6)([9]3,8,4)([10]0,2,5)([11]10,9,5)([12]2,8,6)([13]11,6,7)([14]4,6,7)([15]0,2,6)([16]13,1,5)([17]14,13,3)([18]5,17,2)([19]5,4,4)([20]18,1,3)([21]4,16,2)([22]4,12,2)([23]3,4,0)([24]13,9,4)([25]13,19,1)([26]6,22,4)([27]24,26,2)([28]21,5,6)([29]0,6,7)([30]20,27,6)([31]5,26,4)([32]22,11,6)([33]4,5,3)([34]12,30,2)([35]2,19,6)([36]7,14,3)([37]7,14,5)([38]31,21,3)([39]17,36,4)([40]24,38,2)([41]23,38,5)([42]41,37,7)([43]34,3,2)([44]7,18,0)([45]34,27,7)([46]30,42,7)([47]28,17,4)([48]21,19,4)([49]1,19,5)([50]18,11,6)([51]49,0,4)([52]28,40,0)([53]10,41,5)([54]35,39,7)([55]22,18,5)([56]51,53,4)([57]31,41,1)([58]23,15,5)([59]54,51,5)([60]12,0,3)([61]53,30,3)([62]55,59,5)([63]39,43,3)([64]63,4,6)([65]16,63,6)([66]62,56,2)([67]32,17,1)([68]30,4,0)([69]56,59,6)([70]68,42,4)([71]26,49,2)([72]20,68,0)([73]65,15,6)([74]20,40,0)([75]74,62,4)([76]66,46,6)([77]48,41,5)([78]38,76,2)([79]45,39,1)([80]60,62,4)([81]22,61,4)([82]11,0,4)([83]40,57,6)([84]47,1,4)([85]65,71,4)([86]76,64,4)(86)
optimized area: 131.17
time: 596566 ms
seed: 1634429820
{7,1,80,1,2,1,8}([7]0,5,4)([8]3,7,3)([9]1,0,4)([10]0,2,6)([11]9,4,7)([12]9,6,2)([13]2,0,7)([14]11,7,5)([15]13,14,5)([16]15,11,6)([17]14,13,3)([18]1,17,7)([19]6,9,4)([20]18,11,6)([21]19,8,7)([22]12,3,6)([23]0,19,5)([24]19,17,3)([25]22,23,5)([26]4,3,4)([27]20,22,4)([28]20,5,0)([29]27,16,2)([30]5,29,3)([31]25,15,5)([32]27,26,3)([33]21,18,6)([34]20,3,4)([35]19,20,5)([36]12,31,7)([37]7,2,2)([38]36,34,4)([39]35,14,3)([40]24,12,6)([41]1,10,4)([42]2,7,5)([43]9,37,4)([44]30,18,7)([45]30,9,5)([46]35,33,5)([47]38,46,2)([48]26,30,0)([49]34,37,4)([50]19,44,4)([51]41,26,6)([52]45,47,4)([53]24,40,4)([54]30,7,4)([55]50,48,6)([56]3,26,1)([57]11,33,7)([58]30,28,7)([59]24,55,4)([60]53,40,7)([61]6,12,4)([62]34,30,2)([63]7,39,3)([64]22,58,7)([65]4,13,3)([66]63,60,5)([67]51,59,6)([68]36,44,3)([69]15,20,0)([70]30,18,5)([71]44,64,4)([72]26,25,1)([73]53,61,6)([74]67,68,5)([75]20,5,4)([76]51,6,4)([77]66,26,3)([78]58,66,3)([79]70,17,4)([80]1,47,2)([81]79,19,6)([82]52,74,7)([83]46,76,7)([84]47,26,7)([85]53,39,5)([86]11,64,2)(82)
evaluations: 12477403
first invidual area: 138.69
{7,1,80,1,2,1,8}([7]5,0,4)([8]7,3,3)([9]1,0,4)([10]0,2,6)([11]4,9,7)([12]6,9,2)([13]2,0,7)([14]11,7,5)([15]13,14,5)([16]3,12,1)([17]14,13,3)([18]1,17,7)([19]9,6,4)([20]11,1,6)([21]8,19,7)([22]3,12,6)([23]0,19,5)([24]15,11,6)([25]22,23,5)([26]4,22,7)([27]1,10,4)([28]22,20,4)([29]28,24,2)([30]5,29,3)([31]15,25,5)([32]21,18,6)([33]18,6,7)([34]20,3,4)([35]17,21,3)([36]12,31,7)([37]27,9,2)([38]36,34,4)([39]26,27,6)([40]30,9,5)([41]3,10,5)([42]19,20,5)([43]24,19,3)([44]30,18,7)([45]25,41,3)([46]42,32,5)([47]38,46,5)([48]38,39,2)([49]44,47,6)([50]19,44,4)([51]42,21,3)([52]47,40,4)([53]24,37,4)([54]47,10,5)([55]26,50,3)([56]29,1,1)([57]14,3,5)([58]13,34,5)([59]55,35,2)([60]3,37,2)([61]29,53,5)([62]57,50,4)([63]1,53,6)([64]36,24,5)([65]17,16,6)([66]25,7,6)([67]60,63,5)([68]36,44,3)([69]39,59,6)([70]5,68,7)([71]68,33,6)([72]12,49,7)([73]37,33,3)([74]69,68,5)([75]58,68,6)([76]62,20,2)([77]10,13,1)([78]34,61,7)([79]73,34,5)([80]57,27,3)([81]16,69,3)([82]37,62,4)([83]71,53,5)([84]65,82,2)([85]74,52,4)([86]35,11,0)(85)
optimized area: 135.87
time: 709586 ms
seed: 1634638119
NOT FOUND
time: 530038 ms
seed: 1635165112
{7,1,80,1,2,1,8}([7]6,1,2)([8]6,4,4)([9]2,4,4)([10]9,3,3)([11]8,5,4)([12]3,0,4)([13]4,7,6)([14]3,7,1)([15]4,14,3)([16]5,13,3)([17]0,8,4)([18]14,9,4)([19]1,13,7)([20]1,6,6)([21]15,12,2)([22]20,1,7)([23]19,10,6)([24]16,11,4)([25]23,24,7)([26]15,25,0)([27]25,26,6)([28]9,27,7)([29]3,4,0)([30]28,5,7)([31]8,21,4)([32]16,7,1)([33]14,31,6)([34]11,18,1)([35]25,6,3)([36]19,28,0)([37]23,12,7)([38]37,6,6)([39]21,30,2)([40]34,19,4)([41]17,39,5)([42]39,31,4)([43]20,26,0)([44]7,41,3)([45]34,11,7)([46]22,11,0)([47]21,45,0)([48]28,38,7)([49]18,22,5)([50]18,17,6)([51]50,7,4)([52]26,10,4)([53]50,52,2)([54]49,9,5)([55]34,38,3)([56]34,19,7)([57]13,49,4)([58]40,50,6)([59]19,33,7)([60]47,58,6)([61]3,39,6)([62]44,48,5)([63]12,36,5)([64]60,4,3)([65]49,17,7)([66]4,17,6)([67]1,35,3)([68]32,35,5)([69]14,20,3)([70]33,25,7)([71]61,20,7)([72]18,40,6)([73]19,47,7)([74]13,19,4)([75]11,18,4)([76]37,28,6)([77]60,57,5)([78]64,20,2)([79]67,62,5)([80]79,0,4)([81]33,27,2)([82]7,69,3)([83]62,65,1)([84]80,77,7)([85]49,67,1)([86]11,3,3)(84)
evaluations: 16022670
first invidual area: 136.35
{7,1,80,1,2,1,8}([7]1,6,2)([8]4,1,0)([9]8,2,4)([10]5,6,4)([11]8,0,4)([12]3,0,4)([13]7,4,6)([14]3,0,1)([15]8,14,3)([16]10,13,5)([17]6,11,4)([18]14,9,4)([19]13,1,7)([20]19,3,3)([21]12,15,2)([22]10,8,7)([23]20,9,6)([24]16,19,3)([25]23,16,7)([26]19,22,4)([27]15,25,3)([28]27,9,7)([29]26,9,5)([30]21,21,3)([31]18,0,1)([32]12,23,7)([33]13,19,5)([34]2,9,2)([35]1,31,6)([36]35,6,5)([37]13,25,1)([38]13,14,7)([39]19,1,2)([40]32,6,3)([41]10,30,2)([42]2,19,4)([43]17,41,5)([44]32,21,6)([45]17,1,3)([46]28,32,5)([47]36,36,3)([48]28,40,7)([49]31,24,1)([50]17,18,6)([51]1,50,3)([52]19,7,3)([53]6,32,0)([54]15,7,1)([55]34,48,4)([56]52,4,2)([57]47,13,4)([58]26,50,6)([59]53,25,3)([60]30,58,6)([61]7,11,2)([62]14,18,2)([63]40,52,3)([64]47,40,1)([65]43,7,3)([66]48,65,5)([67]1,59,3)([68]19,0,5)([69]34,60,7)([70]29,24,6)([71]41,8,4)([72]38,5,4)([73]4,18,2)([74]23,36,1)([75]74,15,0)([76]22,52,4)([77]57,60,5)([78]41,26,3)([79]67,66,5)([80]79,0,7)([81]3,7,2)([82]77,23,2)([83]61,45,7)([84]80,77,4)([85]32,29,7)([86]21,16,3)(84)
optimized area: 126.50
time: 617856 ms
seed: 1635214312
NOT FOUND
time: 527845 ms
seed: 1635644652
NOT FOUND
time: 1071218 ms
seed: 1635692414
{7,1,80,1,2,1,8}([7]0,4,6)([8]5,2,3)([9]0,4,7)([10]1,6,1)([11]1,3,4)([12]6,2,4)([13]11,8,6)([14]13,9,6)([15]10,4,2)([16]14,12,7)([17]12,8,4)([18]2,17,7)([19]17,3,3)([20]13,1,4)([21]19,5,7)([22]11,7,5)([23]11,12,2)([24]11,17,4)([25]14,23,4)([26]20,11,6)([27]16,26,3)([28]17,15,6)([29]27,14,2)([30]7,29,6)([31]2,19,7)([32]21,27,2)([33]24,30,5)([34]18,33,2)([35]34,20,4)([36]6,25,5)([37]9,3,0)([38]18,0,7)([39]25,2,4)([40]35,38,4)([41]22,20,7)([42]2,7,5)([43]41,32,7)([44]36,19,5)([45]6,16,2)([46]6,24,4)([47]40,43,6)([48]28,44,4)([49]39,33,2)([50]21,48,5)([51]21,41,2)([52]13,10,7)([53]14,44,4)([54]46,14,7)([55]13,30,4)([56]1,42,4)([57]48,47,7)([58]15,35,1)([59]1,54,3)([60]17,31,6)([61]56,47,5)([62]36,40,5)([63]43,20,6)([64]19,41,4)([65]12,27,3)([66]62,54,6)([67]11,41,6)([68]66,57,3)([69]18,43,2)([70]44,51,1)([71]20,8,5)([72]11,54,4)([73]64,71,1)([74]27,48,6)([75]68,50,2)([76]20,11,3)([77]21,40,0)([78]69,23,2)([79]64,66,2)([80]75,30,7)([81]65,14,1)([82]1,18,1)([83]22,64,3)([84]47,56,5)([85]77,28,1)([86]79,69,7)(75)
evaluations: 33817251
first invidual area: 143.85
{7,1,80,1,2,1,8}([7]0,4,6)([8]5,2,3)([9]0,4,7)([10]1,9,1)([11]3,10,7)([12]6,2,4)([13]8,11,6)([14]9,13,6)([15]10,4,2)([16]12,9,4)([17]8,12,4)([18]12,11,5)([19]17,3,3)([20]13,1,4)([21]5,19,7)([22]11,7,5)([23]6,13,0)([24]17,11,5)([25]14,18,7)([26]1,11,6)([27]16,26,3)([28]17,15,6)([29]12,27,2)([30]29,7,6)([31]23,8,4)([32]27,21,5)([33]24,30,5)([34]33,31,3)([35]0,20,7)([36]6,25,5)([37]18,22,1)([38]15,1,1)([39]33,22,0)([40]35,34,7)([41]22,20,5)([42]6,13,3)([43]32,41,7)([44]36,19,5)([45]40,43,3)([46]0,26,5)([47]12,10,3)([48]28,44,4)([49]19,10,2)([50]19,36,2)([51]8,19,4)([52]48,21,5)([53]17,5,0)([54]34,33,5)([55]3,3,7)([56]39,35,5)([57]48,45,4)([58]50,41,1)([59]47,48,3)([60]25,59,2)([61]38,56,0)([62]3,1,7)([63]59,10,2)([64]43,15,7)([65]36,53,2)([66]56,42,6)([67]19,65,4)([68]66,57,3)([69]35,35,1)([70]44,33,0)([71]52,61,5)([72]70,20,5)([73]18,43,1)([74]8,72,5)([75]68,52,2)([76]70,8,5)([77]4,12,3)([78]27,56,3)([79]53,59,3)([80]68,58,7)([81]36,25,5)([82]33,61,3)([83]18,68,3)([84]0,13,6)([85]80,45,6)([86]43,34,0)(75)
optimized area: 125.54
time: 1188752 ms
seed: 1635740326
NOT FOUND
time: 1074414 ms
seed: 1635787564
NOT FOUND
time: 1072160 ms
seed: 1635834454
NOT FOUND
time: 1052208 ms
seed: 1635877547
{7,1,80,1,2,1,8}([7]4,4,1)([8]0,5,5)([9]5,0,5)([10]8,3,5)([11]6,4,5)([12]6,10,5)([13]1,4,6)([14]3,13,4)([15]0,5,6)([16]1,13,2)([17]6,4,6)([18]10,6,4)([19]2,14,4)([20]7,16,3)([21]10,13,3)([22]19,12,2)([23]5,2,7)([24]1,21,6)([25]15,22,6)([26]11,15,3)([27]18,23,4)([28]15,7,0)([29]7,19,4)([30]6,12,6)([31]27,7,3)([32]13,2,4)([33]14,18,2)([34]27,26,7)([35]0,21,5)([36]31,1,5)([37]0,0,1)([38]31,24,4)([39]33,25,6)([40]8,3,4)([41]0,39,4)([42]17,24,6)([43]3,30,2)([44]38,25,6)([45]42,30,4)([46]1,35,7)([47]32,44,4)([48]1,9,6)([49]36,8,4)([50]29,49,2)([51]28,4,0)([52]26,25,3)([53]14,47,6)([54]16,37,3)([55]4,7,3)([56]39,5,5)([57]14,25,1)([58]50,25,5)([59]3,29,5)([60]45,0,4)([61]3,23,2)([62]41,47,5)([63]58,46,4)([64]49,53,7)([65]56,11,4)([66]62,3,6)([67]65,46,3)([68]42,40,6)([69]0,20,6)([70]2,32,4)([71]63,34,6)([72]3,30,0)([73]71,11,7)([74]64,55,6)([75]21,73,5)([76]62,68,3)([77]34,67,5)([78]65,4,3)([79]3,64,1)([80]48,28,6)([81]48,6,1)([82]5,4,7)([83]77,75,2)([84]18,64,3)([85]32,71,2)([86]83,76,7)(86)
evaluations: 45052913
first invidual area: 150.85
{7,1,80,1,2,1,8}([7]4,4,1)([8]5,0,5)([9]1,8,1)([10]3,8,5)([11]6,4,5)([12]6,10,5)([13]1,4,6)([14]3,13,4)([15]0,5,6)([16]7,6,6)([17]6,4,6)([18]10,6,4)([19]2,14,4)([20]11,15,6)([21]13,10,3)([22]19,12,2)([23]5,2,7)([24]1,21,6)([25]15,22,6)([26]5,5,0)([27]18,23,4)([28]2,13,7)([29]7,19,4)([30]25,27,2)([31]27,7,3)([32]6,0,2)([33]14,18,2)([34]27,20,4)([35]21,0,5)([36]27,29,7)([37]28,24,2)([38]25,8,2)([39]33,25,6)([40]8,3,4)([41]0,39,4)([42]17,24,6)([43]11,5,1)([44]31,25,3)([45]36,1,5)([46]1,35,7)([47]28,44,4)([48]43,12,4)([49]9,8,4)([50]29,49,2)([51]30,30,7)([52]1,29,2)([53]48,28,2)([54]5,3,7)([55]38,8,7)([56]39,26,5)([57]56,11,5)([58]50,25,5)([59]27,40,6)([60]0,54,3)([61]31,51,3)([62]41,47,5)([63]58,46,4)([64]38,5,6)([65]50,11,5)([66]11,18,1)([67]57,46,3)([68]42,40,6)([69]0,6,2)([70]49,50,4)([71]63,34,3)([72]4,50,1)([73]71,11,4)([74]40,69,1)([75]21,73,5)([76]62,68,3)([77]34,67,5)([78]75,11,6)([79]70,60,2)([80]73,55,5)([81]68,48,4)([82]16,10,5)([83]77,75,5)([84]34,30,5)([85]78,33,3)([86]83,76,4)(86)
optimized area: 142.40
time: 1098481 ms
seed: 1635919615
NOT FOUND
time: 1066627 ms
seed: 1635955929
NOT FOUND
time: 1084764 ms
seed: 1635991926
{7,1,80,1,2,1,8}([7]5,4,4)([8]0,7,4)([9]1,8,4)([10]9,6,3)([11]2,0,2)([12]7,6,3)([13]11,10,4)([14]13,4,7)([15]8,5,3)([16]1,11,4)([17]1,15,7)([18]6,6,7)([19]5,11,5)([20]11,0,7)([21]2,7,2)([22]17,14,6)([23]15,12,4)([24]16,1,2)([25]6,24,2)([26]25,5,3)([27]16,10,5)([28]22,2,4)([29]25,23,5)([30]26,28,5)([31]19,25,3)([32]19,3,4)([33]6,24,3)([34]21,3,3)([35]30,0,7)([36]9,18,3)([37]34,35,2)([38]12,8,1)([39]3,10,0)([40]15,32,5)([41]4,19,7)([42]2,37,4)([43]26,23,5)([44]38,30,2)([45]34,2,1)([46]17,24,3)([47]37,40,7)([48]45,18,2)([49]9,14,4)([50]42,33,5)([51]34,3,6)([52]47,26,2)([53]43,51,3)([54]39,15,0)([55]9,33,5)([56]23,52,4)([57]28,24,0)([58]43,9,6)([59]49,30,2)([60]59,39,5)([61]30,49,0)([62]60,47,2)([63]20,42,2)([64]14,29,5)([65]51,18,6)([66]38,24,2)([67]58,10,6)([68]9,27,0)([69]64,41,6)([70]53,50,4)([71]70,62,6)([72]15,34,5)([73]63,72,2)([74]73,73,1)([75]25,44,5)([76]56,60,1)([77]70,40,3)([78]7,47,4)([79]52,45,2)([80]6,57,1)([81]58,14,7)([82]65,58,0)([83]64,71,4)([84]74,32,4)([85]3,2,2)([86]20,81,3)(83)
evaluations: 37514727
first invidual area: 129.78
{7,1,80,1,2,1,8}([7]5,4,4)([8]7,0,4)([9]8,1,4)([10]6,9,3)([11]2,0,2)([12]7,2,2)([13]11,4,4)([14]13,10,7)([15]5,8,3)([16]12,13,5)([17]11,8,1)([18]15,1,2)([19]5,11,5)([20]7,6,3)([21]18,14,3)([22]16,12,5)([23]15,20,5)([24]17,1,2)([25]6,24,2)([26]25,5,3)([27]3,2,1)([28]21,2,7)([29]25,23,5)([30]28,26,5)([31]8,10,7)([32]19,3,4)([33]3,30,2)([34]3,12,3)([35]30,0,7)([36]17,8,0)([37]34,35,2)([38]2,37,4)([39]10,26,1)([40]15,32,5)([41]23,26,5)([42]0,27,1)([43]25,22,1)([44]26,40,0)([45]24,6,3)([46]24,28,7)([47]37,40,7)([48]3,46,1)([49]9,14,4)([50]38,45,5)([51]31,18,5)([52]47,39,7)([53]41,48,6)([54]49,51,5)([55]29,14,5)([56]3,23,4)([57]17,43,5)([58]8,31,1)([59]14,0,0)([60]33,49,5)([61]47,24,5)([62]60,47,2)([63]23,36,3)([64]59,29,5)([65]19,26,6)([66]30,10,1)([67]47,63,7)([68]17,15,6)([69]35,4,0)([70]53,50,7)([71]2,30,4)([72]23,0,6)([73]65,0,4)([74]20,57,5)([75]51,17,7)([76]69,12,2)([77]31,59,2)([78]62,70,3)([79]45,14,4)([80]34,56,1)([81]33,23,2)([82]14,74,1)([83]64,78,7)([84]63,19,3)([85]5,34,7)([86]41,24,2)(83)
optimized area: 120.38
time: 1114452 ms
seed: 1636027882
NOT FOUND
time: 1097974 ms
seed: 1636062687
NOT FOUND
time: 1069474 ms
seed: 1636096523
{7,1,80,1,2,1,8}([7]5,3,4)([8]3,0,7)([9]6,0,4)([10]3,4,6)([11]6,2,7)([12]10,2,3)([13]7,4,3)([14]11,13,4)([15]10,1,7)([16]1,0,7)([17]2,9,5)([18]15,2,5)([19]17,12,5)([20]1,16,2)([21]15,7,5)([22]18,6,6)([23]2,5,3)([24]8,4,5)([25]13,12,4)([26]5,14,3)([27]17,4,4)([28]25,18,4)([29]11,27,2)([30]7,19,6)([31]2,23,3)([32]26,10,4)([33]21,10,3)([34]1,0,5)([35]5,3,3)([36]14,30,7)([37]19,28,3)([38]34,7,0)([39]3,21,3)([40]34,36,7)([41]14,23,7)([42]40,22,6)([43]31,16,7)([44]3,9,4)([45]36,2,5)([46]36,5,0)([47]0,39,4)([48]24,43,6)([49]34,14,2)([50]44,28,6)([51]20,47,1)([52]50,18,0)([53]48,50,3)([54]27,9,1)([55]32,49,4)([56]6,6,2)([57]28,48,6)([58]12,12,6)([59]17,38,3)([60]27,16,2)([61]17,7,5)([62]54,45,6)([63]30,53,4)([64]55,60,6)([65]8,38,7)([66]12,64,6)([67]62,53,3)([68]42,16,3)([69]21,63,2)([70]15,21,7)([71]20,69,5)([72]24,68,7)([73]39,64,5)([74]22,4,7)([75]73,63,2)([76]72,75,4)([77]74,32,5)([78]36,30,1)([79]17,61,0)([80]34,38,0)([81]20,77,1)([82]22,58,5)([83]26,32,4)([84]4,54,7)([85]39,62,2)([86]34,40,2)(76)
evaluations: 45272145
first invidual area: 144.32
{7,1,80,1,2,1,8}([7]5,3,4)([8]0,3,7)([9]6,0,4)([10]3,4,6)([11]6,2,7)([12]2,10,3)([13]7,4,3)([14]11,13,4)([15]10,1,7)([16]1,0,7)([17]9,2,5)([18]2,15,5)([19]17,12,5)([20]10,12,5)([21]15,7,5)([22]18,11,6)([23]16,1,5)([24]8,4,5)([25]13,12,4)([26]5,14,6)([27]17,4,4)([28]20,23,4)([29]18,25,4)([30]7,19,6)([31]9,5,3)([32]10,26,7)([33]16,13,0)([34]19,15,7)([35]34,0,4)([36]14,30,7)([37]23,20,6)([38]35,15,4)([39]3,21,3)([40]28,4,7)([41]8,38,7)([42]36,22,6)([43]31,33,2)([44]3,9,4)([45]25,33,1)([46]15,12,4)([47]25,34,0)([48]24,43,6)([49]23,14,5)([50]44,29,6)([51]4,1,1)([52]22,26,4)([53]48,50,3)([54]36,22,6)([55]32,49,7)([56]26,8,0)([57]32,36,2)([58]55,54,3)([59]20,6,3)([60]27,16,2)([61]9,60,4)([62]30,32,2)([63]30,53,4)([64]55,60,6)([65]49,23,4)([66]50,8,5)([67]4,43,0)([68]42,16,6)([69]19,20,5)([70]15,69,1)([71]63,28,0)([72]24,68,7)([73]39,64,5)([74]73,46,0)([75]73,63,5)([76]72,75,4)([77]42,22,5)([78]63,72,1)([79]61,28,4)([80]67,6,7)([81]58,36,7)([82]73,68,1)([83]36,40,3)([84]22,25,0)([85]33,26,0)([86]73,49,6)(76)
optimized area: 134.00
time: 1098247 ms
seed: 1636129686
NOT FOUND
time: 1064926 ms
seed: 1636162280
{7,1,80,1,2,1,8}([7]3,6,5)([8]7,5,4)([9]5,2,6)([10]5,6,6)([11]4,7,2)([12]0,3,7)([13]4,2,2)([14]11,12,2)([15]2,14,3)([16]12,3,1)([17]7,0,7)([18]1,17,5)([19]9,0,0)([20]13,17,2)([21]15,6,6)([22]6,9,6)([23]5,1,7)([24]12,21,4)([25]16,1,4)([26]25,7,0)([27]9,4,7)([28]21,20,4)([29]2,6,4)([30]23,20,6)([31]1,4,4)([32]6,27,0)([33]30,25,4)([34]15,25,4)([35]23,2,0)([36]33,0,2)([37]27,10,6)([38]22,3,6)([39]28,13,1)([40]24,14,3)([41]16,34,4)([42]28,36,5)([43]15,37,4)([44]31,33,2)([45]41,23,6)([46]27,9,0)([47]30,18,2)([48]45,22,7)([49]2,18,3)([50]10,4,5)([51]47,0,4)([52]3,12,0)([53]23,43,5)([54]49,35,1)([55]38,44,5)([56]30,23,6)([57]20,10,3)([58]42,45,1)([59]55,9,7)([60]37,48,3)([61]21,53,6)([62]58,61,3)([63]50,8,5)([64]33,54,4)([65]62,59,4)([66]60,64,6)([67]63,66,5)([68]45,39,3)([69]65,51,4)([70]44,25,4)([71]49,64,6)([72]69,46,2)([73]72,33,3)([74]69,67,7)([75]49,6,3)([76]58,33,0)([77]70,55,2)([78]70,58,3)([79]29,26,2)([80]58,26,2)([81]43,66,3)([82]46,81,4)([83]59,16,2)([84]71,78,1)([85]30,49,1)([86]23,80,4)(74)
evaluations: 25242721
first invidual area: 157.41
{7,1,80,1,2,1,8}([7]3,6,5)([8]5,7,4)([9]2,5,6)([10]5,6,6)([11]4,7,2)([12]3,0,7)([13]2,4,2)([14]11,12,2)([15]2,14,3)([16]1,15,4)([17]7,0,7)([18]17,1,5)([19]16,2,0)([20]17,13,2)([21]6,15,6)([22]9,6,6)([23]1,5,7)([24]23,19,3)([25]1,12,4)([26]0,19,0)([27]9,4,7)([28]21,20,3)([29]22,24,4)([30]20,23,6)([31]1,11,4)([32]23,3,2)([33]25,30,7)([34]4,3,1)([35]18,2,6)([36]0,33,2)([37]10,27,6)([38]4,20,0)([39]0,14,7)([40]11,33,0)([41]3,22,6)([42]28,36,2)([43]15,37,4)([44]31,33,2)([45]14,4,2)([46]37,29,3)([47]30,18,5)([48]9,34,3)([49]40,10,5)([50]44,19,6)([51]47,26,4)([52]44,25,0)([53]28,4,6)([54]21,53,1)([55]41,44,5)([56]23,43,5)([57]4,5,4)([58]21,56,6)([59]55,9,7)([60]19,39,5)([61]32,36,7)([62]42,58,6)([63]49,8,5)([64]33,35,4)([65]62,51,7)([66]46,64,6)([67]66,63,5)([68]22,44,2)([69]65,21,2)([70]7,35,5)([71]65,59,4)([72]19,38,1)([73]20,69,6)([74]71,67,4)([75]19,49,5)([76]60,62,2)([77]67,18,3)([78]63,4,0)([79]62,32,6)([80]33,0,4)([81]72,2,3)([82]10,30,5)([83]69,48,0)([84]63,25,5)([85]38,61,4)([86]10,61,5)(74)
optimized area: 146.17
time: 1236374 ms
seed: 1636194629
{7,1,80,1,2,1,8}([7]3,2,4)([8]4,2,4)([9]1,6,7)([10]3,5,4)([11]9,2,4)([12]9,10,7)([13]12,4,4)([14]9,2,5)([15]0,8,4)([16]7,4,4)([17]10,5,6)([18]11,13,5)([19]18,8,5)([20]6,11,6)([21]15,6,4)([22]19,21,2)([23]13,2,7)([24]16,20,4)([25]15,10,4)([26]21,13,3)([27]15,12,3)([28]25,8,2)([29]27,3,5)([30]11,7,5)([31]25,2,6)([32]9,14,5)([33]23,30,5)([34]15,14,3)([35]31,21,2)([36]30,17,1)([37]8,5,4)([38]33,29,4)([39]10,19,7)([40]22,28,7)([41]28,10,6)([42]40,3,2)([43]23,6,2)([44]12,25,7)([45]21,16,2)([46]9,37,3)([47]24,30,5)([48]26,38,3)([49]1,45,0)([50]49,8,5)([51]38,15,6)([52]42,38,2)([53]39,11,1)([54]20,21,1)([55]33,48,4)([56]15,7,7)([57]52,30,3)([58]52,46,5)([59]23,4,0)([60]29,5,6)([61]35,39,5)([62]59,50,7)([63]59,11,3)([64]50,32,7)([65]42,35,3)([66]5,18,7)([67]29,33,5)([68]65,58,2)([69]52,55,5)([70]27,54,0)([71]6,25,1)([72]47,68,7)([73]51,64,2)([74]48,0,6)([75]14,14,5)([76]49,0,5)([77]18,10,0)([78]21,73,1)([79]26,8,7)([80]73,72,6)([81]42,47,2)([82]74,80,3)([83]31,39,2)([84]70,12,5)([85]34,40,5)([86]71,42,1)(82)
evaluations: 25037518
first invidual area: 145.24
{7,1,80,1,2,1,8}([7]6,1,7)([8]4,2,4)([9]8,1,0)([10]3,5,4)([11]7,2,4)([12]7,10,7)([13]4,12,4)([14]11,6,3)([15]0,8,4)([16]9,3,7)([17]9,12,7)([18]11,2,5)([19]18,9,5)([20]5,0,1)([21]15,6,4)([22]10,16,0)([23]19,21,5)([24]16,14,4)([25]15,10,4)([26]25,2,6)([27]12,15,3)([28]3,7,7)([29]27,3,5)([30]28,11,5)([31]24,30,5)([32]14,23,0)([33]17,30,5)([34]24,5,0)([35]1,8,5)([36]25,8,5)([37]7,24,0)([38]33,29,4)([39]21,0,3)([40]36,23,7)([41]8,8,4)([42]3,40,2)([43]0,7,4)([44]29,22,5)([45]43,42,7)([46]21,24,2)([47]33,6,6)([48]39,38,3)([49]8,35,4)([50]1,49,5)([51]32,25,1)([52]42,44,2)([53]22,11,0)([54]1,4,4)([55]21,26,2)([56]37,34,0)([57]16,54,0)([58]43,19,0)([59]36,30,2)([60]52,38,5)([61]21,10,3)([62]24,50,7)([63]18,11,5)([64]35,63,7)([65]42,55,3)([66]19,54,5)([67]25,54,6)([68]65,60,5)([69]28,2,7)([70]31,29,0)([71]15,38,6)([72]70,68,4)([73]71,64,2)([74]48,13,6)([75]28,37,6)([76]50,19,2)([77]6,22,3)([78]56,29,0)([79]29,47,3)([80]73,72,6)([81]10,40,3)([82]74,80,3)([83]7,42,5)([84]81,62,2)([85]31,70,3)([86]48,15,5)(82)
optimized area: 136.80
time: 1268589 ms
seed: 1636225342
NOT FOUND
time: 1067699 ms
seed: 1636255310
{7,1,80,1,2,1,8}([7]6,2,7)([8]3,0,7)([9]3,7,4)([10]9,0,1)([11]8,1,4)([12]8,10,5)([13]5,11,7)([14]0,9,1)([15]4,3,3)([16]1,9,5)([17]15,6,5)([18]2,4,4)([19]6,11,1)([20]12,7,6)([21]1,6,3)([22]1,12,2)([23]13,2,6)([24]13,22,7)([25]15,5,2)([26]16,0,6)([27]11,16,2)([28]4,8,7)([29]26,18,6)([30]22,5,2)([31]28,24,2)([32]29,20,4)([33]18,24,2)([34]31,21,6)([35]24,31,3)([36]8,3,5)([37]24,36,6)([38]15,27,7)([39]29,23,5)([40]32,34,3)([41]19,0,2)([42]25,40,3)([43]0,5,2)([44]34,39,3)([45]11,21,6)([46]0,33,6)([47]0,40,7)([48]22,8,3)([49]18,3,5)([50]4,30,4)([51]42,41,3)([52]40,30,5)([53]17,32,2)([54]38,51,6)([55]3,46,1)([56]19,47,7)([57]54,28,5)([58]46,21,2)([59]58,37,4)([60]34,14,6)([61]53,38,2)([62]6,6,7)([63]61,39,7)([64]18,19,1)([65]63,54,7)([66]17,26,2)([67]44,3,3)([68]56,65,3)([69]68,39,1)([70]5,19,0)([71]35,4,7)([72]59,56,3)([73]18,37,3)([74]14,21,3)([75]64,56,6)([76]26,51,7)([77]61,42,2)([78]15,27,3)([79]35,57,7)([80]45,9,1)([81]47,65,7)([82]65,80,4)([83]23,3,2)([84]32,17,7)([85]55,57,0)([86]65,72,5)(86)
evaluations: 31086415
first invidual area: 138.19
{7,1,80,1,2,1,8}([7]3,2,7)([8]3,0,7)([9]7,6,4)([10]4,0,0)([11]1,8,4)([12]4,6,0)([13]11,5,7)([14]12,2,0)([15]3,12,3)([16]1,9,5)([17]0,0,3)([18]2,4,4)([19]9,0,3)([20]19,3,6)([21]6,1,3)([22]21,8,5)([23]12,13,6)([24]16,13,5)([25]15,5,2)([26]16,17,6)([27]16,11,5)([28]20,6,5)([29]26,18,6)([30]8,23,4)([31]30,24,2)([32]29,20,4)([33]18,13,2)([34]6,5,1)([35]22,32,0)([36]32,25,3)([37]14,18,3)([38]15,27,4)([39]13,26,7)([40]21,31,6)([41]34,17,2)([42]14,3,1)([43]40,32,3)([44]33,16,7)([45]37,9,5)([46]17,33,6)([47]43,17,7)([48]22,31,6)([49]3,23,7)([50]41,38,3)([51]44,50,4)([52]7,25,0)([53]34,32,2)([54]36,50,6)([55]8,19,4)([56]34,47,7)([57]29,23,5)([58]46,1,2)([59]58,48,3)([60]50,1,7)([61]53,38,5)([62]58,14,4)([63]61,57,4)([64]51,54,1)([65]21,64,4)([66]16,39,3)([67]53,37,4)([68]37,66,7)([69]63,54,7)([70]58,54,0)([71]52,17,1)([72]59,56,3)([73]56,48,5)([74]19,56,6)([75]6,36,0)([76]37,74,0)([77]42,76,6)([78]69,72,5)([79]8,14,2)([80]63,45,1)([81]66,57,6)([82]53,17,2)([83]32,4,1)([84]22,29,0)([85]82,32,0)([86]30,44,6)(78)
optimized area: 126.94
time: 1178220 ms
seed: 1636274474
{7,1,80,1,2,1,8}([7]6,4,4)([8]0,7,7)([9]3,4,6)([10]9,7,4)([11]6,3,5)([12]3,7,7)([13]5,9,4)([14]8,5,7)([15]5,3,6)([16]1,13,6)([17]16,8,2)([18]0,17,0)([19]16,16,5)([20]4,0,4)([21]10,17,3)([22]2,7,4)([23]22,14,4)([24]18,1,0)([25]4,16,7)([26]21,11,5)([27]21,9,1)([28]23,14,1)([29]5,0,6)([30]28,0,7)([31]1,12,3)([32]22,12,3)([33]24,32,3)([34]1,26,3)([35]10,28,7)([36]32,30,7)([37]15,25,4)([38]1,30,2)([39]2,3,5)([40]29,2,3)([41]39,1,7)([42]34,16,4)([43]7,29,6)([44]0,21,1)([45]38,26,3)([46]2,18,7)([47]36,21,7)([48]21,30,6)([49]21,45,2)([50]25,49,2)([51]38,3,3)([52]14,47,5)([53]37,8,6)([54]39,31,3)([55]52,42,4)([56]50,0,1)([57]30,26,7)([58]55,37,3)([59]19,27,0)([60]21,49,6)([61]40,38,3)([62]54,58,3)([63]50,35,5)([64]62,4,2)([65]25,50,7)([66]65,61,5)([67]66,64,6)([68]1,15,4)([69]20,31,2)([70]11,65,7)([71]63,48,4)([72]31,10,7)([73]34,71,2)([74]58,71,7)([75]22,9,4)([76]74,67,4)([77]7,35,6)([78]44,24,0)([79]78,36,4)([80]18,70,6)([81]0,19,4)([82]46,46,6)([83]50,49,2)([84]31,33,1)([85]7,51,3)([86]47,55,2)(76)
evaluations: 34378044
first invidual area: 155.56
{7,1,80,1,2,1,8}([7]6,4,4)([8]5,0,7)([9]4,3,6)([10]7,1,3)([11]3,1,0)([12]7,11,7)([13]9,5,4)([14]11,9,1)([15]5,11,3)([16]1,13,6)([17]8,16,2)([18]7,9,4)([19]6,3,5)([20]4,7,7)([21]18,17,3)([22]21,19,0)([23]13,6,3)([24]11,16,7)([25]4,16,7)([26]22,19,5)([27]18,17,7)([28]8,2,4)([29]2,6,4)([30]28,0,7)([31]26,1,3)([32]28,12,6)([33]0,30,6)([34]1,10,0)([35]9,24,4)([36]32,30,4)([37]25,15,7)([38]34,30,2)([39]16,31,4)([40]33,2,3)([41]17,9,5)([42]26,23,6)([43]17,13,4)([44]29,25,5)([45]38,6,3)([46]8,7,7)([47]36,21,7)([48]22,30,3)([49]22,25,2)([50]45,49,2)([51]14,15,6)([52]46,47,5)([53]40,32,1)([54]15,19,7)([55]52,39,4)([56]15,29,0)([57]53,23,6)([58]55,37,6)([59]4,39,1)([60]7,43,3)([61]40,38,3)([62]10,47,3)([63]50,28,5)([64]62,4,2)([65]25,50,7)([66]65,61,5)([67]66,64,6)([68]22,18,4)([69]20,60,6)([70]63,21,3)([71]63,48,5)([72]44,57,5)([73]65,61,1)([74]58,71,4)([75]41,64,0)([76]67,74,7)([77]52,74,0)([78]3,73,7)([79]73,25,5)([80]33,3,6)([81]66,11,0)([82]7,27,1)([83]33,79,2)([84]39,22,3)([85]62,73,3)([86]84,2,1)(76)
optimized area: 137.75
time: 1224110 ms
seed: 1636291015
{7,1,80,1,2,1,8}([7]3,1,7)([8]2,0,4)([9]6,5,6)([10]6,7,6)([11]4,2,4)([12]1,5,6)([13]4,6,7)([14]3,7,0)([15]5,10,6)([16]8,13,3)([17]12,8,2)([18]16,2,4)([19]17,9,4)([20]8,18,6)([21]5,8,2)([22]0,4,2)([23]11,14,7)([24]9,8,0)([25]0,1,5)([26]14,16,3)([27]14,15,2)([28]2,15,6)([29]21,6,4)([30]26,19,4)([31]30,22,6)([32]26,21,1)([33]31,29,7)([34]17,28,6)([35]33,23,2)([36]7,27,4)([37]36,9,5)([38]12,14,4)([39]26,8,7)([40]36,20,5)([41]34,19,6)([42]4,13,7)([43]41,40,6)([44]31,4,4)([45]37,10,0)([46]22,4,6)([47]30,34,6)([48]41,24,2)([49]10,47,3)([50]34,22,1)([51]43,3,2)([52]7,16,7)([53]51,44,7)([54]15,50,6)([55]23,7,1)([56]32,1,4)([57]4,31,6)([58]33,25,6)([59]58,52,0)([60]35,59,6)([61]40,23,6)([62]60,5,4)([63]62,52,3)([64]53,63,5)([65]30,9,5)([66]64,35,7)([67]59,64,4)([68]2,0,2)([69]25,50,6)([70]28,55,6)([71]23,66,7)([72]31,23,1)([73]32,69,1)([74]33,4,0)([75]47,62,4)([76]2,60,2)([77]18,60,2)([78]51,31,5)([79]49,71,7)([80]38,30,5)([81]9,33,5)([82]21,5,3)([83]46,20,2)([84]67,66,5)([85]82,61,2)([86]12,45,5)(79)
evaluations: 30377406
first invidual area: 143.85
{7,1,80,1,2,1,8}([7]1,3,7)([8]2,0,4)([9]5,1,6)([10]7,6,6)([11]4,3,0)([12]3,2,4)([13]4,6,7)([14]11,0,2)([15]5,10,6)([16]8,13,3)([17]9,8,2)([18]6,5,6)([19]2,13,4)([20]2,1,7)([21]5,8,5)([22]18,17,4)([23]4,12,7)([24]0,23,2)([25]8,19,6)([26]3,16,3)([27]26,23,6)([28]0,15,6)([29]20,0,3)([30]26,22,4)([31]30,14,6)([32]6,21,4)([33]31,32,4)([34]17,28,6)([35]33,23,2)([36]23,2,0)([37]9,33,3)([38]4,19,1)([39]23,9,2)([40]3,25,5)([41]30,9,5)([42]35,24,3)([43]41,11,7)([44]31,4,7)([45]40,28,6)([46]24,5,3)([47]34,30,6)([48]21,29,5)([49]3,47,2)([50]1,5,7)([51]45,50,5)([52]16,7,7)([53]51,44,7)([54]15,48,5)([55]29,39,1)([56]48,4,3)([57]0,4,0)([58]14,39,6)([59]2,28,0)([60]9,5,6)([61]4,54,6)([62]42,5,7)([63]62,52,3)([64]53,63,5)([65]60,40,6)([66]64,35,7)([67]66,59,4)([68]41,22,2)([69]39,23,2)([70]62,28,6)([71]23,66,4)([72]20,42,5)([73]47,10,6)([74]57,63,0)([75]49,21,7)([76]66,10,6)([77]26,76,3)([78]44,76,5)([79]75,74,6)([80]71,34,7)([81]49,61,6)([82]61,0,5)([83]36,71,1)([84]20,27,3)([85]67,32,4)([86]71,73,7)(86)
optimized area: 136.36
time: 1188024 ms
seed: 1636307411
{7,1,80,1,2,1,8}([7]0,3,0)([8]7,2,7)([9]4,8,2)([10]5,1,7)([11]2,0,6)([12]8,4,7)([13]9,12,7)([14]6,3,4)([15]6,13,4)([16]11,10,6)([17]14,5,3)([18]5,7,4)([19]7,13,3)([20]18,14,7)([21]15,0,5)([22]13,20,6)([23]21,10,5)([24]21,17,2)([25]10,24,4)([26]24,3,6)([27]21,23,5)([28]15,14,3)([29]20,28,2)([30]4,28,2)([31]29,12,3)([32]9,5,3)([33]4,19,0)([34]7,22,4)([35]22,15,7)([36]28,16,6)([37]27,7,3)([38]31,19,5)([39]27,32,6)([40]19,24,1)([41]40,25,0)([42]38,34,4)([43]30,26,7)([44]43,42,4)([45]44,36,3)([46]36,45,1)([47]35,1,3)([48]47,21,4)([49]33,48,5)([50]31,39,7)([51]50,49,7)([52]5,21,6)([53]44,6,7)([54]37,45,2)([55]2,34,3)([56]40,30,0)([57]45,48,6)([58]37,4,7)([59]2,46,7)([60]50,58,4)([61]51,19,7)([62]60,0,2)([63]18,25,6)([64]29,25,2)([65]2,34,0)([66]28,59,3)([67]57,22,3)([68]36,36,0)([69]54,51,5)([70]54,28,1)([71]43,2,4)([72]2,42,0)([73]45,20,0)([74]50,71,0)([75]57,69,4)([76]17,54,7)([77]39,44,3)([78]58,38,0)([79]75,8,3)([80]20,12,2)([81]37,1,2)([82]2,15,3)([83]43,63,7)([84]54,15,1)([85]1,45,3)([86]27,36,0)(75)
evaluations: 12596541
first invidual area: 137.75
{7,1,80,1,2,1,8}([7]4,3,0)([8]0,2,4)([9]0,5,7)([10]1,5,7)([11]0,4,6)([12]8,4,4)([13]12,8,5)([14]6,3,4)([15]6,13,4)([16]11,10,6)([17]12,11,5)([18]17,14,1)([19]5,6,3)([20]9,14,4)([21]15,0,5)([22]20,13,6)([23]22,0,4)([24]19,21,2)([25]10,13,0)([26]3,24,3)([27]23,26,7)([28]14,15,3)([29]28,20,2)([30]4,28,5)([31]12,29,3)([32]12,25,3)([33]1,22,3)([34]33,21,5)([35]34,32,3)([36]28,16,6)([37]26,3,6)([38]25,0,3)([39]22,31,0)([40]30,17,5)([41]15,34,1)([42]31,27,4)([43]34,34,5)([44]42,40,4)([45]44,36,3)([46]45,38,5)([47]41,33,3)([48]47,21,4)([49]7,48,5)([50]40,30,1)([51]31,35,4)([52]48,19,6)([53]28,39,4)([54]8,44,4)([55]53,45,0)([56]45,27,3)([57]51,11,1)([58]28,3,3)([59]58,58,7)([60]49,51,4)([61]12,50,0)([62]20,45,7)([63]31,59,0)([64]16,46,3)([65]49,0,7)([66]46,60,6)([67]48,45,6)([68]13,13,2)([69]13,49,6)([70]65,35,4)([71]46,15,3)([72]47,54,6)([73]6,62,3)([74]4,12,6)([75]67,66,6)([76]38,29,4)([77]32,55,1)([78]32,43,2)([79]21,27,1)([80]25,3,2)([81]80,0,2)([82]15,6,1)([83]78,10,6)([84]29,75,0)([85]80,3,0)([86]76,59,2)(75)
optimized area: 126.48
time: 1441230 ms
seed: 1636323815
NOT FOUND
time: 1058505 ms
seed: 1636340004
NOT FOUND
time: 1091344 ms
seed: 1636346653
NOT FOUND
time: 1052022 ms
seed: 1636352941
NOT FOUND
time: 1063237 ms
