seed: 1634031758
{7,1,80,1,2,1,8}([7]2,0,4)([8]5,7,3)([9]3,0,4)([10]9,7,2)([11]4,1,3)([12]4,8,6)([13]5,8,6)([14]1,13,7)([15]10,3,6)([16]15,5,7)([17]12,6,7)([18]3,0,7)([19]17,16,3)([20]5,12,7)([21]0,0,2)([22]4,15,6)([23]6,5,3)([24]23,7,5)([25]22,24,4)([26]19,24,3)([27]3,14,5)([28]1,20,3)([29]14,2,3)([30]10,27,3)([31]27,4,7)([32]27,11,5)([33]17,31,2)([34]2,2,2)([35]29,7,2)([36]4,14,5)([37]25,26,2)([38]17,34,7)([39]15,21,4)([40]31,20,4)([41]18,33,7)([42]22,27,7)([43]41,5,4)([44]36,43,5)([45]38,28,7)([46]9,39,4)([47]2,8,5)([48]37,2,1)([49]48,45,3)([50]35,9,4)([51]17,25,5)([52]28,51,4)([53]9,12,3)([54]47,18,2)([55]32,24,3)([56]52,44,4)([57]18,55,4)([58]57,16,6)([59]43,58,4)([60]33,43,7)([61]10,41,1)([62]50,44,5)([63]62,26,1)([64]42,62,3)([65]49,59,5)([66]34,21,5)([67]45,22,2)([68]58,15,1)([69]56,64,6)([70]57,53,1)([71]69,65,7)([72]32,45,5)([73]67,72,2)([74]6,39,4)([75]61,58,2)([76]65,30,2)([77]68,59,5)([78]32,14,4)([79]9,75,2)([80]39,45,5)([81]34,32,4)([82]51,72,7)([83]10,68,6)([84]40,49,5)([85]23,38,7)([86]42,6,1)(71)
evaluations: 14762254
first invidual area: 156.96
{7,1,80,1,2,1,8}([7]2,0,4)([8]7,5,3)([9]1,4,3)([10]3,3,2)([11]6,5,5)([12]4,8,6)([13]0,7,2)([14]1,8,4)([15]13,3,6)([16]5,3,0)([17]12,6,7)([18]3,0,7)([19]16,6,3)([20]16,12,6)([21]14,11,3)([22]15,4,6)([23]15,9,1)([24]19,7,5)([25]24,22,4)([26]24,2,5)([27]14,3,5)([28]20,1,3)([29]2,13,2)([30]27,9,5)([31]4,27,7)([32]31,20,6)([33]31,17,5)([34]24,15,2)([35]7,20,3)([36]4,14,5)([37]12,11,0)([38]2,28,7)([39]25,21,2)([40]36,2,6)([41]33,18,7)([42]1,23,0)([43]41,16,7)([44]36,43,5)([45]17,38,4)([46]0,20,5)([47]7,46,5)([48]18,47,4)([49]39,45,5)([50]38,38,3)([51]17,25,5)([52]28,51,7)([53]7,38,4)([54]24,30,3)([55]48,21,7)([56]5,15,7)([57]18,54,4)([58]57,56,3)([59]43,58,7)([60]30,13,5)([61]54,23,2)([62]48,44,5)([63]30,39,2)([64]40,62,3)([65]49,59,5)([66]4,22,5)([67]30,36,0)([68]41,37,1)([69]52,64,3)([70]0,19,7)([71]17,23,3)([72]34,2,2)([73]13,28,4)([74]39,50,1)([75]45,48,5)([76]26,20,3)([77]43,9,2)([78]66,19,6)([79]60,20,7)([80]52,56,3)([81]42,77,0)([82]59,33,7)([83]40,69,2)([84]66,35,6)([85]65,69,4)([86]84,78,4)(85)
optimized area: 136.79
time: 670061 ms
seed: 1634242237
NOT FOUND
time: 535016 ms
seed: 1634379713
{7,1,80,1,2,1,8}([7]1,0,4)([8]0,2,6)([9]3,5,4)([10]2,5,7)([11]8,7,7)([12]7,2,3)([13]0,12,2)([14]6,1,4)([15]11,10,3)([16]6,7,4)([17]7,0,7)([18]15,5,7)([19]0,11,5)([20]4,16,7)([21]5,4,7)([22]9,10,4)([23]12,18,2)([24]14,17,2)([25]11,3,7)([26]24,8,0)([27]17,11,4)([28]21,21,6)([29]22,14,2)([30]29,25,2)([31]18,28,2)([32]15,30,5)([33]32,12,5)([34]3,18,6)([35]11,29,4)([36]31,33,7)([37]23,13,7)([38]20,11,5)([39]6,34,2)([40]6,13,5)([41]20,36,5)([42]40,39,3)([43]9,0,7)([44]23,43,5)([45]5,8,4)([46]42,17,0)([47]10,38,2)([48]15,28,2)([49]33,46,2)([50]32,39,3)([51]25,43,2)([52]29,34,0)([53]50,20,3)([54]44,13,5)([55]44,36,5)([56]20,1,2)([57]52,21,3)([58]38,55,7)([59]5,53,4)([60]51,42,4)([61]58,40,4)([62]4,15,6)([63]31,58,5)([64]52,13,7)([65]27,20,5)([66]21,39,5)([67]57,58,5)([68]60,61,4)([69]30,29,7)([70]67,50,4)([71]18,18,2)([72]26,26,7)([73]10,67,3)([74]71,47,2)([75]40,6,0)([76]42,59,7)([77]67,40,4)([78]50,64,0)([79]60,39,3)([80]49,76,0)([81]79,73,2)([82]45,64,2)([83]41,81,2)([84]83,51,0)([85]38,62,1)([86]50,79,3)(83)
evaluations: 21221669
first invidual area: 127.43
{7,1,80,1,2,1,8}([7]1,0,4)([8]2,0,3)([9]3,5,4)([10]2,5,7)([11]8,7,4)([12]7,2,3)([13]6,1,4)([14]10,11,3)([15]9,10,4)([16]7,4,7)([17]0,5,0)([18]5,14,7)([19]1,17,2)([20]16,6,4)([21]4,5,7)([22]3,18,6)([23]1,7,1)([24]17,20,5)([25]11,3,7)([26]17,9,7)([27]0,12,2)([28]21,0,1)([29]13,15,2)([30]14,25,2)([31]9,21,1)([32]30,29,5)([33]6,17,1)([34]12,32,5)([35]28,18,5)([36]35,34,4)([37]29,21,3)([38]14,20,5)([39]14,26,7)([40]13,12,6)([41]20,36,5)([42]2,25,6)([43]12,0,2)([44]23,3,5)([45]22,6,2)([46]31,9,3)([47]23,28,5)([48]6,43,5)([49]17,2,5)([50]25,26,5)([51]18,24,4)([52]25,43,4)([53]24,19,2)([54]22,2,5)([55]44,36,5)([56]46,46,5)([57]19,26,2)([58]38,55,2)([59]45,36,0)([60]50,48,7)([61]44,20,0)([62]0,2,7)([63]5,54,1)([64]59,28,2)([65]5,29,5)([66]65,34,0)([67]58,37,5)([68]9,35,0)([69]43,46,3)([70]29,62,3)([71]56,4,2)([72]32,49,0)([73]10,67,3)([74]28,27,5)([75]67,3,3)([76]28,2,7)([77]42,35,1)([78]60,17,0)([79]78,45,3)([80]27,37,7)([81]79,73,2)([82]75,9,1)([83]41,81,2)([84]60,42,3)([85]30,5,3)([86]81,2,4)(83)
optimized area: 119.92
time: 612879 ms
seed: 1634428738
NOT FOUND
time: 541364 ms
seed: 1634637074
NOT FOUND
time: 524896 ms
seed: 1635164033
{7,1,80,1,2,1,8}([7]6,4,5)([8]5,1,4)([9]5,2,2)([10]3,0,5)([11]5,2,1)([12]8,6,6)([13]2,8,6)([14]11,1,6)([15]11,4,7)([16]2,14,4)([17]6,15,7)([18]12,2,4)([19]3,12,4)([20]10,18,6)([21]5,19,3)([22]0,18,4)([23]16,12,3)([24]17,13,6)([25]23,1,2)([26]22,18,5)([27]6,2,6)([28]11,21,4)([29]24,9,3)([30]18,17,5)([31]8,29,5)([32]20,27,0)([33]15,32,2)([34]25,10,6)([35]31,33,7)([36]7,35,2)([37]29,34,3)([38]19,36,3)([39]5,15,4)([40]2,28,2)([41]6,39,6)([42]19,38,4)([43]19,13,1)([44]41,25,4)([45]19,8,7)([46]22,34,4)([47]35,6,2)([48]13,1,4)([49]11,39,7)([50]18,24,7)([51]28,37,4)([52]6,42,4)([53]4,14,0)([54]53,26,2)([55]50,48,3)([56]9,9,3)([57]28,5,3)([58]42,30,3)([59]8,32,3)([60]55,25,1)([61]6,38,2)([62]59,30,1)([63]52,15,2)([64]42,16,4)([65]39,21,5)([66]22,61,6)([67]35,5,3)([68]40,41,1)([69]5,54,6)([70]9,37,0)([71]45,62,7)([72]59,34,5)([73]69,50,3)([74]46,51,7)([75]74,66,6)([76]73,52,6)([77]26,59,5)([78]34,75,3)([79]76,75,6)([80]61,37,4)([81]64,20,0)([82]79,64,4)([83]28,45,3)([84]72,69,6)([85]7,26,5)([86]14,75,7)(82)
evaluations: 33425819
first invidual area: 142.43
{7,1,80,1,2,1,8}([7]2,5,2)([8]1,5,4)([9]6,3,2)([10]1,8,3)([11]5,5,1)([12]8,6,6)([13]8,2,6)([14]1,11,6)([15]4,5,4)([16]2,14,4)([17]15,6,7)([18]2,12,4)([19]12,3,4)([20]16,1,2)([21]4,6,5)([22]18,0,4)([23]0,3,5)([24]17,13,6)([25]19,11,5)([26]18,22,5)([27]0,18,5)([28]22,27,0)([29]24,7,3)([30]24,7,7)([31]16,0,6)([32]24,26,1)([33]15,26,2)([34]23,20,6)([35]8,33,3)([36]21,35,2)([37]29,27,1)([38]36,29,5)([39]28,31,3)([40]24,18,7)([41]34,3,0)([42]19,38,6)([43]42,6,4)([44]30,31,3)([45]23,5,3)([46]25,28,4)([47]28,28,6)([48]8,9,4)([49]7,32,6)([50]44,30,1)([51]41,37,3)([52]47,6,6)([53]7,42,4)([54]45,1,5)([55]32,23,6)([56]32,13,2)([57]52,47,4)([58]22,15,2)([59]4,57,6)([60]33,5,6)([61]39,1,1)([62]3,35,3)([63]4,61,2)([64]42,16,4)([65]0,37,4)([66]22,9,6)([67]26,10,2)([68]42,37,1)([69]12,51,7)([70]43,53,7)([71]51,46,4)([72]51,22,2)([73]60,40,3)([74]54,27,0)([75]71,66,6)([76]73,43,6)([77]23,71,7)([78]10,68,7)([79]76,75,3)([80]23,60,5)([81]43,60,3)([82]79,64,7)([83]42,45,0)([84]76,46,3)([85]72,82,1)([86]65,74,1)(82)
optimized area: 119.92
time: 586964 ms
seed: 1635213218
NOT FOUND
time: 534596 ms
seed: 1635643638
{7,1,80,1,2,1,8}([7]3,6,2)([8]2,4,4)([9]3,6,3)([10]7,1,3)([11]8,0,3)([12]0,3,5)([13]12,5,3)([14]6,10,7)([15]1,0,4)([16]11,14,7)([17]12,5,5)([18]6,4,3)([19]18,13,2)([20]8,5,6)([21]17,15,1)([22]2,19,5)([23]21,21,7)([24]20,4,4)([25]10,21,7)([26]22,1,5)([27]18,24,5)([28]15,24,7)([29]27,8,5)([30]29,1,7)([31]3,30,4)([32]28,5,6)([33]25,15,2)([34]6,18,7)([35]22,24,3)([36]16,26,4)([37]33,27,2)([38]31,22,4)([39]13,35,2)([40]36,37,4)([41]21,16,4)([42]31,1,7)([43]12,28,2)([44]6,5,4)([45]39,9,2)([46]26,12,7)([47]29,26,7)([48]6,14,5)([49]4,13,0)([50]3,2,2)([51]48,2,3)([52]15,18,5)([53]16,15,5)([54]44,43,5)([55]45,21,7)([56]26,43,2)([57]42,54,6)([58]38,29,3)([59]29,9,4)([60]13,22,1)([61]42,6,7)([62]12,10,1)([63]15,47,7)([64]57,32,4)([65]64,52,7)([66]42,6,1)([67]7,46,1)([68]52,65,2)([69]39,23,2)([70]55,38,5)([71]26,63,0)([72]54,33,7)([73]11,8,4)([74]46,3,1)([75]50,7,1)([76]4,59,5)([77]74,47,0)([78]3,19,1)([79]67,59,1)([80]68,40,3)([81]10,23,3)([82]7,8,0)([83]30,27,6)([84]60,7,4)([85]70,56,3)([86]85,80,2)(86)
evaluations: 14349805
first invidual area: 147.10
{7,1,80,1,2,1,8}([7]6,3,3)([8]4,2,4)([9]3,6,2)([10]1,9,3)([11]0,8,6)([12]0,3,5)([13]5,12,3)([14]10,6,7)([15]1,0,4)([16]14,11,7)([17]8,7,2)([18]6,4,3)([19]18,13,2)([20]4,15,4)([21]5,12,5)([22]2,19,5)([23]5,8,3)([24]4,23,7)([25]21,10,4)([26]1,22,5)([27]18,24,5)([28]24,15,7)([29]8,27,5)([30]29,3,4)([31]17,30,5)([32]1,1,3)([33]25,27,2)([34]23,28,0)([35]22,24,3)([36]11,11,7)([37]33,15,5)([38]16,37,7)([39]35,12,2)([40]38,26,7)([41]22,1,7)([42]35,23,2)([43]32,24,7)([44]5,39,7)([45]39,7,5)([46]23,9,2)([47]5,44,1)([48]28,15,4)([49]10,19,3)([50]7,4,4)([51]44,37,5)([52]10,7,5)([53]45,5,4)([54]45,44,5)([55]3,33,5)([56]10,14,4)([57]54,30,6)([58]41,30,4)([59]28,37,6)([60]28,5,6)([61]44,15,5)([62]53,58,5)([63]42,18,3)([64]60,57,3)([65]64,51,0)([66]61,64,2)([67]5,42,5)([68]34,67,7)([69]54,67,6)([70]26,69,5)([71]45,16,6)([72]27,14,0)([73]64,0,7)([74]0,6,1)([75]59,71,3)([76]72,37,0)([77]24,31,0)([78]56,35,5)([79]22,67,4)([80]66,40,3)([81]28,60,6)([82]66,50,0)([83]28,26,2)([84]20,38,2)([85]62,83,3)([86]85,80,2)(86)
optimized area: 130.69
time: 1290195 ms
seed: 1635691409
NOT FOUND
time: 1069449 ms
seed: 1635739220
NOT FOUND
time: 1053354 ms
seed: 1635786446
{7,1,80,1,2,1,8}([7]4,1,3)([8]6,0,3)([9]6,1,7)([10]0,4,3)([11]5,3,7)([12]1,4,5)([13]11,9,4)([14]9,5,2)([15]0,9,6)([16]2,0,7)([17]12,14,7)([18]2,4,1)([19]18,13,6)([20]5,14,6)([21]2,5,4)([22]15,14,6)([23]17,18,5)([24]4,13,2)([25]17,9,6)([26]2,11,6)([27]17,21,5)([28]3,27,4)([29]3,8,5)([30]21,1,1)([31]26,7,6)([32]16,7,4)([33]19,30,3)([34]27,33,2)([35]23,4,4)([36]32,25,6)([37]36,34,7)([38]22,31,6)([39]27,28,5)([40]35,1,3)([41]19,19,0)([42]29,41,5)([43]38,24,5)([44]37,42,7)([45]22,10,4)([46]43,28,7)([47]40,24,6)([48]45,30,0)([49]7,43,6)([50]0,34,3)([51]37,0,4)([52]35,38,2)([53]18,13,3)([54]21,37,5)([55]44,46,3)([56]39,54,5)([57]40,37,1)([58]34,55,7)([59]23,12,2)([60]29,54,1)([61]22,2,5)([62]34,53,0)([63]53,47,5)([64]53,5,2)([65]63,50,5)([66]13,21,1)([67]7,54,6)([68]17,40,4)([69]56,65,2)([70]58,52,3)([71]38,14,7)([72]41,56,2)([73]51,58,4)([74]70,70,6)([75]24,65,7)([76]31,45,6)([77]44,54,6)([78]28,56,7)([79]41,5,6)([80]69,74,4)([81]44,78,4)([82]80,45,7)([83]81,31,2)([84]50,43,0)([85]66,4,2)([86]82,11,0)(82)
evaluations: 9097303
first invidual area: 154.57
{7,1,80,1,2,1,8}([7]1,4,3)([8]6,6,0)([9]6,1,7)([10]4,0,3)([11]1,4,5)([12]5,3,4)([13]9,12,7)([14]5,9,2)([15]0,9,6)([16]6,0,3)([17]14,11,7)([18]2,15,1)([19]18,13,6)([20]5,16,5)([21]2,5,4)([22]15,14,6)([23]5,5,1)([24]0,18,7)([25]9,17,6)([26]19,13,6)([27]21,17,5)([28]14,19,0)([29]21,24,1)([30]18,17,5)([31]26,7,6)([32]24,7,7)([33]29,19,3)([34]33,27,2)([35]4,30,4)([36]25,32,6)([37]36,21,7)([38]22,31,6)([39]27,3,4)([40]35,3,3)([41]13,38,5)([42]19,20,5)([43]16,5,2)([44]40,15,1)([45]9,6,4)([46]41,39,7)([47]24,35,4)([48]40,36,5)([49]37,42,4)([50]20,44,6)([51]28,47,4)([52]35,38,2)([53]36,42,1)([54]10,22,7)([55]49,46,6)([56]25,30,5)([57]34,0,3)([58]34,55,4)([59]44,26,5)([60]41,49,4)([61]38,6,4)([62]52,24,7)([63]7,4,6)([64]5,22,0)([65]59,57,5)([66]2,50,7)([67]18,25,2)([68]32,15,4)([69]39,39,5)([70]58,52,6)([71]31,39,5)([72]38,2,6)([73]69,35,5)([74]48,65,5)([75]35,10,0)([76]75,1,3)([77]35,51,2)([78]16,55,1)([79]11,74,6)([80]74,70,4)([81]35,67,5)([82]80,54,7)([83]2,80,1)([84]38,57,4)([85]23,68,6)([86]51,33,3)(82)
optimized area: 142.40
time: 1483136 ms
seed: 1635833396
{7,1,80,1,2,1,8}([7]0,2,4)([8]4,7,5)([9]7,6,2)([10]6,7,3)([11]2,9,2)([12]3,2,5)([13]1,8,7)([14]2,9,6)([15]13,7,1)([16]15,5,5)([17]5,10,4)([18]16,12,5)([19]11,13,1)([20]6,15,3)([21]4,18,2)([22]3,19,7)([23]7,9,2)([24]22,13,4)([25]17,1,3)([26]22,2,1)([27]26,8,3)([28]4,9,1)([29]17,1,2)([30]13,17,0)([31]27,21,7)([32]25,2,5)([33]3,31,6)([34]30,30,5)([35]14,23,3)([36]0,32,5)([37]24,25,6)([38]13,29,4)([39]9,24,2)([40]34,17,3)([41]7,26,6)([42]37,35,7)([43]17,31,4)([44]20,13,1)([45]40,14,7)([46]38,10,4)([47]0,32,6)([48]42,3,1)([49]46,17,1)([50]11,26,3)([51]50,36,3)([52]37,26,5)([53]15,49,4)([54]45,21,4)([55]33,54,3)([56]9,54,5)([57]1,35,1)([58]31,46,1)([59]14,55,6)([60]10,18,6)([61]20,42,4)([62]61,55,5)([63]51,34,2)([64]4,51,4)([65]53,60,7)([66]28,45,7)([67]10,51,6)([68]37,1,0)([69]4,50,3)([70]57,34,0)([71]68,67,1)([72]12,19,7)([73]58,16,7)([74]25,40,3)([75]63,72,2)([76]40,67,2)([77]39,75,4)([78]73,23,2)([79]53,77,6)([80]78,52,0)([81]75,34,7)([82]4,78,7)([83]64,79,2)([84]62,83,7)([85]27,24,1)([86]53,65,0)(84)
evaluations: 28107208
first invidual area: 151.77
{7,1,80,1,2,1,8}([7]0,2,4)([8]4,7,5)([9]7,6,2)([10]7,6,3)([11]2,9,2)([12]3,2,5)([13]8,1,4)([14]9,2,6)([15]11,13,4)([16]13,5,5)([17]5,10,4)([18]12,16,5)([19]11,4,2)([20]19,3,3)([21]4,18,2)([22]14,14,2)([23]16,2,5)([24]15,3,7)([25]17,1,3)([26]0,23,5)([27]7,7,1)([28]10,11,2)([29]24,9,2)([30]25,18,5)([31]12,2,0)([32]23,13,3)([33]21,20,6)([34]2,32,4)([35]0,5,0)([36]22,9,3)([37]24,25,3)([38]17,1,5)([39]13,6,3)([40]13,17,6)([41]34,39,3)([42]37,36,4)([43]5,26,6)([44]40,21,4)([45]30,0,5)([46]38,10,7)([47]24,40,3)([48]1,34,1)([49]12,38,6)([50]31,48,2)([51]23,36,5)([52]45,33,3)([53]42,39,4)([54]44,14,4)([55]33,54,3)([56]40,9,7)([57]6,18,3)([58]22,15,3)([59]29,15,4)([60]46,31,7)([61]59,56,5)([62]53,55,5)([63]50,32,2)([64]4,52,4)([65]1,12,6)([66]20,63,4)([67]13,36,5)([68]57,30,1)([69]0,48,4)([70]65,46,3)([71]61,42,7)([72]44,10,4)([73]4,21,5)([74]27,52,5)([75]1,50,3)([76]64,37,0)([77]46,29,3)([78]66,19,3)([79]50,77,6)([80]45,23,5)([81]32,8,0)([82]44,21,4)([83]64,79,5)([84]62,83,4)([85]75,51,5)([86]32,43,6)(84)
optimized area: 118.97
time: 1181089 ms
seed: 1635876510
{7,1,80,1,2,1,8}([7]2,6,1)([8]0,5,3)([9]5,6,4)([10]5,2,4)([11]8,9,5)([12]1,4,6)([13]9,3,4)([14]1,6,4)([15]11,12,4)([16]2,11,2)([17]14,13,3)([18]17,10,7)([19]13,3,2)([20]11,1,7)([21]14,6,3)([22]8,4,3)([23]9,12,7)([24]0,18,7)([25]4,7,6)([26]13,7,2)([27]16,13,1)([28]26,8,3)([29]7,5,3)([30]21,24,7)([31]10,30,3)([32]25,23,4)([33]31,22,5)([34]11,14,0)([35]14,23,2)([36]28,24,7)([37]18,10,0)([38]34,32,6)([39]38,37,6)([40]32,5,1)([41]31,22,6)([42]39,6,7)([43]13,22,1)([44]36,3,4)([45]22,6,7)([46]31,38,7)([47]38,46,3)([48]27,6,7)([49]41,44,4)([50]17,43,3)([51]47,35,6)([52]48,25,4)([53]0,49,5)([54]41,52,7)([55]16,18,3)([56]11,44,4)([57]15,49,4)([58]51,33,4)([59]54,53,3)([60]7,18,3)([61]37,19,6)([62]33,33,0)([63]15,13,5)([64]40,26,5)([65]55,5,6)([66]59,58,7)([67]58,27,5)([68]51,26,3)([69]11,21,6)([70]2,66,5)([71]32,5,2)([72]61,57,6)([73]30,45,4)([74]71,20,7)([75]66,29,7)([76]73,26,2)([77]26,65,2)([78]61,44,1)([79]72,59,4)([80]66,79,2)([81]17,40,7)([82]23,32,6)([83]72,51,4)([84]78,36,6)([85]44,43,4)([86]62,25,5)(80)
evaluations: 9587968
first invidual area: 153.70
{7,1,80,1,2,1,8}([7]2,1,1)([8]5,0,3)([9]6,5,4)([10]2,5,4)([11]8,9,5)([12]1,4,6)([13]3,9,4)([14]6,1,4)([15]13,5,2)([16]4,10,0)([17]13,14,6)([18]10,17,4)([19]5,9,5)([20]6,1,6)([21]11,12,4)([22]8,16,3)([23]12,9,7)([24]18,0,7)([25]7,16,6)([26]11,2,5)([27]0,1,3)([28]8,14,1)([29]25,12,4)([30]20,24,4)([31]30,10,3)([32]23,22,6)([33]5,11,5)([34]32,7,1)([35]14,23,2)([36]20,11,3)([37]28,24,6)([38]31,30,4)([39]31,22,5)([40]29,19,6)([41]31,29,1)([42]26,25,7)([43]32,10,0)([44]37,3,7)([45]13,44,1)([46]41,40,3)([47]31,17,7)([48]43,16,4)([49]32,44,3)([50]11,32,1)([51]0,29,6)([52]42,6,7)([53]0,44,5)([54]35,46,6)([55]49,21,4)([56]26,22,0)([57]3,13,2)([58]54,39,4)([59]0,37,1)([60]18,32,0)([61]60,57,6)([62]35,15,4)([63]40,46,7)([64]53,52,6)([65]29,38,1)([66]64,58,4)([67]3,4,6)([68]18,13,2)([69]41,8,7)([70]4,35,1)([71]7,33,7)([72]21,33,2)([73]55,8,4)([74]62,48,4)([75]39,0,7)([76]41,69,5)([77]4,13,1)([78]55,61,6)([79]54,14,4)([80]77,45,0)([81]67,69,2)([82]78,58,5)([83]66,82,2)([84]70,81,6)([85]74,73,7)([86]45,27,3)(83)
optimized area: 134.92
time: 1376535 ms
seed: 1635918551
{7,1,80,1,2,1,8}([7]1,6,4)([8]2,5,7)([9]5,4,5)([10]1,2,4)([11]4,9,2)([12]3,10,4)([13]0,1,5)([14]11,8,6)([15]1,11,3)([16]14,0,4)([17]9,3,5)([18]10,15,2)([19]2,7,7)([20]4,13,2)([21]17,16,5)([22]2,19,6)([23]14,21,7)([24]21,5,3)([25]23,7,5)([26]10,5,1)([27]20,8,7)([28]16,25,4)([29]20,28,7)([30]28,27,2)([31]1,15,7)([32]10,29,0)([33]1,22,7)([34]18,29,6)([35]0,28,4)([36]29,31,7)([37]1,31,7)([38]34,30,6)([39]33,38,7)([40]21,0,3)([41]12,39,6)([42]38,19,5)([43]12,37,3)([44]24,28,7)([45]29,37,3)([46]32,13,7)([47]13,29,6)([48]44,15,0)([49]42,28,7)([50]17,29,1)([51]44,3,2)([52]49,25,5)([53]36,7,2)([54]35,39,4)([55]50,26,1)([56]12,24,7)([57]51,20,1)([58]54,56,6)([59]20,46,3)([60]17,44,5)([61]19,30,6)([62]58,49,6)([63]28,31,5)([64]21,53,5)([65]55,11,0)([66]62,41,6)([67]35,24,7)([68]57,51,5)([69]55,61,3)([70]42,41,2)([71]68,11,4)([72]53,20,0)([73]72,10,1)([74]28,56,2)([75]66,64,2)([76]70,21,1)([77]16,15,1)([78]52,62,0)([79]51,61,5)([80]52,13,6)([81]16,19,7)([82]22,22,2)([83]55,24,6)([84]55,20,1)([85]49,1,4)([86]29,54,1)(75)
evaluations: 7441594
first invidual area: 134.95
{7,1,80,1,2,1,8}([7]6,1,4)([8]2,5,7)([9]5,4,5)([10]1,2,4)([11]9,4,2)([12]10,3,4)([13]1,0,5)([14]11,8,6)([15]11,1,3)([16]0,14,4)([17]3,9,5)([18]7,2,5)([19]7,2,7)([20]4,13,5)([21]16,17,5)([22]18,9,3)([23]21,14,7)([24]23,7,5)([25]10,15,2)([26]8,20,4)([27]15,6,5)([28]24,16,4)([29]20,28,4)([30]14,24,2)([31]19,14,2)([32]27,8,5)([33]29,25,6)([34]2,0,7)([35]26,28,2)([36]29,27,7)([37]18,6,4)([38]35,33,6)([39]38,37,7)([40]9,18,4)([41]39,12,6)([42]38,19,5)([43]20,32,2)([44]28,42,7)([45]17,22,2)([46]18,8,4)([47]27,25,5)([48]12,29,7)([49]31,36,0)([50]28,33,4)([51]14,49,5)([52]44,24,0)([53]36,21,2)([54]46,0,7)([55]54,7,3)([56]12,47,2)([57]27,35,6)([58]30,56,6)([59]23,37,3)([60]14,51,3)([61]11,26,5)([62]58,44,6)([63]11,34,5)([64]7,53,5)([65]19,37,7)([66]41,62,6)([67]12,33,2)([68]21,66,3)([69]33,42,3)([70]31,32,1)([71]8,5,0)([72]36,59,4)([73]45,2,3)([74]62,25,1)([75]51,66,2)([76]30,9,5)([77]51,65,5)([78]66,64,2)([79]46,44,7)([80]52,42,7)([81]65,43,0)([82]4,17,6)([83]79,6,4)([84]6,28,4)([85]8,23,5)([86]45,34,0)(78)
optimized area: 121.33
time: 1570122 ms
seed: 1635954840
NOT FOUND
time: 1069283 ms
seed: 1635990931
NOT FOUND
time: 1069007 ms
seed: 1636026837
NOT FOUND
time: 1073388 ms
seed: 1636061577
{7,1,80,1,2,1,8}([7]0,6,2)([8]7,1,5)([9]2,6,4)([10]7,1,3)([11]6,8,5)([12]4,5,5)([13]0,10,7)([14]8,0,4)([15]5,13,6)([16]13,0,3)([17]9,0,3)([18]16,9,5)([19]4,16,5)([20]3,13,7)([21]2,3,7)([22]7,2,2)([23]14,5,2)([24]5,4,6)([25]3,15,6)([26]23,25,3)([27]24,11,7)([28]22,0,0)([29]9,3,2)([30]27,19,2)([31]18,14,5)([32]0,20,3)([33]30,18,4)([34]32,26,7)([35]17,26,5)([36]23,8,5)([37]31,12,5)([38]26,16,7)([39]37,35,0)([40]29,10,3)([41]34,30,5)([42]28,12,4)([43]33,1,1)([44]40,35,4)([45]42,44,5)([46]28,38,0)([47]3,44,2)([48]47,22,1)([49]21,17,7)([50]19,33,5)([51]39,21,2)([52]26,14,4)([53]13,51,7)([54]35,13,7)([55]17,45,1)([56]51,34,3)([57]30,55,5)([58]12,37,4)([59]50,52,4)([60]45,59,3)([61]10,56,7)([62]47,59,3)([63]0,19,1)([64]34,7,7)([65]43,58,6)([66]49,11,3)([67]61,51,1)([68]20,38,2)([69]51,4,2)([70]2,19,5)([71]14,42,0)([72]67,33,3)([73]0,18,0)([74]26,10,4)([75]11,53,4)([76]33,39,6)([77]51,68,5)([78]13,32,0)([79]54,43,3)([80]10,15,1)([81]72,60,5)([82]8,42,1)([83]44,37,5)([84]20,19,5)([85]57,59,4)([86]28,66,1)(81)
evaluations: 6188039
first invidual area: 125.06
{7,1,80,1,2,1,8}([7]6,0,2)([8]1,7,5)([9]2,6,4)([10]7,1,3)([11]6,8,5)([12]4,5,5)([13]10,0,7)([14]8,0,5)([15]13,5,6)([16]0,13,3)([17]7,2,5)([18]9,16,5)([19]13,4,5)([20]10,3,4)([21]6,20,6)([22]3,15,6)([23]5,14,2)([24]4,5,3)([25]19,2,2)([26]22,23,3)([27]9,0,3)([28]26,27,5)([29]24,11,4)([30]19,29,5)([31]18,14,5)([32]0,20,3)([33]18,30,7)([34]32,26,7)([35]18,11,4)([36]26,4,4)([37]12,31,5)([38]9,20,2)([39]2,27,0)([40]38,10,6)([41]40,28,7)([42]17,12,7)([43]23,17,2)([44]3,2,7)([45]42,41,5)([46]34,23,0)([47]20,9,1)([48]0,28,3)([49]19,7,2)([50]45,19,6)([51]44,37,2)([52]10,7,4)([53]36,33,5)([54]46,51,7)([55]36,1,5)([56]46,51,3)([57]13,27,5)([58]31,19,3)([59]14,53,7)([60]59,45,3)([61]9,11,3)([62]10,56,4)([63]0,33,0)([64]58,59,0)([65]27,19,0)([66]37,56,2)([67]63,41,7)([68]44,35,1)([69]55,65,0)([70]55,28,2)([71]2,27,3)([72]62,33,3)([73]62,57,3)([74]52,9,3)([75]56,1,7)([76]45,26,2)([77]1,60,7)([78]35,70,7)([79]9,36,3)([80]8,25,6)([81]60,72,5)([82]33,24,1)([83]22,62,7)([84]60,58,5)([85]50,53,7)([86]72,79,3)(81)
optimized area: 119.90
time: 1357613 ms
seed: 1636095417
NOT FOUND
time: 1061618 ms
seed: 1636128588
NOT FOUND
time: 1081379 ms
seed: 1636161162
{7,1,80,1,2,1,8}([7]2,4,2)([8]0,0,6)([9]5,8,4)([10]2,8,5)([11]4,5,6)([12]2,1,5)([13]1,10,7)([14]9,10,4)([15]8,1,6)([16]9,3,4)([17]9,2,4)([18]3,6,5)([19]2,13,4)([20]11,6,4)([21]4,17,2)([22]15,21,2)([23]19,20,7)([24]8,11,6)([25]9,21,3)([26]15,16,3)([27]19,18,3)([28]3,18,0)([29]26,8,2)([30]17,7,3)([31]30,8,7)([32]16,15,7)([33]22,23,4)([34]31,19,4)([35]30,32,2)([36]1,24,2)([37]3,12,0)([38]6,9,6)([39]12,24,6)([40]21,6,6)([41]4,35,4)([42]1,13,3)([43]37,0,0)([44]16,8,6)([45]27,1,3)([46]36,24,1)([47]41,15,0)([48]1,20,4)([49]31,44,7)([50]33,8,7)([51]42,42,5)([52]40,29,3)([53]28,39,7)([54]27,25,4)([55]42,6,2)([56]3,47,1)([57]35,53,6)([58]50,5,0)([59]57,41,7)([60]13,43,6)([61]7,10,3)([62]51,52,5)([63]42,45,4)([64]50,36,3)([65]44,33,4)([66]44,47,1)([67]54,31,2)([68]18,65,2)([69]59,62,6)([70]33,67,6)([71]35,46,6)([72]27,30,6)([73]3,63,6)([74]37,12,6)([75]74,27,6)([76]41,57,0)([77]43,67,0)([78]54,45,1)([79]13,37,2)([80]70,57,6)([81]24,16,2)([82]16,55,1)([83]38,43,2)([84]80,69,4)([85]2,49,0)([86]70,57,3)(84)
evaluations: 12034183
first invidual area: 131.18
{7,1,80,1,2,1,8}([7]5,4,3)([8]0,6,1)([9]5,0,7)([10]8,1,6)([11]7,2,4)([12]8,2,5)([13]1,12,7)([14]2,1,5)([15]6,13,7)([16]2,4,2)([17]2,9,4)([18]4,17,2)([19]18,6,6)([20]4,13,0)([21]10,18,5)([22]21,11,4)([23]15,8,6)([24]6,3,5)([25]18,9,3)([26]0,19,1)([27]3,10,4)([28]1,24,3)([29]5,27,5)([30]16,17,3)([31]25,28,5)([32]9,27,7)([33]24,15,1)([34]32,0,6)([35]32,30,2)([36]18,2,5)([37]0,30,4)([38]23,14,6)([39]26,6,2)([40]0,34,0)([41]31,37,5)([42]5,8,4)([43]19,34,3)([44]35,26,5)([45]36,30,1)([46]21,19,5)([47]35,21,6)([48]38,13,6)([49]38,3,7)([50]25,22,4)([51]35,20,4)([52]0,42,1)([53]16,14,7)([54]35,45,6)([55]42,48,5)([56]6,3,2)([57]49,35,6)([58]57,51,7)([59]15,22,7)([60]36,24,2)([61]16,1,7)([62]43,48,5)([63]61,57,5)([64]62,24,1)([65]53,64,5)([66]8,51,3)([67]12,10,4)([68]59,44,7)([69]58,62,3)([70]22,69,5)([71]59,41,2)([72]60,27,6)([73]69,40,0)([74]62,37,1)([75]22,12,0)([76]38,30,0)([77]38,39,7)([78]29,46,5)([79]36,34,2)([80]71,57,3)([81]36,63,6)([82]67,73,0)([83]43,62,0)([84]69,80,4)([85]42,78,0)([86]55,35,6)(84)
optimized area: 122.27
time: 1278137 ms
seed: 1636193619
{7,1,80,1,2,1,8}([7]2,5,7)([8]5,3,1)([9]6,4,4)([10]2,8,3)([11]1,10,4)([12]0,4,4)([13]8,7,1)([14]9,4,4)([15]12,3,0)([16]0,3,3)([17]0,16,6)([18]4,2,7)([19]10,7,7)([20]18,2,3)([21]8,12,7)([22]14,11,6)([23]15,7,4)([24]22,21,4)([25]3,19,7)([26]11,25,5)([27]3,0,2)([28]13,21,5)([29]23,10,6)([30]4,26,3)([31]17,30,3)([32]24,16,5)([33]7,26,7)([34]1,7,0)([35]10,27,7)([36]5,12,3)([37]5,29,1)([38]22,5,2)([39]38,10,4)([40]34,39,2)([41]33,35,7)([42]29,14,2)([43]40,1,4)([44]20,11,2)([45]33,20,2)([46]23,6,6)([47]39,32,1)([48]28,31,5)([49]45,14,3)([50]32,43,3)([51]48,10,5)([52]13,1,0)([53]28,40,7)([54]31,42,5)([55]14,28,5)([56]6,55,5)([57]51,55,1)([58]21,56,7)([59]57,50,4)([60]50,40,2)([61]46,40,7)([62]44,9,4)([63]5,62,5)([64]33,61,3)([65]62,51,7)([66]33,38,2)([67]65,9,0)([68]60,64,7)([69]42,35,4)([70]24,42,1)([71]69,42,4)([72]40,70,7)([73]17,60,2)([74]65,41,3)([75]3,54,4)([76]35,40,0)([77]14,71,3)([78]43,68,7)([79]10,76,3)([80]55,33,1)([81]43,22,4)([82]34,68,5)([83]69,78,5)([84]44,3,2)([85]59,74,5)([86]83,85,2)(86)
evaluations: 13962239
first invidual area: 169.62
{7,1,80,1,2,1,8}([7]5,2,7)([8]4,6,1)([9]4,6,7)([10]2,7,3)([11]10,1,4)([12]5,11,0)([13]11,6,7)([14]7,12,3)([15]0,8,4)([16]3,0,3)([17]14,0,1)([18]12,15,5)([19]12,6,2)([20]8,2,3)([21]15,12,4)([22]6,11,6)([23]14,3,7)([24]21,22,7)([25]9,9,0)([26]11,23,5)([27]3,0,5)([28]16,8,5)([29]24,20,0)([30]5,22,5)([31]26,28,3)([32]16,29,5)([33]16,16,5)([34]26,29,2)([35]27,10,4)([36]25,26,2)([37]13,31,7)([38]26,7,4)([39]10,30,5)([40]39,1,2)([41]38,35,4)([42]22,8,6)([43]22,12,5)([44]26,41,6)([45]9,2,0)([46]32,40,3)([47]16,14,2)([48]18,31,5)([49]41,36,3)([50]48,20,4)([51]10,48,5)([52]14,34,3)([53]15,32,3)([54]31,1,4)([55]13,49,6)([56]51,54,0)([57]20,11,5)([58]48,39,5)([59]55,51,4)([60]1,34,7)([61]25,14,6)([62]45,46,7)([63]11,11,5)([64]5,46,4)([65]62,57,4)([66]28,18,4)([67]52,8,2)([68]37,49,5)([69]31,30,4)([70]35,58,7)([71]2,19,6)([72]47,1,5)([73]66,19,5)([74]58,21,6)([75]58,27,2)([76]41,65,3)([77]67,41,3)([78]40,55,6)([79]44,41,1)([80]38,70,1)([81]51,46,7)([82]31,80,3)([83]70,78,5)([84]24,67,4)([85]81,76,5)([86]83,85,2)(86)
optimized area: 128.82
time: 1376295 ms
seed: 1636224239
{7,1,80,1,2,1,8}([7]2,3,3)([8]7,5,7)([9]5,8,5)([10]3,6,6)([11]0,8,6)([12]4,1,6)([13]6,1,5)([14]1,6,5)([15]12,12,3)([16]2,10,4)([17]4,0,6)([18]11,14,3)([19]18,6,2)([20]2,10,7)([21]14,3,5)([22]20,4,5)([23]8,12,2)([24]9,0,3)([25]8,4,4)([26]1,5,4)([27]25,0,5)([28]0,22,2)([29]3,18,5)([30]29,29,7)([31]13,25,6)([32]15,6,3)([33]24,26,4)([34]20,12,3)([35]1,20,6)([36]12,9,5)([37]16,36,3)([38]17,34,2)([39]25,10,2)([40]29,17,3)([41]39,23,4)([42]0,14,3)([43]21,23,4)([44]2,11,6)([45]41,27,4)([46]5,28,4)([47]26,43,4)([48]19,45,3)([49]20,7,4)([50]37,49,4)([51]37,46,5)([52]20,33,7)([53]28,19,2)([54]40,18,7)([55]26,35,1)([56]40,52,2)([57]51,45,7)([58]52,11,0)([59]41,41,3)([60]38,47,7)([61]53,48,6)([62]4,57,3)([63]27,7,4)([64]48,53,5)([65]43,51,1)([66]59,58,2)([67]57,60,2)([68]64,67,2)([69]65,47,0)([70]67,1,0)([71]36,61,4)([72]39,46,6)([73]36,29,4)([74]17,32,7)([75]0,0,6)([76]21,55,7)([77]4,75,2)([78]36,0,2)([79]42,65,0)([80]69,5,5)([81]56,68,4)([82]72,6,0)([83]49,4,5)([84]40,58,0)([85]37,84,7)([86]78,57,7)(81)
evaluations: 21050880
first invidual area: 133.98
{7,1,80,1,2,1,8}([7]2,3,6)([8]7,5,4)([9]0,3,0)([10]3,6,6)([11]5,9,6)([12]1,4,6)([13]5,2,3)([14]1,6,5)([15]0,4,6)([16]5,7,6)([17]8,13,5)([18]14,11,3)([19]17,0,6)([20]2,10,7)([21]14,3,5)([22]4,20,5)([23]12,8,5)([24]18,8,5)([25]8,4,4)([26]1,5,4)([27]6,16,5)([28]9,22,2)([29]3,18,5)([30]21,13,3)([31]5,15,5)([32]25,10,5)([33]26,19,7)([34]12,20,3)([35]20,33,7)([36]25,9,5)([37]10,29,4)([38]15,34,5)([39]12,19,0)([40]29,15,3)([41]32,23,7)([42]6,35,0)([43]26,21,7)([44]40,35,5)([45]41,36,4)([46]5,28,4)([47]38,43,7)([48]29,29,2)([49]16,16,2)([50]47,23,4)([51]30,46,5)([52]8,23,5)([53]18,42,2)([54]10,16,6)([55]46,21,3)([56]1,5,4)([57]51,45,7)([58]22,54,7)([59]35,50,2)([60]16,25,4)([61]50,13,7)([62]54,7,4)([63]5,32,0)([64]53,28,5)([65]35,55,3)([66]16,12,4)([67]57,50,6)([68]64,67,5)([69]8,54,3)([70]48,46,2)([71]17,28,3)([72]64,18,2)([73]3,63,5)([74]21,6,4)([75]17,27,7)([76]45,20,0)([77]54,39,7)([78]44,68,4)([79]43,15,7)([80]18,37,5)([81]5,2,2)([82]4,21,3)([83]14,75,4)([84]13,17,1)([85]3,61,5)([86]51,57,5)(78)
optimized area: 122.73
time: 1216018 ms
seed: 1636254287
{7,1,80,1,2,1,8}([7]3,2,5)([8]5,5,2)([9]1,0,4)([10]1,7,7)([11]10,2,7)([12]3,11,5)([13]4,9,5)([14]12,11,5)([15]7,3,0)([16]8,6,4)([17]0,14,4)([18]0,15,2)([19]16,15,4)([20]18,11,4)([21]18,20,2)([22]18,14,7)([23]20,19,3)([24]4,3,1)([25]3,6,7)([26]0,10,0)([27]4,10,6)([28]21,12,4)([29]9,5,3)([30]24,28,6)([31]28,5,4)([32]9,11,2)([33]26,3,7)([34]12,11,3)([35]22,24,6)([36]25,20,1)([37]5,3,3)([38]32,24,5)([39]8,35,3)([40]16,7,6)([41]25,27,4)([42]39,41,7)([43]8,38,4)([44]16,13,2)([45]31,43,2)([46]9,39,4)([47]21,29,5)([48]42,23,2)([49]22,4,4)([50]48,47,2)([51]34,6,4)([52]28,46,5)([53]17,44,3)([54]51,48,0)([55]45,50,6)([56]50,32,5)([57]6,29,7)([58]23,2,4)([59]16,52,7)([60]59,55,4)([61]47,1,3)([62]21,3,6)([63]22,33,4)([64]10,16,4)([65]48,4,6)([66]55,53,3)([67]46,46,1)([68]4,61,3)([69]11,64,4)([70]47,6,3)([71]10,37,4)([72]45,23,6)([73]49,57,5)([74]24,29,1)([75]12,61,2)([76]49,50,0)([77]12,11,3)([78]66,60,2)([79]31,38,2)([80]31,49,3)([81]21,10,4)([82]54,57,1)([83]65,60,0)([84]10,45,7)([85]13,41,3)([86]78,12,1)(78)
evaluations: 47658820
first invidual area: 131.66
{7,1,80,1,2,1,8}([7]3,2,5)([8]4,2,1)([9]1,0,4)([10]1,7,7)([11]10,2,7)([12]3,11,5)([13]2,4,5)([14]12,11,5)([15]0,12,0)([16]5,6,4)([17]15,14,4)([18]0,7,2)([19]16,7,4)([20]18,11,4)([21]18,20,2)([22]7,10,6)([23]20,19,3)([24]4,21,1)([25]3,6,7)([26]19,3,3)([27]4,10,6)([28]21,12,4)([29]5,2,3)([30]12,20,7)([31]28,5,4)([32]9,11,2)([33]8,30,6)([34]33,23,6)([35]30,24,6)([36]0,25,7)([37]32,23,0)([38]37,24,5)([39]5,35,3)([40]34,17,0)([41]25,27,7)([42]39,41,4)([43]5,38,4)([44]16,13,2)([45]31,43,2)([46]9,39,4)([47]21,29,5)([48]42,23,2)([49]45,32,7)([50]48,47,2)([51]49,44,2)([52]28,46,5)([53]17,44,3)([54]2,33,7)([55]45,50,6)([56]47,14,7)([57]5,21,2)([58]38,42,0)([59]16,52,7)([60]59,55,4)([61]13,15,4)([62]2,6,4)([63]5,31,0)([64]21,60,6)([65]54,9,3)([66]55,53,3)([67]37,36,7)([68]20,0,3)([69]34,58,1)([70]38,33,3)([71]47,21,0)([72]63,23,6)([73]32,2,0)([74]52,25,5)([75]38,4,4)([76]3,34,3)([77]69,3,4)([78]66,60,2)([79]1,67,4)([80]56,78,2)([81]52,63,3)([82]45,16,1)([83]29,49,6)([84]55,45,4)([85]22,7,1)([86]31,73,5)(78)
optimized area: 131.66
time: 1072028 ms
seed: 1636273343
{7,1,80,1,2,1,8}([7]6,4,7)([8]3,2,7)([9]0,4,2)([10]7,0,2)([11]7,2,7)([12]0,7,4)([13]4,3,5)([14]8,7,4)([15]8,13,4)([16]1,12,4)([17]7,11,2)([18]10,5,7)([19]6,2,7)([20]18,11,3)([21]20,13,7)([22]13,14,3)([23]11,15,6)([24]18,0,7)([25]23,24,3)([26]24,20,3)([27]25,3,7)([28]15,23,6)([29]15,6,3)([30]26,25,5)([31]26,26,5)([32]3,30,5)([33]16,22,2)([34]9,26,5)([35]9,20,4)([36]32,34,5)([37]13,35,6)([38]35,19,7)([39]15,1,6)([40]39,16,6)([41]25,5,2)([42]6,33,1)([43]24,17,6)([44]39,18,7)([45]44,11,7)([46]45,33,6)([47]27,13,5)([48]36,38,7)([49]47,37,7)([50]33,35,7)([51]48,23,0)([52]40,48,6)([53]46,21,2)([54]38,13,6)([55]35,12,4)([56]48,55,2)([57]6,2,3)([58]3,52,0)([59]58,49,2)([60]56,46,2)([61]20,19,3)([62]6,3,0)([63]45,42,4)([64]53,50,3)([65]47,27,4)([66]61,16,5)([67]30,20,0)([68]11,23,1)([69]55,6,7)([70]39,51,2)([71]33,63,0)([72]67,32,2)([73]54,42,1)([74]19,58,0)([75]48,48,5)([76]49,64,5)([77]62,13,4)([78]52,60,7)([79]5,60,0)([80]30,38,3)([81]73,13,7)([82]21,36,6)([83]46,62,1)([84]76,78,2)([85]28,56,4)([86]71,77,0)(84)
evaluations: 13834780
first invidual area: 153.70
{7,1,80,1,2,1,8}([7]6,4,7)([8]2,3,7)([9]4,0,2)([10]2,6,7)([11]2,7,7)([12]7,0,4)([13]4,3,5)([14]7,0,5)([15]8,13,4)([16]12,1,4)([17]12,9,7)([18]5,14,4)([19]13,8,0)([20]11,18,3)([21]0,18,7)([22]13,16,2)([23]11,15,6)([24]8,23,1)([25]23,21,3)([26]6,0,5)([27]3,25,7)([28]26,27,5)([29]20,21,7)([30]12,3,4)([31]10,0,0)([32]3,28,5)([33]6,12,6)([34]20,9,5)([35]20,9,4)([36]32,34,5)([37]35,1,5)([38]35,31,7)([39]15,1,6)([40]39,16,6)([41]35,12,4)([42]13,27,5)([43]39,18,4)([44]30,37,0)([45]11,43,4)([46]45,22,6)([47]19,35,3)([48]36,38,7)([49]42,47,5)([50]41,37,0)([51]1,50,7)([52]40,48,6)([53]4,31,3)([54]3,45,7)([55]39,18,4)([56]48,41,2)([57]55,37,3)([58]37,16,0)([59]56,13,0)([60]46,59,2)([61]14,11,5)([62]28,56,2)([63]45,5,6)([64]63,51,3)([65]47,16,0)([66]51,50,5)([67]8,17,7)([68]23,42,2)([69]30,4,7)([70]6,50,5)([71]15,68,1)([72]51,46,1)([73]7,67,1)([74]37,67,7)([75]52,7,6)([76]49,64,5)([77]51,22,4)([78]52,60,6)([79]19,71,5)([80]0,43,4)([81]61,3,0)([82]13,42,2)([83]16,70,0)([84]76,78,2)([85]19,17,3)([86]12,9,5)(84)
optimized area: 135.87
time: 1441960 ms
seed: 1636289938
{7,1,80,1,2,1,8}([7]4,1,6)([8]6,4,6)([9]1,2,7)([10]6,1,5)([11]9,3,5)([12]5,4,3)([13]0,9,4)([14]3,13,3)([15]7,6,0)([16]2,11,2)([17]12,3,4)([18]0,11,4)([19]2,5,7)([20]7,16,7)([21]18,16,7)([22]14,18,5)([23]5,14,2)([24]6,9,7)([25]1,23,7)([26]23,8,4)([27]8,1,3)([28]25,14,2)([29]22,10,5)([30]22,23,4)([31]26,13,4)([32]24,12,4)([33]18,12,3)([34]25,27,2)([35]20,26,3)([36]6,33,7)([37]16,2,6)([38]35,10,7)([39]32,21,6)([40]31,27,6)([41]15,33,5)([42]11,39,4)([43]3,42,7)([44]31,19,5)([45]30,7,3)([46]14,41,3)([47]35,45,6)([48]45,0,3)([49]19,41,4)([50]36,35,4)([51]13,43,5)([52]39,19,0)([53]43,48,7)([54]30,26,3)([55]35,30,2)([56]39,29,3)([57]9,33,4)([58]30,28,5)([59]13,41,3)([60]33,10,3)([61]58,34,4)([62]4,37,1)([63]19,17,7)([64]8,15,7)([65]41,3,1)([66]12,27,4)([67]19,49,5)([68]17,0,5)([69]34,65,5)([70]41,25,1)([71]47,44,4)([72]53,40,0)([73]53,61,2)([74]71,50,2)([75]71,74,2)([76]16,38,0)([77]41,32,2)([78]59,6,2)([79]65,1,0)([80]74,31,2)([81]36,73,6)([82]10,17,7)([83]50,17,6)([84]73,74,6)([85]53,39,7)([86]18,50,0)(84)
evaluations: 33353130
first invidual area: 138.71
{7,1,80,1,2,1,8}([7]4,1,6)([8]5,5,5)([9]1,2,7)([10]6,9,7)([11]3,9,5)([12]4,5,3)([13]9,0,4)([14]3,13,3)([15]7,0,5)([16]2,11,2)([17]14,5,2)([18]0,11,4)([19]7,16,7)([20]6,4,6)([21]14,11,5)([22]14,16,1)([23]11,14,4)([24]12,21,3)([25]5,1,7)([26]17,20,4)([27]26,21,3)([28]21,17,4)([29]25,18,5)([30]16,18,7)([31]26,13,4)([32]29,30,6)([33]18,12,3)([34]25,15,5)([35]19,26,3)([36]6,33,7)([37]25,9,7)([38]10,12,4)([39]38,30,6)([40]15,30,5)([41]25,35,0)([42]3,39,7)([43]11,42,4)([44]31,37,5)([45]28,7,3)([46]30,19,4)([47]9,4,0)([48]45,0,3)([49]13,17,1)([50]12,37,7)([51]14,24,0)([52]39,3,6)([53]43,48,7)([54]47,28,2)([55]35,28,0)([56]43,18,5)([57]54,14,6)([58]27,40,0)([59]34,51,2)([60]44,56,2)([61]17,18,7)([62]7,19,0)([63]1,52,5)([64]61,48,1)([65]12,32,4)([66]34,29,7)([67]7,36,7)([68]44,16,2)([69]55,8,0)([70]1,25,3)([71]55,36,4)([72]39,17,4)([73]26,65,6)([74]60,71,2)([75]45,2,3)([76]8,71,5)([77]9,60,0)([78]71,29,0)([79]17,18,4)([80]73,19,3)([81]53,66,2)([82]21,58,5)([83]64,51,2)([84]81,74,6)([85]5,26,4)([86]10,38,4)(84)
optimized area: 132.61
time: 1165455 ms
seed: 1636306355
NOT FOUND
time: 1080864 ms
seed: 1636322709
{7,1,80,1,2,1,8}([7]5,0,6)([8]0,6,7)([9]3,7,4)([10]1,8,4)([11]10,6,3)([12]10,6,6)([13]4,2,5)([14]5,5,2)([15]9,13,6)([16]9,10,5)([17]7,4,6)([18]12,0,3)([19]4,3,4)([20]11,2,7)([21]9,13,2)([22]17,15,6)([23]13,22,2)([24]23,19,3)([25]15,17,5)([26]18,13,4)([27]4,6,0)([28]16,20,7)([29]25,15,1)([30]8,22,3)([31]27,5,6)([32]8,31,4)([33]0,21,0)([34]30,9,0)([35]26,34,3)([36]14,16,1)([37]32,28,3)([38]0,22,0)([39]10,31,7)([40]13,38,7)([41]39,34,5)([42]30,20,7)([43]19,20,4)([44]2,15,5)([45]29,6,5)([46]41,16,5)([47]24,5,1)([48]20,35,4)([49]19,37,5)([50]48,36,7)([51]43,6,4)([52]50,16,1)([53]44,31,3)([54]4,3,5)([55]52,37,6)([56]51,46,3)([57]26,20,3)([58]16,56,7)([59]26,36,1)([60]55,56,4)([61]15,41,0)([62]30,36,2)([63]57,39,7)([64]25,51,5)([65]15,14,5)([66]38,43,7)([67]39,56,3)([68]57,19,4)([69]1,50,4)([70]43,11,2)([71]69,68,3)([72]6,63,4)([73]71,58,4)([74]63,54,0)([75]5,16,3)([76]10,54,0)([77]27,10,7)([78]73,63,3)([79]61,17,6)([80]78,60,5)([81]73,75,3)([82]6,14,2)([83]42,38,3)([84]73,80,4)([85]24,18,7)([86]45,44,7)(80)
evaluations: 45936085
first invidual area: 138.70
{7,1,80,1,2,1,8}([7]5,0,6)([8]0,6,7)([9]7,3,4)([10]8,1,4)([11]10,6,3)([12]11,1,1)([13]2,4,5)([14]12,6,3)([15]9,13,6)([16]9,10,5)([17]7,4,6)([18]12,0,3)([19]4,3,4)([20]12,2,4)([21]8,7,7)([22]17,15,6)([23]11,14,2)([24]9,17,1)([25]11,8,0)([26]18,13,4)([27]13,14,6)([28]16,20,7)([29]19,14,0)([30]8,22,3)([31]4,5,6)([32]8,31,4)([33]20,2,5)([34]28,22,2)([35]26,30,3)([36]16,29,6)([37]32,28,3)([38]8,14,7)([39]10,31,7)([40]20,6,5)([41]39,30,5)([42]20,12,6)([43]29,28,4)([44]1,7,0)([45]33,31,2)([46]41,16,5)([47]15,20,7)([48]20,35,4)([49]4,13,4)([50]48,5,4)([51]43,6,4)([52]50,39,1)([53]37,19,7)([54]34,20,3)([55]52,37,6)([56]51,46,3)([57]26,20,3)([58]16,56,5)([59]13,44,4)([60]55,56,4)([61]18,0,0)([62]11,37,4)([63]57,39,7)([64]48,62,3)([65]29,22,1)([66]25,48,4)([67]51,64,0)([68]57,19,4)([69]1,50,4)([70]20,33,4)([71]69,68,6)([72]58,17,1)([73]71,58,4)([74]69,65,0)([75]66,62,7)([76]30,65,3)([77]24,70,5)([78]73,63,3)([79]23,40,3)([80]78,60,5)([81]69,5,2)([82]53,25,4)([83]21,63,1)([84]45,60,1)([85]30,11,4)([86]0,3,4)(80)
optimized area: 133.54
time: 1081133 ms
seed: 1636338966
{7,1,80,1,2,1,8}([7]0,3,1)([8]5,1,4)([9]6,3,3)([10]4,6,4)([11]6,3,2)([12]7,8,1)([13]12,4,6)([14]10,1,6)([15]5,13,4)([16]4,3,2)([17]12,9,0)([18]1,4,1)([19]5,17,2)([20]10,16,0)([21]14,9,4)([22]2,18,7)([23]17,21,2)([24]22,9,0)([25]20,2,2)([26]13,24,2)([27]16,11,7)([28]6,20,1)([29]23,5,4)([30]26,22,1)([31]17,25,4)([32]14,12,7)([33]18,12,2)([34]31,29,7)([35]32,5,2)([36]29,19,5)([37]14,30,7)([38]26,3,4)([39]31,0,6)([40]0,6,4)([41]34,15,4)([42]8,16,4)([43]29,11,5)([44]33,6,2)([45]21,7,1)([46]32,13,6)([47]21,25,3)([48]41,3,1)([49]6,22,4)([50]5,12,3)([51]49,35,6)([52]40,47,3)([53]52,32,7)([54]15,49,5)([55]17,21,4)([56]8,15,0)([57]48,42,5)([58]3,29,1)([59]38,47,0)([60]36,19,0)([61]49,40,4)([62]21,52,6)([63]11,36,6)([64]63,2,6)([65]33,55,2)([66]59,64,3)([67]43,54,5)([68]6,66,4)([69]56,24,6)([70]67,68,3)([71]56,64,1)([72]1,0,1)([73]53,69,2)([74]63,72,7)([75]5,67,2)([76]73,57,4)([77]70,76,4)([78]59,56,7)([79]3,21,2)([80]58,18,2)([81]80,58,5)([82]24,75,7)([83]32,31,0)([84]83,28,3)([85]22,48,5)([86]66,8,1)(77)
evaluations: 23527438
first invidual area: 139.15
{7,1,80,1,2,1,8}([7]6,2,0)([8]5,7,1)([9]0,7,0)([10]7,4,4)([11]1,2,4)([12]6,3,6)([13]9,4,6)([14]1,10,6)([15]13,5,4)([16]1,5,4)([17]14,9,7)([18]11,8,2)([19]17,17,3)([20]0,7,4)([21]14,12,7)([22]10,1,0)([23]9,21,5)([24]11,12,0)([25]10,2,2)([26]22,16,1)([27]7,17,2)([28]13,24,5)([29]23,8,4)([30]3,28,7)([31]22,14,7)([32]25,0,4)([33]3,4,5)([34]32,29,4)([35]14,4,3)([36]23,19,5)([37]34,8,6)([38]20,21,3)([39]6,29,2)([40]37,38,6)([41]16,12,0)([42]16,33,7)([43]3,39,5)([44]24,20,0)([45]4,36,5)([46]16,1,0)([47]36,27,2)([48]5,43,6)([49]34,15,4)([50]6,11,4)([51]21,0,0)([52]14,50,6)([53]40,17,4)([54]15,50,5)([55]16,11,6)([56]8,55,3)([57]43,4,0)([58]31,34,6)([59]49,50,0)([60]59,42,5)([61]9,14,2)([62]8,61,5)([63]32,62,4)([64]37,2,6)([65]32,0,3)([66]30,64,6)([67]54,43,5)([68]7,66,7)([69]38,39,3)([70]67,68,6)([71]16,19,5)([72]17,19,7)([73]53,55,5)([74]49,54,1)([75]43,57,5)([76]70,60,4)([77]73,76,4)([78]62,54,5)([79]48,18,0)([80]4,37,4)([81]63,36,0)([82]52,68,5)([83]77,63,4)([84]40,24,2)([85]66,74,1)([86]44,70,7)(77)
optimized area: 128.86
time: 1190099 ms
seed: 1636345581
NOT FOUND
time: 1068506 ms
seed: 1636351922
NOT FOUND
time: 1053529 ms
