seed: 1634018240
NOT FOUND
time: 535500 ms
seed: 1634067073
{7,1,80,1,2,1,8}([7]4,3,7)([8]4,1,3)([9]5,7,3)([10]3,0,7)([11]6,1,7)([12]6,2,2)([13]3,6,5)([14]0,1,4)([15]3,2,4)([16]14,13,7)([17]8,13,6)([18]10,11,0)([19]15,6,3)([20]2,0,4)([21]15,9,6)([22]20,19,3)([23]11,11,3)([24]17,5,7)([25]14,23,7)([26]12,22,4)([27]2,7,7)([28]4,12,7)([29]26,24,3)([30]3,11,3)([31]9,16,5)([32]5,4,6)([33]24,30,2)([34]6,20,3)([35]32,1,2)([36]7,21,3)([37]33,4,0)([38]7,20,6)([39]16,15,5)([40]20,37,3)([41]33,2,6)([42]31,29,2)([43]34,40,1)([44]24,10,7)([45]30,28,3)([46]18,19,2)([47]0,37,4)([48]40,22,5)([49]17,35,7)([50]35,15,2)([51]36,41,4)([52]28,42,7)([53]52,23,6)([54]51,10,7)([55]53,10,4)([56]48,32,7)([57]24,24,6)([58]50,41,0)([59]41,50,4)([60]39,52,2)([61]56,25,5)([62]50,25,5)([63]1,5,1)([64]47,63,2)([65]43,31,2)([66]64,55,4)([67]31,47,5)([68]54,66,6)([69]65,0,2)([70]42,11,0)([71]43,44,1)([72]57,55,4)([73]1,29,6)([74]58,52,6)([75]8,23,5)([76]46,45,5)([77]74,61,2)([78]74,72,4)([79]49,59,6)([80]41,77,3)([81]34,21,7)([82]43,31,0)([83]68,77,6)([84]59,26,6)([85]56,58,7)([86]85,46,0)(83)
evaluations: 4856490
first invidual area: 147.12
{7,1,80,1,2,1,8}([7]3,4,7)([8]1,7,3)([9]5,7,3)([10]3,0,4)([11]1,6,2)([12]2,6,2)([13]3,6,5)([14]1,13,7)([15]2,3,4)([16]14,0,4)([17]13,8,6)([18]3,11,3)([19]17,5,7)([20]10,15,4)([21]15,9,6)([22]20,10,3)([23]14,5,6)([24]19,19,0)([25]22,6,6)([26]12,25,6)([27]6,0,4)([28]9,16,5)([29]24,26,3)([30]21,7,6)([31]15,11,0)([32]5,4,2)([33]18,19,2)([34]13,10,7)([35]0,33,4)([36]16,17,5)([37]34,6,4)([38]33,18,0)([39]29,28,5)([40]20,21,6)([41]14,33,0)([42]11,32,0)([43]23,9,7)([44]1,18,1)([45]38,2,6)([46]11,2,3)([47]4,12,4)([48]15,7,7)([49]14,42,5)([50]31,24,2)([51]45,30,4)([52]47,39,7)([53]52,42,3)([54]51,10,4)([55]53,51,4)([56]40,23,6)([57]50,16,2)([58]49,11,0)([59]15,44,6)([60]53,57,4)([61]56,27,5)([62]57,41,0)([63]49,16,4)([64]35,44,5)([65]64,16,1)([66]64,55,7)([67]52,50,4)([68]54,66,2)([69]65,15,7)([70]32,18,6)([71]12,50,1)([72]63,49,1)([73]9,37,5)([74]57,52,6)([75]8,25,3)([76]36,75,6)([77]74,61,2)([78]20,27,3)([79]42,1,6)([80]4,52,0)([81]28,9,7)([82]31,63,5)([83]68,77,6)([84]46,61,3)([85]27,35,6)([86]52,19,4)(83)
optimized area: 137.26
time: 687179 ms
seed: 1634228547
{7,1,80,1,2,1,8}([7]6,2,4)([8]7,7,1)([9]8,4,4)([10]1,3,4)([11]9,5,5)([12]5,8,4)([13]12,10,2)([14]5,10,6)([15]1,4,6)([16]2,3,7)([17]3,0,6)([18]3,5,5)([19]13,18,7)([20]17,1,1)([21]19,2,2)([22]16,21,0)([23]8,4,6)([24]6,10,5)([25]4,12,7)([26]13,1,3)([27]20,13,4)([28]21,24,4)([29]14,16,4)([30]18,7,0)([31]18,21,2)([32]24,0,7)([33]4,24,1)([34]29,33,7)([35]24,27,2)([36]32,23,4)([37]14,25,4)([38]27,11,0)([39]37,29,2)([40]36,12,3)([41]40,28,5)([42]3,1,5)([43]20,4,0)([44]38,11,2)([45]29,41,7)([46]44,36,4)([47]2,21,2)([48]45,44,5)([49]36,48,5)([50]3,40,2)([51]37,42,6)([52]34,51,7)([53]3,5,3)([54]1,36,1)([55]3,16,7)([56]9,23,1)([57]47,50,6)([58]6,49,4)([59]56,8,6)([60]54,6,7)([61]26,22,3)([62]51,57,2)([63]60,2,4)([64]35,40,3)([65]2,44,3)([66]27,39,4)([67]26,25,5)([68]49,8,4)([69]52,32,7)([70]34,35,4)([71]66,70,3)([72]62,31,4)([73]55,63,3)([74]65,28,5)([75]49,71,2)([76]44,23,0)([77]72,75,7)([78]45,12,2)([79]41,65,4)([80]50,51,4)([81]56,33,5)([82]60,81,5)([83]71,38,1)([84]57,83,6)([85]14,50,1)([86]36,84,3)(77)
evaluations: 13053759
first invidual area: 146.18
{7,1,80,1,2,1,8}([7]6,2,7)([8]3,1,3)([9]3,5,5)([10]3,1,4)([11]5,10,3)([12]7,5,4)([13]10,12,2)([14]0,2,0)([15]12,7,2)([16]3,14,3)([17]3,1,5)([18]14,0,0)([19]9,13,7)([20]4,7,6)([21]2,19,2)([22]14,4,6)([23]4,11,4)([24]10,6,5)([25]22,9,3)([26]21,24,7)([27]16,13,4)([28]2,3,4)([29]28,11,4)([30]12,26,6)([31]24,18,7)([32]0,20,7)([33]29,22,0)([34]4,29,4)([35]27,24,5)([36]24,32,4)([37]12,23,4)([38]36,15,1)([39]37,29,5)([40]23,36,3)([41]5,37,5)([42]33,26,7)([43]21,9,2)([44]42,41,2)([45]42,6,0)([46]19,30,5)([47]4,27,4)([48]27,44,5)([49]33,26,6)([50]36,48,5)([51]40,17,6)([52]23,45,0)([53]42,17,6)([54]35,31,3)([55]29,32,2)([56]34,35,7)([57]27,50,2)([58]38,17,0)([59]23,18,5)([60]13,54,4)([61]47,16,4)([62]14,57,0)([63]24,9,4)([64]27,43,7)([65]9,0,5)([66]27,39,7)([67]51,30,2)([68]29,53,6)([69]33,52,6)([70]48,2,3)([71]66,56,3)([72]67,43,3)([73]25,14,1)([74]34,56,2)([75]50,71,5)([76]63,8,4)([77]72,75,4)([78]32,71,7)([79]5,35,6)([80]65,29,5)([81]45,61,0)([82]55,14,0)([83]76,37,0)([84]18,27,4)([85]36,58,1)([86]33,20,3)(77)
optimized area: 126.98
time: 656174 ms
seed: 1634366139
NOT FOUND
time: 526185 ms
seed: 1634415119
NOT FOUND
time: 523362 ms
seed: 1634623423
{7,1,80,1,2,1,8}([7]1,2,3)([8]3,4,5)([9]0,2,2)([10]6,4,4)([11]6,0,5)([12]8,9,6)([13]7,12,6)([14]9,5,7)([15]13,6,3)([16]1,9,2)([17]1,15,7)([18]0,17,4)([19]10,11,5)([20]18,5,1)([21]11,18,4)([22]19,13,6)([23]12,22,6)([24]4,5,6)([25]14,21,0)([26]13,9,1)([27]12,20,0)([28]2,3,7)([29]28,10,6)([30]18,3,5)([31]21,13,6)([32]23,0,7)([33]24,32,6)([34]20,14,3)([35]13,4,7)([36]15,14,5)([37]30,36,0)([38]27,17,5)([39]4,15,4)([40]22,29,4)([41]28,5,4)([42]10,5,4)([43]13,17,6)([44]1,2,5)([45]9,37,6)([46]7,33,2)([47]27,1,0)([48]25,34,4)([49]31,40,6)([50]19,34,6)([51]12,1,5)([52]21,8,4)([53]37,17,2)([54]36,42,5)([55]12,8,0)([56]25,17,3)([57]45,15,3)([58]1,49,4)([59]1,45,1)([60]5,53,2)([61]28,34,4)([62]28,54,5)([63]49,52,7)([64]57,60,7)([65]61,33,6)([66]46,65,4)([67]66,19,0)([68]64,66,4)([69]23,67,2)([70]38,50,3)([71]63,68,6)([72]31,59,6)([73]32,56,4)([74]22,33,2)([75]27,11,0)([76]53,40,6)([77]37,31,2)([78]71,54,5)([79]60,3,2)([80]59,21,7)([81]66,31,4)([82]40,68,0)([83]73,78,7)([84]78,51,5)([85]29,14,6)([86]43,28,0)(83)
evaluations: 10237176
first invidual area: 143.36
{7,1,80,1,2,1,8}([7]2,1,3)([8]3,4,5)([9]2,0,2)([10]4,6,4)([11]6,0,5)([12]8,9,6)([13]12,7,6)([14]5,9,7)([15]6,13,3)([16]4,5,6)([17]1,15,7)([18]17,0,4)([19]11,10,5)([20]4,19,3)([21]18,11,4)([22]13,19,6)([23]22,12,6)([24]7,13,2)([25]17,13,3)([26]17,14,3)([27]5,7,0)([28]2,3,7)([29]10,28,6)([30]3,18,5)([31]18,18,1)([32]0,23,7)([33]16,32,6)([34]31,14,6)([35]21,34,6)([36]31,11,3)([37]11,6,1)([38]34,32,7)([39]37,22,0)([40]1,27,2)([41]11,39,2)([42]12,30,4)([43]28,34,7)([44]29,22,3)([45]16,30,5)([46]7,33,2)([47]11,30,5)([48]11,30,5)([49]35,44,3)([50]14,15,5)([51]27,19,6)([52]21,49,7)([53]45,15,3)([54]27,10,4)([55]49,36,2)([56]40,54,7)([57]24,32,2)([58]49,1,3)([59]4,55,1)([60]30,40,5)([61]16,7,3)([62]26,32,7)([63]8,52,4)([64]60,53,5)([65]43,33,6)([66]65,46,3)([67]29,54,1)([68]33,20,4)([69]66,64,7)([70]54,50,5)([71]55,47,7)([72]43,52,1)([73]30,8,7)([74]63,69,2)([75]11,67,7)([76]36,23,6)([77]57,59,4)([78]74,70,5)([79]21,28,1)([80]26,18,3)([81]77,71,6)([82]25,30,7)([83]48,58,0)([84]57,65,7)([85]24,31,3)([86]78,62,4)(86)
optimized area: 134.90
time: 735305 ms
seed: 1635150460
NOT FOUND
time: 528997 ms
seed: 1635199616
NOT FOUND
time: 537496 ms
seed: 1635369284
NOT FOUND
time: 999936 ms
seed: 1635630414
NOT FOUND
time: 1070691 ms
seed: 1635678131
{7,1,80,1,2,1,8}([7]1,3,1)([8]3,6,2)([9]8,1,7)([10]8,2,4)([11]6,7,2)([12]5,3,4)([13]11,3,7)([14]4,2,6)([15]4,14,7)([16]5,0,4)([17]4,13,7)([18]13,8,6)([19]16,18,4)([20]9,15,5)([21]2,16,4)([22]20,12,4)([23]19,6,2)([24]23,12,5)([25]16,14,3)([26]23,9,7)([27]11,7,5)([28]15,22,7)([29]19,14,6)([30]26,10,4)([31]11,22,3)([32]26,2,5)([33]17,6,2)([34]0,33,7)([35]26,22,0)([36]21,22,5)([37]15,34,7)([38]30,36,3)([39]22,4,5)([40]21,35,6)([41]8,9,2)([42]38,32,7)([43]18,33,0)([44]21,10,3)([45]19,44,2)([46]35,18,6)([47]1,18,3)([48]31,31,2)([49]40,37,3)([50]23,24,0)([51]47,35,0)([52]18,5,5)([53]49,44,4)([54]28,17,6)([55]54,53,5)([56]25,17,2)([57]37,55,4)([58]22,55,1)([59]2,40,2)([60]48,57,2)([61]43,47,6)([62]59,31,7)([63]34,60,5)([64]55,51,2)([65]51,51,1)([66]57,35,1)([67]43,55,3)([68]23,0,5)([69]56,66,1)([70]32,48,7)([71]6,60,2)([72]30,37,5)([73]32,19,1)([74]17,31,5)([75]4,69,7)([76]65,4,2)([77]56,62,5)([78]40,66,4)([79]31,2,6)([80]42,66,5)([81]60,37,6)([82]13,20,1)([83]75,77,0)([84]27,14,3)([85]80,77,5)([86]50,36,0)(85)
evaluations: 41903201
first invidual area: 140.10
{7,1,80,1,2,1,8}([7]1,2,1)([8]6,3,2)([9]8,1,7)([10]2,8,4)([11]7,6,5)([12]3,5,7)([13]4,3,7)([14]4,2,6)([15]14,4,6)([16]5,0,4)([17]11,13,4)([18]1,8,3)([19]16,18,7)([20]15,9,5)([21]2,16,4)([22]20,12,7)([23]19,6,2)([24]22,12,7)([25]3,21,4)([26]23,9,7)([27]23,9,2)([28]15,12,7)([29]22,12,5)([30]26,10,4)([31]13,22,6)([32]26,2,5)([33]17,6,5)([34]15,33,4)([35]27,5,5)([36]21,22,5)([37]0,34,7)([38]30,36,6)([39]34,30,2)([40]21,26,6)([41]35,35,0)([42]38,32,4)([43]30,18,3)([44]21,10,6)([45]12,1,0)([46]7,22,2)([47]14,16,3)([48]38,13,4)([49]40,0,6)([50]35,21,6)([51]43,16,5)([52]28,17,6)([53]49,44,4)([54]22,7,5)([55]52,53,5)([56]47,17,2)([57]37,55,7)([58]1,2,2)([59]2,42,5)([60]25,39,6)([61]55,57,7)([62]59,31,7)([63]13,47,3)([64]50,33,3)([65]1,13,5)([66]42,62,7)([67]20,24,5)([68]1,61,4)([69]19,45,2)([70]50,28,1)([71]20,66,5)([72]35,69,2)([73]52,26,5)([74]51,7,4)([75]27,35,4)([76]38,40,3)([77]56,62,5)([78]57,42,5)([79]54,5,3)([80]19,16,2)([81]17,40,6)([82]9,53,6)([83]27,76,3)([84]52,15,6)([85]78,77,5)([86]15,11,3)(85)
optimized area: 134.94
time: 1109116 ms
seed: 1635725988
NOT FOUND
time: 1074269 ms
seed: 1635773163
NOT FOUND
time: 1069449 ms
seed: 1635820133
{7,1,80,1,2,1,8}([7]6,4,5)([8]7,0,6)([9]3,0,4)([10]6,4,4)([11]8,1,2)([12]0,2,2)([13]9,4,2)([14]9,1,7)([15]5,13,7)([16]9,15,4)([17]12,5,7)([18]2,1,7)([19]15,8,3)([20]10,3,7)([21]14,19,5)([22]17,9,6)([23]18,19,5)([24]22,15,6)([25]0,14,4)([26]17,4,2)([27]6,19,5)([28]4,5,3)([29]11,17,6)([30]21,20,3)([31]23,6,4)([32]30,31,4)([33]25,21,5)([34]32,1,4)([35]16,26,7)([36]18,0,7)([37]22,20,5)([38]24,18,4)([39]23,35,7)([40]5,2,4)([41]3,32,5)([42]28,18,4)([43]18,26,5)([44]29,42,7)([45]34,7,3)([46]12,27,0)([47]33,7,4)([48]39,41,6)([49]26,10,4)([50]24,0,2)([51]34,44,2)([52]51,51,5)([53]47,43,3)([54]47,7,1)([55]20,49,6)([56]27,31,2)([57]31,11,2)([58]3,39,1)([59]57,33,3)([60]51,54,7)([61]35,59,3)([62]3,56,6)([63]48,51,7)([64]46,49,3)([65]36,18,7)([66]15,31,2)([67]16,57,6)([68]53,60,4)([69]53,31,1)([70]62,69,3)([71]54,64,4)([72]44,8,0)([73]29,67,6)([74]71,17,4)([75]65,56,7)([76]4,36,4)([77]76,70,4)([78]47,7,1)([79]1,43,3)([80]56,78,1)([81]63,77,7)([82]35,36,2)([83]4,45,7)([84]72,63,3)([85]74,44,0)([86]59,76,2)(81)
evaluations: 27205437
first invidual area: 152.77
{7,1,80,1,2,1,8}([7]6,4,5)([8]0,7,6)([9]0,3,4)([10]3,6,7)([11]8,1,2)([12]0,2,5)([13]9,4,5)([14]1,9,7)([15]13,5,4)([16]15,9,7)([17]4,13,6)([18]1,2,7)([19]15,8,3)([20]4,10,4)([21]14,15,5)([22]12,4,3)([23]19,18,5)([24]23,6,4)([25]12,5,4)([26]25,4,2)([27]23,1,5)([28]14,18,7)([29]11,26,3)([30]20,21,3)([31]10,24,2)([32]30,24,4)([33]19,24,7)([34]27,33,5)([35]27,2,2)([36]10,27,7)([37]10,31,5)([38]35,25,7)([39]19,1,7)([40]23,26,7)([41]3,32,5)([42]18,22,7)([43]16,40,4)([44]29,42,7)([45]1,32,4)([46]0,4,4)([47]25,24,0)([48]43,41,6)([49]44,42,5)([50]5,40,6)([51]45,44,5)([52]27,15,6)([53]16,36,0)([54]38,43,6)([55]17,23,2)([56]54,2,5)([57]27,23,7)([58]11,12,0)([59]8,33,1)([60]14,28,3)([61]9,49,4)([62]52,24,3)([63]18,46,7)([64]62,12,3)([65]47,43,2)([66]49,36,6)([67]31,3,6)([68]19,21,2)([69]22,14,0)([70]67,66,6)([71]32,52,2)([72]28,3,4)([73]71,35,6)([74]7,24,0)([75]1,35,4)([76]48,51,7)([77]76,70,7)([78]7,2,1)([79]65,11,3)([80]24,56,2)([81]63,77,4)([82]23,71,4)([83]41,24,2)([84]14,45,3)([85]12,38,1)([86]38,9,7)(81)
optimized area: 143.40
time: 1231735 ms
seed: 1635863282
{7,1,80,1,2,1,8}([7]4,2,3)([8]6,4,7)([9]6,5,7)([10]2,1,7)([11]8,3,1)([12]1,8,6)([13]10,3,3)([14]2,4,4)([15]10,6,5)([16]3,12,7)([17]6,2,6)([18]2,5,6)([19]11,0,4)([20]9,3,7)([21]19,8,1)([22]16,13,0)([23]13,20,5)([24]14,23,7)([25]3,0,4)([26]17,1,6)([27]26,24,7)([28]13,25,4)([29]21,20,4)([30]5,27,3)([31]29,6,5)([32]9,24,2)([33]31,2,2)([34]29,27,7)([35]4,16,7)([36]31,7,7)([37]1,32,7)([38]35,34,3)([39]24,24,7)([40]38,16,2)([41]11,18,0)([42]33,38,7)([43]27,40,3)([44]24,36,6)([45]42,1,2)([46]44,45,3)([47]8,5,3)([48]19,44,6)([49]46,41,3)([50]46,33,5)([51]0,8,7)([52]37,36,5)([53]48,52,4)([54]43,28,5)([55]30,19,6)([56]15,25,7)([57]38,16,0)([58]31,1,4)([59]28,41,4)([60]34,14,3)([61]54,49,4)([62]47,60,4)([63]35,26,7)([64]53,11,5)([65]64,62,6)([66]24,63,5)([67]41,14,0)([68]24,58,6)([69]24,1,2)([70]51,44,2)([71]11,10,5)([72]47,12,1)([73]66,5,3)([74]30,72,2)([75]22,3,5)([76]65,61,4)([77]28,41,3)([78]70,43,5)([79]58,27,6)([80]10,58,2)([81]64,64,6)([82]68,27,5)([83]32,69,5)([84]77,72,3)([85]25,43,5)([86]59,73,4)(76)
evaluations: 30021741
first invidual area: 152.76
{7,1,80,1,2,1,8}([7]2,6,6)([8]4,6,7)([9]6,5,7)([10]2,1,7)([11]1,7,3)([12]8,1,6)([13]0,3,4)([14]4,2,4)([15]10,3,3)([16]3,12,7)([17]13,15,4)([18]4,2,3)([19]0,8,7)([20]9,3,7)([21]20,2,0)([22]16,4,7)([23]15,21,5)([24]14,23,7)([25]18,13,3)([26]7,17,5)([27]24,11,4)([28]12,14,5)([29]20,19,7)([30]8,18,1)([31]6,29,5)([32]24,9,5)([33]10,31,5)([34]27,29,7)([35]14,34,3)([36]18,31,7)([37]32,1,4)([38]22,34,3)([39]11,6,2)([40]38,16,2)([41]36,37,5)([42]33,38,4)([43]27,40,3)([44]24,36,6)([45]42,1,2)([46]44,45,3)([47]28,0,2)([48]19,44,6)([49]46,30,6)([50]17,43,5)([51]42,17,1)([52]48,41,4)([53]18,2,4)([54]24,3,5)([55]2,47,3)([56]21,26,6)([57]27,45,0)([58]32,38,0)([59]47,32,0)([60]19,58,0)([61]50,49,4)([62]5,35,4)([63]50,37,4)([64]52,30,5)([65]64,62,3)([66]6,6,7)([67]65,61,4)([68]35,66,0)([69]19,51,7)([70]12,23,2)([71]59,65,3)([72]10,45,3)([73]19,46,3)([74]30,54,4)([75]37,69,5)([76]36,74,2)([77]71,5,7)([78]28,18,0)([79]75,25,5)([80]57,15,1)([81]3,69,7)([82]70,66,4)([83]41,16,7)([84]15,66,7)([85]1,39,3)([86]77,65,2)(67)
optimized area: 148.08
time: 1231624 ms
seed: 1635905290
NOT FOUND
time: 1064551 ms
seed: 1635941578
NOT FOUND
time: 1078162 ms
seed: 1635977701
NOT FOUND
time: 1086406 ms
seed: 1636013611
{7,1,80,1,2,1,8}([7]0,4,3)([8]0,6,7)([9]2,4,3)([10]5,1,7)([11]6,4,3)([12]2,6,7)([13]3,1,3)([14]6,5,7)([15]9,0,4)([16]3,6,2)([17]15,10,3)([18]4,5,2)([19]3,17,7)([20]10,19,4)([21]1,11,3)([22]10,15,5)([23]20,2,7)([24]14,13,3)([25]6,18,3)([26]19,4,4)([27]15,14,1)([28]4,15,4)([29]16,21,7)([30]4,21,5)([31]21,26,2)([32]30,24,1)([33]29,30,1)([34]19,24,3)([35]26,25,1)([36]20,16,4)([37]26,24,6)([38]20,14,3)([39]10,11,2)([40]38,33,0)([41]32,38,7)([42]5,23,6)([43]22,4,5)([44]31,36,3)([45]6,5,3)([46]12,0,5)([47]33,42,6)([48]34,46,7)([49]20,41,3)([50]42,26,6)([51]25,46,4)([52]49,7,3)([53]44,12,6)([54]30,48,6)([55]50,2,4)([56]22,3,7)([57]22,55,4)([58]47,52,4)([59]51,15,2)([60]37,43,7)([61]53,59,6)([62]61,1,5)([63]18,8,7)([64]58,62,4)([65]27,27,3)([66]58,36,5)([67]54,57,2)([68]19,54,0)([69]67,27,7)([70]24,48,2)([71]27,26,1)([72]15,5,2)([73]22,16,1)([74]64,69,7)([75]42,34,1)([76]0,2,6)([77]33,37,4)([78]9,64,2)([79]32,50,0)([80]33,36,3)([81]41,3,6)([82]10,74,1)([83]1,3,2)([84]26,64,2)([85]31,6,2)([86]50,36,0)(74)
evaluations: 39848273
first invidual area: 156.95
{7,1,80,1,2,1,8}([7]6,3,5)([8]0,0,2)([9]4,2,3)([10]1,5,7)([11]6,1,3)([12]6,2,7)([13]1,10,7)([14]6,5,7)([15]9,8,4)([16]14,1,3)([17]15,10,6)([18]4,5,2)([19]17,3,4)([20]10,19,4)([21]4,11,3)([22]12,17,0)([23]2,20,7)([24]10,21,1)([25]6,18,3)([26]4,19,4)([27]22,18,5)([28]13,17,3)([29]7,21,5)([30]4,24,1)([31]29,11,1)([32]1,17,0)([33]10,15,5)([34]19,16,3)([35]7,23,1)([36]20,29,4)([37]0,25,6)([38]10,35,4)([39]31,22,1)([40]17,18,6)([41]30,14,5)([42]5,23,6)([43]1,23,4)([44]26,36,3)([45]33,24,4)([46]22,0,5)([47]31,42,6)([48]34,46,2)([49]20,41,3)([50]42,26,3)([51]38,31,3)([52]49,8,3)([53]44,12,6)([54]30,48,6)([55]50,2,7)([56]12,35,4)([57]33,55,4)([58]47,52,4)([59]37,15,2)([60]29,52,6)([61]53,59,6)([62]61,32,5)([63]25,39,2)([64]58,62,4)([65]27,32,5)([66]16,46,6)([67]54,57,5)([68]41,2,3)([69]67,15,4)([70]35,16,7)([71]31,26,5)([72]18,63,0)([73]55,45,3)([74]63,9,2)([75]42,12,2)([76]7,16,3)([77]65,61,2)([78]77,57,4)([79]16,2,6)([80]64,69,4)([81]42,26,2)([82]49,56,1)([83]27,69,7)([84]21,80,0)([85]11,32,0)([86]1,84,0)(80)
optimized area: 133.04
time: 1122171 ms
seed: 1636048297
NOT FOUND
time: 1070714 ms
seed: 1636082116
{7,1,80,1,2,1,8}([7]4,3,5)([8]2,6,5)([9]1,0,5)([10]5,1,4)([11]5,8,4)([12]3,3,6)([13]0,9,5)([14]9,1,4)([15]0,1,1)([16]5,14,4)([17]2,4,5)([18]6,10,5)([19]7,3,6)([20]4,0,3)([21]2,17,4)([22]9,5,6)([23]17,3,5)([24]11,8,3)([25]22,14,7)([26]20,11,4)([27]7,26,2)([28]18,15,6)([29]11,23,7)([30]21,28,3)([31]29,18,7)([32]31,26,5)([33]31,25,2)([34]27,22,4)([35]32,3,4)([36]30,6,7)([37]3,17,3)([38]7,13,5)([39]37,13,6)([40]4,22,3)([41]13,18,4)([42]37,36,7)([43]15,35,6)([44]39,16,4)([45]33,40,5)([46]44,27,0)([47]40,26,7)([48]9,31,4)([49]39,36,2)([50]42,33,7)([51]2,47,3)([52]27,43,7)([53]34,10,5)([54]17,40,4)([55]14,19,3)([56]3,33,4)([57]20,42,5)([58]46,45,7)([59]31,46,5)([60]1,15,4)([61]37,53,5)([62]30,7,5)([63]6,2,4)([64]36,33,7)([65]51,63,5)([66]56,45,1)([67]42,48,6)([68]67,60,3)([69]63,59,3)([70]63,52,2)([71]56,37,0)([72]51,29,6)([73]13,70,4)([74]65,29,3)([75]67,16,1)([76]46,17,5)([77]28,21,5)([78]4,12,5)([79]34,6,7)([80]74,30,6)([81]58,72,4)([82]66,24,0)([83]50,81,6)([84]23,30,2)([85]83,52,7)([86]59,11,7)(85)
evaluations: 36442554
first invidual area: 137.76
{7,1,80,1,2,1,8}([7]3,4,5)([8]6,2,5)([9]0,1,5)([10]1,5,4)([11]8,5,4)([12]9,2,1)([13]0,9,5)([14]9,1,5)([15]0,8,1)([16]4,7,2)([17]2,4,5)([18]6,10,5)([19]1,10,5)([20]4,0,3)([21]17,2,5)([22]1,18,3)([23]17,3,5)([24]14,4,0)([25]14,19,5)([26]20,11,4)([27]7,26,5)([28]18,15,6)([29]11,23,7)([30]21,28,6)([31]29,18,7)([32]31,26,5)([33]31,25,2)([34]4,3,0)([35]32,3,4)([36]30,6,4)([37]3,17,3)([38]24,5,4)([39]13,37,3)([40]11,4,6)([41]24,34,1)([42]37,36,4)([43]35,15,3)([44]39,38,7)([45]33,40,3)([46]6,31,6)([47]4,26,7)([48]39,12,1)([49]18,35,5)([50]33,42,4)([51]2,47,3)([52]27,43,4)([53]36,27,3)([54]20,42,5)([55]39,42,0)([56]0,15,7)([57]31,2,0)([58]44,54,7)([59]49,47,4)([60]23,28,2)([61]34,58,1)([62]46,3,0)([63]55,29,4)([64]5,30,7)([65]60,2,5)([66]34,16,5)([67]9,18,2)([68]9,11,6)([69]34,13,3)([70]2,7,2)([71]52,22,0)([72]51,29,3)([73]38,48,3)([74]53,7,6)([75]14,68,1)([76]43,35,3)([77]70,26,0)([78]13,9,2)([79]70,3,0)([80]35,59,2)([81]58,72,7)([82]56,66,6)([83]50,81,3)([84]65,51,6)([85]83,52,7)([86]59,84,0)(85)
optimized area: 126.02
time: 1131149 ms
seed: 1636115212
{7,1,80,1,2,1,8}([7]4,1,7)([8]5,6,5)([9]7,2,6)([10]0,8,3)([11]5,3,3)([12]3,4,3)([13]4,1,5)([14]0,4,2)([15]11,10,2)([16]6,10,7)([17]2,15,7)([18]1,6,4)([19]5,3,5)([20]2,16,2)([21]7,13,2)([22]21,4,0)([23]4,3,4)([24]9,19,5)([25]0,17,4)([26]24,6,5)([27]3,1,7)([28]5,1,5)([29]20,4,7)([30]2,29,3)([31]17,12,6)([32]17,27,2)([33]18,7,0)([34]33,23,6)([35]34,25,6)([36]22,0,3)([37]35,22,3)([38]30,26,2)([39]28,32,6)([40]39,31,3)([41]26,5,7)([42]5,14,6)([43]4,38,0)([44]40,35,3)([45]0,24,2)([46]45,6,6)([47]2,6,0)([48]37,17,2)([49]37,40,7)([50]27,44,0)([51]29,50,3)([52]43,41,7)([53]25,36,5)([54]34,28,0)([55]44,52,5)([56]55,53,7)([57]24,44,1)([58]7,15,2)([59]46,51,6)([60]13,32,1)([61]29,21,2)([62]12,45,1)([63]53,59,4)([64]11,29,5)([65]11,24,1)([66]39,30,4)([67]61,57,5)([68]31,45,3)([69]59,56,7)([70]19,58,3)([71]20,24,1)([72]38,51,2)([73]35,54,2)([74]14,18,6)([75]3,6,6)([76]22,58,7)([77]52,20,4)([78]28,14,3)([79]64,62,4)([80]35,71,6)([81]40,31,2)([82]7,29,3)([83]75,81,2)([84]37,65,0)([85]68,76,3)([86]40,24,7)(69)
evaluations: 26182469
first invidual area: 115.70
{7,1,80,1,2,1,8}([7]4,1,7)([8]6,5,5)([9]1,6,4)([10]8,0,3)([11]4,3,3)([12]3,5,3)([13]4,1,6)([14]12,10,5)([15]5,1,5)([16]6,10,2)([17]14,2,4)([18]17,11,6)([19]2,7,6)([20]5,3,5)([21]8,20,2)([22]2,16,5)([23]6,6,0)([24]19,20,5)([25]0,17,4)([26]23,24,5)([27]13,0,3)([28]8,22,5)([29]4,22,4)([30]18,15,7)([31]17,3,2)([32]10,4,3)([33]4,3,4)([34]9,33,6)([35]25,34,6)([36]7,28,7)([37]25,27,5)([38]22,36,6)([39]31,15,6)([40]18,39,3)([41]26,5,4)([42]17,26,7)([43]30,38,3)([44]21,26,0)([45]24,27,2)([46]23,45,6)([47]34,9,3)([48]35,40,3)([49]4,41,4)([50]33,7,4)([51]50,46,3)([52]33,4,6)([53]6,8,3)([54]40,13,3)([55]48,49,5)([56]55,25,4)([57]29,51,6)([58]50,43,0)([59]39,11,6)([60]59,25,0)([61]40,21,3)([62]46,57,5)([63]61,22,1)([64]48,62,3)([65]0,13,6)([66]21,22,0)([67]57,37,4)([68]51,46,5)([69]17,59,2)([70]25,31,6)([71]66,59,7)([72]1,44,4)([73]67,33,0)([74]19,29,0)([75]18,8,5)([76]19,14,1)([77]17,25,2)([78]38,67,3)([79]4,33,5)([80]52,49,0)([81]16,15,6)([82]3,42,4)([83]50,6,2)([84]52,3,2)([85]67,55,4)([86]81,37,5)(85)
optimized area: 110.54
time: 1159629 ms
seed: 1636147997
NOT FOUND
time: 1081737 ms
seed: 1636180368
NOT FOUND
time: 1061689 ms
seed: 1636210997
NOT FOUND
time: 1087327 ms
seed: 1636241014
{7,1,80,1,2,1,8}([7]4,3,5)([8]7,0,2)([9]6,5,0)([10]2,7,3)([11]0,2,7)([12]6,5,5)([13]2,8,2)([14]1,10,7)([15]8,4,5)([16]10,7,7)([17]11,4,7)([18]17,7,7)([19]16,6,5)([20]13,2,4)([21]8,12,4)([22]5,6,6)([23]4,14,5)([24]1,21,6)([25]9,3,2)([26]23,2,5)([27]24,13,4)([28]22,15,4)([29]17,20,4)([30]7,25,2)([31]30,20,6)([32]7,3,0)([33]15,24,3)([34]3,17,7)([35]0,30,0)([36]13,22,4)([37]24,0,4)([38]24,2,5)([39]11,11,6)([40]39,29,6)([41]0,7,6)([42]29,23,7)([43]1,40,5)([44]31,9,4)([45]37,38,0)([46]44,34,4)([47]11,21,1)([48]46,5,6)([49]42,42,2)([50]28,48,7)([51]48,18,4)([52]26,22,5)([53]49,19,7)([54]14,51,2)([55]49,47,7)([56]52,31,4)([57]49,21,3)([58]38,21,0)([59]54,32,6)([60]57,56,7)([61]21,50,6)([62]50,5,7)([63]53,43,2)([64]21,46,2)([65]54,60,7)([66]65,61,6)([67]66,63,7)([68]13,36,4)([69]65,12,0)([70]48,11,0)([71]58,15,3)([72]40,51,4)([73]13,17,1)([74]19,21,7)([75]2,13,3)([76]67,71,5)([77]72,12,4)([78]66,66,0)([79]44,54,6)([80]2,50,3)([81]50,71,1)([82]61,68,1)([83]33,55,2)([84]56,43,7)([85]27,49,6)([86]48,73,5)(76)
evaluations: 29667432
first invidual area: 152.28
{7,1,80,1,2,1,8}([7]4,3,5)([8]0,7,5)([9]4,1,0)([10]2,7,3)([11]2,0,7)([12]6,5,5)([13]9,12,5)([14]10,1,7)([15]1,8,7)([16]7,10,7)([17]11,4,7)([18]10,6,0)([19]6,16,5)([20]8,2,2)([21]8,12,7)([22]6,5,6)([23]14,4,5)([24]0,12,6)([25]11,4,1)([26]23,2,5)([27]3,13,2)([28]13,18,0)([29]17,20,4)([30]27,6,2)([31]30,20,3)([32]2,6,6)([33]26,32,4)([34]7,17,4)([35]14,11,4)([36]26,20,4)([37]13,22,4)([38]17,31,4)([39]22,38,7)([40]25,29,6)([41]38,33,2)([42]29,23,7)([43]1,40,5)([44]8,27,4)([45]13,2,2)([46]39,3,4)([47]16,16,7)([48]46,5,6)([49]45,24,7)([50]37,48,7)([51]48,34,7)([52]26,22,5)([53]42,19,7)([54]14,51,5)([55]13,14,3)([56]52,31,4)([57]21,42,6)([58]43,53,5)([59]8,20,0)([60]57,56,4)([61]21,50,6)([62]33,43,2)([63]28,45,7)([64]11,58,2)([65]54,60,7)([66]65,61,3)([67]66,58,7)([68]9,61,5)([69]30,17,3)([70]18,16,5)([71]68,37,3)([72]59,65,1)([73]40,3,1)([74]52,21,2)([75]12,12,0)([76]22,2,0)([77]6,8,4)([78]71,10,0)([79]3,32,7)([80]14,47,4)([81]53,29,7)([82]43,17,1)([83]33,74,4)([84]78,67,5)([85]18,29,0)([86]71,65,1)(84)
optimized area: 142.90
time: 1243397 ms
seed: 1636260119
NOT FOUND
time: 1077290 ms
seed: 1636276677
NOT FOUND
time: 1075716 ms
seed: 1636293128
NOT FOUND
time: 1072968 ms
seed: 1636309475
{7,1,80,1,2,1,8}([7]5,1,3)([8]0,5,6)([9]6,0,7)([10]7,4,4)([11]3,4,5)([12]10,11,2)([13]11,1,7)([14]10,8,3)([15]6,7,7)([16]2,2,2)([17]13,4,5)([18]0,17,4)([19]12,13,3)([20]14,16,4)([21]5,2,4)([22]20,1,1)([23]15,19,4)([24]21,23,3)([25]3,1,4)([26]13,0,3)([27]9,19,7)([28]18,2,6)([29]3,28,7)([30]4,24,6)([31]12,18,5)([32]9,6,6)([33]24,26,5)([34]6,12,6)([35]29,4,7)([36]35,4,7)([37]21,17,7)([38]31,21,6)([39]15,20,7)([40]4,8,7)([41]29,34,2)([42]41,39,4)([43]25,38,2)([44]33,40,3)([45]7,5,3)([46]21,25,1)([47]43,33,7)([48]13,37,1)([49]40,21,7)([50]19,24,2)([51]49,13,0)([52]46,32,1)([53]31,24,4)([54]9,40,2)([55]42,47,2)([56]34,27,6)([57]49,52,5)([58]0,13,0)([59]57,53,4)([60]50,36,4)([61]14,39,7)([62]32,49,0)([63]55,27,4)([64]62,42,7)([65]58,27,2)([66]57,14,5)([67]46,39,1)([68]42,57,6)([69]66,68,2)([70]10,67,7)([71]25,69,3)([72]57,63,5)([73]71,59,6)([74]20,58,6)([75]48,10,5)([76]21,10,0)([77]32,26,3)([78]73,63,7)([79]59,52,0)([80]76,5,0)([81]1,21,0)([82]25,50,4)([83]32,47,1)([84]83,76,3)([85]28,19,1)([86]55,27,3)(78)
evaluations: 15769004
first invidual area: 147.60
{7,1,80,1,2,1,8}([7]1,5,3)([8]5,0,6)([9]8,4,7)([10]4,7,4)([11]3,4,5)([12]10,11,2)([13]1,11,7)([14]13,4,5)([15]8,4,0)([16]10,13,3)([17]0,13,3)([18]14,0,4)([19]17,5,6)([20]16,6,7)([21]2,5,4)([22]15,10,6)([23]20,7,4)([24]21,23,3)([25]1,3,4)([26]6,22,4)([27]23,26,1)([28]2,18,3)([29]3,28,4)([30]26,7,4)([31]18,12,5)([32]12,6,6)([33]25,21,0)([34]32,29,5)([35]33,5,7)([36]1,15,1)([37]17,24,5)([38]11,27,7)([39]30,2,4)([40]21,31,6)([41]5,4,1)([42]39,34,4)([43]40,25,5)([44]0,20,7)([45]38,2,3)([46]9,21,5)([47]9,33,6)([48]6,10,6)([49]43,37,4)([50]11,40,2)([51]14,1,3)([52]34,45,1)([53]35,40,5)([54]8,0,5)([55]49,42,5)([56]55,25,4)([57]46,42,6)([58]38,45,6)([59]48,4,1)([60]48,54,2)([61]31,24,4)([62]8,13,7)([63]44,55,4)([64]9,58,5)([65]36,25,4)([66]14,28,3)([67]29,36,0)([68]43,49,5)([69]61,46,4)([70]33,59,7)([71]33,57,3)([72]11,57,6)([73]71,69,6)([74]65,61,5)([75]58,16,3)([76]55,20,4)([77]68,4,5)([78]73,63,4)([79]38,16,0)([80]2,23,2)([81]76,8,4)([82]10,18,6)([83]38,78,7)([84]21,43,1)([85]0,71,5)([86]20,19,4)(78)
optimized area: 134.49
time: 1293599 ms
seed: 1636325730
NOT FOUND
time: 1067539 ms
