seed: 1633864942
{7,1,80,1,2,1,8}([7]3,1,3)([8]3,2,2)([9]8,6,4)([10]6,0,6)([11]5,1,7)([12]9,5,7)([13]9,11,7)([14]2,10,6)([15]0,6,5)([16]13,8,5)([17]0,2,6)([18]6,4,5)([19]13,2,3)([20]12,9,5)([21]11,14,6)([22]21,4,5)([23]16,4,7)([24]22,20,5)([25]3,24,5)([26]12,14,1)([27]10,19,6)([28]6,25,4)([29]11,7,5)([30]11,4,4)([31]26,9,3)([32]7,3,3)([33]28,1,2)([34]1,27,0)([35]18,19,4)([36]14,2,4)([37]20,0,3)([38]12,17,7)([39]16,5,6)([40]33,0,7)([41]16,2,1)([42]28,11,4)([43]27,8,3)([44]29,15,5)([45]28,44,0)([46]3,4,0)([47]41,38,0)([48]36,37,4)([49]33,40,5)([50]25,7,0)([51]39,41,5)([52]21,7,6)([53]42,52,4)([54]45,50,0)([55]44,38,6)([56]35,40,6)([57]53,37,7)([58]16,31,7)([59]3,46,4)([60]55,23,5)([61]4,31,0)([62]59,14,4)([63]56,57,5)([64]25,4,5)([65]4,31,4)([66]37,25,2)([67]9,30,2)([68]46,8,0)([69]42,66,0)([70]67,56,1)([71]62,63,7)([72]20,8,1)([73]41,71,7)([74]27,62,5)([75]64,54,2)([76]55,21,6)([77]34,30,3)([78]59,37,2)([79]7,45,7)([80]70,41,3)([81]56,62,3)([82]60,5,5)([83]7,63,1)([84]2,48,1)([85]73,60,7)([86]25,24,1)(85)
evaluations: 31661436
first invidual area: 129.78
{7,1,80,1,2,1,8}([7]1,3,3)([8]3,2,2)([9]8,6,4)([10]0,6,6)([11]5,1,7)([12]8,2,4)([13]11,9,7)([14]10,2,6)([15]4,6,5)([16]13,8,5)([17]2,0,6)([18]4,10,5)([19]14,11,6)([20]9,19,2)([21]5,9,5)([22]0,7,1)([23]4,5,4)([24]18,21,5)([25]3,24,5)([26]0,6,5)([27]22,9,1)([28]25,6,4)([29]6,12,7)([30]2,6,5)([31]17,18,5)([32]1,1,0)([33]1,28,5)([34]7,5,3)([35]13,2,3)([36]16,4,7)([37]0,33,4)([38]5,17,4)([39]1,32,0)([40]3,27,4)([41]9,38,4)([42]11,28,7)([43]7,11,5)([44]43,26,5)([45]36,2,3)([46]35,29,6)([47]4,45,0)([48]17,47,2)([49]19,6,5)([50]18,2,2)([51]15,35,4)([52]19,7,3)([53]42,52,4)([54]47,13,5)([55]14,43,0)([56]37,51,6)([57]53,17,3)([58]44,41,6)([59]1,49,2)([60]58,36,5)([61]34,17,1)([62]37,55,5)([63]56,57,5)([64]7,6,2)([65]16,25,4)([66]6,6,0)([67]49,11,4)([68]29,49,0)([69]28,55,5)([70]8,4,0)([71]14,63,4)([72]50,12,1)([73]16,71,7)([74]23,64,0)([75]63,62,4)([76]73,71,7)([77]24,6,2)([78]52,69,3)([79]44,58,7)([80]12,28,1)([81]27,33,2)([82]24,11,5)([83]48,32,6)([84]3,20,3)([85]73,60,7)([86]48,59,2)(85)
optimized area: 113.84
time: 581958 ms
seed: 1633951903
{7,1,80,1,2,1,8}([7]4,1,1)([8]3,7,4)([9]6,0,3)([10]5,6,2)([11]3,6,7)([12]10,11,6)([13]5,8,1)([14]11,13,1)([15]14,1,6)([16]13,9,4)([17]6,0,2)([18]10,3,7)([19]1,13,4)([20]3,0,7)([21]8,5,3)([22]1,5,7)([23]19,6,2)([24]7,15,5)([25]5,0,6)([26]14,3,6)([27]24,8,5)([28]1,12,4)([29]16,2,5)([30]29,8,6)([31]18,12,2)([32]16,2,4)([33]20,32,2)([34]21,33,6)([35]7,33,3)([36]17,26,0)([37]13,32,4)([38]33,23,0)([39]37,35,0)([40]34,29,2)([41]34,4,2)([42]39,5,5)([43]34,28,4)([44]20,12,3)([45]18,21,4)([46]30,23,7)([47]32,17,3)([48]34,19,6)([49]5,24,2)([50]44,46,7)([51]15,50,4)([52]36,4,1)([53]9,17,1)([54]40,20,0)([55]0,53,1)([56]23,27,1)([57]43,35,5)([58]54,52,5)([59]6,30,3)([60]32,56,6)([61]51,47,2)([62]57,19,2)([63]58,22,2)([64]52,29,0)([65]53,64,7)([66]1,25,7)([67]20,44,7)([68]26,41,5)([69]65,7,2)([70]24,24,6)([71]46,66,4)([72]2,70,5)([73]57,72,5)([74]7,63,6)([75]74,57,4)([76]63,43,3)([77]35,28,4)([78]73,39,7)([79]42,77,0)([80]15,23,6)([81]73,2,1)([82]48,7,3)([83]75,61,3)([84]24,20,2)([85]78,83,7)([86]10,4,0)(85)
evaluations: 24038164
first invidual area: 136.32
{7,1,80,1,2,1,8}([7]0,6,3)([8]3,4,7)([9]3,3,6)([10]5,6,2)([11]3,6,7)([12]11,10,6)([13]11,4,1)([14]7,2,4)([15]1,13,6)([16]4,11,1)([17]6,0,2)([18]4,8,6)([19]2,10,5)([20]0,3,7)([21]2,4,0)([22]1,5,7)([23]17,10,5)([24]5,8,3)([25]8,19,3)([26]6,22,5)([27]26,23,0)([28]2,3,0)([29]12,6,3)([30]15,16,2)([31]17,17,0)([32]14,5,7)([33]20,32,2)([34]24,33,6)([35]33,16,3)([36]34,27,1)([37]20,2,5)([38]16,8,5)([39]26,26,3)([40]26,25,7)([41]34,12,4)([42]32,31,3)([43]1,41,4)([44]24,41,2)([45]37,13,1)([46]42,1,6)([47]20,12,3)([48]14,26,1)([49]17,25,7)([50]47,40,4)([51]15,50,7)([52]42,51,2)([53]35,33,3)([54]29,37,0)([55]37,22,0)([56]10,40,0)([57]43,35,5)([58]51,32,1)([59]48,32,2)([60]50,46,5)([61]35,19,3)([62]21,43,3)([63]60,22,2)([64]10,2,1)([65]24,51,2)([66]32,4,7)([67]24,59,3)([68]5,46,1)([69]48,53,4)([70]25,3,6)([71]14,53,0)([72]30,2,5)([73]57,72,5)([74]63,16,3)([75]74,57,2)([76]26,59,6)([77]65,27,7)([78]73,14,4)([79]39,57,3)([80]77,55,7)([81]9,77,0)([82]30,25,7)([83]75,52,3)([84]60,56,4)([85]78,83,4)([86]57,42,7)(85)
optimized area: 119.45
time: 609527 ms
seed: 1634002518
NOT FOUND
time: 527750 ms
seed: 1634051353
{7,1,80,1,2,1,8}([7]1,0,1)([8]7,5,4)([9]6,0,6)([10]9,4,6)([11]4,6,6)([12]9,3,1)([13]2,0,0)([14]8,2,7)([15]0,6,2)([16]7,15,7)([17]0,16,6)([18]2,17,6)([19]16,11,6)([20]8,10,3)([21]14,1,2)([22]12,20,7)([23]22,19,4)([24]5,4,3)([25]11,24,7)([26]1,10,1)([27]14,15,0)([28]10,27,4)([29]7,21,0)([30]3,14,6)([31]6,7,6)([32]29,10,2)([33]30,16,2)([34]17,21,6)([35]14,20,3)([36]23,23,3)([37]16,25,4)([38]6,14,4)([39]8,3,4)([40]3,38,2)([41]18,36,5)([42]18,23,7)([43]21,20,5)([44]15,24,3)([45]12,28,4)([46]42,27,7)([47]34,33,5)([48]38,10,7)([49]8,11,3)([50]9,8,6)([51]49,12,0)([52]40,41,7)([53]24,37,1)([54]43,50,6)([55]16,34,5)([56]25,39,2)([57]23,25,6)([58]13,6,4)([59]11,1,3)([60]48,56,6)([61]34,60,5)([62]16,35,2)([63]42,15,3)([64]30,36,6)([65]45,55,4)([66]58,45,6)([67]28,61,2)([68]37,21,3)([69]27,63,7)([70]61,64,7)([71]27,62,4)([72]35,25,0)([73]52,63,5)([74]44,22,2)([75]74,70,4)([76]25,43,6)([77]76,39,6)([78]41,16,2)([79]66,75,3)([80]32,38,1)([81]71,5,5)([82]73,79,2)([83]7,68,3)([84]8,38,4)([85]68,80,7)([86]1,60,5)(82)
evaluations: 25949888
first invidual area: 134.93
{7,1,80,1,2,1,8}([7]6,4,6)([8]1,5,7)([9]6,0,6)([10]4,9,6)([11]10,8,6)([12]11,10,4)([13]7,9,1)([14]2,8,7)([15]0,6,2)([16]1,15,4)([17]1,0,6)([18]17,2,6)([19]7,16,6)([20]8,10,3)([21]1,14,2)([22]20,9,4)([23]19,22,4)([24]15,4,3)([25]18,23,5)([26]19,9,7)([27]17,21,6)([28]3,9,0)([29]22,7,0)([30]3,14,6)([31]30,4,6)([32]10,14,4)([33]6,2,4)([34]0,24,7)([35]26,17,4)([36]22,31,2)([37]16,28,3)([38]18,37,1)([39]33,8,7)([40]0,18,2)([41]28,2,5)([42]39,37,5)([43]16,28,5)([44]43,19,7)([45]32,9,7)([46]0,15,0)([47]4,26,7)([48]23,18,7)([49]24,10,0)([50]3,39,5)([51]6,32,7)([52]50,25,4)([53]45,33,6)([54]46,17,3)([55]0,32,1)([56]43,31,2)([57]1,32,1)([58]37,4,5)([59]23,44,3)([60]56,51,6)([61]27,60,5)([62]7,58,4)([63]48,15,3)([64]23,30,3)([65]15,54,3)([66]13,24,0)([67]65,8,7)([68]61,13,1)([69]66,64,6)([70]61,64,7)([71]29,11,7)([72]5,24,3)([73]52,63,5)([74]72,29,5)([75]74,70,4)([76]16,11,0)([77]46,7,3)([78]22,34,2)([79]53,75,3)([80]72,56,5)([81]46,78,4)([82]73,79,2)([83]50,60,5)([84]62,54,6)([85]84,12,3)([86]42,18,6)(82)
optimized area: 126.02
time: 602341 ms
seed: 1634165578
NOT FOUND
time: 538013 ms
seed: 1634212878
{7,1,80,1,2,1,8}([7]6,4,2)([8]1,4,7)([9]7,3,6)([10]5,1,7)([11]2,8,4)([12]0,5,7)([13]10,9,3)([14]3,0,2)([15]1,5,3)([16]12,15,4)([17]1,5,5)([18]14,10,3)([19]2,0,5)([20]1,9,3)([21]5,14,7)([22]9,0,3)([23]20,8,4)([24]19,9,4)([25]11,10,3)([26]6,8,7)([27]23,15,2)([28]16,13,7)([29]14,26,2)([30]2,6,0)([31]27,2,7)([32]17,16,3)([33]32,7,5)([34]8,22,6)([35]32,6,4)([36]30,34,4)([37]29,31,2)([38]31,7,6)([39]11,24,3)([40]24,30,2)([41]23,11,7)([42]13,39,4)([43]33,10,6)([44]13,9,2)([45]18,37,7)([46]35,6,0)([47]3,32,2)([48]34,34,5)([49]1,14,7)([50]47,26,2)([51]46,42,4)([52]0,2,0)([53]25,35,2)([54]43,37,6)([55]1,24,5)([56]47,17,5)([57]53,2,7)([58]21,36,2)([59]56,36,2)([60]54,57,4)([61]6,45,0)([62]12,4,0)([63]4,38,2)([64]42,50,5)([65]60,59,3)([66]28,62,4)([67]63,28,7)([68]67,51,5)([69]14,60,7)([70]68,0,3)([71]65,68,2)([72]55,23,7)([73]9,4,7)([74]71,50,0)([75]20,23,3)([76]10,38,3)([77]0,34,4)([78]6,18,6)([79]29,54,4)([80]75,18,2)([81]25,80,1)([82]42,50,1)([83]69,9,2)([84]23,53,6)([85]53,80,4)([86]32,42,0)(71)
evaluations: 37188063
first invidual area: 142.90
{7,1,80,1,2,1,8}([7]6,4,2)([8]4,1,7)([9]7,3,6)([10]1,5,7)([11]8,2,4)([12]5,0,4)([13]9,10,3)([14]0,3,2)([15]1,5,3)([16]12,15,7)([17]5,1,5)([18]9,0,3)([19]0,8,5)([20]13,1,6)([21]7,16,1)([22]8,6,7)([23]8,20,7)([24]19,9,4)([25]17,6,0)([26]6,3,6)([27]23,15,5)([28]8,21,3)([29]22,14,2)([30]10,11,3)([31]27,2,4)([32]12,17,3)([33]11,27,2)([34]18,8,6)([35]32,6,4)([36]2,34,4)([37]29,31,2)([38]6,31,6)([39]11,24,6)([40]30,35,5)([41]10,21,6)([42]13,39,7)([43]28,14,0)([44]19,37,1)([45]29,33,7)([46]42,35,4)([47]30,2,1)([48]37,27,3)([49]16,13,7)([50]44,7,0)([51]4,31,1)([52]7,23,4)([53]37,8,2)([54]41,37,6)([55]35,37,2)([56]3,25,5)([57]40,2,7)([58]9,11,3)([59]56,36,2)([60]54,57,7)([61]59,38,3)([62]24,37,6)([63]4,38,5)([64]19,24,3)([65]60,59,3)([66]19,65,6)([67]63,49,4)([68]67,46,5)([69]4,51,3)([70]25,29,6)([71]27,20,3)([72]46,30,1)([73]5,34,3)([74]27,42,7)([75]53,67,6)([76]18,9,0)([77]56,65,5)([78]38,75,2)([79]38,63,1)([80]64,28,5)([81]66,5,1)([82]49,12,2)([83]68,0,6)([84]55,9,3)([85]68,65,2)([86]32,6,3)(85)
optimized area: 138.68
time: 563142 ms
seed: 1634309955
NOT FOUND
time: 548248 ms
seed: 1634350449
NOT FOUND
time: 523194 ms
seed: 1634399417
{7,1,80,1,2,1,8}([7]5,6,7)([8]1,0,2)([9]7,4,5)([10]8,6,6)([11]2,9,3)([12]11,4,7)([13]12,3,0)([14]0,7,5)([15]2,5,4)([16]0,7,3)([17]2,0,3)([18]4,17,3)([19]9,5,6)([20]13,14,3)([21]0,3,6)([22]9,21,4)([23]13,18,7)([24]10,2,4)([25]16,13,6)([26]16,1,2)([27]24,23,3)([28]5,20,4)([29]26,17,4)([30]6,24,6)([31]3,2,4)([32]28,1,7)([33]31,32,6)([34]13,25,7)([35]27,3,2)([36]32,28,3)([37]25,33,7)([38]29,25,6)([39]3,1,7)([40]3,1,4)([41]33,34,2)([42]19,41,1)([43]0,35,0)([44]15,0,0)([45]41,39,3)([46]22,38,7)([47]35,44,7)([48]28,46,2)([49]21,12,5)([50]27,12,0)([51]17,45,7)([52]22,51,2)([53]44,17,5)([54]29,11,3)([55]47,47,5)([56]43,48,6)([57]48,47,7)([58]38,37,3)([59]22,56,2)([60]57,52,6)([61]58,32,4)([62]30,7,1)([63]5,1,3)([64]27,22,4)([65]53,55,7)([66]4,31,0)([67]24,61,2)([68]12,22,7)([69]34,51,7)([70]16,47,6)([71]57,67,5)([72]60,67,3)([73]56,7,5)([74]35,53,7)([75]10,40,6)([76]54,75,2)([77]38,24,5)([78]50,3,1)([79]28,10,7)([80]64,75,5)([81]71,52,4)([82]12,69,3)([83]34,23,3)([84]17,18,6)([85]45,64,2)([86]59,44,1)(72)
evaluations: 25270976
first invidual area: 139.64
{7,1,80,1,2,1,8}([7]6,5,7)([8]0,1,2)([9]4,7,5)([10]6,8,3)([11]2,9,3)([12]11,4,2)([13]0,7,5)([14]1,9,5)([15]5,2,7)([16]7,0,3)([17]0,2,3)([18]0,3,6)([19]12,2,1)([20]12,13,3)([21]17,14,2)([22]9,18,4)([23]19,14,5)([24]2,10,7)([25]12,16,6)([26]16,1,5)([27]23,24,3)([28]20,5,4)([29]26,17,7)([30]18,13,6)([31]2,3,4)([32]1,28,7)([33]31,32,6)([34]28,9,7)([35]27,3,5)([36]1,3,7)([37]25,33,7)([38]29,25,6)([39]38,37,6)([40]19,33,2)([41]21,4,2)([42]10,34,2)([43]6,31,1)([44]15,40,1)([45]34,25,3)([46]22,38,7)([47]35,15,7)([48]28,46,5)([49]36,40,6)([50]22,37,6)([51]17,49,4)([52]22,51,2)([53]4,37,5)([54]50,5,2)([55]13,5,3)([56]29,32,2)([57]48,47,4)([58]41,36,1)([59]37,8,1)([60]57,52,6)([61]39,32,7)([62]1,48,3)([63]24,17,4)([64]37,44,6)([65]62,39,1)([66]46,37,7)([67]24,61,2)([68]61,61,1)([69]47,23,2)([70]46,25,2)([71]35,21,7)([72]60,67,3)([73]27,19,0)([74]1,24,3)([75]71,20,6)([76]53,30,5)([77]37,33,5)([78]14,72,4)([79]18,9,5)([80]12,38,4)([81]77,41,0)([82]63,38,6)([83]41,7,4)([84]58,77,2)([85]31,9,1)([86]62,3,2)(72)
optimized area: 129.30
time: 610886 ms
seed: 1634448483
{7,1,80,1,2,1,8}([7]2,6,7)([8]5,0,7)([9]8,4,7)([10]2,3,4)([11]1,7,7)([12]4,8,4)([13]1,10,3)([14]10,9,4)([15]11,8,4)([16]3,5,6)([17]5,4,6)([18]5,11,7)([19]6,4,5)([20]7,15,5)([21]18,10,3)([22]2,21,4)([23]17,13,5)([24]5,22,2)([25]23,3,6)([26]9,24,3)([27]7,17,6)([28]6,15,5)([29]2,12,3)([30]13,19,1)([31]22,26,1)([32]26,6,0)([33]32,14,3)([34]29,13,7)([35]19,20,2)([36]20,15,7)([37]31,16,6)([38]37,13,1)([39]20,22,2)([40]34,21,6)([41]18,16,6)([42]33,23,5)([43]39,3,7)([44]15,28,3)([45]35,2,1)([46]1,10,2)([47]12,0,7)([48]39,29,2)([49]35,41,4)([50]42,15,7)([51]45,24,2)([52]4,28,7)([53]51,18,5)([54]22,49,1)([55]21,18,2)([56]2,15,1)([57]7,43,5)([58]6,57,7)([59]3,39,3)([60]20,44,3)([61]36,25,3)([62]48,49,6)([63]58,50,3)([64]37,32,6)([65]15,44,2)([66]25,17,2)([67]64,44,2)([68]6,23,1)([69]9,7,4)([70]14,54,7)([71]54,26,1)([72]1,10,4)([73]63,16,1)([74]14,36,2)([75]18,26,5)([76]50,17,1)([77]76,60,4)([78]3,17,7)([79]7,25,7)([80]73,62,6)([81]13,7,3)([82]80,40,6)([83]81,52,2)([84]69,40,1)([85]62,60,5)([86]77,79,3)(82)
evaluations: 11603491
first invidual area: 120.88
{7,1,80,1,2,1,8}([7]6,2,7)([8]5,0,7)([9]5,7,0)([10]3,2,4)([11]7,1,7)([12]4,8,4)([13]1,2,4)([14]6,4,5)([15]8,11,4)([16]9,14,0)([17]1,5,2)([18]11,9,7)([19]3,14,1)([20]15,7,5)([21]18,10,3)([22]12,12,3)([23]9,3,6)([24]0,18,0)([25]10,0,1)([26]11,10,6)([27]4,9,6)([28]20,14,5)([29]2,12,3)([30]12,25,6)([31]15,17,7)([32]25,7,5)([33]25,12,5)([34]27,32,5)([35]29,1,7)([36]21,2,4)([37]25,11,7)([38]33,17,3)([39]20,36,2)([40]23,11,0)([41]18,40,3)([42]38,34,5)([43]41,28,4)([44]15,31,6)([45]15,42,7)([46]39,3,7)([47]40,41,6)([48]23,22,6)([49]39,29,2)([50]16,44,1)([51]35,21,6)([52]50,41,0)([53]22,48,7)([54]10,40,1)([55]25,52,3)([56]46,7,5)([57]27,54,0)([58]6,56,7)([59]37,16,6)([60]28,3,7)([61]57,43,1)([62]30,52,3)([63]29,5,0)([64]45,58,6)([65]15,52,0)([66]19,31,0)([67]14,12,4)([68]43,23,5)([69]49,43,6)([70]13,30,3)([71]26,69,7)([72]14,38,7)([73]15,61,0)([74]34,39,0)([75]26,68,6)([76]29,74,7)([77]47,5,3)([78]39,27,3)([79]32,66,4)([80]64,69,6)([81]4,50,5)([82]80,51,6)([83]13,63,2)([84]38,17,4)([85]40,4,5)([86]40,31,6)(82)
optimized area: 110.09
time: 627778 ms
seed: 1634508674
{7,1,80,1,2,1,8}([7]5,6,7)([8]0,2,4)([9]8,4,6)([10]4,1,6)([11]9,6,7)([12]1,11,5)([13]7,3,5)([14]4,1,4)([15]12,3,6)([16]14,7,3)([17]1,5,4)([18]4,14,7)([19]6,6,3)([20]0,17,7)([21]14,15,7)([22]15,6,3)([23]3,7,1)([24]18,2,3)([25]20,15,0)([26]3,18,5)([27]5,8,0)([28]21,3,7)([29]5,12,7)([30]24,14,7)([31]30,12,7)([32]20,22,4)([33]26,9,7)([34]17,11,3)([35]28,16,2)([36]7,0,2)([37]32,30,2)([38]20,21,3)([39]37,3,3)([40]22,29,3)([41]38,1,4)([42]34,39,2)([43]31,42,5)([44]7,17,2)([45]36,16,4)([46]31,41,5)([47]26,35,4)([48]43,32,6)([49]40,41,7)([50]28,49,2)([51]50,47,0)([52]8,47,5)([53]26,27,0)([54]6,43,5)([55]50,35,5)([56]31,11,5)([57]46,42,5)([58]25,22,2)([59]2,50,3)([60]59,57,5)([61]52,38,2)([62]11,43,3)([63]9,56,7)([64]61,23,0)([65]23,33,3)([66]18,24,5)([67]65,0,4)([68]13,46,7)([69]19,59,3)([70]51,4,7)([71]64,54,5)([72]59,58,7)([73]2,31,0)([74]11,41,3)([75]60,47,4)([76]60,71,4)([77]65,8,0)([78]27,47,6)([79]27,74,3)([80]64,73,6)([81]24,45,1)([82]13,58,4)([83]34,68,1)([84]28,80,6)([85]33,8,1)([86]80,23,6)(76)
evaluations: 41765041
first invidual area: 131.66
{7,1,80,1,2,1,8}([7]5,6,6)([8]0,2,4)([9]4,8,6)([10]1,2,0)([11]9,6,7)([12]1,11,5)([13]3,9,7)([14]10,4,4)([15]12,3,6)([16]2,6,7)([17]1,5,4)([18]2,5,0)([19]12,8,4)([20]0,17,7)([21]14,15,7)([22]15,6,3)([23]2,7,7)([24]2,10,2)([25]1,17,5)([26]5,1,7)([27]5,9,1)([28]3,21,7)([29]20,10,7)([30]24,4,4)([31]30,12,7)([32]20,22,4)([33]7,12,0)([34]17,11,3)([35]7,28,5)([36]31,35,2)([37]32,30,2)([38]20,21,3)([39]37,3,3)([40]12,33,5)([41]38,1,4)([42]34,39,2)([43]31,42,5)([44]41,36,5)([45]42,41,5)([46]18,43,4)([47]45,35,7)([48]18,7,5)([49]40,41,7)([50]33,43,4)([51]9,26,7)([52]8,47,5)([53]12,21,4)([54]6,43,5)([55]42,44,5)([56]27,33,4)([57]2,13,7)([58]49,28,2)([59]2,58,3)([60]59,55,5)([61]52,38,2)([62]23,41,4)([63]27,25,5)([64]20,21,1)([65]63,8,2)([66]36,48,7)([67]49,26,5)([68]0,41,6)([69]54,67,6)([70]49,16,1)([71]61,54,5)([72]25,3,3)([73]66,3,0)([74]60,40,2)([75]44,30,1)([76]60,71,4)([77]22,62,3)([78]43,38,0)([79]60,66,7)([80]65,27,0)([81]60,42,1)([82]78,66,3)([83]79,47,2)([84]18,76,7)([85]21,73,7)([86]50,33,0)(76)
optimized area: 118.99
time: 551567 ms
seed: 1634607873
NOT FOUND
time: 525537 ms
seed: 1635134789
{7,1,80,1,2,1,8}([7]6,1,2)([8]2,4,2)([9]3,4,6)([10]0,6,4)([11]10,4,3)([12]2,10,7)([13]10,3,6)([14]5,5,0)([15]11,14,5)([16]13,5,6)([17]2,1,1)([18]3,13,3)([19]13,2,2)([20]9,0,6)([21]0,7,6)([22]14,12,3)([23]8,21,3)([24]15,23,4)([25]20,14,7)([26]16,4,5)([27]13,24,2)([28]21,23,6)([29]3,6,6)([30]27,21,3)([31]30,4,3)([32]14,30,2)([33]6,6,4)([34]1,24,3)([35]11,2,2)([36]34,26,2)([37]18,25,7)([38]30,11,3)([39]35,32,4)([40]37,22,4)([41]0,17,3)([42]21,37,7)([43]22,18,1)([44]40,42,6)([45]36,44,3)([46]1,39,5)([47]19,27,5)([48]24,1,7)([49]45,47,5)([50]49,46,7)([51]35,9,4)([52]7,14,2)([53]6,50,0)([54]19,47,0)([55]54,2,6)([56]30,51,3)([57]42,47,4)([58]40,2,6)([59]14,14,2)([60]15,40,0)([61]34,6,5)([62]45,16,5)([63]10,40,1)([64]12,29,5)([65]0,17,7)([66]59,45,1)([67]25,6,3)([68]51,48,6)([69]52,31,1)([70]31,58,4)([71]48,11,0)([72]28,37,4)([73]47,27,4)([74]28,41,6)([75]32,30,6)([76]50,8,3)([77]27,28,2)([78]41,48,6)([79]57,30,4)([80]11,53,4)([81]40,45,7)([82]37,68,2)([83]33,56,6)([84]70,82,5)([85]58,69,6)([86]50,84,7)(86)
evaluations: 27041679
first invidual area: 128.35
{7,1,80,1,2,1,8}([7]1,6,2)([8]2,4,2)([9]3,4,6)([10]6,0,4)([11]4,10,3)([12]2,10,7)([13]3,10,6)([14]9,0,3)([15]11,5,5)([16]5,15,0)([17]6,0,7)([18]3,13,3)([19]4,8,3)([20]13,16,6)([21]0,7,6)([22]12,5,6)([23]21,8,3)([24]15,23,4)([25]16,18,4)([26]0,3,5)([27]13,24,2)([28]15,7,1)([29]8,27,2)([30]27,21,3)([31]2,23,0)([32]30,16,5)([33]17,16,7)([34]1,24,3)([35]11,2,2)([36]22,30,4)([37]14,25,7)([38]27,31,5)([39]35,32,7)([40]30,37,7)([41]39,1,5)([42]4,20,5)([43]42,34,2)([44]40,36,6)([45]44,43,3)([46]13,13,6)([47]31,27,5)([48]31,11,0)([49]45,47,5)([50]49,41,7)([51]35,9,4)([52]31,22,6)([53]10,34,2)([54]1,24,7)([55]6,38,4)([56]16,19,7)([57]50,51,6)([58]3,38,4)([59]54,51,6)([60]50,39,7)([61]25,26,0)([62]13,15,2)([63]9,44,0)([64]6,38,7)([65]18,8,5)([66]44,31,5)([67]4,30,6)([68]24,39,1)([69]4,27,3)([70]67,52,7)([71]14,0,6)([72]0,18,3)([73]38,14,4)([74]58,38,5)([75]22,43,3)([76]44,31,2)([77]36,30,6)([78]27,29,7)([79]14,32,6)([80]38,65,4)([81]63,5,1)([82]37,70,2)([83]55,15,0)([84]38,30,6)([85]82,59,5)([86]50,85,7)(86)
optimized area: 125.54
time: 612732 ms
seed: 1635183950
NOT FOUND
time: 528419 ms
seed: 1635321793
{7,1,80,1,2,1,8}([7]5,1,7)([8]3,2,5)([9]4,2,6)([10]3,7,5)([11]7,0,7)([12]6,4,5)([13]11,1,7)([14]9,8,7)([15]6,2,4)([16]2,9,4)([17]6,8,4)([18]0,3,7)([19]15,16,2)([20]8,10,5)([21]19,13,3)([22]15,4,2)([23]22,13,7)([24]10,19,6)([25]17,24,6)([26]16,8,5)([27]8,5,7)([28]7,21,5)([29]23,22,2)([30]8,25,2)([31]23,30,6)([32]20,16,3)([33]28,32,2)([34]4,6,2)([35]12,7,5)([36]29,15,5)([37]31,31,0)([38]0,13,4)([39]9,11,6)([40]38,33,4)([41]37,28,4)([42]40,34,4)([43]40,32,2)([44]38,20,6)([45]42,39,6)([46]29,43,1)([47]45,5,5)([48]15,2,6)([49]3,18,7)([50]7,18,4)([51]46,21,5)([52]48,46,4)([53]45,30,6)([54]10,52,5)([55]53,54,7)([56]10,13,6)([57]47,55,2)([58]47,15,5)([59]54,10,1)([60]13,55,0)([61]45,54,2)([62]57,15,7)([63]35,61,3)([64]33,19,5)([65]1,58,2)([66]8,17,3)([67]60,42,3)([68]19,53,0)([69]66,65,5)([70]69,1,0)([71]18,69,7)([72]22,17,1)([73]43,30,7)([74]12,45,1)([75]14,61,7)([76]71,41,6)([77]19,55,6)([78]41,57,4)([79]67,23,3)([80]67,27,5)([81]70,7,4)([82]32,34,6)([83]72,49,1)([84]62,76,6)([85]15,34,7)([86]29,1,6)(84)
evaluations: 39680795
first invidual area: 140.54
{7,1,80,1,2,1,8}([7]5,1,7)([8]2,2,0)([9]8,4,6)([10]7,3,5)([11]7,0,7)([12]8,3,5)([13]1,11,7)([14]2,9,3)([15]6,2,4)([16]15,9,5)([17]6,12,5)([18]11,3,3)([19]2,15,2)([20]13,19,3)([21]9,11,6)([22]15,4,2)([23]22,13,7)([24]9,10,6)([25]17,24,6)([26]12,1,6)([27]8,15,3)([28]7,20,5)([29]14,24,3)([30]27,9,2)([31]23,25,3)([32]24,13,1)([33]28,29,5)([34]4,6,5)([35]26,25,5)([36]3,0,4)([37]20,12,3)([38]31,28,7)([39]15,18,0)([40]5,33,7)([41]11,0,2)([42]40,34,4)([43]7,17,2)([44]4,19,6)([45]42,21,6)([46]23,22,5)([47]5,45,5)([48]13,26,4)([49]14,16,3)([50]6,32,6)([51]25,11,6)([52]10,46,2)([53]45,25,6)([54]27,52,5)([55]53,54,7)([56]33,46,7)([57]47,55,5)([58]15,47,5)([59]43,14,5)([60]38,36,4)([61]4,41,4)([62]57,39,4)([63]25,0,3)([64]43,36,4)([65]11,58,2)([66]18,23,5)([67]19,13,1)([68]21,6,0)([69]32,65,5)([70]5,14,1)([71]36,69,4)([72]62,39,4)([73]63,52,3)([74]13,72,0)([75]9,27,4)([76]71,38,6)([77]43,64,3)([78]34,26,7)([79]37,26,3)([80]38,39,6)([81]50,40,7)([82]61,19,7)([83]23,19,4)([84]62,76,6)([85]7,32,0)([86]63,8,3)(84)
optimized area: 119.90
time: 1072810 ms
seed: 1635479461
NOT FOUND
time: 993009 ms
seed: 1635615158
{7,1,80,1,2,1,8}([7]1,2,7)([8]7,0,4)([9]2,1,0)([10]1,6,7)([11]1,3,6)([12]3,2,6)([13]8,11,3)([14]9,6,5)([15]8,2,0)([16]5,10,4)([17]5,4,4)([18]11,6,4)([19]13,14,7)([20]10,13,5)([21]16,3,7)([22]5,3,6)([23]12,9,7)([24]5,16,6)([25]17,19,7)([26]14,0,2)([27]12,19,3)([28]23,13,5)([29]25,22,1)([30]13,16,4)([31]29,11,5)([32]0,31,3)([33]17,16,6)([34]31,22,4)([35]6,33,6)([36]22,26,7)([37]34,27,6)([38]15,17,7)([39]20,9,2)([40]35,2,6)([41]39,36,7)([42]27,38,4)([43]19,26,0)([44]33,21,7)([45]25,24,3)([46]29,7,7)([47]29,33,2)([48]10,42,4)([49]33,34,6)([50]26,42,6)([51]9,16,4)([52]41,47,7)([53]34,43,7)([54]29,41,2)([55]8,45,3)([56]33,33,3)([57]37,50,6)([58]55,32,0)([59]30,29,7)([60]44,52,6)([61]53,0,4)([62]14,27,5)([63]27,46,0)([64]40,58,5)([65]33,51,5)([66]47,47,7)([67]30,61,3)([68]43,60,1)([69]44,24,6)([70]64,60,7)([71]67,47,7)([72]41,59,4)([73]58,61,4)([74]12,26,7)([75]1,44,7)([76]71,57,2)([77]34,42,7)([78]70,76,6)([79]11,61,4)([80]34,79,6)([81]0,74,5)([82]42,54,1)([83]80,57,5)([84]18,31,5)([85]49,46,4)([86]47,20,7)(78)
evaluations: 41421372
first invidual area: 151.82
{7,1,80,1,2,1,8}([7]1,2,4)([8]0,7,7)([9]3,5,0)([10]1,6,7)([11]1,9,6)([12]2,6,0)([13]8,11,3)([14]6,2,5)([15]3,13,6)([16]10,5,4)([17]5,4,4)([18]10,13,5)([19]13,14,7)([20]8,7,0)([21]3,16,4)([22]5,3,6)([23]11,14,6)([24]10,12,5)([25]17,19,7)([26]0,14,5)([27]15,25,3)([28]27,13,1)([29]10,16,6)([30]9,27,3)([31]28,11,5)([32]27,5,0)([33]17,16,6)([34]31,22,4)([35]6,33,6)([36]22,26,7)([37]34,19,6)([38]36,4,7)([39]18,12,5)([40]35,12,6)([41]39,36,4)([42]32,7,7)([43]22,42,2)([44]21,33,4)([45]25,29,3)([46]13,16,4)([47]19,33,2)([48]26,27,1)([49]25,40,1)([50]0,42,6)([51]14,16,3)([52]47,41,3)([53]34,19,5)([54]7,25,2)([55]8,45,3)([56]17,24,1)([57]50,37,6)([58]7,57,0)([59]58,5,7)([60]4,21,3)([61]53,0,7)([62]10,9,7)([63]1,34,0)([64]40,55,5)([65]44,52,3)([66]16,6,7)([67]46,61,3)([68]34,41,4)([69]58,15,7)([70]64,65,4)([71]67,47,7)([72]68,38,5)([73]24,2,0)([74]36,0,6)([75]43,11,4)([76]71,57,2)([77]31,59,2)([78]70,76,6)([79]44,9,7)([80]65,0,5)([81]35,0,0)([82]11,22,2)([83]5,4,0)([84]24,7,5)([85]10,56,6)([86]67,21,3)(78)
optimized area: 141.02
time: 1122079 ms
seed: 1635662787
NOT FOUND
time: 1053849 ms
seed: 1635710616
{7,1,80,1,2,1,8}([7]5,0,6)([8]6,5,7)([9]6,0,6)([10]4,7,7)([11]3,10,1)([12]0,5,4)([13]2,12,2)([14]5,0,5)([15]8,1,7)([16]6,14,5)([17]11,15,7)([18]2,17,4)([19]18,11,6)([20]16,10,0)([21]13,8,3)([22]18,1,7)([23]19,2,5)([24]22,12,5)([25]2,9,6)([26]10,6,7)([27]11,7,5)([28]4,25,7)([29]0,28,7)([30]23,25,1)([31]6,24,7)([32]26,3,4)([33]15,26,2)([34]1,6,7)([35]21,18,7)([36]7,24,6)([37]13,4,4)([38]1,30,4)([39]16,24,2)([40]39,33,2)([41]11,32,7)([42]21,30,2)([43]29,40,4)([44]14,2,0)([45]35,0,7)([46]20,19,5)([47]37,30,6)([48]43,35,5)([49]25,11,5)([50]43,21,4)([51]40,16,5)([52]44,49,4)([53]16,36,5)([54]1,23,2)([55]37,19,7)([56]14,3,0)([57]45,19,3)([58]57,41,2)([59]55,6,1)([60]17,17,3)([61]51,23,4)([62]55,50,3)([63]21,38,4)([64]7,32,4)([65]42,40,6)([66]27,34,0)([67]6,46,7)([68]48,32,3)([69]57,57,1)([70]33,34,2)([71]58,32,3)([72]62,40,0)([73]43,46,7)([74]25,62,5)([75]74,65,7)([76]58,31,3)([77]29,34,4)([78]24,36,4)([79]24,66,2)([80]24,3,1)([81]68,75,2)([82]54,24,5)([83]27,79,3)([84]32,7,5)([85]24,7,3)([86]23,28,6)(81)
evaluations: 17146778
first invidual area: 126.51
{7,1,80,1,2,1,8}([7]0,4,4)([8]5,6,7)([9]0,5,4)([10]7,6,7)([11]3,5,1)([12]8,10,5)([13]9,2,2)([14]11,2,4)([15]8,1,7)([16]5,9,5)([17]6,0,6)([18]15,14,7)([19]11,18,6)([20]3,12,3)([21]8,13,3)([22]3,6,4)([23]22,12,3)([24]21,18,7)([25]17,2,6)([26]10,16,7)([27]19,4,7)([28]20,13,5)([29]7,25,7)([30]26,28,2)([31]6,1,5)([32]26,3,4)([33]20,6,5)([34]16,0,6)([35]25,20,0)([36]26,13,7)([37]32,6,1)([38]7,19,7)([39]33,30,2)([40]39,15,2)([41]26,19,1)([42]19,20,7)([43]29,40,6)([44]15,6,6)([45]43,15,7)([46]11,0,2)([47]18,7,1)([48]43,24,5)([49]43,8,4)([50]21,2,2)([51]8,17,0)([52]46,41,2)([53]14,51,7)([54]45,11,0)([55]45,49,5)([56]25,30,4)([57]50,19,2)([58]27,49,3)([59]45,43,7)([60]16,9,7)([61]23,58,2)([62]58,6,6)([63]50,21,7)([64]9,13,0)([65]57,40,3)([66]46,60,7)([67]4,32,2)([68]48,32,3)([69]48,49,3)([70]16,4,0)([71]48,37,6)([72]64,64,7)([73]0,62,2)([74]25,58,5)([75]65,74,4)([76]47,66,4)([77]67,19,7)([78]75,73,4)([79]17,57,4)([80]30,37,5)([81]68,75,2)([82]57,56,6)([83]58,80,3)([84]46,80,2)([85]12,50,4)([86]54,79,1)(81)
optimized area: 115.72
time: 1240803 ms
seed: 1635757877
{7,1,80,1,2,1,8}([7]4,1,7)([8]7,3,4)([9]0,7,7)([10]3,5,5)([11]4,10,5)([12]3,2,1)([13]8,11,6)([14]11,0,6)([15]9,13,3)([16]15,15,4)([17]5,1,7)([18]2,11,5)([19]17,15,3)([20]11,12,7)([21]17,8,5)([22]18,0,4)([23]22,19,7)([24]17,6,5)([25]1,14,6)([26]4,18,7)([27]7,23,2)([28]15,6,3)([29]2,27,4)([30]24,9,4)([31]3,30,7)([32]17,19,5)([33]10,15,7)([34]33,29,6)([35]4,31,3)([36]6,21,2)([37]21,30,2)([38]23,28,2)([39]2,3,2)([40]29,37,3)([41]30,25,7)([42]6,41,7)([43]39,23,3)([44]6,2,5)([45]10,2,6)([46]36,43,3)([47]33,23,3)([48]32,46,4)([49]41,34,3)([50]44,35,4)([51]36,40,0)([52]43,42,0)([53]11,19,0)([54]32,28,2)([55]54,52,2)([56]50,55,5)([57]48,49,5)([58]37,45,5)([59]40,56,7)([60]14,15,5)([61]3,59,2)([62]7,1,1)([63]29,15,1)([64]10,27,1)([65]63,40,2)([66]43,8,2)([67]59,26,2)([68]33,29,5)([69]66,63,6)([70]64,35,6)([71]35,35,0)([72]9,21,5)([73]10,25,4)([74]24,58,4)([75]4,3,2)([76]55,57,1)([77]22,8,5)([78]18,13,1)([79]74,76,5)([80]46,76,6)([81]59,58,1)([82]67,80,7)([83]57,67,7)([84]35,76,3)([85]21,66,5)([86]52,85,6)(83)
evaluations: 16417242
first invidual area: 136.33
{7,1,80,1,2,1,8}([7]4,1,7)([8]2,3,2)([9]0,7,7)([10]3,5,5)([11]4,10,5)([12]3,7,4)([13]11,12,6)([14]9,12,2)([15]13,9,3)([16]6,2,5)([17]1,5,7)([18]11,2,5)([19]17,15,3)([20]4,18,7)([21]17,12,5)([22]0,18,7)([23]22,19,4)([24]17,6,5)([25]8,9,5)([26]0,0,5)([27]23,7,5)([28]15,10,2)([29]2,27,7)([30]24,9,4)([31]22,7,6)([32]2,7,3)([33]25,1,2)([34]29,28,6)([35]4,25,6)([36]6,21,2)([37]21,30,2)([38]10,34,5)([39]32,22,7)([40]17,28,1)([41]31,32,3)([42]1,31,3)([43]8,23,3)([44]20,11,7)([45]39,29,2)([46]43,36,6)([47]42,30,4)([48]46,17,4)([49]47,34,3)([50]16,35,7)([51]40,43,2)([52]6,51,5)([53]22,52,6)([54]48,10,0)([55]50,38,2)([56]51,55,5)([57]54,49,5)([58]37,29,3)([59]58,56,7)([60]26,34,5)([61]13,16,3)([62]48,10,3)([63]62,9,3)([64]7,6,4)([65]16,34,6)([66]61,35,5)([67]59,20,5)([68]20,34,3)([69]56,19,2)([70]65,14,0)([71]36,23,5)([72]65,64,6)([73]57,67,4)([74]47,31,1)([75]67,60,2)([76]64,26,5)([77]9,67,1)([78]47,59,4)([79]11,5,2)([80]7,34,0)([81]15,21,4)([82]52,5,5)([83]31,40,0)([84]77,39,3)([85]84,68,2)([86]85,71,1)(73)
optimized area: 129.28
time: 1367576 ms
seed: 1635804757
NOT FOUND
time: 1059174 ms
seed: 1635847976
{7,1,80,1,2,1,8}([7]3,1,5)([8]2,1,7)([9]6,2,2)([10]4,8,7)([11]7,3,4)([12]5,1,4)([13]10,0,5)([14]11,8,6)([15]14,0,4)([16]9,7,7)([17]12,13,3)([18]5,17,7)([19]15,2,4)([20]0,19,3)([21]4,15,3)([22]20,18,2)([23]21,16,7)([24]5,5,1)([25]5,8,3)([26]23,24,3)([27]25,3,5)([28]7,4,6)([29]17,27,4)([30]22,6,7)([31]29,9,0)([32]26,2,5)([33]29,2,4)([34]9,13,5)([35]19,29,0)([36]25,19,6)([37]7,9,1)([38]0,28,3)([39]24,20,4)([40]6,22,4)([41]9,36,4)([42]5,2,3)([43]42,38,7)([44]19,21,7)([45]22,10,6)([46]4,12,5)([47]12,29,6)([48]41,22,2)([49]47,16,4)([50]4,42,3)([51]44,25,6)([52]19,22,3)([53]51,30,4)([54]14,24,7)([55]1,39,0)([56]1,47,1)([57]41,46,4)([58]37,36,5)([59]43,49,2)([60]9,12,4)([61]25,19,0)([62]58,36,4)([63]43,9,6)([64]51,2,0)([65]19,25,2)([66]40,44,5)([67]37,47,3)([68]57,53,2)([69]2,35,5)([70]11,4,5)([71]58,12,2)([72]59,68,6)([73]35,72,7)([74]66,33,3)([75]41,53,7)([76]27,70,4)([77]46,67,1)([78]20,48,4)([79]66,5,5)([80]67,75,5)([81]5,71,0)([82]13,61,2)([83]67,30,6)([84]71,42,2)([85]74,73,2)([86]45,37,2)(85)
evaluations: 40339891
first invidual area: 140.58
{7,1,80,1,2,1,8}([7]3,1,5)([8]1,2,7)([9]6,2,2)([10]4,8,7)([11]2,3,5)([12]1,5,4)([13]10,0,5)([14]8,11,3)([15]14,0,7)([16]9,7,7)([17]12,13,3)([18]5,17,7)([19]2,15,4)([20]0,19,3)([21]4,15,6)([22]18,20,5)([23]6,21,0)([24]2,8,0)([25]5,8,3)([26]6,22,7)([27]3,25,5)([28]7,4,6)([29]17,27,4)([30]4,12,5)([31]25,1,3)([32]18,19,1)([33]25,5,3)([34]19,1,0)([35]23,11,4)([36]19,25,6)([37]35,20,1)([38]0,28,6)([39]24,29,4)([40]36,7,6)([41]9,36,7)([42]24,18,3)([43]42,38,4)([44]21,34,4)([45]18,11,5)([46]12,43,0)([47]46,29,3)([48]25,31,0)([49]47,16,7)([50]17,17,4)([51]44,25,6)([52]30,41,7)([53]26,51,7)([54]51,15,3)([55]49,18,0)([56]42,38,3)([57]41,7,7)([58]57,23,1)([59]43,55,2)([60]7,32,0)([61]6,34,6)([62]24,6,0)([63]26,11,2)([64]52,27,0)([65]10,37,4)([66]26,44,5)([67]27,42,5)([68]53,52,2)([69]5,26,3)([70]30,61,6)([71]27,11,0)([72]59,68,3)([73]34,72,4)([74]66,39,3)([75]54,68,4)([76]26,50,7)([77]39,76,1)([78]24,22,3)([79]26,60,1)([80]22,74,0)([81]41,21,0)([82]2,6,7)([83]29,69,0)([84]13,83,4)([85]74,73,2)([86]32,9,7)(85)
optimized area: 132.60
time: 1105080 ms
seed: 1635890087
{7,1,80,1,2,1,8}([7]6,0,7)([8]2,7,4)([9]4,6,1)([10]1,7,5)([11]9,0,5)([12]10,9,4)([13]3,6,4)([14]2,8,7)([15]11,5,4)([16]12,4,3)([17]14,15,6)([18]13,2,7)([19]13,2,5)([20]0,14,6)([21]3,8,6)([22]15,12,2)([23]2,20,6)([24]21,1,3)([25]24,9,6)([26]23,2,3)([27]22,23,7)([28]24,10,7)([29]16,27,0)([30]28,13,3)([31]19,27,5)([32]24,5,7)([33]31,25,4)([34]28,27,7)([35]13,6,4)([36]27,4,0)([37]32,17,3)([38]4,24,7)([39]31,34,2)([40]32,2,4)([41]3,22,1)([42]41,2,5)([43]33,39,0)([44]9,17,1)([45]33,40,1)([46]40,13,7)([47]0,36,3)([48]27,20,4)([49]46,41,6)([50]23,43,2)([51]30,31,0)([52]49,34,7)([53]9,49,2)([54]19,14,4)([55]21,51,3)([56]28,29,3)([57]13,5,1)([58]4,50,4)([59]33,36,1)([60]52,11,4)([61]11,37,2)([62]56,9,6)([63]53,60,5)([64]43,8,3)([65]52,28,6)([66]55,61,3)([67]4,31,1)([68]34,3,2)([69]63,51,6)([70]58,26,5)([71]19,63,2)([72]29,55,5)([73]7,19,7)([74]21,45,7)([75]20,24,4)([76]59,66,2)([77]24,53,7)([78]71,65,6)([79]78,76,4)([80]49,73,2)([81]32,3,2)([82]14,58,0)([83]65,29,2)([84]60,64,0)([85]27,41,4)([86]81,67,3)(79)
evaluations: 22206215
first invidual area: 130.71
{7,1,80,1,2,1,8}([7]6,0,7)([8]6,5,0)([9]4,8,1)([10]7,1,5)([11]0,9,5)([12]7,2,4)([13]3,8,4)([14]7,10,2)([15]11,5,4)([16]6,0,6)([17]10,4,7)([18]3,3,7)([19]2,13,5)([20]8,0,0)([21]3,12,6)([22]15,17,5)([23]5,5,2)([24]21,1,3)([25]16,2,6)([26]17,21,2)([27]22,25,4)([28]24,10,2)([29]3,12,7)([30]21,3,1)([31]14,23,3)([32]24,5,4)([33]16,17,2)([34]32,13,7)([35]15,30,2)([36]33,29,4)([37]14,34,3)([38]25,4,3)([39]3,29,1)([40]19,27,5)([41]2,34,7)([42]5,9,1)([43]28,13,3)([44]3,14,5)([45]14,18,2)([46]14,37,5)([47]9,24,3)([48]22,21,3)([49]39,41,6)([50]17,49,0)([51]23,24,5)([52]22,20,2)([53]9,49,2)([54]15,18,6)([55]21,43,3)([56]20,27,1)([57]47,40,4)([58]10,49,1)([59]40,34,7)([60]43,6,4)([61]11,37,2)([62]5,17,0)([63]30,43,6)([64]27,49,4)([65]64,28,6)([66]55,61,3)([67]53,31,5)([68]24,27,6)([69]19,67,2)([70]0,29,5)([71]6,20,6)([72]28,40,2)([73]0,42,6)([74]28,72,0)([75]37,63,7)([76]57,66,5)([77]16,36,4)([78]69,65,6)([79]19,22,1)([80]75,11,5)([81]78,76,7)([82]81,8,2)([83]48,18,5)([84]11,66,4)([85]13,4,1)([86]81,12,4)(81)
optimized area: 114.29
time: 1209843 ms
seed: 1635926153
{7,1,80,1,2,1,8}([7]5,3,2)([8]6,0,6)([9]5,4,2)([10]5,1,4)([11]3,9,5)([12]0,6,5)([13]11,0,2)([14]2,2,2)([15]12,1,4)([16]5,14,7)([17]12,5,1)([18]10,16,5)([19]9,18,7)([20]18,9,6)([21]1,16,6)([22]8,15,3)([23]6,21,7)([24]7,8,6)([25]12,21,1)([26]14,19,3)([27]24,16,4)([28]16,12,0)([29]15,3,7)([30]29,6,5)([31]19,27,5)([32]21,27,7)([33]20,30,3)([34]33,4,5)([35]0,31,2)([36]22,3,3)([37]35,12,4)([38]34,31,4)([39]2,37,3)([40]8,14,4)([41]37,32,4)([42]41,3,5)([43]8,12,0)([44]15,13,5)([45]19,11,6)([46]27,22,1)([47]12,23,5)([48]33,26,7)([49]36,42,7)([50]49,27,0)([51]15,24,6)([52]44,40,5)([53]38,22,4)([54]6,52,2)([55]41,48,4)([56]14,39,1)([57]20,4,2)([58]44,27,2)([59]35,25,0)([60]37,33,0)([61]55,15,1)([62]53,32,4)([63]49,39,0)([64]62,50,2)([65]18,40,5)([66]64,5,7)([67]38,10,2)([68]67,33,0)([69]0,58,1)([70]9,36,3)([71]59,61,3)([72]27,58,2)([73]64,71,5)([74]58,52,6)([75]52,73,7)([76]31,46,5)([77]41,49,7)([78]21,63,5)([79]73,21,4)([80]26,43,0)([81]75,67,4)([82]57,16,3)([83]60,38,1)([84]0,71,4)([85]45,81,6)([86]18,12,7)(85)
evaluations: 39545192
first invidual area: 144.30
{7,1,80,1,2,1,8}([7]3,5,2)([8]6,0,6)([9]5,4,5)([10]5,1,4)([11]4,7,5)([12]6,0,5)([13]2,12,4)([14]2,8,4)([15]12,1,4)([16]5,2,7)([17]16,3,0)([18]10,16,5)([19]18,9,5)([20]0,11,2)([21]1,16,3)([22]8,15,3)([23]17,1,2)([24]7,8,6)([25]18,0,0)([26]25,18,2)([27]24,17,4)([28]27,10,0)([29]22,3,7)([30]29,6,5)([31]19,27,5)([32]21,27,4)([33]23,30,3)([34]33,4,5)([35]31,20,2)([36]22,3,3)([37]35,12,4)([38]34,31,4)([39]13,33,5)([40]11,7,5)([41]37,32,4)([42]41,3,5)([43]20,15,5)([44]0,31,1)([45]18,11,6)([46]37,15,7)([47]10,13,0)([48]0,39,1)([49]36,42,2)([50]19,2,6)([51]8,17,4)([52]43,14,5)([53]38,22,4)([54]27,22,0)([55]41,50,4)([56]50,32,3)([57]39,47,0)([58]8,57,3)([59]2,43,7)([60]30,21,2)([61]29,22,6)([62]53,32,4)([63]39,12,7)([64]62,49,2)([65]21,57,7)([66]26,51,2)([67]38,47,5)([68]48,31,5)([69]63,14,7)([70]8,64,7)([71]35,55,3)([72]58,51,3)([73]64,71,5)([74]7,43,0)([75]52,73,7)([76]48,7,3)([77]60,22,0)([78]74,55,6)([79]51,52,3)([80]33,72,1)([81]75,67,7)([82]27,53,5)([83]4,30,1)([84]25,56,2)([85]45,81,6)([86]34,11,3)(85)
optimized area: 132.10
time: 1130567 ms
seed: 1635962506
NOT FOUND
time: 1066597 ms
seed: 1635998315
NOT FOUND
time: 1074589 ms
seed: 1636032822
NOT FOUND
time: 1057436 ms
seed: 1636066833
NOT FOUND
time: 1069699 ms
seed: 1636099911
NOT FOUND
time: 1078863 ms
seed: 1636132647
{7,1,80,1,2,1,8}([7]4,3,4)([8]4,5,4)([9]0,1,7)([10]1,7,3)([11]6,1,3)([12]8,10,7)([13]3,12,5)([14]4,9,7)([15]12,8,5)([16]14,13,4)([17]13,2,5)([18]17,15,7)([19]5,16,5)([20]2,4,3)([21]7,0,6)([22]3,15,5)([23]9,3,3)([24]9,3,4)([25]2,1,4)([26]24,0,3)([27]13,0,3)([28]26,8,1)([29]6,23,2)([30]11,23,2)([31]6,22,2)([32]25,8,7)([33]4,3,6)([34]18,16,7)([35]26,9,7)([36]14,17,2)([37]27,17,5)([38]35,30,3)([39]1,15,3)([40]29,24,3)([41]29,30,1)([42]19,18,2)([43]36,4,0)([44]37,32,6)([45]25,36,3)([46]34,29,2)([47]44,46,4)([48]34,34,6)([49]38,45,0)([50]5,41,3)([51]43,44,7)([52]35,31,4)([53]51,27,4)([54]9,52,2)([55]54,2,2)([56]53,55,3)([57]56,47,6)([58]6,42,6)([59]58,57,4)([60]13,6,6)([61]24,40,2)([62]4,4,6)([63]53,15,4)([64]38,32,7)([65]62,39,1)([66]3,54,3)([67]64,54,6)([68]35,42,3)([69]65,24,0)([70]50,63,7)([71]27,49,0)([72]33,64,0)([73]23,13,1)([74]70,68,7)([75]64,74,5)([76]7,52,6)([77]72,75,6)([78]46,23,3)([79]11,55,5)([80]70,33,1)([81]63,12,5)([82]59,77,3)([83]10,47,1)([84]65,42,1)([85]67,68,6)([86]15,6,2)(82)
evaluations: 14842452
first invidual area: 166.80
{7,1,80,1,2,1,8}([7]4,3,4)([8]4,5,4)([9]0,1,7)([10]7,1,3)([11]1,3,2)([12]10,8,7)([13]3,12,5)([14]4,9,7)([15]8,12,5)([16]14,13,4)([17]13,2,5)([18]15,17,7)([19]3,15,7)([20]8,2,4)([21]19,17,5)([22]3,9,3)([23]13,3,7)([24]2,6,3)([25]5,16,5)([26]0,11,3)([27]0,13,3)([28]4,6,0)([29]6,22,2)([30]26,29,4)([31]19,30,5)([32]20,1,7)([33]9,26,7)([34]18,16,7)([35]13,4,3)([36]14,17,5)([37]17,27,5)([38]36,8,7)([39]26,5,1)([40]2,34,4)([41]29,17,7)([42]25,18,2)([43]29,23,1)([44]37,32,6)([45]32,39,3)([46]34,29,5)([47]35,30,7)([48]40,7,2)([49]3,29,7)([50]5,43,3)([51]44,36,7)([52]44,46,7)([53]27,51,7)([54]49,9,2)([55]2,54,2)([56]53,52,3)([57]56,55,3)([58]6,42,3)([59]25,20,7)([60]3,4,6)([61]58,57,7)([62]15,32,6)([63]53,15,4)([64]15,23,1)([65]21,64,5)([66]19,33,3)([67]47,34,7)([68]33,42,3)([69]18,68,3)([70]50,68,4)([71]38,0,3)([72]70,63,4)([73]58,68,2)([74]41,1,4)([75]45,72,5)([76]32,72,2)([77]60,75,3)([78]67,27,0)([79]7,37,5)([80]77,48,4)([81]36,57,3)([82]61,77,5)([83]65,79,5)([84]56,43,3)([85]73,81,3)([86]69,8,5)(82)
optimized area: 150.86
time: 1458754 ms
seed: 1636165043
NOT FOUND
time: 1072501 ms
