seed: 1634032069
{7,1,80,1,2,1,8}([7]4,0,6)([8]2,4,2)([9]1,2,7)([10]7,3,5)([11]9,8,3)([12]4,3,7)([13]10,10,3)([14]2,12,3)([15]7,6,7)([16]9,15,7)([17]5,3,7)([18]0,6,4)([19]11,13,4)([20]1,13,2)([21]5,11,2)([22]5,12,7)([23]21,4,7)([24]16,21,3)([25]15,2,3)([26]2,10,7)([27]24,22,3)([28]23,7,3)([29]3,27,7)([30]12,8,5)([31]22,7,6)([32]31,21,3)([33]1,28,7)([34]24,11,1)([35]32,9,4)([36]18,35,2)([37]16,9,5)([38]1,7,7)([39]26,15,2)([40]13,22,4)([41]17,1,7)([42]8,34,1)([43]28,34,3)([44]25,6,0)([45]38,42,1)([46]8,44,6)([47]43,21,7)([48]46,7,5)([49]4,41,4)([50]21,48,4)([51]20,47,4)([52]14,38,7)([53]33,36,3)([54]28,47,5)([55]3,26,3)([56]55,27,4)([57]46,37,4)([58]3,56,4)([59]32,42,0)([60]11,56,4)([61]43,34,6)([62]29,58,0)([63]34,21,2)([64]40,51,3)([65]34,64,3)([66]53,29,6)([67]48,17,4)([68]66,18,7)([69]56,25,4)([70]27,57,7)([71]65,56,4)([72]66,71,3)([73]12,28,4)([74]26,58,7)([75]45,15,0)([76]39,72,7)([77]12,43,5)([78]14,22,1)([79]55,38,7)([80]74,73,7)([81]27,4,7)([82]65,68,2)([83]23,78,7)([84]76,69,2)([85]82,84,6)([86]3,22,5)(85)
evaluations: 32196125
first invidual area: 146.20
{7,1,80,1,2,1,8}([7]0,4,6)([8]4,3,7)([9]2,1,7)([10]3,7,5)([11]4,2,2)([12]9,11,3)([13]12,1,7)([14]4,9,7)([15]6,7,7)([16]8,11,0)([17]9,15,7)([18]0,6,4)([19]7,5,6)([20]12,10,5)([21]5,12,2)([22]8,5,7)([23]4,21,7)([24]21,17,3)([25]0,22,3)([26]20,21,3)([27]22,24,3)([28]0,1,3)([29]3,27,7)([30]23,7,3)([31]7,22,6)([32]31,21,3)([33]1,30,7)([34]13,13,0)([35]32,9,4)([36]18,35,2)([37]2,3,5)([38]8,15,5)([39]4,13,3)([40]10,22,7)([41]22,18,0)([42]39,12,4)([43]20,20,2)([44]2,10,7)([45]36,33,3)([46]24,23,1)([47]39,13,0)([48]45,40,5)([49]37,33,5)([50]46,16,1)([51]33,10,5)([52]21,2,3)([53]15,2,6)([54]2,3,3)([55]21,51,4)([56]27,54,5)([57]43,6,6)([58]15,44,5)([59]54,58,7)([60]23,45,1)([61]57,36,4)([62]50,29,4)([63]47,44,2)([64]40,55,5)([65]46,64,3)([66]45,29,6)([67]28,33,7)([68]66,18,7)([69]47,58,6)([70]4,60,2)([71]65,56,4)([72]66,71,6)([73]44,49,6)([74]73,56,4)([75]53,56,7)([76]58,72,7)([77]69,31,1)([78]77,15,6)([79]1,34,5)([80]46,9,6)([81]5,7,7)([82]65,68,2)([83]51,6,0)([84]76,75,2)([85]84,82,6)([86]56,55,7)(85)
optimized area: 134.94
time: 618706 ms
seed: 1634242372
{7,1,80,1,2,1,8}([7]1,5,6)([8]6,4,3)([9]5,2,3)([10]6,0,5)([11]0,8,2)([12]2,1,7)([13]2,2,2)([14]11,12,7)([15]7,0,7)([16]7,10,5)([17]0,2,4)([18]7,4,4)([19]18,15,2)([20]14,16,1)([21]14,5,4)([22]0,6,6)([23]20,17,3)([24]0,7,3)([25]14,5,5)([26]3,19,6)([27]2,6,4)([28]26,27,7)([29]23,27,7)([30]17,28,2)([31]30,3,4)([32]24,24,5)([33]28,15,4)([34]12,1,0)([35]25,31,4)([36]1,33,3)([37]30,20,1)([38]19,32,7)([39]17,32,0)([40]27,16,3)([41]26,16,2)([42]29,31,3)([43]35,38,6)([44]16,27,2)([45]12,38,0)([46]33,13,4)([47]34,16,7)([48]11,39,6)([49]26,14,3)([50]17,26,4)([51]46,21,6)([52]34,50,3)([53]23,24,6)([54]29,32,3)([55]7,51,5)([56]38,41,5)([57]44,35,5)([58]18,52,6)([59]54,36,5)([60]51,43,4)([61]50,12,3)([62]42,2,6)([63]58,26,7)([64]56,2,1)([65]47,59,3)([66]33,38,0)([67]4,61,7)([68]59,59,3)([69]51,58,2)([70]42,25,2)([71]57,18,5)([72]59,71,6)([73]3,52,7)([74]45,49,3)([75]70,72,4)([76]73,40,3)([77]0,6,5)([78]26,57,3)([79]75,60,6)([80]5,19,0)([81]79,69,4)([82]11,69,4)([83]27,79,4)([84]79,35,1)([85]46,63,0)([86]44,77,6)(81)
evaluations: 26318145
first invidual area: 145.71
{7,1,80,1,2,1,8}([7]1,5,6)([8]3,7,5)([9]6,4,3)([10]0,9,5)([11]2,7,0)([12]10,2,7)([13]0,6,1)([14]1,12,4)([15]0,7,7)([16]14,12,1)([17]2,0,4)([18]7,4,4)([19]18,15,2)([20]19,0,3)([21]12,10,1)([22]7,20,4)([23]9,17,1)([24]16,17,6)([25]5,14,5)([26]3,19,3)([27]11,6,4)([28]26,27,4)([29]24,27,4)([30]17,28,5)([31]3,30,7)([32]25,5,4)([33]28,15,4)([34]5,16,7)([35]25,31,4)([36]1,33,3)([37]18,10,0)([38]21,8,3)([39]18,31,7)([40]26,19,6)([41]20,35,4)([42]29,31,3)([43]35,22,6)([44]35,27,2)([45]43,23,6)([46]11,33,4)([47]45,4,1)([48]5,33,5)([49]8,27,4)([50]37,12,3)([51]46,34,6)([52]46,2,4)([53]7,24,4)([54]29,15,3)([55]16,11,5)([56]4,11,7)([57]44,20,5)([58]45,50,6)([59]57,36,5)([60]51,43,6)([61]11,3,4)([62]53,16,2)([63]59,1,3)([64]57,17,7)([65]42,9,1)([66]54,60,7)([67]51,65,5)([68]45,23,5)([69]51,58,5)([70]25,42,5)([71]54,18,5)([72]59,71,6)([73]30,5,3)([74]68,26,2)([75]70,72,4)([76]18,36,2)([77]25,57,2)([78]34,7,2)([79]75,60,5)([80]15,10,4)([81]67,22,2)([82]69,79,5)([83]41,56,5)([84]72,25,4)([85]12,71,6)([86]8,1,0)(82)
optimized area: 131.63
time: 636637 ms
seed: 1634379954
{7,1,80,1,2,1,8}([7]6,5,7)([8]1,4,7)([9]6,0,7)([10]5,9,7)([11]0,9,3)([12]8,5,4)([13]9,7,6)([14]2,3,6)([15]2,9,6)([16]4,15,4)([17]3,10,5)([18]5,1,4)([19]10,16,5)([20]0,10,6)([21]0,16,5)([22]11,12,7)([23]0,21,2)([24]0,12,2)([25]4,17,6)([26]21,4,2)([27]24,8,3)([28]11,25,6)([29]25,11,7)([30]13,5,7)([31]3,27,2)([32]31,28,4)([33]15,32,3)([34]31,2,7)([35]19,11,3)([36]17,32,5)([37]7,7,5)([38]27,13,7)([39]17,23,3)([40]14,18,5)([41]27,40,6)([42]38,26,3)([43]36,16,5)([44]11,2,3)([45]33,42,4)([46]34,43,7)([47]15,9,0)([48]43,41,7)([49]48,22,4)([50]38,23,6)([51]44,46,5)([52]18,17,5)([53]46,49,5)([54]7,38,0)([55]5,53,1)([56]39,45,5)([57]3,19,5)([58]18,56,3)([59]56,46,4)([60]40,1,4)([61]50,60,5)([62]40,45,5)([63]13,53,2)([64]49,61,6)([65]31,9,7)([66]53,62,7)([67]23,37,7)([68]52,23,7)([69]59,47,4)([70]27,43,5)([71]21,27,5)([72]11,46,7)([73]41,38,7)([74]11,2,0)([75]66,58,2)([76]62,8,7)([77]42,69,6)([78]25,25,3)([79]22,50,2)([80]7,71,7)([81]67,45,4)([82]69,61,3)([83]60,25,3)([84]42,33,1)([85]44,40,4)([86]0,42,4)(75)
evaluations: 7357414
first invidual area: 129.78
{7,1,80,1,2,1,8}([7]5,0,4)([8]4,1,7)([9]0,6,7)([10]5,9,7)([11]0,9,3)([12]8,5,4)([13]10,3,5)([14]3,2,4)([15]9,2,6)([16]4,15,4)([17]13,12,0)([18]1,5,4)([19]7,9,3)([20]0,16,5)([21]13,16,6)([22]8,17,5)([23]0,12,2)([24]0,4,5)([25]12,11,7)([26]20,4,2)([27]23,8,3)([28]21,11,3)([29]15,3,2)([30]26,0,1)([31]27,3,2)([32]31,28,7)([33]15,32,3)([34]22,19,1)([35]27,19,4)([36]13,32,5)([37]31,2,4)([38]23,13,3)([39]37,3,6)([40]39,18,5)([41]27,40,3)([42]26,35,6)([43]36,16,5)([44]43,41,5)([45]42,33,7)([46]43,37,4)([47]17,23,5)([48]27,10,1)([49]2,45,6)([50]22,45,6)([51]25,44,4)([52]8,8,4)([53]46,51,5)([54]46,48,3)([55]46,32,2)([56]46,32,3)([57]45,38,5)([58]57,18,3)([59]5,9,7)([60]14,28,3)([61]17,48,1)([62]15,55,5)([63]45,40,5)([64]38,22,5)([65]57,61,5)([66]53,63,7)([67]28,54,3)([68]37,10,3)([69]49,34,1)([70]33,30,2)([71]52,44,5)([72]17,48,2)([73]3,5,4)([74]70,22,3)([75]66,58,2)([76]16,65,3)([77]73,40,0)([78]0,5,1)([79]29,24,2)([80]47,56,5)([81]16,46,7)([82]76,52,3)([83]11,70,2)([84]41,2,7)([85]57,56,0)([86]42,33,0)(75)
optimized area: 124.62
time: 726483 ms
seed: 1634428925
NOT FOUND
time: 537572 ms
seed: 1634637235
{7,1,80,1,2,1,8}([7]6,1,7)([8]0,5,6)([9]0,8,6)([10]2,7,2)([11]5,3,3)([12]1,2,2)([13]10,8,0)([14]1,4,4)([15]1,13,3)([16]0,6,4)([17]15,7,4)([18]15,10,7)([19]17,5,7)([20]11,4,2)([21]18,3,4)([22]21,20,2)([23]0,21,6)([24]9,13,3)([25]23,24,4)([26]23,14,7)([27]10,16,1)([28]25,2,6)([29]16,21,3)([30]2,21,4)([31]30,3,6)([32]17,29,7)([33]27,26,3)([34]31,19,7)([35]32,33,7)([36]35,28,7)([37]36,16,2)([38]35,37,4)([39]22,37,7)([40]8,34,3)([41]32,25,0)([42]26,9,0)([43]28,15,3)([44]7,42,6)([45]39,23,6)([46]26,25,3)([47]0,37,1)([48]40,43,7)([49]27,1,2)([50]43,44,2)([51]35,43,5)([52]36,45,6)([53]51,44,2)([54]40,46,5)([55]48,52,5)([56]55,49,4)([57]0,9,2)([58]2,56,7)([59]55,21,4)([60]41,27,6)([61]22,28,6)([62]46,40,0)([63]33,27,5)([64]59,34,4)([65]62,4,7)([66]54,45,2)([67]59,40,5)([68]58,62,2)([69]30,32,6)([70]64,48,0)([71]66,68,4)([72]4,29,3)([73]25,72,3)([74]63,1,3)([75]56,0,3)([76]28,44,6)([77]68,13,0)([78]10,58,0)([79]72,60,0)([80]66,2,2)([81]35,66,2)([82]20,36,4)([83]40,13,7)([84]79,71,2)([85]68,47,0)([86]9,24,4)(84)
evaluations: 24044285
first invidual area: 150.41
{7,1,80,1,2,1,8}([7]6,1,7)([8]0,5,6)([9]8,0,6)([10]2,7,2)([11]10,6,1)([12]1,5,3)([13]4,12,2)([14]1,4,4)([15]6,10,6)([16]0,6,4)([17]5,15,7)([18]1,11,5)([19]10,9,3)([20]11,13,4)([21]3,18,4)([22]21,13,2)([23]21,0,6)([24]17,4,6)([25]19,23,4)([26]23,14,7)([27]22,20,4)([28]25,2,6)([29]21,16,3)([30]2,18,4)([31]30,3,3)([32]15,29,4)([33]11,26,3)([34]17,31,4)([35]32,33,5)([36]35,28,7)([37]16,36,5)([38]28,12,3)([39]22,37,4)([40]8,34,3)([41]14,24,5)([42]9,32,6)([43]32,1,6)([44]0,5,6)([45]44,30,5)([46]25,26,3)([47]34,44,6)([48]45,4,5)([49]40,43,3)([50]24,2,2)([51]40,15,2)([52]22,36,6)([53]26,5,5)([54]40,46,5)([55]49,52,5)([56]55,30,4)([57]52,34,5)([58]31,15,4)([59]17,35,7)([60]36,15,6)([61]6,17,7)([62]23,58,4)([63]37,30,3)([64]36,13,7)([65]23,39,6)([66]54,65,5)([67]44,63,0)([68]56,46,5)([69]50,28,0)([70]21,11,6)([71]66,68,4)([72]1,47,1)([73]70,9,4)([74]31,7,0)([75]33,66,7)([76]44,6,1)([77]49,16,0)([78]73,24,2)([79]44,70,0)([80]38,24,4)([81]59,33,4)([82]49,30,3)([83]4,29,3)([84]83,71,2)([85]70,14,3)([86]25,49,5)(84)
optimized area: 129.29
time: 669204 ms
seed: 1635164213
NOT FOUND
time: 529958 ms
seed: 1635213392
{7,1,80,1,2,1,8}([7]5,5,3)([8]1,6,4)([9]5,2,3)([10]1,4,7)([11]3,1,5)([12]6,5,6)([13]10,5,7)([14]8,12,3)([15]0,6,7)([16]8,5,3)([17]0,9,7)([18]3,13,3)([19]10,14,4)([20]16,2,7)([21]18,0,5)([22]11,20,3)([23]19,4,5)([24]0,23,2)([25]3,11,2)([26]21,14,2)([27]15,3,7)([28]21,17,2)([29]13,16,6)([30]1,11,7)([31]25,3,1)([32]18,24,5)([33]20,21,7)([34]10,23,2)([35]27,4,1)([36]28,7,4)([37]12,15,5)([38]25,32,2)([39]10,21,4)([40]15,25,1)([41]32,38,4)([42]41,14,5)([43]27,42,4)([44]6,22,4)([45]39,31,5)([46]23,31,6)([47]30,20,5)([48]44,32,2)([49]41,33,5)([50]48,33,7)([51]18,19,3)([52]36,43,2)([53]15,46,3)([54]6,15,3)([55]33,28,0)([56]47,19,0)([57]29,42,0)([58]47,36,5)([59]6,11,5)([60]20,29,3)([61]53,5,6)([62]58,13,4)([63]4,30,3)([64]8,24,5)([65]62,52,5)([66]8,32,4)([67]53,60,3)([68]20,65,7)([69]51,56,7)([70]67,69,4)([71]30,21,4)([72]70,68,3)([73]50,72,4)([74]47,52,6)([75]37,31,0)([76]57,47,4)([77]63,60,0)([78]46,65,4)([79]14,0,0)([80]33,16,5)([81]43,62,7)([82]71,73,3)([83]32,1,6)([84]19,40,0)([85]4,59,7)([86]52,50,7)(73)
evaluations: 47750121
first invidual area: 154.62
{7,1,80,1,2,1,8}([7]2,6,5)([8]1,6,4)([9]5,2,3)([10]1,4,7)([11]3,1,5)([12]1,5,6)([13]10,5,7)([14]8,12,3)([15]0,6,7)([16]8,5,3)([17]0,9,7)([18]3,13,3)([19]10,14,4)([20]16,2,7)([21]18,0,5)([22]11,20,3)([23]19,4,5)([24]0,23,2)([25]3,11,2)([26]13,22,3)([27]15,3,7)([28]21,17,5)([29]13,16,6)([30]1,11,2)([31]25,3,0)([32]18,24,5)([33]20,21,7)([34]22,10,1)([35]8,32,3)([36]28,5,7)([37]34,31,2)([38]31,30,1)([39]30,36,1)([40]35,3,1)([41]32,38,2)([42]41,14,5)([43]27,42,4)([44]6,22,4)([45]15,4,3)([46]23,27,6)([47]30,20,5)([48]44,32,2)([49]32,12,7)([50]48,33,7)([51]18,19,3)([52]36,43,2)([53]15,46,3)([54]10,39,3)([55]10,31,4)([56]45,9,6)([57]48,1,5)([58]47,9,1)([59]34,23,3)([60]20,29,3)([61]49,57,3)([62]58,13,3)([63]3,21,0)([64]4,12,3)([65]62,52,5)([66]38,37,5)([67]53,60,3)([68]20,65,7)([69]51,47,7)([70]67,69,4)([71]24,8,5)([72]70,68,3)([73]50,72,4)([74]68,6,0)([75]62,21,4)([76]55,66,3)([77]8,40,4)([78]21,67,3)([79]2,47,2)([80]60,75,7)([81]0,44,0)([82]80,38,1)([83]5,74,5)([84]77,39,3)([85]40,13,2)([86]52,35,1)(73)
optimized area: 144.29
time: 533638 ms
seed: 1635643830
NOT FOUND
time: 1066453 ms
seed: 1635691580
{7,1,80,1,2,1,8}([7]6,2,7)([8]3,5,3)([9]1,4,4)([10]6,0,1)([11]7,5,7)([12]11,3,2)([13]6,0,7)([14]10,9,4)([15]1,2,7)([16]14,9,3)([17]9,6,5)([18]7,13,6)([19]16,18,7)([20]9,11,6)([21]19,1,6)([22]5,17,4)([23]13,22,4)([24]18,12,7)([25]15,12,2)([26]17,2,5)([27]1,10,0)([28]11,14,6)([29]25,27,4)([30]23,7,2)([31]16,21,7)([32]18,15,7)([33]31,32,6)([34]24,27,5)([35]0,4,7)([36]25,29,4)([37]19,26,0)([38]3,30,7)([39]31,14,6)([40]38,34,4)([41]19,28,3)([42]8,30,6)([43]1,12,5)([44]18,14,0)([45]13,37,3)([46]35,30,6)([47]39,3,4)([48]31,23,5)([49]40,1,1)([50]35,48,2)([51]24,37,5)([52]4,25,5)([53]50,33,6)([54]7,22,3)([55]54,33,6)([56]39,18,2)([57]6,12,7)([58]11,47,4)([59]15,6,4)([60]13,56,3)([61]0,23,1)([62]53,47,6)([63]57,41,7)([64]16,38,2)([65]64,36,7)([66]17,49,0)([67]14,8,3)([68]64,62,5)([69]58,58,1)([70]67,54,3)([71]3,14,0)([72]20,45,7)([73]63,69,3)([74]49,73,6)([75]57,17,4)([76]25,5,3)([77]68,72,4)([78]23,26,7)([79]31,23,1)([80]74,77,7)([81]40,31,7)([82]50,10,5)([83]26,35,3)([84]76,79,7)([85]44,35,6)([86]44,40,0)(80)
evaluations: 16518760
first invidual area: 154.64
{7,1,80,1,2,1,8}([7]6,2,7)([8]5,6,0)([9]4,1,4)([10]5,5,0)([11]5,7,7)([12]10,4,7)([13]0,6,7)([14]6,9,7)([15]14,11,6)([16]14,9,3)([17]8,2,7)([18]13,7,6)([19]18,16,7)([20]18,5,5)([21]1,19,6)([22]8,19,7)([23]22,0,7)([24]19,15,3)([25]2,0,1)([26]7,23,5)([27]3,11,5)([28]6,27,4)([29]6,1,6)([30]21,9,7)([31]21,25,6)([32]20,0,0)([33]14,23,5)([34]20,1,5)([35]0,4,7)([36]13,32,0)([37]22,2,2)([38]26,3,4)([39]34,38,7)([40]11,33,6)([41]28,31,0)([42]26,23,5)([43]18,7,7)([44]9,11,6)([45]13,19,6)([46]14,30,6)([47]46,3,4)([48]18,0,1)([49]20,34,7)([50]35,33,2)([51]9,8,7)([52]27,22,4)([53]31,50,6)([54]53,31,2)([55]36,38,7)([56]38,23,0)([57]41,37,0)([58]11,47,7)([59]36,51,7)([60]8,50,7)([61]55,55,0)([62]53,47,6)([63]12,62,1)([64]16,56,2)([65]12,10,7)([66]21,20,2)([67]57,24,7)([68]64,62,5)([69]6,67,3)([70]48,31,2)([71]24,6,1)([72]45,68,7)([73]67,58,3)([74]39,73,6)([75]68,22,6)([76]55,0,4)([77]74,72,7)([78]13,18,2)([79]35,1,7)([80]33,58,6)([81]24,64,4)([82]77,44,7)([83]65,21,1)([84]31,34,6)([85]1,68,0)([86]36,50,6)(82)
optimized area: 136.83
time: 1343753 ms
seed: 1635739447
{7,1,80,1,2,1,8}([7]4,1,4)([8]0,6,7)([9]7,1,5)([10]5,8,3)([11]7,2,4)([12]7,6,3)([13]1,10,1)([14]9,0,4)([15]13,3,2)([16]11,5,6)([17]3,10,4)([18]15,0,7)([19]17,5,7)([20]18,7,6)([21]4,16,7)([22]13,8,0)([23]14,7,2)([24]9,15,4)([25]12,6,7)([26]14,3,1)([27]17,20,5)([28]2,10,4)([29]16,3,3)([30]10,18,6)([31]19,21,3)([32]21,27,5)([33]22,4,5)([34]12,18,6)([35]29,34,7)([36]6,4,6)([37]1,23,0)([38]3,19,6)([39]4,25,3)([40]37,13,7)([41]12,3,4)([42]27,27,6)([43]7,36,4)([44]39,23,2)([45]19,3,0)([46]6,30,0)([47]41,36,2)([48]12,6,3)([49]14,43,7)([50]8,27,5)([51]6,2,1)([52]37,11,2)([53]51,11,4)([54]52,45,2)([55]34,31,7)([56]55,54,6)([57]29,24,0)([58]57,43,4)([59]23,55,4)([60]7,59,5)([61]16,51,4)([62]1,22,6)([63]37,28,1)([64]13,21,1)([65]14,16,4)([66]42,16,6)([67]31,26,3)([68]46,0,4)([69]55,35,0)([70]67,2,3)([71]28,39,2)([72]14,16,0)([73]54,71,3)([74]46,28,2)([75]73,6,1)([76]27,53,4)([77]30,59,6)([78]77,73,2)([79]29,62,2)([80]70,47,1)([81]78,76,7)([82]50,58,6)([83]74,22,3)([84]25,42,5)([85]81,82,6)([86]58,10,6)(85)
evaluations: 23964150
first invidual area: 134.94
{7,1,80,1,2,1,8}([7]1,4,4)([8]6,0,7)([9]1,1,6)([10]5,8,3)([11]7,2,4)([12]4,0,4)([13]1,10,1)([14]1,11,2)([15]3,13,5)([16]11,5,6)([17]10,3,4)([18]0,15,4)([19]17,5,7)([20]7,18,6)([21]14,19,2)([22]7,12,5)([23]16,4,7)([24]22,15,0)([25]6,13,1)([26]25,20,5)([27]20,17,5)([28]6,11,7)([29]2,10,4)([30]18,10,6)([31]19,23,3)([32]17,26,5)([33]29,29,0)([34]25,14,5)([35]1,22,5)([36]13,32,2)([37]13,10,6)([38]26,22,5)([39]18,31,7)([40]37,31,5)([41]30,8,3)([42]15,27,3)([43]34,5,6)([44]31,35,2)([45]27,8,5)([46]1,36,1)([47]38,36,3)([48]19,44,3)([49]4,22,7)([50]49,0,3)([51]3,16,3)([52]5,26,3)([53]12,7,4)([54]30,47,4)([55]51,35,4)([56]31,22,7)([57]8,43,7)([58]0,53,0)([59]31,38,7)([60]11,9,7)([61]7,4,2)([62]21,11,0)([63]31,47,5)([64]37,49,4)([65]59,30,6)([66]38,6,6)([67]58,5,7)([68]35,23,5)([69]33,34,2)([70]57,48,7)([71]16,47,4)([72]25,15,4)([73]69,62,3)([74]41,15,4)([75]28,27,7)([76]30,73,4)([77]45,22,3)([78]65,73,5)([79]0,70,4)([80]3,39,6)([81]78,75,7)([82]55,45,6)([83]14,14,7)([84]23,49,6)([85]12,19,0)([86]82,81,6)(86)
optimized area: 115.71
time: 1183164 ms
seed: 1635786676
{7,1,80,1,2,1,8}([7]1,4,4)([8]0,6,4)([9]4,3,4)([10]2,0,0)([11]10,7,1)([12]5,9,4)([13]7,7,2)([14]9,12,5)([15]11,8,2)([16]3,14,4)([17]1,6,4)([18]16,0,0)([19]12,14,6)([20]12,7,5)([21]18,7,6)([22]5,2,2)([23]5,10,2)([24]4,8,2)([25]5,16,5)([26]14,17,2)([27]22,24,4)([28]21,5,6)([29]22,0,2)([30]21,8,7)([31]11,7,6)([32]2,7,4)([33]5,31,3)([34]20,33,7)([35]9,12,6)([36]27,12,7)([37]22,10,0)([38]36,30,3)([39]23,34,3)([40]18,17,4)([41]38,25,5)([42]36,12,5)([43]32,25,2)([44]33,8,4)([45]8,13,7)([46]36,29,4)([47]0,38,7)([48]13,9,1)([49]16,26,4)([50]41,6,5)([51]46,31,5)([52]28,27,4)([53]0,15,5)([54]10,35,2)([55]18,5,3)([56]18,21,4)([57]54,40,6)([58]3,39,6)([59]47,58,4)([60]28,41,1)([61]57,59,6)([62]54,1,2)([63]45,49,4)([64]5,54,7)([65]57,42,5)([66]64,49,2)([67]34,7,2)([68]40,38,0)([69]46,22,5)([70]30,9,1)([71]64,61,6)([72]61,32,0)([73]53,52,4)([74]67,17,2)([75]20,4,0)([76]61,73,2)([77]50,51,7)([78]59,14,0)([79]72,45,6)([80]76,77,4)([81]22,62,3)([82]15,80,7)([83]68,32,5)([84]40,60,5)([85]52,38,1)([86]22,52,5)(82)
evaluations: 30275425
first invidual area: 143.38
{7,1,80,1,2,1,8}([7]4,1,4)([8]0,6,4)([9]5,0,0)([10]5,4,4)([11]2,3,1)([12]10,3,7)([13]8,4,5)([14]9,12,5)([15]3,1,3)([16]4,14,4)([17]11,7,6)([18]14,11,5)([19]2,9,5)([20]19,7,2)([21]7,16,6)([22]9,16,5)([23]6,6,2)([24]1,9,6)([25]24,5,2)([26]21,8,7)([27]19,13,4)([28]7,14,7)([29]11,8,2)([30]21,20,5)([31]1,23,1)([32]21,9,6)([33]1,23,7)([34]3,23,0)([35]3,27,2)([36]27,12,4)([37]0,0,4)([38]36,26,3)([39]0,9,5)([40]6,28,7)([41]38,22,5)([42]25,23,5)([43]0,15,0)([44]6,31,1)([45]17,25,0)([46]36,39,7)([47]25,43,3)([48]26,6,7)([49]36,32,2)([50]41,23,5)([51]46,45,2)([52]32,27,7)([53]43,29,5)([54]31,9,3)([55]38,0,4)([56]30,40,3)([57]40,35,6)([58]18,34,6)([59]55,58,6)([60]41,28,7)([61]57,59,6)([62]51,29,3)([63]53,54,1)([64]31,51,0)([65]45,6,4)([66]58,52,5)([67]54,60,3)([68]37,24,6)([69]35,66,3)([70]11,11,1)([71]6,29,7)([72]32,36,3)([73]53,52,7)([74]73,24,6)([75]48,67,2)([76]61,73,5)([77]76,50,4)([78]50,70,6)([79]6,25,3)([80]62,77,4)([81]36,36,2)([82]60,53,3)([83]77,47,4)([84]69,42,4)([85]29,29,6)([86]36,29,0)(80)
optimized area: 123.22
time: 1166067 ms
seed: 1635833595
{7,1,80,1,2,1,8}([7]0,3,2)([8]5,3,6)([9]6,7,4)([10]5,4,3)([11]8,4,7)([12]6,1,6)([13]2,10,5)([14]3,6,1)([15]3,4,5)([16]3,7,1)([17]0,2,6)([18]6,4,6)([19]8,1,7)([20]2,18,2)([21]16,13,3)([22]17,0,6)([23]1,20,7)([24]5,0,4)([25]23,9,7)([26]17,11,4)([27]5,18,1)([28]23,1,5)([29]13,3,4)([30]29,9,6)([31]21,10,2)([32]2,12,7)([33]24,27,0)([34]9,31,3)([35]15,24,7)([36]28,35,7)([37]0,5,5)([38]25,26,7)([39]25,7,7)([40]36,19,7)([41]31,38,7)([42]1,29,6)([43]5,25,4)([44]36,34,4)([45]5,15,0)([46]21,8,7)([47]36,15,7)([48]43,29,5)([49]32,26,6)([50]9,6,0)([51]16,36,5)([52]8,10,2)([53]9,1,4)([54]2,22,2)([55]3,43,0)([56]5,17,1)([57]36,25,4)([58]42,41,7)([59]54,38,7)([60]22,33,2)([61]48,30,2)([62]44,49,4)([63]49,2,0)([64]48,19,6)([65]57,62,3)([66]31,64,4)([67]15,52,1)([68]9,54,4)([69]18,58,5)([70]66,2,1)([71]65,1,0)([72]58,70,5)([73]72,29,2)([74]40,26,1)([75]65,30,4)([76]36,28,3)([77]63,73,2)([78]25,9,5)([79]45,49,0)([80]77,35,4)([81]21,8,5)([82]70,20,2)([83]63,71,4)([84]75,72,2)([85]12,63,7)([86]39,80,3)(84)
evaluations: 36533797
first invidual area: 143.39
{7,1,80,1,2,1,8}([7]3,0,5)([8]3,5,3)([9]7,6,7)([10]4,5,3)([11]2,2,0)([12]1,6,6)([13]2,10,5)([14]3,10,1)([15]4,3,5)([16]13,14,3)([17]13,6,3)([18]4,6,6)([19]8,4,4)([20]18,11,2)([21]20,9,4)([22]12,11,7)([23]2,0,3)([24]0,5,4)([25]1,21,4)([26]23,19,7)([27]3,21,1)([28]3,20,5)([29]14,13,7)([30]29,9,3)([31]10,16,2)([32]16,12,3)([33]26,9,1)([34]9,31,3)([35]15,24,7)([36]28,35,4)([37]8,9,7)([38]25,26,4)([39]36,36,4)([40]33,7,3)([41]38,31,4)([42]1,29,3)([43]29,31,1)([44]36,34,7)([45]1,5,7)([46]44,26,0)([47]21,5,1)([48]29,45,5)([49]1,39,2)([50]22,26,6)([51]19,23,2)([52]43,1,0)([53]34,41,3)([54]41,48,1)([55]46,25,0)([56]46,15,7)([57]36,25,4)([58]42,41,4)([59]24,10,3)([60]58,22,4)([61]57,7,5)([62]44,50,7)([63]6,13,1)([64]48,47,3)([65]57,62,5)([66]31,64,4)([67]7,16,3)([68]17,21,0)([69]3,54,1)([70]57,1,2)([71]0,41,7)([72]58,66,5)([73]47,65,0)([74]11,51,4)([75]65,30,7)([76]2,2,3)([77]3,50,4)([78]51,61,4)([79]35,64,1)([80]9,78,2)([81]5,71,7)([82]73,71,5)([83]14,52,0)([84]75,72,2)([85]26,28,3)([86]5,4,0)(84)
optimized area: 137.76
time: 1127485 ms
seed: 1635876724
{7,1,80,1,2,1,8}([7]3,5,1)([8]7,0,3)([9]3,4,4)([10]9,6,7)([11]8,2,6)([12]2,5,4)([13]0,11,7)([14]12,1,6)([15]0,14,7)([16]6,6,0)([17]5,16,6)([18]14,9,4)([19]15,18,5)([20]19,17,6)([21]12,20,7)([22]21,1,4)([23]16,0,7)([24]14,2,4)([25]16,9,4)([26]4,20,7)([27]19,17,3)([28]25,11,4)([29]22,6,7)([30]22,15,7)([31]18,25,0)([32]26,19,0)([33]30,28,2)([34]23,32,2)([35]32,7,1)([36]27,7,5)([37]1,6,6)([38]23,37,2)([39]21,7,3)([40]29,2,2)([41]38,33,6)([42]25,10,5)([43]19,18,6)([44]21,14,4)([45]40,23,6)([46]8,35,6)([47]39,31,6)([48]42,22,2)([49]35,24,6)([50]47,25,4)([51]34,41,4)([52]21,17,6)([53]1,36,5)([54]35,11,2)([55]32,51,1)([56]51,45,6)([57]24,50,4)([58]46,28,6)([59]33,35,3)([60]40,24,4)([61]22,8,7)([62]7,17,5)([63]19,12,1)([64]30,58,7)([65]32,5,5)([66]9,32,1)([67]42,22,6)([68]35,59,6)([69]36,57,7)([70]65,33,7)([71]64,15,7)([72]46,56,6)([73]60,70,6)([74]48,64,2)([75]42,7,6)([76]7,37,1)([77]68,57,3)([78]69,73,3)([79]59,71,7)([80]54,12,4)([81]39,48,7)([82]28,67,5)([83]52,29,5)([84]7,39,1)([85]72,78,2)([86]17,36,0)(85)
evaluations: 30890839
first invidual area: 146.66
{7,1,80,1,2,1,8}([7]3,5,1)([8]7,0,3)([9]7,4,7)([10]2,2,2)([11]10,8,3)([12]5,10,4)([13]12,3,5)([14]12,1,6)([15]14,0,7)([16]9,0,4)([17]6,5,6)([18]7,14,2)([19]15,16,5)([20]19,17,6)([21]20,1,7)([22]12,21,4)([23]6,0,7)([24]14,10,4)([25]6,9,4)([26]4,20,7)([27]23,26,2)([28]11,25,7)([29]6,22,7)([30]15,22,7)([31]5,26,5)([32]6,1,6)([33]30,28,2)([34]23,26,5)([35]34,28,0)([36]13,9,3)([37]20,24,1)([38]23,32,2)([39]16,12,0)([40]29,10,2)([41]33,38,3)([42]26,9,1)([43]16,25,4)([44]4,24,1)([45]40,23,6)([46]8,42,6)([47]44,37,6)([48]18,18,0)([49]37,7,5)([50]45,26,0)([51]41,34,4)([52]36,25,4)([53]34,29,1)([54]29,28,1)([55]11,20,3)([56]51,45,6)([57]24,49,4)([58]43,42,7)([59]53,0,3)([60]40,24,4)([61]34,33,6)([62]44,56,7)([63]58,33,2)([64]30,31,3)([65]45,18,1)([66]31,23,3)([67]19,36,3)([68]44,6,6)([69]52,57,4)([70]31,33,7)([71]29,26,0)([72]46,56,6)([73]60,70,6)([74]55,41,4)([75]40,20,6)([76]66,1,7)([77]69,38,7)([78]69,73,3)([79]29,32,7)([80]76,20,7)([81]11,10,1)([82]63,74,4)([83]34,51,4)([84]81,35,5)([85]72,78,2)([86]61,52,7)(85)
optimized area: 144.78
time: 1225138 ms
seed: 1635918739
NOT FOUND
time: 1082176 ms
seed: 1635955045
{7,1,80,1,2,1,8}([7]3,0,1)([8]1,3,4)([9]4,6,5)([10]1,4,7)([11]4,1,6)([12]0,5,5)([13]10,6,7)([14]11,9,6)([15]4,3,3)([16]14,2,3)([17]7,16,2)([18]12,17,7)([19]1,5,5)([20]6,8,2)([21]16,6,2)([22]2,0,7)([23]15,6,7)([24]5,14,6)([25]15,22,2)([26]13,5,7)([27]11,25,3)([28]26,27,5)([29]18,8,5)([30]18,27,7)([31]10,23,2)([32]0,29,6)([33]26,22,3)([34]6,25,7)([35]33,3,1)([36]24,28,7)([37]28,6,4)([38]3,36,3)([39]31,0,6)([40]21,30,4)([41]17,39,3)([42]37,41,4)([43]18,25,3)([44]3,28,5)([45]29,19,6)([46]2,8,3)([47]10,40,2)([48]42,47,6)([49]30,4,7)([50]46,21,0)([51]15,44,2)([52]49,24,2)([53]52,51,6)([54]1,4,6)([55]19,22,7)([56]34,6,3)([57]21,9,6)([58]35,53,3)([59]2,53,5)([60]46,38,4)([61]50,26,6)([62]58,60,6)([63]59,18,5)([64]18,58,4)([65]62,23,7)([66]42,50,7)([67]31,19,4)([68]63,26,1)([69]33,50,6)([70]51,23,0)([71]10,33,0)([72]26,0,7)([73]48,62,6)([74]26,35,4)([75]24,36,1)([76]42,47,7)([77]26,31,0)([78]42,20,3)([79]25,58,0)([80]60,0,5)([81]34,47,7)([82]47,39,0)([83]5,33,4)([84]58,43,3)([85]8,11,0)([86]51,36,2)(73)
evaluations: 45407387
first invidual area: 129.76
{7,1,80,1,2,1,8}([7]3,0,1)([8]1,1,3)([9]6,4,2)([10]8,4,7)([11]1,4,6)([12]0,5,5)([13]3,3,2)([14]2,9,0)([15]4,3,3)([16]9,14,3)([17]7,16,2)([18]12,17,7)([19]15,6,7)([20]16,13,4)([21]5,10,7)([22]2,0,7)([23]17,1,2)([24]5,9,6)([25]15,22,2)([26]21,6,7)([27]11,25,3)([28]26,27,5)([29]22,14,1)([30]18,27,7)([31]10,19,2)([32]13,1,4)([33]26,22,6)([34]16,31,2)([35]6,16,5)([36]24,28,7)([37]28,6,7)([38]13,36,3)([39]31,0,6)([40]35,30,7)([41]17,39,3)([42]37,41,7)([43]33,37,4)([44]13,28,5)([45]8,23,2)([46]14,32,6)([47]10,40,2)([48]42,47,6)([49]30,4,7)([50]48,30,3)([51]15,44,2)([52]24,49,2)([53]52,51,6)([54]31,36,2)([55]45,4,3)([56]26,46,3)([57]6,23,3)([58]33,53,3)([59]39,3,0)([60]46,38,7)([61]15,34,3)([62]58,60,6)([63]10,35,3)([64]6,0,6)([65]39,63,1)([66]13,55,6)([67]11,42,3)([68]32,39,4)([69]43,14,0)([70]57,25,7)([71]60,39,2)([72]17,27,7)([73]48,62,6)([74]40,35,5)([75]8,34,0)([76]72,54,6)([77]71,73,5)([78]70,39,0)([79]23,39,1)([80]64,38,3)([81]49,21,1)([82]33,3,1)([83]81,1,5)([84]38,53,7)([85]7,30,1)([86]28,26,1)(73)
optimized area: 126.02
time: 1084090 ms
seed: 1635991122
{7,1,80,1,2,1,8}([7]5,2,2)([8]2,0,2)([9]8,5,7)([10]6,8,6)([11]1,4,7)([12]10,11,7)([13]7,12,6)([14]13,3,7)([15]2,1,4)([16]6,3,7)([17]16,15,3)([18]0,15,3)([19]9,16,7)([20]18,10,5)([21]11,17,0)([22]14,0,7)([23]12,20,2)([24]9,8,2)([25]20,12,3)([26]5,7,4)([27]2,26,6)([28]19,11,4)([29]16,28,2)([30]10,6,7)([31]11,9,5)([32]8,30,2)([33]24,23,4)([34]25,3,2)([35]1,33,7)([36]26,21,5)([37]0,33,7)([38]36,28,4)([39]31,37,4)([40]17,2,6)([41]31,32,4)([42]3,15,0)([43]22,25,7)([44]29,21,3)([45]19,7,2)([46]7,34,6)([47]28,25,2)([48]8,17,6)([49]35,43,2)([50]30,17,4)([51]12,13,2)([52]49,45,3)([53]27,3,7)([54]49,31,3)([55]50,25,4)([56]19,8,3)([57]21,37,6)([58]18,52,4)([59]44,46,7)([60]30,37,3)([61]55,56,7)([62]32,38,2)([63]41,59,5)([64]4,0,2)([65]51,5,5)([66]20,35,1)([67]58,59,6)([68]43,47,2)([69]65,27,0)([70]6,52,1)([71]43,31,6)([72]49,35,2)([73]50,1,1)([74]16,29,2)([75]13,44,4)([76]30,23,1)([77]6,65,0)([78]63,61,2)([79]62,67,6)([80]7,14,5)([81]17,40,4)([82]78,39,3)([83]66,43,5)([84]7,44,7)([85]30,26,0)([86]79,82,2)(86)
evaluations: 17958458
first invidual area: 171.51
{7,1,80,1,2,1,8}([7]2,5,2)([8]0,2,2)([9]8,5,7)([10]8,6,6)([11]4,1,7)([12]11,10,7)([13]9,9,2)([14]12,7,3)([15]2,1,4)([16]3,6,7)([17]0,15,3)([18]7,9,5)([19]16,9,7)([20]17,10,5)([21]19,1,0)([22]14,3,7)([23]2,12,2)([24]12,20,5)([25]20,12,3)([26]19,24,3)([27]9,11,5)([28]16,15,3)([29]17,7,6)([30]10,6,6)([31]28,19,7)([32]16,3,5)([33]24,18,4)([34]30,7,0)([35]1,33,7)([36]21,16,2)([37]33,0,7)([38]0,26,5)([39]17,36,7)([40]3,25,2)([41]26,22,5)([42]10,2,6)([43]0,22,7)([44]36,11,6)([45]21,7,2)([46]40,7,3)([47]25,43,4)([48]35,47,2)([49]30,28,4)([50]7,38,0)([51]25,38,5)([52]48,45,6)([53]39,17,3)([54]50,43,3)([55]49,25,5)([56]16,25,4)([57]11,30,3)([58]17,52,7)([59]46,44,7)([60]54,8,5)([61]19,55,7)([62]30,41,2)([63]28,49,6)([64]7,11,5)([65]42,30,4)([66]27,37,4)([67]63,52,1)([68]50,27,3)([69]12,27,6)([70]4,69,1)([71]64,19,5)([72]59,38,5)([73]52,0,5)([74]59,58,6)([75]6,5,7)([76]3,23,2)([77]56,14,7)([78]72,61,2)([79]62,74,6)([80]79,51,2)([81]51,39,3)([82]78,66,3)([83]73,6,6)([84]36,14,4)([85]26,25,2)([86]79,82,2)(86)
optimized area: 146.17
time: 1343512 ms
seed: 1636027000
{7,1,80,1,2,1,8}([7]4,5,5)([8]4,2,7)([9]3,6,5)([10]1,8,7)([11]9,2,6)([12]10,9,2)([13]7,1,7)([14]3,8,3)([15]0,6,7)([16]4,9,7)([17]3,1,2)([18]12,5,4)([19]5,13,7)([20]13,18,3)([21]13,2,7)([22]17,9,2)([23]11,13,3)([24]17,10,7)([25]24,4,6)([26]21,0,2)([27]22,15,5)([28]23,20,7)([29]10,7,2)([30]27,14,7)([31]29,15,6)([32]3,17,4)([33]28,26,7)([34]16,14,2)([35]18,5,5)([36]23,19,7)([37]36,34,3)([38]31,0,5)([39]32,12,4)([40]3,37,7)([41]36,29,0)([42]36,26,4)([43]26,38,4)([44]7,20,1)([45]43,40,3)([46]31,16,3)([47]15,40,5)([48]19,0,6)([49]42,41,5)([50]22,32,2)([51]46,18,3)([52]7,33,4)([53]46,41,5)([54]10,53,7)([55]39,15,1)([56]53,14,5)([57]30,21,3)([58]21,16,3)([59]24,47,2)([60]59,48,2)([61]53,60,2)([62]43,0,6)([63]16,34,4)([64]56,13,1)([65]14,45,2)([66]39,17,2)([67]65,1,3)([68]33,15,3)([69]55,4,6)([70]46,28,4)([71]60,65,7)([72]57,45,5)([73]24,24,4)([74]61,68,7)([75]33,18,7)([76]74,72,4)([77]47,74,4)([78]5,57,6)([79]59,5,0)([80]58,33,6)([81]3,21,6)([82]36,58,1)([83]70,16,6)([84]64,78,6)([85]63,25,5)([86]34,41,5)(76)
evaluations: 14902733
first invidual area: 139.62
{7,1,80,1,2,1,8}([7]5,4,5)([8]4,2,7)([9]6,3,5)([10]8,1,7)([11]9,2,6)([12]10,9,5)([13]7,1,7)([14]8,3,3)([15]0,6,7)([16]5,0,1)([17]3,1,2)([18]12,5,7)([19]13,5,7)([20]13,18,3)([21]13,2,7)([22]15,9,2)([23]11,13,3)([24]22,13,0)([25]7,10,2)([26]21,0,2)([27]17,22,5)([28]20,23,4)([29]28,26,4)([30]14,27,2)([31]15,0,1)([32]9,4,7)([33]25,15,6)([34]32,14,2)([35]30,30,6)([36]19,23,7)([37]34,36,3)([38]33,0,5)([39]15,29,3)([40]3,37,7)([41]17,10,7)([42]14,15,5)([43]38,26,4)([44]19,0,6)([45]21,30,3)([46]36,42,5)([47]22,40,5)([48]19,11,4)([49]21,10,6)([50]27,11,5)([51]13,15,4)([52]43,8,4)([53]43,40,3)([54]2,23,1)([55]47,40,4)([56]53,22,0)([57]50,56,1)([58]44,48,0)([59]41,46,2)([60]59,47,2)([61]46,47,6)([62]30,16,4)([63]60,44,5)([64]53,12,0)([65]49,41,5)([66]11,0,3)([67]55,10,2)([68]43,60,6)([69]68,15,7)([70]7,40,6)([71]25,36,1)([72]45,56,5)([73]4,59,1)([74]63,72,7)([75]6,21,0)([76]74,39,7)([77]46,36,6)([78]22,63,0)([79]33,21,7)([80]33,3,2)([81]28,9,0)([82]2,38,7)([83]20,0,6)([84]70,22,0)([85]5,82,3)([86]75,41,5)(76)
optimized area: 135.86
time: 1329514 ms
seed: 1636061807
NOT FOUND
time: 1070450 ms
seed: 1636095678
{7,1,80,1,2,1,8}([7]0,6,4)([8]0,1,2)([9]4,0,4)([10]5,3,3)([11]3,7,7)([12]1,7,4)([13]12,5,7)([14]6,12,5)([15]4,2,3)([16]0,13,4)([17]2,1,7)([18]11,17,2)([19]16,17,4)([20]8,3,6)([21]18,5,2)([22]9,4,3)([23]11,15,7)([24]1,4,7)([25]12,20,4)([26]19,3,5)([27]0,25,7)([28]20,18,5)([29]20,26,3)([30]28,24,5)([31]21,30,7)([32]6,0,4)([33]16,20,3)([34]13,9,6)([35]31,9,1)([36]25,15,4)([37]9,18,4)([38]9,29,4)([39]25,26,5)([40]22,2,5)([41]13,40,5)([42]23,41,6)([43]40,14,7)([44]10,39,5)([45]43,6,6)([46]27,21,2)([47]33,42,5)([48]20,40,1)([49]30,5,0)([50]32,21,1)([51]40,29,2)([52]17,29,3)([53]50,52,5)([54]37,16,1)([55]5,0,4)([56]5,6,3)([57]42,41,5)([58]47,53,2)([59]26,6,0)([60]10,43,3)([61]58,43,5)([62]31,44,5)([63]8,58,6)([64]33,18,5)([65]8,5,0)([66]54,23,2)([67]34,23,5)([68]65,45,6)([69]62,61,4)([70]26,31,3)([71]34,1,5)([72]7,19,7)([73]52,49,0)([74]63,67,5)([75]14,65,1)([76]42,17,0)([77]9,50,0)([78]41,59,2)([79]67,43,6)([80]22,13,2)([81]79,69,3)([82]76,52,2)([83]82,61,2)([84]55,73,5)([85]69,23,1)([86]49,1,6)(81)
evaluations: 10134622
first invidual area: 131.16
{7,1,80,1,2,1,8}([7]0,6,4)([8]1,0,2)([9]1,4,7)([10]4,0,3)([11]3,7,7)([12]1,7,4)([13]12,5,7)([14]12,6,5)([15]2,4,3)([16]13,0,4)([17]2,1,7)([18]11,17,2)([19]14,10,6)([20]8,3,6)([21]16,17,4)([22]5,3,3)([23]20,12,4)([24]20,18,5)([25]16,4,5)([26]21,3,5)([27]1,6,4)([28]24,9,5)([29]11,8,5)([30]17,26,3)([31]5,18,5)([32]13,14,5)([33]26,23,5)([34]20,16,3)([35]10,2,5)([36]26,8,5)([37]33,1,3)([38]15,11,7)([39]10,36,7)([40]12,1,4)([41]32,36,0)([42]38,32,6)([43]7,15,5)([44]7,2,1)([45]31,28,4)([46]14,35,7)([47]34,42,5)([48]33,22,5)([49]43,0,7)([50]2,2,2)([51]48,45,5)([52]7,39,6)([53]44,30,5)([54]46,53,2)([55]14,26,7)([56]13,27,1)([57]44,23,2)([58]20,48,1)([59]47,20,0)([60]54,11,2)([61]18,39,5)([62]13,25,6)([63]47,54,5)([64]51,17,1)([65]4,22,7)([66]35,60,1)([67]38,62,2)([68]42,28,7)([69]3,17,5)([70]10,58,6)([71]13,0,2)([72]51,63,4)([73]62,34,7)([74]34,22,7)([75]29,7,3)([76]21,67,1)([77]11,33,4)([78]40,57,3)([79]61,55,3)([80]30,20,0)([81]72,67,3)([82]76,7,4)([83]31,29,7)([84]0,26,4)([85]72,15,0)([86]21,34,7)(81)
optimized area: 118.97
time: 1268277 ms
seed: 1636128808
{7,1,80,1,2,1,8}([7]6,1,3)([8]0,3,4)([9]5,2,6)([10]2,2,0)([11]10,5,2)([12]11,1,7)([13]7,0,2)([14]1,12,6)([15]0,0,1)([16]11,0,6)([17]2,6,6)([18]2,16,4)([19]14,4,7)([20]9,12,7)([21]17,14,6)([22]5,2,7)([23]6,18,4)([24]18,21,2)([25]17,1,4)([26]3,21,2)([27]19,3,6)([28]6,13,4)([29]8,1,7)([30]10,29,4)([31]21,5,4)([32]28,28,5)([33]9,0,4)([34]16,19,3)([35]30,20,6)([36]35,24,6)([37]8,23,4)([38]37,7,7)([39]38,31,2)([40]3,32,2)([41]2,37,0)([42]29,29,7)([43]39,32,2)([44]36,25,2)([45]44,33,4)([46]34,38,0)([47]36,27,3)([48]7,45,4)([49]36,27,7)([50]20,0,1)([51]6,15,3)([52]5,13,6)([53]28,4,2)([54]45,22,1)([55]30,49,6)([56]52,30,3)([57]47,12,7)([58]54,30,4)([59]30,36,0)([60]25,24,2)([61]54,23,6)([62]45,35,1)([63]62,29,3)([64]43,44,1)([65]61,57,7)([66]52,60,4)([67]43,4,3)([68]65,67,2)([69]63,6,5)([70]37,53,5)([71]47,24,1)([72]68,69,4)([73]66,72,4)([74]37,6,3)([75]6,66,0)([76]57,19,1)([77]25,30,4)([78]51,61,5)([79]3,53,7)([80]61,57,3)([81]41,18,6)([82]15,17,5)([83]62,62,1)([84]58,79,7)([85]23,27,0)([86]58,54,0)(73)
evaluations: 41948741
first invidual area: 151.82
{7,1,80,1,2,1,8}([7]6,1,3)([8]3,0,4)([9]5,2,6)([10]7,6,0)([11]2,5,2)([12]11,1,7)([13]4,0,1)([14]6,7,1)([15]1,12,6)([16]11,0,6)([17]2,6,6)([18]2,16,4)([19]10,0,0)([20]9,12,7)([21]17,15,6)([22]7,2,1)([23]18,6,4)([24]18,21,2)([25]21,4,4)([26]10,18,0)([27]13,3,6)([28]14,8,6)([29]8,1,7)([30]29,2,4)([31]7,12,5)([32]17,15,4)([33]9,0,4)([34]17,1,4)([35]30,20,6)([36]35,24,6)([37]29,23,4)([38]7,29,0)([39]37,31,2)([40]30,18,4)([41]28,9,6)([42]26,13,1)([43]39,41,2)([44]36,34,5)([45]44,33,4)([46]0,21,4)([47]27,36,6)([48]10,0,2)([49]31,20,4)([50]23,31,0)([51]18,13,6)([52]5,48,3)([53]24,47,6)([54]35,51,2)([55]47,34,0)([56]31,5,6)([57]47,12,4)([58]29,18,2)([59]27,30,6)([60]34,24,5)([61]45,50,6)([62]18,11,7)([63]45,29,3)([64]5,28,0)([65]61,57,7)([66]52,60,4)([67]43,4,3)([68]65,67,5)([69]63,6,5)([70]2,8,7)([71]60,10,6)([72]68,69,4)([73]40,20,7)([74]28,70,0)([75]16,56,2)([76]74,37,0)([77]68,75,6)([78]72,66,7)([79]2,35,6)([80]48,48,5)([81]50,41,1)([82]77,67,3)([83]2,79,7)([84]63,8,1)([85]14,5,3)([86]84,15,3)(78)
optimized area: 136.33
time: 1098370 ms
seed: 1636161384
{7,1,80,1,2,1,8}([7]3,6,6)([8]6,0,4)([9]1,5,7)([10]0,1,2)([11]3,7,4)([12]2,11,4)([13]4,12,0)([14]9,4,3)([15]10,2,2)([16]8,15,7)([17]13,0,4)([18]12,16,4)([19]13,18,2)([20]6,17,5)([21]19,7,7)([22]5,16,2)([23]2,10,6)([24]17,5,4)([25]9,12,4)([26]25,22,6)([27]20,23,6)([28]4,26,2)([29]22,25,5)([30]28,25,6)([31]21,24,7)([32]13,19,1)([33]21,30,3)([34]31,26,3)([35]34,34,1)([36]23,16,6)([37]15,34,7)([38]27,37,6)([39]12,24,2)([40]22,16,4)([41]1,20,0)([42]1,13,4)([43]39,20,5)([44]1,38,4)([45]16,11,2)([46]45,43,2)([47]31,0,4)([48]30,41,1)([49]11,6,2)([50]40,42,5)([51]45,46,5)([52]29,45,3)([53]12,40,2)([54]48,36,6)([55]52,36,3)([56]34,55,2)([57]50,32,4)([58]16,1,1)([59]56,24,4)([60]12,47,6)([61]59,50,2)([62]4,60,0)([63]61,26,1)([64]38,30,6)([65]46,44,6)([66]39,3,6)([67]21,57,2)([68]15,42,2)([69]44,13,7)([70]51,64,2)([71]37,62,3)([72]30,51,6)([73]13,8,7)([74]63,3,3)([75]41,47,0)([76]54,60,4)([77]74,4,2)([78]53,62,6)([79]60,49,3)([80]22,19,2)([81]63,76,6)([82]14,6,2)([83]2,53,4)([84]81,65,3)([85]19,17,4)([86]7,28,4)(84)
evaluations: 41519193
first invidual area: 153.20
{7,1,80,1,2,1,8}([7]3,6,6)([8]6,0,4)([9]1,5,4)([10]1,0,2)([11]3,7,3)([12]11,2,4)([13]11,2,1)([14]5,9,1)([15]2,10,2)([16]8,15,7)([17]0,4,4)([18]12,16,4)([19]4,18,5)([20]6,17,5)([21]19,7,7)([22]5,16,2)([23]10,2,6)([24]17,5,4)([25]9,12,7)([26]25,22,6)([27]20,23,6)([28]4,8,2)([29]22,7,1)([30]28,25,3)([31]21,24,4)([32]15,1,4)([33]6,6,4)([34]31,26,3)([35]17,2,6)([36]23,16,6)([37]15,34,7)([38]27,37,3)([39]12,24,5)([40]9,3,3)([41]21,30,0)([42]1,37,4)([43]32,4,2)([44]1,38,7)([45]16,11,2)([46]45,39,2)([47]31,0,4)([48]38,32,7)([49]13,9,2)([50]14,42,5)([51]36,32,4)([52]29,11,3)([53]32,4,4)([54]30,36,6)([55]48,23,3)([56]12,33,6)([57]2,1,5)([58]52,34,2)([59]58,24,4)([60]12,47,6)([61]59,50,5)([62]43,48,6)([63]49,29,4)([64]24,3,7)([65]46,44,6)([66]38,48,0)([67]58,9,5)([68]13,12,3)([69]15,10,7)([70]30,19,3)([71]26,61,4)([72]1,23,4)([73]42,55,2)([74]2,11,5)([75]6,48,6)([76]54,60,4)([77]19,5,6)([78]39,23,0)([79]11,32,0)([80]38,5,3)([81]61,76,6)([82]62,32,0)([83]17,23,2)([84]81,65,3)([85]53,30,1)([86]37,60,1)(84)
optimized area: 138.67
time: 1126949 ms
seed: 1636193774
NOT FOUND
time: 1066822 ms
seed: 1636224546
NOT FOUND
time: 1071999 ms
seed: 1636254423
{7,1,80,1,2,1,8}([7]1,4,7)([8]3,5,7)([9]3,8,6)([10]6,7,3)([11]6,2,4)([12]1,6,6)([13]12,9,5)([14]2,7,3)([15]8,7,2)([16]11,11,0)([17]4,7,2)([18]16,15,7)([19]0,9,7)([20]17,19,5)([21]5,2,4)([22]9,17,4)([23]7,19,6)([24]20,3,5)([25]2,18,5)([26]0,6,4)([27]11,14,2)([28]23,0,1)([29]25,18,7)([30]29,24,4)([31]5,19,6)([32]21,0,1)([33]24,12,7)([34]20,4,4)([35]30,34,2)([36]32,35,2)([37]33,9,0)([38]25,7,1)([39]6,20,5)([40]25,19,7)([41]23,10,3)([42]8,34,3)([43]28,42,6)([44]40,5,7)([45]6,36,5)([46]35,28,2)([47]22,10,2)([48]26,47,6)([49]35,26,3)([50]5,41,2)([51]43,14,7)([52]36,25,1)([53]36,5,7)([54]1,4,0)([55]5,21,2)([56]44,46,5)([57]13,14,3)([58]57,48,4)([59]58,52,2)([60]4,41,5)([61]14,7,4)([62]27,8,4)([63]32,37,7)([64]16,51,4)([65]37,0,0)([66]37,53,4)([67]51,37,3)([68]64,32,6)([69]68,29,2)([70]21,41,4)([71]22,46,2)([72]65,28,0)([73]31,33,1)([74]58,56,7)([75]18,13,1)([76]5,50,0)([77]18,68,3)([78]59,29,1)([79]5,53,3)([80]6,27,3)([81]39,69,4)([82]6,28,2)([83]78,77,6)([84]7,65,5)([85]74,83,4)([86]50,41,7)(85)
evaluations: 12820801
first invidual area: 143.83
{7,1,80,1,2,1,8}([7]1,4,7)([8]5,3,7)([9]8,3,6)([10]7,6,3)([11]8,7,5)([12]10,1,6)([13]12,9,5)([14]4,9,0)([15]3,2,7)([16]6,2,4)([17]4,7,2)([18]11,16,4)([19]0,9,7)([20]17,19,5)([21]5,2,7)([22]7,2,3)([23]19,7,3)([24]20,3,5)([25]18,2,5)([26]19,22,0)([27]21,26,1)([28]18,25,5)([29]8,23,3)([30]28,24,7)([31]6,0,4)([32]19,7,4)([33]17,9,4)([34]20,4,5)([35]30,34,2)([36]33,29,2)([37]10,1,0)([38]11,5,0)([39]31,36,3)([40]26,5,4)([41]20,1,0)([42]35,30,6)([43]25,41,5)([44]40,25,4)([45]24,14,7)([46]7,14,2)([47]22,2,0)([48]22,20,0)([49]29,1,3)([50]21,35,5)([51]26,25,7)([52]44,35,2)([53]49,48,7)([54]9,40,7)([55]45,50,1)([56]23,52,5)([57]40,50,6)([58]13,39,7)([59]58,50,5)([60]54,57,0)([61]60,58,2)([62]15,14,4)([63]35,38,3)([64]11,53,2)([65]46,18,6)([66]10,43,5)([67]55,63,7)([68]64,21,6)([69]5,37,5)([70]1,66,0)([71]52,19,2)([72]1,23,2)([73]51,13,6)([74]58,56,4)([75]32,3,3)([76]6,11,4)([77]59,68,3)([78]65,64,0)([79]42,66,6)([80]54,45,5)([81]4,30,6)([82]49,41,4)([83]77,18,3)([84]74,83,4)([85]48,24,0)([86]3,48,0)(84)
optimized area: 126.49
time: 1326122 ms
seed: 1636273530
{7,1,80,1,2,1,8}([7]2,5,2)([8]1,4,7)([9]1,0,3)([10]0,5,4)([11]10,1,4)([12]8,4,2)([13]5,6,4)([14]0,12,4)([15]6,11,4)([16]7,3,7)([17]5,8,4)([18]0,17,2)([19]2,9,7)([20]19,10,6)([21]9,2,5)([22]16,20,3)([23]11,16,3)([24]16,19,5)([25]21,3,2)([26]8,24,7)([27]10,15,5)([28]23,4,2)([29]6,10,0)([30]16,15,3)([31]20,25,1)([32]24,19,5)([33]24,13,4)([34]28,18,5)([35]26,23,2)([36]1,26,3)([37]14,36,7)([38]14,30,6)([39]14,16,1)([40]34,33,7)([41]40,38,6)([42]37,27,3)([43]13,30,6)([44]12,27,2)([45]14,44,1)([46]0,21,0)([47]40,14,4)([48]41,35,3)([49]4,32,6)([50]45,17,3)([51]25,42,3)([52]32,29,3)([53]13,50,6)([54]8,45,6)([55]52,33,5)([56]48,31,4)([57]38,33,4)([58]26,56,2)([59]40,51,5)([60]7,14,6)([61]57,58,2)([62]56,52,5)([63]39,5,0)([64]55,51,4)([65]29,41,1)([66]12,34,2)([67]49,35,7)([68]59,23,7)([69]0,5,3)([70]62,51,5)([71]13,23,4)([72]64,21,7)([73]65,71,6)([74]55,56,5)([75]31,33,5)([76]31,72,1)([77]4,69,7)([78]16,59,6)([79]15,20,1)([80]61,61,5)([81]79,25,6)([82]62,74,5)([83]59,20,2)([84]34,10,5)([85]75,19,5)([86]81,35,2)(70)
evaluations: 8065612
first invidual area: 119.93
{7,1,80,1,2,1,8}([7]2,5,5)([8]1,4,5)([9]0,1,3)([10]5,0,4)([11]0,10,1)([12]4,1,4)([13]10,6,7)([14]8,5,7)([15]13,6,0)([16]3,7,4)([17]7,9,2)([18]10,1,4)([19]2,9,7)([20]16,4,0)([21]16,4,2)([22]15,9,0)([23]2,19,5)([24]19,20,5)([25]21,14,5)([26]12,24,4)([27]25,0,5)([28]19,19,0)([29]26,13,3)([30]8,26,3)([31]16,29,3)([32]4,31,6)([33]13,24,7)([34]30,18,5)([35]3,23,2)([36]22,18,4)([37]29,14,4)([38]5,11,1)([39]27,33,2)([40]27,33,7)([41]40,32,6)([42]19,10,6)([43]10,36,5)([44]35,21,5)([45]18,16,3)([46]24,28,5)([47]37,43,3)([48]18,2,7)([49]18,25,6)([50]45,26,2)([51]35,47,3)([52]13,47,1)([53]50,41,3)([54]36,28,3)([55]6,46,3)([56]53,42,7)([57]34,47,7)([58]13,37,6)([59]27,8,0)([60]56,55,5)([61]42,56,5)([62]40,0,6)([63]7,61,5)([64]60,57,5)([65]39,57,2)([66]30,29,3)([67]63,30,0)([68]9,65,1)([69]67,24,0)([70]60,51,5)([71]60,2,1)([72]65,10,2)([73]35,57,4)([74]11,5,2)([75]15,9,0)([76]1,73,1)([77]70,32,7)([78]34,2,5)([79]56,65,4)([80]6,5,1)([81]78,3,2)([82]50,58,4)([83]22,28,4)([84]11,71,6)([85]39,66,3)([86]71,19,4)(70)
optimized area: 112.43
time: 1255355 ms
seed: 1636290146
{7,1,80,1,2,1,8}([7]4,2,7)([8]1,7,6)([9]7,0,7)([10]3,5,5)([11]1,10,1)([12]11,2,6)([13]8,3,7)([14]3,7,6)([15]14,6,7)([16]13,7,7)([17]5,8,7)([18]4,1,2)([19]9,18,2)([20]17,19,7)([21]7,19,0)([22]3,20,2)([23]18,17,3)([24]3,1,5)([25]15,0,4)([26]11,0,3)([27]3,26,5)([28]15,14,6)([29]0,25,3)([30]20,19,2)([31]5,0,1)([32]26,17,1)([33]17,13,2)([34]16,30,6)([35]29,6,7)([36]23,28,6)([37]35,2,6)([38]25,34,2)([39]34,23,6)([40]11,39,7)([41]36,1,6)([42]0,37,3)([43]20,40,5)([44]27,31,5)([45]33,37,4)([46]36,3,3)([47]18,8,7)([48]46,15,4)([49]43,24,5)([50]45,41,4)([51]11,3,5)([52]44,26,0)([53]52,12,1)([54]11,33,7)([55]15,34,4)([56]31,26,6)([57]34,36,2)([58]4,1,0)([59]50,34,2)([60]39,38,0)([61]55,54,5)([62]47,49,7)([63]52,57,7)([64]3,53,2)([65]44,4,6)([66]34,45,6)([67]25,43,5)([68]63,66,3)([69]21,7,2)([70]64,39,1)([71]27,26,5)([72]50,65,4)([73]61,54,2)([74]29,0,1)([75]69,2,2)([76]15,58,5)([77]69,68,1)([78]48,65,4)([79]73,16,7)([80]73,72,3)([81]30,80,5)([82]68,61,7)([83]30,56,0)([84]12,66,2)([85]80,67,2)([86]59,8,1)(85)
evaluations: 23006686
first invidual area: 126.96
{7,1,80,1,2,1,8}([7]2,4,7)([8]1,7,6)([9]5,4,6)([10]6,3,4)([11]0,2,7)([12]5,10,2)([13]8,3,7)([14]3,7,6)([15]14,6,7)([16]1,9,0)([17]5,8,7)([18]4,16,2)([19]11,18,5)([20]17,19,4)([21]16,0,0)([22]17,13,2)([23]22,22,7)([24]16,1,0)([25]0,15,4)([26]7,13,7)([27]15,14,6)([28]15,24,4)([29]25,0,2)([30]17,20,2)([31]14,28,4)([32]23,0,1)([33]0,25,5)([34]30,26,6)([35]33,14,7)([36]27,17,6)([37]35,2,3)([38]36,13,2)([39]34,18,3)([40]39,24,7)([41]18,28,0)([42]22,40,3)([43]23,16,4)([44]1,43,1)([45]20,40,5)([46]21,22,4)([47]1,37,3)([48]21,36,6)([49]44,8,6)([50]23,19,0)([51]34,15,7)([52]22,37,7)([53]34,47,0)([54]33,43,3)([55]24,12,7)([56]9,10,4)([57]9,42,5)([58]54,31,0)([59]45,18,4)([60]48,57,7)([61]26,0,5)([62]18,38,1)([63]14,33,0)([64]61,39,7)([65]60,4,3)([66]25,45,5)([67]27,62,6)([68]7,12,5)([69]43,23,5)([70]40,41,2)([71]15,15,2)([72]52,60,7)([73]51,46,5)([74]28,56,0)([75]49,37,0)([76]5,3,3)([77]44,13,1)([78]58,57,7)([79]12,52,7)([80]72,73,5)([81]60,27,6)([82]55,54,6)([83]80,66,2)([84]0,51,1)([85]8,78,7)([86]45,7,3)(83)
optimized area: 116.20
time: 1342036 ms
seed: 1636306603
NOT FOUND
time: 1073051 ms
seed: 1636322903
{7,1,80,1,2,1,8}([7]2,5,5)([8]6,0,7)([9]5,6,7)([10]0,1,3)([11]10,2,4)([12]7,9,3)([13]9,6,2)([14]12,3,4)([15]4,1,7)([16]2,15,3)([17]8,8,1)([18]0,7,2)([19]4,3,5)([20]14,17,2)([21]8,13,4)([22]5,1,7)([23]22,20,3)([24]3,9,1)([25]7,2,3)([26]11,25,2)([27]0,1,4)([28]3,11,7)([29]13,3,2)([30]24,19,5)([31]17,11,5)([32]4,29,4)([33]16,9,7)([34]13,11,6)([35]28,23,6)([36]6,15,0)([37]23,3,6)([38]11,8,4)([39]4,11,1)([40]34,15,7)([41]2,25,5)([42]32,17,2)([43]9,40,3)([44]0,27,6)([45]4,36,0)([46]28,33,4)([47]31,14,0)([48]27,42,5)([49]18,46,6)([50]15,43,2)([51]49,16,7)([52]46,48,4)([53]33,35,4)([54]23,40,6)([55]43,26,3)([56]51,39,0)([57]19,3,3)([58]53,52,2)([59]52,53,5)([60]51,14,4)([61]60,43,6)([62]14,50,2)([63]60,54,7)([64]41,53,1)([65]63,58,5)([66]62,65,7)([67]41,39,3)([68]65,3,5)([69]9,31,5)([70]20,44,1)([71]61,23,0)([72]25,61,2)([73]39,20,4)([74]26,34,6)([75]66,31,7)([76]3,8,0)([77]74,58,0)([78]42,76,4)([79]53,59,3)([80]66,6,5)([81]80,48,6)([82]73,34,2)([83]12,9,7)([84]19,4,2)([85]80,15,3)([86]52,71,2)(75)
evaluations: 23866010
first invidual area: 137.77
{7,1,80,1,2,1,8}([7]2,5,5)([8]0,6,4)([9]6,5,7)([10]0,1,3)([11]10,2,4)([12]9,7,3)([13]8,11,5)([14]3,12,4)([15]4,1,7)([16]2,15,3)([17]1,5,7)([18]16,17,4)([19]14,17,0)([20]8,19,2)([21]7,0,2)([22]13,20,6)([23]17,20,3)([24]11,3,4)([25]6,5,2)([26]3,25,5)([27]23,23,0)([28]2,25,3)([29]8,8,2)([30]8,13,7)([31]16,11,4)([32]4,26,7)([33]9,16,7)([34]25,11,6)([35]32,29,2)([36]0,22,4)([37]15,32,1)([38]27,1,1)([39]38,33,3)([40]36,24,6)([41]4,12,2)([42]35,12,2)([43]41,9,0)([44]38,19,5)([45]9,34,3)([46]24,33,7)([47]15,34,7)([48]27,35,5)([49]21,46,6)([50]15,45,2)([51]49,16,4)([52]46,48,4)([53]14,40,5)([54]23,47,6)([55]11,37,6)([56]10,52,7)([57]38,16,7)([58]39,52,2)([59]47,25,4)([60]19,51,4)([61]40,11,7)([62]19,50,5)([63]60,54,4)([64]34,24,7)([65]29,61,7)([66]62,13,4)([67]51,9,1)([68]60,38,3)([69]5,46,0)([70]19,25,6)([71]28,70,5)([72]48,61,4)([73]63,58,5)([74]60,65,3)([75]66,73,7)([76]11,4,7)([77]25,40,6)([78]51,70,5)([79]40,8,3)([80]71,60,2)([81]37,7,0)([82]0,46,0)([83]67,31,5)([84]59,72,7)([85]18,15,1)([86]74,4,3)(75)
optimized area: 127.45
time: 1206151 ms
seed: 1636339179
{7,1,80,1,2,1,8}([7]4,2,4)([8]5,0,2)([9]7,3,7)([10]5,6,4)([11]5,7,2)([12]3,9,3)([13]12,10,5)([14]4,5,4)([15]4,11,6)([16]2,1,5)([17]0,2,1)([18]1,14,2)([19]8,3,3)([20]16,14,4)([21]6,17,4)([22]8,15,4)([23]9,6,5)([24]3,12,7)([25]16,23,2)([26]5,8,2)([27]12,21,7)([28]1,11,4)([29]11,11,1)([30]6,7,5)([31]25,24,5)([32]25,5,3)([33]27,30,2)([34]11,32,4)([35]22,33,3)([36]23,21,5)([37]23,3,0)([38]5,7,3)([39]36,35,7)([40]39,0,1)([41]38,17,7)([42]1,31,7)([43]18,34,3)([44]1,13,5)([45]43,44,4)([46]12,22,3)([47]13,17,6)([48]14,11,2)([49]45,35,2)([50]23,31,6)([51]41,40,5)([52]9,49,6)([53]17,0,2)([54]31,52,5)([55]34,22,2)([56]51,42,6)([57]2,7,5)([58]6,39,2)([59]14,56,5)([60]54,47,7)([61]12,43,0)([62]54,59,7)([63]37,12,2)([64]26,25,6)([65]20,12,2)([66]47,40,6)([67]45,40,3)([68]27,62,7)([69]22,32,6)([70]43,42,2)([71]62,1,4)([72]0,67,1)([73]10,70,2)([74]20,32,6)([75]71,8,5)([76]67,68,4)([77]25,0,1)([78]29,69,3)([79]9,56,6)([80]61,65,2)([81]36,71,6)([82]28,74,0)([83]26,65,4)([84]45,74,0)([85]78,77,4)([86]48,13,2)(76)
evaluations: 28450393
first invidual area: 131.64
{7,1,80,1,2,1,8}([7]2,4,4)([8]2,1,5)([9]3,7,7)([10]5,6,4)([11]5,7,2)([12]9,3,3)([13]12,3,4)([14]5,4,4)([15]11,4,3)([16]5,0,5)([17]4,2,5)([18]7,3,3)([19]12,10,5)([20]4,8,0)([21]0,6,7)([22]15,16,4)([23]9,6,5)([24]23,21,5)([25]23,8,2)([26]1,19,5)([27]12,21,7)([28]6,7,5)([29]3,20,0)([30]19,2,0)([31]25,18,5)([32]25,5,6)([33]28,27,2)([34]11,32,6)([35]33,22,3)([36]25,34,5)([37]0,23,4)([38]1,24,1)([39]24,35,4)([40]1,14,2)([41]17,0,4)([42]8,24,1)([43]34,40,6)([44]2,40,7)([45]43,26,7)([46]44,8,6)([47]3,28,3)([48]36,47,2)([49]45,35,2)([50]39,12,7)([51]41,39,5)([52]9,49,6)([53]31,40,7)([54]31,52,5)([55]34,46,7)([56]51,53,6)([57]29,9,7)([58]45,39,3)([59]56,14,5)([60]39,35,3)([61]38,8,4)([62]33,21,6)([63]22,30,5)([64]11,35,4)([65]43,42,7)([66]54,59,5)([67]23,47,4)([68]58,66,7)([69]47,26,3)([70]20,8,3)([71]70,48,4)([72]51,63,4)([73]9,0,1)([74]18,17,1)([75]27,1,0)([76]75,68,7)([77]60,68,0)([78]56,34,6)([79]6,53,1)([80]78,51,4)([81]38,42,6)([82]63,63,6)([83]18,81,3)([84]44,41,2)([85]77,37,3)([86]12,37,4)(76)
optimized area: 120.38
time: 1215571 ms
seed: 1636345833
NOT FOUND
time: 1054313 ms
seed: 1636352085
NOT FOUND
time: 1060214 ms
