seed: 1633878950
NOT FOUND
time: 525538 ms
seed: 1634016657
{7,1,80,1,2,1,8}([7]2,1,4)([8]3,5,4)([9]1,5,4)([10]6,9,5)([11]6,7,3)([12]6,9,3)([13]12,7,4)([14]4,5,2)([15]0,3,6)([16]14,11,3)([17]0,10,5)([18]9,13,6)([19]7,18,3)([20]11,16,0)([21]8,11,1)([22]15,8,3)([23]14,13,3)([24]19,17,5)([25]15,9,4)([26]19,23,4)([27]2,8,2)([28]22,4,2)([29]27,25,4)([30]0,6,6)([31]22,3,7)([32]24,8,0)([33]30,22,4)([34]23,19,1)([35]28,16,3)([36]32,4,2)([37]27,28,7)([38]36,0,7)([39]33,11,2)([40]38,26,5)([41]3,13,3)([42]11,34,3)([43]35,14,3)([44]13,0,7)([45]31,38,4)([46]43,29,2)([47]29,36,5)([48]3,3,0)([49]29,38,7)([50]28,43,6)([51]21,34,7)([52]14,25,7)([53]18,45,3)([54]11,18,3)([55]10,8,2)([56]24,32,7)([57]52,37,5)([58]30,55,3)([59]34,57,7)([60]32,53,6)([61]33,60,4)([62]57,23,4)([63]40,46,7)([64]29,43,1)([65]62,39,2)([66]53,21,1)([67]23,37,1)([68]21,34,0)([69]63,61,3)([70]65,24,6)([71]62,38,0)([72]28,57,6)([73]65,67,3)([74]19,24,6)([75]61,6,0)([76]41,42,0)([77]62,70,7)([78]9,19,7)([79]73,69,4)([80]12,41,5)([81]42,65,6)([82]11,9,4)([83]38,10,4)([84]68,10,2)([85]12,36,5)([86]14,66,1)(79)
evaluations: 13132597
first invidual area: 141.96
{7,1,80,1,2,1,8}([7]1,2,4)([8]3,5,4)([9]5,1,4)([10]6,9,5)([11]9,1,2)([12]9,6,6)([13]12,6,7)([14]5,4,2)([15]0,3,6)([16]7,12,7)([17]0,10,5)([18]11,0,6)([19]7,12,3)([20]0,4,0)([21]19,6,7)([22]15,8,3)([23]14,16,3)([24]17,19,5)([25]9,15,4)([26]23,19,5)([27]2,8,5)([28]22,4,2)([29]24,18,3)([30]28,2,2)([31]6,0,3)([32]1,8,5)([33]31,22,7)([34]1,33,0)([35]9,32,1)([36]24,4,5)([37]6,7,3)([38]36,20,4)([39]28,27,4)([40]27,25,7)([41]26,38,5)([42]10,40,6)([43]37,14,3)([44]43,28,3)([45]33,37,2)([46]44,40,5)([47]44,31,1)([48]25,14,7)([49]16,48,5)([50]40,27,6)([51]48,39,2)([52]33,34,0)([53]3,1,5)([54]4,36,3)([55]14,12,2)([56]30,54,1)([57]11,12,0)([58]23,29,1)([59]9,38,0)([60]1,4,1)([61]29,33,7)([62]46,13,3)([63]46,41,4)([64]9,47,3)([65]45,51,2)([66]9,15,2)([67]59,48,5)([68]38,47,0)([69]63,61,3)([70]65,58,6)([71]3,37,3)([72]5,16,2)([73]26,69,0)([74]17,36,7)([75]3,36,3)([76]14,36,3)([77]40,59,4)([78]3,48,7)([79]43,17,1)([80]38,55,1)([81]8,10,0)([82]67,19,4)([83]70,23,4)([84]68,12,6)([85]69,70,7)([86]6,49,2)(85)
optimized area: 121.79
time: 637388 ms
seed: 1634065520
NOT FOUND
time: 534389 ms
seed: 1634179721
NOT FOUND
time: 525498 ms
seed: 1634227008
NOT FOUND
time: 528881 ms
seed: 1634324066
{7,1,80,1,2,1,8}([7]1,2,2)([8]7,4,2)([9]0,5,5)([10]0,5,4)([11]9,2,7)([12]5,8,3)([13]4,1,4)([14]6,10,7)([15]4,9,6)([16]10,3,3)([17]11,4,4)([18]13,9,7)([19]6,16,4)([20]6,11,2)([21]11,20,1)([22]13,11,7)([23]3,21,3)([24]19,23,6)([25]6,22,3)([26]8,19,4)([27]18,20,7)([28]16,11,2)([29]14,4,0)([30]11,14,3)([31]17,18,7)([32]22,31,3)([33]7,30,3)([34]27,7,6)([35]17,3,4)([36]15,5,2)([37]30,7,5)([38]30,35,6)([39]35,36,7)([40]1,5,5)([41]39,25,6)([42]23,5,7)([43]32,17,2)([44]21,42,1)([45]32,3,4)([46]40,33,4)([47]42,26,5)([48]6,34,6)([49]3,33,4)([50]17,31,2)([51]44,11,0)([52]28,38,2)([53]25,12,4)([54]46,45,5)([55]54,47,5)([56]10,39,6)([57]37,22,7)([58]50,33,5)([59]35,29,3)([60]56,20,3)([61]55,11,7)([62]50,38,6)([63]7,10,5)([64]9,59,0)([65]29,20,3)([66]24,57,3)([67]19,62,6)([68]60,53,2)([69]35,34,2)([70]68,69,4)([71]62,24,4)([72]32,7,1)([73]4,15,3)([74]9,53,2)([75]54,59,1)([76]21,68,3)([77]72,22,4)([78]23,25,5)([79]71,67,1)([80]56,33,4)([81]20,78,3)([82]74,48,5)([83]70,61,6)([84]46,75,3)([85]83,67,3)([86]42,16,3)(85)
evaluations: 36197784
first invidual area: 153.68
{7,1,80,1,2,1,8}([7]1,2,2)([8]7,4,5)([9]5,0,5)([10]0,5,4)([11]9,2,7)([12]5,7,6)([13]9,4,7)([14]10,6,7)([15]7,10,4)([16]3,10,3)([17]4,11,4)([18]13,1,4)([19]16,6,4)([20]6,11,2)([21]11,6,1)([22]8,7,3)([23]21,3,3)([24]18,20,7)([25]6,18,3)([26]8,19,7)([27]13,6,5)([28]5,21,0)([29]18,14,1)([30]14,11,3)([31]22,25,2)([32]29,5,5)([33]5,1,5)([34]24,7,6)([35]3,17,4)([36]34,6,1)([37]6,36,7)([38]30,35,6)([39]35,33,4)([40]37,0,6)([41]36,22,1)([42]23,5,7)([43]29,17,3)([44]30,22,1)([45]43,3,4)([46]33,30,5)([47]42,26,5)([48]25,1,3)([49]16,5,7)([50]17,18,2)([51]25,44,4)([52]21,46,1)([53]25,12,7)([54]46,45,5)([55]54,47,5)([56]10,39,6)([57]20,40,3)([58]11,43,3)([59]28,45,4)([60]56,20,3)([61]55,11,7)([62]38,50,6)([63]39,58,5)([64]16,50,6)([65]24,46,2)([66]10,62,6)([67]19,62,6)([68]60,53,5)([69]35,34,5)([70]68,69,4)([71]4,66,1)([72]37,39,1)([73]71,29,6)([74]64,34,4)([75]45,57,6)([76]73,7,0)([77]71,0,5)([78]64,74,0)([79]31,77,2)([80]22,36,4)([81]52,75,6)([82]9,47,2)([83]70,61,6)([84]10,5,2)([85]83,67,3)([86]11,17,1)(85)
optimized area: 134.45
time: 576029 ms
seed: 1634364528
NOT FOUND
time: 530104 ms
seed: 1634413539
{7,1,80,1,2,1,8}([7]4,2,2)([8]4,1,6)([9]2,5,3)([10]0,6,6)([11]6,3,7)([12]7,10,7)([13]3,12,2)([14]1,7,5)([15]2,0,7)([16]11,0,5)([17]16,0,5)([18]8,3,4)([19]14,12,4)([20]5,13,0)([21]4,16,5)([22]6,18,5)([23]9,13,2)([24]1,22,7)([25]17,23,7)([26]25,3,7)([27]26,18,0)([28]16,27,6)([29]15,14,2)([30]22,10,4)([31]6,18,6)([32]5,4,5)([33]29,26,7)([34]18,32,7)([35]34,21,3)([36]33,35,5)([37]30,17,5)([38]3,26,7)([39]23,15,3)([40]37,39,2)([41]24,4,2)([42]19,22,2)([43]36,5,7)([44]31,33,3)([45]5,30,5)([46]44,42,7)([47]17,19,0)([48]24,30,3)([49]9,3,6)([50]9,14,1)([51]20,10,1)([52]44,41,5)([53]26,7,3)([54]40,52,4)([55]49,46,2)([56]12,28,7)([57]19,32,4)([58]45,54,5)([59]18,16,2)([60]33,55,3)([61]58,7,3)([62]61,60,4)([63]15,46,2)([64]3,32,7)([65]1,27,4)([66]10,28,5)([67]44,43,7)([68]18,33,2)([69]58,28,7)([70]65,58,3)([71]24,70,6)([72]34,8,6)([73]67,44,2)([74]36,33,2)([75]55,7,6)([76]36,7,7)([77]50,50,2)([78]27,33,4)([79]73,57,7)([80]62,66,0)([81]79,37,1)([82]80,79,4)([83]37,11,5)([84]67,39,7)([85]67,74,4)([86]5,41,2)(82)
evaluations: 46572716
first invidual area: 154.14
{7,1,80,1,2,1,8}([7]4,2,2)([8]4,1,6)([9]2,5,3)([10]6,0,6)([11]3,6,7)([12]7,10,7)([13]3,12,2)([14]1,7,5)([15]2,0,7)([16]11,0,5)([17]16,0,5)([18]8,3,4)([19]14,12,7)([20]1,10,6)([21]4,16,5)([22]6,18,5)([23]9,13,2)([24]1,22,7)([25]17,23,7)([26]25,3,7)([27]19,6,2)([28]14,15,1)([29]14,15,5)([30]22,10,4)([31]6,18,6)([32]5,4,5)([33]29,26,4)([34]18,5,4)([35]34,21,3)([36]33,35,5)([37]30,17,5)([38]24,3,6)([39]23,15,3)([40]37,39,5)([41]24,4,2)([42]37,15,7)([43]36,5,7)([44]31,33,3)([45]5,30,5)([46]36,7,4)([47]36,39,0)([48]26,45,0)([49]9,16,6)([50]21,14,3)([51]16,38,6)([52]44,41,5)([53]8,29,1)([54]40,52,7)([55]49,18,2)([56]39,26,6)([57]19,32,4)([58]45,54,5)([59]5,46,1)([60]33,55,3)([61]58,7,3)([62]61,60,4)([63]28,25,1)([64]47,19,2)([65]56,49,1)([66]27,62,5)([67]44,43,5)([68]35,40,3)([69]45,49,1)([70]17,47,4)([71]45,54,0)([72]67,6,6)([73]13,3,6)([74]16,73,7)([75]32,71,5)([76]49,4,4)([77]7,51,1)([78]74,34,6)([79]67,57,7)([80]48,4,4)([81]16,32,0)([82]62,79,4)([83]11,51,4)([84]59,77,1)([85]32,34,0)([86]52,7,4)(82)
optimized area: 141.01
time: 541511 ms
seed: 1634522761
NOT FOUND
time: 523101 ms
seed: 1634621888
NOT FOUND
time: 532294 ms
seed: 1635148922
NOT FOUND
time: 530623 ms
seed: 1635198106
NOT FOUND
time: 537761 ms
seed: 1635364626
NOT FOUND
time: 1005828 ms
seed: 1635628912
{7,1,80,1,2,1,8}([7]6,1,7)([8]5,3,4)([9]2,6,5)([10]8,7,7)([11]7,9,4)([12]2,9,2)([13]0,12,7)([14]5,9,7)([15]1,6,6)([16]12,5,4)([17]6,10,3)([18]13,1,2)([19]13,17,6)([20]15,4,7)([21]10,11,2)([22]5,18,4)([23]2,19,3)([24]3,20,6)([25]18,24,3)([26]8,4,6)([27]16,0,3)([28]4,22,7)([29]22,27,5)([30]25,0,3)([31]23,28,4)([32]19,8,6)([33]22,11,3)([34]20,1,2)([35]3,10,2)([36]29,31,2)([37]33,8,2)([38]37,30,4)([39]33,38,5)([40]30,36,5)([41]38,32,2)([42]27,41,7)([43]35,5,4)([44]31,14,2)([45]21,28,2)([46]14,40,4)([47]46,41,7)([48]47,35,2)([49]33,35,3)([50]34,43,7)([51]39,47,5)([52]51,45,6)([53]50,2,6)([54]38,31,5)([55]17,50,5)([56]6,9,5)([57]11,39,7)([58]43,38,4)([59]37,51,0)([60]53,52,7)([61]9,16,7)([62]30,25,7)([63]6,13,0)([64]60,33,0)([65]50,37,3)([66]22,64,1)([67]24,50,7)([68]61,65,1)([69]15,23,6)([70]46,2,3)([71]24,48,3)([72]58,17,2)([73]37,50,6)([74]42,2,5)([75]60,0,6)([76]12,66,1)([77]61,69,4)([78]35,55,1)([79]54,60,2)([80]44,35,3)([81]34,6,3)([82]73,44,5)([83]59,48,2)([84]74,70,4)([85]4,22,1)([86]10,84,6)(79)
evaluations: 28599331
first invidual area: 142.43
{7,1,80,1,2,1,8}([7]6,1,7)([8]3,5,4)([9]6,2,5)([10]8,7,7)([11]9,7,4)([12]9,2,5)([13]12,0,4)([14]9,5,7)([15]6,11,6)([16]14,4,2)([17]10,13,3)([18]1,13,2)([19]6,17,6)([20]15,4,7)([21]3,10,2)([22]5,18,4)([23]2,19,6)([24]20,3,6)([25]0,18,3)([26]21,11,0)([27]16,0,3)([28]22,4,4)([29]22,27,5)([30]24,25,3)([31]28,23,4)([32]19,8,3)([33]11,22,3)([34]20,1,5)([35]33,29,1)([36]29,31,5)([37]33,8,5)([38]37,30,7)([39]38,33,5)([40]30,36,5)([41]30,32,5)([42]36,35,6)([43]26,5,4)([44]43,22,5)([45]27,26,2)([46]14,40,4)([47]46,41,4)([48]18,34,7)([49]40,48,7)([50]34,43,4)([51]39,47,5)([52]51,45,6)([53]52,8,6)([54]38,31,5)([55]8,16,7)([56]6,17,2)([57]50,2,3)([58]21,17,0)([59]52,57,4)([60]35,58,5)([61]28,22,1)([62]34,27,6)([63]12,44,0)([64]6,8,5)([65]14,43,0)([66]5,22,1)([67]59,30,7)([68]33,14,2)([69]42,3,6)([70]69,54,6)([71]56,4,3)([72]53,14,1)([73]54,59,2)([74]62,48,3)([75]29,36,7)([76]32,24,4)([77]0,17,4)([78]62,12,3)([79]45,43,0)([80]9,6,2)([81]11,73,5)([82]76,44,0)([83]0,28,5)([84]36,61,7)([85]53,3,3)([86]58,23,1)(73)
optimized area: 135.39
time: 1255270 ms
seed: 1635676619
NOT FOUND
time: 1071155 ms
seed: 1635724418
NOT FOUND
time: 1084337 ms
seed: 1635771646
{7,1,80,1,2,1,8}([7]6,0,5)([8]1,7,4)([9]6,4,5)([10]4,1,6)([11]5,10,3)([12]11,2,5)([13]8,2,5)([14]2,0,5)([15]4,8,3)([16]14,6,7)([17]15,3,2)([18]9,12,4)([19]15,16,4)([20]10,8,2)([21]3,15,4)([22]17,12,5)([23]9,0,7)([24]19,1,2)([25]22,5,7)([26]13,19,7)([27]16,26,3)([28]24,18,6)([29]22,23,4)([30]0,21,3)([31]8,29,7)([32]28,22,7)([33]25,3,4)([34]31,29,1)([35]30,32,4)([36]0,5,5)([37]36,14,4)([38]27,22,5)([39]26,31,3)([40]37,38,3)([41]33,35,2)([42]17,12,7)([43]33,0,0)([44]0,20,7)([45]0,38,6)([46]20,1,0)([47]20,7,2)([48]39,22,6)([49]48,1,6)([50]17,13,0)([51]47,4,3)([52]49,2,3)([53]5,26,7)([54]13,0,1)([55]38,13,2)([56]52,42,2)([57]8,23,1)([58]15,38,3)([59]40,9,7)([60]53,52,2)([61]1,37,6)([62]41,46,4)([63]60,41,7)([64]41,17,6)([65]31,8,4)([66]37,56,4)([67]56,59,3)([68]24,44,7)([69]47,10,2)([70]67,68,3)([71]58,46,6)([72]61,22,6)([73]29,2,1)([74]7,36,3)([75]60,27,0)([76]1,40,4)([77]34,70,0)([78]73,62,3)([79]46,42,1)([80]34,26,0)([81]36,54,7)([82]70,63,4)([83]68,43,2)([84]52,48,0)([85]76,81,2)([86]60,17,1)(82)
evaluations: 34673922
first invidual area: 157.91
{7,1,80,1,2,1,8}([7]0,6,5)([8]1,7,4)([9]6,4,5)([10]4,1,6)([11]5,10,3)([12]11,2,5)([13]8,2,5)([14]0,2,5)([15]8,4,3)([16]14,6,7)([17]15,3,2)([18]3,15,4)([19]15,16,4)([20]10,7,5)([21]15,0,2)([22]17,12,5)([23]12,9,4)([24]19,1,2)([25]22,5,4)([26]13,19,7)([27]26,16,3)([28]24,23,3)([29]16,7,7)([30]0,18,3)([31]5,0,5)([32]28,30,4)([33]25,3,7)([34]22,17,0)([35]32,22,4)([36]31,5,3)([37]31,14,4)([38]27,22,5)([39]38,37,3)([40]19,19,4)([41]35,33,5)([42]17,31,7)([43]39,17,7)([44]0,20,7)([45]9,14,6)([46]18,1,1)([47]33,30,6)([48]47,1,6)([49]11,26,2)([50]41,4,6)([51]20,47,7)([52]48,2,3)([53]5,26,7)([54]8,3,4)([55]33,2,1)([56]52,42,2)([57]46,44,1)([58]5,33,0)([59]39,9,7)([60]53,52,5)([61]60,4,2)([62]31,28,5)([63]60,41,4)([64]16,52,3)([65]54,0,0)([66]50,42,2)([67]56,59,3)([68]24,44,4)([69]9,45,2)([70]67,68,6)([71]43,33,1)([72]57,2,5)([73]72,53,6)([74]17,70,4)([75]25,24,2)([76]13,9,7)([77]61,46,6)([78]37,67,4)([79]29,64,7)([80]70,44,0)([81]5,6,5)([82]80,63,4)([83]78,74,7)([84]38,48,0)([85]12,4,3)([86]25,67,6)(82)
optimized area: 140.09
time: 1165637 ms
seed: 1635818596
NOT FOUND
time: 1078763 ms
seed: 1635861713
{7,1,80,1,2,1,8}([7]2,0,2)([8]4,2,1)([9]5,1,2)([10]6,6,1)([11]8,10,0)([12]6,4,0)([13]3,1,7)([14]13,12,5)([15]7,5,6)([16]3,9,6)([17]2,5,1)([18]16,17,0)([19]0,17,7)([20]13,10,6)([21]19,9,5)([22]11,16,6)([23]5,17,1)([24]3,19,7)([25]16,2,6)([26]1,17,4)([27]6,22,6)([28]25,4,1)([29]24,20,3)([30]27,5,4)([31]2,9,7)([32]0,14,4)([33]21,29,6)([34]28,8,5)([35]30,11,3)([36]30,31,3)([37]12,19,7)([38]0,3,5)([39]7,32,3)([40]39,8,5)([41]6,34,7)([42]36,4,6)([43]40,21,2)([44]42,1,7)([45]16,40,7)([46]26,15,1)([47]10,15,6)([48]36,29,6)([49]44,33,4)([50]38,26,7)([51]46,23,4)([52]30,22,4)([53]45,20,3)([54]24,4,0)([55]4,6,1)([56]32,37,3)([57]49,56,7)([58]10,35,6)([59]43,47,1)([60]56,14,3)([61]53,52,2)([62]60,19,2)([63]58,48,7)([64]63,38,4)([65]64,15,3)([66]57,40,5)([67]17,45,4)([68]15,35,5)([69]29,15,2)([70]66,25,6)([71]60,65,4)([72]2,61,3)([73]42,36,7)([74]39,12,3)([75]45,58,4)([76]70,71,4)([77]24,26,6)([78]72,41,5)([79]6,48,0)([80]50,61,2)([81]54,33,5)([82]78,76,7)([83]50,28,0)([84]48,75,7)([85]5,68,4)([86]33,78,7)(82)
evaluations: 19087180
first invidual area: 156.93
{7,1,80,1,2,1,8}([7]2,0,2)([8]4,2,1)([9]1,5,2)([10]6,5,1)([11]6,10,0)([12]3,9,0)([13]3,1,7)([14]13,6,5)([15]1,9,0)([16]3,9,6)([17]2,9,7)([18]5,7,6)([19]0,2,4)([20]10,13,6)([21]5,19,5)([22]8,16,6)([23]12,0,5)([24]12,19,7)([25]2,16,6)([26]4,6,5)([27]22,6,3)([28]25,4,6)([29]24,20,3)([30]5,27,7)([31]15,0,6)([32]14,0,4)([33]21,29,6)([34]30,21,6)([35]14,21,5)([36]17,30,3)([37]19,11,7)([38]31,33,3)([39]7,32,3)([40]39,8,5)([41]40,16,7)([42]20,14,1)([43]36,4,6)([44]30,22,4)([45]25,41,3)([46]1,43,7)([47]41,20,3)([48]36,29,6)([49]31,17,3)([50]48,44,0)([51]28,6,4)([52]47,8,6)([53]17,8,7)([54]39,19,3)([55]33,46,6)([56]32,37,3)([57]55,56,4)([58]51,55,0)([59]9,37,4)([60]26,5,6)([61]47,44,2)([62]23,7,6)([63]23,48,4)([64]63,60,7)([65]64,18,3)([66]57,40,5)([67]31,29,1)([68]45,59,4)([69]27,66,4)([70]66,25,3)([71]54,65,4)([72]2,61,3)([73]16,30,4)([74]10,12,6)([75]0,10,3)([76]70,71,7)([77]64,52,4)([78]72,51,5)([79]63,68,2)([80]70,17,3)([81]20,10,5)([82]78,76,7)([83]42,66,2)([84]58,10,3)([85]74,43,3)([86]45,51,4)(82)
optimized area: 151.78
time: 1303910 ms
seed: 1635903745
NOT FOUND
time: 1086290 ms
seed: 1635940051
{7,1,80,1,2,1,8}([7]4,3,4)([8]4,0,4)([9]3,4,2)([10]4,1,2)([11]2,4,5)([12]5,10,6)([13]6,9,2)([14]3,2,7)([15]0,13,7)([16]12,2,7)([17]5,6,7)([18]2,8,4)([19]14,8,2)([20]7,2,6)([21]7,10,6)([22]6,8,3)([23]15,19,4)([24]14,1,4)([25]1,22,2)([26]16,20,4)([27]11,25,7)([28]18,3,6)([29]24,5,2)([30]9,27,4)([31]13,2,1)([32]30,28,6)([33]22,26,4)([34]27,19,6)([35]29,28,1)([36]29,10,2)([37]32,35,5)([38]37,0,6)([39]16,23,5)([40]7,18,0)([41]36,7,4)([42]15,35,4)([43]41,32,3)([44]34,24,3)([45]11,0,0)([46]32,14,7)([47]43,33,5)([48]3,37,3)([49]44,17,6)([50]48,0,1)([51]32,40,3)([52]8,38,4)([53]9,8,3)([54]22,17,2)([55]10,31,1)([56]45,50,5)([57]47,11,7)([58]57,50,5)([59]52,6,7)([60]49,45,1)([61]39,58,2)([62]48,61,2)([63]4,58,1)([64]46,13,4)([65]26,64,4)([66]45,29,1)([67]60,52,7)([68]64,11,2)([69]18,31,1)([70]4,40,7)([71]56,21,6)([72]10,12,5)([73]67,61,4)([74]70,5,3)([75]68,45,5)([76]57,59,2)([77]65,24,3)([78]61,11,4)([79]0,34,4)([80]51,31,0)([81]50,66,0)([82]73,76,4)([83]64,38,5)([84]68,17,2)([85]65,27,2)([86]3,60,2)(82)
evaluations: 28579398
first invidual area: 154.15
{7,1,80,1,2,1,8}([7]4,3,4)([8]0,4,4)([9]4,3,2)([10]1,4,2)([11]2,4,5)([12]5,10,3)([13]9,6,5)([14]3,2,7)([15]13,0,4)([16]12,2,4)([17]5,6,7)([18]8,14,7)([19]18,8,2)([20]7,2,3)([21]18,3,6)([22]8,6,3)([23]15,19,4)([24]14,1,4)([25]1,22,5)([26]20,22,5)([27]11,25,4)([28]24,20,0)([29]28,7,0)([30]27,9,4)([31]30,21,7)([32]30,21,6)([33]26,16,7)([34]27,19,6)([35]29,17,5)([36]5,28,5)([37]32,36,5)([38]37,0,3)([39]36,33,5)([40]20,16,1)([41]7,35,2)([42]41,36,1)([43]41,32,3)([44]34,29,3)([45]37,12,5)([46]23,16,5)([47]43,33,5)([48]3,37,6)([49]8,10,1)([50]22,47,2)([51]32,29,5)([52]8,38,7)([53]34,36,1)([54]21,19,5)([55]54,13,6)([56]43,34,2)([57]47,11,7)([58]57,48,5)([59]6,52,7)([60]3,22,4)([61]46,58,5)([62]49,36,2)([63]17,44,6)([64]53,54,1)([65]32,40,3)([66]21,29,1)([67]63,52,4)([68]17,18,1)([69]46,54,2)([70]67,19,0)([71]54,12,1)([72]66,58,4)([73]61,70,7)([74]16,45,5)([75]27,56,3)([76]57,59,5)([77]55,1,5)([78]77,66,3)([79]10,66,6)([80]57,34,5)([81]12,15,2)([82]73,76,7)([83]28,66,4)([84]12,76,2)([85]13,14,5)([86]58,35,3)(82)
optimized area: 141.96
time: 1251728 ms
seed: 1635976175
NOT FOUND
time: 1064194 ms
seed: 1636012053
NOT FOUND
time: 1057685 ms
seed: 1636046804
NOT FOUND
time: 1086793 ms
seed: 1636080630
NOT FOUND
time: 1093254 ms
seed: 1636113629
{7,1,80,1,2,1,8}([7]3,5,4)([8]7,2,7)([9]8,6,4)([10]2,4,4)([11]9,0,5)([12]10,5,7)([13]9,8,6)([14]12,8,7)([15]1,3,4)([16]2,7,5)([17]15,0,7)([18]6,13,0)([19]13,17,5)([20]10,3,7)([21]3,17,2)([22]5,1,6)([23]14,6,5)([24]7,0,7)([25]0,10,6)([26]19,25,7)([27]20,16,2)([28]11,1,5)([29]27,19,1)([30]24,27,5)([31]4,26,5)([32]8,25,5)([33]1,4,5)([34]5,27,3)([35]23,15,6)([36]16,24,7)([37]31,34,7)([38]6,17,6)([39]18,35,2)([40]6,4,6)([41]35,24,0)([42]11,34,4)([43]37,28,6)([44]13,3,7)([45]27,35,0)([46]43,14,6)([47]45,36,4)([48]43,46,7)([49]41,36,5)([50]33,14,6)([51]21,18,7)([52]0,40,5)([53]30,38,7)([54]27,53,4)([55]34,19,1)([56]24,32,4)([57]45,43,4)([58]20,36,4)([59]3,18,4)([60]36,58,1)([61]16,6,5)([62]11,55,7)([63]21,49,0)([64]20,34,0)([65]11,40,1)([66]44,49,7)([67]57,52,7)([68]54,67,6)([69]56,26,4)([70]50,48,3)([71]69,38,1)([72]6,49,4)([73]7,71,6)([74]73,66,3)([75]9,16,0)([76]45,61,3)([77]38,46,3)([78]17,55,3)([79]75,68,1)([80]74,75,5)([81]14,39,2)([82]33,54,2)([83]74,68,4)([84]44,52,6)([85]19,31,6)([86]83,51,1)(86)
evaluations: 10521838
first invidual area: 150.42
{7,1,80,1,2,1,8}([7]3,5,4)([8]2,7,7)([9]6,8,5)([10]4,2,4)([11]6,4,6)([12]4,3,7)([13]8,6,6)([14]0,10,6)([15]1,3,4)([16]2,8,5)([17]0,15,7)([18]4,7,0)([19]17,13,5)([20]9,2,0)([21]19,0,2)([22]21,9,5)([23]10,3,7)([24]0,16,4)([25]12,6,5)([26]19,14,7)([27]23,16,2)([28]22,1,5)([29]5,27,6)([30]19,3,7)([31]26,4,5)([32]6,11,5)([33]32,25,1)([34]31,29,4)([35]15,25,6)([36]7,24,4)([37]24,26,5)([38]36,23,1)([39]17,6,6)([40]26,13,1)([41]12,9,5)([42]37,30,4)([43]7,28,3)([44]42,31,6)([45]42,16,4)([46]11,0,5)([47]11,18,0)([48]15,13,6)([49]35,36,5)([50]36,6,4)([51]26,2,5)([52]34,28,6)([53]27,38,5)([54]39,53,4)([55]29,4,5)([56]39,43,7)([57]52,46,7)([58]24,53,4)([59]38,48,0)([60]57,27,7)([61]32,36,7)([62]3,13,7)([63]9,9,1)([64]36,51,7)([65]32,31,5)([66]62,49,7)([67]59,10,3)([68]60,54,5)([69]52,48,4)([70]7,64,6)([71]45,6,6)([72]20,71,7)([73]58,6,2)([74]66,70,3)([75]69,63,7)([76]62,57,2)([77]48,66,2)([78]66,1,2)([79]48,49,3)([80]79,55,0)([81]74,68,4)([82]41,41,7)([83]35,9,2)([84]69,46,0)([85]76,17,4)([86]11,20,6)(81)
optimized area: 134.00
time: 1343998 ms
seed: 1636146367
NOT FOUND
time: 1072519 ms
seed: 1636178780
NOT FOUND
time: 1069366 ms
seed: 1636209461
NOT FOUND
time: 1069514 ms
seed: 1636239366
{7,1,80,1,2,1,8}([7]6,3,3)([8]1,5,7)([9]4,0,4)([10]5,2,6)([11]6,9,4)([12]9,7,7)([13]2,0,6)([14]12,1,4)([15]0,14,7)([16]15,2,3)([17]16,10,7)([18]16,10,6)([19]5,0,6)([20]5,3,4)([21]11,2,2)([22]0,20,0)([23]16,11,4)([24]14,5,2)([25]8,10,7)([26]24,6,7)([27]23,20,4)([28]27,25,3)([29]17,4,4)([30]26,8,5)([31]25,16,5)([32]18,8,7)([33]21,15,3)([34]28,2,2)([35]2,33,7)([36]21,12,4)([37]19,29,6)([38]8,35,4)([39]3,31,7)([40]30,27,2)([41]12,21,5)([42]12,26,7)([43]20,38,2)([44]1,28,5)([45]33,28,6)([46]44,41,4)([47]30,37,3)([48]1,18,6)([49]19,38,3)([50]18,34,4)([51]31,42,2)([52]23,12,6)([53]37,43,2)([54]53,51,4)([55]33,54,4)([56]7,17,1)([57]49,50,3)([58]55,57,5)([59]39,5,6)([60]46,27,2)([61]7,53,3)([62]40,31,5)([63]60,32,6)([64]14,9,6)([65]46,58,3)([66]6,29,1)([67]33,33,2)([68]65,25,4)([69]34,50,1)([70]59,23,6)([71]19,64,0)([72]70,62,5)([73]36,4,6)([74]5,43,7)([75]52,68,2)([76]68,72,4)([77]52,74,5)([78]41,42,0)([79]24,1,0)([80]19,54,3)([81]39,60,5)([82]48,73,0)([83]61,51,1)([84]2,18,1)([85]73,21,1)([86]22,54,6)(76)
evaluations: 43882863
first invidual area: 167.76
{7,1,80,1,2,1,8}([7]3,6,6)([8]1,5,7)([9]4,0,4)([10]5,2,6)([11]6,9,4)([12]7,9,4)([13]3,3,3)([14]12,1,4)([15]0,14,7)([16]15,2,3)([17]16,10,4)([18]5,9,4)([19]5,0,6)([20]5,3,4)([21]11,2,2)([22]10,16,6)([23]16,11,4)([24]14,5,5)([25]8,10,7)([26]24,6,4)([27]23,20,4)([28]25,27,3)([29]17,4,7)([30]26,8,5)([31]25,16,5)([32]27,2,2)([33]21,15,3)([34]31,21,0)([35]2,33,7)([36]5,21,7)([37]19,29,6)([38]8,35,4)([39]3,31,7)([40]30,34,2)([41]12,21,5)([42]12,26,7)([43]20,38,2)([44]1,28,5)([45]4,13,5)([46]44,41,4)([47]39,35,0)([48]7,7,4)([49]19,38,3)([50]22,32,3)([51]34,42,5)([52]1,25,1)([53]37,43,2)([54]51,53,7)([55]33,54,4)([56]29,46,5)([57]49,50,3)([58]55,57,5)([59]47,5,6)([60]42,44,3)([61]41,36,5)([62]40,27,5)([63]61,44,0)([64]7,14,7)([65]58,46,3)([66]31,61,4)([67]59,17,4)([68]65,25,7)([69]21,39,5)([70]59,23,6)([71]67,42,4)([72]70,62,5)([73]28,55,0)([74]12,67,3)([75]48,50,0)([76]68,72,7)([77]68,57,6)([78]61,31,5)([79]24,35,5)([80]17,75,0)([81]7,24,0)([82]23,56,4)([83]4,42,6)([84]58,11,6)([85]42,9,0)([86]50,81,5)(76)
optimized area: 164.47
time: 1129981 ms
seed: 1636258557
{7,1,80,1,2,1,8}([7]1,2,4)([8]2,6,7)([9]3,5,2)([10]7,4,3)([11]3,0,4)([12]6,6,7)([13]4,6,7)([14]8,9,7)([15]8,9,1)([16]14,10,2)([17]5,5,0)([18]0,13,5)([19]9,18,6)([20]1,11,2)([21]19,8,1)([22]21,11,3)([23]6,1,3)([24]9,16,3)([25]22,8,4)([26]16,1,7)([27]17,5,2)([28]13,6,2)([29]20,27,6)([30]29,13,6)([31]0,22,5)([32]18,7,2)([33]10,31,7)([34]24,30,6)([35]32,30,2)([36]12,25,1)([37]19,17,6)([38]26,34,6)([39]32,33,7)([40]16,21,4)([41]35,20,1)([42]24,38,6)([43]5,38,6)([44]34,4,5)([45]10,30,3)([46]27,28,0)([47]35,13,7)([48]42,3,4)([49]28,40,6)([50]43,49,3)([51]26,38,7)([52]20,9,1)([53]20,20,6)([54]51,6,5)([55]39,8,5)([56]2,15,2)([57]47,20,5)([58]29,17,3)([59]56,54,7)([60]12,37,3)([61]60,1,1)([62]16,39,2)([63]41,9,6)([64]41,8,5)([65]64,39,7)([66]48,60,2)([67]44,6,4)([68]7,50,2)([69]59,66,3)([70]7,16,3)([71]69,65,2)([72]61,59,3)([73]50,71,7)([74]20,72,7)([75]45,50,6)([76]34,69,0)([77]71,26,4)([78]9,42,0)([79]41,34,3)([80]23,36,4)([81]41,66,0)([82]15,3,3)([83]21,69,7)([84]68,47,6)([85]27,42,6)([86]41,42,7)(73)
evaluations: 45384360
first invidual area: 140.53
{7,1,80,1,2,1,8}([7]2,1,4)([8]6,2,7)([9]5,3,2)([10]7,4,3)([11]3,0,5)([12]10,11,4)([13]4,6,7)([14]9,8,7)([15]11,3,2)([16]14,10,2)([17]5,7,0)([18]0,13,5)([19]9,18,3)([20]4,18,4)([21]14,5,2)([22]19,11,3)([23]1,1,5)([24]9,16,3)([25]19,13,6)([26]5,19,0)([27]13,21,0)([28]13,4,2)([29]15,5,6)([30]29,27,6)([31]0,22,5)([32]18,7,5)([33]10,31,7)([34]16,30,6)([35]7,30,5)([36]1,27,7)([37]22,18,1)([38]36,34,6)([39]32,33,4)([40]16,19,4)([41]19,34,7)([42]24,38,6)([43]26,38,6)([44]15,1,1)([45]42,5,5)([46]35,0,4)([47]13,32,6)([48]42,3,4)([49]28,40,6)([50]43,49,3)([51]2,1,2)([52]5,7,3)([53]30,6,0)([54]52,6,5)([55]24,0,2)([56]33,54,1)([57]52,15,7)([58]8,35,5)([59]2,54,2)([60]46,20,2)([61]49,27,3)([62]36,56,2)([63]37,2,6)([64]22,13,6)([65]58,39,7)([66]40,23,1)([67]36,18,1)([68]49,47,5)([69]59,48,3)([70]53,56,5)([71]69,65,5)([72]52,62,4)([73]50,71,4)([74]41,3,1)([75]1,47,4)([76]22,53,4)([77]71,45,5)([78]70,65,4)([79]19,72,2)([80]4,41,2)([81]11,60,1)([82]62,44,0)([83]45,2,2)([84]73,21,0)([85]66,58,5)([86]73,56,3)(73)
optimized area: 111.01
time: 1071171 ms
