seed: 1633856695
{7,1,80,1,2,1,8}([7]1,3,2)([8]6,0,4)([9]5,7,4)([10]8,4,5)([11]6,1,5)([12]5,2,3)([13]1,10,4)([14]13,12,6)([15]2,5,5)([16]0,10,7)([17]10,16,2)([18]1,14,7)([19]17,15,5)([20]16,8,2)([21]3,17,2)([22]21,13,3)([23]5,3,5)([24]23,11,7)([25]19,18,7)([26]22,17,6)([27]2,22,2)([28]4,27,7)([29]28,25,5)([30]28,24,7)([31]25,28,1)([32]9,26,6)([33]20,2,2)([34]20,4,7)([35]3,31,6)([36]17,18,7)([37]30,35,3)([38]8,13,1)([39]17,29,6)([40]37,32,7)([41]6,32,4)([42]6,39,5)([43]4,23,5)([44]3,42,3)([45]2,27,4)([46]41,30,3)([47]44,46,5)([48]25,1,2)([49]6,42,2)([50]23,25,0)([51]40,48,3)([52]34,51,4)([53]12,38,7)([54]24,31,4)([55]47,52,3)([56]38,50,3)([57]55,10,5)([58]54,36,3)([59]58,47,2)([60]55,14,6)([61]59,9,4)([62]26,60,0)([63]49,38,3)([64]50,52,6)([65]57,50,0)([66]12,12,7)([67]65,37,6)([68]67,33,5)([69]44,17,6)([70]56,34,5)([71]43,18,5)([72]58,20,6)([73]21,55,3)([74]73,59,7)([75]17,66,1)([76]2,74,4)([77]67,7,4)([78]6,76,3)([79]2,38,3)([80]68,49,2)([81]46,54,0)([82]64,54,0)([83]18,22,3)([84]38,66,0)([85]26,31,3)([86]62,80,4)(76)
evaluations: 46669009
first invidual area: 145.23
{7,1,80,1,2,1,8}([7]1,3,5)([8]6,0,4)([9]7,5,7)([10]8,4,5)([11]1,6,5)([12]2,5,3)([13]1,10,4)([14]13,12,3)([15]5,2,5)([16]0,10,7)([17]16,10,2)([18]1,14,4)([19]17,15,5)([20]16,8,2)([21]3,17,2)([22]21,13,3)([23]5,3,5)([24]23,11,7)([25]19,18,7)([26]13,17,6)([27]2,22,2)([28]4,27,4)([29]28,24,5)([30]28,24,4)([31]25,0,1)([32]9,26,6)([33]28,28,0)([34]20,4,4)([35]3,31,6)([36]17,18,7)([37]30,35,3)([38]23,11,5)([39]16,33,6)([40]37,32,7)([41]6,32,4)([42]6,39,5)([43]3,35,4)([44]3,42,3)([45]21,3,5)([46]41,30,3)([47]44,46,5)([48]25,1,2)([49]18,25,6)([50]32,34,6)([51]40,48,3)([52]34,51,7)([53]51,44,2)([54]24,25,2)([55]47,52,3)([56]55,9,5)([57]16,42,6)([58]54,36,3)([59]58,47,5)([60]26,47,1)([61]41,57,4)([62]15,4,3)([63]45,7,1)([64]23,57,6)([65]35,36,3)([66]47,58,1)([67]28,11,2)([68]21,67,2)([69]46,10,6)([70]27,35,3)([71]51,26,0)([72]53,65,3)([73]21,55,3)([74]73,59,5)([75]56,71,5)([76]2,74,4)([77]71,18,0)([78]75,50,5)([79]72,7,1)([80]67,26,4)([81]16,44,5)([82]8,38,0)([83]56,50,5)([84]59,9,7)([85]80,73,6)([86]46,38,6)(76)
optimized area: 137.25
time: 535378 ms
seed: 1633943545
NOT FOUND
time: 528901 ms
seed: 1633971327
{7,1,80,1,2,1,8}([7]3,6,7)([8]5,7,5)([9]6,5,7)([10]2,6,7)([11]10,8,5)([12]0,9,4)([13]8,0,4)([14]3,1,7)([15]14,4,3)([16]4,11,4)([17]1,0,5)([18]2,5,5)([19]9,13,2)([20]9,10,2)([21]10,20,3)([22]4,19,4)([23]6,13,0)([24]23,16,3)([25]18,19,7)([26]5,23,4)([27]6,1,6)([28]14,23,7)([29]23,6,0)([30]27,2,6)([31]12,19,4)([32]16,1,7)([33]6,0,6)([34]28,31,3)([35]26,2,4)([36]15,34,4)([37]21,15,7)([38]23,18,3)([39]34,22,4)([40]5,10,4)([41]16,0,2)([42]12,36,2)([43]32,39,3)([44]41,35,2)([45]17,6,4)([46]43,26,4)([47]34,30,6)([48]22,33,4)([49]9,0,0)([50]45,46,6)([51]17,48,2)([52]32,33,4)([53]25,28,2)([54]37,42,3)([55]0,54,7)([56]35,21,5)([57]45,53,5)([58]50,54,7)([59]47,58,3)([60]57,58,2)([61]25,12,7)([62]22,38,0)([63]3,56,0)([64]34,62,4)([65]15,37,0)([66]0,11,1)([67]16,11,2)([68]40,9,5)([69]59,52,2)([70]51,12,7)([71]2,67,3)([72]31,57,0)([73]3,6,5)([74]38,23,2)([75]58,10,1)([76]53,74,4)([77]60,69,6)([78]72,75,7)([79]57,41,5)([80]5,41,5)([81]12,58,3)([82]22,12,6)([83]4,36,6)([84]50,58,5)([85]83,35,5)([86]27,39,2)(77)
evaluations: 27803639
first invidual area: 145.27
{7,1,80,1,2,1,8}([7]3,6,7)([8]5,7,5)([9]6,5,7)([10]2,6,7)([11]6,0,3)([12]9,0,4)([13]5,9,5)([14]12,8,7)([15]1,0,5)([16]1,6,6)([17]2,16,6)([18]7,16,2)([19]9,14,2)([20]10,8,5)([21]1,20,4)([22]4,19,4)([23]3,1,7)([24]23,4,6)([25]19,22,6)([26]7,1,7)([27]4,16,5)([28]24,12,0)([29]12,19,4)([30]29,26,3)([31]14,2,5)([32]21,4,7)([33]26,4,2)([34]19,28,1)([35]11,27,1)([36]30,28,7)([37]10,24,4)([38]12,36,2)([39]30,22,4)([40]39,32,3)([41]36,37,4)([42]33,9,6)([43]13,23,5)([44]12,26,3)([45]6,15,4)([46]40,9,7)([47]17,30,6)([48]38,20,6)([49]22,18,4)([50]46,45,3)([51]37,38,6)([52]33,5,0)([53]45,51,0)([54]3,3,4)([55]52,40,5)([56]29,24,3)([57]43,33,1)([58]50,51,7)([59]47,58,3)([60]55,58,2)([61]11,32,7)([62]18,1,3)([63]16,27,6)([64]12,21,5)([65]6,63,6)([66]46,21,6)([67]28,0,1)([68]27,35,1)([69]59,61,2)([70]42,5,1)([71]14,61,3)([72]7,71,1)([73]11,52,5)([74]5,70,1)([75]9,71,0)([76]54,59,4)([77]60,69,6)([78]77,52,2)([79]32,13,1)([80]79,19,4)([81]15,27,6)([82]7,45,7)([83]80,51,2)([84]64,16,4)([85]64,37,1)([86]48,31,1)(77)
optimized area: 129.34
time: 609693 ms
seed: 1633994260
NOT FOUND
time: 529353 ms
seed: 1634043117
{7,1,80,1,2,1,8}([7]5,0,3)([8]6,4,5)([9]5,0,4)([10]3,4,7)([11]2,5,7)([12]2,6,6)([13]10,12,4)([14]6,11,5)([15]4,11,2)([16]15,9,7)([17]4,2,4)([18]16,10,5)([19]6,14,7)([20]1,14,5)([21]16,17,3)([22]19,21,7)([23]20,9,7)([24]17,18,2)([25]7,13,4)([26]3,18,3)([27]7,13,0)([28]5,26,3)([29]25,22,2)([30]7,10,5)([31]8,3,2)([32]5,31,6)([33]30,23,6)([34]11,24,3)([35]20,30,0)([36]24,25,3)([37]9,2,5)([38]29,34,3)([39]11,12,3)([40]32,3,2)([41]24,1,1)([42]37,38,7)([43]35,24,3)([44]35,42,3)([45]11,14,2)([46]8,42,6)([47]0,34,2)([48]43,14,2)([49]19,38,6)([50]48,21,1)([51]25,44,4)([52]48,45,1)([53]48,1,4)([54]44,22,7)([55]21,49,6)([56]25,31,3)([57]53,21,5)([58]36,18,7)([59]32,47,5)([60]28,54,2)([61]55,34,3)([62]30,51,7)([63]57,49,6)([64]37,59,7)([65]44,48,2)([66]35,29,2)([67]31,57,3)([68]11,19,6)([69]19,34,5)([70]56,60,2)([71]22,19,3)([72]10,55,3)([73]37,11,7)([74]4,73,7)([75]57,21,0)([76]56,1,5)([77]62,67,6)([78]7,49,4)([79]37,57,6)([80]33,59,5)([81]21,67,6)([82]52,32,4)([83]70,30,4)([84]32,50,6)([85]70,77,6)([86]44,24,0)(85)
evaluations: 25135057
first invidual area: 125.55
{7,1,80,1,2,1,8}([7]0,5,3)([8]2,5,5)([9]5,0,4)([10]4,3,7)([11]5,2,7)([12]6,2,3)([13]10,12,7)([14]11,6,5)([15]14,6,5)([16]9,8,4)([17]2,4,4)([18]16,10,5)([19]13,6,4)([20]17,13,5)([21]16,17,3)([22]21,15,4)([23]18,17,2)([24]7,14,6)([25]7,13,4)([26]25,17,7)([27]25,12,0)([28]6,4,5)([29]22,27,2)([30]7,10,5)([31]28,3,2)([32]14,31,2)([33]32,31,3)([34]29,23,3)([35]4,14,0)([36]25,10,6)([37]1,14,5)([38]2,14,5)([39]2,9,5)([40]12,34,2)([41]34,11,3)([42]39,41,7)([43]30,21,0)([44]37,42,3)([45]12,26,7)([46]11,10,3)([47]38,1,5)([48]6,19,7)([49]35,1,4)([50]8,35,6)([51]25,44,7)([52]47,21,4)([53]47,14,7)([54]22,44,7)([55]7,37,5)([56]25,31,3)([57]53,21,5)([58]56,54,2)([59]27,35,1)([60]50,33,2)([61]45,45,7)([62]16,12,6)([63]34,40,7)([64]51,30,4)([65]23,58,3)([66]25,59,5)([67]31,57,3)([68]62,63,4)([69]5,30,7)([70]20,58,2)([71]59,9,1)([72]55,16,0)([73]48,63,2)([74]11,40,0)([75]71,33,3)([76]16,15,1)([77]64,67,6)([78]60,20,0)([79]49,34,5)([80]40,0,6)([81]70,77,6)([82]4,23,5)([83]71,15,1)([84]42,44,6)([85]64,72,2)([86]74,11,7)(81)
optimized area: 118.51
time: 627463 ms
seed: 1634157264
{7,1,80,1,2,1,8}([7]5,6,2)([8]0,5,3)([9]8,4,2)([10]0,8,7)([11]7,8,7)([12]7,1,7)([13]2,12,7)([14]11,7,1)([15]14,3,4)([16]4,14,2)([17]16,2,4)([18]6,9,7)([19]4,15,4)([20]4,15,6)([21]3,17,7)([22]12,20,4)([23]22,18,2)([24]12,2,2)([25]0,16,3)([26]23,17,7)([27]16,19,6)([28]26,10,7)([29]25,13,4)([30]21,8,1)([31]1,27,5)([32]31,14,7)([33]3,31,7)([34]18,24,6)([35]34,0,7)([36]32,6,5)([37]8,36,2)([38]23,26,3)([39]5,29,7)([40]12,13,5)([41]6,20,2)([42]19,38,4)([43]28,17,6)([44]2,10,4)([45]21,16,6)([46]7,5,1)([47]19,35,5)([48]2,37,4)([49]14,18,0)([50]45,47,3)([51]0,24,3)([52]34,25,6)([53]50,29,4)([54]46,1,1)([55]43,42,3)([56]18,39,7)([57]4,19,2)([58]0,9,0)([59]3,48,5)([60]43,6,5)([61]55,56,5)([62]1,11,1)([63]14,31,1)([64]37,38,4)([65]57,46,4)([66]10,45,0)([67]42,36,7)([68]34,23,7)([69]3,26,3)([70]60,61,7)([71]11,11,4)([72]60,56,2)([73]1,65,3)([74]14,30,3)([75]53,70,6)([76]45,22,6)([77]60,5,4)([78]75,64,4)([79]40,41,4)([80]1,33,2)([81]14,50,1)([82]25,41,7)([83]48,45,0)([84]12,26,6)([85]22,75,1)([86]41,39,7)(78)
evaluations: 47987232
first invidual area: 153.71
{7,1,80,1,2,1,8}([7]5,6,2)([8]0,5,3)([9]8,4,2)([10]0,8,7)([11]7,8,7)([12]7,1,7)([13]2,12,7)([14]11,7,1)([15]14,3,4)([16]9,14,2)([17]16,2,4)([18]6,9,7)([19]4,15,4)([20]19,15,6)([21]3,17,7)([22]12,20,4)([23]22,18,2)([24]12,2,2)([25]0,16,3)([26]23,17,6)([27]16,19,6)([28]26,10,7)([29]25,13,4)([30]27,20,4)([31]1,27,5)([32]31,14,7)([33]32,29,6)([34]18,24,6)([35]34,0,7)([36]32,6,5)([37]8,36,2)([38]23,26,3)([39]5,29,7)([40]35,36,4)([41]18,11,4)([42]19,38,4)([43]28,17,6)([44]34,19,1)([45]21,16,6)([46]25,40,6)([47]19,35,5)([48]23,42,0)([49]42,16,5)([50]45,47,3)([51]2,26,4)([52]32,42,1)([53]50,29,4)([54]34,28,1)([55]43,42,3)([56]18,39,7)([57]46,26,6)([58]20,43,3)([59]16,12,7)([60]43,6,5)([61]55,56,5)([62]35,20,1)([63]26,49,5)([64]37,38,4)([65]59,61,2)([66]15,20,3)([67]2,47,7)([68]37,51,5)([69]21,60,0)([70]60,61,7)([71]51,58,0)([72]66,45,1)([73]23,5,5)([74]53,0,1)([75]53,70,6)([76]72,28,1)([77]14,6,1)([78]75,64,4)([79]1,62,1)([80]47,8,2)([81]28,66,5)([82]18,4,7)([83]45,41,0)([84]64,58,1)([85]81,15,0)([86]45,5,4)(78)
optimized area: 151.36
time: 529545 ms
seed: 1634204582
{7,1,80,1,2,1,8}([7]5,4,6)([8]6,2,7)([9]7,0,4)([10]8,7,7)([11]1,9,6)([12]3,2,4)([13]7,11,4)([14]3,0,7)([15]12,4,6)([16]8,14,3)([17]15,2,7)([18]5,8,3)([19]3,14,5)([20]19,17,4)([21]10,17,5)([22]1,20,2)([23]20,18,3)([24]10,11,4)([25]14,4,6)([26]24,25,3)([27]25,13,5)([28]7,22,6)([29]21,22,4)([30]23,1,3)([31]9,8,5)([32]29,28,2)([33]32,9,3)([34]5,15,4)([35]27,26,4)([36]33,34,2)([37]28,24,3)([38]18,5,4)([39]15,24,2)([40]32,39,3)([41]20,35,2)([42]26,41,4)([43]3,20,4)([44]27,40,4)([45]20,20,6)([46]30,4,2)([47]41,11,3)([48]38,43,4)([49]39,46,7)([50]36,47,5)([51]35,9,6)([52]50,24,7)([53]9,23,4)([54]13,30,1)([55]46,35,6)([56]29,36,7)([57]53,55,7)([58]16,26,4)([59]56,57,5)([60]23,16,5)([61]0,38,1)([62]13,13,5)([63]41,38,2)([64]3,15,2)([65]3,54,4)([66]42,58,7)([67]51,38,6)([68]34,16,6)([69]43,5,4)([70]64,4,5)([71]59,44,5)([72]26,12,4)([73]28,48,2)([74]73,52,2)([75]71,74,4)([76]74,74,5)([77]16,11,1)([78]61,38,0)([79]36,18,2)([80]78,68,5)([81]63,28,6)([82]45,62,6)([83]32,11,2)([84]11,0,5)([85]24,73,2)([86]4,22,7)(75)
evaluations: 16483843
first invidual area: 158.85
{7,1,80,1,2,1,8}([7]5,4,6)([8]2,6,4)([9]0,7,4)([10]7,8,4)([11]1,9,6)([12]3,2,4)([13]8,5,6)([14]3,0,7)([15]12,4,6)([16]2,0,7)([17]15,2,7)([18]3,14,5)([19]11,7,4)([20]17,18,4)([21]10,17,5)([22]1,20,2)([23]8,17,7)([24]10,11,4)([25]4,14,6)([26]24,2,0)([27]25,19,5)([28]7,22,6)([29]2,17,0)([30]3,1,3)([31]26,25,3)([32]21,28,2)([33]9,32,3)([34]5,15,4)([35]27,31,5)([36]34,33,2)([37]13,9,1)([38]21,22,7)([39]26,15,2)([40]39,32,3)([41]35,20,2)([42]20,5,3)([43]13,20,4)([44]27,40,4)([45]44,0,0)([46]13,45,0)([47]19,41,3)([48]43,3,4)([49]30,4,2)([50]36,47,5)([51]10,7,4)([52]50,26,7)([53]9,42,4)([54]15,39,3)([55]49,35,3)([56]36,38,4)([57]53,55,4)([58]48,56,7)([59]56,57,5)([60]16,18,5)([61]43,0,4)([62]14,7,2)([63]52,31,2)([64]42,22,5)([65]38,52,4)([66]16,65,6)([67]22,54,0)([68]21,53,0)([69]1,58,7)([70]0,31,2)([71]45,59,5)([72]24,27,2)([73]28,48,2)([74]73,52,5)([75]71,74,7)([76]2,73,6)([77]31,51,1)([78]12,35,6)([79]19,14,6)([80]79,31,2)([81]71,35,2)([82]38,3,3)([83]62,38,7)([84]15,38,7)([85]18,52,0)([86]30,77,7)(75)
optimized area: 150.87
time: 741438 ms
seed: 1634253576
NOT FOUND
time: 533704 ms
seed: 1634301684
{7,1,80,1,2,1,8}([7]2,3,6)([8]2,4,6)([9]5,1,1)([10]2,6,4)([11]9,1,3)([12]1,11,1)([13]4,3,6)([14]13,12,7)([15]11,0,4)([16]6,7,3)([17]5,3,5)([18]2,4,7)([19]3,8,7)([20]15,8,7)([21]4,20,6)([22]11,16,2)([23]1,8,6)([24]2,15,4)([25]2,1,6)([26]2,14,5)([27]12,17,4)([28]21,26,2)([29]2,7,2)([30]27,10,4)([31]23,17,2)([32]27,18,3)([33]5,21,3)([34]2,11,4)([35]22,28,3)([36]34,35,5)([37]17,30,4)([38]2,0,7)([39]24,21,4)([40]35,10,7)([41]27,13,6)([42]30,25,3)([43]31,39,7)([44]28,11,2)([45]0,41,5)([46]45,36,2)([47]19,42,6)([48]32,30,4)([49]13,33,2)([50]16,32,7)([51]46,49,6)([52]35,50,6)([53]33,47,4)([54]51,50,5)([55]30,9,7)([56]3,47,5)([57]32,35,3)([58]46,7,1)([59]40,54,4)([60]51,35,2)([61]53,43,3)([62]3,47,2)([63]35,43,1)([64]24,24,5)([65]50,42,6)([66]44,40,1)([67]36,29,5)([68]30,58,5)([69]51,29,2)([70]6,40,1)([71]51,42,0)([72]51,54,5)([73]60,6,5)([74]42,33,2)([75]15,58,2)([76]55,30,1)([77]43,76,2)([78]32,51,3)([79]34,75,6)([80]50,50,6)([81]38,35,1)([82]61,59,5)([83]62,15,1)([84]47,16,2)([85]53,57,7)([86]54,67,5)(82)
evaluations: 32788424
first invidual area: 138.20
{7,1,80,1,2,1,8}([7]5,2,1)([8]2,4,6)([9]4,3,6)([10]6,2,4)([11]7,1,3)([12]10,3,6)([13]3,5,5)([14]9,1,4)([15]11,0,7)([16]6,12,3)([17]8,1,6)([18]2,4,7)([19]2,11,4)([20]15,2,7)([21]20,4,6)([22]11,16,2)([23]11,17,5)([24]13,23,0)([25]1,2,6)([26]14,2,5)([27]1,13,7)([28]21,26,2)([29]8,1,1)([30]27,10,4)([31]27,0,0)([32]31,18,6)([33]5,21,3)([34]21,24,5)([35]22,28,3)([36]19,35,5)([37]31,9,1)([38]3,22,5)([39]20,21,6)([40]35,10,7)([41]8,3,7)([42]30,25,3)([43]23,39,7)([44]10,16,2)([45]0,37,5)([46]45,36,2)([47]41,42,3)([48]10,9,5)([49]9,42,2)([50]16,32,4)([51]46,49,6)([52]47,32,4)([53]33,47,7)([54]51,50,5)([55]22,22,1)([56]9,48,0)([57]26,51,0)([58]56,29,2)([59]40,54,4)([60]3,4,3)([61]53,43,3)([62]38,23,4)([63]13,35,0)([64]40,2,3)([65]59,61,5)([66]0,16,4)([67]51,16,3)([68]14,23,7)([69]64,56,0)([70]9,10,1)([71]45,3,2)([72]58,6,2)([73]28,60,2)([74]61,37,0)([75]29,53,0)([76]47,48,0)([77]18,38,1)([78]75,63,7)([79]29,48,2)([80]48,41,4)([81]15,65,4)([82]73,59,5)([83]63,44,0)([84]67,70,6)([85]75,50,4)([86]38,23,4)(65)
optimized area: 128.35
time: 586038 ms
seed: 1634342218
NOT FOUND
time: 527675 ms
seed: 1634391110
{7,1,80,1,2,1,8}([7]0,4,5)([8]2,1,3)([9]5,3,4)([10]4,1,7)([11]10,4,7)([12]2,4,2)([13]10,2,0)([14]8,2,3)([15]1,3,7)([16]15,2,7)([17]2,8,3)([18]6,8,6)([19]13,3,3)([20]0,12,4)([21]15,17,5)([22]16,9,6)([23]7,20,2)([24]21,1,2)([25]6,10,7)([26]5,13,4)([27]0,5,4)([28]16,19,1)([29]14,15,2)([30]12,11,3)([31]4,21,2)([32]0,27,3)([33]29,2,4)([34]24,33,1)([35]6,16,1)([36]27,5,4)([37]26,6,6)([38]30,35,7)([39]27,25,3)([40]10,36,6)([41]19,5,7)([42]33,6,7)([43]32,22,4)([44]16,31,4)([45]32,31,2)([46]21,1,4)([47]41,2,4)([48]27,7,4)([49]15,0,4)([50]8,36,1)([51]31,42,7)([52]51,16,3)([53]22,35,7)([54]23,25,5)([55]42,26,2)([56]2,38,4)([57]42,41,7)([58]41,49,3)([59]26,49,5)([60]14,54,7)([61]45,47,7)([62]24,31,6)([63]21,29,1)([64]21,39,3)([65]48,34,5)([66]60,65,6)([67]62,5,7)([68]55,43,6)([69]61,27,6)([70]12,11,7)([71]53,69,2)([72]16,22,1)([73]51,54,2)([74]39,60,0)([75]66,68,3)([76]25,66,5)([77]54,32,1)([78]52,52,2)([79]73,75,6)([80]79,71,6)([81]47,15,7)([82]68,80,5)([83]77,72,5)([84]80,17,4)([85]48,10,4)([86]22,20,2)(80)
evaluations: 33457552
first invidual area: 143.84
{7,1,80,1,2,1,8}([7]0,4,5)([8]2,1,3)([9]3,5,4)([10]1,4,7)([11]0,4,7)([12]1,7,2)([13]4,2,2)([14]5,10,4)([15]1,3,7)([16]2,15,7)([17]0,5,6)([18]10,3,6)([19]13,0,3)([20]13,11,0)([21]8,15,5)([22]16,9,6)([23]7,19,2)([24]22,6,4)([25]12,0,2)([26]20,11,1)([27]0,5,4)([28]13,17,0)([29]18,15,0)([30]27,22,7)([31]21,4,2)([32]7,14,7)([33]21,6,4)([34]0,18,7)([35]19,34,5)([36]10,4,2)([37]31,22,0)([38]16,33,1)([39]17,22,7)([40]34,34,2)([41]24,7,4)([42]2,33,4)([43]18,38,3)([44]1,40,5)([45]19,37,5)([46]33,41,1)([47]2,40,4)([48]27,7,5)([49]37,36,6)([50]6,10,7)([51]31,42,7)([52]44,48,5)([53]18,34,5)([54]23,50,5)([55]26,5,5)([56]7,46,7)([57]3,39,7)([58]57,12,4)([59]20,34,2)([60]8,54,2)([61]45,47,2)([62]44,25,6)([63]9,61,2)([64]42,14,2)([65]6,17,5)([66]60,52,6)([67]34,61,0)([68]64,39,6)([69]27,61,6)([70]19,17,1)([71]24,69,2)([72]1,50,7)([73]51,54,2)([74]58,41,2)([75]66,68,3)([76]32,44,7)([77]0,60,6)([78]18,34,6)([79]73,75,6)([80]79,71,6)([81]55,3,0)([82]76,33,1)([83]73,6,1)([84]52,73,0)([85]67,75,3)([86]83,67,1)(80)
optimized area: 123.21
time: 565532 ms
seed: 1634440106
{7,1,80,1,2,1,8}([7]4,3,3)([8]1,0,7)([9]6,5,7)([10]4,6,6)([11]9,4,2)([12]0,3,4)([13]9,12,2)([14]0,8,0)([15]8,1,6)([16]11,1,7)([17]15,2,7)([18]8,10,5)([19]9,0,2)([20]7,19,7)([21]6,15,0)([22]11,7,4)([23]5,4,6)([24]21,22,3)([25]14,23,6)([26]12,1,6)([27]17,4,2)([28]21,20,2)([29]3,9,7)([30]21,22,5)([31]27,30,4)([32]2,29,3)([33]31,0,1)([34]17,4,4)([35]30,17,4)([36]7,32,7)([37]34,21,7)([38]16,32,0)([39]15,17,1)([40]29,25,5)([41]3,6,5)([42]8,9,3)([43]16,33,6)([44]43,36,4)([45]22,39,6)([46]14,43,3)([47]4,18,5)([48]29,13,3)([49]37,36,3)([50]13,8,5)([51]6,26,7)([52]10,45,6)([53]15,33,0)([54]42,17,4)([55]51,15,0)([56]29,44,2)([57]35,49,3)([58]56,51,2)([59]18,35,4)([60]16,58,3)([61]6,44,2)([62]16,55,3)([63]33,40,4)([64]50,9,4)([65]64,28,4)([66]57,60,5)([67]19,66,3)([68]63,65,5)([69]47,66,1)([70]13,12,0)([71]49,14,0)([72]68,54,5)([73]54,57,4)([74]9,5,2)([75]53,8,2)([76]43,2,2)([77]43,59,2)([78]9,34,4)([79]68,53,1)([80]77,72,7)([81]9,3,5)([82]13,64,5)([83]80,66,7)([84]22,31,6)([85]23,84,4)([86]62,59,1)(83)
evaluations: 45458657
first invidual area: 164.47
{7,1,80,1,2,1,8}([7]4,3,3)([8]1,0,7)([9]6,5,7)([10]6,4,6)([11]9,4,2)([12]8,10,0)([13]8,12,4)([14]13,2,6)([15]8,1,6)([16]11,1,7)([17]15,2,7)([18]12,10,5)([19]5,0,2)([20]7,19,7)([21]3,1,4)([22]11,7,4)([23]18,20,6)([24]18,10,5)([25]0,23,6)([26]4,20,0)([27]17,4,2)([28]6,20,5)([29]3,9,7)([30]6,22,5)([31]27,30,4)([32]2,29,6)([33]31,17,1)([34]6,4,4)([35]30,17,4)([36]7,32,4)([37]34,30,7)([38]37,10,5)([39]21,2,2)([40]29,25,5)([41]17,0,0)([42]8,9,6)([43]16,33,6)([44]31,36,5)([45]7,14,1)([46]38,27,3)([47]8,8,1)([48]24,34,6)([49]37,36,3)([50]21,12,5)([51]6,15,4)([52]14,16,5)([53]17,29,0)([54]42,41,7)([55]9,33,2)([56]29,44,5)([57]35,49,3)([58]56,51,6)([59]18,35,4)([60]16,58,3)([61]16,1,3)([62]32,24,3)([63]33,40,4)([64]50,9,5)([65]64,28,7)([66]57,60,5)([67]53,50,3)([68]63,65,5)([69]11,42,6)([70]19,65,6)([71]25,22,0)([72]68,54,5)([73]24,40,6)([74]0,6,7)([75]36,46,7)([76]49,43,3)([77]43,59,5)([78]71,25,6)([79]31,12,7)([80]77,72,7)([81]60,46,6)([82]32,75,3)([83]80,66,4)([84]19,37,2)([85]34,21,1)([86]46,51,4)(83)
optimized area: 152.74
time: 534596 ms
seed: 1634500403
NOT FOUND
time: 518895 ms
seed: 1634599643
NOT FOUND
time: 528067 ms
seed: 1634648328
{7,1,80,1,2,1,8}([7]3,2,1)([8]1,5,3)([9]0,3,4)([10]8,1,4)([11]5,7,2)([12]10,0,3)([13]2,12,4)([14]12,4,1)([15]4,11,6)([16]6,9,6)([17]9,10,3)([18]5,14,4)([19]6,15,3)([20]10,7,7)([21]9,19,4)([22]20,18,2)([23]22,21,7)([24]17,2,3)([25]5,8,5)([26]23,6,4)([27]22,13,3)([28]8,4,5)([29]8,27,7)([30]14,21,1)([31]30,6,2)([32]27,14,3)([33]4,12,2)([34]2,26,6)([35]34,14,2)([36]24,28,4)([37]21,25,2)([38]11,29,4)([39]33,36,4)([40]16,27,3)([41]40,39,6)([42]37,41,3)([43]26,36,3)([44]13,43,5)([45]31,22,1)([46]23,41,2)([47]1,20,2)([48]30,28,6)([49]48,19,6)([50]44,49,7)([51]14,15,5)([52]42,15,1)([53]8,15,6)([54]35,50,4)([55]29,51,7)([56]44,49,2)([57]23,28,6)([58]20,15,4)([59]48,57,0)([60]51,36,4)([61]28,6,7)([62]14,28,3)([63]58,12,3)([64]52,38,3)([65]41,50,3)([66]14,64,2)([67]57,19,2)([68]54,53,4)([69]24,57,0)([70]68,28,2)([71]46,12,6)([72]67,65,3)([73]11,13,1)([74]20,53,5)([75]70,64,3)([76]11,61,3)([77]1,33,1)([78]12,59,1)([79]60,35,3)([80]9,75,4)([81]5,1,6)([82]75,72,4)([83]63,53,4)([84]56,26,1)([85]9,77,4)([86]45,39,7)(82)
evaluations: 16981209
first invidual area: 151.77
{7,1,80,1,2,1,8}([7]3,3,1)([8]5,1,3)([9]0,7,7)([10]1,8,4)([11]5,7,2)([12]10,0,3)([13]12,2,4)([14]11,4,6)([15]7,10,7)([16]6,9,6)([17]2,10,3)([18]5,12,7)([19]14,6,3)([20]12,15,2)([21]19,9,4)([22]15,18,2)([23]22,21,4)([24]17,9,3)([25]4,24,5)([26]23,6,7)([27]13,22,3)([28]4,8,5)([29]27,8,7)([30]17,26,6)([31]13,21,1)([32]11,29,3)([33]6,9,2)([34]27,16,3)([35]10,20,1)([36]24,28,4)([37]35,21,2)([38]14,21,3)([39]25,36,7)([40]38,32,0)([41]34,39,6)([42]37,41,6)([43]26,36,3)([44]13,43,5)([45]15,30,6)([46]5,42,5)([47]32,42,3)([48]28,12,6)([49]19,48,3)([50]49,44,4)([51]10,18,4)([52]47,22,2)([53]1,37,4)([54]30,50,3)([55]11,53,5)([56]25,3,4)([57]38,8,6)([58]23,26,7)([59]36,33,2)([60]27,34,5)([61]31,26,1)([62]11,38,0)([63]17,55,5)([64]51,55,2)([65]59,50,3)([66]9,16,7)([67]59,13,7)([68]54,14,7)([69]19,52,3)([70]68,28,2)([71]65,9,4)([72]65,41,6)([73]31,52,6)([74]46,70,4)([75]70,47,3)([76]18,72,1)([77]19,1,2)([78]36,47,1)([79]74,41,2)([80]70,21,2)([81]75,21,2)([82]75,72,7)([83]6,41,4)([84]75,36,5)([85]1,62,3)([86]73,27,6)(82)
optimized area: 137.25
time: 729721 ms
seed: 1634701045
{7,1,80,1,2,1,8}([7]5,0,3)([8]7,6,5)([9]3,6,2)([10]2,3,7)([11]0,6,6)([12]1,2,6)([13]12,10,3)([14]1,4,4)([15]0,7,7)([16]14,6,5)([17]4,9,4)([18]9,11,4)([19]3,5,1)([20]12,0,7)([21]14,5,6)([22]20,7,5)([23]13,6,3)([24]13,17,4)([25]6,3,6)([26]14,15,6)([27]1,23,4)([28]21,9,3)([29]28,20,4)([30]14,24,6)([31]29,27,2)([32]8,13,4)([33]3,18,5)([34]2,8,7)([35]17,6,3)([36]14,25,5)([37]32,34,5)([38]37,5,4)([39]36,7,6)([40]9,36,0)([41]26,21,1)([42]33,26,6)([43]42,31,3)([44]25,27,1)([45]35,25,6)([46]43,38,4)([47]12,24,1)([48]35,46,6)([49]14,23,6)([50]24,26,2)([51]7,28,0)([52]30,5,4)([53]2,17,6)([54]25,20,3)([55]36,52,4)([56]53,39,4)([57]49,8,7)([58]52,57,5)([59]7,30,7)([60]58,46,7)([61]2,1,1)([62]31,39,3)([63]61,19,7)([64]56,48,3)([65]34,64,7)([66]27,15,3)([67]65,31,3)([68]19,43,3)([69]58,46,3)([70]49,21,4)([71]3,34,7)([72]34,22,7)([73]3,36,6)([74]47,11,5)([75]71,18,2)([76]69,29,5)([77]39,2,7)([78]69,67,2)([79]67,58,7)([80]19,69,2)([81]8,3,1)([82]57,5,2)([83]48,66,5)([84]13,44,7)([85]72,19,3)([86]16,12,0)(78)
evaluations: 25956571
first invidual area: 142.90
{7,1,80,1,2,1,8}([7]5,0,3)([8]6,7,5)([9]6,3,2)([10]3,2,7)([11]6,7,6)([12]2,1,6)([13]12,10,3)([14]1,4,4)([15]6,13,7)([16]4,1,5)([17]4,9,4)([18]13,17,4)([19]16,0,6)([20]12,0,7)([21]5,14,6)([22]11,14,5)([23]6,13,3)([24]8,0,5)([25]14,10,2)([26]20,17,2)([27]23,1,4)([28]21,9,6)([29]20,28,7)([30]20,18,7)([31]29,27,2)([32]17,6,3)([33]3,24,5)([34]2,8,7)([35]33,34,3)([36]22,31,0)([37]15,34,5)([38]37,5,4)([39]3,36,6)([40]5,36,0)([41]13,14,3)([42]33,19,6)([43]42,31,3)([44]13,8,7)([45]26,26,3)([46]43,38,4)([47]14,18,6)([48]32,46,6)([49]18,33,2)([50]46,0,2)([51]3,35,7)([52]47,40,4)([53]2,17,6)([54]23,25,5)([55]5,11,4)([56]39,53,4)([57]41,8,5)([58]52,57,5)([59]58,46,3)([60]30,51,2)([61]46,30,5)([62]46,52,4)([63]40,47,0)([64]56,48,6)([65]34,64,4)([66]12,23,7)([67]65,31,3)([68]56,11,0)([69]44,21,3)([70]45,30,6)([71]41,1,5)([72]15,26,6)([73]36,18,3)([74]4,36,0)([75]35,45,7)([76]69,56,6)([77]64,74,4)([78]59,67,2)([79]43,4,3)([80]3,70,3)([81]14,70,4)([82]45,59,7)([83]78,69,1)([84]3,5,0)([85]71,23,2)([86]19,54,3)(78)
optimized area: 132.10
time: 963454 ms
seed: 1634778500
NOT FOUND
time: 994599 ms
seed: 1634843757
{7,1,80,1,2,1,8}([7]2,6,3)([8]0,4,7)([9]4,2,7)([10]6,3,2)([11]3,1,5)([12]8,9,2)([13]12,1,7)([14]0,5,3)([15]11,13,7)([16]11,5,4)([17]6,12,3)([18]2,15,6)([19]7,15,2)([20]19,11,4)([21]4,18,7)([22]20,2,2)([23]22,7,4)([24]20,21,2)([25]16,12,7)([26]24,0,2)([27]14,10,7)([28]14,9,3)([29]27,27,7)([30]2,3,7)([31]9,27,2)([32]6,1,7)([33]30,31,6)([34]26,17,7)([35]31,25,3)([36]4,19,3)([37]1,16,2)([38]1,36,0)([39]18,30,4)([40]0,37,5)([41]6,36,4)([42]20,28,2)([43]33,42,3)([44]43,41,2)([45]15,6,6)([46]17,19,1)([47]44,40,5)([48]40,45,1)([49]23,0,6)([50]49,26,3)([51]35,50,4)([52]51,34,3)([53]23,25,5)([54]27,1,2)([55]40,4,6)([56]5,35,7)([57]25,31,0)([58]45,53,0)([59]49,21,0)([60]51,7,0)([61]0,32,7)([62]36,45,5)([63]62,52,5)([64]49,15,3)([65]11,1,2)([66]47,36,1)([67]0,17,5)([68]66,63,3)([69]41,60,2)([70]67,27,7)([71]59,68,4)([72]0,31,4)([73]71,68,2)([74]5,0,5)([75]2,68,4)([76]25,13,1)([77]25,27,1)([78]15,20,5)([79]58,5,5)([80]20,20,3)([81]68,67,2)([82]77,71,3)([83]55,28,0)([84]36,18,1)([85]67,9,5)([86]11,58,3)(75)
evaluations: 13053924
first invidual area: 137.26
{7,1,80,1,2,1,8}([7]6,2,3)([8]0,2,7)([9]4,2,7)([10]3,7,5)([11]1,3,5)([12]9,8,2)([13]11,1,5)([14]0,5,3)([15]12,13,4)([16]11,5,4)([17]13,8,3)([18]10,4,7)([19]7,15,2)([20]19,11,4)([21]4,17,4)([22]6,12,6)([23]20,9,5)([24]21,20,2)([25]12,16,7)([26]0,24,5)([27]10,14,4)([28]4,19,6)([29]28,15,6)([30]3,7,7)([31]27,9,2)([32]23,30,2)([33]32,31,6)([34]26,22,7)([35]31,25,6)([36]28,35,2)([37]1,16,2)([38]12,12,1)([39]4,26,3)([40]37,0,5)([41]6,28,7)([42]20,14,2)([43]33,42,3)([44]43,40,2)([45]40,38,5)([46]45,45,4)([47]40,38,5)([48]11,22,4)([49]11,32,6)([50]49,24,6)([51]50,35,4)([52]20,24,2)([53]42,38,3)([54]46,26,6)([55]51,34,3)([56]46,15,3)([57]1,36,2)([58]23,57,7)([59]29,31,0)([60]54,38,6)([61]57,24,2)([62]41,59,5)([63]62,55,5)([64]60,11,0)([65]37,57,4)([66]41,44,2)([67]26,49,3)([68]66,63,3)([69]12,8,1)([70]3,5,7)([71]22,67,3)([72]2,23,0)([73]25,44,3)([74]7,2,5)([75]56,46,0)([76]36,70,4)([77]56,23,2)([78]76,21,4)([79]46,24,6)([80]71,16,1)([81]68,72,4)([82]29,1,4)([83]7,25,5)([84]69,34,7)([85]57,52,4)([86]56,19,7)(81)
optimized area: 127.41
time: 1222297 ms
seed: 1635098382
NOT FOUND
time: 988080 ms
seed: 1635126469
NOT FOUND
time: 533875 ms
seed: 1635175437
{7,1,80,1,2,1,8}([7]0,2,4)([8]1,6,4)([9]1,4,6)([10]3,8,4)([11]5,1,3)([12]11,2,7)([13]8,4,5)([14]6,9,6)([15]10,13,2)([16]11,9,2)([17]12,11,2)([18]8,6,3)([19]18,11,5)([20]18,7,4)([21]5,20,3)([22]1,21,3)([23]14,12,7)([24]7,23,3)([25]12,20,2)([26]2,12,3)([27]16,24,7)([28]15,14,4)([29]22,17,7)([30]2,18,0)([31]15,25,7)([32]31,5,4)([33]25,26,5)([34]20,27,5)([35]3,21,4)([36]32,21,5)([37]28,34,0)([38]3,23,4)([39]32,35,6)([40]1,5,0)([41]35,36,5)([42]39,18,0)([43]20,27,7)([44]38,14,6)([45]40,15,4)([46]26,44,5)([47]39,40,5)([48]29,4,7)([49]46,25,4)([50]47,46,7)([51]49,48,7)([52]51,31,3)([53]47,8,0)([54]4,33,1)([55]32,41,5)([56]45,39,1)([57]5,5,3)([58]52,37,7)([59]35,45,2)([60]36,27,7)([61]39,52,2)([62]4,19,7)([63]10,60,3)([64]21,26,7)([65]60,58,3)([66]63,50,3)([67]35,47,2)([68]4,35,7)([69]61,33,2)([70]26,34,4)([71]45,41,6)([72]23,20,7)([73]47,34,2)([74]38,66,4)([75]0,51,4)([76]48,73,5)([77]76,65,7)([78]14,1,0)([79]60,7,3)([80]40,5,4)([81]66,77,2)([82]78,58,4)([83]26,18,0)([84]18,16,2)([85]75,84,5)([86]85,84,1)(81)
evaluations: 34654611
first invidual area: 151.82
{7,1,80,1,2,1,8}([7]0,2,4)([8]6,1,4)([9]1,4,6)([10]8,3,4)([11]5,1,3)([12]2,11,7)([13]4,8,5)([14]6,9,6)([15]10,13,2)([16]2,12,2)([17]11,9,5)([18]1,8,3)([19]2,10,7)([20]18,7,4)([21]5,20,3)([22]11,21,6)([23]12,14,7)([24]7,23,6)([25]12,20,5)([26]3,11,5)([27]17,24,7)([28]15,14,7)([29]22,16,3)([30]20,4,3)([31]25,15,4)([32]31,5,4)([33]23,3,4)([34]32,21,5)([35]3,21,4)([36]12,11,2)([37]27,34,7)([38]36,19,7)([39]32,35,6)([40]25,17,0)([41]16,19,2)([42]27,12,1)([43]40,12,2)([44]33,14,6)([45]27,20,5)([46]26,44,5)([47]39,1,5)([48]29,4,7)([49]25,46,7)([50]47,46,2)([51]49,48,7)([52]51,31,6)([53]13,28,0)([54]24,0,7)([55]5,49,2)([56]55,10,2)([57]49,25,4)([58]52,28,7)([59]39,54,7)([60]34,27,7)([61]25,29,5)([62]59,4,1)([63]10,50,3)([64]49,63,4)([65]60,58,3)([66]63,60,3)([67]28,56,0)([68]50,34,4)([69]40,65,2)([70]7,22,1)([71]45,39,4)([72]6,49,1)([73]47,45,2)([74]67,35,6)([75]44,14,0)([76]48,73,5)([77]76,65,7)([78]60,45,3)([79]31,13,1)([80]66,6,1)([81]67,10,0)([82]60,10,1)([83]36,35,0)([84]24,51,0)([85]22,29,7)([86]66,77,2)(86)
optimized area: 145.71
time: 644384 ms
seed: 1635296739
NOT FOUND
time: 1012371 ms
seed: 1635454368
NOT FOUND
time: 992654 ms
seed: 1635561536
NOT FOUND
time: 972217 ms
seed: 1635606989
NOT FOUND
time: 1065382 ms
seed: 1635654683
{7,1,80,1,2,1,8}([7]1,5,2)([8]7,0,4)([9]6,8,2)([10]0,2,4)([11]8,6,7)([12]3,5,7)([13]6,0,3)([14]2,1,2)([15]12,11,7)([16]5,7,4)([17]2,1,3)([18]17,3,3)([19]15,2,4)([20]11,13,1)([21]13,0,0)([22]4,1,5)([23]18,21,7)([24]23,14,4)([25]24,3,6)([26]25,22,7)([27]26,12,3)([28]23,10,7)([29]10,11,6)([30]3,12,6)([31]4,9,7)([32]24,31,6)([33]27,31,7)([34]11,15,2)([35]11,31,7)([36]20,32,0)([37]26,14,7)([38]37,33,6)([39]35,16,3)([40]35,6,5)([41]28,11,0)([42]33,39,2)([43]9,41,6)([44]28,42,5)([45]37,2,1)([46]22,6,5)([47]5,2,4)([48]44,30,4)([49]25,27,1)([50]15,24,7)([51]22,34,2)([52]50,16,7)([53]43,10,4)([54]35,32,4)([55]39,17,6)([56]43,52,5)([57]48,39,6)([58]45,54,6)([59]29,56,2)([60]55,51,6)([61]44,4,0)([62]26,55,1)([63]50,47,3)([64]50,16,7)([65]58,47,1)([66]30,57,2)([67]59,54,7)([68]47,2,6)([69]60,17,7)([70]45,23,7)([71]38,56,3)([72]47,69,3)([73]67,48,4)([74]15,67,3)([75]73,71,5)([76]59,42,4)([77]25,29,0)([78]58,47,6)([79]52,23,1)([80]57,9,4)([81]15,54,7)([82]81,51,0)([83]75,72,5)([84]3,54,1)([85]27,40,4)([86]82,82,5)(83)
evaluations: 14793571
first invidual area: 164.01
{7,1,80,1,2,1,8}([7]1,5,2)([8]7,0,4)([9]8,6,2)([10]0,2,4)([11]6,8,7)([12]3,5,7)([13]0,6,6)([14]7,7,1)([15]11,12,7)([16]14,5,2)([17]2,1,3)([18]17,3,6)([19]2,1,5)([20]15,12,2)([21]8,8,3)([22]4,1,5)([23]13,18,7)([24]19,23,7)([25]24,3,6)([26]25,22,7)([27]26,12,6)([28]10,23,7)([29]10,11,6)([30]3,12,6)([31]9,4,7)([32]28,9,6)([33]31,27,4)([34]5,21,3)([35]11,31,7)([36]33,30,5)([37]35,16,3)([38]5,20,1)([39]12,22,4)([40]13,37,3)([41]22,20,2)([42]33,37,2)([43]5,17,6)([44]28,42,5)([45]30,44,7)([46]41,7,2)([47]35,18,2)([48]31,24,3)([49]32,21,0)([50]16,24,7)([51]42,19,6)([52]50,15,7)([53]5,2,4)([54]17,37,6)([55]11,31,0)([56]52,49,5)([57]32,12,2)([58]56,0,6)([59]56,29,5)([60]54,41,6)([61]11,23,1)([62]34,33,6)([63]52,50,0)([64]18,7,4)([65]1,56,3)([66]45,48,7)([67]59,66,4)([68]32,13,6)([69]60,17,7)([70]25,47,2)([71]62,56,3)([72]53,69,3)([73]67,35,7)([74]50,43,7)([75]71,73,5)([76]16,61,3)([77]17,36,7)([78]74,37,6)([79]46,13,4)([80]76,27,3)([81]40,61,7)([82]45,78,0)([83]72,75,5)([84]43,11,1)([85]51,15,5)([86]79,74,5)(83)
optimized area: 159.77
time: 1421484 ms
seed: 1635702483
NOT FOUND
time: 1076667 ms
seed: 1635749714
{7,1,80,1,2,1,8}([7]4,1,7)([8]6,0,7)([9]1,3,5)([10]2,1,2)([11]4,8,4)([12]5,6,7)([13]12,4,7)([14]3,4,6)([15]1,8,3)([16]10,6,7)([17]11,0,5)([18]12,6,6)([19]1,3,7)([20]0,15,2)([21]17,9,2)([22]20,4,7)([23]9,6,7)([24]16,12,4)([25]21,24,7)([26]10,11,2)([27]24,19,5)([28]13,24,4)([29]7,27,6)([30]2,20,7)([31]25,1,6)([32]17,8,5)([33]19,30,0)([34]27,14,3)([35]22,34,5)([36]8,20,0)([37]6,21,2)([38]33,21,0)([39]8,17,0)([40]30,30,3)([41]5,10,4)([42]31,15,4)([43]30,33,4)([44]11,25,7)([45]35,22,7)([46]41,42,6)([47]32,6,4)([48]38,4,5)([49]43,0,3)([50]14,37,6)([51]49,14,4)([52]9,24,7)([53]40,35,4)([54]49,46,7)([55]48,2,4)([56]16,45,3)([57]39,44,4)([58]44,45,6)([59]22,21,3)([60]16,53,4)([61]54,39,5)([62]21,1,6)([63]35,31,4)([64]51,63,6)([65]55,18,0)([66]64,60,7)([67]6,57,5)([68]39,54,1)([69]61,66,5)([70]46,53,7)([71]37,11,7)([72]56,50,7)([73]30,58,2)([74]8,6,4)([75]15,63,2)([76]72,69,2)([77]68,33,2)([78]56,55,6)([79]64,66,5)([80]73,79,6)([81]44,58,3)([82]63,31,1)([83]73,76,3)([84]83,80,0)([85]52,25,0)([86]6,36,3)(84)
evaluations: 26461939
first invidual area: 149.49
{7,1,80,1,2,1,8}([7]3,1,5)([8]0,6,7)([9]3,6,5)([10]1,2,5)([11]4,8,4)([12]1,3,0)([13]8,12,3)([14]4,3,6)([15]8,10,6)([16]6,10,4)([17]6,0,2)([18]0,11,5)([19]3,1,7)([20]0,13,2)([21]18,7,2)([22]4,20,7)([23]21,6,2)([24]5,10,7)([25]21,24,7)([26]3,20,7)([27]24,19,5)([28]11,25,7)([29]17,2,4)([30]2,20,7)([31]25,12,6)([32]29,28,2)([33]14,23,3)([34]14,27,3)([35]22,34,5)([36]1,26,1)([37]12,26,1)([38]31,21,5)([39]4,34,7)([40]14,19,1)([41]35,31,4)([42]0,1,6)([43]19,30,4)([44]18,37,3)([45]35,22,2)([46]24,21,6)([47]20,5,1)([48]45,28,6)([49]0,43,3)([50]44,17,2)([51]48,22,2)([52]14,7,6)([53]16,35,4)([54]38,49,4)([55]23,2,1)([56]16,45,3)([57]40,49,2)([58]29,23,2)([59]38,6,3)([60]30,53,7)([61]8,54,5)([62]50,2,1)([63]30,22,0)([64]57,41,3)([65]45,28,5)([66]64,60,7)([67]15,61,7)([68]54,14,3)([69]61,66,5)([70]18,48,2)([71]31,68,7)([72]56,33,4)([73]63,48,2)([74]12,9,6)([75]44,0,7)([76]72,69,2)([77]64,20,2)([78]11,51,6)([79]34,26,2)([80]78,40,1)([81]54,32,3)([82]61,80,2)([83]73,76,3)([84]33,24,1)([85]72,75,5)([86]55,63,3)(83)
optimized area: 131.18
time: 1298262 ms
seed: 1635796699
{7,1,80,1,2,1,8}([7]2,1,5)([8]6,4,4)([9]8,4,6)([10]2,9,4)([11]0,8,2)([12]3,5,7)([13]10,0,5)([14]7,9,7)([15]10,1,7)([16]14,12,4)([17]6,0,4)([18]8,17,5)([19]16,3,2)([20]3,8,1)([21]13,12,2)([22]13,9,7)([23]12,19,6)([24]22,0,1)([25]14,6,3)([26]3,25,6)([27]15,17,0)([28]21,12,1)([29]17,16,2)([30]23,19,4)([31]18,26,3)([32]8,3,5)([33]25,11,4)([34]23,24,3)([35]24,27,5)([36]31,1,5)([37]10,24,2)([38]18,22,6)([39]19,28,5)([40]34,11,7)([41]29,35,2)([42]2,30,4)([43]33,17,3)([44]40,18,5)([45]42,38,5)([46]8,40,5)([47]36,41,7)([48]13,27,3)([49]45,43,7)([50]46,10,3)([51]30,49,6)([52]2,11,6)([53]29,32,3)([54]44,45,5)([55]37,19,6)([56]44,55,7)([57]47,5,6)([58]49,44,7)([59]37,58,7)([60]52,2,0)([61]50,36,6)([62]4,41,4)([63]1,47,2)([64]7,41,4)([65]56,15,6)([66]31,24,5)([67]58,23,3)([68]53,26,1)([69]57,65,4)([70]1,56,6)([71]69,39,5)([72]68,31,1)([73]43,58,0)([74]50,15,2)([75]60,24,3)([76]35,54,5)([77]4,42,5)([78]31,77,7)([79]46,60,7)([80]71,68,3)([81]36,7,3)([82]58,80,4)([83]16,32,3)([84]61,1,3)([85]37,71,3)([86]79,44,4)(82)
evaluations: 26841992
first invidual area: 151.78
{7,1,80,1,2,1,8}([7]1,2,5)([8]6,4,4)([9]4,6,6)([10]2,9,4)([11]8,6,2)([12]5,3,7)([13]10,0,5)([14]9,7,7)([15]10,1,7)([16]14,12,4)([17]0,6,4)([18]17,8,5)([19]3,16,2)([20]18,15,1)([21]12,13,5)([22]9,13,7)([23]12,19,6)([24]12,18,0)([25]14,6,6)([26]11,1,1)([27]14,22,4)([28]22,16,1)([29]17,16,2)([30]21,19,3)([31]18,25,3)([32]8,3,5)([33]25,11,6)([34]28,23,6)([35]15,8,1)([36]31,1,5)([37]10,30,4)([38]31,25,3)([39]19,21,5)([40]34,11,4)([41]29,35,5)([42]12,16,3)([43]33,17,3)([44]18,40,5)([45]20,37,5)([46]21,14,2)([47]36,41,4)([48]31,15,5)([49]45,43,5)([50]15,21,1)([51]1,22,6)([52]39,30,0)([53]29,32,6)([54]36,5,4)([55]51,19,3)([56]44,55,4)([57]47,5,6)([58]38,51,0)([59]6,36,4)([60]44,3,2)([61]26,59,7)([62]6,16,3)([63]16,14,0)([64]17,31,5)([65]56,15,6)([66]27,39,6)([67]55,15,5)([68]20,15,2)([69]57,65,4)([70]1,59,5)([71]69,52,5)([72]41,62,5)([73]51,39,4)([74]69,5,1)([75]2,50,2)([76]40,63,6)([77]44,49,4)([78]0,45,2)([79]73,61,0)([80]71,53,6)([81]18,30,3)([82]77,80,7)([83]9,28,3)([84]49,22,2)([85]0,78,1)([86]40,16,0)(82)
optimized area: 136.77
time: 1253571 ms
seed: 1635839937
{7,1,80,1,2,1,8}([7]1,5,4)([8]6,0,3)([9]6,0,5)([10]1,9,2)([11]3,7,4)([12]4,11,4)([13]8,5,7)([14]13,2,0)([15]6,4,3)([16]15,3,7)([17]0,10,2)([18]14,10,3)([19]2,3,2)([20]2,15,7)([21]0,16,2)([22]2,11,6)([23]6,19,4)([24]23,22,6)([25]17,12,4)([26]1,4,6)([27]25,23,2)([28]26,25,6)([29]3,10,6)([30]1,20,7)([31]23,22,3)([32]23,26,4)([33]20,28,4)([34]30,27,6)([35]31,1,7)([36]26,28,6)([37]21,5,6)([38]9,31,7)([39]9,13,7)([40]38,33,3)([41]30,16,0)([42]32,40,7)([43]18,34,4)([44]28,24,6)([45]42,29,0)([46]40,37,3)([47]9,12,0)([48]7,13,2)([49]6,46,3)([50]48,11,5)([51]11,48,6)([52]22,41,6)([53]28,0,4)([54]36,17,4)([55]51,45,3)([56]5,27,0)([57]55,43,5)([58]0,17,3)([59]45,1,3)([60]41,11,1)([61]20,46,4)([62]43,36,0)([63]43,62,6)([64]56,26,3)([65]43,50,4)([66]43,55,4)([67]66,57,0)([68]55,21,6)([69]33,55,2)([70]64,24,7)([71]58,62,7)([72]46,57,2)([73]30,67,3)([74]39,68,7)([75]63,25,0)([76]35,63,1)([77]29,5,3)([78]9,15,1)([79]46,19,5)([80]19,55,2)([81]60,73,5)([82]51,80,0)([83]61,37,2)([84]8,1,3)([85]11,20,4)([86]73,83,2)(72)
evaluations: 40683619
first invidual area: 116.20
{7,1,80,1,2,1,8}([7]1,5,4)([8]6,0,6)([9]6,0,5)([10]1,9,2)([11]7,3,4)([12]11,4,7)([13]8,5,4)([14]2,5,0)([15]6,4,6)([16]9,3,3)([17]0,10,5)([18]10,13,6)([19]3,2,5)([20]14,15,4)([21]16,18,2)([22]14,11,6)([23]6,19,7)([24]9,20,4)([25]17,12,4)([26]1,4,6)([27]25,23,2)([28]26,25,3)([29]20,0,0)([30]1,20,7)([31]22,23,3)([32]23,26,7)([33]29,28,7)([34]30,27,3)([35]15,23,4)([36]9,31,7)([37]5,21,6)([38]8,35,7)([39]7,37,0)([40]33,36,3)([41]8,25,2)([42]32,40,5)([43]18,34,4)([44]21,1,5)([45]3,8,1)([46]14,9,5)([47]44,29,7)([48]15,23,3)([49]13,7,2)([50]30,13,2)([51]11,49,6)([52]13,45,3)([53]37,40,3)([54]5,6,5)([55]51,42,3)([56]23,46,0)([57]55,43,5)([58]42,39,6)([59]13,37,0)([60]24,35,1)([61]30,53,5)([62]47,60,4)([63]61,7,0)([64]36,8,6)([65]26,52,3)([66]60,28,0)([67]4,45,1)([68]26,14,5)([69]15,0,5)([70]24,40,0)([71]60,13,1)([72]33,37,1)([73]27,31,4)([74]53,57,2)([75]17,37,1)([76]36,74,4)([77]0,19,7)([78]23,33,2)([79]74,37,2)([80]21,4,3)([81]28,49,4)([82]72,5,1)([83]52,21,4)([84]70,80,1)([85]44,44,0)([86]67,40,7)(74)
optimized area: 110.09
time: 1088945 ms
seed: 1635881953
{7,1,80,1,2,1,8}([7]4,2,4)([8]2,1,4)([9]4,3,3)([10]3,5,7)([11]8,7,3)([12]1,1,3)([13]0,12,5)([14]5,13,7)([15]11,6,5)([16]15,4,4)([17]2,10,4)([18]9,12,7)([19]5,16,5)([20]19,18,4)([21]16,15,3)([22]12,5,5)([23]11,6,4)([24]15,10,1)([25]22,10,5)([26]25,20,4)([27]16,7,4)([28]20,27,6)([29]7,0,4)([30]6,26,6)([31]14,15,4)([32]0,1,6)([33]21,17,7)([34]7,20,6)([35]3,34,7)([36]1,5,2)([37]0,29,5)([38]31,19,6)([39]33,35,5)([40]35,29,5)([41]17,39,7)([42]35,32,5)([43]12,5,4)([44]11,29,3)([45]26,42,6)([46]14,30,7)([47]41,44,2)([48]46,47,5)([49]5,12,3)([50]45,27,4)([51]12,8,1)([52]47,29,7)([53]26,2,0)([54]14,23,0)([55]37,25,1)([56]23,42,4)([57]52,52,7)([58]20,2,7)([59]45,40,7)([60]27,55,1)([61]56,59,5)([62]43,28,5)([63]25,1,2)([64]38,55,6)([65]4,10,6)([66]61,43,2)([67]61,48,5)([68]65,54,4)([69]28,64,7)([70]18,55,6)([71]25,56,3)([72]19,47,4)([73]45,20,3)([74]67,41,6)([75]67,69,7)([76]14,46,6)([77]14,27,4)([78]8,52,7)([79]2,23,3)([80]7,73,2)([81]78,42,3)([82]24,5,5)([83]78,72,2)([84]42,66,2)([85]19,40,4)([86]50,83,7)(75)
evaluations: 32190609
first invidual area: 150.41
{7,1,80,1,2,1,8}([7]2,4,4)([8]1,2,4)([9]3,4,3)([10]5,3,7)([11]7,8,3)([12]2,4,0)([13]1,0,5)([14]1,9,0)([15]6,11,5)([16]15,4,4)([17]2,10,4)([18]9,14,4)([19]5,16,5)([20]19,18,7)([21]7,16,4)([22]15,4,6)([23]13,15,4)([24]0,14,6)([25]20,10,5)([26]1,25,7)([27]11,6,7)([28]20,21,3)([29]7,0,4)([30]6,26,3)([31]29,0,2)([32]8,23,2)([33]22,17,4)([34]20,7,3)([35]3,34,4)([36]9,24,0)([37]7,16,4)([38]23,19,6)([39]33,35,5)([40]18,8,7)([41]17,39,7)([42]24,35,5)([43]13,5,4)([44]29,11,3)([45]26,27,3)([46]43,30,7)([47]41,44,2)([48]46,47,5)([49]3,48,3)([50]5,10,4)([51]25,4,1)([52]7,43,3)([53]21,8,3)([54]34,52,7)([55]32,21,4)([56]27,42,7)([57]13,19,7)([58]29,35,5)([59]45,58,4)([60]28,53,5)([61]56,59,5)([62]3,32,3)([63]43,51,3)([64]38,31,6)([65]41,47,5)([66]43,5,4)([67]61,48,5)([68]62,43,3)([69]28,64,7)([70]18,64,3)([71]55,30,6)([72]34,12,7)([73]33,36,3)([74]52,9,4)([75]67,69,4)([76]7,6,1)([77]71,38,1)([78]64,12,3)([79]53,72,4)([80]48,5,6)([81]63,48,3)([82]51,14,4)([83]63,20,2)([84]56,19,3)([85]62,77,1)([86]4,60,7)(75)
optimized area: 147.61
time: 1225944 ms
