seed: 1633848917
NOT FOUND
time: 530510 ms
seed: 1633935697
{7,1,80,1,2,1,8}([7]6,4,7)([8]4,1,7)([9]3,5,4)([10]7,3,4)([11]6,2,6)([12]5,1,3)([13]1,11,5)([14]2,12,7)([15]6,0,2)([16]9,14,7)([17]16,5,4)([18]4,1,7)([19]4,5,4)([20]1,8,1)([21]4,17,3)([22]17,7,2)([23]16,0,3)([24]20,21,3)([25]21,22,7)([26]20,10,7)([27]15,8,7)([28]22,26,6)([29]11,11,7)([30]0,3,5)([31]28,30,4)([32]0,11,7)([33]25,23,3)([34]29,3,5)([35]16,14,6)([36]9,12,7)([37]3,25,7)([38]31,24,2)([39]1,32,7)([40]9,6,2)([41]36,9,1)([42]27,37,2)([43]6,23,3)([44]42,16,4)([45]31,1,3)([46]13,42,4)([47]39,38,2)([48]19,32,7)([49]26,40,4)([50]11,14,3)([51]16,27,5)([52]9,25,4)([53]20,0,6)([54]22,43,4)([55]41,18,0)([56]8,33,7)([57]56,7,4)([58]6,8,3)([59]44,48,5)([60]8,28,4)([61]8,46,0)([62]53,11,4)([63]27,58,3)([64]46,49,2)([65]5,4,6)([66]45,23,6)([67]30,64,4)([68]25,48,1)([69]59,18,3)([70]54,67,5)([71]70,35,3)([72]47,69,7)([73]71,27,1)([74]6,34,7)([75]8,56,6)([76]32,28,6)([77]20,48,2)([78]58,1,3)([79]64,64,5)([80]62,13,2)([81]79,21,4)([82]11,13,6)([83]0,70,4)([84]68,1,6)([85]56,83,1)([86]72,73,3)(86)
evaluations: 28165353
first invidual area: 160.27
{7,1,80,1,2,1,8}([7]4,6,7)([8]1,5,3)([9]3,5,4)([10]7,1,4)([11]6,2,6)([12]5,1,7)([13]11,1,5)([14]8,2,7)([15]6,0,5)([16]9,14,7)([17]5,16,4)([18]4,1,7)([19]10,15,0)([20]18,15,4)([21]4,17,3)([22]17,7,2)([23]0,16,3)([24]21,18,3)([25]19,1,1)([26]19,3,4)([27]23,3,4)([28]26,22,6)([29]21,22,7)([30]0,3,5)([31]28,30,4)([32]0,11,7)([33]7,0,4)([34]11,8,2)([35]1,14,7)([36]29,32,1)([37]3,29,7)([38]31,24,2)([39]38,12,3)([40]9,6,5)([41]1,32,7)([42]20,37,2)([43]6,23,3)([44]16,9,4)([45]15,11,3)([46]13,42,4)([47]41,38,5)([48]12,32,7)([49]26,40,7)([50]42,16,4)([51]37,19,1)([52]48,16,2)([53]20,41,0)([54]22,43,4)([55]27,16,6)([56]6,32,3)([57]34,44,7)([58]45,47,1)([59]26,12,0)([60]48,50,5)([61]49,46,5)([62]21,34,5)([63]5,51,3)([64]11,58,0)([65]51,13,2)([66]14,48,5)([67]30,61,7)([68]16,14,6)([69]60,18,6)([70]54,67,5)([71]70,68,6)([72]47,69,7)([73]54,43,2)([74]17,17,5)([75]53,70,5)([76]72,37,0)([77]68,41,2)([78]6,72,4)([79]58,28,3)([80]68,24,3)([81]7,36,2)([82]44,36,3)([83]71,76,3)([84]27,66,7)([85]62,18,5)([86]30,2,3)(83)
optimized area: 150.90
time: 611948 ms
seed: 1633963442
NOT FOUND
time: 529047 ms
seed: 1633986380
NOT FOUND
time: 525006 ms
seed: 1634035343
{7,1,80,1,2,1,8}([7]3,5,5)([8]1,7,6)([9]1,4,6)([10]1,0,4)([11]5,6,7)([12]9,2,7)([13]5,7,4)([14]8,12,2)([15]10,2,4)([16]12,5,2)([17]15,14,7)([18]14,16,4)([19]11,9,5)([20]19,2,3)([21]3,0,2)([22]21,1,0)([23]10,11,7)([24]23,6,6)([25]6,4,6)([26]1,25,4)([27]17,11,7)([28]18,3,7)([29]13,26,2)([30]28,20,5)([31]25,5,5)([32]13,4,7)([33]4,22,4)([34]11,2,3)([35]24,6,5)([36]7,14,1)([37]27,30,2)([38]2,35,3)([39]17,33,6)([40]39,6,4)([41]12,40,2)([42]15,25,2)([43]19,3,7)([44]34,32,4)([45]24,33,0)([46]44,1,2)([47]4,34,1)([48]46,37,4)([49]17,41,4)([50]45,39,7)([51]18,7,1)([52]1,44,2)([53]42,5,2)([54]51,29,2)([55]30,23,1)([56]54,27,4)([57]4,35,7)([58]10,40,1)([59]44,33,1)([60]52,54,5)([61]60,41,0)([62]21,12,6)([63]19,45,7)([64]30,61,4)([65]36,26,0)([66]48,45,4)([67]49,64,6)([68]48,57,3)([69]23,25,6)([70]50,53,3)([71]20,11,6)([72]66,56,2)([73]40,4,2)([74]32,62,6)([75]66,66,1)([76]52,33,4)([77]56,42,6)([78]38,53,3)([79]40,2,2)([80]9,51,3)([81]1,13,1)([82]47,78,5)([83]4,56,2)([84]58,45,6)([85]50,7,4)([86]67,72,6)(86)
evaluations: 41297405
first invidual area: 147.14
{7,1,80,1,2,1,8}([7]5,3,5)([8]7,1,6)([9]1,4,6)([10]0,1,4)([11]5,6,7)([12]9,2,7)([13]5,7,5)([14]8,12,2)([15]10,2,4)([16]12,5,5)([17]14,15,6)([18]16,14,6)([19]11,9,5)([20]18,8,1)([21]0,3,5)([22]17,20,0)([23]10,5,4)([24]23,6,3)([25]6,4,3)([26]25,1,7)([27]17,11,7)([28]20,3,4)([29]13,26,2)([30]28,19,5)([31]4,20,5)([32]4,13,4)([33]4,21,7)([34]11,2,6)([35]16,29,2)([36]23,25,3)([37]26,3,3)([38]17,35,5)([39]17,33,6)([40]39,6,4)([41]12,40,2)([42]34,15,7)([43]30,27,5)([44]34,32,4)([45]24,34,0)([46]44,1,2)([47]11,45,5)([48]46,43,7)([49]41,22,4)([50]29,17,0)([51]2,42,7)([52]5,5,4)([53]5,49,5)([54]20,50,2)([55]31,5,1)([56]54,27,4)([57]15,41,3)([58]45,18,6)([59]29,0,1)([60]46,54,5)([61]8,18,6)([62]45,53,1)([63]11,30,3)([64]30,60,4)([65]18,36,2)([66]48,45,7)([67]49,64,6)([68]46,60,4)([69]26,7,6)([70]59,13,5)([71]16,4,4)([72]66,56,2)([73]37,0,5)([74]22,59,5)([75]49,31,5)([76]28,66,7)([77]66,67,6)([78]58,56,7)([79]26,18,5)([80]25,74,7)([81]14,2,5)([82]75,31,4)([83]70,74,3)([84]62,27,4)([85]82,24,0)([86]67,72,6)(86)
optimized area: 133.53
time: 559351 ms
seed: 1634149434
NOT FOUND
time: 531375 ms
seed: 1634196735
{7,1,80,1,2,1,8}([7]1,2,5)([8]6,1,4)([9]1,2,6)([10]6,3,7)([11]5,10,7)([12]7,4,2)([13]12,8,4)([14]4,0,6)([15]3,9,5)([16]3,0,5)([17]16,6,5)([18]0,13,6)([19]13,0,4)([20]11,9,1)([21]10,18,6)([22]11,14,7)([23]17,18,3)([24]22,23,3)([25]19,24,7)([26]5,8,0)([27]3,4,4)([28]14,25,6)([29]25,7,4)([30]21,1,4)([31]17,19,0)([32]6,6,6)([33]12,27,6)([34]24,11,4)([35]33,30,1)([36]15,12,1)([37]2,13,7)([38]25,26,7)([39]38,25,2)([40]37,20,6)([41]25,21,4)([42]37,34,2)([43]37,12,5)([44]14,40,4)([45]28,30,7)([46]23,6,2)([47]4,9,7)([48]44,45,5)([49]29,48,4)([50]31,42,5)([51]31,19,2)([52]49,50,5)([53]46,9,4)([54]3,4,2)([55]35,52,7)([56]47,45,3)([57]48,15,6)([58]18,30,4)([59]55,49,2)([60]1,1,5)([61]38,59,7)([62]24,23,5)([63]62,56,3)([64]61,63,5)([65]16,32,5)([66]16,23,7)([67]59,31,6)([68]10,36,1)([69]60,5,2)([70]0,38,2)([71]22,23,3)([72]25,49,6)([73]59,46,6)([74]57,64,7)([75]53,10,7)([76]74,3,7)([77]60,6,1)([78]58,24,5)([79]73,47,6)([80]13,48,0)([81]37,65,4)([82]2,39,0)([83]78,30,6)([84]45,63,0)([85]45,32,3)([86]84,33,5)(76)
evaluations: 20735668
first invidual area: 153.22
{7,1,80,1,2,1,8}([7]1,2,5)([8]6,1,7)([9]2,1,6)([10]6,3,7)([11]10,5,7)([12]4,7,2)([13]8,12,7)([14]4,0,6)([15]0,3,5)([16]6,15,5)([17]14,11,7)([18]0,13,6)([19]13,0,4)([20]11,17,1)([21]10,18,3)([22]16,12,1)([23]16,18,3)([24]17,23,3)([25]19,24,7)([26]9,3,5)([27]3,4,4)([28]5,5,0)([29]25,7,4)([30]1,21,4)([31]28,26,3)([32]23,7,1)([33]5,25,7)([34]30,30,5)([35]12,23,4)([36]25,14,6)([37]34,10,6)([38]2,13,7)([39]10,37,5)([40]27,12,6)([41]38,20,3)([42]20,38,2)([43]41,14,7)([44]24,22,6)([45]36,30,4)([46]4,9,7)([47]28,46,1)([48]45,43,5)([49]29,48,4)([50]23,42,5)([51]7,29,3)([52]36,7,5)([53]17,40,2)([54]18,20,1)([55]40,50,7)([56]46,45,3)([57]48,26,6)([58]57,22,7)([59]55,49,5)([60]11,3,2)([61]33,59,4)([62]35,12,1)([63]32,56,3)([64]3,17,7)([65]29,46,5)([66]61,63,2)([67]8,27,5)([68]5,49,5)([69]64,49,2)([70]46,18,4)([71]35,42,6)([72]49,40,4)([73]45,54,5)([74]57,66,3)([75]2,39,0)([76]74,3,7)([77]60,30,6)([78]53,48,2)([79]26,35,0)([80]52,9,2)([81]18,10,2)([82]27,37,3)([83]62,54,3)([84]75,23,0)([85]47,46,1)([86]42,73,3)(76)
optimized area: 142.44
time: 700522 ms
seed: 1634245783
{7,1,80,1,2,1,8}([7]0,2,7)([8]3,2,2)([9]7,8,2)([10]5,4,3)([11]7,6,4)([12]7,11,2)([13]11,5,5)([14]1,13,5)([15]11,5,1)([16]12,7,5)([17]9,4,7)([18]1,10,2)([19]1,13,7)([20]10,1,3)([21]5,4,2)([22]13,14,6)([23]22,0,7)([24]11,0,2)([25]16,18,7)([26]18,15,0)([27]26,21,3)([28]14,8,7)([29]16,28,2)([30]5,21,5)([31]17,15,5)([32]27,24,5)([33]29,5,4)([34]2,3,6)([35]9,20,5)([36]30,29,6)([37]18,27,2)([38]2,20,2)([39]34,36,7)([40]14,30,4)([41]36,15,7)([42]14,22,0)([43]17,39,6)([44]6,28,4)([45]0,12,0)([46]43,25,7)([47]3,31,2)([48]44,38,6)([49]12,1,5)([50]47,48,4)([51]33,50,6)([52]34,28,5)([53]32,35,4)([54]46,52,4)([55]32,38,4)([56]53,29,5)([57]46,15,3)([58]51,54,6)([59]21,50,2)([60]49,5,4)([61]37,10,5)([62]35,19,3)([63]26,58,5)([64]58,53,7)([65]5,43,2)([66]37,65,2)([67]23,14,3)([68]24,37,4)([69]38,10,0)([70]14,57,1)([71]8,39,2)([72]50,24,6)([73]60,2,1)([74]0,28,2)([75]24,5,5)([76]59,22,0)([77]13,49,0)([78]8,23,0)([79]23,10,3)([80]25,44,0)([81]57,28,6)([82]8,76,6)([83]28,56,2)([84]63,83,7)([85]26,24,2)([86]22,18,4)(64)
evaluations: 3318804
first invidual area: 119.45
{7,1,80,1,2,1,8}([7]2,0,7)([8]2,3,2)([9]8,7,2)([10]4,5,3)([11]6,7,4)([12]11,5,5)([13]11,4,1)([14]12,1,5)([15]10,1,3)([16]7,11,5)([17]9,4,7)([18]1,10,2)([19]4,8,0)([20]8,8,6)([21]19,5,2)([22]18,21,3)([23]8,14,7)([24]11,22,2)([25]16,23,5)([26]24,0,5)([27]18,16,7)([28]8,17,1)([29]15,2,2)([30]1,16,1)([31]13,17,5)([32]25,21,5)([33]3,31,5)([34]3,2,6)([35]5,23,1)([36]23,6,4)([37]18,31,5)([38]25,26,2)([39]9,3,6)([40]32,34,4)([41]40,17,6)([42]23,34,5)([43]10,4,7)([44]11,15,0)([45]21,12,1)([46]41,42,4)([47]5,25,7)([48]36,29,3)([49]9,47,1)([50]48,33,4)([51]46,27,7)([52]42,0,1)([53]39,15,5)([54]45,52,0)([55]50,47,6)([56]32,25,6)([57]20,32,0)([58]20,51,2)([59]55,51,6)([60]47,6,4)([61]9,15,5)([62]55,57,7)([63]2,44,1)([64]59,26,4)([65]41,36,0)([66]32,52,2)([67]61,64,7)([68]24,23,7)([69]4,10,6)([70]44,42,7)([71]59,50,7)([72]34,2,5)([73]62,1,0)([74]13,50,7)([75]4,31,1)([76]5,50,1)([77]8,15,2)([78]62,32,2)([79]58,23,6)([80]27,75,6)([81]75,35,5)([82]70,24,2)([83]28,52,4)([84]48,46,4)([85]49,50,5)([86]17,17,0)(67)
optimized area: 113.83
time: 653092 ms
seed: 1634293878
NOT FOUND
time: 532790 ms
seed: 1634334363
NOT FOUND
time: 524180 ms
seed: 1634383198
{7,1,80,1,2,1,8}([7]2,6,7)([8]4,3,4)([9]1,7,7)([10]8,5,3)([11]9,4,4)([12]0,4,4)([13]4,3,7)([14]5,0,4)([15]4,6,7)([16]7,8,7)([17]11,10,4)([18]15,13,6)([19]8,9,6)([20]0,18,4)([21]2,16,5)([22]14,11,7)([23]11,16,2)([24]12,7,5)([25]20,7,4)([26]5,15,3)([27]23,7,7)([28]18,6,3)([29]1,4,7)([30]25,12,0)([31]12,11,5)([32]21,22,2)([33]13,29,5)([34]32,20,6)([35]8,24,6)([36]26,24,5)([37]25,33,3)([38]13,28,5)([39]24,5,7)([40]36,38,2)([41]39,9,2)([42]27,31,2)([43]1,16,5)([44]40,42,4)([45]23,10,7)([46]17,44,3)([47]30,20,1)([48]34,3,4)([49]42,30,5)([50]41,10,4)([51]15,37,3)([52]42,45,0)([53]49,50,5)([54]42,15,4)([55]44,51,2)([56]36,12,4)([57]15,9,5)([58]55,1,4)([59]3,38,3)([60]0,31,6)([61]34,6,0)([62]53,59,2)([63]54,26,1)([64]0,41,0)([65]49,42,3)([66]26,33,0)([67]48,62,5)([68]67,26,5)([69]13,5,0)([70]35,18,6)([71]24,13,6)([72]68,5,4)([73]68,72,6)([74]68,58,4)([75]28,74,7)([76]34,57,1)([77]7,64,1)([78]44,18,5)([79]2,56,7)([80]79,79,0)([81]15,61,7)([82]15,11,5)([83]35,27,1)([84]4,12,6)([85]41,82,2)([86]57,21,0)(75)
evaluations: 25387950
first invidual area: 152.29
{7,1,80,1,2,1,8}([7]6,2,7)([8]3,4,4)([9]1,7,7)([10]0,2,7)([11]9,4,4)([12]4,0,4)([13]8,3,1)([14]11,0,4)([15]4,6,7)([16]7,13,4)([17]11,12,5)([18]15,13,6)([19]14,2,6)([20]18,0,4)([21]2,16,5)([22]19,5,4)([23]11,16,5)([24]7,12,5)([25]5,24,7)([26]15,5,3)([27]23,7,4)([28]18,6,3)([29]4,20,3)([30]12,29,7)([31]5,8,3)([32]22,21,2)([33]14,24,5)([34]13,6,5)([35]5,31,6)([36]26,24,5)([37]13,20,0)([38]33,8,3)([39]26,32,3)([40]36,34,5)([41]25,9,5)([42]17,27,2)([43]28,14,2)([44]42,40,7)([45]24,0,0)([46]20,32,3)([47]6,10,0)([48]46,3,7)([49]42,29,5)([50]31,41,2)([51]38,27,3)([52]20,48,3)([53]49,50,5)([54]13,47,4)([55]44,51,5)([56]6,0,3)([57]20,17,2)([58]55,28,4)([59]1,56,3)([60]0,10,1)([61]24,42,6)([62]53,16,3)([63]51,28,3)([64]26,22,0)([65]43,15,3)([66]55,0,3)([67]48,53,5)([68]67,64,5)([69]0,42,1)([70]13,36,6)([71]48,41,1)([72]11,37,5)([73]61,14,6)([74]68,58,4)([75]1,74,4)([76]61,9,5)([77]70,71,6)([78]20,22,0)([79]11,44,6)([80]32,10,7)([81]46,76,7)([82]10,64,5)([83]15,52,7)([84]3,53,0)([85]33,13,7)([86]25,65,7)(75)
optimized area: 135.39
time: 616339 ms
seed: 1634432307
NOT FOUND
time: 525844 ms
seed: 1634492586
NOT FOUND
time: 526442 ms
seed: 1634591804
NOT FOUND
time: 528254 ms
seed: 1634640597
{7,1,80,1,2,1,8}([7]0,1,7)([8]6,1,7)([9]3,3,1)([10]4,3,3)([11]7,3,2)([12]8,6,4)([13]5,4,6)([14]0,8,1)([15]10,4,7)([16]12,4,7)([17]6,13,4)([18]16,11,7)([19]18,6,2)([20]19,13,2)([21]2,10,5)([22]0,2,4)([23]10,18,5)([24]17,11,2)([25]15,2,6)([26]21,17,4)([27]5,19,7)([28]26,9,4)([29]26,16,6)([30]28,10,2)([31]30,14,2)([32]25,12,0)([33]27,22,7)([34]33,30,6)([35]5,24,5)([36]17,18,6)([37]31,11,3)([38]24,12,6)([39]31,3,6)([40]39,36,3)([41]19,8,5)([42]40,38,5)([43]20,14,4)([44]22,28,7)([45]29,12,0)([46]5,27,7)([47]42,22,3)([48]17,36,5)([49]19,43,4)([50]43,38,2)([51]2,37,7)([52]41,8,2)([53]51,47,3)([54]50,29,4)([55]40,31,6)([56]1,14,2)([57]52,56,3)([58]26,31,6)([59]33,51,6)([60]25,40,7)([61]50,11,1)([62]40,59,6)([63]13,59,2)([64]57,34,5)([65]19,62,1)([66]33,30,6)([67]7,43,1)([68]21,17,7)([69]64,45,7)([70]61,50,0)([71]56,14,1)([72]46,11,2)([73]57,61,3)([74]37,69,4)([75]39,73,2)([76]21,60,2)([77]17,19,5)([78]46,67,4)([79]71,53,4)([80]68,3,6)([81]77,19,2)([82]0,36,5)([83]69,62,6)([84]80,16,1)([85]15,48,1)([86]50,83,4)(86)
evaluations: 19271970
first invidual area: 130.24
{7,1,80,1,2,1,8}([7]1,0,7)([8]2,5,7)([9]7,3,5)([10]4,3,3)([11]1,6,7)([12]0,11,1)([13]2,10,5)([14]4,12,0)([15]5,14,6)([16]1,4,4)([17]6,15,4)([18]9,16,4)([19]6,18,2)([20]1,19,1)([21]12,5,5)([22]4,2,6)([23]10,18,6)([24]0,8,4)([25]3,19,0)([26]13,17,4)([27]18,17,6)([28]3,26,7)([29]7,17,2)([30]10,28,2)([31]12,30,2)([32]30,17,0)([33]19,24,7)([34]4,7,2)([35]33,32,6)([36]29,18,7)([37]31,7,3)([38]37,30,6)([39]31,25,6)([40]29,20,6)([41]27,39,3)([42]11,10,3)([43]11,24,2)([44]39,11,5)([45]34,33,6)([46]37,2,7)([47]22,34,7)([48]15,2,2)([49]19,12,3)([50]40,49,2)([51]49,26,3)([52]26,16,6)([53]0,5,2)([54]37,20,2)([55]19,30,6)([56]37,10,3)([57]50,43,3)([58]35,57,5)([59]33,46,6)([60]10,48,2)([61]31,25,3)([62]46,20,6)([63]59,41,6)([64]56,46,6)([65]2,17,4)([66]43,19,3)([67]52,58,7)([68]55,19,3)([69]26,26,4)([70]52,38,3)([71]19,20,7)([72]65,19,2)([73]2,44,5)([74]41,2,7)([75]71,2,1)([76]22,32,2)([77]73,25,6)([78]38,52,5)([79]14,17,3)([80]63,67,6)([81]12,10,3)([82]31,70,7)([83]38,64,4)([84]26,64,5)([85]28,26,4)([86]50,80,4)(86)
optimized area: 116.18
time: 616211 ms
seed: 1634677172
{7,1,80,1,2,1,8}([7]4,1,5)([8]2,1,4)([9]6,8,3)([10]2,5,1)([11]9,10,2)([12]0,4,1)([13]5,7,4)([14]3,9,7)([15]6,4,7)([16]3,0,3)([17]1,15,4)([18]1,2,2)([19]11,17,7)([20]18,14,6)([21]17,9,2)([22]5,2,4)([23]12,21,4)([24]23,15,0)([25]22,11,7)([26]4,25,2)([27]24,2,0)([28]11,19,1)([29]10,5,0)([30]20,18,6)([31]19,14,5)([32]13,27,5)([33]3,26,6)([34]7,7,3)([35]31,14,2)([36]31,35,1)([37]5,18,1)([38]33,23,6)([39]32,30,4)([40]25,20,7)([41]19,27,6)([42]40,33,4)([43]39,15,2)([44]27,11,6)([45]25,23,1)([46]6,17,4)([47]8,27,3)([48]44,26,5)([49]32,36,5)([50]15,28,4)([51]13,26,2)([52]32,2,3)([53]36,9,7)([54]45,47,7)([55]51,51,4)([56]31,48,5)([57]10,26,3)([58]38,56,4)([59]6,16,3)([60]59,43,7)([61]16,34,4)([62]13,28,1)([63]60,42,3)([64]15,59,0)([65]2,58,1)([66]13,13,4)([67]12,2,2)([68]46,41,5)([69]49,58,4)([70]52,55,6)([71]69,63,7)([72]62,53,3)([73]54,41,5)([74]15,27,7)([75]71,12,3)([76]68,73,3)([77]57,41,7)([78]18,55,1)([79]8,77,6)([80]39,42,0)([81]51,9,6)([82]35,61,5)([83]68,2,1)([84]16,7,1)([85]54,9,1)([86]71,76,2)(86)
evaluations: 30198814
first invidual area: 147.10
{7,1,80,1,2,1,8}([7]0,6,3)([8]1,2,4)([9]6,8,3)([10]2,6,1)([11]10,9,2)([12]4,1,5)([13]5,12,4)([14]9,3,7)([15]4,6,7)([16]6,13,4)([17]15,1,4)([18]2,1,2)([19]17,11,7)([20]14,18,6)([21]9,17,5)([22]10,5,4)([23]0,21,4)([24]23,19,6)([25]11,22,4)([26]4,25,2)([27]16,24,5)([28]7,3,6)([29]18,3,0)([30]18,20,6)([31]14,19,5)([32]23,13,5)([33]3,26,6)([34]27,2,5)([35]31,16,1)([36]34,13,0)([37]28,34,0)([38]33,23,6)([39]30,32,4)([40]25,20,4)([41]13,17,4)([42]14,20,0)([43]39,15,5)([44]11,23,6)([45]39,26,4)([46]44,3,2)([47]20,6,6)([48]35,24,6)([49]35,32,5)([50]14,39,4)([51]7,5,6)([52]40,33,7)([53]26,44,5)([54]21,15,7)([55]23,40,7)([56]31,53,5)([57]54,15,3)([58]52,42,1)([59]24,18,1)([60]28,43,7)([61]59,10,3)([62]22,43,6)([63]60,52,6)([64]42,31,1)([65]63,56,7)([66]36,25,4)([67]65,20,2)([68]47,22,3)([69]49,38,7)([70]12,58,5)([71]65,69,4)([72]49,5,3)([73]21,24,3)([74]22,31,6)([75]26,18,1)([76]27,41,3)([77]2,5,3)([78]74,40,5)([79]17,41,2)([80]19,37,7)([81]38,74,2)([82]64,19,6)([83]4,31,6)([84]48,48,7)([85]55,2,4)([86]71,76,2)(86)
optimized area: 139.15
time: 892081 ms
seed: 1634711505
NOT FOUND
time: 533265 ms
seed: 1634754988
NOT FOUND
time: 980795 ms
seed: 1634820009
NOT FOUND
time: 989300 ms
seed: 1634944814
{7,1,80,1,2,1,8}([7]5,6,4)([8]2,4,2)([9]4,3,2)([10]4,2,4)([11]5,9,3)([12]11,3,4)([13]1,7,7)([14]11,1,0)([15]1,2,2)([16]9,13,4)([17]6,15,3)([18]0,17,5)([19]7,16,2)([20]15,17,2)([21]10,18,2)([22]1,10,1)([23]5,12,3)([24]19,6,4)([25]15,16,3)([26]1,17,2)([27]25,10,5)([28]19,27,7)([29]23,25,2)([30]12,2,2)([31]15,11,7)([32]16,21,5)([33]25,7,0)([34]30,28,7)([35]25,14,2)([36]12,28,4)([37]7,31,4)([38]3,4,3)([39]26,18,2)([40]30,6,5)([41]24,39,2)([42]31,3,2)([43]23,0,5)([44]41,38,2)([45]27,18,2)([46]5,1,7)([47]40,32,4)([48]32,34,5)([49]3,26,1)([50]39,16,4)([51]0,26,0)([52]8,9,4)([53]7,14,4)([54]31,42,7)([55]8,9,2)([56]35,36,6)([57]16,4,5)([58]5,52,6)([59]45,52,5)([60]19,36,6)([61]59,44,7)([62]53,45,5)([63]12,38,5)([64]42,17,2)([65]38,36,6)([66]50,54,6)([67]1,52,6)([68]64,25,6)([69]62,30,1)([70]69,64,4)([71]61,66,3)([72]35,35,5)([73]59,63,4)([74]64,6,0)([75]3,45,3)([76]48,0,4)([77]12,5,1)([78]8,28,1)([79]76,70,6)([80]79,78,4)([81]79,71,3)([82]18,57,2)([83]37,14,0)([84]58,1,1)([85]42,14,7)([86]3,82,7)(81)
evaluations: 46305028
first invidual area: 136.80
{7,1,80,1,2,1,8}([7]5,6,4)([8]2,4,5)([9]4,3,2)([10]4,2,4)([11]5,9,3)([12]3,11,4)([13]9,7,7)([14]5,1,3)([15]1,2,2)([16]13,1,4)([17]6,15,3)([18]0,17,5)([19]7,16,2)([20]11,18,0)([21]10,18,2)([22]16,21,0)([23]20,19,4)([24]6,19,4)([25]15,22,3)([26]1,17,2)([27]25,10,5)([28]19,27,7)([29]11,7,4)([30]12,2,5)([31]15,20,7)([32]22,21,5)([33]28,17,4)([34]30,28,4)([35]5,27,0)([36]24,27,5)([37]27,23,3)([38]3,4,3)([39]26,18,2)([40]7,23,4)([41]24,39,2)([42]31,3,2)([43]32,32,2)([44]3,3,6)([45]27,18,2)([46]26,31,3)([47]19,31,6)([48]43,34,5)([49]35,18,3)([50]39,16,4)([51]3,24,5)([52]8,9,7)([53]21,5,1)([54]31,42,7)([55]38,41,2)([56]5,4,1)([57]21,46,4)([58]36,24,6)([59]45,52,5)([60]58,28,7)([61]59,55,7)([62]29,45,5)([63]16,29,2)([64]42,17,5)([65]21,0,5)([66]50,54,6)([67]41,19,7)([68]25,27,3)([69]25,18,0)([70]62,64,4)([71]61,66,3)([72]71,67,1)([73]14,32,5)([74]14,26,5)([75]16,53,5)([76]48,0,4)([77]52,36,6)([78]9,12,6)([79]76,70,6)([80]28,19,2)([81]79,71,3)([82]49,72,5)([83]52,76,1)([84]61,20,6)([85]69,65,2)([86]54,57,1)(81)
optimized area: 133.99
time: 1010746 ms
seed: 1635074827
{7,1,80,1,2,1,8}([7]6,1,7)([8]4,5,3)([9]8,4,5)([10]3,4,0)([11]8,6,7)([12]3,0,5)([13]3,7,1)([14]1,12,3)([15]1,0,4)([16]7,1,5)([17]4,7,7)([18]6,2,4)([19]11,18,3)([20]2,12,2)([21]7,11,1)([22]15,12,5)([23]11,13,7)([24]16,0,4)([25]20,5,2)([26]25,23,5)([27]0,21,5)([28]14,2,4)([29]3,28,7)([30]29,25,0)([31]5,24,2)([32]15,1,3)([33]30,27,2)([34]24,0,2)([35]18,3,3)([36]14,4,4)([37]24,35,6)([38]22,19,7)([39]24,10,6)([40]8,11,1)([41]17,37,6)([42]27,3,5)([43]21,1,0)([44]26,18,5)([45]9,29,2)([46]40,38,3)([47]13,4,1)([48]23,34,5)([49]41,43,3)([50]11,13,0)([51]45,33,4)([52]14,27,3)([53]50,7,6)([54]21,26,6)([55]9,24,7)([56]33,25,6)([57]24,32,2)([58]48,28,5)([59]5,58,6)([60]44,34,6)([61]59,51,4)([62]4,28,7)([63]56,35,2)([64]48,46,6)([65]53,36,4)([66]63,57,4)([67]51,34,2)([68]32,36,4)([69]30,34,7)([70]66,38,3)([71]70,61,7)([72]30,65,2)([73]46,54,7)([74]0,34,6)([75]5,6,1)([76]37,50,6)([77]73,55,2)([78]7,38,2)([79]10,67,0)([80]36,21,7)([81]77,71,3)([82]24,65,0)([83]26,48,0)([84]37,42,7)([85]46,66,5)([86]55,61,6)(81)
evaluations: 32938739
first invidual area: 133.97
{7,1,80,1,2,1,8}([7]1,6,4)([8]4,5,3)([9]2,2,2)([10]3,0,5)([11]6,8,7)([12]0,7,5)([13]12,6,5)([14]10,1,6)([15]0,1,4)([16]8,3,1)([17]7,7,0)([18]16,2,4)([19]11,18,6)([20]18,5,2)([21]17,1,7)([22]8,19,6)([23]11,3,4)([24]13,0,4)([25]6,23,2)([26]15,10,5)([27]4,5,1)([28]2,14,7)([29]3,28,7)([30]4,9,1)([31]6,23,2)([32]10,24,7)([33]12,29,2)([34]24,31,5)([35]4,31,0)([36]16,26,6)([37]35,14,6)([38]26,19,4)([39]30,29,5)([40]25,26,6)([41]38,4,6)([42]2,9,5)([43]18,10,0)([44]4,27,7)([45]39,27,0)([46]16,38,6)([47]33,14,7)([48]2,5,6)([49]27,39,4)([50]49,33,7)([51]33,39,7)([52]23,20,5)([53]6,45,2)([54]52,7,6)([55]30,24,7)([56]33,20,6)([57]24,1,5)([58]34,28,5)([59]5,58,6)([60]5,50,6)([61]59,51,4)([62]6,3,3)([63]56,62,5)([64]7,32,4)([65]62,1,3)([66]57,63,4)([67]12,11,0)([68]15,35,7)([69]5,35,2)([70]66,38,3)([71]70,61,7)([72]35,21,5)([73]46,54,4)([74]52,21,1)([75]67,17,5)([76]12,50,1)([77]73,55,2)([78]53,19,6)([79]8,25,0)([80]64,69,0)([81]77,71,3)([82]56,6,7)([83]68,57,6)([84]50,1,6)([85]65,15,5)([86]18,25,6)(81)
optimized area: 124.61
time: 1044093 ms
seed: 1635118626
{7,1,80,1,2,1,8}([7]5,1,4)([8]7,3,2)([9]6,0,4)([10]3,1,7)([11]9,4,5)([12]9,7,4)([13]2,8,1)([14]13,1,3)([15]1,11,7)([16]8,2,3)([17]8,6,3)([18]10,17,2)([19]17,11,5)([20]1,3,0)([21]5,0,6)([22]1,3,5)([23]18,15,4)([24]12,4,7)([25]14,0,4)([26]22,24,4)([27]25,16,5)([28]15,27,1)([29]14,0,7)([30]21,25,2)([31]3,12,3)([32]26,18,3)([33]21,2,3)([34]33,20,3)([35]23,12,2)([36]35,16,4)([37]4,2,5)([38]26,36,1)([39]7,37,2)([40]9,4,3)([41]40,31,5)([42]10,15,6)([43]34,41,4)([44]18,27,1)([45]23,40,6)([46]32,25,2)([47]44,4,2)([48]42,3,6)([49]42,16,6)([50]19,36,5)([51]46,48,7)([52]43,16,3)([53]39,52,7)([54]16,51,4)([55]33,46,4)([56]14,48,3)([57]50,53,5)([58]49,22,2)([59]57,45,7)([60]22,5,7)([61]6,5,1)([62]6,38,7)([63]30,3,6)([64]22,22,7)([65]55,57,7)([66]13,2,0)([67]29,4,1)([68]67,56,6)([69]66,67,7)([70]65,51,2)([71]59,70,6)([72]30,58,2)([73]40,23,6)([74]13,1,5)([75]13,38,4)([76]56,65,2)([77]15,55,2)([78]13,41,5)([79]59,20,1)([80]61,60,5)([81]16,9,5)([82]70,13,2)([83]65,37,5)([84]26,80,1)([85]15,62,3)([86]73,14,3)(71)
evaluations: 12213821
first invidual area: 136.33
{7,1,80,1,2,1,8}([7]1,5,4)([8]7,3,2)([9]0,6,4)([10]3,1,7)([11]9,4,5)([12]9,7,4)([13]2,3,1)([14]1,13,3)([15]1,4,3)([16]8,2,3)([17]8,6,3)([18]17,10,2)([19]15,11,2)([20]10,11,6)([21]5,0,6)([22]2,21,3)([23]0,6,4)([24]15,12,5)([25]2,10,5)([26]25,4,4)([27]1,21,3)([28]3,12,3)([29]11,15,3)([30]26,12,7)([31]11,17,5)([32]5,8,4)([33]4,2,0)([34]18,30,3)([35]2,33,5)([36]1,18,4)([37]20,3,6)([38]26,23,7)([39]17,25,1)([40]9,33,3)([41]28,40,5)([42]35,7,5)([43]27,41,4)([44]0,14,4)([45]36,40,6)([46]44,34,5)([47]16,24,7)([48]25,39,3)([49]27,7,7)([50]31,47,5)([51]46,37,4)([52]43,16,3)([53]42,52,4)([54]19,29,2)([55]22,45,4)([56]13,48,1)([57]50,53,5)([58]10,45,5)([59]57,45,7)([60]12,55,6)([61]28,27,0)([62]13,2,7)([63]9,58,4)([64]52,27,2)([65]55,46,7)([66]43,60,0)([67]46,64,7)([68]21,8,4)([69]13,50,3)([70]65,51,2)([71]42,53,1)([72]18,34,0)([73]23,68,7)([74]17,40,6)([75]48,70,3)([76]15,12,7)([77]49,64,1)([78]4,51,7)([79]21,23,2)([80]49,48,4)([81]41,70,3)([82]70,59,6)([83]57,45,1)([84]2,33,6)([85]50,22,0)([86]19,3,2)(82)
optimized area: 132.57
time: 662223 ms
seed: 1635167543
{7,1,80,1,2,1,8}([7]2,4,5)([8]4,1,5)([9]6,7,4)([10]3,9,5)([11]6,8,4)([12]0,2,2)([13]4,11,4)([14]7,4,4)([15]10,11,2)([16]5,11,4)([17]3,5,7)([18]10,6,2)([19]16,12,3)([20]17,18,4)([21]19,3,6)([22]15,21,7)([23]18,2,4)([24]9,20,7)([25]0,21,0)([26]24,1,3)([27]21,4,4)([28]14,10,4)([29]20,15,3)([30]21,22,3)([31]6,11,2)([32]8,0,6)([33]29,1,7)([34]33,25,3)([35]29,16,2)([36]28,25,7)([37]27,1,2)([38]26,23,4)([39]16,14,3)([40]25,19,4)([41]28,28,2)([42]15,11,5)([43]22,14,6)([44]40,38,4)([45]33,27,3)([46]28,44,6)([47]22,35,6)([48]43,35,4)([49]4,15,2)([50]28,41,3)([51]38,45,2)([52]19,23,7)([53]21,20,2)([54]4,19,3)([55]48,25,3)([56]53,3,2)([57]51,55,4)([58]31,26,4)([59]33,23,5)([60]10,45,5)([61]46,9,5)([62]25,8,2)([63]47,34,5)([64]38,33,3)([65]47,30,4)([66]64,24,6)([67]50,15,6)([68]17,10,2)([69]15,33,7)([70]0,19,7)([71]41,66,3)([72]41,14,4)([73]57,61,5)([74]50,66,2)([75]60,7,5)([76]14,40,3)([77]59,71,4)([78]18,76,5)([79]78,77,3)([80]8,50,7)([81]79,73,5)([82]27,28,5)([83]82,82,7)([84]63,81,5)([85]34,76,2)([86]30,20,3)(84)
evaluations: 23304475
first invidual area: 149.92
{7,1,80,1,2,1,8}([7]4,2,5)([8]4,1,5)([9]6,7,4)([10]3,9,5)([11]5,6,7)([12]0,2,2)([13]5,3,4)([14]4,7,5)([15]5,10,5)([16]11,8,7)([17]8,12,2)([18]6,10,2)([19]12,16,3)([20]18,13,7)([21]19,3,6)([22]9,16,0)([23]18,2,4)([24]22,19,4)([25]9,20,7)([26]3,4,0)([27]18,12,1)([28]3,14,7)([29]10,3,5)([30]1,25,6)([31]22,24,4)([32]14,20,2)([33]20,1,7)([34]10,28,0)([35]23,32,0)([36]21,33,3)([37]36,4,3)([38]30,23,7)([39]35,10,7)([40]0,19,4)([41]15,21,4)([42]35,40,3)([43]13,18,7)([44]38,40,4)([45]25,43,6)([46]28,44,6)([47]12,1,0)([48]41,30,7)([49]43,30,3)([50]41,16,6)([51]38,37,5)([52]32,40,2)([53]43,30,7)([54]0,53,3)([55]52,0,3)([56]24,18,3)([57]38,27,7)([58]42,14,5)([59]2,20,5)([60]33,51,3)([61]35,3,6)([62]58,33,7)([63]50,60,5)([64]51,55,7)([65]1,31,5)([66]48,9,5)([67]35,17,4)([68]20,34,0)([69]10,45,2)([70]46,22,5)([71]61,32,3)([72]24,37,2)([73]64,70,5)([74]16,47,5)([75]71,74,0)([76]71,48,0)([77]39,59,4)([78]28,70,7)([79]29,62,3)([80]27,11,7)([81]79,73,5)([82]46,23,7)([83]44,61,0)([84]63,81,5)([85]72,75,4)([86]56,5,4)(84)
optimized area: 129.76
time: 678768 ms
seed: 1635216765
NOT FOUND
time: 465325 ms
seed: 1635272929
NOT FOUND
time: 1007527 ms
seed: 1635430501
NOT FOUND
time: 1023012 ms
seed: 1635537688
{7,1,80,1,2,1,8}([7]2,0,3)([8]7,1,7)([9]6,0,1)([10]0,5,6)([11]5,4,3)([12]0,8,7)([13]9,11,4)([14]4,8,6)([15]10,13,4)([16]2,10,6)([17]3,12,5)([18]12,3,6)([19]16,5,2)([20]11,2,4)([21]11,0,2)([22]15,16,4)([23]22,5,4)([24]14,21,7)([25]17,19,4)([26]4,14,4)([27]1,25,2)([28]14,20,4)([29]24,23,3)([30]11,16,2)([31]26,27,2)([32]7,26,6)([33]7,18,4)([34]17,17,5)([35]26,33,7)([36]18,1,3)([37]23,23,7)([38]28,31,6)([39]35,9,4)([40]15,30,4)([41]32,17,2)([42]31,10,2)([43]36,29,6)([44]30,43,6)([45]32,33,3)([46]15,41,4)([47]10,42,0)([48]44,39,3)([49]38,42,4)([50]44,36,5)([51]29,44,6)([52]8,33,7)([53]25,16,1)([54]25,18,6)([55]29,44,3)([56]5,47,5)([57]10,1,2)([58]45,13,4)([59]35,57,2)([60]59,58,6)([61]28,34,2)([62]48,55,5)([63]62,50,6)([64]38,30,3)([65]11,45,2)([66]56,49,0)([67]33,9,2)([68]35,49,3)([69]12,33,2)([70]21,26,6)([71]67,46,7)([72]1,52,0)([73]8,40,7)([74]43,73,4)([75]60,49,3)([76]29,3,6)([77]32,30,6)([78]41,5,2)([79]53,62,6)([80]37,47,2)([81]77,40,0)([82]0,13,5)([83]49,65,2)([84]79,75,7)([85]4,59,3)([86]63,1,5)(84)
evaluations: 9982672
first invidual area: 147.11
{7,1,80,1,2,1,8}([7]2,0,3)([8]7,1,7)([9]4,8,6)([10]5,0,6)([11]4,5,3)([12]8,0,7)([13]6,11,4)([14]8,4,6)([15]10,13,4)([16]2,10,6)([17]12,3,5)([18]12,3,6)([19]5,16,5)([20]11,14,4)([21]0,11,5)([22]2,15,4)([23]22,5,4)([24]21,14,4)([25]19,17,7)([26]14,4,3)([27]1,25,2)([28]2,20,4)([29]24,23,3)([30]2,13,0)([31]26,27,2)([32]18,29,3)([33]18,7,4)([34]5,0,1)([35]26,33,7)([36]27,32,6)([37]11,7,6)([38]28,31,6)([39]35,22,4)([40]22,6,4)([41]40,16,5)([42]33,35,6)([43]11,16,2)([44]43,36,6)([45]2,24,3)([46]20,30,2)([47]31,10,2)([48]13,40,3)([49]39,44,3)([50]48,17,7)([51]23,24,6)([52]46,5,7)([53]40,38,1)([54]42,13,4)([55]29,44,3)([56]25,36,0)([57]15,8,4)([58]36,11,1)([59]10,39,2)([60]59,54,6)([61]49,55,5)([62]26,21,7)([63]22,19,0)([64]47,38,3)([65]44,63,2)([66]50,37,1)([67]51,20,5)([68]25,17,1)([69]32,67,3)([70]46,69,7)([71]23,36,5)([72]66,35,7)([73]21,19,4)([74]57,26,3)([75]60,64,6)([76]25,54,5)([77]38,3,6)([78]0,77,7)([79]68,61,3)([80]59,20,3)([81]72,67,7)([82]58,69,0)([83]77,53,4)([84]79,75,7)([85]74,77,2)([86]78,67,1)(84)
optimized area: 135.39
time: 1356969 ms
seed: 1635599334
NOT FOUND
time: 1062759 ms
seed: 1635647132
{7,1,80,1,2,1,8}([7]5,1,3)([8]0,6,2)([9]4,6,4)([10]8,5,7)([11]2,9,2)([12]10,2,7)([13]12,3,2)([14]12,4,7)([15]14,0,4)([16]8,7,4)([17]15,3,5)([18]1,4,4)([19]9,15,5)([20]12,16,4)([21]12,16,2)([22]14,21,5)([23]22,18,0)([24]15,20,7)([25]10,3,2)([26]4,9,0)([27]25,9,2)([28]21,2,6)([29]18,9,6)([30]23,6,4)([31]25,18,7)([32]10,23,5)([33]7,3,2)([34]27,3,7)([35]11,28,3)([36]27,18,6)([37]28,14,7)([38]34,33,4)([39]34,10,7)([40]10,31,4)([41]13,0,1)([42]19,3,5)([43]37,25,6)([44]22,30,7)([45]29,38,2)([46]22,45,7)([47]4,39,5)([48]42,24,4)([49]40,3,5)([50]39,35,1)([51]31,18,0)([52]25,41,6)([53]20,44,4)([54]22,31,5)([55]15,54,2)([56]54,16,3)([57]56,30,7)([58]3,47,6)([59]24,52,2)([60]40,53,7)([61]58,27,7)([62]60,40,4)([63]58,62,2)([64]57,34,3)([65]13,60,7)([66]21,11,2)([67]59,46,7)([68]67,65,3)([69]26,65,7)([70]48,63,3)([71]38,7,6)([72]34,42,6)([73]71,19,4)([74]70,38,2)([75]45,45,2)([76]55,16,1)([77]6,0,6)([78]37,1,1)([79]45,30,4)([80]26,12,7)([81]55,74,3)([82]9,81,2)([83]72,69,4)([84]68,81,7)([85]42,33,2)([86]81,2,0)(84)
evaluations: 43798110
first invidual area: 165.43
{7,1,80,1,2,1,8}([7]1,5,3)([8]6,0,2)([9]4,6,4)([10]5,8,7)([11]3,10,0)([12]10,2,7)([13]11,12,5)([14]4,12,7)([15]14,0,4)([16]7,8,4)([17]9,15,5)([18]1,4,4)([19]13,13,0)([20]12,16,4)([21]12,16,2)([22]14,21,5)([23]15,14,5)([24]15,20,7)([25]10,11,5)([26]19,16,4)([27]10,9,5)([28]2,13,6)([29]18,9,6)([30]11,7,2)([31]25,18,4)([32]1,29,7)([33]12,1,3)([34]3,27,2)([35]22,16,1)([36]19,26,3)([37]34,36,5)([38]34,30,7)([39]38,10,0)([40]31,10,4)([41]12,21,1)([42]17,11,5)([43]16,37,6)([44]22,2,0)([45]29,38,5)([46]44,45,4)([47]4,22,5)([48]42,24,4)([49]45,16,6)([50]22,25,0)([51]14,10,1)([52]38,48,2)([53]20,6,4)([54]31,44,5)([55]15,54,2)([56]49,41,2)([57]6,9,4)([58]11,47,6)([59]24,28,2)([60]40,53,7)([61]60,42,1)([62]9,40,5)([63]58,62,2)([64]6,19,5)([65]13,60,7)([66]24,7,5)([67]59,46,7)([68]67,65,6)([69]36,52,5)([70]52,63,3)([71]41,25,2)([72]6,32,7)([73]14,64,7)([74]70,17,0)([75]15,1,2)([76]54,71,7)([77]62,2,7)([78]4,30,4)([79]63,22,1)([80]46,23,3)([81]55,74,3)([82]37,23,5)([83]44,23,3)([84]68,81,4)([85]21,43,3)([86]73,13,5)(84)
optimized area: 142.91
time: 1093924 ms
seed: 1635694770
{7,1,80,1,2,1,8}([7]3,4,5)([8]5,4,6)([9]4,1,3)([10]2,6,3)([11]10,8,4)([12]8,1,6)([13]12,6,6)([14]2,5,6)([15]0,12,7)([16]2,9,3)([17]15,5,2)([18]1,16,4)([19]11,7,2)([20]18,17,2)([21]7,9,2)([22]13,20,7)([23]14,3,4)([24]6,2,4)([25]23,6,4)([26]25,9,3)([27]4,1,4)([28]15,19,7)([29]27,25,2)([30]10,29,7)([31]8,29,4)([32]2,7,3)([33]31,4,6)([34]16,14,2)([35]25,31,0)([36]26,30,7)([37]11,25,2)([38]28,36,2)([39]15,18,5)([40]4,0,2)([41]33,24,3)([42]25,34,3)([43]17,3,4)([44]13,34,7)([45]33,11,2)([46]41,38,7)([47]22,46,2)([48]39,43,5)([49]47,28,4)([50]47,23,7)([51]49,40,4)([52]50,12,7)([53]7,36,3)([54]36,5,4)([55]31,29,6)([56]55,51,4)([57]25,41,5)([58]53,9,2)([59]56,26,5)([60]57,22,7)([61]59,15,1)([62]56,1,6)([63]47,57,4)([64]53,6,3)([65]7,53,6)([66]8,60,5)([67]43,59,6)([68]25,44,3)([69]26,9,2)([70]57,58,3)([71]25,44,4)([72]15,2,6)([73]18,58,2)([74]54,5,3)([75]3,70,6)([76]52,46,5)([77]66,49,7)([78]23,26,2)([79]62,6,1)([80]69,27,5)([81]41,2,5)([82]67,77,6)([83]77,40,7)([84]82,67,4)([85]70,82,4)([86]12,67,4)(85)
evaluations: 35418706
first invidual area: 155.10
{7,1,80,1,2,1,8}([7]3,4,5)([8]5,4,6)([9]4,1,3)([10]2,6,3)([11]10,8,4)([12]8,1,6)([13]12,6,6)([14]5,2,6)([15]0,12,7)([16]2,9,6)([17]5,15,2)([18]16,1,6)([19]7,11,5)([20]18,17,2)([21]4,12,0)([22]13,20,6)([23]6,3,7)([24]6,2,4)([25]23,14,7)([26]25,9,3)([27]21,1,4)([28]15,19,4)([29]27,25,2)([30]10,29,7)([31]8,29,3)([32]4,31,6)([33]23,9,0)([34]8,29,7)([35]30,17,4)([36]26,30,7)([37]4,32,3)([38]36,28,5)([39]27,17,2)([40]21,0,2)([41]32,24,3)([42]24,17,6)([43]17,3,4)([44]12,14,5)([45]10,10,0)([46]41,38,4)([47]22,46,5)([48]45,28,4)([49]47,28,7)([50]42,0,2)([51]40,49,3)([52]9,42,0)([53]7,29,3)([54]53,9,2)([55]52,5,4)([56]51,34,4)([57]41,25,5)([58]43,23,4)([59]56,26,5)([60]57,13,4)([61]59,38,4)([62]38,57,5)([63]60,55,0)([64]61,24,3)([65]3,61,5)([66]8,63,5)([67]46,4,1)([68]49,31,3)([69]53,49,1)([70]57,54,6)([71]56,45,7)([72]31,56,0)([73]27,9,3)([74]68,55,0)([75]42,74,1)([76]36,59,1)([77]66,49,7)([78]21,5,3)([79]16,50,3)([80]79,51,4)([81]43,59,6)([82]81,77,6)([83]48,6,2)([84]8,57,5)([85]82,70,7)([86]33,43,7)(85)
optimized area: 146.64
time: 1206016 ms
seed: 1635742193
NOT FOUND
time: 1089904 ms
seed: 1635789072
{7,1,80,1,2,1,8}([7]6,2,2)([8]5,2,4)([9]1,6,1)([10]4,8,3)([11]3,0,5)([12]1,8,2)([13]9,8,4)([14]11,1,7)([15]6,2,6)([16]2,14,7)([17]4,13,3)([18]7,16,2)([19]3,15,7)([20]5,19,4)([21]11,17,5)([22]17,6,3)([23]4,21,2)([24]22,12,5)([25]13,10,7)([26]18,23,3)([27]18,9,6)([28]14,11,5)([29]27,17,5)([30]3,5,3)([31]4,16,6)([32]6,16,7)([33]1,7,7)([34]0,19,7)([35]19,10,2)([36]34,23,2)([37]4,18,7)([38]20,34,6)([39]38,11,7)([40]2,29,7)([41]34,32,7)([42]13,40,3)([43]34,42,3)([44]19,24,0)([45]42,0,6)([46]28,45,7)([47]4,24,4)([48]35,22,5)([49]41,20,6)([50]39,12,1)([51]43,31,4)([52]31,41,5)([53]10,3,3)([54]41,50,2)([55]50,37,7)([56]6,55,6)([57]0,55,4)([58]54,51,3)([59]54,49,0)([60]46,48,7)([61]49,42,4)([62]22,33,7)([63]58,55,2)([64]4,33,5)([65]12,12,4)([66]40,35,5)([67]2,42,4)([68]3,23,5)([69]63,60,6)([70]64,54,5)([71]24,54,3)([72]40,48,3)([73]38,66,7)([74]8,73,7)([75]21,3,1)([76]63,11,3)([77]74,39,7)([78]70,74,3)([79]78,69,4)([80]46,3,6)([81]59,58,2)([82]0,12,6)([83]58,4,7)([84]66,34,3)([85]41,48,4)([86]78,52,3)(79)
evaluations: 22631395
first invidual area: 151.81
{7,1,80,1,2,1,8}([7]2,6,2)([8]5,2,4)([9]2,1,4)([10]8,4,3)([11]3,0,5)([12]1,11,5)([13]2,6,6)([14]10,1,5)([15]12,10,5)([16]9,11,4)([17]9,3,0)([18]16,7,2)([19]3,13,7)([20]1,6,3)([21]19,5,4)([22]7,18,4)([23]2,2,5)([24]3,5,3)([25]7,18,7)([26]16,23,6)([27]18,14,3)([28]4,26,3)([29]13,14,0)([30]18,4,7)([31]16,6,4)([32]9,5,6)([33]4,16,6)([34]0,19,7)([35]10,19,2)([36]22,12,7)([37]20,4,3)([38]21,34,3)([39]38,11,7)([40]2,27,7)([41]31,34,4)([42]40,32,3)([43]42,34,6)([44]31,10,0)([45]42,0,3)([46]12,45,7)([47]4,21,1)([48]35,37,5)([49]27,37,6)([50]22,40,2)([51]33,43,7)([52]25,15,5)([53]17,39,6)([54]41,39,2)([55]39,30,7)([56]43,48,0)([57]52,45,3)([58]54,51,3)([59]9,49,2)([60]41,16,5)([61]30,10,1)([62]55,7,4)([63]58,55,2)([64]4,27,5)([65]35,40,5)([66]64,26,5)([67]46,48,4)([68]65,38,5)([69]63,67,3)([70]64,54,5)([71]39,26,7)([72]8,51,0)([73]33,9,0)([74]8,68,7)([75]34,56,6)([76]40,15,3)([77]1,2,5)([78]74,70,3)([79]41,42,7)([80]18,73,2)([81]3,67,1)([82]32,67,0)([83]9,62,3)([84]74,63,0)([85]78,69,7)([86]49,50,1)(85)
optimized area: 139.15
time: 1289271 ms
