seed: 1633861464
{7,1,80,1,2,1,8}([7]1,6,6)([8]1,4,4)([9]8,3,6)([10]0,7,4)([11]8,1,6)([12]2,9,4)([13]5,4,4)([14]3,11,4)([15]13,12,4)([16]4,10,2)([17]4,12,2)([18]13,1,2)([19]7,14,4)([20]15,7,4)([21]11,6,7)([22]10,15,3)([23]22,6,7)([24]19,5,4)([25]20,8,7)([26]21,5,5)([27]2,17,7)([28]3,0,4)([29]28,1,3)([30]13,21,4)([31]24,22,4)([32]9,17,6)([33]30,31,5)([34]13,22,4)([35]25,16,4)([36]29,25,5)([37]31,26,5)([38]7,19,4)([39]30,24,7)([40]24,12,3)([41]12,22,5)([42]11,8,0)([43]32,41,7)([44]10,37,1)([45]28,2,4)([46]37,14,7)([47]10,40,5)([48]29,16,5)([49]45,17,5)([50]45,19,6)([51]8,30,7)([52]35,23,2)([53]36,17,3)([54]48,39,3)([55]50,52,2)([56]25,29,0)([57]2,54,4)([58]13,14,2)([59]17,57,1)([60]41,16,1)([61]46,53,6)([62]47,43,5)([63]27,61,3)([64]22,25,7)([65]55,64,4)([66]34,58,7)([67]44,15,0)([68]32,14,2)([69]55,51,0)([70]13,14,6)([71]28,42,4)([72]55,68,7)([73]55,57,2)([74]33,62,5)([75]2,73,5)([76]1,47,2)([77]73,40,2)([78]44,43,7)([79]42,18,1)([80]6,27,7)([81]20,39,2)([82]74,77,7)([83]80,14,6)([84]36,50,6)([85]0,9,1)([86]61,82,7)(86)
evaluations: 10169853
first invidual area: 164.48
{7,1,80,1,2,1,8}([7]6,1,6)([8]4,1,4)([9]8,3,6)([10]7,0,4)([11]4,1,6)([12]9,2,4)([13]4,5,4)([14]11,3,4)([15]13,12,4)([16]15,8,7)([17]4,12,2)([18]11,2,6)([19]7,14,4)([20]16,7,4)([21]6,11,7)([22]10,15,3)([23]21,22,6)([24]19,5,4)([25]4,20,5)([26]12,12,0)([27]13,21,4)([28]3,0,4)([29]15,3,5)([30]1,28,3)([31]24,22,4)([32]20,30,5)([33]27,31,5)([34]5,21,5)([35]3,27,2)([36]22,14,3)([37]31,34,5)([38]17,9,6)([39]9,27,4)([40]24,12,3)([41]12,15,5)([42]25,25,1)([43]41,38,7)([44]28,7,6)([45]2,5,5)([46]14,37,7)([47]2,36,6)([48]44,14,2)([49]46,17,3)([50]38,4,0)([51]15,2,2)([52]39,40,2)([53]9,51,4)([54]28,33,5)([55]54,41,2)([56]28,28,3)([57]40,10,5)([58]57,10,0)([59]19,23,6)([60]55,59,2)([61]32,49,3)([62]52,4,6)([63]21,40,6)([64]43,58,5)([65]60,52,5)([66]55,14,5)([67]61,23,1)([68]61,43,7)([69]13,7,2)([70]68,14,4)([71]22,18,4)([72]58,13,2)([73]71,16,3)([74]33,64,5)([75]14,70,0)([76]67,1,5)([77]49,9,3)([78]40,50,2)([79]65,61,4)([80]7,46,6)([81]29,72,6)([82]39,31,2)([83]78,4,7)([84]71,19,7)([85]63,13,7)([86]74,79,4)(86)
optimized area: 142.91
time: 711480 ms
seed: 1633948383
NOT FOUND
time: 522509 ms
seed: 1633976099
NOT FOUND
time: 515523 ms
seed: 1633999005
NOT FOUND
time: 530001 ms
seed: 1634047893
{7,1,80,1,2,1,8}([7]0,3,2)([8]0,5,5)([9]8,2,4)([10]6,5,1)([11]1,5,7)([12]9,4,7)([13]4,3,5)([14]1,3,6)([15]10,7,6)([16]9,13,4)([17]5,12,3)([18]2,16,5)([19]10,15,5)([20]13,5,7)([21]15,14,5)([22]4,11,6)([23]15,3,4)([24]20,21,4)([25]2,8,6)([26]10,17,5)([27]26,3,6)([28]4,25,4)([29]7,15,7)([30]7,26,0)([31]11,29,6)([32]31,0,4)([33]19,23,2)([34]32,1,7)([35]22,34,6)([36]12,31,4)([37]16,25,5)([38]15,34,5)([39]18,23,5)([40]32,35,4)([41]22,34,1)([42]5,36,1)([43]9,39,4)([44]32,23,3)([45]31,19,3)([46]24,18,5)([47]27,13,3)([48]26,31,7)([49]40,42,3)([50]2,4,4)([51]28,1,3)([52]2,13,4)([53]16,16,6)([54]28,27,6)([55]26,22,2)([56]5,40,0)([57]44,31,5)([58]52,11,2)([59]43,16,7)([60]54,46,4)([61]53,10,1)([62]30,26,5)([63]54,32,7)([64]5,52,5)([65]12,56,6)([66]43,18,0)([67]62,19,2)([68]67,7,2)([69]51,0,3)([70]49,59,2)([71]46,70,5)([72]14,62,4)([73]7,8,1)([74]35,60,3)([75]36,71,6)([76]61,34,7)([77]23,29,5)([78]74,67,4)([79]53,25,1)([80]3,40,2)([81]51,78,7)([82]46,47,4)([83]47,68,7)([84]42,46,3)([85]81,75,6)([86]42,85,1)(85)
evaluations: 29071389
first invidual area: 145.70
{7,1,80,1,2,1,8}([7]3,0,2)([8]5,0,5)([9]8,2,4)([10]6,3,1)([11]5,1,7)([12]4,9,7)([13]3,4,5)([14]3,1,6)([15]7,10,6)([16]13,9,4)([17]6,7,6)([18]16,2,5)([19]8,2,5)([20]13,5,7)([21]14,6,5)([22]4,11,6)([23]15,3,4)([24]21,20,4)([25]5,12,3)([26]10,25,5)([27]26,23,6)([28]12,19,7)([29]6,8,0)([30]18,23,5)([31]11,17,6)([32]0,1,7)([33]2,28,0)([34]32,31,4)([35]31,6,1)([36]12,31,4)([37]22,34,6)([38]25,19,2)([39]30,13,7)([40]14,27,5)([41]26,23,1)([42]17,11,0)([43]20,12,3)([44]1,28,6)([45]8,23,0)([46]24,18,5)([47]46,39,2)([48]18,24,6)([49]11,35,4)([50]28,27,6)([51]18,41,5)([52]38,12,1)([53]29,19,7)([54]45,11,7)([55]2,0,4)([56]44,35,2)([57]52,36,2)([58]47,6,0)([59]19,35,3)([60]46,50,4)([61]28,17,0)([62]7,26,5)([63]26,14,6)([64]19,42,6)([65]58,50,3)([66]48,3,6)([67]30,65,5)([68]52,67,7)([69]43,20,1)([70]57,44,0)([71]40,58,5)([72]66,49,6)([73]3,35,6)([74]37,60,6)([75]36,71,6)([76]58,44,0)([77]69,22,7)([78]74,62,7)([79]20,55,1)([80]42,59,7)([81]44,78,4)([82]10,53,7)([83]40,75,3)([84]39,65,4)([85]81,75,6)([86]4,35,0)(85)
optimized area: 127.42
time: 599292 ms
seed: 1634162072
{7,1,80,1,2,1,8}([7]4,3,3)([8]1,2,2)([9]3,5,7)([10]0,1,7)([11]10,4,3)([12]11,3,7)([13]6,11,1)([14]7,13,4)([15]0,14,3)([16]3,0,2)([17]15,2,7)([18]1,7,5)([19]13,12,6)([20]15,2,5)([21]18,11,5)([22]17,13,4)([23]1,9,5)([24]5,23,5)([25]4,0,1)([26]13,3,5)([27]23,9,1)([28]8,19,3)([29]18,6,2)([30]5,4,4)([31]5,20,7)([32]31,10,5)([33]7,31,5)([34]24,19,5)([35]30,22,4)([36]31,19,4)([37]12,25,7)([38]34,32,3)([39]32,15,3)([40]39,3,2)([41]40,34,2)([42]12,1,5)([43]23,10,4)([44]7,18,5)([45]12,6,0)([46]38,37,7)([47]21,43,3)([48]28,44,4)([49]16,15,4)([50]21,22,7)([51]4,14,6)([52]41,25,0)([53]36,43,5)([54]3,29,4)([55]39,12,3)([56]53,17,6)([57]29,4,7)([58]55,10,0)([59]31,26,7)([60]41,46,6)([61]37,4,4)([62]45,35,2)([63]37,58,2)([64]31,48,3)([65]28,11,3)([66]45,18,7)([67]49,42,6)([68]21,12,2)([69]27,1,7)([70]16,27,3)([71]5,17,2)([72]40,53,3)([73]56,50,2)([74]12,8,3)([75]32,58,2)([76]64,62,3)([77]76,0,4)([78]72,11,7)([79]18,38,5)([80]25,19,0)([81]73,60,7)([82]38,15,2)([83]3,13,0)([84]77,81,7)([85]67,77,2)([86]70,34,6)(84)
evaluations: 36633282
first invidual area: 141.49
{7,1,80,1,2,1,8}([7]4,3,3)([8]6,0,1)([9]2,8,0)([10]0,1,7)([11]4,10,3)([12]11,3,7)([13]6,7,7)([14]5,3,7)([15]0,13,3)([16]4,12,4)([17]15,9,7)([18]7,1,5)([19]8,12,6)([20]2,1,2)([21]18,11,5)([22]19,5,4)([23]1,14,5)([24]5,23,5)([25]16,8,7)([26]5,4,3)([27]15,3,0)([28]20,19,3)([29]17,2,5)([30]29,17,5)([31]29,5,7)([32]31,10,5)([33]18,7,5)([34]24,19,5)([35]30,25,7)([36]4,35,5)([37]17,3,2)([38]34,32,6)([39]24,27,3)([40]3,39,2)([41]34,40,2)([42]11,6,2)([43]23,10,4)([44]31,19,4)([45]17,18,0)([46]38,16,4)([47]9,19,7)([48]28,33,4)([49]12,37,3)([50]37,4,3)([51]1,4,4)([52]48,48,0)([53]44,43,5)([54]6,21,4)([55]50,37,3)([56]53,17,6)([57]46,41,3)([58]55,34,3)([59]36,40,2)([60]10,6,5)([61]23,56,1)([62]12,35,2)([63]53,5,6)([64]62,48,3)([65]45,52,2)([66]51,19,1)([67]28,2,7)([68]33,8,5)([69]36,67,3)([70]36,18,6)([71]22,28,6)([72]9,18,7)([73]56,54,5)([74]25,59,5)([75]67,5,4)([76]64,31,6)([77]76,0,4)([78]8,63,3)([79]52,48,0)([80]54,15,7)([81]73,57,4)([82]23,47,3)([83]19,69,6)([84]77,81,7)([85]47,64,0)([86]31,1,4)(84)
optimized area: 136.80
time: 574796 ms
seed: 1634209389
{7,1,80,1,2,1,8}([7]3,4,6)([8]3,0,7)([9]3,6,2)([10]0,4,1)([11]0,5,5)([12]1,2,7)([13]2,0,6)([14]4,1,6)([15]6,9,7)([16]12,7,4)([17]4,12,5)([18]16,8,4)([19]0,5,4)([20]0,9,4)([21]9,14,6)([22]13,7,6)([23]19,18,2)([24]2,8,3)([25]1,16,2)([26]4,3,2)([27]23,19,2)([28]24,5,4)([29]27,24,5)([30]20,0,0)([31]30,10,0)([32]10,29,6)([33]13,11,3)([34]22,28,7)([35]20,32,5)([36]11,7,4)([37]26,30,5)([38]17,6,7)([39]28,37,5)([40]7,9,0)([41]27,23,2)([42]38,23,3)([43]39,15,7)([44]3,4,6)([45]43,40,4)([46]29,31,5)([47]45,5,3)([48]4,32,4)([49]25,43,5)([50]45,29,7)([51]21,43,1)([52]35,50,0)([53]1,27,2)([54]49,8,3)([55]46,23,2)([56]11,35,5)([57]11,1,6)([58]47,4,7)([59]14,54,4)([60]3,11,6)([61]43,3,4)([62]12,15,4)([63]42,34,3)([64]22,7,5)([65]39,59,4)([66]28,40,6)([67]15,3,5)([68]47,26,0)([69]51,49,1)([70]19,8,3)([71]38,0,1)([72]65,56,3)([73]9,13,1)([74]9,65,6)([75]73,12,1)([76]51,75,0)([77]10,50,7)([78]74,40,7)([79]30,30,3)([80]69,59,6)([81]45,36,7)([82]23,81,6)([83]72,49,7)([84]83,63,4)([85]21,22,5)([86]69,23,5)(84)
evaluations: 38216356
first invidual area: 121.81
{7,1,80,1,2,1,8}([7]3,4,6)([8]0,3,7)([9]6,3,2)([10]4,3,2)([11]6,5,1)([12]2,7,4)([13]5,0,4)([14]11,9,6)([15]1,13,6)([16]1,12,7)([17]9,11,3)([18]4,1,3)([19]2,0,6)([20]9,0,4)([21]12,1,5)([22]16,8,4)([23]22,13,2)([24]8,2,3)([25]5,0,5)([26]11,19,4)([27]23,24,2)([28]5,24,4)([29]25,22,2)([30]1,12,2)([31]12,25,6)([32]6,9,3)([33]19,7,3)([34]33,28,4)([35]20,27,5)([36]4,16,5)([37]10,20,5)([38]36,11,4)([39]28,37,5)([40]0,20,0)([41]22,2,5)([42]34,23,3)([43]39,17,7)([44]10,39,1)([45]8,27,6)([46]25,25,6)([47]3,44,0)([48]21,31,6)([49]30,43,5)([50]19,17,7)([51]6,48,6)([52]18,18,4)([53]28,24,2)([54]49,8,3)([55]31,2,4)([56]25,35,5)([57]27,32,1)([58]40,30,1)([59]18,54,5)([60]9,23,2)([61]3,50,0)([62]2,10,7)([63]42,38,3)([64]14,63,5)([65]39,59,7)([66]32,29,2)([67]51,48,0)([68]25,44,7)([69]7,28,6)([70]1,4,3)([71]53,35,0)([72]65,56,6)([73]29,13,5)([74]39,28,7)([75]38,68,2)([76]48,15,3)([77]27,64,3)([78]44,56,6)([79]4,70,2)([80]74,1,5)([81]40,75,5)([82]6,71,5)([83]72,49,4)([84]83,63,4)([85]62,72,5)([86]33,46,5)(84)
optimized area: 112.43
time: 565646 ms
seed: 1634258347
{7,1,80,1,2,1,8}([7]2,5,7)([8]6,2,7)([9]5,1,7)([10]5,2,5)([11]7,0,1)([12]3,8,5)([13]4,12,7)([14]0,5,4)([15]6,5,1)([16]6,8,2)([17]12,7,4)([18]9,13,6)([19]8,18,3)([20]6,15,2)([21]14,7,6)([22]18,16,7)([23]11,1,6)([24]3,15,7)([25]10,21,7)([26]1,15,6)([27]4,14,4)([28]25,22,5)([29]0,12,3)([30]24,28,7)([31]28,1,1)([32]23,23,6)([33]5,5,1)([34]33,25,3)([35]19,6,7)([36]7,19,0)([37]7,36,3)([38]32,28,6)([39]23,21,6)([40]30,34,2)([41]24,17,5)([42]29,22,3)([43]34,42,6)([44]8,23,3)([45]44,0,2)([46]7,26,7)([47]39,42,7)([48]30,23,2)([49]46,45,7)([50]27,41,5)([51]33,40,7)([52]0,9,4)([53]44,24,2)([54]19,40,4)([55]47,6,3)([56]49,30,4)([57]50,54,6)([58]55,0,4)([59]24,20,0)([60]9,53,0)([61]30,17,4)([62]17,26,5)([63]23,62,1)([64]34,58,5)([65]4,40,4)([66]28,0,1)([67]38,27,4)([68]45,56,0)([69]0,39,3)([70]44,45,6)([71]35,64,3)([72]57,58,6)([73]7,43,2)([74]34,41,4)([75]65,56,3)([76]35,43,5)([77]35,2,4)([78]45,68,1)([79]69,68,3)([80]48,62,4)([81]17,48,5)([82]37,68,7)([83]51,8,5)([84]72,75,4)([85]53,70,0)([86]83,81,2)(84)
evaluations: 35102550
first invidual area: 142.44
{7,1,80,1,2,1,8}([7]5,2,7)([8]2,6,7)([9]1,5,7)([10]7,5,2)([11]2,6,5)([12]8,3,5)([13]4,12,7)([14]5,0,4)([15]6,2,1)([16]7,4,1)([17]12,7,5)([18]9,13,6)([19]18,8,3)([20]5,18,1)([21]7,14,6)([22]18,11,4)([23]16,1,6)([24]3,15,7)([25]21,10,3)([26]15,1,3)([27]4,14,4)([28]25,22,5)([29]11,12,7)([30]24,28,7)([31]7,26,4)([32]4,29,0)([33]27,22,3)([34]25,20,3)([35]28,2,2)([36]19,8,0)([37]18,4,5)([38]23,21,6)([39]27,13,7)([40]30,34,5)([41]24,17,5)([42]37,0,3)([43]38,17,7)([44]8,23,3)([45]44,0,5)([46]29,10,1)([47]38,42,2)([48]45,33,0)([49]30,48,4)([50]27,41,5)([51]4,8,6)([52]2,45,3)([53]16,43,1)([54]36,40,7)([55]47,6,3)([56]13,41,1)([57]54,50,6)([58]55,0,4)([59]31,49,4)([60]42,50,2)([61]39,1,7)([62]1,25,1)([63]49,0,1)([64]36,25,6)([65]33,26,1)([66]50,26,7)([67]50,6,2)([68]19,19,5)([69]49,17,1)([70]40,32,7)([71]28,57,1)([72]57,58,6)([73]51,54,2)([74]5,46,1)([75]70,59,6)([76]25,42,3)([77]11,31,0)([78]7,75,0)([79]73,28,1)([80]64,71,4)([81]3,16,5)([82]44,3,2)([83]76,42,7)([84]72,75,7)([85]7,56,4)([86]36,41,1)(84)
optimized area: 133.51
time: 585209 ms
seed: 1634306451
{7,1,80,1,2,1,8}([7]5,2,4)([8]6,0,2)([9]2,0,5)([10]8,4,4)([11]8,3,6)([12]1,11,4)([13]2,9,5)([14]5,5,0)([15]10,2,4)([16]4,5,2)([17]0,7,7)([18]5,6,6)([19]1,6,2)([20]18,19,3)([21]10,12,2)([22]20,11,4)([23]5,21,6)([24]12,13,7)([25]16,17,7)([26]24,9,7)([27]24,15,4)([28]23,16,6)([29]17,17,5)([30]4,19,7)([31]14,24,1)([32]28,29,5)([33]30,28,2)([34]27,31,6)([35]10,3,7)([36]32,1,7)([37]30,16,6)([38]36,0,6)([39]15,12,6)([40]2,37,2)([41]34,23,5)([42]40,21,5)([43]34,27,6)([44]32,6,7)([45]44,36,0)([46]15,22,2)([47]44,34,4)([48]40,14,7)([49]36,47,6)([50]6,2,6)([51]3,48,6)([52]10,22,4)([53]51,49,6)([54]50,24,6)([55]32,6,4)([56]50,43,1)([57]0,54,3)([58]53,46,3)([59]27,22,6)([60]32,27,4)([61]17,41,5)([62]54,19,2)([63]9,46,5)([64]23,15,2)([65]58,47,6)([66]39,40,5)([67]35,28,7)([68]53,30,0)([69]15,41,0)([70]32,67,4)([71]69,64,2)([72]64,66,0)([73]69,41,0)([74]59,71,6)([75]60,42,5)([76]44,66,7)([77]57,67,2)([78]37,75,6)([79]22,17,3)([80]20,22,0)([81]76,39,1)([82]66,77,2)([83]82,58,4)([84]66,83,6)([85]33,5,5)([86]55,10,5)(83)
evaluations: 23538166
first invidual area: 139.61
{7,1,80,1,2,1,8}([7]5,6,6)([8]0,6,2)([9]0,2,1)([10]8,4,4)([11]8,3,6)([12]11,1,4)([13]9,2,5)([14]12,8,0)([15]10,2,4)([16]4,5,2)([17]12,16,5)([18]0,5,4)([19]1,6,2)([20]19,7,3)([21]10,12,2)([22]20,11,4)([23]21,5,6)([24]12,13,7)([25]14,6,6)([26]19,4,7)([27]24,15,4)([28]23,16,6)([29]5,20,1)([30]14,29,3)([31]2,18,4)([32]31,28,5)([33]29,27,3)([34]12,33,1)([35]10,28,4)([36]1,32,7)([37]26,16,6)([38]35,6,3)([39]6,33,4)([40]2,37,5)([41]2,21,1)([42]18,17,2)([43]25,8,2)([44]33,10,2)([45]42,43,4)([46]15,22,2)([47]39,1,7)([48]40,5,4)([49]36,47,6)([50]21,35,5)([51]3,48,6)([52]32,50,1)([53]49,51,6)([54]24,25,6)([55]21,11,1)([56]16,12,2)([57]54,0,3)([58]53,46,3)([59]2,0,1)([60]26,35,1)([61]23,55,4)([62]10,61,1)([63]40,61,3)([64]22,17,1)([65]62,8,1)([66]7,51,5)([67]35,3,4)([68]19,15,4)([69]60,64,5)([70]45,8,4)([71]7,47,6)([72]18,3,6)([73]57,46,6)([74]60,63,1)([75]16,1,7)([76]26,3,2)([77]57,67,2)([78]30,66,4)([79]68,59,2)([80]8,39,5)([81]47,39,4)([82]66,77,5)([83]82,58,7)([84]73,18,6)([85]27,9,0)([86]27,61,0)(83)
optimized area: 133.99
time: 615461 ms
seed: 1634347017
NOT FOUND
time: 529785 ms
seed: 1634395894
{7,1,80,1,2,1,8}([7]5,2,7)([8]2,4,7)([9]8,0,6)([10]9,7,6)([11]5,10,3)([12]1,9,1)([13]1,3,6)([14]10,6,4)([15]0,8,2)([16]4,10,5)([17]15,1,7)([18]8,12,6)([19]6,18,4)([20]19,16,4)([21]5,20,5)([22]2,16,7)([23]21,3,7)([24]14,1,4)([25]21,0,7)([26]4,15,3)([27]26,20,6)([28]2,7,2)([29]5,22,7)([30]11,13,5)([31]11,7,7)([32]18,30,1)([33]31,29,6)([34]16,19,3)([35]1,7,4)([36]15,24,3)([37]17,25,5)([38]4,10,3)([39]37,36,2)([40]36,38,7)([41]39,3,3)([42]3,27,3)([43]10,5,4)([44]40,31,2)([45]25,44,1)([46]0,34,7)([47]41,25,4)([48]35,23,5)([49]48,30,5)([50]22,37,2)([51]2,1,5)([52]26,48,1)([53]27,43,2)([54]45,40,3)([55]32,29,5)([56]44,12,0)([57]1,40,3)([58]52,49,2)([59]53,42,2)([60]7,26,1)([61]57,46,4)([62]15,7,7)([63]25,10,7)([64]51,42,6)([65]16,5,7)([66]38,37,4)([67]61,42,2)([68]57,20,0)([69]67,47,6)([70]25,38,0)([71]44,53,4)([72]58,69,6)([73]43,50,4)([74]29,3,0)([75]56,16,2)([76]72,34,2)([77]7,1,3)([78]3,58,7)([79]41,51,5)([80]12,37,7)([81]35,7,0)([82]28,77,0)([83]6,77,6)([84]46,47,3)([85]45,3,4)([86]9,21,0)(76)
evaluations: 22021500
first invidual area: 126.48
{7,1,80,1,2,1,8}([7]5,2,7)([8]4,2,7)([9]0,8,6)([10]9,7,6)([11]1,3,6)([12]7,1,4)([13]10,1,0)([14]1,13,4)([15]8,0,2)([16]13,4,5)([17]1,15,7)([18]17,8,3)([19]6,18,7)([20]16,19,5)([21]5,20,5)([22]5,0,3)([23]21,3,7)([24]15,16,4)([25]21,0,7)([26]15,4,6)([27]16,22,3)([28]25,17,5)([29]22,11,5)([30]3,29,3)([31]14,4,3)([32]14,6,4)([33]18,23,6)([34]5,2,4)([35]3,18,0)([36]15,32,3)([37]29,6,4)([38]31,8,6)([39]22,20,6)([40]36,31,7)([41]14,32,7)([42]3,39,3)([43]19,16,3)([44]28,36,2)([45]26,7,1)([46]42,44,3)([47]1,40,3)([48]12,23,5)([49]6,5,5)([50]35,33,4)([51]35,46,0)([52]21,47,4)([53]38,1,2)([54]36,5,0)([55]15,37,0)([56]29,48,5)([57]45,3,4)([58]26,56,2)([59]27,37,5)([60]6,27,4)([61]10,23,4)([62]51,52,2)([63]17,53,0)([64]58,46,7)([65]26,58,7)([66]44,27,7)([67]47,19,6)([68]46,25,4)([69]68,62,6)([70]69,22,0)([71]45,36,5)([72]58,69,6)([73]34,35,7)([74]15,42,4)([75]15,17,6)([76]72,43,2)([77]7,33,3)([78]32,14,0)([79]55,64,3)([80]73,79,7)([81]66,73,4)([82]16,73,2)([83]22,7,3)([84]63,14,1)([85]49,52,3)([86]28,70,5)(76)
optimized area: 116.17
time: 635632 ms
seed: 1634444925
{7,1,80,1,2,1,8}([7]4,1,3)([8]2,1,7)([9]4,3,6)([10]5,6,7)([11]0,1,1)([12]11,2,4)([13]11,6,2)([14]2,6,5)([15]2,8,3)([16]4,6,2)([17]5,12,7)([18]9,15,4)([19]8,4,5)([20]4,19,5)([21]18,13,6)([22]15,6,2)([23]21,1,7)([24]2,15,0)([25]9,10,4)([26]17,17,5)([27]3,6,4)([28]16,27,2)([29]16,26,3)([30]22,28,2)([31]29,21,3)([32]7,11,5)([33]0,20,2)([34]14,19,5)([35]30,28,7)([36]25,12,3)([37]34,5,2)([38]17,25,2)([39]22,36,7)([40]37,26,6)([41]3,40,6)([42]7,30,0)([43]29,8,6)([44]20,3,1)([45]31,36,7)([46]9,15,2)([47]32,31,4)([48]39,30,7)([49]25,37,4)([50]48,23,7)([51]22,33,3)([52]14,27,2)([53]29,2,6)([54]33,15,2)([55]8,28,0)([56]27,54,6)([57]41,31,1)([58]56,49,3)([59]19,39,4)([60]25,19,4)([61]34,51,4)([62]6,31,6)([63]61,41,2)([64]59,9,7)([65]50,58,6)([66]45,15,2)([67]21,2,3)([68]47,65,7)([69]50,52,4)([70]11,37,6)([71]10,28,4)([72]44,11,7)([73]1,45,1)([74]19,52,4)([75]37,16,3)([76]42,13,1)([77]63,68,7)([78]73,64,0)([79]77,15,1)([80]63,67,5)([81]13,0,0)([82]30,54,1)([83]55,67,5)([84]21,37,7)([85]33,20,6)([86]19,28,2)(77)
evaluations: 15607750
first invidual area: 139.14
{7,1,80,1,2,1,8}([7]3,4,0)([8]2,1,7)([9]3,4,6)([10]5,9,4)([11]0,0,1)([12]0,2,7)([13]6,11,2)([14]6,2,5)([15]2,8,3)([16]4,6,2)([17]5,12,4)([18]15,9,4)([19]8,4,5)([20]4,19,5)([21]13,18,6)([22]1,4,3)([23]21,17,3)([24]15,5,3)([25]6,10,7)([26]5,16,2)([27]6,7,4)([28]15,27,2)([29]11,22,5)([30]3,27,4)([31]25,12,6)([32]2,1,3)([33]20,0,2)([34]14,19,5)([35]28,1,7)([36]16,23,3)([37]34,5,2)([38]37,17,6)([39]31,21,7)([40]8,39,1)([41]7,38,6)([42]28,33,6)([43]15,18,5)([44]37,25,4)([45]12,14,7)([46]41,20,5)([47]29,36,4)([48]43,35,7)([49]48,9,0)([50]39,48,7)([51]26,14,0)([52]47,51,2)([53]34,42,7)([54]33,35,2)([55]8,47,6)([56]27,54,6)([57]24,38,0)([58]44,56,3)([59]32,28,4)([60]39,20,5)([61]23,23,2)([62]13,29,4)([63]53,41,5)([64]28,20,6)([65]50,58,3)([66]24,5,6)([67]25,33,1)([68]56,53,4)([69]61,65,4)([70]65,47,7)([71]34,40,0)([72]34,15,4)([73]27,36,5)([74]9,47,0)([75]5,20,4)([76]41,43,5)([77]2,59,5)([78]11,14,3)([79]64,4,5)([80]76,30,5)([81]63,70,7)([82]38,46,7)([83]1,37,0)([84]80,63,1)([85]3,42,3)([86]26,8,5)(81)
optimized area: 133.99
time: 639265 ms
seed: 1634505142
NOT FOUND
time: 531561 ms
seed: 1634604445
NOT FOUND
time: 531610 ms
seed: 1634653119
NOT FOUND
time: 494568 ms
seed: 1634858295
{7,1,80,1,2,1,8}([7]1,3,4)([8]2,0,3)([9]3,5,4)([10]6,9,3)([11]10,1,2)([12]1,7,6)([13]3,4,4)([14]13,0,4)([15]2,7,2)([16]8,14,2)([17]2,5,7)([18]6,0,6)([19]15,0,2)([20]3,19,4)([21]11,4,6)([22]1,14,5)([23]10,5,7)([24]17,8,7)([25]13,5,4)([26]25,24,0)([27]16,7,7)([28]21,15,3)([29]14,9,4)([30]27,23,4)([31]0,23,6)([32]6,4,5)([33]25,12,6)([34]25,32,4)([35]28,34,3)([36]19,27,3)([37]24,35,2)([38]31,21,1)([39]26,37,7)([40]36,37,5)([41]26,30,6)([42]39,20,7)([43]41,13,1)([44]17,6,3)([45]11,27,1)([46]0,29,0)([47]21,40,6)([48]19,12,1)([49]17,14,5)([50]14,11,6)([51]42,22,5)([52]41,30,3)([53]51,44,6)([54]9,8,1)([55]45,52,4)([56]46,47,7)([57]52,53,7)([58]37,40,5)([59]18,56,4)([60]9,15,2)([61]39,41,7)([62]23,17,2)([63]15,45,6)([64]49,9,0)([65]41,28,5)([66]57,56,7)([67]5,14,1)([68]55,11,3)([69]45,36,4)([70]26,14,5)([71]56,66,1)([72]17,66,0)([73]48,34,3)([74]41,23,4)([75]34,21,6)([76]53,26,6)([77]39,52,7)([78]54,34,3)([79]45,74,7)([80]14,75,1)([81]29,20,0)([82]62,33,2)([83]34,1,7)([84]65,69,3)([85]66,84,4)([86]44,80,1)(85)
evaluations: 41257835
first invidual area: 139.64
{7,1,80,1,2,1,8}([7]3,1,4)([8]0,2,3)([9]3,5,4)([10]6,9,3)([11]1,10,2)([12]4,6,5)([13]4,3,4)([14]13,0,4)([15]7,2,2)([16]14,8,5)([17]2,5,7)([18]4,12,1)([19]0,15,2)([20]5,19,6)([21]11,4,6)([22]1,14,5)([23]10,5,4)([24]17,8,7)([25]5,13,4)([26]17,6,3)([27]16,7,4)([28]21,15,3)([29]13,8,6)([30]23,27,7)([31]29,23,5)([32]20,7,7)([33]12,25,4)([34]13,0,3)([35]33,28,3)([36]19,27,3)([37]24,35,2)([38]17,8,0)([39]4,20,4)([40]37,36,5)([41]25,30,6)([42]39,37,7)([43]1,20,2)([44]35,25,4)([45]7,11,3)([46]29,29,5)([47]21,40,3)([48]22,9,3)([49]21,34,0)([50]12,21,0)([51]22,42,5)([52]41,30,3)([53]51,26,3)([54]19,44,5)([55]27,16,6)([56]0,47,7)([57]52,53,7)([58]35,39,1)([59]41,55,2)([60]18,48,0)([61]21,51,4)([62]46,61,0)([63]28,41,5)([64]44,9,2)([65]1,48,6)([66]56,57,7)([67]53,3,2)([68]37,9,0)([69]11,36,7)([70]51,69,1)([71]42,61,4)([72]19,17,3)([73]53,42,3)([74]1,61,0)([75]41,36,0)([76]20,50,3)([77]26,22,7)([78]42,36,2)([79]26,41,6)([80]65,37,0)([81]42,74,1)([82]29,31,2)([83]54,36,5)([84]63,69,6)([85]66,84,7)([86]18,3,7)(85)
optimized area: 135.42
time: 1016672 ms
seed: 1635112893
{7,1,80,1,2,1,8}([7]4,5,7)([8]3,6,2)([9]2,4,4)([10]0,6,1)([11]7,1,0)([12]9,1,0)([13]1,7,4)([14]9,8,3)([15]8,11,6)([16]5,13,5)([17]15,13,7)([18]10,1,1)([19]17,3,7)([20]0,19,6)([21]12,19,5)([22]4,15,4)([23]15,12,6)([24]22,1,4)([25]14,3,3)([26]21,6,2)([27]12,5,2)([28]17,22,3)([29]28,10,7)([30]16,6,0)([31]12,23,7)([32]6,15,1)([33]17,30,3)([34]23,20,4)([35]22,7,1)([36]25,34,4)([37]34,3,2)([38]4,10,3)([39]17,37,6)([40]25,29,7)([41]2,26,4)([42]22,11,7)([43]37,3,1)([44]39,0,3)([45]21,20,1)([46]40,30,2)([47]36,29,0)([48]32,32,5)([49]14,30,4)([50]38,36,6)([51]0,33,7)([52]38,3,5)([53]21,24,2)([54]46,23,4)([55]54,53,6)([56]32,54,7)([57]52,27,7)([58]34,55,6)([59]14,50,6)([60]51,4,6)([61]36,16,3)([62]51,27,7)([63]33,25,7)([64]57,56,6)([65]36,3,1)([66]25,40,2)([67]40,42,0)([68]10,37,3)([69]58,41,2)([70]37,4,5)([71]23,50,7)([72]71,8,1)([73]59,28,7)([74]38,48,1)([75]20,67,4)([76]67,73,3)([77]46,38,7)([78]64,62,5)([79]25,8,6)([80]26,16,5)([81]53,21,4)([82]79,4,4)([83]76,69,7)([84]83,57,0)([85]44,56,2)([86]78,84,4)(86)
evaluations: 34040848
first invidual area: 150.88
{7,1,80,1,2,1,8}([7]5,4,7)([8]6,3,2)([9]4,2,4)([10]8,9,3)([11]0,1,0)([12]10,8,6)([13]7,1,4)([14]3,10,6)([15]7,8,6)([16]5,13,5)([17]13,15,7)([18]2,2,2)([19]17,3,7)([20]19,0,6)([21]10,19,5)([22]5,1,4)([23]9,15,6)([24]5,17,4)([25]23,4,4)([26]6,21,5)([27]9,5,2)([28]17,22,3)([29]28,11,7)([30]13,16,5)([31]6,1,6)([32]18,3,7)([33]26,2,7)([34]23,20,4)([35]20,0,5)([36]7,10,1)([37]11,4,4)([38]24,0,5)([39]33,33,3)([40]14,29,7)([41]30,19,1)([42]11,25,1)([43]19,40,5)([44]22,34,5)([45]15,16,3)([46]40,16,5)([47]4,34,0)([48]3,32,7)([49]42,4,3)([50]13,44,6)([51]27,42,7)([52]49,3,5)([53]21,24,2)([54]46,23,7)([55]54,53,6)([56]6,54,4)([57]52,27,7)([58]34,55,6)([59]10,50,6)([60]27,38,5)([61]29,40,3)([62]51,45,4)([63]31,15,3)([64]57,56,6)([65]50,61,4)([66]59,21,0)([67]0,19,4)([68]5,14,1)([69]58,33,5)([70]59,32,2)([71]42,60,3)([72]44,35,1)([73]66,28,7)([74]40,73,3)([75]33,52,6)([76]69,5,0)([77]69,0,4)([78]64,62,5)([79]73,47,3)([80]63,48,3)([81]0,33,0)([82]24,33,2)([83]74,76,4)([84]59,35,6)([85]66,71,7)([86]83,78,4)(86)
optimized area: 145.25
time: 1114005 ms
seed: 1635131278
{7,1,80,1,2,1,8}([7]3,4,4)([8]5,6,4)([9]5,4,3)([10]9,8,5)([11]7,2,4)([12]9,1,3)([13]6,11,3)([14]5,3,4)([15]0,8,3)([16]0,13,7)([17]15,14,2)([18]17,12,7)([19]10,11,4)([20]18,4,3)([21]1,10,7)([22]20,1,4)([23]15,5,5)([24]7,20,7)([25]6,9,2)([26]22,5,1)([27]26,5,4)([28]17,6,6)([29]22,4,5)([30]29,27,2)([31]19,29,6)([32]2,0,6)([33]1,19,2)([34]23,7,3)([35]33,28,3)([36]32,29,5)([37]31,14,3)([38]20,25,3)([39]6,12,2)([40]20,35,7)([41]1,40,3)([42]16,37,2)([43]10,40,2)([44]16,18,4)([45]31,44,3)([46]45,2,5)([47]43,2,1)([48]1,18,4)([49]2,36,6)([50]7,26,2)([51]1,20,5)([52]24,7,6)([53]35,34,6)([54]2,23,5)([55]21,46,2)([56]49,6,7)([57]6,55,0)([58]56,47,7)([59]20,43,7)([60]27,58,7)([61]50,55,6)([62]61,40,4)([63]44,54,1)([64]32,20,3)([65]42,11,6)([66]29,46,7)([67]43,42,7)([68]66,49,5)([69]44,53,7)([70]27,45,0)([71]1,23,5)([72]36,5,6)([73]60,69,2)([74]22,54,4)([75]62,73,5)([76]19,4,6)([77]76,28,4)([78]50,19,7)([79]74,25,3)([80]66,67,0)([81]75,67,7)([82]0,1,4)([83]52,82,6)([84]9,77,5)([85]80,48,7)([86]81,85,4)(81)
evaluations: 31084260
first invidual area: 154.61
{7,1,80,1,2,1,8}([7]4,3,4)([8]6,5,4)([9]5,4,3)([10]9,8,5)([11]2,7,4)([12]1,9,3)([13]6,11,3)([14]5,3,4)([15]0,8,3)([16]13,0,7)([17]14,15,2)([18]17,12,7)([19]11,10,4)([20]4,18,3)([21]16,2,2)([22]20,1,4)([23]8,16,7)([24]17,19,2)([25]1,10,7)([26]22,0,1)([27]22,6,4)([28]17,6,6)([29]22,4,5)([30]2,28,1)([31]29,19,6)([32]17,28,2)([33]1,19,2)([34]5,13,5)([35]33,28,3)([36]30,29,5)([37]31,14,3)([38]20,9,5)([39]17,5,4)([40]20,35,7)([41]21,13,3)([42]16,37,5)([43]10,40,5)([44]16,18,4)([45]31,44,3)([46]45,2,5)([47]29,25,0)([48]34,7,3)([49]16,36,3)([50]7,26,2)([51]49,22,0)([52]22,7,7)([53]46,22,6)([54]35,44,2)([55]25,46,2)([56]5,43,4)([57]2,39,6)([58]56,51,4)([59]9,7,2)([60]27,58,7)([61]50,55,6)([62]61,40,7)([63]8,4,5)([64]17,21,1)([65]42,43,7)([66]13,20,2)([67]31,61,4)([68]47,34,7)([69]44,48,5)([70]29,68,6)([71]36,23,7)([72]30,25,5)([73]60,69,5)([74]55,55,5)([75]62,73,3)([76]58,69,1)([77]53,52,1)([78]69,66,1)([79]34,71,2)([80]46,77,7)([81]75,65,7)([82]15,62,4)([83]0,70,5)([84]38,7,5)([85]80,49,4)([86]31,45,0)(81)
optimized area: 146.17
time: 631015 ms
seed: 1635180459
NOT FOUND
time: 538279 ms
seed: 1635311157
NOT FOUND
time: 994429 ms
seed: 1635468917
NOT FOUND
time: 983482 ms
seed: 1635611634
{7,1,80,1,2,1,8}([7]6,3,5)([8]6,4,2)([9]4,2,4)([10]2,5,6)([11]9,5,4)([12]0,4,4)([13]1,7,4)([14]9,0,2)([15]1,12,6)([16]1,9,4)([17]15,8,3)([18]15,14,7)([19]18,16,7)([20]7,9,7)([21]10,20,7)([22]11,7,4)([23]19,3,4)([24]17,5,6)([25]23,16,6)([26]23,9,2)([27]15,25,3)([28]17,20,7)([29]3,0,6)([30]2,16,0)([31]1,22,7)([32]16,14,5)([33]4,6,4)([34]22,7,5)([35]10,24,7)([36]21,0,3)([37]27,22,2)([38]33,4,1)([39]37,27,6)([40]36,22,2)([41]39,5,1)([42]5,37,3)([43]12,33,7)([44]36,4,4)([45]13,37,3)([46]45,35,7)([47]28,39,5)([48]3,46,7)([49]29,48,3)([50]28,17,2)([51]42,29,5)([52]26,44,7)([53]9,47,1)([54]23,49,5)([55]13,18,3)([56]54,55,2)([57]2,22,2)([58]46,51,7)([59]56,40,5)([60]39,18,3)([61]52,47,2)([62]23,52,4)([63]49,43,6)([64]44,50,3)([65]61,43,4)([66]58,65,2)([67]9,18,0)([68]0,62,5)([69]45,60,6)([70]14,40,3)([71]66,18,4)([72]71,59,2)([73]30,54,6)([74]17,42,2)([75]74,16,5)([76]43,57,6)([77]59,61,6)([78]4,72,7)([79]78,44,0)([80]44,45,2)([81]52,34,4)([82]10,77,5)([83]26,35,5)([84]5,55,2)([85]28,65,3)([86]14,35,0)(72)
evaluations: 17003977
first invidual area: 164.01
{7,1,80,1,2,1,8}([7]6,3,5)([8]4,6,2)([9]4,2,4)([10]2,5,6)([11]0,9,5)([12]0,4,4)([13]7,1,4)([14]9,3,4)([15]1,12,6)([16]3,0,6)([17]15,8,3)([18]11,15,4)([19]18,14,7)([20]7,9,7)([21]20,10,7)([22]20,5,7)([23]1,19,4)([24]1,5,5)([25]13,23,6)([26]17,1,6)([27]15,25,3)([28]5,3,1)([29]17,20,7)([30]27,3,1)([31]23,9,5)([32]5,17,3)([33]24,7,1)([34]7,6,3)([35]23,26,1)([36]21,0,3)([37]27,22,2)([38]21,0,6)([39]10,32,7)([40]36,22,2)([41]29,30,5)([42]37,5,3)([43]6,0,7)([44]36,4,4)([45]13,37,6)([46]45,39,7)([47]23,14,6)([48]39,30,2)([49]31,29,0)([50]46,3,7)([51]16,42,5)([52]44,31,4)([53]28,32,6)([54]23,50,5)([55]54,6,7)([56]40,54,2)([57]33,9,4)([58]31,11,7)([59]24,56,5)([60]39,18,3)([61]52,41,5)([62]46,51,7)([63]56,44,2)([64]31,31,1)([65]61,43,7)([66]62,65,5)([67]52,51,2)([68]67,48,0)([69]59,47,5)([70]2,66,7)([71]66,18,7)([72]71,59,2)([73]70,60,2)([74]48,25,2)([75]46,38,3)([76]4,2,5)([77]28,45,3)([78]49,1,5)([79]38,35,7)([80]30,61,7)([81]13,66,5)([82]40,79,7)([83]39,50,3)([84]35,81,0)([85]9,59,3)([86]68,76,3)(72)
optimized area: 149.00
time: 1381623 ms
seed: 1635659327
NOT FOUND
time: 1058662 ms
seed: 1635707177
{7,1,80,1,2,1,8}([7]5,1,7)([8]1,4,6)([9]2,5,7)([10]8,8,1)([11]0,3,2)([12]7,4,2)([13]9,9,1)([14]3,5,5)([15]12,3,4)([16]5,12,6)([17]13,8,4)([18]11,17,6)([19]16,0,7)([20]5,1,5)([21]17,4,7)([22]3,11,3)([23]14,2,4)([24]22,8,7)([25]6,4,4)([26]21,7,3)([27]20,25,2)([28]26,6,3)([29]18,25,4)([30]15,27,6)([31]19,9,5)([32]29,16,4)([33]23,30,3)([34]33,17,1)([35]10,23,1)([36]26,6,2)([37]20,24,0)([38]14,22,1)([39]24,36,5)([40]34,39,2)([41]4,15,4)([42]11,34,3)([43]29,34,4)([44]42,35,7)([45]3,36,2)([46]8,1,5)([47]31,32,0)([48]29,25,2)([49]41,32,6)([50]47,28,3)([51]0,48,3)([52]7,9,1)([53]39,43,4)([54]25,42,3)([55]48,20,3)([56]51,49,3)([57]44,51,4)([58]5,7,4)([59]53,19,3)([60]57,40,6)([61]60,50,2)([62]21,32,4)([63]50,52,3)([64]63,60,1)([65]21,11,7)([66]52,33,2)([67]32,43,0)([68]52,17,4)([69]51,65,6)([70]56,59,4)([71]49,10,3)([72]70,69,6)([73]23,51,5)([74]63,62,6)([75]73,56,2)([76]26,27,2)([77]1,2,5)([78]52,34,7)([79]43,18,1)([80]54,17,7)([81]18,77,2)([82]70,18,4)([83]72,61,7)([84]70,39,7)([85]36,0,1)([86]74,41,5)(83)
evaluations: 47333382
first invidual area: 158.35
{7,1,80,1,2,1,8}([7]5,1,7)([8]1,4,6)([9]2,5,7)([10]5,1,0)([11]0,3,2)([12]7,4,2)([13]9,1,1)([14]3,5,5)([15]12,3,4)([16]5,12,6)([17]13,8,4)([18]11,17,6)([19]16,0,7)([20]10,1,5)([21]17,4,7)([22]8,21,1)([23]14,2,4)([24]3,8,7)([25]6,4,4)([26]7,21,3)([27]20,25,2)([28]26,6,3)([29]18,25,4)([30]15,27,6)([31]19,9,5)([32]26,28,5)([33]23,30,6)([34]10,12,1)([35]33,4,0)([36]26,6,2)([37]15,11,4)([38]34,36,3)([39]24,36,5)([40]35,39,2)([41]4,15,4)([42]11,35,3)([43]29,35,4)([44]42,8,4)([45]19,42,4)([46]6,16,4)([47]34,40,5)([48]17,25,2)([49]41,46,6)([50]31,28,3)([51]0,48,3)([52]1,33,1)([53]39,43,4)([54]36,32,7)([55]46,42,3)([56]51,49,3)([57]44,51,7)([58]25,53,5)([59]53,19,3)([60]57,40,6)([61]60,50,5)([62]46,5,3)([63]11,17,3)([64]13,60,0)([65]21,13,1)([66]27,24,6)([67]30,28,2)([68]51,21,1)([69]51,65,6)([70]56,59,4)([71]48,45,4)([72]70,69,3)([73]46,5,7)([74]34,37,7)([75]37,41,2)([76]17,58,1)([77]26,33,0)([78]75,41,1)([79]12,17,4)([80]4,55,1)([81]44,25,0)([82]64,49,5)([83]72,61,7)([84]60,76,2)([85]54,66,2)([86]56,7,3)(83)
optimized area: 148.05
time: 1073439 ms
seed: 1635754457
NOT FOUND
time: 1057328 ms
seed: 1635801339
{7,1,80,1,2,1,8}([7]2,6,4)([8]6,0,2)([9]5,6,7)([10]4,7,2)([11]5,0,4)([12]1,4,4)([13]8,12,5)([14]1,11,4)([15]2,8,4)([16]3,9,4)([17]14,7,0)([18]0,6,4)([19]15,17,4)([20]4,14,2)([21]20,1,6)([22]16,4,3)([23]12,16,3)([24]11,12,6)([25]21,14,3)([26]3,2,5)([27]19,20,4)([28]22,1,2)([29]12,22,4)([30]29,18,3)([31]29,10,4)([32]29,11,4)([33]2,9,7)([34]26,31,3)([35]31,24,3)([36]24,25,5)([37]25,26,6)([38]17,5,3)([39]27,10,4)([40]9,13,5)([41]15,13,4)([42]38,34,6)([43]24,38,5)([44]38,41,4)([45]24,33,5)([46]44,21,6)([47]45,4,7)([48]16,38,2)([49]16,36,1)([50]30,48,2)([51]40,35,7)([52]40,10,6)([53]51,46,6)([54]1,6,3)([55]37,42,6)([56]47,16,4)([57]10,36,2)([58]22,50,2)([59]43,23,1)([60]39,10,3)([61]53,55,4)([62]41,15,4)([63]45,55,2)([64]43,39,2)([65]13,41,5)([66]56,58,3)([67]64,66,3)([68]45,66,6)([69]6,12,0)([70]69,57,5)([71]45,35,5)([72]64,41,6)([73]30,72,6)([74]8,35,2)([75]7,23,2)([76]28,68,1)([77]0,9,0)([78]27,40,1)([79]6,39,7)([80]38,11,2)([81]61,67,2)([82]2,10,6)([83]9,59,1)([84]11,83,2)([85]44,24,4)([86]85,43,7)(81)
evaluations: 36845471
first invidual area: 156.97
{7,1,80,1,2,1,8}([7]2,6,4)([8]0,6,2)([9]6,5,7)([10]4,7,2)([11]5,0,4)([12]1,4,4)([13]8,12,5)([14]11,1,4)([15]8,2,4)([16]3,9,4)([17]14,3,4)([18]0,15,5)([19]15,10,4)([20]4,14,2)([21]20,1,6)([22]4,16,3)([23]21,14,3)([24]11,12,6)([25]19,6,7)([26]2,17,5)([27]19,20,3)([28]14,27,4)([29]12,22,4)([30]1,17,3)([31]29,10,4)([32]13,6,7)([33]2,9,7)([34]26,31,3)([35]31,24,6)([36]26,26,3)([37]23,36,6)([38]5,14,3)([39]7,11,0)([40]13,9,5)([41]15,13,7)([42]38,34,6)([43]39,24,5)([44]38,41,7)([45]24,33,5)([46]44,21,6)([47]4,45,7)([48]47,38,2)([49]24,2,0)([50]10,49,7)([51]40,35,4)([52]42,37,6)([53]51,46,6)([54]44,8,4)([55]1,36,6)([56]47,16,4)([57]49,47,0)([58]48,30,2)([59]12,22,7)([60]23,34,5)([61]53,52,4)([62]38,3,6)([63]59,53,2)([64]43,28,2)([65]57,30,1)([66]56,58,3)([67]64,66,3)([68]7,49,7)([69]33,32,4)([70]37,12,3)([71]23,57,0)([72]60,56,6)([73]40,36,6)([74]66,0,3)([75]57,15,5)([76]59,71,0)([77]65,20,6)([78]19,72,2)([79]56,48,2)([80]38,74,6)([81]61,67,2)([82]24,78,3)([83]82,56,5)([84]31,18,3)([85]72,44,0)([86]10,14,3)(81)
optimized area: 152.28
time: 1127097 ms
seed: 1635844609
{7,1,80,1,2,1,8}([7]3,0,7)([8]0,6,7)([9]4,0,7)([10]2,7,1)([11]10,4,4)([12]5,2,4)([13]2,4,0)([14]4,11,2)([15]12,1,7)([16]9,15,1)([17]13,16,5)([18]15,2,2)([19]17,12,3)([20]15,11,3)([21]6,3,2)([22]20,7,6)([23]6,6,6)([24]8,0,5)([25]3,19,1)([26]18,15,1)([27]2,3,4)([28]19,11,5)([29]2,27,1)([30]28,25,6)([31]0,1,4)([32]25,19,2)([33]6,31,6)([34]6,28,3)([35]9,31,2)([36]11,22,7)([37]2,19,4)([38]30,15,5)([39]36,25,7)([40]15,9,2)([41]23,35,6)([42]19,31,7)([43]24,27,2)([44]24,20,2)([45]24,1,2)([46]21,39,6)([47]2,11,2)([48]42,38,4)([49]42,6,1)([50]26,46,4)([51]8,40,6)([52]44,49,3)([53]28,35,3)([54]20,7,2)([55]19,14,2)([56]33,52,4)([57]43,15,3)([58]53,23,2)([59]41,57,6)([60]56,56,6)([61]58,51,7)([62]3,31,7)([63]27,49,3)([64]12,34,3)([65]12,58,5)([66]63,59,7)([67]10,58,1)([68]5,48,3)([69]56,46,7)([70]3,68,4)([71]48,66,4)([72]70,54,4)([73]48,70,6)([74]61,69,0)([75]28,34,6)([76]69,71,2)([77]9,55,2)([78]25,0,0)([79]7,16,0)([80]19,4,1)([81]47,61,0)([82]76,74,7)([83]47,6,2)([84]82,50,5)([85]51,32,1)([86]3,61,4)(82)
evaluations: 13976612
first invidual area: 146.64
{7,1,80,1,2,1,8}([7]2,5,7)([8]7,7,1)([9]1,0,5)([10]0,4,7)([11]2,4,7)([12]1,5,0)([13]5,7,5)([14]11,11,3)([15]12,7,4)([16]3,4,5)([17]3,3,1)([18]7,6,4)([19]13,10,3)([20]13,16,3)([21]1,17,4)([22]21,20,2)([23]6,2,1)([24]0,6,5)([25]10,15,2)([26]21,15,6)([27]17,2,7)([28]11,19,5)([29]28,17,6)([30]6,17,3)([31]0,1,4)([32]29,15,5)([33]29,23,0)([34]27,28,1)([35]10,31,2)([36]24,27,2)([37]11,26,6)([38]23,15,0)([39]0,23,4)([40]17,37,7)([41]22,31,2)([42]31,19,4)([43]42,24,3)([44]33,32,2)([45]6,3,2)([46]45,40,6)([47]35,38,6)([48]6,31,3)([49]3,11,5)([50]42,46,2)([51]39,25,6)([52]22,23,5)([53]28,35,3)([54]52,1,1)([55]43,48,5)([56]36,15,3)([57]4,44,3)([58]2,41,6)([59]47,56,6)([60]38,53,5)([61]51,60,7)([62]7,60,5)([63]7,48,0)([64]42,34,3)([65]7,41,2)([66]64,59,4)([67]25,10,6)([68]28,2,4)([69]55,46,4)([70]10,50,2)([71]66,32,7)([72]36,45,1)([73]64,38,7)([74]1,58,5)([75]35,34,6)([76]69,71,5)([77]67,53,3)([78]44,64,3)([79]2,73,6)([80]77,50,5)([81]27,52,0)([82]76,61,7)([83]24,28,3)([84]48,14,0)([85]5,3,6)([86]46,68,0)(82)
optimized area: 127.42
time: 1225616 ms
seed: 1635886602
{7,1,80,1,2,1,8}([7]6,5,1)([8]7,2,6)([9]7,4,5)([10]5,9,2)([11]5,1,1)([12]1,3,4)([13]5,6,6)([14]7,4,6)([15]2,0,4)([16]3,4,4)([17]5,13,7)([18]15,1,5)([19]2,18,4)([20]5,2,3)([21]13,15,4)([22]16,2,2)([23]0,14,3)([24]9,17,7)([25]24,19,5)([26]2,15,2)([27]16,20,4)([28]22,1,4)([29]23,12,7)([30]11,8,3)([31]30,25,5)([32]7,28,4)([33]20,17,6)([34]31,23,5)([35]21,27,4)([36]15,24,7)([37]1,0,6)([38]26,23,7)([39]38,14,2)([40]10,32,7)([41]37,33,7)([42]27,39,3)([43]5,6,3)([44]6,34,5)([45]36,32,2)([46]44,36,7)([47]44,6,3)([48]29,4,1)([49]45,35,3)([50]31,38,3)([51]46,41,2)([52]46,37,0)([53]49,51,2)([54]5,52,0)([55]17,46,2)([56]49,49,3)([57]2,32,4)([58]13,38,5)([59]55,31,2)([60]9,12,2)([61]58,19,4)([62]44,42,2)([63]62,37,5)([64]12,24,6)([65]35,13,1)([66]40,58,6)([67]53,58,3)([68]42,33,1)([69]18,10,1)([70]50,60,3)([71]39,12,3)([72]50,36,7)([73]63,70,5)([74]73,53,6)([75]10,1,1)([76]22,2,6)([77]43,16,7)([78]13,8,5)([79]49,1,4)([80]32,63,6)([81]38,9,0)([82]46,11,3)([83]73,76,0)([84]48,32,7)([85]27,68,0)([86]32,78,0)(74)
evaluations: 19870122
first invidual area: 137.25
{7,1,80,1,2,1,8}([7]6,5,1)([8]2,7,6)([9]4,7,5)([10]3,1,4)([11]7,10,1)([12]5,3,1)([13]5,6,3)([14]7,4,6)([15]0,2,4)([16]4,3,7)([17]5,7,3)([18]1,15,5)([19]18,2,4)([20]5,2,6)([21]13,15,4)([22]2,21,5)([23]14,0,3)([24]17,9,5)([25]24,19,5)([26]2,15,5)([27]16,20,4)([28]22,1,4)([29]13,2,3)([30]12,8,3)([31]25,30,5)([32]28,7,7)([33]15,3,6)([34]31,23,5)([35]27,21,7)([36]24,15,4)([37]1,0,6)([38]23,26,4)([39]37,29,4)([40]24,22,1)([41]25,38,5)([42]37,40,3)([43]16,34,6)([44]34,6,5)([45]44,32,2)([46]44,36,4)([47]10,9,2)([48]12,9,7)([49]45,35,3)([50]29,21,7)([51]46,39,2)([52]45,20,1)([53]49,51,2)([54]28,30,0)([55]26,46,7)([56]47,31,3)([57]51,43,0)([58]6,47,5)([59]9,40,1)([60]39,1,1)([61]27,43,3)([62]44,61,2)([63]62,37,5)([64]24,28,6)([65]11,61,4)([66]49,32,5)([67]42,23,0)([68]64,62,5)([69]51,44,7)([70]56,38,3)([71]36,55,5)([72]61,23,1)([73]63,70,5)([74]69,64,4)([75]6,50,4)([76]73,18,4)([77]65,6,5)([78]43,42,6)([79]29,61,3)([80]15,18,7)([81]73,53,6)([82]49,50,3)([83]0,65,4)([84]76,80,6)([85]3,70,1)([86]58,75,0)(81)
optimized area: 131.14
time: 1257294 ms
seed: 1635922682
NOT FOUND
time: 1059932 ms
seed: 1635958981
NOT FOUND
time: 1063411 ms
seed: 1635994812
{7,1,80,1,2,1,8}([7]3,5,2)([8]2,4,4)([9]3,5,7)([10]8,1,4)([11]8,5,4)([12]1,0,7)([13]2,11,6)([14]4,1,5)([15]10,7,5)([16]0,15,5)([17]8,6,6)([18]14,2,2)([19]10,9,4)([20]4,11,4)([21]6,10,5)([22]5,21,7)([23]18,3,7)([24]22,12,3)([25]4,19,6)([26]9,5,6)([27]24,20,6)([28]16,17,7)([29]26,6,6)([30]16,25,4)([31]30,13,5)([32]3,17,5)([33]4,27,2)([34]1,9,4)([35]34,32,4)([36]31,17,1)([37]30,23,4)([38]25,21,5)([39]27,29,7)([40]35,10,3)([41]39,23,7)([42]26,30,5)([43]41,40,2)([44]31,42,5)([45]30,29,5)([46]33,1,3)([47]22,44,3)([48]47,13,2)([49]43,37,5)([50]47,34,0)([51]28,15,3)([52]49,28,4)([53]30,47,4)([54]43,46,2)([55]49,54,3)([56]52,38,0)([57]52,2,3)([58]25,42,3)([59]53,55,1)([60]33,10,3)([61]44,13,4)([62]32,1,6)([63]9,42,3)([64]58,50,7)([65]39,43,3)([66]20,31,6)([67]65,62,6)([68]25,6,4)([69]50,56,2)([70]1,18,4)([71]12,40,5)([72]46,60,7)([73]2,35,2)([74]34,67,2)([75]37,6,4)([76]66,10,1)([77]54,69,3)([78]1,56,7)([79]0,39,7)([80]23,74,6)([81]74,39,4)([82]19,1,7)([83]21,35,2)([84]8,75,2)([85]28,24,6)([86]65,48,4)(77)
evaluations: 21325491
first invidual area: 136.34
{7,1,80,1,2,1,8}([7]5,3,2)([8]2,4,4)([9]3,5,7)([10]1,8,4)([11]1,6,7)([12]1,0,7)([13]2,11,6)([14]1,10,5)([15]10,7,5)([16]15,0,5)([17]6,8,6)([18]14,2,5)([19]9,10,4)([20]2,5,4)([21]6,10,5)([22]5,21,7)([23]3,18,7)([24]20,22,3)([25]4,19,6)([26]9,5,6)([27]24,12,3)([28]24,4,3)([29]26,6,3)([30]16,25,4)([31]30,13,5)([32]7,23,5)([33]24,20,3)([34]19,1,4)([35]34,32,5)([36]27,23,4)([37]30,23,7)([38]30,3,6)([39]2,32,0)([40]35,10,3)([41]29,36,7)([42]26,30,5)([43]41,40,2)([44]17,16,7)([45]37,43,5)([46]42,31,5)([47]44,25,1)([48]23,0,6)([49]19,18,1)([50]47,0,1)([51]17,28,3)([52]44,45,4)([53]24,5,6)([54]1,53,3)([55]46,10,0)([56]12,12,0)([57]54,43,2)([58]57,40,7)([59]22,55,3)([60]40,6,4)([61]10,28,3)([62]61,17,7)([63]6,45,1)([64]59,52,2)([65]47,12,7)([66]2,2,2)([67]57,64,3)([68]60,63,2)([69]68,59,5)([70]7,13,0)([71]44,70,0)([72]28,62,4)([73]43,7,3)([74]60,30,2)([75]47,6,0)([76]68,66,6)([77]67,10,5)([78]66,49,1)([79]36,36,1)([80]37,9,5)([81]19,61,5)([82]77,58,5)([83]31,7,5)([84]13,27,7)([85]57,76,2)([86]37,2,0)(67)
optimized area: 133.05
time: 1271872 ms
seed: 1636029417
{7,1,80,1,2,1,8}([7]6,3,3)([8]2,5,2)([9]4,6,5)([10]5,1,2)([11]4,0,3)([12]2,3,6)([13]11,12,2)([14]10,9,4)([15]8,1,7)([16]4,5,4)([17]14,11,4)([18]14,2,2)([19]0,18,4)([20]17,13,4)([21]13,15,4)([22]10,1,7)([23]0,3,4)([24]6,7,7)([25]23,6,7)([26]7,19,7)([27]25,13,3)([28]11,4,2)([29]19,0,4)([30]8,27,3)([31]25,22,5)([32]31,7,2)([33]8,31,7)([34]32,19,2)([35]2,16,4)([36]0,18,3)([37]20,6,2)([38]24,20,0)([39]35,38,6)([40]30,5,2)([41]30,34,7)([42]37,41,5)([43]32,37,6)([44]26,42,3)([45]42,21,3)([46]43,35,5)([47]26,26,1)([48]15,35,7)([49]27,5,5)([50]34,12,3)([51]16,15,2)([52]21,39,6)([53]40,51,3)([54]42,29,6)([55]8,45,7)([56]37,1,0)([57]30,44,6)([58]48,30,7)([59]49,20,6)([60]6,10,3)([61]19,0,3)([62]44,17,3)([63]54,27,5)([64]46,21,4)([65]60,37,4)([66]42,53,4)([67]13,45,6)([68]11,66,2)([69]52,66,6)([70]53,53,2)([71]57,4,1)([72]64,36,4)([73]14,67,3)([74]63,69,4)([75]72,74,7)([76]42,28,4)([77]17,60,2)([78]55,68,6)([79]67,25,0)([80]14,5,5)([81]76,78,0)([82]36,59,3)([83]76,28,4)([84]67,76,2)([85]84,57,5)([86]62,46,4)(75)
evaluations: 35236110
first invidual area: 147.60
{7,1,80,1,2,1,8}([7]6,3,3)([8]2,5,2)([9]4,6,5)([10]1,5,5)([11]4,0,3)([12]2,3,6)([13]11,12,2)([14]10,9,7)([15]8,1,7)([16]4,5,4)([17]14,13,4)([18]17,2,2)([19]18,0,3)([20]11,17,4)([21]13,15,4)([22]1,10,5)([23]6,0,4)([24]14,10,5)([25]3,23,7)([26]15,16,2)([27]25,13,3)([28]3,22,1)([29]20,5,4)([30]27,8,3)([31]25,22,5)([32]7,31,2)([33]32,19,5)([34]16,30,5)([35]2,16,4)([36]27,2,4)([37]20,6,2)([38]6,28,3)([39]35,38,6)([40]30,5,2)([41]30,33,4)([42]37,41,5)([43]32,37,6)([44]11,40,0)([45]3,43,1)([46]43,35,5)([47]15,30,6)([48]46,16,6)([49]14,46,6)([50]16,4,1)([51]38,30,0)([52]21,39,6)([53]40,26,3)([54]23,42,6)([55]53,26,0)([56]21,24,0)([57]45,16,0)([58]14,30,3)([59]15,32,2)([60]54,27,5)([61]4,39,2)([62]36,43,5)([63]12,32,6)([64]46,21,7)([65]31,49,6)([66]42,53,4)([67]2,40,2)([68]9,45,1)([69]52,66,6)([70]58,31,7)([71]42,57,4)([72]64,19,4)([73]35,11,7)([74]60,69,4)([75]72,74,4)([76]12,49,3)([77]40,33,4)([78]62,2,5)([79]54,2,5)([80]31,31,4)([81]76,64,6)([82]16,35,3)([83]10,44,1)([84]2,20,7)([85]40,64,3)([86]14,0,5)(75)
optimized area: 133.51
time: 1155679 ms
