seed: 1634023088
{7,1,80,1,2,1,8}([7]6,1,2)([8]6,3,4)([9]7,6,7)([10]2,5,5)([11]0,5,3)([12]4,11,3)([13]0,9,4)([14]10,4,2)([15]2,3,7)([16]8,14,3)([17]0,5,4)([18]0,4,2)([19]14,7,4)([20]1,19,4)([21]10,7,3)([22]11,4,3)([23]20,13,7)([24]3,16,2)([25]8,21,4)([26]20,15,5)([27]13,4,4)([28]23,11,1)([29]25,0,7)([30]8,23,3)([31]27,1,2)([32]19,30,5)([33]10,18,4)([34]29,6,4)([35]32,15,3)([36]5,7,3)([37]21,31,3)([38]29,36,5)([39]20,21,3)([40]24,15,4)([41]34,17,5)([42]10,6,2)([43]22,1,4)([44]12,12,6)([45]35,37,4)([46]3,41,5)([47]4,25,6)([48]33,41,5)([49]48,13,3)([50]33,20,5)([51]32,27,3)([52]7,48,3)([53]49,3,0)([54]50,25,6)([55]17,51,4)([56]38,28,6)([57]40,28,4)([58]4,26,3)([59]1,46,1)([60]49,40,7)([61]3,34,4)([62]46,45,2)([63]6,53,6)([64]18,35,7)([65]19,17,2)([66]26,43,7)([67]9,66,6)([68]43,29,1)([69]43,19,1)([70]42,67,4)([71]40,56,7)([72]3,6,6)([73]60,66,2)([74]36,57,7)([75]23,13,1)([76]73,62,3)([77]48,15,6)([78]25,32,6)([79]76,62,6)([80]25,36,2)([81]18,71,5)([82]29,67,3)([83]76,81,4)([84]11,36,4)([85]62,22,0)([86]41,23,1)(83)
evaluations: 13055095
first invidual area: 152.28
{7,1,80,1,2,1,8}([7]6,1,2)([8]3,6,4)([9]0,7,4)([10]5,2,5)([11]0,5,3)([12]8,4,3)([13]9,6,7)([14]4,11,3)([15]3,2,7)([16]10,4,5)([17]1,7,7)([18]4,0,2)([19]7,16,7)([20]1,19,4)([21]5,9,4)([22]21,3,6)([23]13,20,7)([24]5,5,0)([25]12,3,5)([26]15,20,5)([27]23,4,4)([28]11,21,7)([29]10,18,4)([30]8,23,3)([31]9,2,5)([32]30,19,5)([33]25,15,4)([34]8,18,7)([35]32,15,3)([36]19,34,4)([37]31,4,4)([38]36,24,5)([39]6,27,3)([40]27,20,2)([41]40,10,3)([42]21,34,5)([43]26,1,7)([44]5,1,1)([45]35,41,5)([46]13,8,0)([47]22,25,4)([48]42,29,5)([49]48,13,6)([50]3,4,6)([51]26,7,5)([52]18,42,5)([53]14,43,4)([54]52,18,7)([55]22,10,4)([56]38,27,6)([57]51,12,3)([58]41,49,0)([59]33,49,7)([60]47,44,1)([61]38,3,5)([62]61,45,2)([63]27,51,0)([64]41,19,1)([65]35,51,2)([66]28,46,1)([67]29,58,3)([68]0,36,7)([69]65,9,3)([70]7,66,2)([71]56,33,4)([72]58,58,1)([73]34,33,1)([74]59,53,2)([75]40,35,0)([76]74,62,6)([77]15,72,3)([78]2,59,0)([79]24,34,0)([80]25,5,0)([81]18,71,5)([82]6,37,7)([83]76,81,7)([84]13,9,4)([85]41,38,3)([86]78,45,6)(83)
optimized area: 137.75
time: 664815 ms
seed: 1634071931
{7,1,80,1,2,1,8}([7]0,5,4)([8]1,6,5)([9]3,5,6)([10]2,4,7)([11]7,5,2)([12]11,10,6)([13]7,3,7)([14]10,8,6)([15]10,2,5)([16]5,2,5)([17]2,0,5)([18]3,6,4)([19]7,6,3)([20]12,2,0)([21]7,14,6)([22]21,1,7)([23]16,4,7)([24]9,13,7)([25]19,14,5)([26]1,6,4)([27]12,25,4)([28]27,0,5)([29]22,9,5)([30]16,15,5)([31]18,7,5)([32]31,26,5)([33]28,4,7)([34]25,22,6)([35]12,26,5)([36]35,10,6)([37]31,10,3)([38]23,3,5)([39]21,13,5)([40]6,32,7)([41]0,23,0)([42]30,10,4)([43]38,27,4)([44]10,22,2)([45]17,9,6)([46]30,29,7)([47]33,6,6)([48]41,20,7)([49]3,30,5)([50]30,12,0)([51]29,11,0)([52]40,44,3)([53]12,4,0)([54]35,46,7)([55]30,7,6)([56]22,54,4)([57]22,2,5)([58]24,32,3)([59]47,52,5)([60]31,6,7)([61]57,7,4)([62]49,20,4)([63]58,33,3)([64]34,29,4)([65]54,40,0)([66]54,59,7)([67]64,2,2)([68]36,14,6)([69]46,19,5)([70]52,3,5)([71]49,39,6)([72]26,22,3)([73]39,12,4)([74]7,32,4)([75]58,56,3)([76]44,46,6)([77]36,63,4)([78]59,24,2)([79]66,43,6)([80]45,79,7)([81]80,62,4)([82]64,36,4)([83]57,9,7)([84]75,81,2)([85]55,0,6)([86]45,71,0)(84)
evaluations: 15301557
first invidual area: 148.05
{7,1,80,1,2,1,8}([7]0,5,4)([8]0,2,5)([9]5,3,6)([10]2,4,7)([11]7,5,2)([12]10,11,6)([13]6,1,5)([14]7,1,5)([15]13,10,6)([16]2,4,5)([17]14,10,1)([18]2,5,5)([19]7,15,6)([20]4,18,7)([21]11,15,0)([22]19,1,7)([23]0,10,5)([24]22,15,1)([25]1,6,4)([26]9,3,6)([27]15,12,4)([28]3,24,5)([29]9,22,5)([30]18,16,5)([31]9,8,3)([32]25,28,5)([33]23,4,7)([34]7,26,7)([35]3,20,5)([36]22,10,2)([37]3,32,6)([38]6,33,6)([39]3,30,5)([40]27,25,5)([41]32,34,1)([42]16,2,5)([43]35,27,7)([44]20,18,0)([45]42,11,0)([46]30,29,7)([47]15,6,2)([48]13,25,6)([49]5,7,7)([50]42,31,6)([51]23,23,7)([52]21,14,3)([53]40,46,7)([54]15,48,4)([55]39,49,2)([56]36,41,3)([57]54,15,2)([58]34,32,3)([59]26,51,1)([60]0,54,4)([61]38,56,5)([62]24,53,7)([63]53,32,3)([64]49,43,5)([65]62,58,3)([66]53,61,7)([67]9,46,0)([68]0,44,1)([69]15,14,4)([70]12,39,7)([71]16,21,3)([72]27,38,4)([73]15,19,0)([74]62,68,5)([75]4,67,3)([76]25,26,0)([77]60,22,2)([78]29,39,3)([79]43,66,3)([80]31,79,4)([81]80,70,4)([82]62,45,3)([83]75,25,0)([84]65,81,2)([85]8,53,6)([86]24,40,5)(84)
optimized area: 134.91
time: 660958 ms
seed: 1634233483
{7,1,80,1,2,1,8}([7]0,6,2)([8]3,5,3)([9]8,4,3)([10]0,1,4)([11]9,2,5)([12]2,2,1)([13]8,0,2)([14]12,10,3)([15]14,12,3)([16]3,15,5)([17]1,15,5)([18]7,17,2)([19]17,15,4)([20]3,7,4)([21]8,0,3)([22]16,18,5)([23]4,22,3)([24]11,19,7)([25]0,5,4)([26]13,6,6)([27]4,14,5)([28]25,17,4)([29]12,18,0)([30]6,11,2)([31]28,20,5)([32]24,26,2)([33]15,25,6)([34]27,21,2)([35]7,16,5)([36]34,15,5)([37]31,23,5)([38]33,7,2)([39]7,5,5)([40]35,21,2)([41]1,30,4)([42]2,26,4)([43]7,1,6)([44]32,19,7)([45]34,37,1)([46]15,38,6)([47]45,43,0)([48]44,11,0)([49]21,3,2)([50]1,37,5)([51]23,40,3)([52]19,35,0)([53]31,42,5)([54]29,39,3)([55]15,1,4)([56]53,23,7)([57]49,48,7)([58]18,2,3)([59]41,22,5)([60]5,18,7)([61]57,53,0)([62]47,56,3)([63]41,60,2)([64]61,36,5)([65]44,1,3)([66]55,8,1)([67]64,63,3)([68]18,19,0)([69]63,28,0)([70]9,42,5)([71]62,67,2)([72]69,25,2)([73]65,55,6)([74]18,37,0)([75]1,45,4)([76]37,4,3)([77]44,68,5)([78]69,56,3)([79]62,52,6)([80]75,0,2)([81]32,16,6)([82]9,59,1)([83]44,41,1)([84]14,0,0)([85]66,6,5)([86]63,54,3)(71)
evaluations: 37057582
first invidual area: 118.03
{7,1,80,1,2,1,8}([7]1,0,4)([8]5,3,3)([9]8,4,3)([10]8,0,2)([11]9,2,5)([12]0,6,2)([13]9,0,3)([14]11,7,3)([15]14,3,5)([16]11,6,5)([17]1,14,5)([18]12,17,2)([19]14,17,5)([20]19,11,7)([21]6,1,0)([22]15,18,5)([23]5,5,3)([24]1,20,2)([25]0,17,7)([26]10,6,6)([27]4,14,5)([28]23,25,7)([29]12,7,5)([30]3,18,4)([31]4,22,3)([32]28,23,4)([33]24,27,7)([34]27,13,2)([35]34,9,1)([36]34,14,5)([37]28,30,5)([38]13,13,5)([39]36,2,3)([40]2,6,2)([41]16,1,7)([42]2,26,4)([43]26,20,5)([44]43,19,7)([45]2,3,7)([46]20,26,0)([47]18,5,7)([48]42,28,1)([49]30,7,7)([50]7,45,2)([51]17,41,4)([52]17,37,7)([53]37,42,5)([54]10,13,4)([55]22,19,4)([56]53,31,7)([57]3,44,4)([58]43,13,0)([59]23,3,6)([60]21,54,6)([61]44,35,4)([62]0,41,5)([63]41,47,2)([64]57,36,5)([65]32,19,1)([66]47,43,3)([67]64,63,3)([68]3,3,4)([69]56,35,3)([70]59,21,0)([71]69,67,2)([72]50,30,6)([73]8,64,1)([74]48,12,5)([75]0,5,3)([76]51,17,0)([77]73,13,5)([78]30,16,4)([79]24,4,0)([80]43,45,6)([81]14,35,3)([82]53,50,4)([83]46,6,5)([84]52,45,0)([85]61,3,4)([86]17,44,6)(71)
optimized area: 108.19
time: 569614 ms
seed: 1634370983
{7,1,80,1,2,1,8}([7]5,0,4)([8]3,6,3)([9]4,5,6)([10]2,0,5)([11]7,4,7)([12]1,4,0)([13]9,3,3)([14]11,6,7)([15]10,7,5)([16]6,7,4)([17]5,8,3)([18]16,2,6)([19]14,10,3)([20]7,3,2)([21]19,13,4)([22]6,3,1)([23]15,2,2)([24]20,8,4)([25]13,10,7)([26]23,4,7)([27]2,6,4)([28]6,4,2)([29]0,27,3)([30]27,8,4)([31]1,17,5)([32]23,11,0)([33]20,22,0)([34]5,7,4)([35]28,3,7)([36]29,28,3)([37]25,31,7)([38]26,36,0)([39]36,6,1)([40]30,38,6)([41]4,28,6)([42]20,2,1)([43]36,26,4)([44]25,39,7)([45]35,35,7)([46]3,39,6)([47]18,12,3)([48]43,12,1)([49]36,34,5)([50]46,44,4)([51]30,18,0)([52]13,40,4)([53]12,35,0)([54]12,20,6)([55]47,52,3)([56]18,14,7)([57]14,2,4)([58]13,24,1)([59]31,41,6)([60]43,33,6)([61]5,51,4)([62]60,31,5)([63]28,8,2)([64]1,9,0)([65]56,15,2)([66]11,7,2)([67]62,11,7)([68]12,14,2)([69]47,25,3)([70]5,27,7)([71]47,9,3)([72]19,60,6)([73]21,67,3)([74]41,12,0)([75]63,15,4)([76]43,37,2)([77]32,47,0)([78]64,42,3)([79]75,49,6)([80]73,50,5)([81]65,18,6)([82]55,76,7)([83]39,63,6)([84]47,7,1)([85]82,80,4)([86]21,59,0)(85)
evaluations: 29865100
first invidual area: 132.60
{7,1,80,1,2,1,8}([7]5,0,4)([8]6,3,3)([9]5,4,6)([10]0,2,5)([11]7,4,7)([12]11,6,7)([13]9,3,3)([14]4,3,2)([15]3,2,4)([16]14,7,1)([17]7,5,5)([18]11,1,1)([19]13,7,0)([20]2,4,0)([21]6,4,2)([22]13,2,1)([23]10,8,3)([24]17,20,5)([25]10,13,7)([26]24,4,4)([27]6,20,4)([28]5,8,3)([29]21,27,3)([30]8,27,4)([31]1,28,5)([32]22,17,0)([33]25,3,4)([34]3,7,2)([35]30,26,3)([36]29,0,3)([37]25,31,7)([38]4,12,4)([39]7,29,2)([40]36,28,1)([41]12,10,6)([42]20,38,6)([43]36,26,4)([44]36,25,4)([45]21,31,5)([46]40,3,3)([47]42,1,3)([48]41,19,7)([49]43,23,0)([50]46,44,7)([51]40,4,1)([52]19,35,7)([53]13,46,7)([54]52,36,0)([55]47,52,3)([56]41,6,6)([57]3,44,5)([58]23,57,5)([59]0,9,4)([60]49,34,6)([61]53,42,1)([62]60,31,5)([63]31,40,2)([64]27,3,6)([65]44,31,5)([66]58,33,0)([67]62,11,7)([68]29,46,3)([69]14,38,5)([70]22,56,4)([71]50,15,5)([72]39,11,2)([73]48,67,3)([74]7,52,7)([75]48,68,2)([76]49,37,5)([77]55,33,0)([78]46,70,6)([79]30,61,0)([80]73,50,5)([81]1,62,2)([82]77,76,4)([83]5,36,2)([84]45,61,1)([85]82,80,4)([86]38,19,6)(85)
optimized area: 131.66
time: 582997 ms
seed: 1634420002
NOT FOUND
time: 532609 ms
seed: 1634628326
NOT FOUND
time: 530856 ms
seed: 1635155374
NOT FOUND
time: 533889 ms
seed: 1635204477
{7,1,80,1,2,1,8}([7]0,0,3)([8]4,0,2)([9]1,6,5)([10]3,3,0)([11]4,8,5)([12]3,2,7)([13]0,5,4)([14]7,1,7)([15]4,5,3)([16]15,12,0)([17]2,11,2)([18]17,9,2)([19]6,14,6)([20]18,17,2)([21]2,10,1)([22]11,3,4)([23]3,9,3)([24]13,9,5)([25]4,13,7)([26]25,21,0)([27]6,18,4)([28]21,6,5)([29]14,2,3)([30]14,9,1)([31]23,13,0)([32]21,28,0)([33]1,26,6)([34]21,22,7)([35]3,15,1)([36]17,13,6)([37]32,16,7)([38]22,3,3)([39]14,33,2)([40]30,5,6)([41]15,29,2)([42]14,4,5)([43]9,30,4)([44]14,37,0)([45]4,12,4)([46]5,23,3)([47]26,44,5)([48]11,38,4)([49]27,40,3)([50]22,37,6)([51]34,41,7)([52]28,5,7)([53]49,23,7)([54]43,28,7)([55]16,45,1)([56]45,36,6)([57]51,54,7)([58]5,57,6)([59]33,25,0)([60]56,24,7)([61]50,26,2)([62]17,16,7)([63]13,10,5)([64]14,39,5)([65]47,54,5)([66]16,28,7)([67]60,19,4)([68]65,48,4)([69]68,46,4)([70]31,53,4)([71]57,42,2)([72]45,5,2)([73]51,53,5)([74]14,73,5)([75]25,35,4)([76]69,61,3)([77]76,4,4)([78]65,33,1)([79]40,72,3)([80]2,8,0)([81]5,41,1)([82]2,67,6)([83]46,34,1)([84]76,60,3)([85]84,73,5)([86]30,54,4)(85)
evaluations: 13702729
first invidual area: 137.27
{7,1,80,1,2,1,8}([7]4,4,1)([8]2,2,1)([9]6,1,5)([10]4,3,6)([11]4,0,5)([12]9,4,0)([13]5,0,4)([14]0,1,7)([15]3,11,7)([16]11,15,3)([17]11,12,2)([18]7,15,5)([19]17,2,5)([20]16,7,6)([21]5,4,3)([22]6,19,7)([23]6,8,5)([24]13,12,5)([25]13,4,7)([26]23,16,5)([27]3,3,2)([28]14,25,5)([29]2,16,0)([30]23,14,4)([31]28,25,7)([32]9,30,4)([33]13,8,2)([34]2,15,4)([35]29,13,6)([36]5,27,3)([37]36,9,3)([38]30,14,3)([39]28,31,3)([40]30,5,6)([41]21,38,5)([42]11,20,1)([43]34,0,7)([44]23,24,5)([45]10,43,6)([46]30,5,0)([47]42,25,1)([48]22,9,1)([49]22,40,3)([50]45,9,7)([51]41,34,7)([52]7,45,1)([53]11,35,3)([54]33,0,0)([55]8,10,7)([56]55,35,3)([57]9,43,1)([58]11,2,2)([59]28,32,5)([60]56,24,4)([61]25,45,2)([62]37,49,2)([63]7,22,1)([64]36,54,6)([65]17,21,0)([66]25,50,3)([67]6,22,1)([68]37,16,5)([69]68,59,7)([70]37,42,1)([71]28,26,6)([72]69,11,7)([73]62,51,5)([74]47,7,2)([75]49,3,4)([76]69,61,3)([77]6,8,5)([78]34,16,4)([79]23,69,6)([80]1,79,4)([81]21,23,7)([82]79,39,7)([83]72,66,7)([84]76,60,3)([85]73,84,5)([86]84,18,3)(85)
optimized area: 120.38
time: 631451 ms
seed: 1635384082
NOT FOUND
time: 988563 ms
seed: 1635635216
{7,1,80,1,2,1,8}([7]5,0,7)([8]3,1,7)([9]1,7,6)([10]6,3,3)([11]4,7,5)([12]6,8,5)([13]5,11,7)([14]0,5,5)([15]1,13,5)([16]3,13,4)([17]4,8,5)([18]2,15,3)([19]10,6,7)([20]4,10,7)([21]5,8,7)([22]17,18,5)([23]11,22,6)([24]22,0,5)([25]20,7,3)([26]1,20,6)([27]18,3,5)([28]26,2,6)([29]6,23,7)([30]24,29,4)([31]21,29,6)([32]17,14,0)([33]7,2,1)([34]14,22,5)([35]19,30,2)([36]24,26,0)([37]28,10,7)([38]12,35,2)([39]5,34,5)([40]33,20,2)([41]38,37,6)([42]36,12,2)([43]40,13,2)([44]33,40,4)([45]19,21,0)([46]34,18,3)([47]31,44,4)([48]40,6,6)([49]34,9,5)([50]11,13,4)([51]40,28,2)([52]36,4,3)([53]35,28,6)([54]25,35,6)([55]28,42,7)([56]53,48,4)([57]27,56,7)([58]55,5,1)([59]42,4,0)([60]16,38,6)([61]60,35,1)([62]57,49,5)([63]61,28,6)([64]62,47,6)([65]55,25,2)([66]24,31,5)([67]2,65,3)([68]36,23,2)([69]40,40,2)([70]21,64,4)([71]54,23,0)([72]26,55,1)([73]17,32,5)([74]63,67,7)([75]34,21,6)([76]10,54,4)([77]60,4,7)([78]2,53,7)([79]71,26,4)([80]46,31,6)([81]56,58,2)([82]68,79,1)([83]8,59,5)([84]18,58,3)([85]67,46,3)([86]64,74,3)(86)
evaluations: 40410150
first invidual area: 140.52
{7,1,80,1,2,1,8}([7]5,0,7)([8]1,3,7)([9]2,2,7)([10]3,6,3)([11]7,4,5)([12]8,6,5)([13]5,11,7)([14]11,8,6)([15]13,1,5)([16]2,15,3)([17]8,4,5)([18]5,8,6)([19]3,14,5)([20]10,4,7)([21]9,13,2)([22]17,16,5)([23]3,21,4)([24]22,0,5)([25]7,20,3)([26]20,1,6)([27]17,3,5)([28]26,2,6)([29]6,14,7)([30]24,29,5)([31]14,1,4)([32]17,11,6)([33]7,10,1)([34]6,31,7)([35]19,30,2)([36]20,14,5)([37]3,13,4)([38]12,35,2)([39]29,18,3)([40]30,3,0)([41]30,19,0)([42]24,12,5)([43]16,13,2)([44]40,29,1)([45]24,30,0)([46]33,6,6)([47]39,25,4)([48]1,20,1)([49]33,48,5)([50]5,24,5)([51]30,17,5)([52]33,28,7)([53]30,28,3)([54]38,18,3)([55]28,42,4)([56]53,46,7)([57]27,56,7)([58]57,6,5)([59]19,42,0)([60]37,38,3)([61]4,51,1)([62]57,49,5)([63]60,28,6)([64]62,47,6)([65]55,25,2)([66]35,60,6)([67]2,65,3)([68]17,62,4)([69]1,56,1)([70]32,4,0)([71]67,22,0)([72]43,41,3)([73]65,18,2)([74]63,67,7)([75]4,6,5)([76]10,63,4)([77]54,71,5)([78]28,74,3)([79]15,6,0)([80]20,59,1)([81]68,66,6)([82]18,27,3)([83]9,29,7)([84]69,71,3)([85]11,17,6)([86]64,74,3)(86)
optimized area: 118.95
time: 1130208 ms
seed: 1635682868
NOT FOUND
time: 1050015 ms
seed: 1635730755
{7,1,80,1,2,1,8}([7]4,2,7)([8]7,0,2)([9]8,3,4)([10]0,6,2)([11]3,10,2)([12]3,10,2)([13]6,4,7)([14]8,5,4)([15]7,9,0)([16]6,2,7)([17]3,8,1)([18]3,7,6)([19]6,4,3)([20]2,13,6)([21]11,3,6)([22]12,1,5)([23]1,18,4)([24]14,12,3)([25]20,9,7)([26]24,2,5)([27]25,23,4)([28]27,19,5)([29]28,26,5)([30]9,25,6)([31]23,26,4)([32]4,23,4)([33]25,31,3)([34]16,17,7)([35]26,6,3)([36]17,8,3)([37]0,31,3)([38]36,26,1)([39]30,34,4)([40]32,34,1)([41]24,13,3)([42]25,37,2)([43]29,34,7)([44]0,5,7)([45]44,9,1)([46]41,1,5)([47]38,6,3)([48]45,13,2)([49]38,36,1)([50]33,49,5)([51]18,44,5)([52]18,25,0)([53]48,29,6)([54]46,42,6)([55]1,11,7)([56]27,38,4)([57]50,2,0)([58]5,45,6)([59]51,34,4)([60]54,59,2)([61]27,41,6)([62]33,19,4)([63]52,58,1)([64]63,23,0)([65]50,34,7)([66]11,40,5)([67]18,15,6)([68]55,15,2)([69]15,56,5)([70]16,1,5)([71]37,42,3)([72]27,56,5)([73]57,23,1)([74]34,3,0)([75]70,4,5)([76]53,60,4)([77]34,54,6)([78]43,65,2)([79]66,13,0)([80]78,76,3)([81]28,1,6)([82]26,10,3)([83]21,30,3)([84]9,13,1)([85]25,76,7)([86]81,36,4)(80)
evaluations: 9803371
first invidual area: 129.29
{7,1,80,1,2,1,8}([7]2,4,7)([8]7,0,2)([9]7,3,6)([10]0,6,2)([11]8,3,7)([12]11,0,5)([13]6,4,7)([14]2,3,4)([15]6,4,3)([16]2,13,6)([17]0,5,4)([18]12,14,0)([19]8,5,4)([20]12,3,5)([21]6,18,0)([22]10,3,2)([23]1,9,4)([24]19,22,3)([25]11,16,4)([26]2,24,5)([27]23,25,4)([28]27,15,5)([29]28,26,5)([30]24,13,3)([31]23,26,4)([32]20,2,4)([33]0,14,4)([34]21,14,7)([35]5,21,1)([36]10,3,3)([37]0,31,3)([38]25,31,3)([39]10,4,4)([40]25,37,2)([41]3,1,2)([42]33,36,3)([43]30,1,5)([44]13,17,2)([45]40,43,6)([46]18,34,5)([47]13,22,6)([48]32,40,0)([49]34,29,7)([50]38,20,5)([51]41,27,6)([52]42,36,1)([53]11,51,7)([54]3,2,0)([55]13,3,6)([56]18,11,5)([57]14,39,5)([58]9,8,5)([59]22,53,2)([60]45,46,5)([61]8,38,5)([62]11,18,4)([63]52,50,5)([64]13,42,5)([65]16,19,5)([66]37,35,6)([67]29,44,3)([68]50,34,7)([69]18,43,3)([70]62,15,5)([71]25,5,2)([72]44,8,1)([73]68,49,2)([74]0,10,7)([75]22,28,2)([76]67,60,4)([77]51,27,2)([78]15,39,7)([79]49,71,5)([80]29,64,2)([81]14,19,0)([82]77,73,1)([83]69,11,7)([84]23,79,2)([85]73,76,3)([86]60,27,5)(85)
optimized area: 119.93
time: 1313799 ms
seed: 1635777954
NOT FOUND
time: 1066630 ms
seed: 1635824898
NOT FOUND
time: 1072506 ms
seed: 1635867977
{7,1,80,1,2,1,8}([7]4,6,6)([8]7,1,3)([9]2,4,3)([10]8,2,7)([11]7,0,7)([12]5,1,4)([13]6,8,7)([14]10,0,3)([15]13,5,3)([16]0,4,5)([17]15,14,2)([18]6,17,3)([19]3,8,4)([20]19,9,7)([21]13,12,1)([22]4,1,2)([23]18,20,7)([24]15,3,6)([25]15,0,3)([26]16,13,3)([27]26,4,2)([28]10,3,3)([29]26,3,7)([30]13,24,2)([31]2,29,7)([32]31,4,0)([33]31,10,2)([34]10,0,5)([35]2,19,3)([36]16,26,3)([37]31,21,7)([38]26,24,1)([39]0,0,7)([40]16,19,6)([41]40,1,7)([42]12,11,7)([43]6,2,4)([44]40,18,1)([45]25,35,5)([46]43,29,4)([47]40,9,3)([48]27,12,6)([49]46,22,4)([50]14,33,6)([51]1,10,1)([52]48,33,4)([53]42,49,2)([54]35,6,3)([55]45,34,5)([56]3,33,7)([57]48,7,7)([58]50,32,1)([59]16,56,7)([60]17,28,2)([61]18,6,3)([62]19,20,5)([63]12,1,0)([64]48,16,1)([65]14,19,1)([66]41,53,3)([67]38,23,0)([68]42,28,7)([69]66,57,2)([70]55,23,5)([71]57,55,5)([72]22,4,1)([73]5,65,3)([74]34,31,6)([75]52,12,4)([76]69,18,2)([77]13,44,5)([78]76,56,5)([79]42,54,6)([80]20,15,1)([81]22,36,5)([82]79,65,5)([83]70,82,4)([84]69,31,6)([85]7,76,0)([86]83,78,4)(86)
evaluations: 5658072
first invidual area: 148.05
{7,1,80,1,2,1,8}([7]4,6,6)([8]1,7,3)([9]4,2,3)([10]2,8,7)([11]0,5,5)([12]8,8,3)([13]12,6,7)([14]0,10,3)([15]13,5,3)([16]4,0,5)([17]14,15,2)([18]6,17,3)([19]8,3,4)([20]18,19,7)([21]0,15,3)([22]5,1,4)([23]20,9,7)([24]20,22,3)([25]0,10,5)([26]16,13,3)([27]4,26,2)([28]16,23,6)([29]26,19,5)([30]14,4,1)([31]11,24,0)([32]9,21,6)([33]10,29,5)([34]18,25,7)([35]28,11,0)([36]19,27,3)([37]10,21,1)([38]11,25,7)([39]22,7,6)([40]2,32,2)([41]29,19,4)([42]41,10,1)([43]30,15,6)([44]30,20,6)([45]21,36,5)([46]20,27,7)([47]22,7,7)([48]12,24,7)([49]12,28,7)([50]6,10,5)([51]45,25,5)([52]0,47,3)([53]0,39,7)([54]14,42,0)([55]47,31,6)([56]22,27,6)([57]56,7,7)([58]46,50,4)([59]57,15,0)([60]58,53,2)([61]33,3,4)([62]43,36,0)([63]5,59,2)([64]44,29,4)([65]53,56,4)([66]49,60,3)([67]55,5,0)([68]23,65,0)([69]61,57,2)([70]51,68,5)([71]40,11,1)([72]32,36,3)([73]0,11,2)([74]2,47,0)([75]38,59,4)([76]69,18,2)([77]4,49,4)([78]76,66,5)([79]14,57,6)([80]60,8,4)([81]70,55,3)([82]79,60,5)([83]70,82,5)([84]0,8,0)([85]52,81,7)([86]83,78,4)(86)
optimized area: 126.00
time: 1388151 ms
seed: 1635910095
{7,1,80,1,2,1,8}([7]5,6,3)([8]2,0,4)([9]3,8,6)([10]0,6,3)([11]1,7,5)([12]9,11,5)([13]5,0,3)([14]12,0,2)([15]11,10,2)([16]10,2,4)([17]5,15,3)([18]4,3,2)([19]1,5,7)([20]16,3,7)([21]13,20,2)([22]18,8,6)([23]3,13,0)([24]13,0,4)([25]15,6,4)([26]22,11,2)([27]17,12,3)([28]21,11,6)([29]25,24,7)([30]19,19,2)([31]12,27,7)([32]29,9,4)([33]5,14,6)([34]18,17,2)([35]33,28,4)([36]23,31,4)([37]1,34,7)([38]21,28,3)([39]8,10,5)([40]37,5,3)([41]37,32,5)([42]41,28,7)([43]15,4,5)([44]5,22,5)([45]35,3,4)([46]41,32,2)([47]37,32,7)([48]3,27,0)([49]30,2,6)([50]43,36,4)([51]13,33,0)([52]18,41,5)([53]1,17,7)([54]33,45,3)([55]4,5,5)([56]28,53,3)([57]32,7,0)([58]23,5,2)([59]44,49,4)([60]11,17,6)([61]52,59,3)([62]50,16,2)([63]4,38,4)([64]36,6,6)([65]61,60,5)([66]63,59,3)([67]48,5,2)([68]4,42,2)([69]35,68,4)([70]48,19,0)([71]64,42,7)([72]62,69,3)([73]66,47,6)([74]72,73,4)([75]57,65,6)([76]54,19,2)([77]22,37,5)([78]75,51,3)([79]22,11,2)([80]23,1,5)([81]42,58,3)([82]2,1,7)([83]37,81,5)([84]6,62,6)([85]84,21,1)([86]80,54,2)(74)
evaluations: 10316291
first invidual area: 147.60
{7,1,80,1,2,1,8}([7]6,5,3)([8]0,2,4)([9]3,8,6)([10]0,6,3)([11]7,1,5)([12]9,11,5)([13]5,0,3)([14]12,0,2)([15]10,11,2)([16]10,2,4)([17]15,2,3)([18]4,3,2)([19]8,18,6)([20]3,16,7)([21]13,20,2)([22]1,20,1)([23]15,13,7)([24]9,6,7)([25]5,14,6)([26]25,21,1)([27]18,17,5)([28]21,11,6)([29]23,0,4)([30]5,19,5)([31]20,19,4)([32]29,24,7)([33]4,17,0)([34]25,28,4)([35]30,15,6)([36]13,11,4)([37]27,32,4)([38]22,32,7)([39]5,37,4)([40]19,26,0)([41]15,33,5)([42]22,9,0)([43]36,40,5)([44]35,24,2)([45]37,1,7)([46]11,9,1)([47]28,21,3)([48]14,8,0)([49]13,28,0)([50]32,45,5)([51]34,11,1)([52]10,44,2)([53]4,38,0)([54]41,32,0)([55]20,41,4)([56]43,10,4)([57]12,55,5)([58]39,2,3)([59]58,30,7)([60]4,47,4)([61]9,14,2)([62]57,16,2)([63]19,40,3)([64]8,1,6)([65]15,42,6)([66]60,45,3)([67]28,50,7)([68]53,67,5)([69]34,68,7)([70]66,36,5)([71]62,69,3)([72]2,35,4)([73]66,59,3)([74]1,39,6)([75]31,47,5)([76]75,42,6)([77]71,73,7)([78]15,3,6)([79]30,4,1)([80]14,65,7)([81]30,65,4)([82]17,9,3)([83]6,28,6)([84]69,10,2)([85]54,34,7)([86]75,37,6)(77)
optimized area: 136.81
time: 1341988 ms
seed: 1635946361
NOT FOUND
time: 1059351 ms
seed: 1635982487
{7,1,80,1,2,1,8}([7]6,2,4)([8]5,3,4)([9]0,3,7)([10]6,8,3)([11]1,3,7)([12]2,10,2)([13]10,11,5)([14]3,11,3)([15]9,9,2)([16]4,13,4)([17]14,4,7)([18]12,16,6)([19]4,6,5)([20]11,11,6)([21]14,19,7)([22]21,9,7)([23]2,1,4)([24]22,21,0)([25]1,11,4)([26]7,24,6)([27]6,4,3)([28]23,22,5)([29]5,17,3)([30]22,19,5)([31]29,20,4)([32]16,3,6)([33]16,8,6)([34]26,4,1)([35]15,18,7)([36]28,9,4)([37]24,33,2)([38]5,31,6)([39]26,37,6)([40]28,30,3)([41]9,27,7)([42]35,31,2)([43]30,40,5)([44]5,3,0)([45]19,11,5)([46]43,12,2)([47]35,3,4)([48]39,42,3)([49]25,29,5)([50]42,18,1)([51]43,25,1)([52]32,42,2)([53]12,49,5)([54]7,13,6)([55]28,37,2)([56]33,45,6)([57]37,31,1)([58]52,38,3)([59]21,3,2)([60]48,41,4)([61]36,60,6)([62]51,13,6)([63]44,20,3)([64]32,46,6)([65]14,51,5)([66]7,65,3)([67]64,48,7)([68]55,60,5)([69]34,45,2)([70]58,61,5)([71]70,67,7)([72]53,43,6)([73]52,44,1)([74]59,10,0)([75]31,38,4)([76]33,11,5)([77]72,17,7)([78]24,25,6)([79]54,1,2)([80]11,11,5)([81]80,13,0)([82]1,39,2)([83]78,31,4)([84]33,25,5)([85]58,17,6)([86]34,21,4)(71)
evaluations: 39333374
first invidual area: 135.40
{7,1,80,1,2,1,8}([7]6,6,0)([8]5,3,4)([9]3,0,7)([10]8,7,3)([11]1,3,7)([12]2,10,2)([13]10,11,5)([14]3,11,3)([15]9,2,1)([16]4,13,4)([17]5,13,3)([18]12,16,3)([19]4,6,5)([20]4,14,7)([21]19,9,7)([22]21,14,7)([23]2,6,4)([24]2,1,4)([25]7,8,3)([26]22,23,6)([27]4,7,3)([28]24,22,5)([29]5,20,6)([30]4,3,1)([31]29,11,4)([32]16,3,6)([33]11,26,6)([34]16,8,6)([35]18,9,4)([36]9,34,7)([37]22,34,2)([38]5,31,6)([39]26,37,6)([40]16,24,3)([41]27,28,7)([42]35,31,2)([43]25,33,6)([44]19,22,2)([45]16,1,0)([46]44,12,2)([47]27,43,0)([48]39,42,3)([49]9,28,4)([50]24,25,6)([51]13,1,3)([52]32,42,2)([53]11,26,3)([54]43,27,7)([55]36,8,2)([56]24,6,6)([57]2,17,3)([58]52,38,3)([59]55,52,0)([60]48,41,4)([61]49,60,6)([62]39,13,4)([63]53,0,7)([64]32,46,3)([65]12,61,3)([66]11,31,2)([67]64,48,4)([68]54,63,0)([69]59,46,5)([70]58,61,5)([71]70,67,7)([72]44,35,5)([73]60,28,7)([74]6,49,1)([75]42,13,2)([76]44,21,7)([77]13,66,1)([78]34,57,2)([79]9,6,3)([80]41,40,7)([81]55,4,4)([82]42,65,3)([83]7,28,3)([84]33,70,4)([85]32,35,0)([86]71,2,1)(71)
optimized area: 129.32
time: 1131466 ms
seed: 1636018363
NOT FOUND
time: 1076098 ms
seed: 1636053116
{7,1,80,1,2,1,8}([7]1,5,2)([8]1,3,0)([9]4,8,2)([10]4,2,4)([11]2,9,7)([12]11,0,5)([13]11,9,2)([14]5,13,4)([15]1,6,2)([16]4,14,4)([17]3,10,7)([18]17,7,6)([19]18,0,3)([20]15,19,7)([21]12,6,3)([22]20,5,4)([23]16,12,2)([24]15,14,5)([25]4,15,7)([26]21,16,4)([27]6,15,7)([28]12,2,4)([29]22,15,3)([30]13,29,0)([31]8,29,4)([32]11,27,4)([33]10,14,1)([34]21,17,6)([35]22,26,5)([36]3,11,6)([37]17,11,4)([38]32,23,5)([39]13,11,6)([40]4,8,7)([41]20,8,3)([42]24,38,2)([43]17,42,2)([44]15,13,4)([45]23,36,3)([46]43,35,2)([47]34,0,4)([48]33,29,1)([49]36,29,2)([50]20,30,2)([51]18,31,5)([52]33,36,2)([53]35,8,0)([54]46,49,3)([55]15,39,6)([56]27,20,3)([57]32,51,6)([58]34,4,2)([59]13,12,4)([60]47,57,6)([61]3,47,3)([62]59,33,5)([63]53,32,4)([64]62,60,6)([65]10,22,5)([66]21,44,4)([67]64,54,7)([68]9,19,3)([69]39,2,1)([70]36,54,1)([71]31,8,6)([72]38,65,0)([73]58,20,4)([74]6,3,5)([75]68,65,0)([76]48,64,0)([77]2,35,1)([78]68,32,7)([79]29,36,0)([80]18,72,4)([81]55,45,5)([82]81,76,2)([83]75,59,2)([84]37,61,5)([85]56,4,1)([86]33,50,5)(67)
evaluations: 4487560
first invidual area: 122.74
{7,1,80,1,2,1,8}([7]5,1,2)([8]1,4,2)([9]8,2,5)([10]4,2,4)([11]2,8,7)([12]0,11,5)([13]11,3,6)([14]9,5,7)([15]1,6,2)([16]4,14,4)([17]10,3,7)([18]17,7,6)([19]0,18,6)([20]5,15,3)([21]12,6,3)([22]19,20,4)([23]8,12,4)([24]16,21,4)([25]21,17,3)([26]15,14,5)([27]22,24,5)([28]16,12,2)([29]4,21,0)([30]11,6,7)([31]8,2,1)([32]15,30,4)([33]1,14,3)([34]0,25,2)([35]12,24,1)([36]15,22,3)([37]17,27,2)([38]10,32,1)([39]23,38,5)([40]3,2,1)([41]37,6,2)([42]26,37,2)([43]32,28,5)([44]27,4,4)([45]21,35,2)([46]42,43,2)([47]29,9,3)([48]42,23,2)([49]13,36,2)([50]18,33,5)([51]43,6,5)([52]49,46,6)([53]28,35,6)([54]33,53,4)([55]19,29,6)([56]2,49,7)([57]50,30,6)([58]3,17,5)([59]37,43,2)([60]34,57,6)([61]36,28,3)([62]42,11,5)([63]40,54,3)([64]39,60,6)([65]46,35,1)([66]64,52,4)([67]35,35,4)([68]11,51,6)([69]32,20,4)([70]50,17,2)([71]47,5,7)([72]65,6,0)([73]6,43,3)([74]68,68,7)([75]19,63,0)([76]74,27,0)([77]40,8,0)([78]45,58,6)([79]29,15,3)([80]2,41,2)([81]72,29,6)([82]30,53,6)([83]44,65,0)([84]65,77,2)([85]66,53,0)([86]83,85,4)(85)
optimized area: 115.22
time: 1289334 ms
seed: 1636086895
{7,1,80,1,2,1,8}([7]4,0,5)([8]3,5,7)([9]7,8,5)([10]2,5,4)([11]8,6,5)([12]11,7,7)([13]12,1,3)([14]9,2,0)([15]13,8,5)([16]11,3,6)([17]1,11,4)([18]9,4,4)([19]2,14,3)([20]6,3,3)([21]0,6,4)([22]3,11,5)([23]20,4,4)([24]5,4,4)([25]20,9,1)([26]4,1,5)([27]18,1,3)([28]1,23,2)([29]28,6,3)([30]9,11,0)([31]22,9,0)([32]30,11,1)([33]29,10,4)([34]21,33,7)([35]15,11,5)([36]7,29,7)([37]20,34,7)([38]26,34,5)([39]22,27,4)([40]2,28,2)([41]30,19,4)([42]37,26,1)([43]24,19,5)([44]43,22,2)([45]44,0,4)([46]41,6,6)([47]17,38,3)([48]35,24,7)([49]34,40,3)([50]18,25,3)([51]3,48,0)([52]44,42,3)([53]47,33,6)([54]31,46,7)([55]53,43,4)([56]12,36,3)([57]34,2,6)([58]7,12,7)([59]13,54,2)([60]49,45,6)([61]24,24,1)([62]35,50,3)([63]39,59,6)([64]16,15,7)([65]45,27,0)([66]31,23,0)([67]63,2,6)([68]35,61,2)([69]64,53,3)([70]50,54,5)([71]69,67,6)([72]41,52,3)([73]53,62,6)([74]42,17,2)([75]27,54,4)([76]57,58,4)([77]60,47,1)([78]53,40,5)([79]6,18,1)([80]53,26,5)([81]35,47,1)([82]78,55,1)([83]77,71,4)([84]77,82,7)([85]33,75,4)([86]25,40,1)(83)
evaluations: 5600185
first invidual area: 135.86
{7,1,80,1,2,1,8}([7]0,4,5)([8]5,3,7)([9]5,4,4)([10]9,3,6)([11]6,8,5)([12]11,7,7)([13]12,1,3)([14]8,7,5)([15]13,8,5)([16]6,3,3)([17]14,2,3)([18]6,3,7)([19]2,5,7)([20]14,4,4)([21]0,6,4)([22]3,11,5)([23]1,20,3)([24]1,15,4)([25]18,13,2)([26]17,9,5)([27]4,16,4)([28]27,1,2)([29]6,28,3)([30]19,21,4)([31]10,12,1)([32]2,28,2)([33]18,11,6)([34]29,30,4)([35]32,11,0)([36]22,23,4)([37]22,28,0)([38]1,36,5)([39]21,22,1)([40]32,36,5)([41]9,37,4)([42]31,32,7)([43]34,12,5)([44]17,27,2)([45]16,0,6)([46]31,37,2)([47]21,24,3)([48]26,37,5)([49]34,35,3)([50]19,45,4)([51]12,24,5)([52]0,35,3)([53]47,43,6)([54]49,6,0)([55]0,48,7)([56]36,25,6)([57]34,29,7)([58]41,25,3)([59]15,33,7)([60]49,55,6)([61]60,28,3)([62]50,24,3)([63]26,42,2)([64]4,47,2)([65]2,10,1)([66]4,36,3)([67]56,2,6)([68]29,35,2)([69]59,53,3)([70]39,15,6)([71]69,67,6)([72]61,38,2)([73]26,53,7)([74]60,71,7)([75]44,64,2)([76]34,15,0)([77]26,58,1)([78]61,52,7)([79]7,1,5)([80]61,8,2)([81]60,40,7)([82]70,52,7)([83]45,1,4)([84]1,69,2)([85]53,68,4)([86]23,45,2)(74)
optimized area: 125.09
time: 1288457 ms
seed: 1636120045
NOT FOUND
time: 1060485 ms
seed: 1636152728
{7,1,80,1,2,1,8}([7]5,1,4)([8]3,0,4)([9]8,5,7)([10]9,4,2)([11]2,2,2)([12]8,7,5)([13]6,0,3)([14]6,12,6)([15]1,6,2)([16]0,11,2)([17]0,0,0)([18]13,1,5)([19]15,6,6)([20]6,5,5)([21]3,2,7)([22]16,0,4)([23]14,21,3)([24]9,0,5)([25]10,6,3)([26]24,20,5)([27]18,2,0)([28]21,9,6)([29]18,14,1)([30]14,7,6)([31]28,25,7)([32]1,11,5)([33]2,1,0)([34]1,20,5)([35]0,13,6)([36]28,33,4)([37]5,10,7)([38]15,10,1)([39]18,35,5)([40]15,26,5)([41]1,36,5)([42]41,4,4)([43]15,6,0)([44]22,15,7)([45]37,25,3)([46]32,37,6)([47]42,23,2)([48]44,45,7)([49]40,47,2)([50]21,29,4)([51]37,20,3)([52]8,11,7)([53]13,0,3)([54]16,11,6)([55]49,33,3)([56]42,50,3)([57]42,1,5)([58]42,5,0)([59]14,26,6)([60]49,2,7)([61]33,6,1)([62]31,56,3)([63]14,2,4)([64]60,46,3)([65]56,64,5)([66]28,50,2)([67]48,64,3)([68]18,17,7)([69]26,2,5)([70]3,68,1)([71]12,26,4)([72]44,48,6)([73]67,62,5)([74]12,12,0)([75]69,73,7)([76]75,72,3)([77]58,67,6)([78]53,47,2)([79]59,65,3)([80]23,12,1)([81]2,3,6)([82]69,21,1)([83]66,20,4)([84]24,83,2)([85]77,81,6)([86]75,76,5)(86)
evaluations: 29368430
first invidual area: 129.75
{7,1,80,1,2,1,8}([7]5,6,5)([8]0,3,4)([9]5,8,7)([10]4,9,2)([11]1,7,1)([12]11,8,2)([13]2,5,1)([14]1,8,0)([15]1,6,5)([16]3,1,0)([17]2,3,0)([18]5,10,2)([19]0,17,0)([20]17,10,5)([21]3,13,4)([22]5,16,2)([23]1,17,5)([24]19,9,5)([25]10,6,3)([26]24,7,5)([27]17,26,5)([28]9,21,6)([29]13,21,1)([30]26,1,5)([31]30,18,7)([32]15,24,3)([33]0,6,3)([34]22,19,2)([35]12,21,3)([36]17,28,4)([37]10,5,7)([38]12,12,4)([39]33,1,5)([40]19,37,0)([41]1,36,5)([42]41,4,4)([43]25,37,6)([44]13,40,5)([45]36,41,7)([46]44,15,4)([47]42,35,2)([48]25,28,7)([49]30,47,5)([50]6,15,5)([51]14,30,1)([52]39,21,7)([53]46,43,7)([54]23,37,6)([55]0,24,7)([56]42,52,3)([57]0,23,1)([58]14,31,5)([59]14,13,6)([60]49,17,4)([61]1,42,2)([62]48,56,3)([63]51,26,3)([64]54,60,3)([65]57,18,6)([66]51,7,7)([67]53,64,3)([68]67,55,2)([69]26,5,0)([70]26,59,0)([71]29,23,2)([72]35,45,4)([73]67,62,5)([74]72,45,6)([75]73,27,4)([76]38,16,1)([77]10,29,3)([78]71,66,5)([79]34,44,4)([80]24,25,7)([81]62,47,1)([82]48,13,1)([83]8,79,6)([84]40,39,4)([85]8,54,4)([86]45,74,0)(75)
optimized area: 111.94
time: 1136393 ms
seed: 1636185121
{7,1,80,1,2,1,8}([7]2,4,3)([8]1,5,4)([9]4,8,7)([10]3,9,7)([11]8,9,6)([12]3,1,7)([13]1,0,7)([14]8,5,3)([15]2,9,3)([16]0,7,5)([17]6,11,7)([18]5,6,5)([19]13,4,2)([20]2,19,5)([21]2,18,2)([22]12,5,6)([23]22,7,7)([24]12,20,2)([25]0,6,7)([26]4,3,5)([27]20,10,4)([28]13,22,2)([29]12,15,2)([30]28,26,7)([31]3,22,3)([32]28,24,6)([33]31,2,4)([34]31,21,5)([35]29,16,5)([36]30,16,4)([37]31,3,3)([38]36,17,7)([39]26,36,7)([40]21,27,3)([41]1,2,7)([42]27,41,3)([43]34,25,4)([44]14,25,4)([45]17,0,4)([46]6,28,4)([47]43,38,6)([48]14,35,4)([49]42,3,3)([50]24,40,4)([51]46,44,3)([52]8,12,0)([53]7,32,5)([54]37,12,1)([55]51,48,6)([56]40,14,5)([57]44,3,0)([58]53,49,5)([59]10,57,7)([60]25,20,3)([61]35,21,6)([62]8,8,5)([63]50,23,4)([64]50,12,1)([65]59,42,4)([66]16,49,2)([67]38,0,4)([68]65,47,2)([69]25,62,3)([70]3,45,6)([71]36,13,3)([72]18,1,4)([73]4,47,0)([74]12,67,2)([75]13,41,4)([76]68,58,4)([77]9,61,4)([78]76,55,7)([79]7,61,1)([80]22,38,3)([81]36,41,2)([82]16,25,6)([83]23,36,4)([84]23,31,0)([85]19,32,5)([86]75,7,1)(78)
evaluations: 14077042
first invidual area: 150.88
{7,1,80,1,2,1,8}([7]2,4,3)([8]4,1,7)([9]5,8,4)([10]3,9,7)([11]9,2,3)([12]1,3,7)([13]0,1,7)([14]7,0,5)([15]12,11,2)([16]10,10,2)([17]2,13,2)([18]6,5,5)([19]0,16,0)([20]17,4,5)([21]16,4,5)([22]12,5,6)([23]15,16,0)([24]20,12,2)([25]19,6,7)([26]6,14,4)([27]10,20,5)([28]13,22,2)([29]12,17,1)([30]28,26,4)([31]3,22,3)([32]5,16,7)([33]1,5,6)([34]18,2,2)([35]30,15,5)([36]28,24,6)([37]6,2,1)([38]30,21,7)([39]25,16,7)([40]34,31,5)([41]1,2,7)([42]27,41,3)([43]40,25,4)([44]33,25,7)([45]29,17,6)([46]37,22,6)([47]38,43,6)([48]25,35,4)([49]3,42,3)([50]46,46,5)([51]46,44,3)([52]36,14,5)([53]7,36,5)([54]17,18,7)([55]51,48,3)([56]43,26,5)([57]51,13,1)([58]10,2,2)([59]42,44,4)([60]4,34,5)([61]49,53,5)([62]43,26,7)([63]28,57,6)([64]8,47,7)([65]59,16,7)([66]28,37,0)([67]34,34,2)([68]65,47,5)([69]27,53,3)([70]63,19,3)([71]41,37,1)([72]17,68,5)([73]9,10,0)([74]25,64,1)([75]50,30,2)([76]68,61,4)([77]36,54,1)([78]76,55,7)([79]40,15,3)([80]57,62,2)([81]39,50,3)([82]13,39,3)([83]51,13,5)([84]76,36,6)([85]5,78,7)([86]43,60,7)(78)
optimized area: 139.61
time: 1266186 ms
seed: 1636215752
{7,1,80,1,2,1,8}([7]4,3,7)([8]3,1,4)([9]0,6,3)([10]5,0,3)([11]10,9,5)([12]10,4,7)([13]7,8,6)([14]10,13,4)([15]12,13,2)([16]9,2,4)([17]15,3,6)([18]0,8,7)([19]8,12,5)([20]19,4,6)([21]6,14,7)([22]0,0,2)([23]19,11,0)([24]5,6,4)([25]16,23,2)([26]8,14,5)([27]18,24,5)([28]16,3,7)([29]21,18,4)([30]18,29,7)([31]21,28,7)([32]17,27,5)([33]32,5,6)([34]31,29,7)([35]2,12,0)([36]7,18,3)([37]33,28,4)([38]17,20,3)([39]1,37,7)([40]20,25,7)([41]18,16,1)([42]18,27,6)([43]9,11,7)([44]40,24,4)([45]33,40,7)([46]18,3,3)([47]42,26,6)([48]4,29,4)([49]41,23,1)([50]39,44,7)([51]29,16,5)([52]44,6,3)([53]42,43,7)([54]18,6,7)([55]27,25,7)([56]16,16,3)([57]5,18,7)([58]23,37,7)([59]24,46,5)([60]48,7,0)([61]50,57,7)([62]43,30,7)([63]8,52,5)([64]29,51,3)([65]13,14,5)([66]45,11,3)([67]31,0,5)([68]63,4,6)([69]11,32,5)([70]16,62,1)([71]6,40,6)([72]57,44,2)([73]29,30,6)([74]67,31,6)([75]68,58,6)([76]48,5,2)([77]14,72,3)([78]76,49,0)([79]60,63,5)([80]78,75,5)([81]25,61,1)([82]16,72,7)([83]65,81,2)([84]56,52,4)([85]80,45,4)([86]85,77,5)(86)
evaluations: 22242010
first invidual area: 128.40
{7,1,80,1,2,1,8}([7]5,0,3)([8]3,1,4)([9]4,7,7)([10]4,1,7)([11]0,6,3)([12]5,6,4)([13]10,8,6)([14]7,13,4)([15]11,13,2)([16]2,11,4)([17]6,14,7)([18]8,0,7)([19]9,8,5)([20]19,16,2)([21]17,14,0)([22]19,12,4)([23]7,19,6)([24]14,10,3)([25]5,6,4)([26]15,3,6)([27]4,8,0)([28]16,3,7)([29]21,18,4)([30]28,19,2)([31]18,5,7)([32]30,2,4)([33]19,22,1)([34]27,33,7)([35]18,17,5)([36]5,5,3)([37]9,29,4)([38]31,6,0)([39]35,37,4)([40]23,20,6)([41]9,1,3)([42]38,8,0)([43]19,17,2)([44]14,27,4)([45]35,26,5)([46]36,45,6)([47]15,19,2)([48]42,4,3)([49]14,43,1)([50]40,29,7)([51]43,23,4)([52]0,8,1)([53]48,6,1)([54]42,28,1)([55]1,11,7)([56]50,42,5)([57]11,4,4)([58]27,32,0)([59]8,56,5)([60]4,40,2)([61]53,18,0)([62]58,0,6)([63]19,5,6)([64]56,30,1)([65]52,23,7)([66]46,40,7)([67]24,51,0)([68]28,6,0)([69]37,36,2)([70]63,36,5)([71]30,34,3)([72]2,24,2)([73]31,25,0)([74]28,59,6)([75]30,74,6)([76]67,11,1)([77]14,64,3)([78]21,45,0)([79]33,52,6)([80]69,75,5)([81]3,51,6)([82]33,54,6)([83]41,68,7)([84]46,6,0)([85]80,66,4)([86]85,77,5)(86)
optimized area: 112.91
time: 1233849 ms
seed: 1636245675
NOT FOUND
time: 1065044 ms
seed: 1636264845
NOT FOUND
time: 1050837 ms
seed: 1636281458
{7,1,80,1,2,1,8}([7]6,2,5)([8]3,0,7)([9]1,5,1)([10]5,8,4)([11]5,8,6)([12]6,7,7)([13]0,2,5)([14]6,4,4)([15]2,10,5)([16]13,7,6)([17]6,11,5)([18]2,16,4)([19]14,5,7)([20]12,0,6)([21]3,18,6)([22]9,4,5)([23]15,22,7)([24]23,20,4)([25]16,17,6)([26]18,12,6)([27]9,25,3)([28]10,19,0)([29]24,22,2)([30]19,1,4)([31]24,10,7)([32]30,24,1)([33]14,30,5)([34]4,25,3)([35]27,7,3)([36]29,33,2)([37]25,9,5)([38]32,21,6)([39]14,5,6)([40]38,23,5)([41]34,39,6)([42]30,41,2)([43]42,3,6)([44]21,41,2)([45]22,29,1)([46]36,44,4)([47]7,46,7)([48]40,47,6)([49]38,3,7)([50]16,18,6)([51]21,46,7)([52]38,14,5)([53]33,23,2)([54]2,43,6)([55]26,43,6)([56]51,48,7)([57]31,40,6)([58]44,45,5)([59]34,42,0)([60]1,49,7)([61]24,51,4)([62]25,61,5)([63]15,55,7)([64]59,10,1)([65]7,58,1)([66]10,52,4)([67]66,63,2)([68]47,5,0)([69]56,8,1)([70]7,1,5)([71]54,39,5)([72]67,56,3)([73]48,64,5)([74]64,9,7)([75]59,35,6)([76]16,61,3)([77]56,45,2)([78]57,50,2)([79]27,78,0)([80]76,74,5)([81]35,2,3)([82]39,74,2)([83]63,5,7)([84]72,49,3)([85]39,83,3)([86]7,28,7)(72)
evaluations: 13176447
first invidual area: 132.57
{7,1,80,1,2,1,8}([7]6,2,5)([8]0,6,5)([9]3,5,7)([10]0,9,4)([11]9,7,5)([12]6,7,2)([13]10,0,1)([14]4,6,4)([15]10,2,5)([16]2,9,0)([17]1,15,1)([18]8,2,2)([19]17,5,7)([20]0,12,3)([21]3,18,6)([22]4,17,5)([23]12,18,6)([24]20,15,7)([25]11,12,6)([26]25,4,3)([27]22,15,7)([28]19,14,5)([29]28,22,2)([30]13,18,6)([31]19,22,3)([32]15,18,4)([33]5,29,5)([34]28,25,6)([35]8,11,6)([36]29,24,5)([37]14,19,4)([38]37,21,6)([39]30,19,5)([40]26,11,5)([41]26,35,3)([42]38,19,5)([43]3,34,6)([44]21,41,5)([45]27,38,5)([46]32,18,5)([47]7,36,4)([48]45,47,6)([49]23,43,6)([50]36,44,7)([51]48,50,7)([52]16,3,6)([53]21,34,3)([54]46,28,1)([55]40,43,6)([56]31,19,2)([57]43,13,2)([58]4,1,2)([59]19,17,0)([60]37,49,0)([61]48,25,4)([62]22,53,7)([63]15,49,7)([64]61,18,2)([65]24,37,2)([66]10,42,4)([67]60,55,1)([68]60,62,6)([69]65,64,3)([70]2,64,5)([71]18,54,3)([72]47,28,0)([73]41,50,6)([74]63,66,2)([75]74,51,3)([76]46,75,4)([77]56,32,2)([78]21,6,4)([79]35,6,4)([80]19,74,4)([81]58,49,1)([82]78,64,1)([83]77,2,4)([84]72,45,6)([85]42,9,5)([86]81,31,1)(75)
optimized area: 116.16
time: 1297564 ms
seed: 1636297888
{7,1,80,1,2,1,8}([7]3,5,4)([8]5,4,4)([9]6,1,2)([10]4,0,5)([11]10,1,5)([12]2,2,6)([13]9,8,7)([14]10,5,6)([15]12,10,2)([16]8,2,5)([17]5,6,4)([18]13,10,2)([19]18,1,3)([20]3,0,6)([21]15,19,7)([22]17,9,5)([23]11,4,7)([24]0,17,2)([25]12,16,1)([26]21,13,5)([27]21,6,2)([28]7,26,4)([29]23,2,5)([30]11,5,0)([31]6,14,6)([32]28,22,4)([33]28,8,7)([34]6,30,2)([35]22,8,3)([36]20,31,4)([37]29,36,3)([38]33,19,4)([39]16,33,4)([40]20,21,5)([41]25,18,0)([42]7,24,7)([43]38,42,2)([44]32,43,6)([45]39,36,2)([46]0,5,3)([47]28,21,1)([48]45,46,7)([49]35,43,4)([50]6,45,2)([51]20,29,3)([52]45,1,5)([53]45,4,7)([54]31,16,7)([55]9,34,5)([56]15,46,6)([57]21,10,3)([58]38,51,4)([59]24,34,7)([60]58,54,6)([61]46,21,2)([62]47,33,3)([63]34,6,0)([64]17,2,4)([65]62,52,5)([66]28,44,5)([67]64,12,1)([68]57,1,1)([69]68,20,4)([70]18,49,6)([71]70,56,2)([72]23,40,4)([73]27,59,5)([74]69,17,6)([75]11,66,1)([76]60,44,3)([77]52,76,7)([78]37,34,3)([79]77,48,6)([80]56,37,5)([81]70,43,6)([82]29,44,5)([83]79,71,6)([84]8,21,0)([85]46,37,1)([86]37,70,7)(83)
evaluations: 16820291
first invidual area: 148.99
{7,1,80,1,2,1,8}([7]5,3,4)([8]4,5,4)([9]6,1,2)([10]4,0,5)([11]10,1,5)([12]2,7,1)([13]9,8,7)([14]2,8,5)([15]10,12,5)([16]1,1,2)([17]5,6,4)([18]13,10,2)([19]1,18,3)([20]0,3,6)([21]15,16,5)([22]17,9,5)([23]10,13,6)([24]6,15,0)([25]19,15,5)([26]13,25,5)([27]11,17,4)([28]7,26,4)([29]27,2,5)([30]29,23,0)([31]23,6,6)([32]28,22,4)([33]8,28,7)([34]33,14,4)([35]7,7,4)([36]31,20,4)([37]17,0,5)([38]33,19,4)([39]30,13,2)([40]36,30,6)([41]23,10,4)([42]37,7,4)([43]38,42,2)([44]32,43,6)([45]34,36,2)([46]5,0,3)([47]29,20,3)([48]45,46,7)([49]16,15,3)([50]6,1,7)([51]45,11,4)([52]45,1,5)([53]45,6,2)([54]31,14,7)([55]54,23,0)([56]22,40,4)([57]39,8,1)([58]38,47,4)([59]48,19,2)([60]40,7,1)([61]58,55,6)([62]39,59,2)([63]61,57,0)([64]26,25,1)([65]13,61,4)([66]7,31,7)([67]11,1,5)([68]54,52,6)([69]46,54,6)([70]16,50,5)([71]40,69,2)([72]20,49,7)([73]53,51,3)([74]48,69,7)([75]64,63,5)([76]61,44,6)([77]52,76,4)([78]36,59,4)([79]77,48,6)([80]50,45,4)([81]67,30,4)([82]20,7,7)([83]79,71,6)([84]19,28,3)([85]1,47,5)([86]73,37,6)(83)
optimized area: 137.26
time: 1370544 ms
seed: 1636314234
{7,1,80,1,2,1,8}([7]0,6,6)([8]0,4,2)([9]4,5,6)([10]9,8,3)([11]7,2,3)([12]2,10,7)([13]1,10,7)([14]3,12,7)([15]13,14,7)([16]13,0,4)([17]6,14,4)([18]13,17,5)([19]12,11,7)([20]18,7,6)([21]20,4,7)([22]19,19,4)([23]12,5,7)([24]11,9,3)([25]16,18,2)([26]5,25,3)([27]17,0,4)([28]23,27,6)([29]26,24,5)([30]12,20,5)([31]15,20,0)([32]21,28,7)([33]29,30,7)([34]11,27,4)([35]32,15,5)([36]35,23,4)([37]9,28,2)([38]5,0,7)([39]9,22,1)([40]20,33,3)([41]24,8,3)([42]21,6,0)([43]0,4,2)([44]36,34,6)([45]33,39,1)([46]8,44,5)([47]46,18,7)([48]0,17,1)([49]45,14,7)([50]0,32,4)([51]50,4,6)([52]0,46,0)([53]35,33,2)([54]7,20,4)([55]30,4,4)([56]9,37,3)([57]9,12,7)([58]51,54,5)([59]6,2,3)([60]53,26,1)([61]24,22,1)([62]14,58,4)([63]57,24,7)([64]0,36,3)([65]44,46,0)([66]46,53,6)([67]59,59,7)([68]47,24,7)([69]12,33,1)([70]3,13,5)([71]32,29,3)([72]49,56,4)([73]27,51,4)([74]62,68,5)([75]16,7,3)([76]74,60,5)([77]29,10,5)([78]29,43,7)([79]57,3,0)([80]47,18,3)([81]4,21,1)([82]63,59,4)([83]66,67,6)([84]40,36,1)([85]63,15,2)([86]72,33,4)(76)
evaluations: 11744026
first invidual area: 131.20
{7,1,80,1,2,1,8}([7]0,6,6)([8]0,4,2)([9]5,4,6)([10]9,8,3)([11]2,7,3)([12]2,10,7)([13]1,10,7)([14]3,12,7)([15]12,13,0)([16]15,15,6)([17]6,14,4)([18]13,17,5)([19]15,5,7)([20]7,18,6)([21]20,4,7)([22]5,14,1)([23]9,11,3)([24]13,0,4)([25]18,24,2)([26]25,5,3)([27]17,0,4)([28]27,19,6)([29]26,23,5)([30]7,20,3)([31]18,18,6)([32]21,28,7)([33]22,26,0)([34]13,14,7)([35]32,34,5)([36]22,9,5)([37]21,23,4)([38]19,15,6)([39]35,19,4)([40]12,20,5)([41]40,29,7)([42]38,22,7)([43]34,2,1)([44]39,41,6)([45]36,24,2)([46]8,44,5)([47]32,0,4)([48]43,0,3)([49]44,24,4)([50]20,47,1)([51]30,41,0)([52]30,9,3)([53]11,26,0)([54]23,33,0)([55]47,4,6)([56]30,55,5)([57]18,26,6)([58]4,37,0)([59]40,50,4)([60]41,35,5)([61]5,41,6)([62]53,28,7)([63]46,18,5)([64]20,33,0)([65]47,22,3)([66]16,57,0)([67]43,52,2)([68]54,63,4)([69]7,50,4)([70]59,62,4)([71]56,14,4)([72]24,55,5)([73]28,31,1)([74]46,28,5)([75]72,6,6)([76]71,68,5)([77]37,33,4)([78]46,20,4)([79]76,60,5)([80]6,23,1)([81]51,78,7)([82]29,30,1)([83]31,69,4)([84]80,41,7)([85]38,8,2)([86]80,12,6)(79)
optimized area: 119.47
time: 1499275 ms
seed: 1636330519
{7,1,80,1,2,1,8}([7]2,3,2)([8]6,4,6)([9]5,6,6)([10]4,0,2)([11]2,9,7)([12]3,11,2)([13]9,0,6)([14]13,5,4)([15]14,4,4)([16]11,4,3)([17]12,14,0)([18]2,14,0)([19]5,2,2)([20]0,8,4)([21]1,10,4)([22]15,6,4)([23]4,16,7)([24]19,18,4)([25]13,20,1)([26]2,17,6)([27]16,21,6)([28]0,2,3)([29]8,20,1)([30]11,27,6)([31]22,2,3)([32]22,0,0)([33]5,32,5)([34]18,24,0)([35]8,23,7)([36]15,32,5)([37]19,1,6)([38]21,16,7)([39]36,2,0)([40]16,24,2)([41]30,4,6)([42]20,15,6)([43]8,29,6)([44]36,22,4)([45]40,33,7)([46]45,42,3)([47]30,0,5)([48]39,34,6)([49]13,43,5)([50]33,30,3)([51]7,18,2)([52]35,3,7)([53]7,48,7)([54]12,17,6)([55]38,46,6)([56]14,27,3)([57]54,47,4)([58]47,23,6)([59]53,1,1)([60]34,14,3)([61]23,37,2)([62]26,1,5)([63]50,0,4)([64]55,63,4)([65]24,33,6)([66]32,46,1)([67]53,38,5)([68]66,27,3)([69]40,61,7)([70]45,49,4)([71]47,64,3)([72]41,18,7)([73]64,52,6)([74]69,71,7)([75]48,54,2)([76]50,6,5)([77]56,35,5)([78]15,56,5)([79]43,52,7)([80]74,53,2)([81]40,76,2)([82]80,54,2)([83]31,30,5)([84]46,42,1)([85]75,36,0)([86]82,73,7)(86)
evaluations: 23023358
first invidual area: 143.85
{7,1,80,1,2,1,8}([7]1,4,6)([8]6,1,5)([9]6,5,6)([10]2,5,2)([11]9,2,7)([12]1,11,1)([13]0,9,3)([14]5,4,7)([15]14,13,4)([16]4,11,3)([17]0,4,5)([18]5,12,1)([19]4,6,1)([20]13,2,0)([21]3,0,2)([22]15,6,4)([23]19,11,5)([24]15,22,5)([25]4,6,6)([26]15,10,3)([27]22,24,1)([28]3,25,7)([29]20,27,6)([30]11,7,6)([31]26,24,2)([32]0,12,7)([33]5,22,5)([34]10,9,6)([35]17,16,5)([36]8,13,6)([37]18,2,2)([38]1,35,4)([39]1,10,6)([40]37,16,2)([41]19,14,4)([42]23,28,4)([43]33,30,6)([44]33,37,7)([45]40,33,7)([46]45,29,3)([47]30,20,5)([48]24,2,6)([49]10,0,1)([50]47,15,0)([51]20,47,6)([52]21,32,7)([53]21,48,6)([54]47,3,5)([55]38,46,6)([56]26,8,1)([57]19,17,4)([58]14,31,6)([59]10,3,6)([60]43,28,0)([61]35,36,5)([62]43,54,5)([63]43,0,4)([64]55,63,4)([65]53,9,3)([66]39,23,5)([67]52,29,2)([68]2,27,4)([69]40,66,4)([70]60,3,4)([71]47,55,6)([72]31,60,2)([73]24,11,3)([74]69,71,4)([75]63,68,1)([76]6,23,5)([77]14,47,0)([78]46,69,0)([79]19,40,5)([80]53,74,2)([81]36,43,1)([82]80,54,5)([83]41,66,3)([84]64,42,5)([85]57,82,7)([86]82,84,7)(86)
optimized area: 128.33
time: 1273455 ms
