seed: 1633855454
NOT FOUND
time: 523462 ms
seed: 1633942279
{7,1,80,1,2,1,8}([7]2,5,6)([8]4,0,7)([9]1,6,2)([10]4,6,2)([11]4,5,4)([12]11,10,3)([13]3,1,2)([14]3,0,4)([15]14,6,4)([16]10,8,6)([17]12,5,2)([18]10,7,5)([19]1,7,6)([20]19,2,7)([21]14,6,2)([22]20,16,4)([23]0,22,4)([24]12,15,1)([25]6,19,3)([26]21,14,7)([27]26,14,5)([28]3,8,0)([29]15,25,3)([30]29,27,2)([31]22,1,1)([32]29,21,7)([33]19,17,2)([34]21,16,4)([35]13,26,7)([36]34,3,6)([37]20,27,6)([38]1,5,2)([39]23,33,7)([40]13,31,3)([41]32,3,5)([42]11,15,1)([43]19,37,1)([44]23,40,5)([45]41,39,5)([46]28,29,7)([47]35,33,2)([48]32,40,3)([49]35,34,2)([50]45,34,6)([51]43,9,7)([52]51,49,7)([53]37,47,7)([54]36,52,6)([55]20,32,2)([56]30,44,7)([57]55,7,4)([58]29,34,0)([59]50,1,6)([60]1,38,1)([61]49,52,0)([62]43,33,1)([63]57,58,4)([64]10,6,2)([65]63,61,0)([66]57,42,3)([67]1,21,3)([68]21,54,3)([69]52,6,4)([70]68,50,7)([71]66,13,4)([72]70,66,2)([73]32,21,0)([74]63,18,4)([75]11,8,2)([76]6,70,4)([77]10,4,5)([78]32,36,5)([79]52,7,3)([80]75,37,2)([81]25,53,3)([82]13,73,4)([83]72,56,7)([84]72,2,1)([85]34,27,1)([86]85,57,4)(83)
evaluations: 24229881
first invidual area: 147.58
{7,1,80,1,2,1,8}([7]5,2,6)([8]5,6,2)([9]4,0,7)([10]6,4,2)([11]6,1,2)([12]10,7,0)([13]3,1,2)([14]0,3,4)([15]14,7,0)([16]9,10,6)([17]6,14,3)([18]0,0,1)([19]7,1,6)([20]19,2,7)([21]6,15,2)([22]20,16,7)([23]0,22,7)([24]19,8,5)([25]17,19,3)([26]21,4,1)([27]6,8,4)([28]13,22,3)([29]0,15,1)([30]25,26,5)([31]5,6,3)([32]11,25,3)([33]31,0,3)([34]16,21,4)([35]17,16,5)([36]13,30,5)([37]9,30,1)([38]37,16,5)([39]23,24,4)([40]13,14,4)([41]40,10,0)([42]31,39,4)([43]42,37,7)([44]23,28,5)([45]36,39,5)([46]30,20,5)([47]42,20,4)([48]3,16,6)([49]41,16,5)([50]45,34,6)([51]11,19,3)([52]51,49,4)([53]31,7,7)([54]52,48,0)([55]30,25,5)([56]1,1,6)([57]46,7,7)([58]7,17,2)([59]55,2,5)([60]12,37,0)([61]23,48,2)([62]6,58,0)([63]54,48,6)([64]63,21,3)([65]42,0,5)([66]46,19,5)([67]26,21,1)([68]4,5,7)([69]57,26,0)([70]64,50,7)([71]8,7,1)([72]25,36,7)([73]39,68,1)([74]51,18,3)([75]22,10,7)([76]21,39,3)([77]53,62,0)([78]48,74,4)([79]43,78,2)([80]68,57,3)([81]44,30,4)([82]80,70,5)([83]82,81,4)([84]35,62,6)([85]49,29,1)([86]43,75,6)(83)
optimized area: 121.80
time: 610954 ms
seed: 1633970017
{7,1,80,1,2,1,8}([7]4,5,3)([8]4,2,2)([9]8,6,4)([10]9,0,2)([11]6,1,5)([12]10,8,5)([13]2,3,4)([14]8,1,4)([15]4,2,3)([16]13,10,2)([17]12,14,7)([18]17,6,1)([19]15,10,0)([20]13,7,5)([21]18,11,2)([22]4,6,4)([23]7,1,4)([24]8,17,5)([25]0,14,4)([26]5,17,4)([27]22,21,4)([28]25,13,6)([29]23,17,3)([30]27,20,2)([31]15,19,5)([32]22,30,3)([33]28,30,6)([34]16,11,7)([35]13,11,3)([36]32,26,2)([37]36,15,2)([38]33,29,6)([39]6,9,6)([40]34,30,4)([41]25,37,4)([42]41,38,4)([43]25,40,4)([44]43,42,6)([45]19,36,1)([46]45,37,5)([47]15,8,3)([48]9,29,2)([49]45,25,2)([50]12,15,3)([51]25,34,1)([52]28,19,7)([53]36,19,7)([54]30,37,1)([55]5,48,5)([56]53,27,6)([57]0,3,3)([58]23,32,4)([59]53,8,2)([60]13,39,7)([61]0,57,4)([62]37,38,6)([63]48,49,4)([64]60,58,2)([65]18,49,1)([66]64,49,5)([67]19,25,7)([68]44,66,7)([69]65,40,1)([70]36,59,5)([71]0,36,5)([72]57,46,6)([73]65,40,6)([74]10,3,3)([75]2,69,0)([76]18,15,4)([77]11,22,1)([78]62,17,7)([79]52,59,2)([80]69,79,0)([81]64,32,1)([82]6,8,3)([83]66,75,1)([84]39,48,2)([85]68,60,4)([86]66,44,3)(85)
evaluations: 25638368
first invidual area: 136.82
{7,1,80,1,2,1,8}([7]5,4,3)([8]2,4,2)([9]8,6,4)([10]0,9,2)([11]1,6,5)([12]8,10,5)([13]3,2,4)([14]8,1,4)([15]2,4,3)([16]13,10,5)([17]14,12,4)([18]15,0,1)([19]6,5,0)([20]4,15,4)([21]17,11,5)([22]6,4,4)([23]21,5,4)([24]1,7,4)([25]14,0,4)([26]1,8,4)([27]22,21,7)([28]7,13,5)([29]9,13,2)([30]27,28,2)([31]18,17,7)([32]30,22,3)([33]24,29,3)([34]30,11,4)([35]34,25,7)([36]23,32,2)([37]15,36,5)([38]11,29,4)([39]21,33,6)([40]11,28,1)([41]37,25,4)([42]41,39,4)([43]35,16,4)([44]42,43,5)([45]24,13,0)([46]0,20,2)([47]37,29,3)([48]19,9,6)([49]18,25,2)([50]3,45,6)([51]15,19,2)([52]27,2,2)([53]17,32,6)([54]45,50,1)([55]32,1,3)([56]29,55,0)([57]33,50,1)([58]57,45,3)([59]13,30,0)([60]13,48,7)([61]32,45,4)([62]56,55,7)([63]38,37,3)([64]61,60,2)([65]34,22,5)([66]64,49,5)([67]57,19,0)([68]41,23,6)([69]49,15,6)([70]66,44,7)([71]32,46,2)([72]70,26,3)([73]70,60,7)([74]65,45,2)([75]74,74,3)([76]41,54,6)([77]38,1,7)([78]71,23,1)([79]76,66,3)([80]52,40,7)([81]12,52,2)([82]73,21,4)([83]53,15,2)([84]7,49,0)([85]55,14,7)([86]1,78,0)(73)
optimized area: 131.20
time: 606476 ms
seed: 1633992967
{7,1,80,1,2,1,8}([7]0,6,7)([8]1,5,6)([9]3,3,6)([10]1,8,0)([11]0,4,2)([12]7,9,4)([13]4,8,4)([14]2,11,6)([15]5,14,3)([16]10,11,1)([17]15,8,4)([18]2,14,7)([19]15,5,2)([20]3,1,5)([21]6,9,2)([22]16,6,7)([23]19,11,1)([24]17,12,4)([25]13,21,6)([26]14,11,6)([27]13,23,6)([28]8,3,5)([29]6,4,4)([30]25,22,4)([31]18,0,4)([32]30,17,2)([33]28,26,2)([34]3,32,7)([35]27,24,6)([36]22,33,0)([37]22,19,2)([38]20,36,4)([39]37,38,6)([40]15,7,4)([41]7,39,7)([42]31,34,5)([43]20,4,3)([44]11,17,6)([45]4,3,3)([46]35,31,7)([47]17,13,6)([48]40,21,4)([49]39,42,5)([50]10,12,4)([51]5,39,1)([52]33,21,7)([53]50,4,7)([54]32,29,6)([55]11,26,3)([56]45,40,0)([57]1,52,1)([58]8,15,1)([59]52,28,3)([60]6,56,7)([61]57,41,7)([62]26,37,6)([63]39,3,4)([64]59,16,6)([65]61,40,4)([66]50,9,6)([67]33,30,2)([68]52,42,7)([69]60,61,3)([70]9,61,3)([71]38,46,4)([72]69,40,3)([73]61,3,6)([74]68,72,5)([75]0,13,3)([76]39,54,6)([77]46,76,5)([78]51,16,3)([79]71,31,4)([80]77,74,5)([81]46,43,3)([82]81,66,5)([83]81,52,7)([84]19,11,3)([85]60,56,4)([86]82,80,4)(86)
evaluations: 40685032
first invidual area: 169.60
{7,1,80,1,2,1,8}([7]6,0,7)([8]1,5,6)([9]3,8,1)([10]7,3,7)([11]4,0,2)([12]5,0,0)([13]4,8,4)([14]11,2,6)([15]5,14,3)([16]10,11,0)([17]15,8,4)([18]2,14,3)([19]14,9,7)([20]3,1,5)([21]9,6,2)([22]1,6,4)([23]12,1,1)([24]10,17,4)([25]13,21,3)([26]14,11,6)([27]4,23,6)([28]8,3,5)([29]6,4,4)([30]25,22,7)([31]18,0,2)([32]30,17,5)([33]28,26,5)([34]3,32,4)([35]27,24,6)([36]12,18,6)([37]22,12,2)([38]20,22,4)([39]37,38,6)([40]7,15,4)([41]7,39,7)([42]31,34,5)([43]20,4,3)([44]8,15,3)([45]4,3,3)([46]35,31,7)([47]32,14,4)([48]42,0,7)([49]41,46,0)([50]9,44,5)([51]21,32,7)([52]33,21,7)([53]19,5,3)([54]30,29,6)([55]20,31,5)([56]48,27,6)([57]13,43,2)([58]1,10,4)([59]17,50,1)([60]6,45,7)([61]1,49,4)([62]5,18,0)([63]14,26,7)([64]42,62,3)([65]40,14,2)([66]58,9,6)([67]16,19,5)([68]52,42,4)([69]60,61,3)([70]11,69,2)([71]10,6,7)([72]69,40,3)([73]52,39,5)([74]68,72,5)([75]40,73,0)([76]39,54,6)([77]46,76,5)([78]9,33,1)([79]13,12,1)([80]77,74,5)([81]46,43,3)([82]81,66,5)([83]16,62,7)([84]21,21,1)([85]24,49,3)([86]82,80,4)(86)
optimized area: 157.88
time: 569887 ms
seed: 1634041854
NOT FOUND
time: 531944 ms
seed: 1634156007
NOT FOUND
time: 528786 ms
seed: 1634203359
NOT FOUND
time: 531052 ms
seed: 1634252336
NOT FOUND
time: 532149 ms
seed: 1634300405
NOT FOUND
time: 524514 ms
seed: 1634340925
{7,1,80,1,2,1,8}([7]1,2,3)([8]6,2,4)([9]7,0,5)([10]7,3,2)([11]8,0,4)([12]11,3,7)([13]1,4,4)([14]4,3,1)([15]12,1,4)([16]0,4,1)([17]9,13,3)([18]11,16,2)([19]2,3,7)([20]18,6,5)([21]13,8,6)([22]1,0,6)([23]22,14,7)([24]5,17,7)([25]19,8,2)([26]18,5,6)([27]6,15,3)([28]2,4,4)([29]11,17,2)([30]11,3,7)([31]3,24,3)([32]13,3,6)([33]25,24,2)([34]10,29,7)([35]32,5,5)([36]12,30,3)([37]30,28,4)([38]35,23,1)([39]33,7,2)([40]27,39,4)([41]35,34,7)([42]2,4,5)([43]21,26,7)([44]30,36,1)([45]20,14,2)([46]26,42,5)([47]38,33,3)([48]1,45,1)([49]17,20,4)([50]40,45,6)([51]46,37,6)([52]41,50,7)([53]21,0,0)([54]3,29,5)([55]13,23,5)([56]25,24,7)([57]45,11,0)([58]39,56,0)([59]19,23,3)([60]49,56,1)([61]48,55,7)([62]16,36,0)([63]40,39,0)([64]56,52,5)([65]51,52,6)([66]4,7,1)([67]38,59,4)([68]67,43,6)([69]8,59,7)([70]21,34,4)([71]67,13,3)([72]60,7,5)([73]29,16,5)([74]16,37,6)([75]45,1,1)([76]65,68,6)([77]43,36,1)([78]64,67,2)([79]33,50,6)([80]26,52,0)([81]48,34,0)([82]73,23,3)([83]10,14,3)([84]53,10,6)([85]61,4,2)([86]56,20,3)(76)
evaluations: 22026007
first invidual area: 140.08
{7,1,80,1,2,1,8}([7]1,2,3)([8]6,2,4)([9]3,7,5)([10]0,7,5)([11]0,8,4)([12]11,3,7)([13]4,1,4)([14]5,7,2)([15]4,2,5)([16]11,8,2)([17]13,10,3)([18]6,1,0)([19]2,3,7)([20]13,3,6)([21]1,12,4)([22]1,0,3)([23]20,7,0)([24]17,5,7)([25]19,8,2)([26]5,16,6)([27]21,18,6)([28]6,17,6)([29]22,4,7)([30]17,11,5)([31]2,4,3)([32]4,30,1)([33]25,24,2)([34]9,30,4)([35]5,20,5)([36]34,35,4)([37]12,31,4)([38]15,0,1)([39]33,7,5)([40]27,39,4)([41]13,8,3)([42]37,4,7)([43]26,41,4)([44]34,6,5)([45]44,32,2)([46]26,15,5)([47]14,31,1)([48]2,9,0)([49]20,18,2)([50]40,45,3)([51]37,46,6)([52]49,8,7)([53]30,34,2)([54]3,46,2)([55]45,9,4)([56]40,48,7)([57]36,50,4)([58]53,49,2)([59]19,29,6)([60]45,42,1)([61]25,13,4)([62]34,61,2)([63]26,36,2)([64]44,0,6)([65]51,57,6)([66]36,16,3)([67]35,59,4)([68]67,43,6)([69]65,54,6)([70]6,24,1)([71]19,69,0)([72]52,49,0)([73]8,55,5)([74]30,35,7)([75]61,38,0)([76]65,68,6)([77]49,71,2)([78]54,25,4)([79]67,63,1)([80]37,32,1)([81]39,48,3)([82]16,49,4)([83]81,7,1)([84]32,24,3)([85]0,21,6)([86]42,44,2)(76)
optimized area: 128.83
time: 597142 ms
seed: 1634389825
NOT FOUND
time: 534595 ms
seed: 1634438819
{7,1,80,1,2,1,8}([7]1,6,6)([8]2,5,5)([9]6,0,3)([10]6,5,3)([11]6,0,5)([12]11,5,4)([13]10,1,5)([14]10,12,2)([15]4,2,7)([16]10,7,7)([17]16,3,4)([18]13,8,7)([19]17,14,3)([20]3,12,7)([21]6,4,4)([22]11,9,2)([23]16,13,7)([24]21,13,4)([25]17,21,6)([26]18,22,4)([27]3,24,1)([28]20,23,6)([29]15,28,7)([30]19,26,2)([31]25,30,3)([32]14,3,7)([33]30,29,4)([34]4,4,2)([35]11,1,7)([36]31,20,7)([37]2,9,4)([38]17,36,5)([39]11,34,4)([40]24,30,0)([41]35,40,0)([42]39,35,2)([43]34,42,4)([44]34,43,0)([45]14,28,2)([46]43,10,7)([47]37,38,2)([48]0,28,4)([49]36,34,4)([50]31,26,3)([51]0,1,6)([52]47,46,3)([53]38,7,3)([54]3,46,4)([55]10,21,4)([56]4,2,6)([57]37,31,5)([58]48,9,0)([59]21,18,7)([60]8,45,4)([61]49,5,0)([62]45,39,5)([63]62,57,4)([64]4,12,5)([65]52,33,6)([66]1,38,7)([67]51,59,0)([68]46,67,6)([69]10,12,2)([70]39,16,6)([71]63,65,3)([72]22,8,1)([73]67,31,7)([74]38,3,6)([75]71,3,4)([76]46,68,3)([77]25,71,6)([78]52,22,7)([79]21,66,0)([80]21,1,7)([81]28,24,5)([82]25,42,4)([83]16,55,4)([84]81,13,3)([85]63,68,1)([86]49,43,0)(75)
evaluations: 15812912
first invidual area: 137.77
{7,1,80,1,2,1,8}([7]1,6,3)([8]6,7,0)([9]8,0,3)([10]6,5,3)([11]8,0,5)([12]11,5,4)([13]2,5,5)([14]12,10,2)([15]10,1,5)([16]10,7,4)([17]16,3,4)([18]4,1,4)([19]17,14,3)([20]12,3,7)([21]20,7,1)([22]4,8,4)([23]13,15,4)([24]11,9,5)([25]16,20,3)([26]23,24,4)([27]2,4,7)([28]25,1,6)([29]4,28,3)([30]19,26,2)([31]27,27,3)([32]30,28,4)([33]9,26,0)([34]17,0,0)([35]8,14,0)([36]18,4,6)([37]2,9,4)([38]17,21,5)([39]11,4,4)([40]15,30,1)([41]7,31,7)([42]39,18,5)([43]42,4,4)([44]17,22,6)([45]9,42,1)([46]21,21,5)([47]37,38,2)([48]43,10,4)([49]32,27,7)([50]41,46,7)([51]16,6,3)([52]49,48,3)([53]39,17,5)([54]44,30,3)([55]14,39,2)([56]7,33,0)([57]37,54,5)([58]30,25,2)([59]44,33,5)([60]23,3,4)([61]31,23,5)([62]55,28,5)([63]57,62,4)([64]14,40,7)([65]52,47,6)([66]64,49,0)([67]21,33,6)([68]51,34,2)([69]52,29,3)([70]16,21,7)([71]63,65,6)([72]5,51,5)([73]71,44,2)([74]13,62,3)([75]21,12,4)([76]46,54,3)([77]75,27,7)([78]10,46,6)([79]2,62,3)([80]56,54,2)([81]18,5,7)([82]23,55,6)([83]3,71,7)([84]80,21,2)([85]71,76,2)([86]53,67,1)(83)
optimized area: 131.19
time: 633550 ms
seed: 1634499081
NOT FOUND
time: 524388 ms
seed: 1634598319
{7,1,80,1,2,1,8}([7]0,4,4)([8]3,1,3)([9]1,2,6)([10]7,5,4)([11]0,3,2)([12]5,11,1)([13]11,4,7)([14]1,2,4)([15]14,13,2)([16]12,13,5)([17]1,15,3)([18]17,10,3)([19]10,3,7)([20]11,0,6)([21]1,7,7)([22]12,20,3)([23]9,6,7)([24]23,15,4)([25]4,2,2)([26]16,20,6)([27]18,11,4)([28]22,8,5)([29]10,13,5)([30]16,24,3)([31]3,21,3)([32]21,24,6)([33]30,32,4)([34]19,27,4)([35]1,31,4)([36]2,26,4)([37]25,5,0)([38]35,30,6)([39]15,30,5)([40]20,32,5)([41]16,14,7)([42]23,26,4)([43]36,38,3)([44]28,33,2)([45]6,27,6)([46]45,44,6)([47]5,41,6)([48]38,2,2)([49]6,16,5)([50]3,23,7)([51]44,19,3)([52]47,17,3)([53]42,17,4)([54]43,46,4)([55]7,44,2)([56]24,19,6)([57]11,27,2)([58]55,57,3)([59]43,23,2)([60]3,47,7)([61]34,54,2)([62]34,59,4)([63]19,32,7)([64]24,60,5)([65]16,62,5)([66]54,50,4)([67]26,56,2)([68]59,52,5)([69]20,61,0)([70]42,66,1)([71]55,65,3)([72]40,35,2)([73]71,64,3)([74]27,66,1)([75]71,8,6)([76]5,1,1)([77]54,19,1)([78]27,31,3)([79]73,66,4)([80]55,62,3)([81]46,42,6)([82]25,45,3)([83]68,50,2)([84]32,59,6)([85]28,56,2)([86]10,51,0)(79)
evaluations: 22254014
first invidual area: 154.16
{7,1,80,1,2,1,8}([7]0,4,4)([8]1,3,3)([9]2,1,6)([10]7,5,4)([11]3,0,2)([12]5,6,1)([13]4,11,7)([14]2,1,4)([15]13,14,2)([16]13,12,5)([17]10,1,3)([18]17,15,6)([19]10,3,7)([20]0,19,1)([21]7,1,7)([22]19,16,0)([23]6,9,7)([24]15,23,4)([25]12,20,3)([26]16,20,6)([27]8,25,5)([28]18,11,7)([29]19,28,5)([30]16,24,3)([31]17,26,1)([32]21,24,3)([33]30,32,7)([34]24,22,0)([35]31,22,3)([36]2,26,4)([37]26,30,0)([38]35,30,6)([39]25,31,0)([40]23,2,5)([41]27,22,2)([42]20,26,2)([43]36,38,6)([44]27,33,2)([45]6,28,6)([46]44,45,6)([47]5,14,6)([48]15,13,3)([49]12,45,6)([50]3,23,7)([51]26,14,2)([52]9,50,2)([53]6,44,5)([54]43,46,4)([55]31,7,6)([56]47,4,0)([57]6,23,3)([58]16,1,6)([59]46,28,1)([60]3,47,7)([61]60,38,2)([62]29,40,7)([63]9,44,1)([64]5,55,0)([65]62,60,5)([66]54,50,7)([67]53,46,4)([68]16,34,5)([69]48,46,2)([70]55,51,6)([71]41,65,3)([72]51,0,4)([73]71,68,3)([74]13,20,4)([75]4,64,2)([76]13,1,1)([77]22,17,2)([78]31,75,5)([79]73,66,4)([80]69,64,1)([81]37,17,6)([82]57,63,6)([83]24,54,6)([84]24,0,7)([85]31,17,5)([86]59,18,3)(79)
optimized area: 141.95
time: 639334 ms
seed: 1634647071
{7,1,80,1,2,1,8}([7]4,3,4)([8]0,6,4)([9]5,0,6)([10]5,4,7)([11]3,9,1)([12]8,7,3)([13]10,8,6)([14]3,13,7)([15]2,2,6)([16]2,1,5)([17]12,11,3)([18]11,16,2)([19]15,12,4)([20]13,19,4)([21]17,20,3)([22]10,8,2)([23]19,22,3)([24]20,22,6)([25]8,16,2)([26]18,23,7)([27]5,26,4)([28]6,7,4)([29]14,7,3)([30]1,3,2)([31]26,29,3)([32]3,20,2)([33]26,24,3)([34]28,29,4)([35]24,0,2)([36]15,1,6)([37]34,1,4)([38]34,9,1)([39]19,30,6)([40]11,39,0)([41]32,37,2)([42]5,35,7)([43]38,18,5)([44]19,40,4)([45]25,9,4)([46]37,35,2)([47]27,31,2)([48]39,46,7)([49]22,47,7)([50]34,48,2)([51]26,42,7)([52]37,50,5)([53]29,31,3)([54]3,32,0)([55]40,38,5)([56]45,28,6)([57]52,42,7)([58]42,34,4)([59]43,7,7)([60]42,3,1)([61]49,57,2)([62]32,48,7)([63]21,58,7)([64]63,10,0)([65]61,64,5)([66]57,64,3)([67]24,54,0)([68]11,53,3)([69]62,43,2)([70]31,47,3)([71]29,64,1)([72]65,69,7)([73]26,21,6)([74]47,36,0)([75]42,57,2)([76]33,19,3)([77]25,50,7)([78]54,64,5)([79]4,26,0)([80]29,32,3)([81]45,40,1)([82]11,45,7)([83]14,5,5)([84]46,81,2)([85]62,77,2)([86]51,63,4)(72)
evaluations: 9973862
first invidual area: 146.19
{7,1,80,1,2,1,8}([7]3,4,4)([8]6,0,4)([9]8,5,3)([10]4,5,7)([11]7,8,0)([12]1,3,2)([13]8,10,6)([14]3,13,7)([15]3,0,1)([16]1,2,5)([17]11,8,3)([18]15,16,2)([19]2,17,7)([20]19,13,4)([21]19,8,3)([22]8,10,2)([23]5,4,1)([24]22,20,6)([25]19,1,2)([26]18,21,7)([27]14,11,5)([28]27,6,7)([29]0,7,3)([30]10,6,5)([31]23,26,5)([32]18,17,3)([33]23,30,7)([34]28,14,4)([35]0,24,2)([36]34,18,0)([37]1,36,4)([38]35,23,4)([39]26,18,3)([40]11,13,0)([41]35,6,5)([42]19,12,6)([43]10,14,1)([44]36,6,1)([45]20,3,5)([46]37,35,5)([47]26,2,5)([48]42,46,4)([49]22,31,4)([50]34,37,5)([51]32,32,7)([52]23,3,6)([53]37,32,4)([54]43,28,0)([55]44,15,0)([56]32,47,2)([57]50,38,7)([58]48,45,4)([59]36,56,5)([60]41,51,3)([61]49,57,2)([62]57,20,2)([63]50,58,2)([64]18,44,5)([65]61,59,5)([66]0,20,5)([67]35,64,2)([68]62,45,1)([69]64,58,5)([70]35,2,1)([71]69,65,4)([72]30,1,3)([73]9,49,7)([74]63,10,3)([75]0,26,7)([76]27,11,4)([77]55,38,7)([78]39,1,2)([79]42,46,3)([80]35,23,7)([81]39,14,5)([82]57,20,5)([83]82,22,0)([84]82,59,6)([85]81,77,4)([86]7,6,0)(71)
optimized area: 127.89
time: 718860 ms
seed: 1634697114
{7,1,80,1,2,1,8}([7]2,6,3)([8]0,5,4)([9]2,1,5)([10]4,7,7)([11]2,9,5)([12]4,8,4)([13]1,3,2)([14]12,2,4)([15]0,6,6)([16]10,3,2)([17]7,14,2)([18]15,12,2)([19]2,15,4)([20]11,6,4)([21]3,18,7)([22]16,4,3)([23]14,7,2)([24]20,22,4)([25]23,15,4)([26]7,8,5)([27]4,11,2)([28]27,21,4)([29]0,15,2)([30]23,5,4)([31]1,5,2)([32]13,24,7)([33]11,32,3)([34]24,30,2)([35]11,0,5)([36]5,32,7)([37]33,35,7)([38]34,27,3)([39]28,30,3)([40]0,38,6)([41]28,9,5)([42]12,19,6)([43]37,13,5)([44]15,36,7)([45]11,1,5)([46]10,31,4)([47]37,41,2)([48]44,46,5)([49]31,42,2)([50]32,37,6)([51]30,38,1)([52]47,48,6)([53]22,1,5)([54]7,21,5)([55]46,15,3)([56]2,29,2)([57]49,47,7)([58]57,20,3)([59]28,58,2)([60]17,40,7)([61]2,48,6)([62]15,5,5)([63]38,23,6)([64]43,60,4)([65]13,46,1)([66]9,26,6)([67]26,52,4)([68]4,6,4)([69]51,44,3)([70]59,64,3)([71]13,32,7)([72]60,20,7)([73]50,40,6)([74]29,41,2)([75]32,58,0)([76]67,70,7)([77]68,47,4)([78]1,18,4)([79]3,50,3)([80]56,24,1)([81]58,19,1)([82]68,4,4)([83]44,11,6)([84]75,32,3)([85]7,82,6)([86]57,83,4)(76)
evaluations: 22308349
first invidual area: 156.03
{7,1,80,1,2,1,8}([7]6,2,3)([8]5,0,4)([9]2,1,5)([10]7,4,7)([11]9,2,5)([12]8,4,4)([13]3,1,2)([14]12,2,4)([15]6,0,6)([16]10,3,2)([17]2,10,6)([18]12,15,5)([19]14,7,5)([20]6,11,4)([21]3,18,7)([22]16,4,6)([23]22,5,4)([24]12,19,1)([25]23,20,4)([26]4,8,7)([27]11,4,2)([28]27,21,7)([29]11,6,3)([30]13,25,4)([31]1,5,2)([32]10,31,4)([33]22,20,2)([34]31,29,7)([35]11,0,5)([36]12,33,3)([37]7,21,0)([38]33,27,3)([39]29,35,2)([40]0,38,6)([41]28,9,5)([42]32,7,4)([43]35,13,5)([44]15,30,4)([45]19,40,4)([46]43,11,0)([47]39,41,2)([48]44,32,5)([49]6,0,6)([50]7,6,1)([51]31,24,2)([52]48,47,3)([53]8,7,5)([54]27,49,7)([55]13,0,0)([56]37,24,6)([57]51,47,6)([58]57,20,3)([59]58,28,5)([60]32,29,2)([61]7,52,3)([62]19,54,6)([63]25,62,6)([64]43,45,7)([65]23,9,3)([66]55,7,5)([67]52,53,4)([68]63,26,0)([69]36,65,6)([70]59,64,5)([71]6,1,7)([72]6,60,1)([73]48,21,6)([74]2,23,1)([75]31,26,5)([76]67,70,4)([77]24,59,2)([78]38,20,3)([79]51,77,3)([80]57,60,2)([81]47,48,6)([82]22,57,5)([83]17,28,1)([84]21,39,6)([85]46,35,2)([86]74,44,5)(76)
optimized area: 136.79
time: 938722 ms
seed: 1634774660
{7,1,80,1,2,1,8}([7]1,2,3)([8]6,4,3)([9]5,7,3)([10]8,0,7)([11]4,2,4)([12]4,6,2)([13]7,10,4)([14]7,2,7)([15]8,9,2)([16]12,15,4)([17]3,13,7)([18]10,6,7)([19]18,6,2)([20]11,1,4)([21]12,1,6)([22]18,5,3)([23]13,14,5)([24]16,5,2)([25]23,24,2)([26]10,19,5)([27]26,17,7)([28]5,19,4)([29]12,19,5)([30]25,27,7)([31]3,16,4)([32]24,22,7)([33]19,13,4)([34]18,13,2)([35]10,27,7)([36]31,32,6)([37]0,36,3)([38]28,15,4)([39]38,37,3)([40]36,35,3)([41]23,18,2)([42]4,31,3)([43]34,25,2)([44]18,17,6)([45]34,2,4)([46]39,42,4)([47]21,31,7)([48]20,29,6)([49]46,44,4)([50]42,8,1)([51]34,47,2)([52]38,21,2)([53]52,40,2)([54]30,51,3)([55]49,45,3)([56]51,17,2)([57]5,14,1)([58]55,54,2)([59]57,27,2)([60]58,53,7)([61]8,5,4)([62]1,17,6)([63]28,53,6)([64]46,1,7)([65]0,18,4)([66]48,14,7)([67]29,40,6)([68]33,64,5)([69]22,53,6)([70]24,56,1)([71]51,11,7)([72]52,4,1)([73]6,8,0)([74]34,19,6)([75]62,60,5)([76]54,37,1)([77]36,43,4)([78]26,18,4)([79]42,46,5)([80]10,71,3)([81]26,76,7)([82]66,60,4)([83]17,73,6)([84]68,53,0)([85]64,40,5)([86]40,77,5)(82)
evaluations: 23997178
first invidual area: 164.95
{7,1,80,1,2,1,8}([7]1,2,3)([8]6,4,3)([9]7,5,3)([10]8,0,7)([11]2,2,1)([12]4,6,2)([13]10,7,4)([14]1,11,5)([15]9,8,2)([16]12,15,4)([17]13,3,7)([18]6,10,7)([19]18,10,2)([20]2,1,7)([21]12,1,6)([22]5,18,6)([23]13,14,5)([24]16,5,2)([25]2,20,0)([26]24,23,5)([27]19,17,4)([28]5,19,7)([29]27,10,7)([30]22,24,3)([31]3,16,4)([32]12,13,0)([33]32,19,5)([34]13,18,2)([35]28,11,4)([36]31,30,6)([37]36,0,3)([38]28,15,7)([39]38,37,6)([40]36,29,3)([41]18,17,6)([42]0,22,1)([43]27,26,4)([44]25,34,4)([45]4,31,3)([46]39,45,4)([47]21,31,7)([48]33,20,3)([49]46,41,7)([50]27,27,1)([51]47,34,2)([52]40,21,2)([53]52,38,5)([54]43,51,3)([55]49,44,3)([56]55,7,6)([57]32,53,4)([58]55,54,5)([59]14,51,0)([60]58,14,4)([61]17,48,6)([62]8,49,1)([63]16,48,4)([64]35,35,2)([65]14,60,6)([66]55,43,3)([67]59,21,3)([68]31,65,3)([69]48,53,5)([70]32,65,0)([71]35,55,5)([72]55,8,6)([73]13,7,0)([74]65,38,5)([75]69,60,7)([76]2,50,4)([77]8,65,1)([78]12,9,5)([79]65,15,5)([80]71,54,3)([81]8,54,7)([82]78,55,5)([83]69,82,5)([84]39,39,4)([85]64,26,2)([86]72,2,1)(75)
optimized area: 150.39
time: 1193035 ms
seed: 1634839965
{7,1,80,1,2,1,8}([7]5,0,2)([8]0,4,4)([9]1,7,2)([10]5,0,4)([11]6,9,7)([12]3,2,7)([13]12,6,3)([14]5,12,1)([15]4,6,0)([16]5,8,4)([17]12,11,4)([18]5,17,4)([19]5,7,4)([20]19,3,6)([21]18,15,5)([22]17,6,1)([23]15,19,7)([24]19,11,2)([25]8,2,6)([26]16,24,4)([27]23,1,3)([28]11,12,2)([29]16,28,2)([30]21,27,0)([31]20,0,6)([32]30,26,5)([33]12,27,6)([34]13,31,4)([35]28,7,2)([36]11,34,0)([37]3,34,4)([38]34,20,4)([39]32,30,5)([40]6,18,7)([41]3,32,3)([42]41,37,5)([43]32,25,1)([44]20,12,3)([45]44,10,6)([46]41,27,5)([47]11,23,7)([48]20,2,4)([49]44,32,1)([50]35,34,7)([51]30,45,4)([52]22,46,3)([53]6,39,6)([54]1,42,6)([55]51,43,2)([56]35,35,2)([57]32,35,5)([58]16,31,5)([59]1,32,0)([60]31,54,7)([61]60,23,5)([62]53,52,7)([63]48,38,0)([64]29,54,4)([65]52,23,7)([66]57,54,3)([67]38,62,7)([68]64,46,1)([69]39,1,5)([70]66,62,5)([71]68,70,2)([72]67,65,6)([73]21,43,2)([74]25,65,6)([75]71,53,4)([76]55,35,2)([77]36,4,7)([78]49,59,6)([79]59,49,2)([80]72,79,2)([81]22,59,5)([82]53,47,6)([83]41,5,4)([84]60,81,4)([85]61,44,5)([86]80,75,7)(86)
evaluations: 28304661
first invidual area: 148.51
{7,1,80,1,2,1,8}([7]5,0,2)([8]5,4,7)([9]1,8,0)([10]9,7,5)([11]6,10,4)([12]3,2,7)([13]5,3,6)([14]11,7,0)([15]5,14,2)([16]0,8,7)([17]12,14,4)([18]17,8,4)([19]5,7,4)([20]13,0,3)([21]18,4,5)([22]17,11,1)([23]4,19,7)([24]19,11,5)([25]6,22,3)([26]16,24,7)([27]18,15,1)([28]22,11,2)([29]9,27,7)([30]29,0,4)([31]28,16,5)([32]26,21,5)([33]6,3,3)([34]3,20,7)([35]24,22,5)([36]34,17,4)([37]25,34,4)([38]20,0,4)([39]21,32,5)([40]37,25,2)([41]3,32,3)([42]22,2,5)([43]23,1,3)([44]21,38,5)([45]41,37,5)([46]41,43,5)([47]32,15,3)([48]21,33,0)([49]2,5,6)([50]8,6,0)([51]45,1,3)([52]22,46,3)([53]6,39,6)([54]52,43,3)([55]48,1,3)([56]38,4,6)([57]7,28,5)([58]49,0,0)([59]24,39,6)([60]6,45,3)([61]58,5,4)([62]53,52,7)([63]12,25,3)([64]31,51,7)([65]49,7,0)([66]38,8,5)([67]8,66,6)([68]37,38,4)([69]56,51,4)([70]57,62,5)([71]64,70,5)([72]40,18,6)([73]10,22,4)([74]38,33,0)([75]53,71,7)([76]44,1,5)([77]12,16,7)([78]23,8,0)([79]9,72,2)([80]49,79,5)([81]69,37,5)([82]81,9,6)([83]52,42,6)([84]10,70,3)([85]44,66,1)([86]80,75,4)(86)
optimized area: 126.95
time: 1211833 ms
seed: 1635094609
{7,1,80,1,2,1,8}([7]1,0,4)([8]3,0,2)([9]7,6,4)([10]1,2,2)([11]4,2,6)([12]4,5,6)([13]0,4,5)([14]13,1,7)([15]9,1,0)([16]5,0,0)([17]16,3,1)([18]7,11,3)([19]18,8,6)([20]10,15,7)([21]9,16,7)([22]8,18,5)([23]1,17,2)([24]23,19,3)([25]23,10,4)([26]14,2,5)([27]0,4,7)([28]2,24,4)([29]25,14,6)([30]29,21,2)([31]28,13,3)([32]18,28,0)([33]27,23,6)([34]19,13,0)([35]1,22,2)([36]21,33,4)([37]15,28,4)([38]24,0,4)([39]28,27,5)([40]39,10,1)([41]19,29,7)([42]8,5,1)([43]32,20,5)([44]19,20,7)([45]37,36,3)([46]22,16,5)([47]46,30,5)([48]26,28,7)([49]20,14,2)([50]12,48,4)([51]50,39,6)([52]3,43,4)([53]47,52,7)([54]24,15,1)([55]22,8,2)([56]29,28,5)([57]4,56,6)([58]53,38,1)([59]50,15,2)([60]0,33,4)([61]51,41,5)([62]22,6,3)([63]31,9,1)([64]42,62,7)([65]11,12,4)([66]20,23,7)([67]59,65,3)([68]32,54,1)([69]9,15,7)([70]57,3,2)([71]46,47,2)([72]53,22,2)([73]26,35,0)([74]45,58,2)([75]7,18,7)([76]33,24,0)([77]70,6,5)([78]17,76,5)([79]77,59,7)([80]41,52,2)([81]24,78,3)([82]40,19,5)([83]4,24,3)([84]71,47,6)([85]33,24,1)([86]74,79,3)(86)
evaluations: 14273745
first invidual area: 127.89
{7,1,80,1,2,1,8}([7]1,0,4)([8]3,0,2)([9]7,6,4)([10]4,0,7)([11]1,2,5)([12]0,4,5)([13]11,10,0)([14]1,12,7)([15]0,9,5)([16]4,2,6)([17]5,6,1)([18]16,7,3)([19]18,8,6)([20]10,6,1)([21]9,17,4)([22]4,21,6)([23]1,17,2)([24]23,19,6)([25]23,10,6)([26]17,3,7)([27]2,16,5)([28]24,2,7)([29]25,21,4)([30]28,9,4)([31]14,2,5)([32]9,13,4)([33]29,30,2)([34]17,8,3)([35]21,25,5)([36]18,32,5)([37]14,33,6)([38]31,22,7)([39]36,1,7)([40]22,33,2)([41]10,20,3)([42]34,37,2)([43]13,22,0)([44]2,0,5)([45]30,29,3)([46]14,14,1)([47]21,42,5)([48]29,46,4)([49]36,3,4)([50]30,38,7)([51]20,26,3)([52]25,0,3)([53]47,49,4)([54]53,45,2)([55]52,30,0)([56]5,52,1)([57]40,54,4)([58]45,18,1)([59]22,42,5)([60]54,32,2)([61]19,37,2)([62]50,9,2)([63]11,57,6)([64]34,12,3)([65]20,27,6)([66]8,1,1)([67]54,40,3)([68]28,4,4)([69]54,21,4)([70]3,64,5)([71]44,53,0)([72]71,11,1)([73]16,42,0)([74]62,67,3)([75]63,25,1)([76]27,70,5)([77]11,65,2)([78]27,17,7)([79]32,5,1)([80]30,29,5)([81]2,77,3)([82]45,56,7)([83]42,49,0)([84]76,78,3)([85]35,3,5)([86]20,8,4)(74)
optimized area: 113.84
time: 1170158 ms
seed: 1635125219
{7,1,80,1,2,1,8}([7]3,2,3)([8]5,3,1)([9]0,4,5)([10]9,3,3)([11]7,1,2)([12]7,4,4)([13]0,5,7)([14]11,2,1)([15]2,10,7)([16]0,6,7)([17]10,9,4)([18]7,13,3)([19]16,9,4)([20]2,12,7)([21]11,4,7)([22]5,4,7)([23]7,22,7)([24]17,23,7)([25]19,24,6)([26]11,3,4)([27]9,18,6)([28]23,0,2)([29]1,18,5)([30]29,15,2)([31]30,10,1)([32]23,20,5)([33]6,7,0)([34]6,32,7)([35]13,31,2)([36]35,14,2)([37]8,25,1)([38]35,35,3)([39]30,34,5)([40]16,18,4)([41]16,32,2)([42]6,28,6)([43]21,36,0)([44]39,42,3)([45]6,3,5)([46]5,39,6)([47]27,44,6)([48]39,26,6)([49]37,37,5)([50]19,25,7)([51]42,16,0)([52]21,41,2)([53]24,8,6)([54]34,42,5)([55]26,3,7)([56]4,39,2)([57]12,33,0)([58]36,51,2)([59]25,57,4)([60]58,50,3)([61]9,34,6)([62]10,48,2)([63]15,3,5)([64]25,11,3)([65]62,36,0)([66]21,53,2)([67]34,19,2)([68]10,11,2)([69]47,25,0)([70]63,52,6)([71]55,55,1)([72]1,3,6)([73]64,69,6)([74]44,60,7)([75]14,21,7)([76]73,70,6)([77]21,14,5)([78]16,20,5)([79]17,60,7)([80]0,36,1)([81]80,49,7)([82]79,54,5)([83]66,29,5)([84]82,76,7)([85]84,83,7)([86]1,38,5)(85)
evaluations: 22999030
first invidual area: 148.02
{7,1,80,1,2,1,8}([7]3,2,3)([8]1,7,2)([9]4,0,5)([10]9,3,3)([11]4,5,4)([12]8,2,6)([13]7,4,6)([14]11,13,2)([15]10,2,7)([16]0,6,7)([17]9,10,4)([18]11,13,1)([19]16,9,4)([20]0,1,7)([21]0,12,6)([22]15,3,5)([23]11,7,4)([24]17,23,7)([25]24,19,6)([26]10,2,7)([27]8,25,5)([28]0,23,2)([29]5,15,4)([30]0,22,7)([31]13,17,6)([32]23,29,5)([33]25,19,6)([34]6,32,7)([35]31,12,2)([36]28,1,5)([37]8,4,7)([38]24,16,5)([39]34,15,5)([40]25,8,3)([41]16,32,2)([42]6,28,6)([43]32,7,4)([44]0,15,6)([45]42,35,2)([46]10,6,3)([47]44,41,3)([48]11,21,2)([49]39,1,6)([50]40,49,6)([51]42,26,6)([52]37,41,2)([53]36,14,5)([54]34,42,5)([55]35,21,3)([56]51,25,0)([57]18,10,2)([58]7,44,7)([59]37,23,3)([60]45,33,6)([61]34,20,4)([62]42,0,4)([63]44,27,2)([64]37,27,5)([65]0,59,2)([66]44,55,3)([67]18,61,0)([68]22,52,6)([69]34,13,6)([70]18,61,5)([71]21,13,3)([72]62,68,6)([73]12,38,5)([74]49,56,2)([75]64,62,1)([76]50,68,6)([77]76,70,4)([78]44,70,6)([79]17,60,4)([80]19,7,5)([81]30,45,5)([82]79,54,5)([83]60,67,2)([84]82,76,4)([85]84,53,4)([86]39,73,5)(85)
optimized area: 125.07
time: 622029 ms
seed: 1635174165
NOT FOUND
time: 535225 ms
seed: 1635292816
NOT FOUND
time: 994883 ms
seed: 1635450458
{7,1,80,1,2,1,8}([7]0,6,7)([8]4,6,7)([9]2,0,7)([10]5,9,4)([11]1,7,0)([12]3,2,1)([13]10,3,4)([14]12,5,6)([15]1,7,4)([16]10,1,7)([17]15,16,6)([18]4,6,6)([19]18,16,3)([20]12,17,6)([21]2,5,3)([22]11,12,2)([23]4,0,2)([24]15,23,4)([25]15,10,7)([26]23,14,5)([27]25,8,3)([28]15,13,2)([29]11,24,2)([30]22,19,7)([31]2,3,7)([32]10,14,4)([33]30,11,3)([34]27,17,4)([35]6,3,7)([36]13,11,7)([37]23,20,2)([38]8,5,4)([39]31,33,2)([40]37,39,3)([41]29,0,6)([42]39,31,6)([43]37,9,6)([44]40,24,4)([45]12,1,2)([46]8,24,4)([47]34,13,4)([48]46,30,6)([49]22,5,3)([50]32,17,5)([51]44,50,4)([52]19,47,2)([53]45,0,3)([54]14,24,7)([55]43,27,6)([56]12,18,1)([57]52,44,0)([58]26,53,6)([59]25,47,4)([60]51,48,1)([61]55,53,5)([62]60,27,7)([63]60,61,4)([64]57,38,5)([65]3,1,6)([66]52,23,2)([67]0,11,2)([68]51,47,2)([69]64,26,5)([70]62,19,6)([71]29,0,2)([72]41,69,5)([73]68,40,5)([74]54,24,0)([75]6,25,0)([76]23,22,6)([77]41,45,1)([78]10,63,2)([79]45,72,1)([80]67,31,6)([81]19,39,7)([82]54,49,1)([83]63,72,7)([84]1,57,5)([85]70,3,7)([86]72,55,4)(83)
evaluations: 12352668
first invidual area: 147.59
{7,1,80,1,2,1,8}([7]4,6,6)([8]4,6,7)([9]0,2,7)([10]9,5,4)([11]3,5,3)([12]3,3,1)([13]8,5,0)([14]6,0,4)([15]1,14,7)([16]1,10,7)([17]16,15,6)([18]1,12,2)([19]7,16,3)([20]9,7,1)([21]0,18,6)([22]3,14,2)([23]0,4,2)([24]17,5,1)([25]16,14,7)([26]19,5,1)([27]25,13,3)([28]21,4,0)([29]12,2,4)([30]11,9,4)([31]10,3,7)([32]15,23,7)([33]26,1,3)([34]27,24,5)([35]12,34,6)([36]22,0,6)([37]35,23,2)([38]32,25,2)([39]29,33,2)([40]29,1,6)([41]17,30,5)([42]13,5,4)([43]37,39,6)([44]27,17,0)([45]35,15,0)([46]31,34,4)([47]41,32,7)([48]10,32,0)([49]25,38,2)([50]19,4,4)([51]47,43,4)([52]23,25,4)([53]21,5,2)([54]3,21,0)([55]27,21,6)([56]3,30,1)([57]3,42,1)([58]45,46,4)([59]54,27,0)([60]30,59,1)([61]55,9,5)([62]19,46,2)([63]25,59,2)([64]3,30,1)([65]4,16,4)([66]22,14,0)([67]62,42,2)([68]25,33,4)([69]0,51,5)([70]29,32,5)([71]67,50,6)([72]36,67,5)([73]51,61,7)([74]50,49,1)([75]0,67,6)([76]52,36,6)([77]49,27,5)([78]72,72,0)([79]64,20,2)([80]44,54,3)([81]6,38,2)([82]78,51,4)([83]73,78,4)([84]44,1,5)([85]30,77,6)([86]55,81,3)(83)
optimized area: 133.53
time: 1174650 ms
seed: 1635557645
{7,1,80,1,2,1,8}([7]2,0,4)([8]3,4,7)([9]2,8,7)([10]4,5,4)([11]4,6,2)([12]8,9,6)([13]5,6,2)([14]13,8,6)([15]5,8,7)([16]0,10,6)([17]16,7,6)([18]14,1,6)([19]10,1,7)([20]1,3,2)([21]12,4,7)([22]1,4,7)([23]22,15,2)([24]14,1,4)([25]7,20,6)([26]13,19,5)([27]18,6,4)([28]23,14,7)([29]15,4,3)([30]22,25,2)([31]30,18,7)([32]9,28,4)([33]32,22,0)([34]12,3,7)([35]10,32,4)([36]9,7,3)([37]6,36,7)([38]4,6,6)([39]29,18,2)([40]3,34,7)([41]35,36,1)([42]39,34,0)([43]37,5,7)([44]34,39,3)([45]29,26,0)([46]23,44,0)([47]46,45,6)([48]10,15,4)([49]21,28,2)([50]23,44,3)([51]42,0,2)([52]5,43,7)([53]35,11,3)([54]49,13,5)([55]3,31,4)([56]11,7,5)([57]7,11,4)([58]22,23,0)([59]37,54,7)([60]17,26,4)([61]3,45,1)([62]48,28,2)([63]46,31,7)([64]60,50,4)([65]55,15,1)([66]59,64,3)([67]43,31,3)([68]53,67,3)([69]56,65,2)([70]31,14,6)([71]1,3,0)([72]18,63,7)([73]51,14,7)([74]66,68,7)([75]21,17,5)([76]74,21,7)([77]56,38,6)([78]14,72,7)([79]57,46,0)([80]76,51,7)([81]54,29,2)([82]21,0,7)([83]70,3,2)([84]6,66,1)([85]2,14,4)([86]83,34,2)(80)
evaluations: 42076291
first invidual area: 153.71
{7,1,80,1,2,1,8}([7]0,2,4)([8]4,3,7)([9]8,2,7)([10]4,5,4)([11]7,0,2)([12]9,8,6)([13]5,6,2)([14]8,13,6)([15]5,8,7)([16]0,10,6)([17]16,7,6)([18]14,1,6)([19]3,4,2)([20]16,16,4)([21]12,4,7)([22]1,4,7)([23]22,15,2)([24]22,14,1)([25]0,18,7)([26]13,24,5)([27]7,19,6)([28]23,14,7)([29]4,15,3)([30]22,27,5)([31]30,18,4)([32]9,28,5)([33]22,20,0)([34]12,3,7)([35]10,32,4)([36]9,7,3)([37]6,36,7)([38]5,37,7)([39]29,18,2)([40]35,22,4)([41]13,3,6)([42]8,7,1)([43]9,23,2)([44]34,39,3)([45]23,28,2)([46]26,31,7)([47]0,2,7)([48]22,1,5)([49]21,28,2)([50]23,44,6)([51]39,0,5)([52]23,32,1)([53]35,11,3)([54]49,13,5)([55]53,24,3)([56]19,8,2)([57]16,31,1)([58]49,30,0)([59]37,54,7)([60]17,26,4)([61]49,55,2)([62]34,36,3)([63]19,35,4)([64]60,50,7)([65]44,11,0)([66]59,64,6)([67]38,31,3)([68]53,67,3)([69]5,2,2)([70]17,39,2)([71]30,65,2)([72]55,45,3)([73]32,11,6)([74]66,68,4)([75]53,29,2)([76]74,21,7)([77]31,60,2)([78]76,41,7)([79]10,74,3)([80]56,27,4)([81]51,76,4)([82]49,15,4)([83]43,0,6)([84]49,40,0)([85]51,14,0)([86]24,36,7)(81)
optimized area: 146.66
time: 1063027 ms
seed: 1635605711
NOT FOUND
time: 1054306 ms
seed: 1635653484
{7,1,80,1,2,1,8}([7]0,1,5)([8]6,3,3)([9]6,4,4)([10]2,0,2)([11]5,0,2)([12]2,6,5)([13]12,5,7)([14]1,3,7)([15]7,4,2)([16]3,2,2)([17]9,13,2)([18]0,2,4)([19]17,17,5)([20]19,6,4)([21]16,18,4)([22]13,10,3)([23]5,8,2)([24]22,18,4)([25]19,18,2)([26]9,18,3)([27]17,14,5)([28]21,8,6)([29]4,27,3)([30]15,16,7)([31]14,10,7)([32]30,24,1)([33]11,3,6)([34]2,20,2)([35]12,22,3)([36]6,32,5)([37]21,17,2)([38]30,33,7)([39]24,36,2)([40]25,8,4)([41]7,9,0)([42]38,2,3)([43]35,34,2)([44]7,26,4)([45]33,34,7)([46]22,19,0)([47]23,16,2)([48]40,42,6)([49]6,36,4)([50]48,30,0)([51]24,31,5)([52]45,50,5)([53]51,38,3)([54]40,6,4)([55]28,45,0)([56]41,11,4)([57]20,53,2)([58]36,0,3)([59]39,31,6)([60]45,59,5)([61]14,53,6)([62]14,32,4)([63]6,40,4)([64]36,23,4)([65]63,34,0)([66]17,45,6)([67]50,22,6)([68]35,30,5)([69]1,54,2)([70]9,57,7)([71]40,60,5)([72]36,48,6)([73]70,72,4)([74]25,59,2)([75]0,36,2)([76]69,47,6)([77]63,25,4)([78]29,17,4)([79]53,42,1)([80]6,71,3)([81]25,12,6)([82]64,81,6)([83]6,41,4)([84]71,73,7)([85]18,82,5)([86]25,0,5)(84)
evaluations: 16074560
first invidual area: 119.93
{7,1,80,1,2,1,8}([7]2,3,5)([8]6,2,5)([9]6,4,4)([10]0,2,2)([11]0,5,2)([12]6,6,3)([13]8,5,7)([14]10,13,6)([15]12,3,6)([16]1,3,7)([17]1,12,6)([18]0,2,4)([19]9,13,5)([20]6,19,4)([21]0,1,5)([22]0,18,5)([23]4,21,5)([24]17,23,5)([25]18,19,5)([26]17,7,0)([27]10,16,5)([28]14,18,7)([29]12,20,2)([30]23,7,4)([31]10,16,7)([32]23,2,2)([33]3,11,6)([34]32,15,3)([35]18,24,6)([36]30,12,5)([37]1,12,0)([38]30,33,4)([39]36,28,2)([40]2,20,5)([41]13,9,0)([42]36,39,4)([43]8,37,1)([44]14,20,6)([45]29,27,1)([46]19,29,7)([47]13,37,7)([48]32,16,1)([49]40,33,4)([50]11,36,4)([51]28,31,5)([52]33,51,5)([53]19,3,4)([54]24,47,5)([55]16,10,2)([56]23,52,7)([57]35,38,3)([58]51,38,3)([59]8,5,0)([60]44,23,0)([61]31,39,6)([62]15,25,4)([63]49,61,5)([64]8,5,6)([65]20,58,5)([66]38,22,6)([67]23,49,7)([68]65,61,6)([69]35,17,5)([70]65,9,4)([71]38,21,1)([72]66,36,6)([73]70,72,4)([74]9,52,1)([75]30,44,1)([76]23,56,4)([77]63,62,5)([78]60,66,3)([79]78,30,7)([80]33,12,0)([81]62,61,1)([82]77,73,7)([83]59,21,6)([84]52,62,4)([85]13,82,0)([86]82,80,0)(86)
optimized area: 113.37
time: 1235461 ms
seed: 1635701288
NOT FOUND
time: 1077200 ms
seed: 1635748514
NOT FOUND
time: 1056879 ms
seed: 1635795495
NOT FOUND
time: 1066742 ms
seed: 1635838705
NOT FOUND
time: 1075420 ms
seed: 1635880720
{7,1,80,1,2,1,8}([7]2,1,0)([8]5,1,2)([9]4,1,4)([10]4,2,2)([11]1,8,3)([12]8,7,4)([13]6,1,7)([14]8,10,3)([15]12,14,4)([16]6,15,4)([17]11,16,4)([18]9,12,4)([19]17,18,5)([20]19,9,2)([21]15,17,4)([22]14,2,1)([23]18,0,2)([24]23,8,4)([25]1,8,7)([26]4,5,4)([27]8,18,4)([28]3,27,0)([29]5,20,7)([30]25,28,5)([31]2,13,1)([32]13,29,3)([33]20,3,7)([34]17,12,7)([35]29,23,4)([36]29,13,1)([37]24,27,0)([38]21,17,2)([39]26,21,4)([40]23,0,3)([41]39,19,4)([42]34,39,4)([43]30,39,2)([44]3,26,5)([45]30,33,2)([46]15,37,4)([47]13,40,6)([48]27,43,2)([49]38,0,3)([50]24,15,4)([51]44,47,3)([52]49,16,6)([53]12,12,0)([54]45,49,2)([55]45,21,4)([56]37,23,0)([57]38,32,1)([58]57,52,7)([59]14,30,0)([60]35,54,2)([61]51,40,4)([62]24,51,3)([63]48,0,3)([64]27,27,2)([65]58,63,7)([66]43,1,4)([67]62,46,1)([68]16,62,3)([69]64,29,2)([70]2,3,2)([71]60,28,4)([72]71,57,1)([73]8,31,5)([74]60,61,3)([75]71,68,2)([76]66,67,7)([77]21,11,2)([78]72,76,4)([79]9,10,6)([80]6,1,3)([81]9,49,4)([82]28,10,1)([83]26,64,7)([84]70,39,5)([85]75,65,4)([86]56,6,6)(85)
evaluations: 25645913
first invidual area: 149.95
{7,1,80,1,2,1,8}([7]3,3,0)([8]1,5,2)([9]1,4,4)([10]8,5,1)([11]10,1,5)([12]2,10,4)([13]4,10,2)([14]2,10,1)([15]14,13,3)([16]6,15,7)([17]16,1,4)([18]12,9,7)([19]12,17,5)([20]9,19,5)([21]3,3,3)([22]2,3,3)([23]18,0,2)([24]2,6,3)([25]8,23,4)([26]5,4,4)([27]18,10,7)([28]5,21,6)([29]4,3,7)([30]11,21,5)([31]16,23,7)([32]30,21,0)([33]32,27,2)([34]26,21,5)([35]28,23,4)([36]17,20,6)([37]15,17,7)([38]17,15,2)([39]26,37,4)([40]20,21,4)([41]9,6,1)([42]32,34,0)([43]16,39,2)([44]43,4,1)([45]32,35,2)([46]33,4,2)([47]39,0,6)([48]33,39,2)([49]38,0,3)([50]0,16,6)([51]34,47,3)([52]51,25,3)([53]0,51,6)([54]45,49,2)([55]31,53,7)([56]20,10,0)([57]17,24,1)([58]38,50,3)([59]12,48,4)([60]40,54,5)([61]0,48,3)([62]10,58,0)([63]52,16,3)([64]37,43,1)([65]61,58,4)([66]4,19,6)([67]52,63,1)([68]22,51,2)([69]26,39,5)([70]39,2,4)([71]1,26,0)([72]60,7,7)([73]60,47,7)([74]49,11,6)([75]72,63,5)([76]3,13,4)([77]59,76,7)([78]49,31,3)([79]55,17,7)([80]49,6,7)([81]64,51,5)([82]35,49,0)([83]22,61,7)([84]6,36,3)([85]75,65,4)([86]66,30,4)(85)
optimized area: 128.36
time: 1231509 ms
