seed: 1634018273
NOT FOUND
time: 532795 ms
seed: 1634067139
NOT FOUND
time: 526749 ms
seed: 1634228624
{7,1,80,1,2,1,8}([7]3,1,4)([8]6,2,5)([9]1,0,5)([10]3,7,3)([11]6,10,2)([12]0,7,7)([13]11,4,6)([14]2,1,6)([15]10,12,4)([16]0,4,5)([17]3,14,6)([18]1,12,0)([19]6,9,4)([20]2,12,2)([21]15,9,2)([22]19,8,2)([23]14,22,7)([24]2,16,4)([25]21,13,4)([26]4,6,3)([27]2,7,7)([28]21,4,7)([29]23,4,3)([30]12,29,6)([31]14,16,7)([32]12,28,7)([33]30,16,4)([34]33,5,4)([35]12,23,7)([36]17,11,5)([37]25,35,6)([38]37,34,3)([39]26,38,7)([40]32,16,7)([41]20,38,7)([42]7,23,1)([43]32,36,7)([44]1,29,2)([45]8,10,0)([46]17,25,5)([47]10,13,7)([48]30,17,4)([49]44,25,1)([50]43,23,5)([51]32,31,2)([52]46,27,7)([53]14,17,3)([54]47,32,7)([55]16,24,7)([56]51,19,7)([57]50,25,4)([58]56,54,5)([59]51,55,6)([60]58,4,4)([61]58,59,6)([62]61,17,6)([63]13,54,2)([64]43,45,4)([65]6,57,1)([66]44,44,7)([67]30,19,6)([68]37,38,1)([69]0,18,5)([70]52,50,3)([71]41,61,3)([72]33,50,1)([73]34,55,6)([74]7,38,5)([75]71,70,2)([76]42,16,0)([77]38,58,3)([78]75,17,0)([79]39,16,3)([80]25,52,7)([81]66,7,6)([82]6,53,6)([83]30,23,6)([84]49,2,0)([85]50,74,4)([86]36,47,7)(75)
evaluations: 18984848
first invidual area: 153.70
{7,1,80,1,2,1,8}([7]3,1,4)([8]2,1,3)([9]0,1,5)([10]1,3,3)([11]6,10,2)([12]7,0,7)([13]4,11,6)([14]6,11,1)([15]12,10,4)([16]4,0,5)([17]2,12,5)([18]4,2,0)([19]9,6,4)([20]2,6,5)([21]9,15,2)([22]20,19,5)([23]8,22,7)([24]7,10,2)([25]13,21,4)([26]13,10,4)([27]2,7,7)([28]12,4,4)([29]18,12,3)([30]29,23,3)([31]4,23,4)([32]21,28,4)([33]16,30,5)([34]33,5,7)([35]23,12,7)([36]27,21,5)([37]25,35,6)([38]34,37,3)([39]31,18,0)([40]20,38,5)([41]17,38,4)([42]3,37,1)([43]36,32,7)([44]0,35,5)([45]15,1,3)([46]25,42,5)([47]14,33,7)([48]32,26,4)([49]4,41,5)([50]43,23,5)([51]34,5,2)([52]46,27,7)([53]14,45,2)([54]26,52,6)([55]30,54,5)([56]55,19,4)([57]46,10,0)([58]48,56,5)([59]5,23,1)([60]50,7,7)([61]58,40,6)([62]55,11,4)([63]45,52,5)([64]14,18,5)([65]10,50,2)([66]14,53,0)([67]66,21,2)([68]48,37,6)([69]61,41,3)([70]52,50,3)([71]34,23,7)([72]51,6,6)([73]58,63,1)([74]37,5,2)([75]69,70,2)([76]73,15,0)([77]47,55,3)([78]25,43,5)([79]39,57,0)([80]0,51,0)([81]38,41,0)([82]17,29,0)([83]42,50,7)([84]48,24,5)([85]81,44,2)([86]59,20,2)(75)
optimized area: 136.33
time: 659008 ms
seed: 1634366171
{7,1,80,1,2,1,8}([7]0,1,5)([8]1,2,7)([9]3,2,4)([10]7,5,7)([11]3,0,4)([12]10,8,6)([13]12,4,7)([14]6,5,6)([15]4,6,6)([16]3,4,1)([17]8,3,4)([18]15,11,6)([19]11,6,5)([20]14,15,3)([21]20,12,4)([22]4,3,6)([23]4,5,4)([24]8,6,7)([25]15,7,3)([26]10,11,3)([27]0,1,3)([28]13,7,2)([29]27,24,2)([30]17,5,0)([31]30,18,4)([32]21,31,7)([33]11,28,3)([34]14,0,6)([35]10,14,3)([36]35,32,2)([37]0,5,3)([38]36,3,3)([39]16,32,2)([40]22,31,4)([41]38,34,3)([42]31,17,0)([43]5,19,1)([44]26,23,4)([45]44,25,7)([46]5,33,4)([47]20,19,6)([48]37,9,7)([49]38,10,7)([50]4,48,0)([51]44,29,4)([52]40,7,2)([53]14,47,5)([54]45,9,5)([55]44,39,6)([56]38,52,5)([57]19,48,2)([58]55,24,2)([59]41,56,5)([60]54,46,2)([61]48,58,5)([62]61,40,6)([63]2,39,6)([64]21,21,1)([65]30,52,7)([66]60,29,6)([67]11,3,2)([68]1,66,4)([69]57,51,5)([70]59,63,7)([71]20,1,0)([72]27,56,4)([73]35,24,2)([74]57,15,6)([75]55,73,0)([76]63,30,1)([77]38,16,7)([78]76,54,6)([79]64,61,2)([80]66,70,3)([81]60,13,6)([82]14,15,5)([83]68,70,5)([84]20,29,7)([85]83,79,7)([86]64,33,5)(85)
evaluations: 21026585
first invidual area: 163.97
{7,1,80,1,2,1,8}([7]0,1,5)([8]1,2,7)([9]2,3,4)([10]5,7,7)([11]0,3,4)([12]10,8,6)([13]4,12,7)([14]6,5,6)([15]4,6,6)([16]5,0,3)([17]3,8,7)([18]15,11,3)([19]3,18,1)([20]15,14,6)([21]20,12,7)([22]3,4,3)([23]4,5,7)([24]6,8,7)([25]11,14,6)([26]17,1,7)([27]0,1,3)([28]13,7,2)([29]24,27,2)([30]2,10,6)([31]18,17,4)([32]21,31,7)([33]28,11,3)([34]1,10,0)([35]10,14,3)([36]35,32,2)([37]25,2,7)([38]36,3,3)([39]19,32,2)([40]22,31,7)([41]17,6,4)([42]2,31,6)([43]40,33,6)([44]30,23,4)([45]2,43,6)([46]3,26,7)([47]21,14,1)([48]16,9,7)([49]1,28,5)([50]38,25,3)([51]22,3,5)([52]40,7,2)([53]33,5,4)([54]9,49,5)([55]44,39,6)([56]38,52,5)([57]25,0,0)([58]55,24,2)([59]50,56,5)([60]54,53,2)([61]48,58,5)([62]11,53,2)([63]39,2,6)([64]12,25,3)([65]57,30,2)([66]60,29,6)([67]62,23,1)([68]1,66,4)([69]27,31,2)([70]59,63,7)([71]21,37,7)([72]47,62,0)([73]44,35,3)([74]36,12,5)([75]67,39,0)([76]61,70,3)([77]39,64,4)([78]33,20,1)([79]47,61,5)([80]12,53,3)([81]67,56,1)([82]80,61,2)([83]68,70,5)([84]79,18,2)([85]83,79,4)([86]69,74,1)(85)
optimized area: 158.34
time: 676293 ms
seed: 1634415139
NOT FOUND
time: 530169 ms
seed: 1634623462
{7,1,80,1,2,1,8}([7]6,4,6)([8]7,5,7)([9]0,8,5)([10]6,5,3)([11]1,2,4)([12]1,5,4)([13]11,3,3)([14]2,0,2)([15]3,12,7)([16]9,7,4)([17]8,1,3)([18]2,10,5)([19]10,14,7)([20]17,13,4)([21]6,14,6)([22]10,16,4)([23]6,17,6)([24]16,21,5)([25]16,3,0)([26]24,23,4)([27]11,17,3)([28]12,14,5)([29]18,26,7)([30]22,3,2)([31]29,15,6)([32]15,1,5)([33]6,30,7)([34]15,20,5)([35]13,23,1)([36]11,1,4)([37]27,28,2)([38]33,7,0)([39]38,14,2)([40]34,14,3)([41]26,15,1)([42]10,32,3)([43]33,37,4)([44]0,11,6)([45]0,43,2)([46]34,33,3)([47]26,12,7)([48]31,47,6)([49]46,48,7)([50]47,40,3)([51]35,19,2)([52]36,5,0)([53]34,36,7)([54]18,22,3)([55]12,53,0)([56]2,42,3)([57]4,49,3)([58]33,2,2)([59]52,34,4)([60]30,50,3)([61]43,4,3)([62]50,61,5)([63]25,31,7)([64]33,22,6)([65]4,42,2)([66]54,45,2)([67]31,66,3)([68]32,34,4)([69]57,56,4)([70]69,67,3)([71]6,17,1)([72]26,71,1)([73]62,41,1)([74]45,15,7)([75]70,0,3)([76]2,23,0)([77]62,70,7)([78]55,52,0)([79]47,27,6)([80]72,72,1)([81]7,37,1)([82]20,67,7)([83]46,30,1)([84]65,8,2)([85]23,19,2)([86]49,16,0)(77)
evaluations: 42614265
first invidual area: 139.60
{7,1,80,1,2,1,8}([7]4,6,6)([8]5,7,7)([9]8,0,5)([10]5,6,3)([11]2,1,4)([12]1,5,4)([13]3,11,3)([14]2,0,2)([15]12,3,7)([16]9,7,4)([17]8,1,3)([18]2,10,5)([19]10,16,4)([20]17,13,5)([21]6,14,6)([22]1,19,3)([23]6,17,3)([24]21,16,5)([25]17,2,3)([26]23,24,7)([27]13,22,4)([28]12,14,5)([29]18,26,7)([30]19,3,5)([31]29,15,6)([32]19,6,7)([33]30,6,7)([34]15,20,5)([35]11,3,5)([36]9,14,5)([37]25,28,5)([38]7,34,3)([39]2,30,0)([40]38,14,3)([41]21,11,1)([42]10,35,3)([43]33,37,4)([44]6,14,0)([45]11,20,0)([46]35,22,5)([47]26,12,7)([48]16,29,6)([49]38,47,4)([50]47,40,3)([51]38,12,0)([52]23,25,6)([53]42,0,5)([54]48,6,0)([55]0,43,2)([56]39,42,3)([57]4,49,6)([58]56,4,0)([59]15,11,5)([60]23,47,0)([61]43,4,3)([62]50,61,5)([63]52,23,4)([64]9,63,6)([65]46,23,6)([66]36,55,2)([67]31,66,3)([68]45,22,4)([69]57,56,7)([70]69,67,3)([71]28,5,6)([72]20,33,7)([73]56,8,3)([74]62,19,3)([75]53,26,7)([76]22,48,5)([77]62,70,7)([78]40,28,5)([79]76,56,2)([80]35,37,6)([81]53,14,5)([82]75,4,0)([83]27,33,3)([84]2,67,7)([85]48,55,3)([86]32,48,2)(77)
optimized area: 133.03
time: 556868 ms
seed: 1635150492
{7,1,80,1,2,1,8}([7]1,5,5)([8]2,3,3)([9]3,0,4)([10]5,3,2)([11]0,1,7)([12]3,1,1)([13]8,5,4)([14]4,0,7)([15]2,4,4)([16]11,12,2)([17]11,3,2)([18]11,2,7)([19]9,1,3)([20]17,14,3)([21]19,12,2)([22]6,15,4)([23]22,9,2)([24]7,21,7)([25]13,19,7)([26]11,8,3)([27]15,16,6)([28]24,25,3)([29]6,23,7)([30]23,4,1)([31]4,13,3)([32]20,10,4)([33]30,8,1)([34]28,27,6)([35]7,15,7)([36]22,24,4)([37]11,22,0)([38]32,35,3)([39]26,8,1)([40]36,28,2)([41]40,9,4)([42]36,38,2)([43]40,31,6)([44]34,43,7)([45]38,36,3)([46]42,24,7)([47]38,43,6)([48]29,28,5)([49]10,11,3)([50]1,18,5)([51]2,27,4)([52]11,25,4)([53]16,46,4)([54]17,1,7)([55]25,53,2)([56]24,29,7)([57]13,31,4)([58]4,53,4)([59]27,28,4)([60]20,53,7)([61]48,58,3)([62]44,58,2)([63]47,8,6)([64]47,61,6)([65]62,31,7)([66]64,18,5)([67]41,25,5)([68]58,37,7)([69]27,33,2)([70]65,22,6)([71]61,63,0)([72]66,65,4)([73]67,3,5)([74]62,19,7)([75]56,68,6)([76]52,61,2)([77]64,25,1)([78]24,33,3)([79]66,24,1)([80]34,51,6)([81]56,21,7)([82]55,6,4)([83]7,62,7)([84]12,21,1)([85]80,60,5)([86]40,52,3)(72)
evaluations: 24082194
first invidual area: 142.92
{7,1,80,1,2,1,8}([7]1,5,5)([8]5,3,5)([9]0,3,4)([10]3,2,3)([11]1,0,7)([12]3,11,1)([13]10,5,4)([14]4,0,7)([15]2,4,4)([16]11,12,2)([17]11,3,2)([18]16,15,6)([19]9,1,3)([20]17,14,6)([21]15,7,7)([22]15,6,4)([23]19,12,5)([24]7,23,4)([25]23,21,4)([26]13,19,7)([27]18,21,2)([28]24,26,3)([29]4,13,0)([30]12,29,0)([31]29,13,3)([32]9,5,0)([33]28,18,6)([34]20,8,4)([35]24,29,6)([36]22,24,4)([37]32,22,5)([38]34,21,6)([39]37,6,4)([40]12,39,3)([41]36,37,2)([42]36,38,5)([43]31,41,6)([44]33,43,7)([45]22,42,4)([46]35,25,5)([47]6,17,4)([48]39,28,5)([49]14,26,3)([50]47,40,0)([51]4,25,4)([52]51,7,3)([53]29,45,7)([54]2,23,2)([55]41,51,0)([56]39,44,4)([57]6,26,2)([58]16,53,7)([59]44,58,5)([60]59,16,2)([61]48,58,3)([62]20,31,2)([63]43,26,4)([64]62,61,6)([65]59,31,7)([66]64,47,5)([67]51,27,7)([68]11,44,6)([69]14,64,1)([70]23,18,7)([71]53,0,2)([72]63,9,5)([73]29,32,0)([74]43,73,4)([75]56,39,0)([76]62,8,2)([77]31,45,6)([78]75,24,1)([79]12,20,2)([80]56,18,3)([81]67,37,6)([82]27,32,2)([83]19,50,1)([84]17,36,0)([85]3,16,1)([86]65,66,7)(86)
optimized area: 140.57
time: 643128 ms
seed: 1635199675
{7,1,80,1,2,1,8}([7]5,2,1)([8]1,0,4)([9]3,1,0)([10]4,8,2)([11]7,4,3)([12]6,8,7)([13]3,2,4)([14]0,7,3)([15]4,0,3)([16]14,2,2)([17]2,8,6)([18]7,8,3)([19]1,4,5)([20]8,13,5)([21]16,15,4)([22]0,21,6)([23]9,11,7)([24]15,3,7)([25]12,13,4)([26]12,11,4)([27]25,9,2)([28]26,19,2)([29]1,14,7)([30]3,4,3)([31]7,10,4)([32]21,28,3)([33]25,10,2)([34]28,25,4)([35]13,4,6)([36]30,7,4)([37]12,27,5)([38]23,20,4)([39]25,18,5)([40]1,35,7)([41]0,27,4)([42]25,13,0)([43]29,7,4)([44]7,20,2)([45]40,36,4)([46]3,8,5)([47]2,36,7)([48]1,44,3)([49]38,22,2)([50]23,33,2)([51]25,10,4)([52]25,34,1)([53]2,34,3)([54]42,32,5)([55]53,43,7)([56]55,36,5)([57]13,53,4)([58]5,42,3)([59]56,57,6)([60]46,9,6)([61]50,7,5)([62]54,46,4)([63]15,54,1)([64]40,43,5)([65]6,61,2)([66]21,19,3)([67]16,57,2)([68]43,14,1)([69]48,51,6)([70]63,4,2)([71]3,4,5)([72]54,14,3)([73]41,61,6)([74]43,51,6)([75]69,49,6)([76]59,75,7)([77]54,51,4)([78]76,39,2)([79]57,24,0)([80]62,73,4)([81]52,22,4)([82]4,79,7)([83]3,76,4)([84]78,80,4)([85]68,34,0)([86]67,31,0)(84)
evaluations: 17617295
first invidual area: 159.77
{7,1,80,1,2,1,8}([7]5,3,1)([8]0,1,4)([9]7,4,6)([10]0,4,3)([11]3,0,0)([12]8,6,7)([13]11,2,4)([14]0,7,3)([15]4,0,2)([16]2,14,5)([17]10,16,7)([18]4,1,5)([19]3,7,4)([20]6,8,5)([21]11,8,5)([22]3,3,2)([23]12,9,7)([24]8,7,3)([25]12,13,4)([26]0,17,6)([27]7,20,2)([28]23,18,2)([29]4,6,3)([30]3,4,3)([31]4,5,0)([32]30,1,4)([33]23,11,7)([34]28,25,4)([35]5,30,7)([36]34,16,3)([37]17,28,3)([38]12,32,0)([39]25,24,5)([40]36,25,6)([41]2,34,3)([42]31,38,2)([43]32,14,4)([44]4,31,5)([45]20,19,7)([46]16,44,5)([47]25,41,7)([48]15,1,3)([49]17,5,2)([50]7,34,5)([51]6,37,6)([52]4,14,4)([53]29,18,2)([54]25,37,5)([55]41,13,7)([56]55,35,5)([57]43,13,4)([58]15,25,2)([59]27,25,3)([60]45,26,2)([61]4,8,7)([62]52,34,1)([63]57,56,3)([64]21,34,5)([65]44,21,5)([66]7,58,2)([67]24,32,4)([68]3,44,6)([69]48,59,6)([70]33,14,5)([71]40,30,1)([72]63,52,6)([73]21,66,3)([74]47,14,6)([75]60,69,3)([76]75,63,7)([77]27,37,6)([78]76,39,5)([79]56,67,5)([80]54,73,7)([81]60,76,3)([82]11,10,6)([83]82,5,4)([84]78,80,4)([85]32,16,1)([86]34,3,1)(84)
optimized area: 142.89
time: 627333 ms
seed: 1635369456
{7,1,80,1,2,1,8}([7]5,4,4)([8]5,6,6)([9]0,7,6)([10]6,8,4)([11]2,6,4)([12]3,10,7)([13]1,12,5)([14]0,1,4)([15]5,2,5)([16]15,12,4)([17]2,4,3)([18]10,3,3)([19]17,1,4)([20]10,13,1)([21]13,0,7)([22]17,13,7)([23]2,10,7)([24]13,2,4)([25]4,2,4)([26]22,5,5)([27]23,22,7)([28]25,26,1)([29]15,9,7)([30]11,9,6)([31]11,11,6)([32]27,2,7)([33]21,30,2)([34]12,26,5)([35]16,7,7)([36]22,31,5)([37]5,0,3)([38]25,16,5)([39]20,25,4)([40]4,30,7)([41]7,38,5)([42]39,17,4)([43]38,0,3)([44]33,16,4)([45]21,40,3)([46]2,18,6)([47]33,31,7)([48]34,14,4)([49]17,33,6)([50]48,21,7)([51]29,48,6)([52]44,36,3)([53]51,39,6)([54]6,35,7)([55]19,18,7)([56]49,1,7)([57]14,11,2)([58]18,0,2)([59]57,55,6)([60]51,27,4)([61]52,59,7)([62]17,57,2)([63]10,40,4)([64]59,44,2)([65]16,28,6)([66]5,36,2)([67]21,26,1)([68]53,40,2)([69]47,68,5)([70]53,37,5)([71]48,51,0)([72]45,66,3)([73]60,72,6)([74]73,61,4)([75]69,74,4)([76]16,34,4)([77]27,61,3)([78]31,41,3)([79]4,0,7)([80]48,77,3)([81]72,37,4)([82]70,29,5)([83]74,51,5)([84]23,60,4)([85]18,53,7)([86]85,29,7)(75)
evaluations: 38232005
first invidual area: 160.27
{7,1,80,1,2,1,8}([7]4,5,4)([8]5,4,1)([9]7,0,6)([10]8,6,3)([11]6,2,4)([12]10,3,7)([13]12,1,5)([14]1,0,4)([15]1,11,0)([16]2,14,0)([17]16,4,3)([18]3,10,6)([19]18,17,7)([20]16,5,5)([21]0,13,7)([22]17,13,7)([23]20,17,0)([24]23,16,1)([25]4,16,4)([26]11,10,6)([27]2,22,4)([28]3,8,4)([29]20,9,7)([30]11,9,6)([31]11,25,1)([32]22,5,5)([33]7,6,2)([34]3,32,5)([35]11,14,2)([36]22,31,5)([37]16,22,7)([38]8,25,2)([39]26,31,5)([40]4,30,7)([41]38,7,4)([42]1,14,0)([43]19,15,7)([44]28,21,4)([45]8,7,0)([46]31,16,5)([47]21,11,3)([48]34,14,4)([49]5,25,4)([50]12,7,7)([51]29,48,6)([52]44,36,6)([53]51,38,6)([54]36,41,3)([55]44,13,0)([56]15,21,6)([57]3,30,3)([58]30,21,3)([59]35,43,3)([60]51,27,7)([61]52,59,7)([62]20,38,4)([63]25,49,3)([64]25,9,7)([65]9,25,1)([66]5,46,2)([67]37,64,0)([68]53,40,2)([69]47,68,5)([70]14,9,4)([71]14,23,1)([72]58,66,3)([73]60,72,3)([74]73,61,4)([75]69,74,7)([76]66,42,1)([77]11,62,6)([78]7,49,1)([79]29,52,4)([80]41,65,4)([81]49,47,3)([82]27,60,7)([83]58,81,0)([84]69,23,3)([85]26,75,1)([86]20,22,0)(75)
optimized area: 144.78
time: 1048842 ms
seed: 1635630452
NOT FOUND
time: 1086485 ms
seed: 1635678136
NOT FOUND
time: 1067731 ms
seed: 1635725997
NOT FOUND
time: 1065871 ms
seed: 1635773198
{7,1,80,1,2,1,8}([7]5,4,4)([8]7,1,4)([9]0,7,2)([10]0,8,7)([11]5,3,7)([12]2,5,1)([13]3,4,3)([14]4,10,6)([15]10,1,1)([16]11,0,7)([17]6,14,4)([18]17,13,4)([19]9,5,3)([20]15,3,2)([21]18,12,7)([22]2,6,2)([23]22,8,0)([24]23,0,6)([25]1,12,6)([26]1,2,2)([27]16,26,1)([28]25,5,4)([29]16,5,6)([30]16,2,2)([31]18,19,4)([32]30,20,4)([33]6,21,3)([34]7,11,6)([35]19,14,1)([36]12,12,7)([37]34,6,7)([38]28,18,5)([39]5,10,7)([40]4,20,4)([41]23,12,0)([42]32,38,3)([43]29,3,3)([44]29,42,5)([45]19,32,7)([46]42,11,4)([47]35,17,1)([48]14,27,1)([49]44,26,7)([50]40,11,2)([51]41,27,3)([52]37,50,7)([53]36,2,1)([54]24,45,6)([55]0,39,4)([56]21,42,5)([57]4,28,3)([58]52,34,0)([59]51,58,2)([60]21,26,2)([61]53,21,4)([62]39,59,7)([63]18,36,3)([64]44,11,4)([65]45,46,3)([66]33,54,4)([67]66,39,1)([68]47,37,0)([69]48,1,5)([70]61,19,1)([71]69,49,5)([72]48,70,0)([73]54,22,2)([74]66,62,3)([75]28,13,6)([76]61,28,6)([77]25,40,0)([78]57,55,3)([79]56,71,7)([80]74,75,3)([81]12,71,1)([82]64,46,7)([83]68,20,4)([84]9,17,0)([85]60,52,0)([86]79,80,7)(86)
evaluations: 19362348
first invidual area: 157.89
{7,1,80,1,2,1,8}([7]5,4,4)([8]1,0,4)([9]6,1,0)([10]8,7,7)([11]3,5,7)([12]0,4,2)([13]3,4,3)([14]4,10,6)([15]10,2,1)([16]0,11,7)([17]9,14,7)([18]13,17,7)([19]1,16,6)([20]3,15,5)([21]18,2,4)([22]2,6,2)([23]16,2,5)([24]19,4,2)([25]12,24,1)([26]1,2,5)([27]5,13,0)([28]27,19,3)([29]16,27,6)([30]16,9,1)([31]13,17,7)([32]23,20,4)([33]6,21,6)([34]11,7,6)([35]0,34,3)([36]12,5,3)([37]34,6,7)([38]28,18,5)([39]22,0,6)([40]8,4,7)([41]8,8,6)([42]32,38,3)([43]21,35,2)([44]29,42,5)([45]36,32,7)([46]14,32,1)([47]27,8,5)([48]43,2,6)([49]44,26,4)([50]47,11,5)([51]22,30,3)([52]37,50,4)([53]4,20,6)([54]39,45,3)([55]40,4,1)([56]21,42,5)([57]25,0,1)([58]18,31,4)([59]51,52,5)([60]58,56,0)([61]13,1,6)([62]40,59,4)([63]21,40,3)([64]26,9,0)([65]2,20,5)([66]33,54,7)([67]39,12,5)([68]9,30,2)([69]46,1,5)([70]53,6,4)([71]69,49,5)([72]29,13,3)([73]5,24,7)([74]66,62,5)([75]23,34,6)([76]11,2,7)([77]25,41,2)([78]38,69,2)([79]56,71,7)([80]74,61,6)([81]15,56,2)([82]75,58,0)([83]47,44,4)([84]75,42,1)([85]26,39,1)([86]79,80,4)(86)
optimized area: 148.50
time: 1270586 ms
seed: 1635820185
{7,1,80,1,2,1,8}([7]6,2,7)([8]0,1,5)([9]0,7,7)([10]8,1,7)([11]8,3,3)([12]8,4,7)([13]4,0,2)([14]6,12,4)([15]10,12,3)([16]14,9,1)([17]7,11,7)([18]1,2,7)([19]5,18,6)([20]19,17,1)([21]13,20,4)([22]18,3,2)([23]17,22,3)([24]9,16,6)([25]21,9,2)([26]5,22,4)([27]9,23,6)([28]24,13,3)([29]9,20,5)([30]29,7,4)([31]7,27,7)([32]3,15,7)([33]27,25,4)([34]8,28,2)([35]2,4,2)([36]10,14,5)([37]17,16,6)([38]19,26,3)([39]32,38,2)([40]26,36,3)([41]19,24,7)([42]27,40,7)([43]3,18,6)([44]43,12,6)([45]38,7,5)([46]17,34,6)([47]18,28,5)([48]36,18,6)([49]37,31,7)([50]33,25,0)([51]5,36,4)([52]49,29,7)([53]41,39,4)([54]51,50,5)([55]42,53,6)([56]49,44,6)([57]22,16,1)([58]46,55,7)([59]56,54,7)([60]17,49,1)([61]32,42,5)([62]59,58,3)([63]28,55,6)([64]23,49,5)([65]7,8,5)([66]62,17,4)([67]10,64,6)([68]14,7,5)([69]26,51,3)([70]23,56,1)([71]22,12,5)([72]23,20,3)([73]46,48,6)([74]10,31,6)([75]11,8,6)([76]28,64,2)([77]35,71,5)([78]57,32,5)([79]57,69,3)([80]10,79,4)([81]47,9,3)([82]28,2,4)([83]66,35,0)([84]53,53,7)([85]18,81,6)([86]63,48,0)(66)
evaluations: 43262042
first invidual area: 151.35
{7,1,80,1,2,1,8}([7]2,6,7)([8]0,1,5)([9]7,0,7)([10]1,8,2)([11]3,8,6)([12]8,4,7)([13]0,4,2)([14]6,12,4)([15]12,10,6)([16]14,15,1)([17]7,11,4)([18]1,2,7)([19]18,5,6)([20]16,7,7)([21]19,13,7)([22]18,3,2)([23]9,22,3)([24]9,16,6)([25]21,9,2)([26]5,22,4)([27]17,23,6)([28]24,13,3)([29]27,24,0)([30]24,11,0)([31]7,29,3)([32]3,15,7)([33]27,25,3)([34]8,28,2)([35]19,16,7)([36]10,14,5)([37]17,16,6)([38]19,26,3)([39]32,38,5)([40]26,36,6)([41]26,24,7)([42]27,40,3)([43]33,18,6)([44]43,12,6)([45]31,17,7)([46]17,34,6)([47]5,20,6)([48]24,20,1)([49]37,31,4)([50]24,7,1)([51]5,36,4)([52]33,50,5)([53]41,39,7)([54]51,33,5)([55]42,53,6)([56]49,44,6)([57]23,44,5)([58]46,55,7)([59]56,54,7)([60]50,58,6)([61]56,22,0)([62]59,58,3)([63]59,41,6)([64]1,56,3)([65]12,37,0)([66]62,17,4)([67]66,37,0)([68]57,8,2)([69]33,24,6)([70]14,47,0)([71]1,24,0)([72]58,36,4)([73]17,61,2)([74]59,69,2)([75]18,44,4)([76]14,36,0)([77]29,5,2)([78]15,30,7)([79]42,49,5)([80]61,20,0)([81]58,21,1)([82]59,62,1)([83]44,61,5)([84]9,58,0)([85]62,77,1)([86]67,38,5)(67)
optimized area: 140.08
time: 1126836 ms
seed: 1635863340
NOT FOUND
time: 1116739 ms
seed: 1635905340
NOT FOUND
time: 1059895 ms
seed: 1635941629
NOT FOUND
time: 1085030 ms
seed: 1635977719
NOT FOUND
time: 1066058 ms
seed: 1636013639
NOT FOUND
time: 1051856 ms
seed: 1636048370
{7,1,80,1,2,1,8}([7]0,1,4)([8]5,7,7)([9]8,4,3)([10]1,7,4)([11]4,1,4)([12]4,7,7)([13]2,6,1)([14]3,1,1)([15]12,13,4)([16]10,8,6)([17]14,2,7)([18]9,14,4)([19]3,7,6)([20]10,17,4)([21]9,7,2)([22]15,6,3)([23]18,11,6)([24]4,16,4)([25]24,23,3)([26]6,19,7)([27]2,24,0)([28]13,14,0)([29]23,8,4)([30]28,19,3)([31]25,11,6)([32]22,9,4)([33]29,24,6)([34]31,20,3)([35]5,31,2)([36]11,5,2)([37]13,13,7)([38]3,16,4)([39]35,26,6)([40]12,24,0)([41]24,31,7)([42]10,4,0)([43]36,20,5)([44]27,13,2)([45]29,33,7)([46]4,29,4)([47]39,28,4)([48]33,7,5)([49]13,30,4)([50]23,20,7)([51]19,47,3)([52]32,25,5)([53]40,41,7)([54]30,20,5)([55]29,8,1)([56]6,47,4)([57]32,53,6)([58]56,20,2)([59]43,47,5)([60]42,53,6)([61]33,59,6)([62]50,32,5)([63]55,54,5)([64]47,48,0)([65]28,12,1)([66]17,10,6)([67]61,31,1)([68]49,59,5)([69]63,36,2)([70]52,61,4)([71]39,63,7)([72]4,57,4)([73]36,52,4)([74]8,72,6)([75]13,16,1)([76]67,26,0)([77]31,26,7)([78]4,22,0)([79]71,57,3)([80]79,75,0)([81]80,68,7)([82]44,13,7)([83]14,32,0)([84]35,78,0)([85]30,9,7)([86]70,81,2)(86)
evaluations: 38922484
first invidual area: 146.66
{7,1,80,1,2,1,8}([7]1,0,4)([8]7,5,7)([9]8,4,3)([10]0,8,3)([11]4,1,4)([12]7,4,7)([13]2,4,1)([14]3,8,1)([15]0,14,4)([16]8,5,2)([17]12,13,4)([18]14,9,4)([19]7,3,6)([20]2,15,7)([21]10,20,0)([22]17,6,6)([23]18,11,6)([24]4,21,7)([25]24,23,3)([26]6,19,7)([27]11,23,6)([28]0,27,4)([29]23,8,4)([30]13,19,3)([31]24,27,6)([32]22,9,7)([33]29,24,6)([34]11,20,0)([35]26,17,7)([36]20,11,2)([37]20,23,5)([38]3,26,0)([39]16,26,3)([40]26,10,5)([41]36,33,4)([42]13,15,2)([43]5,36,5)([44]36,21,0)([45]29,35,1)([46]42,18,2)([47]26,2,4)([48]16,10,3)([49]35,0,7)([50]13,37,2)([51]41,17,2)([52]32,25,5)([53]12,31,7)([54]30,20,5)([55]7,15,3)([56]16,34,3)([57]32,53,6)([58]5,51,4)([59]43,47,5)([60]2,41,7)([61]33,59,6)([62]29,25,1)([63]54,62,5)([64]51,60,1)([65]48,63,4)([66]2,30,2)([67]28,7,4)([68]59,66,5)([69]22,9,3)([70]52,61,4)([71]39,63,4)([72]46,48,3)([73]59,47,6)([74]15,17,2)([75]50,61,3)([76]40,44,1)([77]46,68,6)([78]10,36,4)([79]71,57,6)([80]66,8,2)([81]79,68,4)([82]0,18,1)([83]10,20,1)([84]53,62,6)([85]42,19,7)([86]70,81,2)(86)
optimized area: 137.27
time: 1147532 ms
seed: 1636082206
NOT FOUND
time: 1052878 ms
seed: 1636115290
{7,1,80,1,2,1,8}([7]4,6,7)([8]4,2,7)([9]2,3,3)([10]6,3,6)([11]3,0,3)([12]10,0,7)([13]8,11,2)([14]3,12,4)([15]8,14,3)([16]1,15,6)([17]1,4,4)([18]12,16,7)([19]9,7,5)([20]5,6,6)([21]8,12,4)([22]14,11,0)([23]18,20,4)([24]3,2,4)([25]13,23,6)([26]1,20,5)([27]15,4,5)([28]8,21,4)([29]5,12,1)([30]7,14,2)([31]3,23,3)([32]1,30,3)([33]8,16,2)([34]32,0,3)([35]31,29,6)([36]13,1,3)([37]12,16,7)([38]29,12,2)([39]20,2,1)([40]21,5,6)([41]38,34,4)([42]17,35,6)([43]11,31,7)([44]3,16,5)([45]40,14,7)([46]26,30,5)([47]24,32,6)([48]19,5,7)([49]40,36,2)([50]37,42,5)([51]47,41,4)([52]46,25,5)([53]52,45,5)([54]40,7,1)([55]31,9,6)([56]10,42,5)([57]1,19,6)([58]37,36,6)([59]23,48,3)([60]36,47,0)([61]45,5,2)([62]29,17,0)([63]58,37,1)([64]52,18,4)([65]40,56,4)([66]42,17,6)([67]51,56,7)([68]57,32,4)([69]27,24,7)([70]35,11,6)([71]19,43,4)([72]67,48,5)([73]0,54,1)([74]14,42,4)([75]8,23,3)([76]4,57,3)([77]74,72,5)([78]3,53,7)([79]42,35,7)([80]10,7,3)([81]11,15,2)([82]77,78,4)([83]21,36,7)([84]43,43,1)([85]27,73,3)([86]12,69,2)(82)
evaluations: 17257549
first invidual area: 135.87
{7,1,80,1,2,1,8}([7]6,4,7)([8]4,2,7)([9]2,3,3)([10]6,3,6)([11]1,4,4)([12]10,0,7)([13]11,0,5)([14]12,3,4)([15]14,8,3)([16]15,1,6)([17]5,6,3)([18]17,16,7)([19]3,13,0)([20]8,19,2)([21]19,6,7)([22]18,12,7)([23]6,10,4)([24]10,8,5)([25]22,20,6)([26]14,10,7)([27]2,25,5)([28]12,8,4)([29]5,9,1)([30]7,14,2)([31]3,17,6)([32]30,1,3)([33]7,9,5)([34]12,29,5)([35]2,32,3)([36]33,15,4)([37]27,35,0)([38]37,29,6)([39]5,28,2)([40]28,5,6)([41]12,5,5)([42]38,11,6)([43]30,1,0)([44]42,38,3)([45]34,1,0)([46]13,30,5)([47]26,32,3)([48]14,40,7)([49]47,45,5)([50]34,30,2)([51]49,35,4)([52]46,25,5)([53]19,37,7)([54]33,5,7)([55]42,31,0)([56]8,8,6)([57]2,8,4)([58]48,52,5)([59]33,42,1)([60]12,48,1)([61]25,32,2)([62]30,32,4)([63]40,31,7)([64]23,29,1)([65]1,1,3)([66]42,10,5)([67]51,66,7)([68]31,37,4)([69]52,11,5)([70]54,67,5)([71]26,32,7)([72]57,22,2)([73]30,12,2)([74]42,14,4)([75]52,17,2)([76]14,3,1)([77]74,70,5)([78]3,77,7)([79]34,6,6)([80]45,61,1)([81]18,11,5)([82]58,78,4)([83]71,21,6)([84]73,9,1)([85]24,73,6)([86]37,37,7)(82)
optimized area: 129.77
time: 1257737 ms
seed: 1636148037
NOT FOUND
time: 1069297 ms
seed: 1636180388
NOT FOUND
time: 1071697 ms
seed: 1636211017
NOT FOUND
time: 1060870 ms
seed: 1636241023
{7,1,80,1,2,1,8}([7]3,5,5)([8]7,0,6)([9]6,4,7)([10]7,5,5)([11]0,4,5)([12]0,5,2)([13]0,1,4)([14]3,8,7)([15]13,6,5)([16]6,2,4)([17]10,6,7)([18]9,1,6)([19]2,7,7)([20]17,11,2)([21]1,0,5)([22]20,1,3)([23]19,13,7)([24]22,2,1)([25]14,15,7)([26]7,20,2)([27]12,20,4)([28]9,3,7)([29]23,17,4)([30]22,25,5)([31]3,24,2)([32]1,19,7)([33]21,30,4)([34]31,30,1)([35]23,26,6)([36]27,9,4)([37]3,3,4)([38]2,5,7)([39]28,6,2)([40]31,33,7)([41]23,36,3)([42]40,41,6)([43]3,13,7)([44]38,28,4)([45]34,29,5)([46]4,5,3)([47]44,18,2)([48]28,25,6)([49]20,43,2)([50]42,16,7)([51]44,1,0)([52]39,36,6)([53]17,46,3)([54]7,45,2)([55]22,21,6)([56]22,21,1)([57]19,56,7)([58]45,35,6)([59]54,38,4)([60]5,41,0)([61]32,27,4)([62]61,54,1)([63]62,49,6)([64]63,59,2)([65]57,18,4)([66]65,51,6)([67]27,49,2)([68]9,8,2)([69]26,36,2)([70]30,66,6)([71]12,24,3)([72]55,3,3)([73]8,20,4)([74]33,44,7)([75]25,21,0)([76]74,64,2)([77]21,38,3)([78]11,21,3)([79]60,78,5)([80]50,76,7)([81]31,48,0)([82]70,80,4)([83]34,10,3)([84]11,63,3)([85]44,20,1)([86]47,26,1)(82)
evaluations: 29567775
first invidual area: 175.73
{7,1,80,1,2,1,8}([7]5,3,5)([8]0,7,3)([9]6,4,7)([10]5,7,5)([11]0,4,5)([12]0,5,5)([13]1,0,4)([14]8,3,5)([15]13,6,5)([16]2,6,7)([17]10,6,7)([18]1,9,3)([19]7,2,7)([20]11,17,2)([21]19,1,4)([22]1,20,3)([23]19,13,7)([24]22,10,1)([25]14,15,7)([26]0,1,5)([27]20,12,7)([28]3,9,7)([29]23,17,3)([30]25,22,5)([31]3,24,2)([32]10,25,3)([33]26,30,4)([34]7,27,7)([35]16,23,5)([36]27,9,4)([37]15,3,3)([38]2,5,7)([39]33,31,6)([40]31,26,1)([41]23,36,3)([42]39,41,3)([43]2,17,0)([44]38,28,4)([45]29,40,5)([46]17,0,5)([47]44,42,5)([48]15,33,7)([49]17,37,2)([50]9,16,5)([51]6,40,2)([52]7,10,6)([53]5,49,4)([54]45,7,5)([55]33,7,2)([56]33,33,3)([57]31,29,5)([58]28,51,3)([59]54,38,7)([60]29,3,6)([61]29,12,5)([62]21,27,4)([63]49,62,6)([64]63,59,2)([65]19,18,4)([66]65,44,6)([67]29,57,5)([68]40,63,4)([69]21,49,6)([70]30,66,6)([71]45,52,0)([72]62,15,0)([73]11,49,4)([74]56,44,7)([75]51,32,6)([76]74,64,5)([77]51,64,5)([78]27,28,3)([79]42,16,4)([80]79,76,4)([81]52,49,1)([82]70,80,7)([83]62,1,3)([84]70,68,6)([85]82,84,2)([86]9,65,1)(82)
optimized area: 156.96
time: 1226070 ms
seed: 1636260186
NOT FOUND
time: 1070249 ms
seed: 1636276696
NOT FOUND
time: 1059977 ms
seed: 1636293157
NOT FOUND
time: 1063853 ms
seed: 1636309549
{7,1,80,1,2,1,8}([7]4,6,7)([8]0,1,5)([9]5,1,0)([10]5,3,3)([11]1,2,7)([12]2,4,7)([13]5,2,5)([14]8,13,4)([15]1,9,3)([16]12,10,2)([17]3,7,6)([18]3,15,3)([19]14,12,4)([20]7,16,1)([21]16,13,2)([22]5,17,2)([23]20,12,3)([24]5,10,7)([25]13,7,7)([26]25,21,7)([27]19,23,7)([28]0,24,4)([29]15,24,4)([30]28,6,3)([31]0,3,4)([32]11,28,4)([33]6,13,2)([34]22,26,7)([35]30,27,3)([36]21,7,4)([37]3,34,6)([38]18,22,4)([39]1,30,5)([40]35,37,5)([41]19,34,7)([42]24,18,0)([43]19,40,4)([44]8,12,4)([45]33,33,1)([46]39,44,4)([47]46,0,3)([48]11,24,5)([49]25,36,7)([50]18,36,2)([51]36,28,3)([52]48,39,2)([53]47,50,6)([54]47,46,5)([55]31,54,5)([56]25,44,5)([57]22,30,1)([58]52,27,3)([59]13,52,7)([60]48,34,5)([61]53,44,2)([62]25,8,2)([63]15,8,6)([64]17,32,6)([65]18,29,4)([66]5,22,1)([67]58,43,2)([68]33,40,7)([69]42,2,3)([70]68,47,2)([71]32,9,1)([72]63,34,5)([73]53,35,0)([74]42,33,0)([75]60,64,3)([76]53,67,7)([77]17,29,7)([78]75,76,5)([79]78,71,4)([80]72,22,1)([81]70,0,6)([82]57,53,0)([83]21,20,6)([84]38,28,2)([85]15,42,6)([86]59,31,7)(78)
evaluations: 38250593
first invidual area: 138.68
{7,1,80,1,2,1,8}([7]6,4,7)([8]3,7,6)([9]6,5,1)([10]3,5,3)([11]1,2,7)([12]2,4,7)([13]5,2,5)([14]12,13,4)([15]0,1,5)([16]13,10,5)([17]7,14,7)([18]10,12,3)([19]14,15,4)([20]7,17,1)([21]16,12,5)([22]8,10,5)([23]20,12,6)([24]5,10,7)([25]0,22,6)([26]17,21,4)([27]19,23,4)([28]24,0,4)([29]15,1,7)([30]28,6,3)([31]27,17,1)([32]11,28,4)([33]11,13,4)([34]22,26,4)([35]30,27,3)([36]26,13,4)([37]34,3,6)([38]22,3,4)([39]30,1,5)([40]35,37,5)([41]5,11,7)([42]31,5,7)([43]26,3,7)([44]7,22,6)([45]33,33,0)([46]39,12,7)([47]46,0,3)([48]11,24,5)([49]34,48,5)([50]18,36,2)([51]19,40,4)([52]48,39,2)([53]50,47,3)([54]16,6,6)([55]4,45,2)([56]27,16,3)([57]15,47,3)([58]52,27,3)([59]5,12,1)([60]45,5,4)([61]54,46,0)([62]43,47,6)([63]15,4,1)([64]8,32,6)([65]29,63,3)([66]10,46,7)([67]51,58,5)([68]52,35,3)([69]62,5,7)([70]69,43,1)([71]23,64,3)([72]27,42,0)([73]24,49,5)([74]46,22,7)([75]49,64,3)([76]67,53,7)([77]49,17,4)([78]75,76,5)([79]76,23,5)([80]52,55,5)([81]25,48,3)([82]20,70,0)([83]73,67,0)([84]47,36,1)([85]47,26,2)([86]20,21,1)(78)
optimized area: 129.77
time: 1141628 ms
seed: 1636325749
NOT FOUND
time: 1074674 ms
