seed: 1634024365
NOT FOUND
time: 522808 ms
seed: 1634073160
NOT FOUND
time: 532653 ms
seed: 1634234763
NOT FOUND
time: 525153 ms
seed: 1634372265
NOT FOUND
time: 535809 ms
seed: 1634421280
NOT FOUND
time: 533137 ms
seed: 1634629625
NOT FOUND
time: 534944 ms
seed: 1635156614
{7,1,80,1,2,1,8}([7]1,3,6)([8]3,4,6)([9]2,0,4)([10]9,7,5)([11]2,6,3)([12]8,4,4)([13]0,4,7)([14]9,5,3)([15]13,5,3)([16]1,9,3)([17]11,10,2)([18]3,11,0)([19]1,6,6)([20]2,14,1)([21]6,7,7)([22]5,12,2)([23]20,12,7)([24]3,6,6)([25]1,23,7)([26]17,1,0)([27]22,16,7)([28]21,19,7)([29]21,19,1)([30]8,11,7)([31]24,14,5)([32]31,19,6)([33]5,0,7)([34]30,15,4)([35]17,32,5)([36]25,10,7)([37]22,18,4)([38]16,37,5)([39]4,33,7)([40]39,21,3)([41]39,38,7)([42]34,22,5)([43]20,30,7)([44]39,35,2)([45]17,23,3)([46]19,42,2)([47]45,41,3)([48]4,37,7)([49]46,44,4)([50]0,33,2)([51]26,12,6)([52]49,47,2)([53]36,20,3)([54]15,0,3)([55]36,27,3)([56]8,23,7)([57]55,25,3)([58]52,55,7)([59]51,34,2)([60]22,46,2)([61]44,57,7)([62]35,40,7)([63]15,11,6)([64]38,56,5)([65]4,47,7)([66]2,34,3)([67]63,31,4)([68]20,22,7)([69]66,41,6)([70]40,69,5)([71]45,70,5)([72]69,46,6)([73]58,70,6)([74]17,16,1)([75]38,36,0)([76]25,47,2)([77]56,65,0)([78]54,29,5)([79]46,23,2)([80]35,1,3)([81]71,58,7)([82]24,47,3)([83]42,1,0)([84]8,9,5)([85]40,44,0)([86]67,4,4)(81)
evaluations: 36269519
first invidual area: 141.02
{7,1,80,1,2,1,8}([7]1,3,6)([8]4,3,6)([9]2,0,4)([10]7,9,5)([11]2,6,3)([12]8,4,3)([13]12,1,3)([14]3,11,1)([15]5,14,3)([16]9,1,3)([17]0,8,5)([18]14,17,2)([19]1,6,6)([20]11,19,0)([21]6,7,6)([22]12,5,2)([23]12,2,4)([24]20,10,2)([25]23,1,7)([26]21,1,5)([27]22,16,7)([28]22,2,2)([29]22,19,0)([30]15,20,7)([31]18,11,2)([32]21,18,0)([33]5,0,7)([34]30,8,4)([35]32,31,5)([36]25,10,7)([37]14,27,7)([38]16,37,5)([39]4,33,7)([40]37,21,3)([41]39,38,7)([42]34,22,5)([43]5,32,2)([44]39,35,5)([45]24,23,3)([46]19,42,5)([47]45,41,3)([48]24,19,7)([49]46,44,4)([50]25,7,3)([51]13,18,2)([52]49,47,5)([53]44,5,7)([54]30,50,5)([55]51,50,7)([56]25,36,3)([57]39,50,1)([58]36,27,6)([59]7,1,0)([60]40,22,3)([61]26,56,1)([62]2,2,1)([63]12,30,4)([64]53,21,2)([65]27,57,6)([66]2,34,3)([67]16,31,0)([68]40,60,5)([69]66,41,6)([70]40,69,5)([71]45,70,5)([72]16,54,7)([73]35,47,2)([74]45,30,2)([75]56,35,6)([76]58,52,7)([77]70,49,6)([78]13,61,7)([79]24,77,0)([80]56,43,0)([81]71,76,7)([82]40,47,5)([83]14,31,7)([84]80,35,3)([85]82,14,4)([86]60,36,0)(81)
optimized area: 127.88
time: 578692 ms
seed: 1635205756
NOT FOUND
time: 529909 ms
seed: 1635387921
NOT FOUND
time: 989392 ms
seed: 1635636389
{7,1,80,1,2,1,8}([7]0,5,7)([8]5,6,6)([9]7,2,7)([10]9,3,5)([11]6,3,5)([12]3,9,7)([13]4,10,4)([14]8,12,4)([15]1,11,2)([16]8,1,3)([17]2,15,3)([18]5,1,5)([19]13,14,5)([20]3,17,7)([21]18,9,5)([22]4,21,4)([23]12,12,5)([24]5,20,4)([25]10,3,7)([26]16,25,4)([27]25,18,7)([28]9,24,7)([29]6,23,4)([30]7,11,2)([31]22,24,6)([32]15,1,7)([33]31,6,3)([34]0,3,5)([35]31,26,4)([36]6,17,7)([37]25,22,3)([38]21,30,2)([39]5,19,7)([40]36,16,0)([41]9,26,0)([42]39,33,5)([43]34,32,4)([44]10,20,5)([45]8,11,5)([46]29,15,5)([47]0,40,2)([48]42,22,4)([49]21,43,3)([50]17,42,6)([51]22,44,2)([52]31,42,5)([53]36,40,1)([54]46,38,3)([55]37,30,6)([56]51,54,7)([57]48,55,0)([58]7,22,3)([59]10,27,0)([60]55,56,3)([61]33,43,4)([62]7,51,1)([63]4,14,2)([64]19,9,1)([65]2,51,6)([66]57,60,6)([67]62,32,1)([68]48,59,7)([69]10,32,7)([70]14,27,2)([71]36,9,7)([72]66,3,1)([73]40,47,4)([74]72,38,1)([75]21,30,6)([76]16,33,5)([77]32,74,2)([78]62,74,2)([79]4,6,3)([80]8,18,4)([81]57,21,1)([82]76,51,6)([83]20,39,6)([84]57,51,6)([85]77,35,4)([86]14,17,6)(85)
evaluations: 15252821
first invidual area: 134.46
{7,1,80,1,2,1,8}([7]5,0,7)([8]5,6,6)([9]2,7,7)([10]9,3,5)([11]6,3,5)([12]3,9,7)([13]10,4,4)([14]8,12,3)([15]1,11,2)([16]1,8,6)([17]5,1,5)([18]15,2,6)([19]3,10,5)([20]3,18,4)([21]17,9,5)([22]21,4,4)([23]6,15,0)([24]5,20,4)([25]15,18,0)([26]16,19,4)([27]13,14,5)([28]4,17,4)([29]7,22,3)([30]7,21,2)([31]24,22,6)([32]6,31,2)([33]0,16,5)([34]12,6,7)([35]12,25,4)([36]25,30,3)([37]31,6,3)([38]10,22,4)([39]5,27,7)([40]30,9,3)([41]15,34,5)([42]39,37,5)([43]27,27,7)([44]10,20,5)([45]31,6,0)([46]3,29,6)([47]11,26,3)([48]42,22,4)([49]3,1,4)([50]31,2,7)([51]22,44,5)([52]31,34,5)([53]30,41,3)([54]44,0,3)([55]47,42,2)([56]51,53,4)([57]25,11,4)([58]21,14,5)([59]47,18,3)([60]46,56,3)([61]30,37,3)([62]9,34,3)([63]19,2,1)([64]51,8,6)([65]16,54,1)([66]36,53,5)([67]37,21,5)([68]21,37,7)([69]68,12,3)([70]59,62,0)([71]58,34,5)([72]57,28,0)([73]26,9,5)([74]31,26,4)([75]4,61,6)([76]48,60,6)([77]47,76,5)([78]26,15,1)([79]71,57,7)([80]41,13,0)([81]4,14,4)([82]63,11,0)([83]64,59,4)([84]64,62,3)([85]77,74,7)([86]70,62,4)(85)
optimized area: 118.99
time: 1282740 ms
seed: 1635684067
{7,1,80,1,2,1,8}([7]4,0,7)([8]1,3,2)([9]2,0,4)([10]3,9,4)([11]6,5,7)([12]2,4,2)([13]11,1,7)([14]3,11,7)([15]14,1,3)([16]2,9,2)([17]8,0,5)([18]8,13,6)([19]6,18,0)([20]10,7,3)([21]19,18,7)([22]7,15,2)([23]5,17,7)([24]18,1,3)([25]0,24,7)([26]13,6,4)([27]11,9,1)([28]10,12,6)([29]6,25,5)([30]23,16,3)([31]30,22,3)([32]2,19,0)([33]25,32,3)([34]6,25,3)([35]15,9,4)([36]16,0,2)([37]7,31,2)([38]25,9,0)([39]33,6,7)([40]9,28,2)([41]40,4,4)([42]8,1,6)([43]15,0,4)([44]37,22,4)([45]12,17,6)([46]9,35,2)([47]21,37,7)([48]24,5,4)([49]0,47,6)([50]22,11,2)([51]44,25,6)([52]48,28,7)([53]8,8,6)([54]51,1,3)([55]46,48,2)([56]46,2,7)([57]21,56,2)([58]57,41,4)([59]54,53,5)([60]50,25,7)([61]50,49,1)([62]9,38,7)([63]38,23,6)([64]7,23,5)([65]26,4,6)([66]39,11,0)([67]47,17,6)([68]37,27,6)([69]49,60,3)([70]19,33,5)([71]30,59,0)([72]20,33,5)([73]19,69,6)([74]71,68,7)([75]21,3,2)([76]72,18,3)([77]49,10,1)([78]39,64,6)([79]52,76,6)([80]51,78,4)([81]73,79,2)([82]3,46,2)([83]81,4,5)([84]36,46,7)([85]58,80,4)([86]85,79,6)(86)
evaluations: 47287470
first invidual area: 143.86
{7,1,80,1,2,1,8}([7]0,4,7)([8]1,3,2)([9]2,0,4)([10]3,9,4)([11]6,5,7)([12]2,4,2)([13]11,1,7)([14]3,11,7)([15]14,1,3)([16]11,10,2)([17]8,4,5)([18]8,13,6)([19]3,4,2)([20]10,7,3)([21]6,18,7)([22]7,15,2)([23]5,17,7)([24]18,1,3)([25]0,24,7)([26]24,20,4)([27]25,18,6)([28]10,12,6)([29]27,21,7)([30]5,16,3)([31]30,22,3)([32]0,1,0)([33]25,2,3)([34]14,2,0)([35]15,25,1)([36]13,8,5)([37]7,31,2)([38]6,13,7)([39]33,6,7)([40]9,28,5)([41]40,4,4)([42]10,27,5)([43]23,3,3)([44]37,22,4)([45]9,38,6)([46]9,35,5)([47]5,38,4)([48]18,0,0)([49]24,23,3)([50]29,5,2)([51]44,25,3)([52]38,28,4)([53]25,48,5)([54]17,18,3)([55]43,28,2)([56]46,2,4)([57]21,56,5)([58]57,41,4)([59]56,51,0)([60]7,54,0)([61]49,45,0)([62]33,12,6)([63]33,41,5)([64]60,23,5)([65]4,36,4)([66]16,33,3)([67]9,6,4)([68]64,3,4)([69]6,37,0)([70]46,43,7)([71]32,15,4)([72]20,33,5)([73]2,13,0)([74]19,20,7)([75]46,73,7)([76]72,18,3)([77]75,62,5)([78]39,64,6)([79]52,76,6)([80]51,78,7)([81]4,42,6)([82]6,77,5)([83]65,73,4)([84]23,49,4)([85]58,80,4)([86]85,79,6)(86)
optimized area: 139.16
time: 1074188 ms
seed: 1635731948
{7,1,80,1,2,1,8}([7]4,2,7)([8]5,7,6)([9]6,2,7)([10]3,9,6)([11]10,5,7)([12]2,0,5)([13]9,1,4)([14]1,6,3)([15]10,2,6)([16]11,8,3)([17]11,13,5)([18]7,17,4)([19]2,16,7)([20]1,0,7)([21]0,6,5)([22]3,12,5)([23]8,4,7)([24]8,21,6)([25]14,16,5)([26]23,6,3)([27]23,11,3)([28]27,6,7)([29]25,15,7)([30]26,21,4)([31]19,22,4)([32]22,30,2)([33]7,19,6)([34]32,18,7)([35]1,0,5)([36]3,0,6)([37]28,34,0)([38]35,11,4)([39]24,19,1)([40]20,9,5)([41]31,38,6)([42]3,34,5)([43]31,40,4)([44]22,36,5)([45]13,34,6)([46]29,20,4)([47]2,30,2)([48]45,18,7)([49]46,42,4)([50]43,14,2)([51]23,6,3)([52]51,29,5)([53]14,16,1)([54]38,11,0)([55]16,49,1)([56]50,48,4)([57]4,10,1)([58]21,52,0)([59]3,2,2)([60]34,58,2)([61]33,59,5)([62]28,39,7)([63]53,7,7)([64]46,8,7)([65]50,50,5)([66]64,56,4)([67]49,66,3)([68]40,7,1)([69]42,44,3)([70]19,21,5)([71]0,59,6)([72]62,29,7)([73]67,41,6)([74]29,60,6)([75]21,18,1)([76]73,34,4)([77]31,54,6)([78]52,28,7)([79]71,15,7)([80]50,38,0)([81]24,28,2)([82]29,63,7)([83]2,58,7)([84]30,27,5)([85]79,84,2)([86]78,24,0)(76)
evaluations: 26550108
first invidual area: 141.53
{7,1,80,1,2,1,8}([7]4,2,7)([8]5,7,6)([9]2,6,7)([10]3,9,6)([11]10,5,7)([12]2,0,5)([13]9,1,4)([14]1,6,3)([15]8,13,6)([16]11,8,3)([17]11,13,5)([18]17,7,7)([19]16,2,7)([20]0,1,7)([21]6,0,5)([22]12,3,5)([23]14,17,0)([24]8,4,7)([25]14,16,5)([26]24,6,3)([27]16,4,0)([28]10,2,6)([29]21,26,5)([30]21,24,3)([31]22,19,4)([32]22,29,5)([33]28,25,7)([34]32,18,7)([35]0,14,5)([36]33,28,6)([37]9,20,5)([38]35,11,4)([39]2,26,3)([40]2,21,7)([41]31,38,6)([42]3,34,5)([43]37,31,4)([44]15,3,2)([45]13,34,3)([46]33,42,7)([47]5,3,1)([48]42,45,5)([49]46,20,4)([50]43,14,5)([51]10,38,5)([52]34,48,5)([53]33,4,1)([54]10,33,6)([55]40,33,5)([56]8,48,4)([57]36,3,2)([58]18,28,4)([59]39,30,7)([60]3,42,6)([61]15,43,7)([62]57,7,2)([63]17,4,6)([64]18,50,4)([65]54,35,2)([66]64,56,4)([67]49,66,5)([68]28,19,4)([69]1,43,5)([70]41,17,2)([71]27,3,1)([72]59,26,0)([73]67,41,6)([74]17,48,1)([75]60,70,2)([76]5,51,3)([77]34,73,4)([78]21,63,5)([79]22,68,2)([80]49,76,7)([81]5,20,5)([82]23,34,5)([83]69,34,0)([84]54,77,4)([85]31,29,1)([86]44,27,7)(77)
optimized area: 134.48
time: 1264228 ms
seed: 1635779168
NOT FOUND
time: 1066786 ms
seed: 1635826081
{7,1,80,1,2,1,8}([7]2,4,7)([8]6,1,2)([9]1,2,5)([10]0,9,7)([11]8,7,4)([12]7,6,3)([13]11,10,4)([14]13,3,5)([15]4,13,4)([16]14,2,3)([17]7,15,3)([18]8,5,7)([19]17,6,7)([20]19,3,3)([21]5,16,5)([22]21,20,3)([23]22,9,7)([24]12,5,4)([25]24,10,5)([26]13,2,3)([27]16,6,6)([28]11,25,4)([29]20,17,5)([30]4,0,7)([31]18,26,6)([32]15,19,1)([33]29,25,3)([34]1,6,3)([35]21,3,5)([36]14,10,7)([37]21,18,5)([38]33,23,1)([39]4,35,6)([40]14,23,5)([41]13,32,6)([42]40,0,3)([43]30,0,0)([44]31,34,6)([45]39,30,4)([46]36,27,4)([47]46,25,5)([48]44,40,7)([49]30,22,5)([50]10,48,3)([51]0,45,6)([52]44,12,1)([53]39,37,7)([54]26,18,2)([55]45,36,4)([56]47,34,6)([57]17,0,4)([58]47,48,2)([59]19,41,3)([60]16,30,2)([61]33,59,2)([62]4,29,3)([63]4,16,4)([64]6,56,5)([65]38,40,6)([66]14,4,5)([67]31,11,6)([68]35,57,7)([69]31,33,6)([70]55,61,2)([71]10,20,2)([72]58,65,4)([73]70,53,2)([74]41,67,1)([75]45,73,4)([76]44,33,0)([77]16,19,6)([78]41,76,6)([79]75,56,1)([80]18,63,4)([81]42,3,3)([82]5,47,3)([83]18,13,6)([84]78,26,7)([85]58,79,4)([86]56,24,4)(85)
evaluations: 19931393
first invidual area: 148.51
{7,1,80,1,2,1,8}([7]4,2,7)([8]1,6,2)([9]1,2,5)([10]9,0,7)([11]7,10,7)([12]3,0,4)([13]8,11,7)([14]13,3,5)([15]2,13,7)([16]15,14,3)([17]7,15,3)([18]6,11,3)([19]17,6,7)([20]19,3,3)([21]16,5,5)([22]21,20,6)([23]5,8,3)([24]18,5,4)([25]24,14,1)([26]4,25,5)([27]1,6,3)([28]6,10,5)([29]22,9,4)([30]4,0,7)([31]26,2,6)([32]12,0,4)([33]3,21,5)([34]24,10,5)([35]27,9,7)([36]14,10,7)([37]22,32,5)([38]29,14,5)([39]33,4,6)([40]16,35,0)([41]22,6,7)([42]31,9,4)([43]19,17,7)([44]31,27,3)([45]30,39,4)([46]40,36,2)([47]45,36,4)([48]44,38,4)([49]48,33,5)([50]13,31,2)([51]13,37,0)([52]43,8,4)([53]21,38,0)([54]2,37,4)([55]20,45,6)([56]46,34,5)([57]25,49,3)([58]56,48,5)([59]19,55,3)([60]4,30,3)([61]59,60,2)([62]39,23,7)([63]50,14,5)([64]26,38,1)([65]24,29,2)([66]14,33,2)([67]25,56,1)([68]33,62,5)([69]5,49,4)([70]62,61,5)([71]4,11,7)([72]11,1,3)([73]70,47,5)([74]62,55,2)([75]36,73,4)([76]33,21,2)([77]69,63,4)([78]5,57,4)([79]56,30,0)([80]24,14,2)([81]17,21,0)([82]10,29,1)([83]23,68,4)([84]8,21,5)([85]58,75,7)([86]13,58,2)(85)
optimized area: 134.45
time: 1356667 ms
seed: 1635869253
NOT FOUND
time: 1055909 ms
seed: 1635911256
NOT FOUND
time: 1062292 ms
seed: 1635947501
NOT FOUND
time: 1051790 ms
seed: 1635983710
NOT FOUND
time: 1081460 ms
seed: 1636019583
{7,1,80,1,2,1,8}([7]3,6,3)([8]5,6,0)([9]7,1,2)([10]8,2,6)([11]1,5,5)([12]6,5,7)([13]8,2,5)([14]0,13,2)([15]3,2,6)([16]10,11,7)([17]9,15,4)([18]12,15,3)([19]10,6,1)([20]14,17,7)([21]14,17,2)([22]12,9,2)([23]13,16,5)([24]12,6,2)([25]22,7,5)([26]13,0,7)([27]24,23,4)([28]4,25,4)([29]28,18,1)([30]2,3,4)([31]14,28,6)([32]7,28,5)([33]1,0,2)([34]19,16,1)([35]13,34,0)([36]32,19,4)([37]27,31,5)([38]33,30,3)([39]33,8,0)([40]16,38,4)([41]20,29,5)([42]41,17,3)([43]3,26,4)([44]2,4,4)([45]10,1,7)([46]40,36,2)([47]39,1,6)([48]12,43,7)([49]9,17,4)([50]41,33,5)([51]18,37,7)([52]29,12,0)([53]19,52,4)([54]15,22,6)([55]30,43,3)([56]51,50,2)([57]1,46,2)([58]9,47,3)([59]24,42,6)([60]1,34,0)([61]31,3,5)([62]34,22,2)([63]55,42,3)([64]4,63,5)([65]28,13,5)([66]48,39,2)([67]20,11,1)([68]48,46,2)([69]33,10,0)([70]45,56,7)([71]19,16,0)([72]5,24,3)([73]9,51,0)([74]64,68,7)([75]10,71,2)([76]15,34,2)([77]66,26,2)([78]1,63,5)([79]48,46,0)([80]70,74,4)([81]26,38,5)([82]81,57,4)([83]78,82,0)([84]59,54,0)([85]41,19,0)([86]85,22,6)(80)
evaluations: 31258830
first invidual area: 139.14
{7,1,80,1,2,1,8}([7]6,3,3)([8]1,5,2)([9]1,7,2)([10]5,2,6)([11]4,8,6)([12]6,5,7)([13]2,5,5)([14]0,13,2)([15]3,2,6)([16]10,8,3)([17]9,14,7)([18]17,15,7)([19]12,12,2)([20]12,6,5)([21]13,16,5)([22]19,9,5)([23]21,20,7)([24]15,12,3)([25]23,0,7)([26]18,24,0)([27]11,19,0)([28]22,4,4)([29]28,14,6)([30]2,3,4)([31]11,24,6)([32]28,7,5)([33]1,0,2)([34]19,30,5)([35]0,13,7)([36]10,32,7)([37]23,29,5)([38]33,30,3)([39]10,30,3)([40]16,38,4)([41]26,28,3)([42]22,6,7)([43]3,35,4)([44]3,23,2)([45]10,1,7)([46]44,19,6)([47]40,18,3)([48]19,43,7)([49]28,24,6)([50]41,33,5)([51]24,37,7)([52]32,4,2)([53]28,47,4)([54]41,38,3)([55]54,43,3)([56]50,51,5)([57]26,39,2)([58]12,56,1)([59]40,36,2)([60]44,14,0)([61]23,11,6)([62]27,0,2)([63]58,38,5)([64]4,55,5)([65]22,51,1)([66]3,13,0)([67]61,66,3)([68]48,59,5)([69]39,57,3)([70]45,56,7)([71]47,0,4)([72]37,48,3)([73]72,16,5)([74]64,68,7)([75]53,50,0)([76]67,32,3)([77]29,47,1)([78]42,55,3)([79]77,67,2)([80]70,74,4)([81]47,22,0)([82]4,1,1)([83]53,68,7)([84]20,5,2)([85]7,30,2)([86]58,65,1)(80)
optimized area: 128.84
time: 1235149 ms
seed: 1636054361
{7,1,80,1,2,1,8}([7]3,0,0)([8]3,2,7)([9]7,6,5)([10]1,4,4)([11]2,0,0)([12]0,6,2)([13]0,8,6)([14]0,9,7)([15]7,12,3)([16]1,13,5)([17]4,0,6)([18]2,4,4)([19]5,10,5)([20]1,19,4)([21]3,17,4)([22]21,1,5)([23]21,6,5)([24]23,16,6)([25]5,18,3)([26]15,11,6)([27]18,1,4)([28]17,13,4)([29]8,27,2)([30]14,4,5)([31]10,12,3)([32]31,5,7)([33]0,27,4)([34]28,20,5)([35]22,21,0)([36]29,25,7)([37]10,35,2)([38]22,8,7)([39]26,4,6)([40]8,30,2)([41]40,6,4)([42]20,36,2)([43]15,12,7)([44]27,30,3)([45]18,41,2)([46]23,37,2)([47]34,43,4)([48]42,24,3)([49]7,37,3)([50]36,41,2)([51]11,46,4)([52]51,3,7)([53]39,50,7)([54]46,24,4)([55]15,49,6)([56]47,31,5)([57]11,27,3)([58]32,54,3)([59]53,43,4)([60]24,35,6)([61]40,7,4)([62]29,1,2)([63]58,59,4)([64]51,6,0)([65]12,56,2)([66]35,22,4)([67]55,20,2)([68]32,38,4)([69]49,48,7)([70]45,53,4)([71]56,48,2)([72]23,29,2)([73]69,33,6)([74]43,34,7)([75]73,63,6)([76]34,40,1)([77]59,11,2)([78]51,26,1)([79]22,64,0)([80]75,56,7)([81]39,13,4)([82]81,13,5)([83]63,10,0)([84]0,29,5)([85]60,1,1)([86]30,51,6)(80)
evaluations: 18556523
first invidual area: 155.56
{7,1,80,1,2,1,8}([7]2,2,0)([8]3,7,7)([9]0,5,0)([10]1,4,4)([11]3,5,7)([12]6,0,2)([13]8,0,6)([14]5,10,5)([15]3,12,3)([16]1,13,5)([17]4,0,6)([18]4,2,4)([19]7,1,5)([20]1,14,4)([21]17,3,4)([22]21,1,5)([23]6,21,5)([24]16,23,6)([25]5,18,6)([26]15,2,6)([27]7,10,4)([28]13,17,4)([29]9,23,7)([30]29,4,5)([31]10,12,3)([32]31,6,7)([33]8,30,5)([34]20,28,5)([35]27,8,5)([36]35,25,7)([37]10,22,2)([38]16,13,0)([39]26,4,3)([40]31,5,7)([41]6,33,7)([42]20,36,2)([43]12,15,7)([44]23,14,0)([45]37,3,6)([46]44,37,2)([47]34,43,4)([48]42,24,6)([49]41,36,5)([50]0,0,3)([51]7,25,6)([52]39,7,0)([53]43,49,4)([54]46,24,3)([55]54,42,0)([56]47,10,5)([57]26,43,7)([58]40,55,6)([59]53,52,7)([60]12,20,0)([61]27,50,4)([62]5,50,3)([63]58,59,7)([64]16,34,6)([65]7,55,5)([66]26,55,5)([67]38,11,1)([68]11,63,4)([69]45,48,7)([70]17,54,1)([71]68,31,0)([72]48,34,5)([73]69,61,6)([74]29,36,6)([75]73,63,6)([76]3,60,5)([77]35,30,4)([78]53,17,4)([79]56,75,7)([80]57,5,4)([81]29,69,1)([82]40,64,4)([83]77,0,3)([84]45,61,6)([85]74,32,1)([86]5,82,7)(79)
optimized area: 149.93
time: 1286376 ms
seed: 1636088174
{7,1,80,1,2,1,8}([7]4,2,4)([8]5,1,7)([9]0,0,3)([10]8,0,0)([11]10,3,7)([12]3,8,6)([13]4,9,4)([14]0,1,3)([15]11,7,4)([16]10,4,7)([17]13,16,6)([18]0,3,4)([19]13,12,7)([20]4,1,7)([21]15,10,4)([22]4,9,2)([23]14,11,2)([24]17,4,2)([25]17,20,1)([26]12,12,7)([27]19,7,2)([28]3,20,5)([29]27,4,0)([30]18,2,6)([31]6,28,1)([32]5,27,4)([33]32,10,3)([34]33,10,4)([35]16,30,5)([36]16,22,7)([37]25,1,0)([38]9,15,6)([39]25,15,4)([40]4,7,2)([41]31,18,1)([42]25,18,1)([43]36,38,4)([44]10,6,6)([45]15,18,3)([46]25,27,7)([47]1,30,7)([48]28,22,7)([49]18,30,6)([50]30,23,2)([51]32,21,1)([52]26,8,4)([53]0,19,2)([54]36,4,2)([55]49,1,4)([56]38,47,2)([57]44,49,2)([58]50,22,2)([59]43,47,3)([60]30,6,0)([61]59,40,4)([62]10,0,0)([63]59,40,6)([64]54,31,7)([65]51,50,4)([66]8,42,4)([67]46,51,4)([68]6,42,2)([69]25,16,0)([70]41,34,6)([71]45,6,6)([72]65,56,3)([73]70,46,7)([74]1,49,2)([75]73,63,3)([76]48,75,6)([77]30,74,6)([78]60,16,3)([79]76,72,3)([80]54,79,4)([81]32,12,7)([82]48,54,3)([83]80,75,7)([84]33,19,5)([85]16,15,2)([86]83,57,6)(86)
evaluations: 36581251
first invidual area: 157.43
{7,1,80,1,2,1,8}([7]4,2,4)([8]1,5,7)([9]2,3,1)([10]8,3,0)([11]10,3,7)([12]3,8,6)([13]0,4,4)([14]4,0,2)([15]7,12,0)([16]4,10,7)([17]16,13,3)([18]3,0,4)([19]13,12,7)([20]10,18,6)([21]20,5,5)([22]15,11,4)([23]21,11,2)([24]18,8,4)([25]1,10,6)([26]19,3,5)([27]19,15,2)([28]11,22,5)([29]3,17,5)([30]18,2,6)([31]22,10,4)([32]5,27,7)([33]3,20,0)([34]3,23,0)([35]14,29,7)([36]16,14,7)([37]23,30,5)([38]14,22,6)([39]23,32,3)([40]19,1,7)([41]8,32,6)([42]30,6,6)([43]36,38,4)([44]39,36,1)([45]12,15,6)([46]17,27,7)([47]1,30,7)([48]43,22,5)([49]17,35,6)([50]12,3,0)([51]20,45,0)([52]14,11,1)([53]1,13,0)([54]15,4,2)([55]26,38,5)([56]38,47,2)([57]20,42,2)([58]39,52,5)([59]43,54,3)([60]41,44,6)([61]44,10,7)([62]47,59,6)([63]5,9,5)([64]29,6,7)([65]32,37,7)([66]34,44,1)([67]30,58,1)([68]26,27,3)([69]44,11,5)([70]6,41,3)([71]15,29,2)([72]65,56,3)([73]70,46,4)([74]62,65,6)([75]73,62,3)([76]35,75,6)([77]41,5,7)([78]4,36,5)([79]76,72,6)([80]78,79,7)([81]26,22,2)([82]6,63,6)([83]80,75,4)([84]81,2,5)([85]4,57,1)([86]83,57,6)(86)
optimized area: 141.04
time: 1167514 ms
seed: 1636121274
{7,1,80,1,2,1,8}([7]0,2,7)([8]3,7,4)([9]7,4,4)([10]2,6,5)([11]7,1,3)([12]3,11,1)([13]1,3,1)([14]0,6,7)([15]4,8,7)([16]1,5,2)([17]15,13,2)([18]8,14,4)([19]13,2,2)([20]14,13,2)([21]19,4,3)([22]15,14,3)([23]9,11,7)([24]23,21,2)([25]22,4,6)([26]13,18,3)([27]21,14,2)([28]3,14,1)([29]28,19,6)([30]6,5,2)([31]15,26,7)([32]16,25,5)([33]31,30,6)([34]13,21,1)([35]25,29,6)([36]1,12,5)([37]33,2,3)([38]37,4,7)([39]26,30,2)([40]20,36,7)([41]6,32,4)([42]40,25,5)([43]5,24,4)([44]10,43,2)([45]36,19,4)([46]19,19,7)([47]35,38,3)([48]39,36,7)([49]3,16,2)([50]44,27,7)([51]2,48,4)([52]27,46,3)([53]5,17,2)([54]50,29,4)([55]44,41,5)([56]55,48,4)([57]50,42,5)([58]27,0,4)([59]20,47,6)([60]57,9,4)([61]0,9,1)([62]40,47,7)([63]56,36,3)([64]62,56,5)([65]57,6,3)([66]54,53,5)([67]14,56,4)([68]3,24,7)([69]8,33,1)([70]19,11,7)([71]14,17,0)([72]59,37,1)([73]64,23,7)([74]73,13,1)([75]67,18,4)([76]26,56,4)([77]11,16,4)([78]62,40,5)([79]66,73,7)([80]1,3,4)([81]48,3,5)([82]69,75,6)([83]23,61,4)([84]12,63,2)([85]69,82,4)([86]63,8,7)(79)
evaluations: 37341016
first invidual area: 151.33
{7,1,80,1,2,1,8}([7]0,2,7)([8]3,2,4)([9]7,4,4)([10]6,2,5)([11]7,1,6)([12]8,6,5)([13]1,1,1)([14]6,0,7)([15]9,3,7)([16]15,7,0)([17]1,8,1)([18]16,2,1)([19]13,2,2)([20]14,13,5)([21]19,4,3)([22]14,16,3)([23]9,11,4)([24]23,21,5)([25]22,4,6)([26]13,12,3)([27]26,9,1)([28]3,18,1)([29]28,19,6)([30]6,5,2)([31]26,16,7)([32]1,25,5)([33]31,30,6)([34]31,13,2)([35]25,29,6)([36]1,28,5)([37]33,2,6)([38]7,1,3)([39]26,30,5)([40]20,36,5)([41]6,32,4)([42]37,4,4)([43]5,24,7)([44]10,43,2)([45]21,14,5)([46]39,27,1)([47]38,1,1)([48]39,36,4)([49]31,31,6)([50]44,29,7)([51]3,46,0)([52]44,41,5)([53]5,34,2)([54]50,45,7)([55]33,20,2)([56]52,48,4)([57]51,40,5)([58]7,10,0)([59]36,33,1)([60]35,42,6)([61]8,54,7)([62]40,60,4)([63]45,14,0)([64]62,56,5)([65]51,15,1)([66]54,53,5)([67]30,41,1)([68]28,19,1)([69]61,59,0)([70]13,4,2)([71]58,31,0)([72]60,53,3)([73]64,23,4)([74]16,72,1)([75]67,65,1)([76]55,45,2)([77]19,56,1)([78]18,47,5)([79]66,73,4)([80]67,8,1)([81]49,44,1)([82]72,10,2)([83]12,3,7)([84]67,49,3)([85]26,29,1)([86]31,46,6)(79)
optimized area: 140.07
time: 1150058 ms
seed: 1636153911
{7,1,80,1,2,1,8}([7]4,0,6)([8]4,5,5)([9]6,3,5)([10]1,0,2)([11]9,2,7)([12]3,7,5)([13]12,9,6)([14]11,5,6)([15]13,0,3)([16]14,10,4)([17]1,2,7)([18]11,5,7)([19]3,5,7)([20]17,14,6)([21]1,11,1)([22]8,6,3)([23]4,10,2)([24]23,20,6)([25]5,16,3)([26]19,17,6)([27]1,12,6)([28]15,5,7)([29]11,28,2)([30]18,20,2)([31]19,1,4)([32]26,31,3)([33]3,22,3)([34]28,6,7)([35]22,24,5)([36]4,30,6)([37]29,19,1)([38]2,24,5)([39]11,19,2)([40]8,33,0)([41]35,34,7)([42]40,39,3)([43]42,5,7)([44]25,20,7)([45]5,43,2)([46]12,36,7)([47]33,41,2)([48]36,21,7)([49]28,8,0)([50]19,7,0)([51]9,44,5)([52]37,50,6)([53]0,23,6)([54]28,15,2)([55]39,30,5)([56]8,38,5)([57]51,46,6)([58]36,10,1)([59]47,40,1)([60]4,47,0)([61]22,18,2)([62]16,16,6)([63]41,31,1)([64]49,33,6)([65]45,7,7)([66]57,62,5)([67]65,32,5)([68]8,48,7)([69]2,45,4)([70]63,67,4)([71]56,15,3)([72]66,4,5)([73]24,6,3)([74]9,52,3)([75]8,71,1)([76]0,56,4)([77]47,66,4)([78]68,70,1)([79]1,26,6)([80]77,70,2)([81]80,48,4)([82]16,81,4)([83]27,52,4)([84]18,42,5)([85]69,43,6)([86]23,70,7)(82)
evaluations: 44894604
first invidual area: 151.79
{7,1,80,1,2,1,8}([7]4,0,6)([8]5,4,5)([9]3,6,5)([10]1,0,2)([11]2,9,7)([12]3,7,5)([13]4,9,6)([14]11,5,6)([15]13,4,0)([16]14,10,4)([17]1,2,7)([18]11,5,2)([19]3,5,7)([20]17,14,6)([21]0,15,3)([22]8,6,3)([23]4,10,2)([24]23,20,6)([25]22,3,3)([26]1,17,6)([27]16,23,7)([28]5,21,7)([29]24,24,4)([30]18,20,2)([31]19,1,4)([32]26,31,3)([33]19,8,1)([34]28,6,7)([35]22,24,5)([36]4,30,6)([37]4,14,2)([38]32,33,6)([39]34,19,2)([40]6,36,0)([41]35,34,7)([42]8,39,3)([43]25,12,4)([44]5,20,7)([45]5,42,5)([46]12,36,2)([47]25,41,5)([48]36,1,4)([49]17,41,2)([50]30,18,2)([51]9,44,5)([52]23,6,7)([53]1,19,7)([54]31,14,2)([55]32,18,5)([56]27,22,4)([57]51,46,6)([58]4,18,2)([59]51,53,4)([60]48,42,2)([61]53,41,7)([62]16,28,1)([63]19,37,5)([64]2,38,4)([65]45,7,4)([66]57,62,5)([67]65,32,2)([68]41,43,7)([69]22,32,4)([70]41,67,4)([71]56,52,2)([72]15,12,3)([73]44,14,0)([74]38,55,5)([75]28,22,6)([76]67,47,0)([77]47,66,7)([78]28,60,3)([79]31,72,1)([80]77,70,5)([81]80,48,7)([82]62,81,7)([83]70,71,1)([84]32,58,3)([85]55,82,6)([86]58,36,2)(82)
optimized area: 135.38
time: 1085520 ms
seed: 1636186349
NOT FOUND
time: 1066673 ms
seed: 1636217033
NOT FOUND
time: 1050704 ms
seed: 1636246986
NOT FOUND
time: 1078115 ms
seed: 1636266091
NOT FOUND
time: 1079629 ms
seed: 1636282757
NOT FOUND
time: 1079694 ms
seed: 1636299141
{7,1,80,1,2,1,8}([7]0,4,1)([8]1,6,7)([9]2,8,4)([10]0,4,7)([11]6,3,4)([12]7,4,5)([13]3,4,6)([14]8,10,3)([15]14,7,2)([16]13,15,3)([17]16,4,1)([18]3,1,1)([19]6,11,6)([20]16,5,6)([21]6,5,4)([22]14,2,7)([23]10,20,7)([24]9,21,5)([25]24,3,0)([26]24,14,4)([27]20,2,3)([28]18,24,2)([29]8,11,3)([30]9,3,7)([31]26,27,7)([32]17,25,2)([33]23,32,7)([34]14,2,5)([35]29,34,4)([36]14,27,5)([37]23,5,4)([38]11,35,4)([39]17,38,7)([40]35,27,3)([41]25,30,5)([42]31,19,2)([43]21,28,5)([44]29,24,7)([45]24,14,3)([46]43,12,6)([47]7,35,6)([48]0,21,3)([49]4,42,3)([50]44,16,2)([51]1,42,3)([52]35,5,4)([53]48,3,5)([54]8,5,4)([55]52,33,2)([56]42,37,4)([57]31,50,3)([58]23,48,2)([59]57,34,4)([60]58,52,6)([61]23,55,4)([62]37,58,3)([63]30,42,6)([64]30,49,4)([65]64,56,6)([66]16,14,6)([67]24,47,7)([68]38,57,4)([69]67,25,5)([70]17,45,7)([71]51,31,7)([72]42,21,5)([73]61,65,6)([74]43,57,4)([75]62,39,4)([76]48,22,7)([77]30,44,0)([78]16,69,7)([79]74,22,0)([80]6,32,3)([81]75,79,2)([82]1,19,3)([83]35,23,2)([84]73,81,6)([85]70,39,6)([86]60,56,7)(84)
evaluations: 19751306
first invidual area: 159.78
{7,1,80,1,2,1,8}([7]6,2,3)([8]6,1,7)([9]8,2,4)([10]4,0,7)([11]6,3,4)([12]0,8,1)([13]3,4,6)([14]8,10,3)([15]14,12,2)([16]13,15,3)([17]1,1,7)([18]16,6,0)([19]14,2,5)([20]5,16,6)([21]6,5,4)([22]20,2,3)([23]10,20,7)([24]21,9,5)([25]18,23,1)([26]14,24,4)([27]18,24,1)([28]24,21,2)([29]8,11,3)([30]3,9,7)([31]26,22,7)([32]27,24,5)([33]0,3,0)([34]3,11,6)([35]29,19,4)([36]32,23,4)([37]5,9,0)([38]21,12,2)([39]11,14,0)([40]7,9,7)([41]4,37,5)([42]31,34,5)([43]16,35,4)([44]24,29,7)([45]8,40,0)([46]21,22,0)([47]12,6,5)([48]5,47,2)([49]19,10,6)([50]44,18,2)([51]37,43,4)([52]35,5,4)([53]23,5,4)([54]36,14,0)([55]52,54,5)([56]42,53,7)([57]31,50,3)([58]29,15,5)([59]31,2,3)([60]39,0,0)([61]23,55,7)([62]56,48,6)([63]30,28,5)([64]4,30,4)([65]64,56,6)([66]45,7,7)([67]60,43,4)([68]64,64,1)([69]62,62,1)([70]9,59,2)([71]55,43,5)([72]32,67,6)([73]38,71,2)([74]63,57,4)([75]62,67,7)([76]73,42,6)([77]38,73,4)([78]22,29,0)([79]55,21,3)([80]5,3,4)([81]75,74,2)([82]10,1,0)([83]61,65,6)([84]83,81,6)([85]43,3,6)([86]42,36,6)(84)
optimized area: 154.16
time: 1389010 ms
seed: 1636315551
{7,1,80,1,2,1,8}([7]1,6,3)([8]6,4,2)([9]0,5,2)([10]9,7,7)([11]6,3,7)([12]6,2,4)([13]4,1,6)([14]2,8,3)([15]11,4,4)([16]11,14,7)([17]15,1,6)([18]8,3,6)([19]7,10,0)([20]13,12,2)([21]16,13,5)([22]21,9,5)([23]3,16,2)([24]14,1,4)([25]0,20,3)([26]24,20,3)([27]14,20,7)([28]26,22,4)([29]20,25,2)([30]15,12,6)([31]14,5,3)([32]17,8,5)([33]18,20,0)([34]18,21,5)([35]18,5,7)([36]13,24,5)([37]35,32,7)([38]25,3,1)([39]28,31,7)([40]2,35,4)([41]10,28,6)([42]41,25,7)([43]24,30,7)([44]33,21,5)([45]37,43,2)([46]20,23,3)([47]2,36,0)([48]30,46,1)([49]4,26,1)([50]7,18,2)([51]46,36,7)([52]35,14,3)([53]50,0,4)([54]29,37,2)([55]23,5,3)([56]53,15,5)([57]1,25,7)([58]16,15,2)([59]55,56,2)([60]42,4,7)([61]7,36,3)([62]4,11,3)([63]54,27,2)([64]42,31,7)([65]28,50,7)([66]60,45,3)([67]57,54,6)([68]40,67,4)([69]32,13,5)([70]59,1,7)([71]10,31,4)([72]12,61,2)([73]10,54,1)([74]8,9,2)([75]10,35,3)([76]70,68,3)([77]23,5,2)([78]66,76,2)([79]76,74,3)([80]2,78,5)([81]64,79,4)([82]71,27,1)([83]68,37,0)([84]43,23,1)([85]11,3,6)([86]81,69,5)(78)
evaluations: 4930125
first invidual area: 141.03
{7,1,80,1,2,1,8}([7]6,1,6)([8]4,6,2)([9]0,4,0)([10]5,9,5)([11]6,3,7)([12]2,6,4)([13]1,4,6)([14]2,8,3)([15]11,4,4)([16]13,1,6)([17]11,14,7)([18]3,8,6)([19]15,18,5)([20]12,13,2)([21]4,7,5)([22]7,10,7)([23]17,3,2)([24]14,1,4)([25]20,9,3)([26]20,24,3)([27]1,5,0)([28]26,17,0)([29]28,9,4)([30]25,4,7)([31]21,14,7)([32]26,21,5)([33]12,15,3)([34]32,10,2)([35]18,5,7)([36]35,2,1)([37]20,16,3)([38]27,18,5)([39]25,2,4)([40]16,35,3)([41]37,34,5)([42]24,33,4)([43]33,26,0)([44]33,43,1)([45]40,42,5)([46]10,36,2)([47]35,1,7)([48]30,3,7)([49]0,38,6)([50]22,32,6)([51]30,50,4)([52]25,24,0)([53]38,0,7)([54]37,49,7)([55]23,5,3)([56]15,53,5)([57]8,24,0)([58]15,49,5)([59]55,56,5)([60]6,34,0)([61]58,6,4)([62]58,28,1)([63]40,48,7)([64]38,16,6)([65]40,47,6)([66]51,45,5)([67]47,20,6)([68]39,67,4)([69]43,20,6)([70]59,1,4)([71]62,46,5)([72]60,56,7)([73]57,8,6)([74]14,35,0)([75]28,35,2)([76]44,54,4)([77]70,68,3)([78]19,53,7)([79]55,70,5)([80]78,57,4)([81]22,40,4)([82]77,66,2)([83]42,2,3)([84]61,61,2)([85]40,22,6)([86]18,82,1)(82)
optimized area: 125.09
time: 1268583 ms
seed: 1636331765
NOT FOUND
time: 1078881 ms
