seed: 1633852644
NOT FOUND
time: 529405 ms
seed: 1633939534
NOT FOUND
time: 529581 ms
seed: 1633967261
NOT FOUND
time: 530412 ms
seed: 1633990158
NOT FOUND
time: 526746 ms
seed: 1634039117
NOT FOUND
time: 529002 ms
seed: 1634153226
NOT FOUND
time: 527251 ms
seed: 1634200532
{7,1,80,1,2,1,8}([7]0,5,4)([8]3,5,6)([9]5,1,4)([10]9,6,4)([11]10,1,7)([12]10,6,1)([13]4,11,5)([14]2,13,2)([15]7,2,6)([16]7,0,0)([17]1,0,3)([18]10,0,4)([19]3,7,7)([20]9,13,7)([21]1,3,3)([22]15,12,3)([23]15,3,6)([24]20,8,4)([25]6,17,5)([26]2,23,4)([27]13,3,7)([28]24,26,7)([29]24,15,2)([30]6,2,3)([31]24,18,2)([32]12,28,4)([33]20,19,2)([34]33,30,2)([35]29,21,7)([36]12,35,4)([37]36,4,5)([38]19,25,5)([39]27,26,6)([40]4,8,3)([41]1,8,7)([42]30,18,6)([43]34,36,5)([44]34,20,1)([45]39,18,6)([46]14,6,0)([47]31,30,3)([48]41,32,6)([49]38,45,6)([50]24,48,7)([51]20,37,4)([52]37,49,4)([53]40,15,5)([54]52,49,1)([55]25,28,1)([56]55,38,3)([57]14,40,2)([58]51,48,5)([59]43,58,7)([60]59,52,2)([61]41,38,3)([62]12,14,6)([63]12,1,0)([64]47,60,7)([65]11,46,4)([66]38,6,7)([67]45,0,1)([68]55,31,2)([69]67,38,7)([70]44,1,2)([71]5,10,7)([72]43,62,1)([73]64,64,1)([74]70,64,5)([75]33,36,0)([76]45,54,5)([77]47,74,3)([78]40,31,7)([79]75,44,4)([80]45,2,4)([81]18,9,1)([82]1,69,6)([83]52,67,2)([84]26,0,6)([85]0,12,5)([86]23,14,1)(64)
evaluations: 8740051
first invidual area: 139.17
{7,1,80,1,2,1,8}([7]0,5,4)([8]3,5,6)([9]1,5,4)([10]9,6,4)([11]1,10,7)([12]0,0,0)([13]1,7,2)([14]12,1,3)([15]7,2,6)([16]6,10,7)([17]4,11,5)([18]10,0,4)([19]3,7,7)([20]9,17,7)([21]8,19,0)([22]13,10,6)([23]3,15,6)([24]8,20,4)([25]6,14,5)([26]2,23,4)([27]1,4,1)([28]1,3,3)([29]15,24,5)([30]6,2,3)([31]18,24,2)([32]20,11,7)([33]26,32,6)([34]19,20,2)([35]29,28,4)([36]35,10,7)([37]21,1,7)([38]25,19,5)([39]33,18,6)([40]36,30,2)([41]24,40,7)([42]34,40,5)([43]3,29,5)([44]39,38,6)([45]30,31,6)([46]11,26,7)([47]38,13,2)([48]20,37,6)([49]0,23,3)([50]36,4,5)([51]42,6,2)([52]50,44,4)([53]36,32,1)([54]50,46,2)([55]5,11,1)([56]11,17,2)([57]50,33,6)([58]48,54,5)([59]52,58,2)([60]55,15,0)([61]42,58,0)([62]19,50,2)([63]15,47,1)([64]26,17,2)([65]41,14,1)([66]26,17,0)([67]58,46,6)([68]2,28,2)([69]34,2,4)([70]4,14,2)([71]33,36,7)([72]42,59,5)([73]7,31,2)([74]13,12,0)([75]9,54,2)([76]53,65,2)([77]60,2,4)([78]71,4,0)([79]27,41,0)([80]40,2,2)([81]7,68,0)([82]72,45,7)([83]18,12,7)([84]61,74,1)([85]68,28,5)([86]40,52,7)(82)
optimized area: 127.44
time: 686561 ms
seed: 1634249565
NOT FOUND
time: 537311 ms
seed: 1634297669
{7,1,80,1,2,1,8}([7]0,1,5)([8]1,2,6)([9]5,6,4)([10]4,5,5)([11]10,3,5)([12]9,4,2)([13]3,11,4)([14]13,7,6)([15]10,14,7)([16]4,8,2)([17]9,8,0)([18]11,5,4)([19]16,17,3)([20]3,14,6)([21]2,0,7)([22]21,12,3)([23]14,0,5)([24]7,21,6)([25]15,19,7)([26]15,0,4)([27]6,2,6)([28]1,11,6)([29]6,8,4)([30]25,21,7)([31]25,4,4)([32]5,7,7)([33]30,22,2)([34]4,24,4)([35]1,5,4)([36]5,25,3)([37]10,8,6)([38]36,29,0)([39]24,11,4)([40]33,11,7)([41]32,29,2)([42]6,34,7)([43]0,20,6)([44]31,22,6)([45]38,28,4)([46]26,5,2)([47]34,3,2)([48]14,18,2)([49]41,40,7)([50]45,30,2)([51]35,34,4)([52]29,45,6)([53]11,52,0)([54]34,47,7)([55]35,16,7)([56]50,51,2)([57]7,42,0)([58]2,35,7)([59]7,52,7)([60]7,48,7)([61]35,54,3)([62]12,31,7)([63]32,50,7)([64]4,10,3)([65]54,9,3)([66]54,48,6)([67]61,60,5)([68]52,44,5)([69]2,46,4)([70]49,65,2)([71]12,49,3)([72]58,67,7)([73]47,71,7)([74]73,55,6)([75]72,13,2)([76]57,29,4)([77]9,18,1)([78]70,74,6)([79]78,56,6)([80]9,42,0)([81]79,68,4)([82]53,40,2)([83]22,56,3)([84]28,73,2)([85]2,31,4)([86]81,80,5)(81)
evaluations: 7878789
first invidual area: 148.07
{7,1,80,1,2,1,8}([7]0,1,5)([8]1,2,6)([9]6,5,4)([10]5,4,5)([11]7,5,7)([12]4,9,2)([13]7,2,6)([14]4,8,2)([15]3,11,1)([16]15,7,6)([17]5,12,0)([18]14,9,6)([19]16,10,6)([20]12,12,5)([21]2,0,7)([22]12,21,3)([23]9,11,4)([24]19,18,3)([25]21,18,4)([26]10,3,5)([27]16,20,5)([28]8,7,0)([29]8,6,4)([30]25,19,7)([31]19,13,5)([32]7,12,7)([33]22,30,5)([34]4,13,4)([35]1,5,4)([36]3,4,3)([37]14,12,1)([38]26,1,3)([39]9,34,6)([40]33,26,4)([41]11,29,5)([42]18,17,6)([43]34,35,4)([44]39,22,6)([45]42,38,4)([46]15,41,1)([47]34,3,5)([48]36,11,5)([49]41,40,4)([50]35,26,1)([51]19,39,3)([52]35,35,6)([53]45,29,6)([54]42,53,1)([55]17,20,3)([56]11,33,7)([57]30,8,7)([58]31,5,5)([59]34,47,5)([60]20,16,0)([61]30,58,7)([62]59,12,3)([63]31,21,1)([64]25,22,7)([65]30,45,2)([66]49,12,6)([67]39,21,4)([68]53,44,5)([69]61,22,2)([70]49,62,2)([71]48,38,3)([72]35,8,7)([73]47,66,7)([74]73,72,6)([75]32,15,0)([76]29,2,5)([77]43,65,2)([78]70,74,6)([79]78,77,6)([80]40,48,2)([81]79,68,4)([82]68,69,6)([83]2,47,0)([84]74,32,4)([85]15,56,4)([86]63,41,4)(81)
optimized area: 135.85
time: 732370 ms
seed: 1634338139
NOT FOUND
time: 538092 ms
seed: 1634387072
{7,1,80,1,2,1,8}([7]1,5,4)([8]0,5,3)([9]3,7,5)([10]3,5,6)([11]6,7,4)([12]7,3,7)([13]2,0,4)([14]9,8,2)([15]10,0,7)([16]15,1,7)([17]13,12,5)([18]2,14,4)([19]2,15,5)([20]18,6,3)([21]19,14,3)([22]11,17,5)([23]9,3,3)([24]1,18,4)([25]7,3,1)([26]6,2,0)([27]21,16,2)([28]15,6,2)([29]3,28,6)([30]16,2,5)([31]4,15,7)([32]29,30,5)([33]22,16,3)([34]1,32,7)([35]12,23,6)([36]33,4,5)([37]36,28,2)([38]29,13,3)([39]2,21,6)([40]15,15,1)([41]36,21,3)([42]21,10,6)([43]22,31,4)([44]3,25,3)([45]15,23,5)([46]34,36,2)([47]40,10,4)([48]17,23,2)([49]12,13,3)([50]21,6,2)([51]32,49,1)([52]28,25,2)([53]5,27,6)([54]11,19,4)([55]25,11,6)([56]28,31,5)([57]12,43,5)([58]31,49,4)([59]25,53,4)([60]45,55,6)([61]46,52,1)([62]58,55,3)([63]61,57,4)([64]31,26,4)([65]17,16,5)([66]46,7,3)([67]39,6,5)([68]34,45,0)([69]5,41,6)([70]63,62,5)([71]41,17,3)([72]54,51,5)([73]30,46,6)([74]28,6,6)([75]70,41,2)([76]20,44,0)([77]76,75,4)([78]0,24,0)([79]11,2,4)([80]10,77,7)([81]41,3,2)([82]17,3,4)([83]3,60,7)([84]18,47,5)([85]57,17,3)([86]65,56,4)(80)
evaluations: 26439791
first invidual area: 118.05
{7,1,80,1,2,1,8}([7]1,5,4)([8]5,0,3)([9]7,3,5)([10]3,5,6)([11]7,6,4)([12]3,7,7)([13]0,2,4)([14]8,9,2)([15]0,10,7)([16]1,15,7)([17]13,12,3)([18]2,15,5)([19]4,12,5)([20]14,18,3)([21]12,13,5)([22]11,21,5)([23]6,15,2)([24]0,12,0)([25]14,6,0)([26]2,16,5)([27]22,16,3)([28]26,13,2)([29]3,23,6)([30]2,14,4)([31]15,4,4)([32]7,0,2)([33]27,9,0)([34]17,1,0)([35]23,15,2)([36]4,33,5)([37]22,26,0)([38]15,14,1)([39]18,22,6)([40]12,31,2)([41]20,36,3)([42]3,8,5)([43]6,22,2)([44]14,29,5)([45]26,29,5)([46]34,27,6)([47]45,1,7)([48]17,31,7)([49]40,37,5)([50]4,7,4)([51]44,31,0)([52]20,20,7)([53]49,39,0)([54]47,36,5)([55]7,18,5)([56]30,6,6)([57]32,13,5)([58]4,33,7)([59]47,36,5)([60]41,37,2)([61]11,45,7)([62]48,43,3)([63]59,49,4)([64]36,17,1)([65]43,59,4)([66]38,43,7)([67]55,9,3)([68]66,56,3)([69]31,29,2)([70]63,62,5)([71]8,43,2)([72]57,22,4)([73]54,39,0)([74]27,20,2)([75]70,41,5)([76]24,66,2)([77]56,75,7)([78]41,31,4)([79]30,22,5)([80]10,77,4)([81]65,20,3)([82]23,5,5)([83]77,29,1)([84]19,64,3)([85]65,23,0)([86]65,8,1)(80)
optimized area: 111.96
time: 589285 ms
seed: 1634436079
{7,1,80,1,2,1,8}([7]3,6,7)([8]0,6,7)([9]0,3,2)([10]5,4,1)([11]6,0,3)([12]2,10,6)([13]5,11,2)([14]0,4,4)([15]10,2,7)([16]8,4,2)([17]2,15,1)([18]14,15,7)([19]17,0,6)([20]17,5,4)([21]18,3,1)([22]8,14,3)([23]7,12,0)([24]2,9,5)([25]15,20,7)([26]19,1,7)([27]15,8,6)([28]27,3,4)([29]26,27,6)([30]16,28,3)([31]1,12,5)([32]11,16,6)([33]10,6,3)([34]6,12,3)([35]26,34,4)([36]30,31,4)([37]9,31,5)([38]31,2,7)([39]0,0,5)([40]19,33,7)([41]37,12,4)([42]41,9,3)([43]33,2,6)([44]23,19,7)([45]13,19,7)([46]8,14,2)([47]29,18,5)([48]24,21,4)([49]33,22,4)([50]2,43,6)([51]7,4,7)([52]20,46,2)([53]18,1,3)([54]3,14,2)([55]54,47,6)([56]53,51,2)([57]16,35,5)([58]11,22,2)([59]32,32,7)([60]3,10,1)([61]35,49,6)([62]47,53,1)([63]9,13,0)([64]53,44,3)([65]13,36,7)([66]0,6,5)([67]40,15,5)([68]62,66,3)([69]3,3,3)([70]53,56,5)([71]45,55,3)([72]71,16,3)([73]51,35,4)([74]33,58,3)([75]70,37,5)([76]72,65,4)([77]23,3,3)([78]61,75,2)([79]78,76,4)([80]5,18,5)([81]70,71,0)([82]49,11,3)([83]51,0,0)([84]60,40,0)([85]32,17,7)([86]50,81,1)(79)
evaluations: 46225413
first invidual area: 129.30
{7,1,80,1,2,1,8}([7]6,4,7)([8]6,0,7)([9]6,0,3)([10]5,1,1)([11]1,4,5)([12]10,2,6)([13]5,9,2)([14]4,0,7)([15]10,2,7)([16]8,4,2)([17]2,4,1)([18]15,14,4)([19]17,0,6)([20]12,15,0)([21]18,7,5)([22]8,7,6)([23]19,6,0)([24]13,10,2)([25]0,3,5)([26]23,1,7)([27]15,8,6)([28]27,3,4)([29]26,27,6)([30]16,28,6)([31]1,12,5)([32]28,15,2)([33]10,6,6)([34]6,12,3)([35]26,34,4)([36]30,31,4)([37]8,13,1)([38]18,3,4)([39]16,37,2)([40]25,21,3)([41]23,38,5)([42]38,20,0)([43]33,14,3)([44]18,18,0)([45]13,19,7)([46]15,24,3)([47]29,44,5)([48]38,43,3)([49]33,22,4)([50]37,27,4)([51]7,3,7)([52]49,30,0)([53]18,1,3)([54]22,42,7)([55]32,47,6)([56]4,26,1)([57]24,21,3)([58]55,50,3)([59]18,9,1)([60]21,45,1)([61]35,49,6)([62]24,2,3)([63]56,48,3)([64]10,46,4)([65]13,36,4)([66]7,20,7)([67]31,7,5)([68]63,12,5)([69]12,0,6)([70]53,51,5)([71]45,55,3)([72]71,16,6)([73]38,51,4)([74]36,73,3)([75]70,25,5)([76]72,65,4)([77]29,36,0)([78]61,75,5)([79]78,76,4)([80]6,76,4)([81]13,52,5)([82]28,48,3)([83]0,51,0)([84]51,30,0)([85]51,66,7)([86]68,36,4)(79)
optimized area: 124.15
time: 536220 ms
seed: 1634496370
{7,1,80,1,2,1,8}([7]0,6,4)([8]5,3,7)([9]8,0,5)([10]5,9,2)([11]9,4,7)([12]10,2,7)([13]11,7,5)([14]6,2,3)([15]8,6,7)([16]2,5,2)([17]6,0,3)([18]13,7,7)([19]8,5,1)([20]16,1,5)([21]8,18,6)([22]4,17,3)([23]18,15,7)([24]23,17,2)([25]6,20,3)([26]10,2,3)([27]5,25,2)([28]27,13,4)([29]25,11,4)([30]14,4,1)([31]24,22,4)([32]2,7,6)([33]17,1,4)([34]2,29,7)([35]33,15,5)([36]16,31,4)([37]21,29,7)([38]19,34,4)([39]23,8,7)([40]26,16,4)([41]36,20,0)([42]39,41,5)([43]39,41,6)([44]28,26,3)([45]15,10,3)([46]37,45,2)([47]33,40,2)([48]3,42,4)([49]24,30,7)([50]29,7,4)([51]50,25,4)([52]30,46,3)([53]47,50,7)([54]26,35,5)([55]33,48,3)([56]32,48,2)([57]46,56,3)([58]55,18,7)([59]57,53,2)([60]0,0,4)([61]54,10,5)([62]43,35,5)([63]11,5,4)([64]61,56,4)([65]48,40,0)([66]6,63,7)([67]10,6,6)([68]25,4,0)([69]57,6,5)([70]59,49,4)([71]47,33,4)([72]41,5,6)([73]27,12,1)([74]71,44,1)([75]44,58,2)([76]12,55,4)([77]70,75,7)([78]27,74,0)([79]30,40,2)([80]66,57,2)([81]16,72,1)([82]59,49,2)([83]74,66,0)([84]8,71,2)([85]0,24,2)([86]13,39,1)(77)
evaluations: 47627621
first invidual area: 154.17
{7,1,80,1,2,1,8}([7]6,0,4)([8]3,5,7)([9]8,0,5)([10]5,9,2)([11]9,4,7)([12]8,7,5)([13]11,7,5)([14]6,8,0)([15]8,6,7)([16]2,5,2)([17]7,6,3)([18]13,7,2)([19]0,14,4)([20]16,1,5)([21]8,18,6)([22]7,4,3)([23]18,15,7)([24]23,17,2)([25]6,20,6)([26]10,2,3)([27]25,22,1)([28]5,13,4)([29]25,11,7)([30]20,22,5)([31]24,22,4)([32]2,7,6)([33]17,1,4)([34]32,27,1)([35]18,6,7)([36]16,31,4)([37]21,29,7)([38]11,2,5)([39]6,2,6)([40]26,16,4)([41]32,23,0)([42]35,36,5)([43]40,24,6)([44]28,26,3)([45]15,16,3)([46]37,45,2)([47]33,40,2)([48]3,42,4)([49]24,39,4)([50]29,7,4)([51]9,41,2)([52]33,9,2)([53]47,50,7)([54]5,13,2)([55]33,48,3)([56]32,48,2)([57]46,56,3)([58]55,18,7)([59]57,53,2)([60]40,55,2)([61]24,14,7)([62]44,20,1)([63]42,60,6)([64]21,3,3)([65]57,13,1)([66]5,40,4)([67]11,58,3)([68]12,21,7)([69]63,49,3)([70]59,49,7)([71]45,67,4)([72]9,36,0)([73]26,34,0)([74]1,21,2)([75]44,58,2)([76]23,44,7)([77]70,75,7)([78]30,11,1)([79]31,64,0)([80]63,65,6)([81]62,33,7)([82]48,36,3)([83]26,8,7)([84]63,56,3)([85]15,3,4)([86]54,7,4)(77)
optimized area: 148.08
time: 532022 ms
seed: 1634595510
{7,1,80,1,2,1,8}([7]3,1,2)([8]5,3,7)([9]3,6,4)([10]4,8,4)([11]1,6,3)([12]9,2,7)([13]5,0,4)([14]13,1,5)([15]10,11,2)([16]10,11,7)([17]9,2,5)([18]4,1,4)([19]2,18,4)([20]14,12,5)([21]4,3,2)([22]20,8,5)([23]15,5,3)([24]7,8,7)([25]15,0,3)([26]4,14,7)([27]11,6,5)([28]22,23,2)([29]18,27,3)([30]22,17,4)([31]23,2,1)([32]16,30,6)([33]29,25,7)([34]30,19,4)([35]24,13,0)([36]24,23,3)([37]7,8,1)([38]29,32,2)([39]2,21,0)([40]14,36,4)([41]34,0,3)([42]13,19,6)([43]1,11,5)([44]2,43,7)([45]13,30,0)([46]38,42,6)([47]46,33,3)([48]27,28,4)([49]2,0,5)([50]6,49,3)([51]45,32,4)([52]16,41,2)([53]24,43,7)([54]20,47,0)([55]45,39,3)([56]48,31,4)([57]47,50,4)([58]57,14,4)([59]48,43,7)([60]38,54,1)([61]10,56,4)([62]24,57,7)([63]46,31,5)([64]27,9,6)([65]27,8,4)([66]1,3,7)([67]26,40,7)([68]9,43,6)([69]68,6,3)([70]53,51,7)([71]35,41,4)([72]58,46,5)([73]52,49,0)([74]14,36,5)([75]61,73,2)([76]22,70,4)([77]70,65,4)([78]71,37,6)([79]78,2,1)([80]66,45,6)([81]13,16,0)([82]58,44,5)([83]47,51,1)([84]41,32,0)([85]25,66,3)([86]75,62,7)(86)
evaluations: 45217433
first invidual area: 134.48
{7,1,80,1,2,1,8}([7]3,1,5)([8]3,5,7)([9]3,6,4)([10]8,4,4)([11]6,1,3)([12]9,2,7)([13]0,5,4)([14]13,1,5)([15]10,11,2)([16]10,11,7)([17]12,2,5)([18]4,1,4)([19]2,18,4)([20]14,12,5)([21]18,5,1)([22]20,8,5)([23]3,11,3)([24]7,8,4)([25]15,0,6)([26]20,17,5)([27]6,8,1)([28]11,18,3)([29]18,27,3)([30]22,17,4)([31]8,12,6)([32]16,30,6)([33]29,25,4)([34]30,19,4)([35]6,22,7)([36]2,4,1)([37]4,16,4)([38]29,32,2)([39]11,21,6)([40]14,20,2)([41]34,0,3)([42]13,19,6)([43]9,42,0)([44]26,6,4)([45]44,39,2)([46]38,42,6)([47]46,33,3)([48]2,25,1)([49]2,0,5)([50]6,49,3)([51]7,34,0)([52]16,41,2)([53]38,29,1)([54]7,46,5)([55]22,15,4)([56]35,23,5)([57]47,50,5)([58]20,57,6)([59]56,29,6)([60]17,14,4)([61]10,56,7)([62]24,57,4)([63]2,0,4)([64]38,43,1)([65]27,51,6)([66]12,48,6)([67]41,12,7)([68]6,21,6)([69]12,33,5)([70]8,1,7)([71]54,28,0)([72]55,59,1)([73]61,2,4)([74]46,4,0)([75]61,52,5)([76]2,46,2)([77]71,35,4)([78]62,42,4)([79]64,1,2)([80]45,5,0)([81]80,23,2)([82]17,13,5)([83]61,18,2)([84]53,74,1)([85]53,48,4)([86]75,62,7)(86)
optimized area: 123.69
time: 529382 ms
seed: 1634644330
{7,1,80,1,2,1,8}([7]5,3,3)([8]0,7,7)([9]3,0,4)([10]6,8,4)([11]10,4,6)([12]8,6,5)([13]2,1,4)([14]6,7,6)([15]11,6,3)([16]12,4,4)([17]8,1,3)([18]1,8,5)([19]3,16,4)([20]9,2,2)([21]17,7,1)([22]2,10,4)([23]5,17,2)([24]5,16,7)([25]8,23,1)([26]8,17,7)([27]24,22,3)([28]27,19,2)([29]2,28,3)([30]10,20,4)([31]24,18,4)([32]23,11,2)([33]2,21,6)([34]0,31,7)([35]10,19,2)([36]34,23,2)([37]3,19,0)([38]37,9,2)([39]13,22,0)([40]6,36,7)([41]28,35,6)([42]15,27,2)([43]42,33,7)([44]43,12,2)([45]19,30,4)([46]18,11,6)([47]43,26,6)([48]22,29,5)([49]40,43,5)([50]32,9,3)([51]20,45,7)([52]14,41,1)([53]32,31,3)([54]19,30,4)([55]1,52,4)([56]55,26,5)([57]34,9,2)([58]53,37,1)([59]55,27,4)([60]40,40,2)([61]1,9,5)([62]37,41,5)([63]46,49,3)([64]46,18,5)([65]11,63,3)([66]26,41,3)([67]59,41,7)([68]60,53,0)([69]62,59,5)([70]0,19,5)([71]37,10,3)([72]30,69,6)([73]41,58,5)([74]17,70,1)([75]49,73,4)([76]59,54,4)([77]75,71,0)([78]75,9,0)([79]52,58,6)([80]38,25,2)([81]73,58,7)([82]52,13,7)([83]76,64,3)([84]0,54,0)([85]25,36,1)([86]78,72,6)(86)
evaluations: 44564926
first invidual area: 127.89
{7,1,80,1,2,1,8}([7]5,3,3)([8]0,7,7)([9]0,0,4)([10]6,8,4)([11]10,4,6)([12]8,6,5)([13]8,12,0)([14]3,8,2)([15]11,6,3)([16]12,4,4)([17]13,1,6)([18]6,7,3)([19]3,16,4)([20]1,13,5)([21]19,14,6)([22]20,18,7)([23]10,2,4)([24]5,16,7)([25]3,0,4)([26]19,12,2)([27]24,23,3)([28]19,27,2)([29]25,2,5)([30]10,29,7)([31]20,24,4)([32]1,11,2)([33]9,2,3)([34]31,32,6)([35]13,31,7)([36]35,5,5)([37]12,16,5)([38]2,17,6)([39]2,15,1)([40]6,36,4)([41]28,26,6)([42]15,27,5)([43]42,38,4)([44]25,1,0)([45]36,6,1)([46]35,13,5)([47]37,7,5)([48]3,24,7)([49]40,43,5)([50]39,13,1)([51]50,47,7)([52]12,3,0)([53]31,23,6)([54]30,2,5)([55]1,18,7)([56]44,22,0)([57]44,51,6)([58]55,41,7)([59]55,27,7)([60]10,58,5)([61]56,46,7)([62]3,41,5)([63]21,6,4)([64]24,63,5)([65]63,5,3)([66]0,19,6)([67]28,62,4)([68]56,55,7)([69]62,59,5)([70]62,8,6)([71]16,44,2)([72]30,69,6)([73]41,34,5)([74]31,40,7)([75]49,73,4)([76]44,31,6)([77]14,64,6)([78]49,23,3)([79]46,1,5)([80]1,68,7)([81]41,31,5)([82]19,65,5)([83]6,15,2)([84]77,26,4)([85]15,48,0)([86]75,72,6)(86)
optimized area: 119.94
time: 542494 ms
seed: 1634688623
{7,1,80,1,2,1,8}([7]5,3,7)([8]4,5,7)([9]6,0,3)([10]8,3,2)([11]1,10,7)([12]4,10,6)([13]9,1,5)([14]4,9,3)([15]11,13,7)([16]5,6,4)([17]12,0,7)([18]2,17,6)([19]16,4,7)([20]4,6,4)([21]18,10,7)([22]1,21,5)([23]21,19,2)([24]2,6,3)([25]2,23,4)([26]0,17,5)([27]25,13,6)([28]27,16,5)([29]22,4,5)([30]14,22,4)([31]1,1,2)([32]11,30,4)([33]7,15,7)([34]32,24,5)([35]5,34,6)([36]1,25,4)([37]17,20,4)([38]13,29,2)([39]6,13,4)([40]34,33,7)([41]2,13,6)([42]28,40,7)([43]31,42,3)([44]22,16,4)([45]11,41,2)([46]19,34,5)([47]4,0,7)([48]21,46,5)([49]24,24,1)([50]13,14,7)([51]42,20,0)([52]37,29,5)([53]47,2,0)([54]26,20,1)([55]33,37,2)([56]31,2,7)([57]36,51,3)([58]57,46,5)([59]54,42,3)([60]44,40,4)([61]19,52,2)([62]61,25,6)([63]52,58,2)([64]63,17,5)([65]36,41,0)([66]38,61,2)([67]16,30,1)([68]8,28,3)([69]56,66,5)([70]68,51,5)([71]32,26,0)([72]5,20,2)([73]69,64,5)([74]70,73,7)([75]71,44,0)([76]46,49,6)([77]68,1,6)([78]8,22,7)([79]6,74,7)([80]33,36,1)([81]39,26,2)([82]32,68,7)([83]38,59,7)([84]13,65,2)([85]84,24,1)([86]9,5,2)(79)
evaluations: 21350177
first invidual area: 149.00
{7,1,80,1,2,1,8}([7]5,3,7)([8]4,5,7)([9]0,6,3)([10]3,8,2)([11]10,1,7)([12]4,10,6)([13]9,1,5)([14]9,4,6)([15]6,2,3)([16]6,5,4)([17]12,0,7)([18]17,2,6)([19]16,4,7)([20]6,4,4)([21]18,10,7)([22]1,21,5)([23]21,19,5)([24]13,10,1)([25]2,23,7)([26]19,17,5)([27]25,13,6)([28]16,27,5)([29]11,13,7)([30]22,14,7)([31]8,28,3)([32]30,11,4)([33]7,29,4)([34]15,32,5)([35]25,1,4)([36]22,4,5)([37]15,5,7)([38]10,27,2)([39]21,35,7)([40]33,34,4)([41]18,13,2)([42]40,28,7)([43]7,16,0)([44]15,5,1)([45]7,22,3)([46]19,34,5)([47]1,42,4)([48]0,19,4)([49]20,17,4)([50]48,1,7)([51]13,36,2)([52]49,36,5)([53]47,35,3)([54]13,25,1)([55]7,50,4)([56]23,45,2)([57]35,42,3)([58]46,57,5)([59]20,3,6)([60]6,9,6)([61]19,52,2)([62]28,17,1)([63]58,52,2)([64]63,17,5)([65]13,53,4)([66]39,61,2)([67]33,66,0)([68]40,29,3)([69]66,51,5)([70]31,42,5)([71]70,6,4)([72]60,56,1)([73]69,64,5)([74]40,70,5)([75]42,67,5)([76]69,15,5)([77]28,65,1)([78]30,43,6)([79]73,71,4)([80]29,3,2)([81]13,50,4)([82]75,80,2)([83]2,45,7)([84]50,2,3)([85]37,12,4)([86]44,27,7)(79)
optimized area: 148.53
time: 1116037 ms
seed: 1634715290
NOT FOUND
time: 528862 ms
seed: 1634766229
NOT FOUND
time: 1011786 ms
seed: 1634831472
{7,1,80,1,2,1,8}([7]2,4,4)([8]3,5,7)([9]2,6,6)([10]1,3,5)([11]4,1,7)([12]5,8,2)([13]12,7,7)([14]4,13,3)([15]9,8,4)([16]13,4,5)([17]12,13,2)([18]0,5,6)([19]18,4,3)([20]0,12,1)([21]15,10,7)([22]15,16,5)([23]17,21,3)([24]22,3,3)([25]11,10,3)([26]25,23,3)([27]20,19,2)([28]0,16,4)([29]11,13,4)([30]23,23,6)([31]3,1,4)([32]27,6,5)([33]0,32,5)([34]29,32,5)([35]27,7,4)([36]15,14,3)([37]18,6,6)([38]0,15,7)([39]18,2,1)([40]10,20,2)([41]19,10,3)([42]15,28,7)([43]40,34,3)([44]34,31,5)([45]44,35,7)([46]23,22,3)([47]41,42,7)([48]33,5,1)([49]10,43,5)([50]0,40,6)([51]30,22,6)([52]39,43,0)([53]51,31,1)([54]22,28,2)([55]12,14,4)([56]35,28,0)([57]45,50,3)([58]29,3,7)([59]19,49,1)([60]3,46,5)([61]32,14,7)([62]52,28,4)([63]2,13,4)([64]61,40,5)([65]51,57,4)([66]15,3,2)([67]38,8,7)([68]44,55,2)([69]65,28,1)([70]66,60,3)([71]9,29,6)([72]69,42,6)([73]11,68,2)([74]18,50,3)([75]68,67,6)([76]20,32,6)([77]1,41,2)([78]73,64,7)([79]23,37,4)([80]79,78,6)([81]39,59,3)([82]65,12,6)([83]74,3,4)([84]39,37,3)([85]72,80,3)([86]15,80,5)(85)
evaluations: 36585725
first invidual area: 140.08
{7,1,80,1,2,1,8}([7]4,2,4)([8]0,3,1)([9]2,6,6)([10]1,3,5)([11]1,4,7)([12]5,3,5)([13]7,12,4)([14]5,3,4)([15]14,9,7)([16]13,4,5)([17]13,7,2)([18]5,0,6)([19]11,4,1)([20]10,8,2)([21]15,10,7)([22]3,1,4)([23]21,17,6)([24]0,15,5)([25]10,11,1)([26]16,6,2)([27]4,18,2)([28]0,16,4)([29]27,11,0)([30]13,11,7)([31]28,3,1)([32]21,26,4)([33]18,7,4)([34]6,2,5)([35]15,34,0)([36]18,3,2)([37]6,18,3)([38]16,29,5)([39]20,33,3)([40]30,13,4)([41]37,10,7)([42]35,28,7)([43]35,17,7)([44]30,22,5)([45]44,33,7)([46]34,21,6)([47]10,4,3)([48]40,10,6)([49]21,7,5)([50]29,9,2)([51]23,24,6)([52]33,26,7)([53]23,52,5)([54]6,7,6)([55]2,16,4)([56]51,28,1)([57]45,36,6)([58]37,38,0)([59]9,54,0)([60]51,16,7)([61]27,39,7)([62]52,4,2)([63]45,13,1)([64]6,40,5)([65]51,57,4)([66]52,46,2)([67]43,0,7)([68]44,55,2)([69]8,32,1)([70]68,28,1)([71]22,55,5)([72]65,42,6)([73]11,68,5)([74]31,47,4)([75]73,41,4)([76]34,20,5)([77]41,68,2)([78]73,76,4)([79]58,23,4)([80]79,78,6)([81]37,56,7)([82]11,77,3)([83]78,22,7)([84]8,0,4)([85]72,80,3)([86]31,83,5)(85)
optimized area: 121.82
time: 1069293 ms
seed: 1635086052
NOT FOUND
time: 1094782 ms
seed: 1635122403
NOT FOUND
time: 526460 ms
seed: 1635171331
NOT FOUND
time: 555631 ms
seed: 1635284470
NOT FOUND
time: 1004863 ms
seed: 1635441970
NOT FOUND
time: 1005959 ms
seed: 1635549137
{7,1,80,1,2,1,8}([7]2,1,6)([8]4,0,4)([9]0,8,1)([10]0,1,4)([11]0,10,5)([12]5,9,3)([13]6,1,4)([14]12,3,2)([15]3,13,0)([16]12,6,3)([17]10,13,6)([18]5,13,2)([19]8,11,5)([20]6,11,1)([21]19,7,7)([22]4,1,5)([23]13,18,2)([24]6,15,7)([25]2,12,7)([26]23,25,3)([27]1,3,5)([28]25,8,4)([29]5,22,7)([30]8,24,4)([31]17,4,2)([32]0,30,1)([33]29,25,6)([34]25,9,7)([35]28,17,7)([36]28,9,3)([37]19,14,6)([38]24,26,7)([39]3,20,6)([40]28,15,3)([41]21,23,2)([42]31,38,6)([43]1,35,0)([44]35,41,4)([45]23,6,4)([46]24,33,3)([47]36,26,5)([48]33,16,5)([49]38,16,6)([50]35,35,7)([51]40,2,5)([52]46,13,4)([53]25,21,4)([54]30,52,6)([55]13,23,1)([56]51,32,2)([57]24,40,3)([58]25,53,3)([59]23,2,3)([60]4,37,4)([61]29,45,4)([62]11,57,1)([63]33,38,5)([64]37,61,7)([65]64,48,7)([66]37,42,6)([67]52,55,4)([68]29,58,4)([69]22,2,2)([70]14,68,2)([71]67,33,4)([72]37,54,7)([73]68,44,3)([74]72,47,2)([75]2,3,4)([76]34,52,2)([77]58,24,1)([78]72,15,0)([79]74,65,6)([80]61,35,0)([81]73,79,5)([82]26,33,4)([83]42,81,7)([84]65,0,6)([85]35,20,4)([86]22,63,3)(83)
evaluations: 13274116
first invidual area: 157.91
{7,1,80,1,2,1,8}([7]4,1,5)([8]0,4,4)([9]0,3,1)([10]1,9,7)([11]5,9,3)([12]10,7,5)([13]1,6,4)([14]11,3,2)([15]6,3,4)([16]3,13,4)([17]13,10,6)([18]15,11,1)([19]12,8,5)([20]10,2,6)([21]4,13,7)([22]3,5,6)([23]5,13,2)([24]17,4,2)([25]2,11,7)([26]23,25,3)([27]5,6,3)([28]8,25,4)([29]5,7,7)([30]20,1,7)([31]21,23,6)([32]19,25,5)([33]29,25,6)([34]4,28,3)([35]7,2,1)([36]0,34,7)([37]19,14,6)([38]26,15,4)([39]6,9,3)([40]17,28,4)([41]23,32,5)([42]24,38,6)([43]39,33,5)([44]40,41,4)([45]6,43,4)([46]25,2,0)([47]26,34,5)([48]28,5,6)([49]28,42,4)([50]33,3,5)([51]28,0,2)([52]16,20,0)([53]31,34,3)([54]21,49,3)([55]23,29,4)([56]38,26,4)([57]44,46,5)([58]34,38,0)([59]20,29,6)([60]6,0,0)([61]44,45,2)([62]45,0,6)([63]29,53,6)([64]37,55,4)([65]64,45,4)([66]1,12,6)([67]24,9,5)([68]25,55,4)([69]62,66,3)([70]1,53,5)([71]30,35,6)([72]37,54,4)([73]59,44,3)([74]72,47,2)([75]57,70,2)([76]27,18,2)([77]50,1,4)([78]60,17,0)([79]74,65,6)([80]5,70,4)([81]73,79,5)([82]64,4,4)([83]42,81,7)([84]25,73,1)([85]79,51,5)([86]6,6,7)(83)
optimized area: 140.56
time: 1223891 ms
seed: 1635603060
{7,1,80,1,2,1,8}([7]1,5,5)([8]2,5,4)([9]0,6,3)([10]5,3,4)([11]8,7,4)([12]4,4,0)([13]7,7,6)([14]8,3,3)([15]1,14,5)([16]6,15,5)([17]5,1,6)([18]0,10,4)([19]4,7,4)([20]5,0,3)([21]3,2,4)([22]13,4,6)([23]15,20,7)([24]18,12,2)([25]18,5,1)([26]2,6,7)([27]23,15,7)([28]8,22,7)([29]1,8,6)([30]24,23,4)([31]12,10,5)([32]13,0,6)([33]28,14,2)([34]16,8,1)([35]31,23,4)([36]27,16,4)([37]28,30,6)([38]19,35,2)([39]26,38,4)([40]36,14,7)([41]32,39,6)([42]19,15,7)([43]9,5,3)([44]23,30,2)([45]2,31,1)([46]3,40,7)([47]18,19,7)([48]32,29,2)([49]41,37,3)([50]46,47,5)([51]32,29,0)([52]17,37,7)([53]16,33,3)([54]20,12,6)([55]53,49,2)([56]10,50,0)([57]5,4,4)([58]9,31,3)([59]50,43,1)([60]25,56,6)([61]22,52,6)([62]53,43,5)([63]50,48,6)([64]47,24,0)([65]56,55,4)([66]48,50,1)([67]51,56,3)([68]38,48,7)([69]58,65,2)([70]32,20,7)([71]63,69,3)([72]2,50,4)([73]51,69,1)([74]35,57,5)([75]65,12,5)([76]69,3,3)([77]6,3,6)([78]58,16,5)([79]18,0,6)([80]30,59,0)([81]78,66,2)([82]57,74,5)([83]1,71,2)([84]56,57,6)([85]59,6,2)([86]3,34,0)(71)
evaluations: 24368742
first invidual area: 131.19
{7,1,80,1,2,1,8}([7]1,5,2)([8]2,5,4)([9]5,0,3)([10]5,3,4)([11]3,3,2)([12]10,4,3)([13]2,6,4)([14]11,8,3)([15]1,14,5)([16]8,14,1)([17]1,7,1)([18]0,10,4)([19]4,7,7)([20]17,5,5)([21]14,10,1)([22]10,12,0)([23]15,9,7)([24]18,4,2)([25]17,18,6)([26]22,24,5)([27]7,4,6)([28]8,27,7)([29]24,23,4)([30]15,6,5)([31]29,27,5)([32]0,7,6)([33]19,18,7)([34]9,26,6)([35]11,22,6)([36]32,11,6)([37]29,28,6)([38]31,19,5)([39]13,38,4)([40]36,14,4)([41]5,27,2)([42]39,32,6)([43]28,34,4)([44]12,38,7)([45]25,18,6)([46]30,40,4)([47]10,15,4)([48]28,17,2)([49]37,42,3)([50]33,46,5)([51]42,9,3)([52]30,43,7)([53]30,41,3)([54]0,17,4)([55]53,49,5)([56]14,13,2)([57]48,50,6)([58]26,6,3)([59]35,35,0)([60]11,47,3)([61]50,40,0)([62]28,12,6)([63]52,45,3)([64]49,31,3)([65]10,55,7)([66]58,17,2)([67]14,60,6)([68]13,32,7)([69]45,18,5)([70]65,58,2)([71]48,47,5)([72]9,41,5)([73]70,22,4)([74]20,21,1)([75]56,33,5)([76]9,62,2)([77]29,17,7)([78]71,76,1)([79]69,14,5)([80]29,31,2)([81]21,58,6)([82]14,80,7)([83]22,25,1)([84]57,46,6)([85]37,76,5)([86]70,57,3)(86)
optimized area: 115.24
time: 1168773 ms
seed: 1635650678
NOT FOUND
time: 1055397 ms
seed: 1635698492
{7,1,80,1,2,1,8}([7]4,1,3)([8]0,4,6)([9]6,0,3)([10]4,6,7)([11]1,0,4)([12]10,5,6)([13]9,10,3)([14]3,2,7)([15]9,14,7)([16]15,3,3)([17]9,16,5)([18]17,2,5)([19]15,6,3)([20]4,15,7)([21]11,3,3)([22]1,18,2)([23]6,22,4)([24]3,13,7)([25]7,1,4)([26]22,12,2)([27]24,24,4)([28]10,0,4)([29]28,22,3)([30]19,13,7)([31]16,5,2)([32]16,19,1)([33]17,5,4)([34]12,3,3)([35]5,30,7)([36]21,25,3)([37]4,11,3)([38]24,11,7)([39]20,36,4)([40]2,8,6)([41]19,23,7)([42]33,18,1)([43]3,26,5)([44]41,27,7)([45]32,43,4)([46]17,25,5)([47]29,39,2)([48]42,17,5)([49]48,43,0)([50]47,31,5)([51]48,40,2)([52]22,32,2)([53]4,12,1)([54]17,8,4)([55]22,39,6)([56]15,45,2)([57]38,29,5)([58]51,49,1)([59]12,29,5)([60]34,45,2)([61]23,21,7)([62]38,24,2)([63]50,13,2)([64]56,57,6)([65]60,61,2)([66]42,51,4)([67]58,34,4)([68]63,35,2)([69]17,5,2)([70]21,9,3)([71]28,9,0)([72]32,39,1)([73]2,49,5)([74]64,32,2)([75]68,65,4)([76]5,13,5)([77]47,9,0)([78]64,75,3)([79]63,43,4)([80]72,28,0)([81]15,53,7)([82]79,15,6)([83]11,67,5)([84]36,25,5)([85]40,73,4)([86]52,10,6)(78)
evaluations: 4187461
first invidual area: 134.93
{7,1,80,1,2,1,8}([7]6,3,0)([8]2,2,2)([9]7,0,3)([10]4,7,7)([11]0,1,4)([12]5,10,6)([13]9,10,3)([14]8,9,4)([15]3,14,4)([16]13,15,5)([17]7,15,6)([18]7,6,3)([19]16,8,5)([20]16,4,4)([21]11,3,3)([22]1,19,2)([23]3,14,6)([24]6,21,4)([25]13,13,2)([26]0,10,4)([27]12,22,2)([28]2,1,6)([29]26,22,3)([30]5,17,4)([31]6,6,5)([32]11,13,5)([33]21,28,3)([34]32,3,4)([35]3,15,7)([36]0,14,6)([37]3,27,2)([38]20,33,4)([39]24,5,0)([40]13,33,2)([41]37,9,2)([42]17,33,7)([43]5,0,0)([44]24,22,7)([45]23,37,6)([46]21,8,1)([47]37,10,5)([48]11,18,6)([49]29,38,2)([50]49,45,5)([51]50,25,2)([52]3,12,3)([53]46,13,7)([54]4,11,0)([55]27,33,4)([56]15,45,2)([57]52,46,5)([58]30,1,6)([59]49,45,1)([60]52,45,2)([61]50,19,5)([62]34,7,1)([63]18,3,4)([64]34,29,5)([65]26,58,0)([66]0,5,1)([67]60,44,5)([68]51,30,5)([69]21,7,2)([70]20,16,6)([71]51,55,1)([72]33,25,3)([73]43,8,6)([74]69,30,2)([75]18,29,2)([76]67,68,4)([77]64,56,6)([78]16,77,4)([79]47,15,6)([80]57,47,7)([81]10,45,3)([82]67,74,2)([83]68,75,7)([84]81,43,5)([85]76,77,3)([86]41,12,0)(85)
optimized area: 116.17
time: 1343385 ms
seed: 1635745823
NOT FOUND
time: 1074267 ms
seed: 1635792735
{7,1,80,1,2,1,8}([7]2,6,7)([8]1,7,4)([9]7,1,6)([10]4,0,6)([11]6,4,4)([12]10,11,3)([13]4,7,3)([14]5,1,3)([15]10,8,1)([16]10,5,2)([17]3,15,2)([18]12,5,6)([19]17,14,7)([20]4,14,4)([21]0,4,6)([22]13,1,2)([23]20,2,6)([24]17,22,5)([25]9,4,2)([26]8,25,7)([27]19,25,4)([28]23,25,7)([29]13,22,5)([30]15,10,6)([31]26,7,6)([32]1,3,7)([33]5,0,7)([34]32,23,7)([35]28,5,6)([36]9,32,5)([37]16,11,4)([38]29,37,3)([39]5,10,0)([40]10,1,4)([41]8,33,5)([42]27,0,6)([43]0,13,7)([44]0,40,2)([45]14,2,3)([46]19,22,7)([47]37,9,3)([48]42,18,4)([49]46,39,3)([50]14,19,5)([51]34,11,3)([52]47,35,7)([53]41,34,3)([54]33,28,5)([55]51,43,1)([56]27,8,0)([57]43,49,6)([58]53,22,6)([59]58,52,3)([60]47,35,5)([61]27,9,3)([62]22,11,4)([63]34,38,7)([64]57,57,3)([65]22,64,2)([66]51,63,5)([67]42,57,6)([68]44,64,3)([69]59,67,2)([70]48,69,7)([71]26,10,4)([72]28,64,1)([73]44,23,2)([74]23,24,5)([75]70,73,6)([76]3,51,7)([77]40,64,1)([78]63,38,4)([79]51,13,3)([80]53,41,0)([81]52,42,4)([82]35,58,1)([83]12,64,6)([84]27,74,5)([85]66,75,7)([86]21,29,4)(85)
evaluations: 13291647
first invidual area: 156.96
{7,1,80,1,2,1,8}([7]6,2,7)([8]4,5,0)([9]7,1,6)([10]8,0,6)([11]8,6,4)([12]5,10,3)([13]3,8,5)([14]1,5,3)([15]8,7,3)([16]5,15,7)([17]11,9,6)([18]4,14,4)([19]1,10,1)([20]0,14,2)([21]14,13,7)([22]2,2,2)([23]18,2,6)([24]1,11,6)([25]9,4,2)([26]0,8,2)([27]13,2,0)([28]23,25,6)([29]5,10,5)([30]25,21,7)([31]12,11,3)([32]3,1,7)([33]17,26,3)([34]32,23,7)([35]28,5,6)([36]1,15,5)([37]29,17,4)([38]36,37,6)([39]2,27,5)([40]9,28,0)([41]36,20,5)([42]30,0,6)([43]17,38,5)([44]36,7,0)([45]43,38,2)([46]32,44,5)([47]5,32,3)([48]42,31,4)([49]46,26,3)([50]5,5,0)([51]42,45,4)([52]37,35,7)([53]24,3,5)([54]8,40,6)([55]34,41,3)([56]10,20,4)([57]49,12,6)([58]55,9,6)([59]58,52,3)([60]31,43,4)([61]21,36,4)([62]39,26,2)([63]34,38,4)([64]16,41,0)([65]28,36,6)([66]43,63,5)([67]57,42,6)([68]16,56,3)([69]59,67,5)([70]48,69,7)([71]62,66,5)([72]22,38,1)([73]20,65,2)([74]25,1,5)([75]70,73,3)([76]13,38,7)([77]62,2,1)([78]19,70,0)([79]49,65,0)([80]6,66,6)([81]1,43,5)([82]81,44,7)([83]61,11,7)([84]19,54,4)([85]66,75,4)([86]42,3,5)(85)
optimized area: 132.09
time: 1326348 ms
seed: 1635835924
{7,1,80,1,2,1,8}([7]6,0,6)([8]7,2,7)([9]3,5,7)([10]0,7,0)([11]6,8,6)([12]4,3,4)([13]8,4,3)([14]2,3,5)([15]3,10,6)([16]5,13,7)([17]1,14,7)([18]16,14,4)([19]4,7,2)([20]11,19,6)([21]20,9,7)([22]16,1,5)([23]4,16,4)([24]23,17,4)([25]6,15,3)([26]20,12,2)([27]2,1,6)([28]6,26,3)([29]22,21,5)([30]16,29,6)([31]28,24,7)([32]23,0,7)([33]32,13,4)([34]31,2,6)([35]31,33,2)([36]14,3,7)([37]8,17,7)([38]5,9,6)([39]29,27,0)([40]37,35,2)([41]1,15,4)([42]18,31,3)([43]25,35,6)([44]18,43,6)([45]17,18,7)([46]10,42,7)([47]44,34,3)([48]20,24,6)([49]0,23,3)([50]41,38,7)([51]25,34,7)([52]29,17,7)([53]50,35,0)([54]53,47,2)([55]19,26,4)([56]51,19,2)([57]48,43,3)([58]46,41,6)([59]40,29,7)([60]54,46,5)([61]8,55,1)([62]43,40,3)([63]59,52,6)([64]29,3,5)([65]15,30,4)([66]5,25,3)([67]24,27,7)([68]59,56,3)([69]68,60,4)([70]19,33,5)([71]14,4,5)([72]26,28,2)([73]7,3,7)([74]7,47,1)([75]47,24,7)([76]25,70,3)([77]29,46,5)([78]37,6,3)([79]8,38,4)([80]40,72,2)([81]22,62,6)([82]30,46,6)([83]23,60,3)([84]2,30,0)([85]1,10,4)([86]56,2,0)(69)
evaluations: 5910123
first invidual area: 143.39
{7,1,80,1,2,1,8}([7]6,0,6)([8]2,7,7)([9]6,8,6)([10]3,5,7)([11]4,3,4)([12]0,3,3)([13]8,4,6)([14]3,2,5)([15]5,10,3)([16]13,5,4)([17]1,14,7)([18]11,0,4)([19]4,7,2)([20]19,9,6)([21]10,20,7)([22]16,1,5)([23]16,17,4)([24]4,23,4)([25]17,8,7)([26]11,20,2)([27]14,16,4)([28]26,6,3)([29]17,15,6)([30]10,18,7)([31]28,24,7)([32]26,18,7)([33]15,5,6)([34]2,31,6)([35]31,30,2)([36]31,27,6)([37]8,22,1)([38]12,15,5)([39]35,6,3)([40]35,25,5)([41]17,39,6)([42]17,31,3)([43]35,24,5)([44]27,41,6)([45]24,41,5)([46]22,21,5)([47]44,34,3)([48]46,40,4)([49]18,46,0)([50]11,34,7)([51]19,50,2)([52]36,0,4)([53]1,38,7)([54]47,53,2)([55]51,29,0)([56]30,23,6)([57]14,0,7)([58]47,6,6)([59]20,38,2)([60]54,52,5)([61]60,51,5)([62]14,47,1)([63]45,13,6)([64]39,33,2)([65]53,59,0)([66]65,11,7)([67]14,52,5)([68]48,55,6)([69]63,57,4)([70]53,27,3)([71]1,0,7)([72]60,68,7)([73]33,0,7)([74]27,18,0)([75]66,11,5)([76]33,31,5)([77]32,76,6)([78]60,67,0)([79]7,50,3)([80]70,27,1)([81]48,50,7)([82]27,40,1)([83]42,0,6)([84]42,55,5)([85]47,37,5)([86]46,72,1)(72)
optimized area: 140.10
time: 1455429 ms
