seed: 1633859774
NOT FOUND
time: 528019 ms
seed: 1633946671
NOT FOUND
time: 530578 ms
seed: 1633974372
NOT FOUND
time: 525635 ms
seed: 1633997339
{7,1,80,1,2,1,8}([7]6,4,2)([8]5,7,4)([9]5,5,6)([10]6,1,2)([11]0,1,5)([12]6,0,7)([13]12,7,7)([14]13,1,6)([15]6,2,3)([16]3,11,7)([17]5,10,4)([18]2,16,7)([19]14,2,6)([20]12,0,1)([21]17,4,4)([22]18,2,3)([23]16,6,2)([24]21,8,6)([25]5,23,4)([26]4,19,5)([27]21,3,2)([28]6,20,2)([29]19,10,4)([30]15,20,3)([31]24,14,6)([32]18,3,2)([33]21,22,2)([34]19,8,7)([35]34,31,4)([36]27,25,5)([37]31,33,3)([38]32,22,4)([39]6,9,5)([40]38,36,2)([41]32,38,1)([42]18,30,7)([43]30,26,7)([44]43,42,5)([45]35,12,1)([46]44,25,6)([47]35,1,7)([48]37,20,3)([49]4,44,4)([50]6,35,4)([51]48,47,7)([52]51,46,2)([53]4,14,3)([54]5,12,2)([55]12,0,1)([56]23,46,1)([57]29,53,5)([58]51,45,6)([59]14,35,4)([60]52,35,4)([61]41,38,2)([62]35,17,5)([63]56,25,6)([64]12,32,3)([65]14,45,7)([66]52,54,0)([67]41,50,7)([68]64,41,2)([69]40,60,7)([70]47,19,1)([71]33,70,5)([72]11,19,1)([73]67,57,3)([74]34,71,5)([75]61,23,5)([76]37,4,3)([77]39,32,1)([78]50,49,5)([79]49,74,6)([80]69,73,2)([81]2,78,0)([82]59,66,6)([83]71,29,3)([84]36,3,4)([85]8,10,7)([86]61,67,3)(80)
evaluations: 28970446
first invidual area: 155.09
{7,1,80,1,2,1,8}([7]4,6,2)([8]7,5,4)([9]0,1,5)([10]1,6,2)([11]5,5,3)([12]0,6,7)([13]12,7,7)([14]13,1,6)([15]11,9,0)([16]2,3,4)([17]5,10,4)([18]9,16,4)([19]2,14,6)([20]19,10,2)([21]17,4,4)([22]18,2,6)([23]8,19,4)([24]21,8,6)([25]2,0,3)([26]7,5,5)([27]3,21,2)([28]24,14,6)([29]26,27,1)([30]12,28,1)([31]6,2,5)([32]3,18,2)([33]5,1,7)([34]30,25,6)([35]23,28,7)([36]27,15,5)([37]16,27,3)([38]32,22,6)([39]30,5,6)([40]35,1,7)([41]18,34,7)([42]12,36,6)([43]37,30,6)([44]31,15,7)([45]44,41,6)([46]38,36,5)([47]1,15,7)([48]31,23,7)([49]19,10,4)([50]35,38,7)([51]43,40,4)([52]51,45,5)([53]4,49,5)([54]3,3,7)([55]34,7,1)([56]28,17,5)([57]22,36,2)([58]10,7,5)([59]6,29,6)([60]35,52,7)([61]60,59,6)([62]27,2,5)([63]62,25,2)([64]56,28,2)([65]49,57,5)([66]36,35,2)([67]32,56,4)([68]46,53,7)([69]46,60,4)([70]15,30,2)([71]29,27,2)([72]26,65,3)([73]67,53,3)([74]6,42,5)([75]12,62,4)([76]26,20,3)([77]66,49,2)([78]63,64,1)([79]18,22,0)([80]69,60,1)([81]47,50,1)([82]28,77,3)([83]73,69,2)([84]61,34,0)([85]6,68,1)([86]82,19,5)(83)
optimized area: 134.00
time: 598034 ms
seed: 1634046156
NOT FOUND
time: 532016 ms
seed: 1634160347
{7,1,80,1,2,1,8}([7]0,4,4)([8]6,7,5)([9]1,6,3)([10]1,6,5)([11]3,0,5)([12]7,9,4)([13]11,8,7)([14]6,2,4)([15]5,13,7)([16]3,2,7)([17]10,11,4)([18]7,5,3)([19]0,1,3)([20]2,19,2)([21]7,16,5)([22]7,0,3)([23]19,21,5)([24]23,2,5)([25]12,5,6)([26]18,3,2)([27]25,10,4)([28]9,0,5)([29]28,20,7)([30]0,27,3)([31]17,7,7)([32]27,27,1)([33]14,24,1)([34]12,32,5)([35]26,23,7)([36]15,24,4)([37]36,4,5)([38]10,7,5)([39]31,33,2)([40]15,28,2)([41]24,20,5)([42]22,14,4)([43]13,22,6)([44]6,13,1)([45]29,39,6)([46]33,8,0)([47]36,30,6)([48]17,40,0)([49]2,47,4)([50]47,39,2)([51]36,22,3)([52]29,21,1)([53]3,15,2)([54]45,32,3)([55]13,13,3)([56]38,55,7)([57]17,35,7)([58]12,55,2)([59]16,24,1)([60]34,1,0)([61]51,3,7)([62]59,47,3)([63]42,57,5)([64]50,37,0)([65]50,54,5)([66]48,63,3)([67]54,36,5)([68]32,39,3)([69]12,51,3)([70]50,61,6)([71]40,57,4)([72]62,67,7)([73]66,40,6)([74]16,56,2)([75]72,63,2)([76]25,50,4)([77]30,27,0)([78]38,55,7)([79]53,39,0)([80]73,75,4)([81]5,47,4)([82]34,60,0)([83]40,0,7)([84]23,66,7)([85]61,53,6)([86]9,70,3)(80)
evaluations: 29046388
first invidual area: 135.85
{7,1,80,1,2,1,8}([7]0,4,4)([8]6,7,5)([9]1,6,3)([10]1,6,5)([11]3,0,5)([12]9,7,4)([13]5,11,4)([14]2,6,7)([15]8,13,4)([16]3,2,7)([17]11,10,7)([18]7,5,3)([19]1,0,3)([20]2,19,5)([21]7,16,5)([22]4,7,3)([23]21,19,5)([24]23,2,5)([25]12,5,6)([26]3,18,5)([27]10,25,4)([28]0,9,5)([29]28,20,4)([30]3,18,3)([31]7,11,4)([32]11,7,3)([33]15,28,5)([34]33,19,1)([35]23,26,4)([36]15,24,4)([37]26,27,3)([38]35,26,6)([39]31,14,2)([40]23,11,6)([41]37,3,7)([42]22,14,7)([43]24,28,3)([44]26,4,4)([45]29,39,6)([46]0,27,3)([47]36,46,6)([48]17,35,4)([49]27,31,1)([50]13,1,5)([51]32,46,2)([52]16,7,1)([53]20,27,6)([54]49,45,3)([55]20,52,1)([56]15,28,2)([57]10,40,6)([58]8,56,6)([59]0,5,5)([60]8,32,2)([61]47,48,2)([62]52,47,3)([63]42,48,5)([64]29,28,0)([65]30,51,1)([66]63,35,3)([67]54,36,5)([68]63,26,0)([69]33,65,3)([70]46,3,7)([71]27,23,0)([72]62,67,7)([73]49,63,3)([74]29,15,2)([75]72,63,2)([76]66,56,6)([77]73,52,6)([78]5,10,6)([79]3,58,3)([80]76,75,3)([81]43,7,5)([82]75,81,0)([83]37,48,2)([84]45,17,5)([85]71,74,7)([86]81,54,5)(80)
optimized area: 131.16
time: 601340 ms
seed: 1634207615
{7,1,80,1,2,1,8}([7]0,6,4)([8]7,1,6)([9]1,7,2)([10]5,8,4)([11]8,0,4)([12]4,9,3)([13]3,9,7)([14]2,6,5)([15]10,13,4)([16]3,14,0)([17]14,0,7)([18]6,10,0)([19]3,6,6)([20]2,8,4)([21]1,20,4)([22]4,19,4)([23]12,8,0)([24]18,7,4)([25]10,21,6)([26]24,16,2)([27]5,17,3)([28]22,12,2)([29]26,7,3)([30]28,28,3)([31]25,16,6)([32]22,5,7)([33]11,14,5)([34]30,20,3)([35]13,32,2)([36]15,32,6)([37]35,12,2)([38]0,31,7)([39]17,23,1)([40]37,11,6)([41]36,6,2)([42]15,40,2)([43]34,27,5)([44]19,28,3)([45]7,21,2)([46]33,41,6)([47]30,17,7)([48]0,2,7)([49]3,44,1)([50]45,31,3)([51]43,46,7)([52]16,17,3)([53]44,50,7)([54]53,18,1)([55]2,3,5)([56]21,9,3)([57]42,48,6)([58]41,20,5)([59]53,8,4)([60]11,24,3)([61]6,7,3)([62]51,37,3)([63]52,48,4)([64]51,50,3)([65]31,51,6)([66]24,25,4)([67]46,20,1)([68]7,7,6)([69]55,57,7)([70]69,48,0)([71]38,64,0)([72]70,48,3)([73]41,52,7)([74]23,69,2)([75]62,38,7)([76]72,54,3)([77]76,75,4)([78]33,73,0)([79]61,60,1)([80]28,64,4)([81]44,30,4)([82]69,80,4)([83]33,28,4)([84]37,64,3)([85]54,26,1)([86]20,12,1)(77)
evaluations: 20804104
first invidual area: 142.43
{7,1,80,1,2,1,8}([7]0,6,4)([8]1,7,6)([9]1,7,2)([10]8,5,4)([11]8,0,4)([12]9,4,3)([13]9,3,7)([14]6,2,5)([15]10,13,4)([16]3,6,3)([17]7,2,7)([18]0,14,7)([19]14,9,6)([20]8,2,4)([21]20,1,4)([22]12,9,0)([23]14,11,5)([24]11,9,6)([25]21,10,6)([26]11,20,7)([27]16,4,7)([28]22,27,2)([29]3,2,5)([30]24,19,5)([31]3,25,6)([32]28,5,7)([33]10,16,6)([34]28,20,3)([35]13,32,2)([36]15,32,6)([37]12,35,2)([38]0,31,7)([39]18,5,3)([40]11,35,6)([41]36,6,2)([42]15,40,5)([43]34,39,5)([44]38,9,3)([45]34,42,5)([46]41,23,6)([47]14,43,4)([48]23,35,5)([49]37,8,2)([50]19,31,6)([51]22,23,4)([52]3,28,6)([53]4,50,7)([54]22,7,5)([55]34,54,4)([56]0,34,7)([57]46,43,7)([58]49,34,4)([59]0,2,4)([60]42,29,7)([61]2,11,2)([62]57,37,3)([63]51,29,6)([64]37,61,2)([65]28,64,5)([66]50,63,2)([67]61,58,0)([68]53,7,1)([69]49,54,2)([70]41,14,7)([71]65,54,1)([72]60,53,3)([73]49,62,0)([74]72,35,7)([75]62,38,4)([76]72,26,3)([77]26,59,0)([78]75,76,7)([79]8,69,5)([80]11,33,5)([81]38,61,6)([82]11,61,4)([83]37,70,1)([84]15,54,0)([85]80,17,7)([86]16,60,7)(78)
optimized area: 135.88
time: 626833 ms
seed: 1634256643
{7,1,80,1,2,1,8}([7]1,5,6)([8]4,3,0)([9]4,2,2)([10]1,5,5)([11]2,5,4)([12]6,10,7)([13]6,2,4)([14]8,11,3)([15]7,3,7)([16]12,0,7)([17]8,5,6)([18]12,0,5)([19]13,16,5)([20]16,18,7)([21]0,7,7)([22]1,16,4)([23]6,1,2)([24]15,14,7)([25]17,7,3)([26]16,2,1)([27]15,22,5)([28]1,14,5)([29]23,10,0)([30]11,20,3)([31]0,28,6)([32]27,30,2)([33]15,19,2)([34]25,32,0)([35]29,26,6)([36]7,31,0)([37]20,8,2)([38]4,19,0)([39]29,30,6)([40]33,34,7)([41]32,37,3)([42]34,26,3)([43]0,24,5)([44]31,26,6)([45]23,31,7)([46]43,11,4)([47]40,44,3)([48]41,43,4)([49]35,48,7)([50]25,35,6)([51]16,5,2)([52]46,2,6)([53]20,8,5)([54]47,50,3)([55]49,53,6)([56]40,52,3)([57]48,5,6)([58]57,9,1)([59]8,56,7)([60]33,56,0)([61]49,59,5)([62]54,6,7)([63]58,49,1)([64]43,57,6)([65]18,40,7)([66]21,28,2)([67]17,3,2)([68]26,44,7)([69]40,0,5)([70]61,32,2)([71]15,39,7)([72]19,12,6)([73]71,54,7)([74]42,10,6)([75]39,15,0)([76]47,9,3)([77]61,4,5)([78]11,31,3)([79]48,44,1)([80]65,6,3)([81]73,61,7)([82]0,5,0)([83]67,61,6)([84]81,1,0)([85]63,28,4)([86]36,0,6)(84)
evaluations: 27914520
first invidual area: 133.99
{7,1,80,1,2,1,8}([7]5,1,6)([8]5,4,0)([9]8,4,6)([10]1,5,5)([11]8,2,4)([12]0,10,7)([13]2,6,4)([14]11,4,3)([15]7,3,7)([16]12,6,7)([17]16,10,1)([18]16,13,5)([19]0,2,1)([20]16,19,2)([21]14,1,5)([22]13,3,3)([23]1,6,2)([24]17,5,3)([25]17,1,7)([26]15,14,7)([27]23,14,2)([28]12,21,4)([29]4,20,2)([30]11,20,3)([31]15,25,5)([32]31,30,2)([33]15,18,5)([34]21,23,6)([35]23,17,6)([36]12,8,7)([37]16,6,5)([38]23,30,3)([39]9,7,3)([40]39,33,4)([41]29,32,3)([42]22,36,4)([43]26,0,5)([44]34,17,6)([45]39,2,0)([46]11,42,0)([47]40,44,3)([48]41,43,4)([49]10,26,5)([50]17,47,2)([51]18,46,3)([52]49,2,6)([53]29,45,6)([54]47,53,6)([55]48,35,7)([56]40,52,3)([57]22,37,1)([58]16,35,1)([59]4,56,7)([60]40,21,2)([61]55,59,5)([62]37,43,0)([63]50,4,4)([64]20,24,0)([65]42,40,5)([66]28,21,1)([67]26,64,7)([68]65,40,0)([69]55,6,4)([70]67,10,4)([71]54,15,4)([72]27,49,0)([73]71,38,7)([74]31,15,6)([75]65,47,0)([76]32,62,5)([77]36,16,2)([78]62,5,4)([79]48,42,4)([80]40,7,0)([81]73,61,4)([82]38,32,2)([83]49,55,5)([84]51,3,2)([85]18,35,1)([86]5,58,2)(81)
optimized area: 127.88
time: 604462 ms
seed: 1634304714
NOT FOUND
time: 530665 ms
seed: 1634345301
{7,1,80,1,2,1,8}([7]1,3,6)([8]1,2,7)([9]6,0,7)([10]5,6,4)([11]3,7,6)([12]5,11,0)([13]0,3,5)([14]6,8,5)([15]13,9,5)([16]11,4,4)([17]5,13,6)([18]14,1,2)([19]3,8,7)([20]12,9,6)([21]4,7,3)([22]20,18,5)([23]21,14,3)([24]9,6,5)([25]14,11,7)([26]8,17,7)([27]21,2,2)([28]16,15,4)([29]22,28,7)([30]25,13,6)([31]29,20,3)([32]1,29,0)([33]12,8,7)([34]19,26,3)([35]32,23,7)([36]28,10,3)([37]25,28,1)([38]24,9,2)([39]21,38,7)([40]39,27,3)([41]11,24,1)([42]38,40,4)([43]36,27,3)([44]34,14,2)([45]31,3,3)([46]13,30,1)([47]40,34,4)([48]46,7,4)([49]0,25,5)([50]9,41,4)([51]23,45,0)([52]29,2,6)([53]43,33,5)([54]21,5,0)([55]35,31,3)([56]50,34,2)([57]56,43,5)([58]55,42,2)([59]57,29,6)([60]2,51,0)([61]49,58,4)([62]15,11,4)([63]12,11,1)([64]61,53,5)([65]33,31,0)([66]38,50,3)([67]64,59,7)([68]61,51,4)([69]18,67,4)([70]31,50,2)([71]55,63,5)([72]2,65,3)([73]30,2,7)([74]66,46,7)([75]38,46,3)([76]69,19,4)([77]67,63,3)([78]61,49,3)([79]32,22,1)([80]68,68,3)([81]51,17,3)([82]65,68,7)([83]39,45,2)([84]56,75,2)([85]27,56,5)([86]43,18,3)(76)
evaluations: 42357360
first invidual area: 144.77
{7,1,80,1,2,1,8}([7]1,3,6)([8]2,1,7)([9]0,6,7)([10]6,5,4)([11]3,7,6)([12]10,5,6)([13]0,3,5)([14]8,6,5)([15]13,9,5)([16]11,15,4)([17]9,11,7)([18]1,14,2)([19]3,8,7)([20]5,9,6)([21]4,7,3)([22]20,18,5)([23]10,14,3)([24]6,6,1)([25]14,11,7)([26]12,8,6)([27]2,21,2)([28]16,4,4)([29]22,28,7)([30]11,29,4)([31]0,10,2)([32]20,28,3)([33]5,8,7)([34]19,26,3)([35]1,23,2)([36]28,27,3)([37]20,29,6)([38]24,9,2)([39]21,38,7)([40]39,27,3)([41]1,4,7)([42]38,40,4)([43]36,10,3)([44]16,13,3)([45]9,42,3)([46]34,31,2)([47]27,31,1)([48]44,37,0)([49]0,25,5)([50]6,36,7)([51]29,35,3)([52]0,38,3)([53]43,33,5)([54]19,24,0)([55]16,37,7)([56]17,43,2)([57]56,34,5)([58]42,51,5)([59]57,29,6)([60]5,31,4)([61]49,58,7)([62]41,6,7)([63]15,25,4)([64]61,53,5)([65]35,12,1)([66]8,50,1)([67]64,59,7)([68]8,53,3)([69]18,67,7)([70]10,57,5)([71]59,46,2)([72]7,1,0)([73]10,31,6)([74]59,57,2)([75]60,27,1)([76]69,19,7)([77]75,53,2)([78]74,18,1)([79]42,58,7)([80]35,11,7)([81]52,76,4)([82]44,18,6)([83]37,18,1)([84]78,15,4)([85]82,21,0)([86]21,51,6)(76)
optimized area: 135.39
time: 545550 ms
seed: 1634394203
NOT FOUND
time: 531196 ms
seed: 1634443239
NOT FOUND
time: 538407 ms
seed: 1634503430
NOT FOUND
time: 541339 ms
seed: 1634602674
NOT FOUND
time: 530137 ms
seed: 1634651415
NOT FOUND
time: 528197 ms
seed: 1634787870
NOT FOUND
time: 867816 ms
seed: 1634853043
{7,1,80,1,2,1,8}([7]4,4,1)([8]5,3,3)([9]8,2,5)([10]4,3,5)([11]9,3,7)([12]2,5,7)([13]0,8,7)([14]6,11,7)([15]0,6,5)([16]2,10,7)([17]7,13,4)([18]14,1,7)([19]6,5,7)([20]16,19,5)([21]16,10,4)([22]13,12,7)([23]20,22,5)([24]4,22,4)([25]12,17,3)([26]8,1,6)([27]18,25,7)([28]25,6,0)([29]14,2,1)([30]14,26,1)([31]19,13,6)([32]27,14,7)([33]9,19,3)([34]7,31,6)([35]16,33,3)([36]23,34,4)([37]34,15,7)([38]22,19,2)([39]24,19,4)([40]26,11,3)([41]20,27,5)([42]38,18,3)([43]13,10,0)([44]27,37,3)([45]27,21,1)([46]1,36,2)([47]39,33,5)([48]18,36,2)([49]41,38,6)([50]49,49,3)([51]5,39,5)([52]48,40,3)([53]9,43,3)([54]44,53,6)([55]23,42,7)([56]55,44,5)([57]10,45,1)([58]34,11,2)([59]45,16,2)([60]40,28,1)([61]42,42,6)([62]27,51,3)([63]54,52,3)([64]60,40,0)([65]41,17,6)([66]3,41,4)([67]63,56,2)([68]49,24,4)([69]10,68,6)([70]33,61,7)([71]58,24,6)([72]58,29,1)([73]47,59,7)([74]46,0,7)([75]5,68,2)([76]70,61,7)([77]66,69,4)([78]73,46,2)([79]62,75,7)([80]21,11,4)([81]55,53,4)([82]0,68,2)([83]18,17,7)([84]67,78,3)([85]80,4,3)([86]49,40,1)(84)
evaluations: 9009564
first invidual area: 137.73
{7,1,80,1,2,1,8}([7]3,4,5)([8]3,5,3)([9]8,2,5)([10]8,1,6)([11]3,9,7)([12]5,2,7)([13]8,0,7)([14]6,11,4)([15]5,14,5)([16]7,2,7)([17]0,6,5)([18]14,1,4)([19]6,5,7)([20]19,16,5)([21]6,2,4)([22]12,13,7)([23]20,22,5)([24]4,22,4)([25]24,12,6)([26]19,13,6)([27]13,21,1)([28]4,7,1)([29]11,10,3)([30]24,19,3)([31]18,20,2)([32]22,19,2)([33]6,12,0)([34]28,26,6)([35]33,0,3)([36]34,23,4)([37]24,12,1)([38]9,13,3)([39]24,2,5)([40]25,28,4)([41]17,34,7)([42]32,18,6)([43]18,25,4)([44]41,43,3)([45]9,30,1)([46]1,36,2)([47]39,30,5)([48]25,19,7)([49]8,38,4)([50]42,23,4)([51]18,36,2)([52]51,29,3)([53]33,22,6)([54]44,38,6)([55]38,39,4)([56]50,44,5)([57]8,31,3)([58]6,33,7)([59]45,8,1)([60]46,21,3)([61]29,12,3)([62]41,12,0)([63]54,52,3)([64]30,21,7)([65]25,26,7)([66]13,25,4)([67]63,56,2)([68]46,57,5)([69]37,44,5)([70]38,15,3)([71]18,33,5)([72]46,12,5)([73]47,15,5)([74]46,61,1)([75]3,25,5)([76]61,36,5)([77]36,62,5)([78]50,42,4)([79]30,27,5)([80]73,46,2)([81]11,25,0)([82]80,67,3)([83]11,29,4)([84]64,79,0)([85]43,68,3)([86]29,3,0)(82)
optimized area: 125.53
time: 1297510 ms
seed: 1635107670
{7,1,80,1,2,1,8}([7]2,1,4)([8]1,0,2)([9]3,7,2)([10]2,1,2)([11]9,1,4)([12]4,6,2)([13]7,3,6)([14]12,3,4)([15]4,13,6)([16]9,5,6)([17]5,0,4)([18]15,12,6)([19]4,17,6)([20]18,7,3)([21]7,8,7)([22]1,13,1)([23]0,1,4)([24]11,10,4)([25]11,23,7)([26]6,23,7)([27]5,14,7)([28]19,15,4)([29]13,8,3)([30]14,11,0)([31]11,19,2)([32]20,26,7)([33]32,16,4)([34]2,30,6)([35]28,8,2)([36]5,22,0)([37]26,12,5)([38]26,14,5)([39]22,23,6)([40]34,38,4)([41]25,15,6)([42]38,4,6)([43]31,40,4)([44]20,21,5)([45]41,27,2)([46]40,17,3)([47]39,39,5)([48]34,32,0)([49]46,15,3)([50]29,28,2)([51]42,33,6)([52]48,21,5)([53]13,16,2)([54]7,38,4)([55]22,8,1)([56]51,44,2)([57]43,17,2)([58]9,50,4)([59]56,43,5)([60]35,27,4)([61]24,33,4)([62]11,45,1)([63]55,24,2)([64]45,47,5)([65]56,60,6)([66]43,51,3)([67]31,52,4)([68]28,38,6)([69]62,64,4)([70]48,52,2)([71]69,66,5)([72]52,24,2)([73]27,21,7)([74]44,66,1)([75]17,21,4)([76]23,15,1)([77]71,65,4)([78]58,55,6)([79]5,40,5)([80]28,3,4)([81]62,48,3)([82]4,52,3)([83]49,31,0)([84]71,35,0)([85]58,67,1)([86]23,69,6)(77)
evaluations: 28875238
first invidual area: 138.68
{7,1,80,1,2,1,8}([7]2,1,4)([8]0,1,2)([9]7,3,2)([10]5,0,4)([11]3,7,6)([12]4,6,2)([13]0,10,2)([14]3,12,4)([15]4,11,6)([16]6,8,1)([17]6,11,0)([18]15,12,6)([19]10,4,6)([20]18,7,3)([21]15,3,0)([22]8,3,1)([23]0,17,4)([24]9,5,3)([25]22,14,2)([26]23,1,7)([27]5,14,4)([28]1,0,0)([29]26,24,7)([30]0,9,7)([31]29,20,7)([32]16,13,4)([33]16,27,3)([34]15,19,4)([35]9,28,4)([36]15,30,6)([37]14,2,3)([38]26,14,5)([39]12,38,6)([40]37,38,5)([41]24,34,5)([42]34,8,5)([43]22,7,5)([44]20,43,5)([45]19,40,7)([46]22,19,0)([47]1,17,1)([48]2,35,7)([49]14,25,3)([50]46,0,3)([51]39,31,6)([52]34,27,7)([53]44,42,1)([54]27,20,2)([55]39,10,3)([56]51,44,2)([57]49,31,4)([58]22,54,1)([59]47,45,1)([60]42,27,4)([61]17,13,2)([62]34,31,6)([63]46,36,2)([64]63,60,5)([65]56,60,3)([66]45,51,3)([67]54,28,1)([68]30,52,0)([69]35,64,7)([70]30,65,4)([71]69,66,5)([72]53,13,2)([73]11,68,3)([74]13,51,2)([75]49,28,7)([76]67,70,3)([77]71,65,7)([78]27,60,4)([79]44,24,7)([80]35,16,2)([81]41,42,3)([82]11,64,1)([83]8,55,0)([84]12,4,0)([85]34,47,4)([86]70,72,7)(77)
optimized area: 124.62
time: 1086489 ms
seed: 1635129542
NOT FOUND
time: 524770 ms
seed: 1635178650
NOT FOUND
time: 548067 ms
seed: 1635305978
NOT FOUND
time: 980346 ms
seed: 1635463725
{7,1,80,1,2,1,8}([7]4,0,4)([8]0,6,4)([9]1,2,7)([10]8,1,7)([11]2,0,7)([12]5,2,7)([13]6,11,6)([14]13,8,3)([15]1,12,4)([16]14,9,4)([17]5,16,5)([18]0,3,4)([19]10,18,5)([20]8,4,2)([21]7,6,2)([22]2,21,3)([23]19,12,7)([24]16,22,7)([25]22,15,5)([26]3,5,7)([27]17,1,4)([28]23,26,3)([29]20,24,2)([30]25,20,7)([31]30,29,3)([32]31,20,0)([33]9,18,2)([34]3,13,7)([35]34,17,4)([36]15,20,4)([37]23,4,4)([38]37,21,7)([39]34,33,5)([40]18,21,0)([41]33,35,6)([42]25,41,1)([43]6,41,5)([44]4,36,2)([45]37,15,3)([46]19,37,0)([47]39,18,1)([48]7,38,2)([49]34,30,5)([50]48,41,3)([51]30,5,3)([52]32,50,5)([53]16,29,0)([54]41,31,2)([55]39,52,7)([56]45,52,4)([57]41,2,6)([58]26,37,7)([59]9,8,1)([60]56,1,7)([61]34,33,7)([62]21,59,7)([63]62,36,4)([64]23,57,0)([65]17,58,5)([66]55,19,0)([67]29,34,2)([68]28,55,4)([69]48,51,5)([70]60,65,6)([71]6,4,5)([72]22,32,6)([73]59,63,6)([74]30,28,2)([75]45,41,0)([76]46,50,1)([77]58,74,0)([78]68,70,6)([79]6,50,4)([80]70,30,1)([81]37,52,4)([82]39,11,2)([83]65,52,7)([84]30,64,0)([85]82,68,6)([86]78,9,6)(78)
evaluations: 42074900
first invidual area: 149.50
{7,1,80,1,2,1,8}([7]4,0,4)([8]0,6,4)([9]2,1,7)([10]8,1,7)([11]9,10,7)([12]5,2,7)([13]6,11,6)([14]13,8,6)([15]12,1,4)([16]9,14,7)([17]16,5,5)([18]0,3,4)([19]10,18,5)([20]8,4,2)([21]7,6,2)([22]2,21,3)([23]19,12,7)([24]10,3,4)([25]22,15,5)([26]3,5,7)([27]25,1,2)([28]23,26,6)([29]20,16,2)([30]25,20,7)([31]30,29,3)([32]11,27,2)([33]18,9,2)([34]13,3,7)([35]34,17,4)([36]26,4,7)([37]4,23,4)([38]31,14,7)([39]34,33,5)([40]11,12,2)([41]35,33,6)([42]22,35,1)([43]20,25,1)([44]1,10,4)([45]37,15,3)([46]27,35,5)([47]6,37,7)([48]7,47,2)([49]30,44,7)([50]48,41,3)([51]4,45,0)([52]31,50,5)([53]17,8,1)([54]13,11,1)([55]39,52,5)([56]45,52,5)([57]45,34,7)([58]26,37,7)([59]4,7,6)([60]56,1,7)([61]56,4,5)([62]2,32,2)([63]46,50,6)([64]61,51,6)([65]17,58,5)([66]38,28,5)([67]14,53,7)([68]28,55,4)([69]45,10,7)([70]60,65,6)([71]29,32,2)([72]68,43,0)([73]54,26,3)([74]53,13,3)([75]14,68,7)([76]17,32,5)([77]34,39,0)([78]72,70,6)([79]72,2,6)([80]35,60,4)([81]17,70,2)([82]16,81,2)([83]13,59,6)([84]65,81,3)([85]42,43,5)([86]24,82,2)(78)
optimized area: 139.17
time: 1039887 ms
seed: 1635610025
{7,1,80,1,2,1,8}([7]4,5,4)([8]4,6,5)([9]0,1,3)([10]0,9,4)([11]9,8,7)([12]2,1,4)([13]9,12,2)([14]3,2,3)([15]13,11,3)([16]5,4,7)([17]3,2,4)([18]16,15,2)([19]3,10,3)([20]6,13,4)([21]10,20,1)([22]16,10,6)([23]18,12,4)([24]18,11,4)([25]14,13,2)([26]3,0,4)([27]18,0,4)([28]27,25,4)([29]23,14,6)([30]19,5,4)([31]9,7,3)([32]9,31,7)([33]25,0,6)([34]24,28,3)([35]17,29,7)([36]22,35,7)([37]6,13,5)([38]6,25,0)([39]6,30,3)([40]28,26,7)([41]37,35,7)([42]30,9,4)([43]15,17,5)([44]4,29,3)([45]35,17,0)([46]5,36,6)([47]46,42,4)([48]44,31,5)([49]1,32,0)([50]39,43,7)([51]27,20,6)([52]43,28,6)([53]8,39,6)([54]16,15,5)([55]51,8,2)([56]41,50,5)([57]2,7,3)([58]9,26,0)([59]38,56,7)([60]9,47,6)([61]48,59,2)([62]55,43,2)([63]47,55,3)([64]50,61,4)([65]61,19,1)([66]46,39,7)([67]29,2,0)([68]2,4,2)([69]62,24,6)([70]21,11,3)([71]36,56,4)([72]63,34,5)([73]58,30,2)([74]47,32,1)([75]45,63,2)([76]64,72,4)([77]37,39,6)([78]32,9,5)([79]24,30,0)([80]60,38,4)([81]53,49,3)([82]74,37,3)([83]15,71,2)([84]31,72,6)([85]41,83,5)([86]40,46,2)(76)
evaluations: 27181606
first invidual area: 151.83
{7,1,80,1,2,1,8}([7]1,2,4)([8]6,4,5)([9]0,1,3)([10]0,9,4)([11]8,9,7)([12]2,1,5)([13]9,7,2)([14]3,2,3)([15]11,13,3)([16]4,5,7)([17]2,3,4)([18]16,15,2)([19]3,10,6)([20]18,7,4)([21]8,12,6)([22]16,10,6)([23]22,9,3)([24]14,13,5)([25]18,11,4)([26]6,15,0)([27]0,18,4)([28]18,2,1)([29]20,14,6)([30]5,19,7)([31]27,2,6)([32]10,8,1)([33]27,24,7)([34]13,26,3)([35]29,17,6)([36]22,35,4)([37]6,13,5)([38]24,17,3)([39]6,30,3)([40]5,36,3)([41]37,35,2)([42]19,9,7)([43]17,15,5)([44]29,4,3)([45]8,22,1)([46]24,29,5)([47]40,42,4)([48]23,44,5)([49]37,7,2)([50]39,43,7)([51]27,49,6)([52]25,33,3)([53]7,16,5)([54]41,39,5)([55]51,8,2)([56]8,3,4)([57]34,7,4)([58]57,57,0)([59]26,54,7)([60]18,49,1)([61]48,59,5)([62]9,23,3)([63]55,47,3)([64]50,61,4)([65]29,14,6)([66]49,21,5)([67]21,52,4)([68]1,63,0)([69]23,59,6)([70]32,1,5)([71]63,52,5)([72]22,13,6)([73]55,21,1)([74]54,1,5)([75]61,49,6)([76]64,71,7)([77]37,18,1)([78]64,15,5)([79]37,0,7)([80]43,17,0)([81]25,47,1)([82]15,39,5)([83]32,36,3)([84]34,20,1)([85]21,48,7)([86]52,55,1)(76)
optimized area: 139.15
time: 1240972 ms
seed: 1635657655
{7,1,80,1,2,1,8}([7]3,2,7)([8]6,5,4)([9]8,2,5)([10]8,7,7)([11]3,5,3)([12]0,9,4)([13]0,11,5)([14]3,9,1)([15]12,5,5)([16]13,1,7)([17]12,3,4)([18]7,5,5)([19]5,1,3)([20]18,12,3)([21]4,17,4)([22]18,19,4)([23]10,6,5)([24]15,22,7)([25]15,16,4)([26]10,4,5)([27]15,5,4)([28]8,16,2)([29]21,9,1)([30]2,18,4)([31]13,28,3)([32]22,11,7)([33]23,27,5)([34]26,30,1)([35]1,24,3)([36]11,30,2)([37]33,25,2)([38]31,6,7)([39]5,18,2)([40]21,15,2)([41]14,38,3)([42]24,29,7)([43]35,34,7)([44]14,25,6)([45]37,32,4)([46]25,45,5)([47]12,17,2)([48]38,27,4)([49]42,7,5)([50]41,39,6)([51]34,50,4)([52]30,28,7)([53]15,18,0)([54]9,49,5)([55]54,51,4)([56]0,54,1)([57]21,31,1)([58]33,51,3)([59]42,47,3)([60]55,45,2)([61]40,35,1)([62]52,56,7)([63]20,23,7)([64]16,12,3)([65]43,52,6)([66]63,32,7)([67]48,15,7)([68]21,15,0)([69]25,25,1)([70]30,58,2)([71]22,70,4)([72]62,48,2)([73]2,12,1)([74]65,59,6)([75]4,62,2)([76]47,68,0)([77]20,33,2)([78]34,20,5)([79]68,11,3)([80]50,23,6)([81]74,60,6)([82]56,57,1)([83]51,16,2)([84]22,42,5)([85]14,83,2)([86]77,25,4)(81)
evaluations: 45471628
first invidual area: 149.93
{7,1,80,1,2,1,8}([7]3,2,7)([8]5,6,4)([9]2,8,5)([10]8,7,7)([11]3,5,3)([12]0,9,4)([13]11,0,5)([14]3,12,1)([15]12,5,5)([16]1,13,7)([17]12,14,7)([18]7,5,5)([19]5,1,3)([20]3,1,6)([21]4,17,4)([22]18,19,5)([23]10,6,5)([24]15,22,7)([25]15,16,4)([26]10,4,5)([27]15,5,5)([28]8,16,2)([29]16,1,6)([30]2,18,4)([31]13,28,3)([32]22,11,4)([33]23,27,5)([34]26,25,1)([35]1,24,3)([36]18,27,2)([37]33,25,2)([38]6,31,7)([39]2,18,5)([40]34,22,6)([41]14,38,3)([42]24,21,4)([43]35,34,7)([44]39,8,6)([45]37,32,7)([46]37,32,3)([47]12,14,2)([48]6,14,4)([49]42,7,5)([50]41,40,3)([51]26,50,7)([52]15,18,4)([53]19,19,4)([54]9,49,5)([55]54,51,7)([56]25,37,2)([57]1,55,5)([58]13,23,3)([59]42,47,3)([60]55,45,2)([61]3,50,0)([62]60,5,3)([63]30,28,7)([64]5,27,7)([65]43,63,6)([66]28,40,3)([67]50,3,6)([68]38,21,4)([69]62,63,6)([70]50,7,2)([71]32,53,4)([72]69,18,6)([73]6,44,6)([74]65,59,6)([75]41,58,0)([76]4,68,3)([77]0,67,0)([78]18,30,3)([79]64,30,0)([80]7,56,7)([81]74,60,6)([82]13,80,2)([83]32,38,4)([84]16,64,1)([85]21,83,4)([86]20,0,0)(81)
optimized area: 142.89
time: 1094504 ms
seed: 1635705476
{7,1,80,1,2,1,8}([7]2,4,7)([8]0,5,1)([9]1,5,5)([10]5,6,4)([11]7,6,7)([12]9,7,2)([13]8,11,5)([14]12,5,4)([15]1,10,3)([16]2,15,7)([17]1,13,7)([18]17,4,7)([19]5,11,0)([20]3,0,4)([21]9,2,3)([22]7,20,3)([23]0,17,6)([24]12,12,1)([25]21,23,7)([26]2,10,6)([27]24,18,5)([28]18,8,4)([29]26,27,7)([30]20,16,4)([31]18,12,3)([32]9,1,5)([33]8,14,6)([34]31,33,6)([35]6,22,6)([36]12,14,5)([37]24,11,7)([38]14,20,3)([39]35,30,7)([40]20,36,6)([41]8,11,3)([42]38,23,4)([43]25,6,4)([44]36,36,2)([45]39,29,3)([46]26,40,4)([47]29,10,2)([48]45,23,6)([49]3,4,1)([50]34,41,7)([51]42,29,7)([52]49,16,6)([53]32,52,7)([54]5,43,2)([55]13,46,3)([56]43,41,1)([57]32,49,7)([58]50,51,2)([59]54,55,7)([60]1,38,7)([61]44,0,0)([62]7,54,2)([63]60,44,5)([64]63,33,1)([65]9,49,3)([66]38,0,3)([67]18,0,2)([68]51,21,2)([69]1,2,6)([70]26,47,0)([71]17,33,5)([72]44,47,1)([73]57,58,6)([74]5,29,0)([75]69,9,4)([76]53,35,3)([77]59,14,1)([78]67,60,6)([79]6,47,6)([80]26,65,1)([81]54,72,4)([82]29,41,1)([83]3,3,5)([84]73,48,6)([85]59,84,4)([86]77,39,5)(85)
evaluations: 31482206
first invidual area: 154.15
{7,1,80,1,2,1,8}([7]4,2,7)([8]0,7,1)([9]1,5,5)([10]5,6,4)([11]6,7,7)([12]9,7,2)([13]11,8,5)([14]5,12,4)([15]1,10,6)([16]15,2,7)([17]13,1,7)([18]4,17,7)([19]0,14,5)([20]3,8,7)([21]9,2,3)([22]20,7,3)([23]0,17,6)([24]12,4,1)([25]23,21,7)([26]2,10,6)([27]18,24,5)([28]14,23,6)([29]26,27,7)([30]20,16,7)([31]28,12,3)([32]9,1,5)([33]6,19,2)([34]31,18,3)([35]6,22,6)([36]12,10,5)([37]20,14,6)([38]22,35,6)([39]35,30,7)([40]3,36,6)([41]25,0,6)([42]37,23,7)([43]25,10,7)([44]21,19,6)([45]39,29,3)([46]26,40,3)([47]8,9,7)([48]45,23,6)([49]11,8,3)([50]34,49,4)([51]42,29,7)([52]3,32,4)([53]9,46,7)([54]5,43,5)([55]13,46,3)([56]30,15,3)([57]23,5,4)([58]50,51,2)([59]54,55,7)([60]39,51,7)([61]36,37,6)([62]24,11,0)([63]49,34,6)([64]43,38,3)([65]51,59,7)([66]4,39,0)([67]66,43,0)([68]22,59,4)([69]11,42,4)([70]31,1,5)([71]29,60,7)([72]18,47,6)([73]52,58,6)([74]53,0,5)([75]51,59,6)([76]12,43,3)([77]21,42,2)([78]18,70,1)([79]39,59,4)([80]26,0,1)([81]7,58,4)([82]60,8,1)([83]65,59,3)([84]73,48,6)([85]59,84,7)([86]38,52,5)(85)
optimized area: 149.93
time: 1223872 ms
seed: 1635752716
{7,1,80,1,2,1,8}([7]1,0,4)([8]5,3,3)([9]0,2,2)([10]5,0,7)([11]7,8,0)([12]5,3,2)([13]2,10,7)([14]4,13,2)([15]9,11,7)([16]2,8,7)([17]4,8,7)([18]13,11,6)([19]6,13,0)([20]19,12,7)([21]16,11,5)([22]20,14,6)([23]18,6,6)([24]20,8,5)([25]18,11,1)([26]21,17,4)([27]17,15,7)([28]6,0,6)([29]4,23,7)([30]12,28,6)([31]4,30,4)([32]10,26,6)([33]29,17,5)([34]26,33,5)([35]15,30,5)([36]34,24,7)([37]35,11,3)([38]31,5,6)([39]7,12,4)([40]37,31,2)([41]23,10,3)([42]0,22,2)([43]2,23,3)([44]37,27,5)([45]9,17,4)([46]25,6,3)([47]5,6,7)([48]5,43,4)([49]1,23,4)([50]32,46,2)([51]42,40,6)([52]50,20,2)([53]40,8,0)([54]1,19,3)([55]51,52,6)([56]19,35,7)([57]6,26,1)([58]44,14,5)([59]10,30,1)([60]25,17,6)([61]23,51,6)([62]29,44,1)([63]48,41,0)([64]61,63,3)([65]55,38,6)([66]60,59,0)([67]4,47,4)([68]9,6,5)([69]37,54,4)([70]45,64,3)([71]59,22,7)([72]44,1,7)([73]55,44,2)([74]48,43,5)([75]33,15,5)([76]5,60,4)([77]66,70,0)([78]76,39,1)([79]51,48,1)([80]70,73,4)([81]36,80,7)([82]46,4,2)([83]56,24,2)([84]10,19,3)([85]52,71,2)([86]43,51,3)(81)
evaluations: 16712389
first invidual area: 141.48
{7,1,80,1,2,1,8}([7]0,1,4)([8]5,3,3)([9]0,2,2)([10]5,0,7)([11]5,3,2)([12]0,6,6)([13]10,2,7)([14]13,4,2)([15]9,7,7)([16]8,6,4)([17]4,8,7)([18]11,1,5)([19]2,8,7)([20]6,11,7)([21]4,0,6)([22]20,14,6)([23]16,17,5)([24]19,7,5)([25]22,0,2)([26]17,24,4)([27]17,15,7)([28]20,8,5)([29]15,10,2)([30]12,11,6)([31]30,4,4)([32]26,10,6)([33]15,23,1)([34]26,23,5)([35]30,15,5)([36]34,28,4)([37]35,9,3)([38]29,6,6)([39]23,0,1)([40]24,13,1)([41]3,27,2)([42]34,15,2)([43]2,38,6)([44]27,37,5)([45]28,31,3)([46]31,37,2)([47]14,3,4)([48]5,43,7)([49]7,4,6)([50]36,32,2)([51]25,46,6)([52]12,1,1)([53]24,19,5)([54]0,3,7)([55]51,50,6)([56]9,17,4)([57]16,17,1)([58]16,51,6)([59]21,13,0)([60]58,48,3)([61]6,52,7)([62]53,22,1)([63]52,50,7)([64]20,14,7)([65]62,30,5)([66]39,35,2)([67]29,19,7)([68]52,7,3)([69]36,30,7)([70]56,60,3)([71]14,8,4)([72]49,45,6)([73]44,55,5)([74]12,70,6)([75]20,53,3)([76]72,53,5)([77]72,5,3)([78]36,2,0)([79]19,26,2)([80]70,73,4)([81]78,80,7)([82]77,77,3)([83]22,10,1)([84]14,1,6)([85]11,14,0)([86]19,18,7)(81)
optimized area: 134.93
time: 1301433 ms
seed: 1635799711
NOT FOUND
time: 1066892 ms
seed: 1635842918
NOT FOUND
time: 1075641 ms
seed: 1635884963
NOT FOUND
time: 1073543 ms
seed: 1635921062
NOT FOUND
time: 1075902 ms
seed: 1635957281
{7,1,80,1,2,1,8}([7]6,1,5)([8]7,2,2)([9]3,8,4)([10]0,4,5)([11]10,9,6)([12]5,3,4)([13]8,9,7)([14]3,5,5)([15]0,11,7)([16]15,6,4)([17]7,14,2)([18]14,17,7)([19]15,6,7)([20]1,18,4)([21]5,2,4)([22]20,21,4)([23]5,4,6)([24]7,5,2)([25]4,8,3)([26]8,25,5)([27]19,17,1)([28]13,12,2)([29]0,27,2)([30]17,10,4)([31]24,15,3)([32]21,5,5)([33]28,32,1)([34]25,13,0)([35]16,32,5)([36]21,30,3)([37]22,27,4)([38]9,4,1)([39]15,23,4)([40]6,33,6)([41]36,11,4)([42]1,19,3)([43]39,35,6)([44]41,8,6)([45]4,41,4)([46]39,26,3)([47]14,10,7)([48]40,45,3)([49]47,37,5)([50]4,25,2)([51]38,10,1)([52]9,32,7)([53]43,12,4)([54]36,42,4)([55]25,7,1)([56]51,8,7)([57]49,48,7)([58]1,33,6)([59]53,51,6)([60]59,36,4)([61]20,26,2)([62]15,42,3)([63]57,54,7)([64]57,60,2)([65]35,63,6)([66]7,18,0)([67]25,16,0)([68]0,39,5)([69]9,59,7)([70]35,8,5)([71]4,70,4)([72]65,18,2)([73]54,64,6)([74]49,67,7)([75]46,26,3)([76]16,29,3)([77]76,34,4)([78]68,3,0)([79]42,1,4)([80]2,45,5)([81]73,69,7)([82]63,36,5)([83]22,41,7)([84]29,46,4)([85]7,53,3)([86]12,37,7)(81)
evaluations: 22573544
first invidual area: 150.42
{7,1,80,1,2,1,8}([7]1,6,5)([8]2,7,5)([9]3,8,7)([10]0,4,5)([11]9,10,6)([12]8,11,5)([13]10,6,5)([14]3,5,5)([15]6,0,7)([16]3,5,3)([17]5,4,6)([18]14,16,5)([19]7,14,5)([20]15,11,7)([21]2,5,4)([22]19,10,7)([23]1,13,5)([24]10,14,7)([25]22,14,1)([26]14,5,5)([27]18,6,0)([28]17,13,4)([29]4,26,2)([30]28,8,7)([31]23,21,5)([32]26,10,0)([33]26,5,7)([34]15,32,5)([35]14,6,3)([36]22,21,3)([37]31,20,7)([38]16,37,2)([39]3,34,6)([40]32,6,6)([41]36,11,4)([42]1,20,6)([43]28,34,6)([44]43,25,2)([45]41,4,4)([46]42,36,7)([47]11,31,5)([48]40,45,3)([49]24,37,5)([50]2,28,0)([51]15,14,2)([52]41,42,4)([53]33,27,6)([54]21,20,6)([55]43,18,7)([56]3,52,2)([57]49,48,7)([58]44,8,4)([59]55,9,6)([60]59,42,7)([61]48,16,6)([62]23,15,0)([63]31,35,7)([64]60,57,2)([65]2,1,1)([66]1,23,3)([67]11,58,2)([68]11,21,3)([69]17,25,5)([70]11,66,4)([71]26,46,0)([72]33,33,6)([73]46,64,3)([74]52,7,6)([75]4,52,2)([76]50,8,5)([77]68,58,0)([78]39,33,2)([79]59,9,6)([80]53,31,3)([81]73,79,4)([82]32,60,5)([83]71,78,0)([84]60,6,2)([85]39,57,7)([86]22,56,6)(81)
optimized area: 120.87
time: 1246039 ms
seed: 1635993140
{7,1,80,1,2,1,8}([7]0,1,2)([8]0,5,6)([9]4,7,6)([10]3,6,2)([11]2,3,6)([12]3,1,4)([13]0,11,7)([14]10,9,5)([15]11,8,7)([16]2,7,4)([17]13,14,2)([18]11,12,7)([19]9,15,2)([20]4,18,5)([21]7,8,6)([22]3,16,3)([23]22,0,4)([24]17,22,6)([25]16,5,6)([26]19,14,0)([27]6,5,4)([28]14,4,0)([29]2,14,4)([30]13,16,0)([31]29,4,4)([32]2,31,1)([33]19,6,7)([34]22,4,5)([35]1,17,4)([36]23,12,6)([37]24,10,2)([38]24,27,6)([39]27,9,6)([40]26,34,4)([41]15,16,1)([42]40,4,1)([43]1,39,1)([44]40,35,2)([45]38,21,4)([46]13,44,5)([47]15,20,4)([48]35,42,2)([49]4,22,2)([50]25,42,5)([51]47,33,5)([52]51,41,3)([53]18,5,4)([54]4,15,1)([55]47,25,4)([56]54,36,1)([57]48,0,5)([58]39,3,4)([59]31,52,2)([60]34,32,2)([61]17,11,3)([62]45,53,3)([63]38,62,0)([64]50,46,7)([65]3,39,3)([66]57,62,0)([67]52,13,4)([68]41,62,0)([69]60,48,6)([70]58,64,5)([71]12,63,6)([72]23,4,1)([73]60,33,0)([74]62,70,2)([75]61,5,0)([76]69,74,7)([77]61,42,5)([78]59,39,2)([79]7,18,6)([80]78,36,2)([81]78,43,5)([82]76,80,4)([83]69,22,5)([84]26,82,4)([85]32,4,0)([86]35,31,1)(82)
evaluations: 23174188
first invidual area: 162.56
{7,1,80,1,2,1,8}([7]1,0,2)([8]3,3,3)([9]7,4,6)([10]1,6,0)([11]2,8,6)([12]6,9,2)([13]0,11,7)([14]13,13,3)([15]0,5,6)([16]7,2,4)([17]2,8,1)([18]3,12,5)([19]4,17,5)([20]15,8,3)([21]7,15,6)([22]16,3,3)([23]13,18,5)([24]22,14,6)([25]4,21,4)([26]20,23,1)([27]6,5,4)([28]16,5,6)([29]27,24,6)([30]10,5,7)([31]29,21,4)([32]31,24,0)([33]17,8,2)([34]22,4,5)([35]23,10,7)([36]20,29,0)([37]22,21,5)([38]17,6,3)([39]27,9,3)([40]37,34,2)([41]3,17,6)([42]40,2,1)([43]42,35,0)([44]40,35,2)([45]34,1,2)([46]12,13,6)([47]6,11,5)([48]43,35,2)([49]5,20,4)([50]28,43,5)([51]44,14,5)([52]26,40,0)([53]30,41,7)([54]0,25,6)([55]50,51,2)([56]37,7,5)([57]0,38,3)([58]39,3,7)([59]19,46,2)([60]34,17,2)([61]23,51,2)([62]31,53,3)([63]38,11,4)([64]5,31,5)([65]45,22,2)([66]39,30,6)([67]23,29,7)([68]39,53,3)([69]60,48,6)([70]58,55,5)([71]29,52,7)([72]68,10,1)([73]56,13,6)([74]62,70,5)([75]57,69,1)([76]69,74,4)([77]20,53,2)([78]59,29,2)([79]73,69,6)([80]78,38,2)([81]76,80,3)([82]17,73,4)([83]55,67,2)([84]22,62,7)([85]30,38,3)([86]3,2,0)(81)
optimized area: 120.34
time: 1245517 ms
