seed: 1633853001
{7,1,80,1,2,1,8}([7]2,1,5)([8]4,7,7)([9]7,6,3)([10]1,6,7)([11]5,6,6)([12]10,4,3)([13]8,6,7)([14]3,5,2)([15]0,11,4)([16]3,12,2)([17]9,15,4)([18]1,17,4)([19]13,4,6)([20]17,7,2)([21]14,5,4)([22]6,9,1)([23]6,1,5)([24]13,20,3)([25]18,2,5)([26]19,11,3)([27]24,16,5)([28]26,27,7)([29]0,16,7)([30]1,2,7)([31]23,13,2)([32]29,13,7)([33]17,21,7)([34]28,5,4)([35]13,25,5)([36]32,33,6)([37]36,16,7)([38]31,4,4)([39]11,8,1)([40]17,12,6)([41]31,34,3)([42]33,10,3)([43]24,41,4)([44]40,37,7)([45]22,7,7)([46]39,10,4)([47]39,15,7)([48]20,14,2)([49]45,24,2)([50]43,25,7)([51]15,5,6)([52]11,3,7)([53]24,20,1)([54]34,48,7)([55]42,20,3)([56]20,44,3)([57]46,3,4)([58]44,50,6)([59]57,42,5)([60]45,10,5)([61]22,19,0)([62]2,61,4)([63]5,52,3)([64]11,10,5)([65]59,58,5)([66]54,65,4)([67]55,35,4)([68]39,20,1)([69]30,14,3)([70]64,54,3)([71]9,56,7)([72]41,29,6)([73]46,23,1)([74]65,58,3)([75]1,6,6)([76]17,10,0)([77]41,64,1)([78]69,66,7)([79]48,0,3)([80]34,61,0)([81]27,50,0)([82]72,23,1)([83]46,11,4)([84]38,45,1)([85]6,0,2)([86]2,33,0)(78)
evaluations: 31639738
first invidual area: 155.58
{7,1,80,1,2,1,8}([7]1,2,5)([8]6,4,4)([9]7,6,3)([10]6,1,7)([11]6,5,6)([12]4,10,3)([13]8,7,4)([14]3,5,2)([15]0,11,7)([16]12,3,2)([17]9,15,7)([18]7,17,7)([19]13,4,6)([20]7,18,2)([21]14,17,4)([22]10,4,1)([23]16,0,7)([24]13,20,3)([25]18,2,5)([26]19,11,6)([27]16,24,5)([28]27,26,4)([29]13,23,7)([30]12,25,6)([31]13,22,2)([32]30,29,1)([33]5,21,7)([34]28,5,4)([35]29,33,6)([36]11,3,7)([37]34,1,0)([38]1,1,0)([39]16,35,4)([40]17,12,3)([41]31,37,3)([42]33,10,3)([43]24,41,4)([44]40,39,7)([45]29,24,1)([46]36,10,5)([47]35,29,2)([48]45,9,7)([49]16,13,2)([50]2,33,0)([51]27,43,4)([52]32,16,7)([53]20,14,5)([54]34,53,4)([55]1,2,7)([56]43,25,7)([57]7,2,6)([58]44,56,6)([59]46,42,5)([60]5,44,6)([61]28,27,5)([62]6,40,5)([63]48,54,6)([64]14,12,0)([65]59,58,5)([66]54,65,7)([67]56,57,6)([68]58,56,6)([69]55,14,6)([70]62,46,0)([71]23,19,3)([72]70,63,7)([73]15,3,7)([74]56,50,0)([75]48,59,3)([76]21,17,4)([77]45,54,5)([78]69,66,7)([79]20,29,0)([80]59,55,3)([81]74,3,5)([82]68,26,2)([83]42,55,7)([84]28,10,5)([85]53,75,6)([86]30,64,6)(78)
optimized area: 150.42
time: 607818 ms
seed: 1633939827
NOT FOUND
time: 521363 ms
seed: 1633967614
{7,1,80,1,2,1,8}([7]2,3,7)([8]0,2,4)([9]1,6,6)([10]4,3,3)([11]4,5,7)([12]5,0,7)([13]1,2,1)([14]1,12,2)([15]5,9,6)([16]7,11,7)([17]5,6,7)([18]3,12,5)([19]6,14,5)([20]3,15,6)([21]8,11,3)([22]1,18,4)([23]9,18,1)([24]17,13,5)([25]9,7,7)([26]10,12,7)([27]20,21,6)([28]13,17,3)([29]19,15,4)([30]12,17,3)([31]19,1,7)([32]4,21,5)([33]10,17,4)([34]27,7,3)([35]28,21,4)([36]15,16,2)([37]5,25,4)([38]31,27,7)([39]22,35,6)([40]9,33,5)([41]30,8,6)([42]37,40,0)([43]36,16,2)([44]31,28,0)([45]42,39,5)([46]0,38,7)([47]29,28,6)([48]0,10,3)([49]25,26,7)([50]49,40,7)([51]43,14,2)([52]29,30,1)([53]41,51,7)([54]47,53,6)([55]45,46,0)([56]46,54,6)([57]45,32,6)([58]53,55,6)([59]12,5,5)([60]56,58,7)([61]11,57,1)([62]43,1,3)([63]31,12,0)([64]39,52,0)([65]22,43,0)([66]57,60,4)([67]59,0,5)([68]0,37,6)([69]11,22,0)([70]29,57,6)([71]63,35,6)([72]15,49,3)([73]9,69,0)([74]39,2,0)([75]52,38,5)([76]46,2,5)([77]18,56,1)([78]66,50,4)([79]3,29,3)([80]3,20,7)([81]1,53,5)([82]7,44,2)([83]8,38,3)([84]55,63,6)([85]31,20,0)([86]44,68,6)(78)
evaluations: 10559802
first invidual area: 158.39
{7,1,80,1,2,1,8}([7]3,2,7)([8]0,2,4)([9]6,1,6)([10]3,4,6)([11]5,4,7)([12]0,5,7)([13]6,3,6)([14]3,12,5)([15]5,9,6)([16]11,7,7)([17]15,6,4)([18]3,15,6)([19]12,12,0)([20]19,6,5)([21]8,11,3)([22]1,14,7)([23]13,11,3)([24]18,21,3)([25]9,10,6)([26]3,19,5)([27]9,15,3)([28]3,17,6)([29]1,15,2)([30]17,19,3)([31]1,20,5)([32]30,4,5)([33]0,27,4)([34]4,7,0)([35]28,21,4)([36]16,19,1)([37]25,16,7)([38]19,24,2)([39]33,7,7)([40]22,35,2)([41]29,16,2)([42]8,30,6)([43]34,0,3)([44]24,0,7)([45]40,37,5)([46]31,44,7)([47]45,32,3)([48]26,26,7)([49]47,25,4)([50]33,25,6)([51]23,31,5)([52]39,18,6)([53]42,41,6)([54]50,53,6)([55]29,37,3)([56]54,46,6)([57]36,31,1)([58]53,45,6)([59]27,30,5)([60]56,58,6)([61]20,39,5)([62]31,19,6)([63]33,6,6)([64]48,62,1)([65]58,33,4)([66]39,60,7)([67]34,57,3)([68]1,15,5)([69]16,37,0)([70]33,62,0)([71]20,65,5)([72]59,41,0)([73]29,68,2)([74]34,61,4)([75]48,53,4)([76]40,61,7)([77]7,24,4)([78]10,62,1)([79]3,33,6)([80]58,70,7)([81]32,53,1)([82]66,49,4)([83]41,62,2)([84]74,30,6)([85]36,64,2)([86]51,50,0)(82)
optimized area: 133.53
time: 670751 ms
seed: 1633990489
NOT FOUND
time: 533817 ms
seed: 1634039412
NOT FOUND
time: 529469 ms
seed: 1634153575
NOT FOUND
time: 526535 ms
seed: 1634200828
{7,1,80,1,2,1,8}([7]4,5,7)([8]7,2,4)([9]1,4,4)([10]3,8,0)([11]6,9,7)([12]0,9,3)([13]10,1,6)([14]2,5,7)([15]10,11,7)([16]12,0,1)([17]5,13,4)([18]17,7,5)([19]6,0,5)([20]17,4,7)([21]7,15,0)([22]15,9,4)([23]4,6,0)([24]14,16,6)([25]5,12,4)([26]6,20,4)([27]15,10,5)([28]20,26,0)([29]17,1,6)([30]8,6,5)([31]12,2,6)([32]25,8,5)([33]27,21,4)([34]30,15,3)([35]5,23,6)([36]9,8,0)([37]29,6,5)([38]2,18,7)([39]17,12,3)([40]21,38,6)([41]17,8,5)([42]17,8,7)([43]33,13,5)([44]42,19,3)([45]34,38,4)([46]39,1,6)([47]27,2,5)([48]11,6,4)([49]19,27,4)([50]18,32,7)([51]37,10,1)([52]35,39,4)([53]35,22,3)([54]0,44,5)([55]15,3,4)([56]39,9,3)([57]45,52,2)([58]36,25,6)([59]9,40,6)([60]59,52,2)([61]42,51,4)([62]28,33,5)([63]44,57,5)([64]3,12,6)([65]53,61,5)([66]46,25,6)([67]24,10,7)([68]67,26,6)([69]0,60,7)([70]63,61,0)([71]19,60,3)([72]49,70,3)([73]68,69,2)([74]72,65,4)([75]73,74,4)([76]5,13,7)([77]64,26,7)([78]38,12,3)([79]17,78,5)([80]56,11,5)([81]46,72,4)([82]74,67,0)([83]48,78,6)([84]14,83,3)([85]19,55,2)([86]54,6,1)(75)
evaluations: 31173468
first invidual area: 147.13
{7,1,80,1,2,1,8}([7]4,5,7)([8]7,2,4)([9]4,1,4)([10]3,1,3)([11]6,3,4)([12]0,9,3)([13]11,9,4)([14]3,11,0)([15]14,13,7)([16]12,0,1)([17]10,5,7)([18]7,17,5)([19]6,0,5)([20]9,8,4)([21]6,13,0)([22]6,11,1)([23]2,5,7)([24]23,16,3)([25]20,18,3)([26]6,7,4)([27]13,14,5)([28]25,2,4)([29]17,1,6)([30]6,8,5)([31]18,13,0)([32]2,14,4)([33]21,12,7)([34]30,13,6)([35]5,4,6)([36]26,10,7)([37]29,6,2)([38]15,6,6)([39]8,4,6)([40]16,27,2)([41]39,40,1)([42]17,37,3)([43]37,27,3)([44]18,2,4)([45]11,21,0)([46]12,17,6)([47]19,41,5)([48]19,27,4)([49]2,3,3)([50]0,34,5)([51]25,25,3)([52]35,46,7)([53]35,45,3)([54]37,30,5)([55]6,42,4)([56]44,34,4)([57]56,52,2)([58]56,18,2)([59]9,58,6)([60]59,52,5)([61]42,8,7)([62]25,41,0)([63]43,57,5)([64]2,9,3)([65]53,61,5)([66]8,34,3)([67]24,14,4)([68]67,36,6)([69]0,60,4)([70]62,6,3)([71]30,8,1)([72]48,63,3)([73]69,68,5)([74]72,65,4)([75]73,74,7)([76]6,29,0)([77]5,4,1)([78]2,53,6)([79]49,0,0)([80]23,45,4)([81]44,43,7)([82]21,1,7)([83]30,52,6)([84]73,82,7)([85]71,39,3)([86]23,42,5)(75)
optimized area: 138.22
time: 589165 ms
seed: 1634249839
{7,1,80,1,2,1,8}([7]0,5,7)([8]6,5,7)([9]5,3,7)([10]0,1,7)([11]6,9,5)([12]10,6,2)([13]4,1,7)([14]2,3,4)([15]11,3,2)([16]3,10,5)([17]0,6,4)([18]12,8,6)([19]10,5,5)([20]15,13,4)([21]7,9,6)([22]8,14,4)([23]6,13,2)([24]12,16,7)([25]4,18,3)([26]22,16,6)([27]18,15,7)([28]17,22,6)([29]9,4,6)([30]4,24,3)([31]14,19,4)([32]27,25,2)([33]26,28,4)([34]11,1,0)([35]2,21,3)([36]31,27,4)([37]7,13,5)([38]3,32,0)([39]4,24,1)([40]30,1,3)([41]26,11,5)([42]33,40,4)([43]3,13,3)([44]39,35,2)([45]42,5,5)([46]29,13,7)([47]39,36,7)([48]23,1,3)([49]44,16,3)([50]27,7,5)([51]14,50,3)([52]5,49,6)([53]34,37,0)([54]45,43,7)([55]28,31,5)([56]25,1,7)([57]18,2,4)([58]9,40,6)([59]4,50,2)([60]32,37,2)([61]34,59,6)([62]18,47,6)([63]7,44,2)([64]10,15,2)([65]46,62,2)([66]14,32,3)([67]9,5,5)([68]66,52,4)([69]38,66,7)([70]55,12,7)([71]14,21,3)([72]36,64,1)([73]38,40,0)([74]68,54,4)([75]27,9,7)([76]65,61,3)([77]60,74,6)([78]44,40,2)([79]2,69,6)([80]49,51,5)([81]76,70,4)([82]8,21,1)([83]30,26,3)([84]77,81,6)([85]69,14,7)([86]62,81,5)(84)
evaluations: 33369662
first invidual area: 171.48
{7,1,80,1,2,1,8}([7]0,5,7)([8]5,6,7)([9]3,5,7)([10]0,1,7)([11]9,6,5)([12]6,10,2)([13]4,1,7)([14]2,3,4)([15]11,3,5)([16]10,3,5)([17]0,12,3)([18]8,12,6)([19]10,5,5)([20]7,14,4)([21]15,18,4)([22]14,8,4)([23]14,12,2)([24]4,23,3)([25]24,18,3)([26]22,16,6)([27]13,21,0)([28]20,22,6)([29]9,4,6)([30]28,24,2)([31]19,14,4)([32]21,25,2)([33]26,28,6)([34]3,13,6)([35]31,30,0)([36]4,15,4)([37]7,27,5)([38]5,19,4)([39]34,21,0)([40]39,1,3)([41]34,28,3)([42]33,40,7)([43]28,8,3)([44]29,36,6)([45]42,5,5)([46]25,19,5)([47]31,36,4)([48]37,9,2)([49]34,47,3)([50]21,7,5)([51]8,25,7)([52]16,46,3)([53]28,44,1)([54]45,34,4)([55]28,31,5)([56]37,32,7)([57]13,29,7)([58]17,16,6)([59]4,50,2)([60]46,24,7)([61]11,59,6)([62]18,47,6)([63]22,58,0)([64]32,37,2)([65]57,62,2)([66]14,32,6)([67]47,28,3)([68]66,52,4)([69]11,61,7)([70]55,12,7)([71]22,52,0)([72]50,4,3)([73]50,69,1)([74]68,54,4)([75]49,51,5)([76]61,65,6)([77]64,74,6)([78]53,9,6)([79]45,49,3)([80]39,25,0)([81]76,70,7)([82]18,30,0)([83]52,26,3)([84]77,81,6)([85]58,10,2)([86]20,81,1)(84)
optimized area: 157.42
time: 651248 ms
seed: 1634297972
NOT FOUND
time: 527053 ms
seed: 1634338468
{7,1,80,1,2,1,8}([7]6,3,7)([8]5,7,5)([9]7,0,7)([10]5,4,4)([11]1,3,4)([12]4,6,2)([13]2,4,4)([14]7,6,2)([15]11,3,5)([16]5,11,2)([17]12,0,6)([18]17,5,1)([19]8,14,5)([20]15,19,4)([21]12,13,4)([22]1,7,0)([23]1,20,3)([24]9,21,5)([25]6,2,5)([26]15,0,5)([27]2,14,4)([28]16,2,4)([29]18,25,3)([30]21,1,5)([31]0,8,2)([32]28,21,4)([33]1,2,4)([34]9,22,4)([35]2,11,2)([36]7,33,5)([37]26,16,5)([38]21,35,6)([39]34,28,6)([40]27,16,1)([41]38,10,4)([42]41,23,7)([43]14,10,6)([44]32,0,2)([45]24,34,4)([46]2,6,0)([47]44,36,3)([48]9,37,5)([49]13,7,6)([50]42,44,3)([51]30,48,7)([52]37,23,4)([53]30,0,5)([54]11,48,4)([55]54,53,4)([56]53,44,7)([57]22,26,0)([58]47,7,3)([59]57,24,3)([60]42,29,7)([61]11,9,0)([62]24,52,6)([63]29,42,7)([64]16,45,2)([65]17,20,4)([66]8,42,4)([67]44,43,1)([68]31,47,4)([69]43,63,0)([70]65,49,3)([71]51,60,5)([72]71,36,7)([73]50,70,5)([74]18,65,7)([75]61,74,7)([76]61,5,4)([77]27,41,6)([78]72,64,3)([79]34,7,7)([80]26,65,3)([81]61,29,4)([82]73,78,2)([83]53,21,7)([84]38,61,6)([85]76,58,2)([86]15,64,7)(82)
evaluations: 22639915
first invidual area: 143.36
{7,1,80,1,2,1,8}([7]3,6,7)([8]2,4,4)([9]5,2,1)([10]4,0,3)([11]3,1,4)([12]7,8,6)([13]6,6,3)([14]5,4,4)([15]11,3,5)([16]13,12,6)([17]1,2,4)([18]6,9,2)([19]18,3,5)([20]15,19,4)([21]12,15,0)([22]7,17,5)([23]19,13,4)([24]11,2,2)([25]20,1,6)([26]13,9,1)([27]7,0,7)([28]5,11,5)([29]6,21,1)([30]1,14,5)([31]29,4,5)([32]28,31,4)([33]24,18,2)([34]13,4,2)([35]0,12,0)([36]19,29,4)([37]2,31,7)([38]24,37,3)([39]11,12,4)([40]27,30,4)([41]25,38,4)([42]41,14,7)([43]6,27,7)([44]32,35,2)([45]32,4,2)([46]42,2,0)([47]35,34,6)([48]38,31,5)([49]4,44,6)([50]44,46,3)([51]16,22,1)([52]20,47,4)([53]41,4,1)([54]13,49,7)([55]38,47,7)([56]52,52,2)([57]1,6,6)([58]44,26,2)([59]17,43,1)([60]50,33,3)([61]40,50,5)([62]38,1,5)([63]31,29,0)([64]38,45,2)([65]50,15,4)([66]39,31,3)([67]29,23,6)([68]54,64,1)([69]42,67,0)([70]52,21,3)([71]5,28,6)([72]61,22,7)([73]70,60,5)([74]41,47,1)([75]66,57,7)([76]0,21,1)([77]5,39,7)([78]64,72,3)([79]75,55,5)([80]32,0,2)([81]75,32,1)([82]73,78,2)([83]31,72,2)([84]52,58,6)([85]30,52,3)([86]18,37,6)(82)
optimized area: 120.86
time: 599945 ms
seed: 1634387413
NOT FOUND
time: 528070 ms
seed: 1634436403
{7,1,80,1,2,1,8}([7]6,4,4)([8]5,7,3)([9]1,7,3)([10]5,0,2)([11]5,3,6)([12]11,2,4)([13]5,4,7)([14]6,9,5)([15]2,13,2)([16]15,6,4)([17]12,2,7)([18]15,12,2)([19]6,10,5)([20]8,19,2)([21]3,14,2)([22]3,20,4)([23]0,22,6)([24]7,1,2)([25]9,15,3)([26]5,14,3)([27]2,19,4)([28]3,20,7)([29]25,3,5)([30]25,12,2)([31]19,30,2)([32]3,24,7)([33]30,20,7)([34]13,16,1)([35]7,12,3)([36]14,29,4)([37]32,25,6)([38]6,1,7)([39]36,28,5)([40]39,0,2)([41]40,33,3)([42]23,1,4)([43]38,18,0)([44]42,3,0)([45]44,37,5)([46]34,0,5)([47]41,43,2)([48]11,24,1)([49]46,26,0)([50]26,7,0)([51]6,14,4)([52]1,15,2)([53]49,29,2)([54]53,28,6)([55]45,45,1)([56]35,50,5)([57]30,32,2)([58]47,54,3)([59]58,16,7)([60]44,56,3)([61]2,43,3)([62]47,40,3)([63]16,11,7)([64]60,57,7)([65]64,35,4)([66]12,54,2)([67]10,1,4)([68]34,64,5)([69]26,15,7)([70]21,59,4)([71]35,70,7)([72]30,45,6)([73]68,59,3)([74]60,30,2)([75]62,48,3)([76]56,68,6)([77]63,42,1)([78]15,40,6)([79]39,59,5)([80]60,19,1)([81]61,33,1)([82]68,70,2)([83]60,34,5)([84]50,52,3)([85]76,82,7)([86]78,69,2)(85)
evaluations: 27626630
first invidual area: 138.66
{7,1,80,1,2,1,8}([7]4,6,4)([8]5,7,3)([9]7,1,3)([10]2,3,2)([11]5,3,6)([12]2,11,4)([13]5,4,7)([14]7,1,5)([15]2,13,5)([16]6,0,2)([17]1,12,3)([18]5,16,5)([19]3,10,3)([20]18,8,2)([21]9,6,5)([22]20,3,4)([23]22,0,3)([24]17,11,1)([25]17,3,5)([26]7,12,3)([27]11,1,5)([28]22,16,1)([29]12,4,3)([30]9,12,2)([31]4,18,6)([32]30,29,5)([33]30,20,7)([34]13,1,1)([35]20,25,7)([36]28,29,5)([37]26,14,0)([38]6,1,7)([39]6,15,4)([40]36,0,2)([41]33,40,3)([42]31,4,1)([43]14,3,4)([44]21,33,1)([45]31,40,6)([46]9,4,2)([47]3,21,5)([48]1,23,7)([49]44,22,3)([50]31,5,5)([51]0,34,5)([52]8,51,5)([53]51,25,2)([54]53,28,3)([55]41,38,5)([56]30,26,3)([57]30,43,5)([58]55,54,5)([59]47,39,7)([60]29,52,5)([61]18,13,1)([62]30,50,1)([63]38,26,5)([64]48,57,4)([65]57,54,6)([66]59,54,4)([67]55,8,3)([68]37,64,5)([69]1,64,4)([70]58,59,4)([71]29,20,5)([72]43,43,2)([73]45,66,7)([74]30,25,5)([75]27,34,5)([76]68,75,6)([77]30,39,7)([78]16,58,1)([79]24,65,1)([80]41,36,6)([81]40,24,3)([82]54,61,0)([83]19,80,4)([84]4,80,6)([85]76,70,6)([86]25,4,4)(85)
optimized area: 122.70
time: 590086 ms
seed: 1634496666
NOT FOUND
time: 526692 ms
seed: 1634595842
NOT FOUND
time: 527196 ms
seed: 1634644701
NOT FOUND
time: 529691 ms
seed: 1634689666
NOT FOUND
time: 897293 ms
seed: 1634715654
NOT FOUND
time: 521511 ms
seed: 1634767242
{7,1,80,1,2,1,8}([7]2,6,4)([8]4,2,6)([9]1,6,5)([10]1,2,6)([11]0,7,3)([12]9,4,4)([13]5,6,2)([14]2,3,6)([15]8,0,4)([16]1,11,4)([17]16,16,6)([18]2,1,7)([19]4,14,4)([20]3,18,3)([21]18,16,6)([22]20,4,4)([23]17,20,6)([24]22,15,3)([25]15,9,3)([26]23,3,6)([27]7,14,7)([28]9,7,3)([29]22,10,6)([30]14,13,5)([31]24,5,6)([32]31,25,4)([33]27,6,3)([34]19,23,4)([35]4,16,7)([36]19,10,2)([37]0,34,3)([38]36,11,7)([39]27,3,4)([40]28,26,4)([41]32,17,2)([42]40,3,2)([43]39,15,2)([44]15,31,0)([45]39,30,7)([46]33,13,2)([47]22,40,2)([48]32,13,3)([49]48,39,4)([50]45,37,2)([51]36,23,0)([52]0,13,4)([53]50,41,7)([54]17,19,4)([55]5,15,7)([56]38,0,4)([57]40,49,2)([58]34,54,5)([59]13,3,6)([60]40,44,2)([61]29,57,3)([62]54,12,3)([63]39,8,5)([64]41,15,4)([65]53,62,6)([66]36,8,5)([67]38,27,5)([68]59,15,5)([69]5,42,7)([70]29,34,6)([71]53,67,5)([72]21,70,7)([73]48,30,2)([74]11,39,4)([75]17,0,4)([76]65,5,3)([77]50,50,0)([78]73,64,2)([79]21,71,3)([80]18,55,5)([81]76,71,2)([82]8,65,0)([83]10,46,1)([84]46,5,4)([85]27,58,3)([86]81,61,7)(86)
evaluations: 43722576
first invidual area: 150.40
{7,1,80,1,2,1,8}([7]6,2,4)([8]0,1,7)([9]1,6,5)([10]2,1,6)([11]7,0,3)([12]4,9,5)([13]2,4,6)([14]3,2,6)([15]13,0,4)([16]10,8,7)([17]1,11,7)([18]14,1,4)([19]4,14,4)([20]3,18,3)([21]18,12,1)([22]20,4,4)([23]17,20,6)([24]5,15,3)([25]15,9,6)([26]23,3,3)([27]7,14,7)([28]9,7,3)([29]22,10,6)([30]5,14,5)([31]24,22,6)([32]31,25,6)([33]5,1,6)([34]26,23,0)([35]32,17,2)([36]19,10,5)([37]0,19,3)([38]36,11,5)([39]27,3,4)([40]28,26,7)([41]7,1,0)([42]17,5,4)([43]35,26,3)([44]9,16,0)([45]39,30,2)([46]0,5,7)([47]37,27,2)([48]32,5,3)([49]48,45,4)([50]45,37,5)([51]22,26,5)([52]47,37,5)([53]50,35,4)([54]40,45,0)([55]10,18,3)([56]0,25,1)([57]54,49,2)([58]24,10,1)([59]29,16,4)([60]5,12,5)([61]29,57,6)([62]21,12,3)([63]9,17,2)([64]14,9,2)([65]53,62,6)([66]51,24,0)([67]38,27,5)([68]19,52,5)([69]45,14,7)([70]69,53,4)([71]53,67,5)([72]68,55,0)([73]63,48,7)([74]19,56,0)([75]47,55,4)([76]65,5,3)([77]9,25,1)([78]5,50,0)([79]44,51,7)([80]13,5,7)([81]76,71,5)([82]28,46,3)([83]82,0,2)([84]38,1,6)([85]10,59,6)([86]81,61,7)(86)
optimized area: 125.99
time: 998656 ms
seed: 1634832543
{7,1,80,1,2,1,8}([7]1,6,7)([8]7,4,4)([9]3,5,3)([10]4,2,4)([11]0,10,2)([12]5,10,1)([13]2,1,4)([14]11,12,6)([15]8,5,4)([16]4,6,5)([17]0,16,5)([18]1,14,4)([19]17,18,5)([20]19,13,3)([21]10,2,4)([22]9,4,1)([23]0,9,7)([24]9,17,2)([25]15,24,5)([26]19,13,5)([27]2,25,3)([28]5,26,3)([29]4,16,4)([30]11,5,4)([31]7,25,0)([32]16,9,2)([33]29,18,1)([34]15,2,7)([35]10,5,1)([36]30,23,2)([37]26,8,2)([38]2,16,2)([39]18,38,7)([40]8,20,4)([41]4,28,5)([42]24,31,7)([43]27,37,7)([44]19,23,0)([45]24,6,2)([46]36,45,2)([47]7,14,3)([48]32,41,5)([49]42,36,4)([50]43,48,3)([51]17,9,0)([52]15,51,0)([53]40,3,7)([54]45,15,6)([55]49,29,0)([56]50,23,4)([57]28,38,2)([58]49,33,7)([59]26,5,5)([60]43,36,6)([61]54,47,7)([62]52,31,6)([63]3,27,7)([64]23,4,6)([65]33,24,0)([66]30,61,5)([67]0,39,3)([68]28,44,6)([69]58,50,7)([70]66,69,4)([71]53,70,6)([72]55,47,0)([73]20,40,2)([74]46,1,6)([75]45,54,1)([76]13,51,5)([77]66,39,7)([78]75,13,7)([79]77,71,4)([80]41,15,2)([81]36,26,6)([82]28,50,3)([83]56,33,4)([84]33,65,3)([85]69,27,7)([86]37,27,1)(79)
evaluations: 13114626
first invidual area: 153.69
{7,1,80,1,2,1,8}([7]1,6,7)([8]7,4,4)([9]3,5,3)([10]2,4,4)([11]0,10,2)([12]11,5,7)([13]1,2,4)([14]12,11,3)([15]5,8,4)([16]4,6,5)([17]16,0,5)([18]14,1,7)([19]17,18,5)([20]0,9,2)([21]18,2,5)([22]1,8,3)([23]4,11,0)([24]15,17,5)([25]0,5,5)([26]15,13,3)([27]13,19,3)([28]10,24,3)([29]5,7,3)([30]12,11,1)([31]13,19,5)([32]3,27,4)([33]14,2,2)([34]32,8,7)([35]17,9,5)([36]30,20,5)([37]31,8,5)([38]2,16,5)([39]38,18,4)([40]23,29,5)([41]15,26,0)([42]32,35,7)([43]28,37,4)([44]17,6,2)([45]41,30,5)([46]43,32,3)([47]34,25,0)([48]5,46,6)([49]42,36,4)([50]21,46,2)([51]37,43,3)([52]43,16,7)([53]25,8,5)([54]24,28,5)([55]20,2,5)([56]41,44,6)([57]11,36,6)([58]49,16,7)([59]31,27,6)([60]9,40,5)([61]56,29,7)([62]32,35,5)([63]43,60,3)([64]47,52,0)([65]31,3,7)([66]61,30,5)([67]25,25,6)([68]66,39,4)([69]58,63,4)([70]66,69,7)([71]47,70,3)([72]51,12,7)([73]43,14,2)([74]68,35,3)([75]3,7,0)([76]58,2,4)([77]31,33,6)([78]69,77,1)([79]68,71,4)([80]77,73,2)([81]33,50,6)([82]15,22,4)([83]63,5,6)([84]79,60,3)([85]70,72,2)([86]12,64,0)(79)
optimized area: 138.69
time: 1218081 ms
seed: 1635087147
{7,1,80,1,2,1,8}([7]1,3,6)([8]5,1,4)([9]6,2,7)([10]7,8,7)([11]3,9,5)([12]4,3,7)([13]2,8,4)([14]5,12,5)([15]5,7,7)([16]6,14,7)([17]11,13,4)([18]14,9,7)([19]13,8,6)([20]12,15,4)([21]16,20,4)([22]15,0,4)([23]7,18,3)([24]20,9,0)([25]16,10,7)([26]11,17,3)([27]1,18,2)([28]1,17,2)([29]26,28,1)([30]3,29,7)([31]13,18,5)([32]20,23,4)([33]1,28,7)([34]27,5,7)([35]11,22,7)([36]20,27,6)([37]36,6,3)([38]26,15,7)([39]3,19,4)([40]37,0,5)([41]29,35,6)([42]40,33,5)([43]38,33,2)([44]32,25,5)([45]44,12,3)([46]6,38,0)([47]35,2,3)([48]11,12,5)([49]39,42,7)([50]11,45,3)([51]33,47,3)([52]32,29,0)([53]28,20,0)([54]49,27,3)([55]40,34,3)([56]54,21,6)([57]13,55,4)([58]4,47,4)([59]44,27,3)([60]11,32,2)([61]17,44,4)([62]45,9,4)([63]25,3,6)([64]45,4,7)([65]58,2,5)([66]21,42,1)([67]52,22,1)([68]8,30,4)([69]17,12,7)([70]69,59,4)([71]10,62,0)([72]68,62,2)([73]30,18,6)([74]58,57,5)([75]17,54,0)([76]70,74,2)([77]41,21,4)([78]21,13,4)([79]59,76,7)([80]9,74,3)([81]54,77,2)([82]27,5,7)([83]36,17,0)([84]81,76,6)([85]77,24,6)([86]25,35,7)(84)
evaluations: 24974991
first invidual area: 162.62
{7,1,80,1,2,1,8}([7]3,1,6)([8]5,1,4)([9]2,6,7)([10]8,7,7)([11]3,9,5)([12]3,4,7)([13]2,8,4)([14]5,12,5)([15]7,5,7)([16]6,14,7)([17]13,11,4)([18]16,10,7)([19]6,14,2)([20]15,12,4)([21]20,16,4)([22]0,15,4)([23]13,7,3)([24]13,18,7)([25]22,11,7)([26]13,1,0)([27]1,24,2)([28]18,10,2)([29]20,8,1)([30]0,19,6)([31]17,12,4)([32]20,23,4)([33]2,8,3)([34]28,28,6)([35]9,19,3)([36]6,29,3)([37]3,33,7)([38]13,6,6)([39]11,26,6)([40]0,36,5)([41]25,39,6)([42]3,15,0)([43]24,26,4)([44]32,18,5)([45]10,41,5)([46]40,45,5)([47]20,2,6)([48]34,37,6)([49]8,18,4)([50]46,37,7)([51]46,16,4)([52]41,10,4)([53]10,16,5)([54]50,27,3)([55]40,19,3)([56]1,41,1)([57]55,26,4)([58]4,47,7)([59]44,27,6)([60]49,43,6)([61]51,43,2)([62]29,12,3)([63]27,22,3)([64]57,15,6)([65]16,8,3)([66]62,60,3)([67]36,40,5)([68]38,26,4)([69]20,61,1)([70]31,59,4)([71]63,68,4)([72]53,65,0)([73]71,25,6)([74]58,57,5)([75]31,29,3)([76]70,74,2)([77]41,21,4)([78]2,23,1)([79]34,12,4)([80]39,75,5)([81]77,54,2)([82]23,12,0)([83]18,68,2)([84]81,76,6)([85]15,69,5)([86]15,29,5)(84)
optimized area: 152.77
time: 1151701 ms
seed: 1635122793
{7,1,80,1,2,1,8}([7]4,3,2)([8]6,1,1)([9]1,0,7)([10]1,8,7)([11]9,0,6)([12]7,5,4)([13]2,12,4)([14]12,9,7)([15]6,10,2)([16]3,4,3)([17]9,12,2)([18]3,8,3)([19]2,0,4)([20]7,0,3)([21]17,16,4)([22]21,5,4)([23]10,22,3)([24]18,8,6)([25]0,19,2)([26]12,14,6)([27]16,22,7)([28]27,10,2)([29]12,16,5)([30]13,15,4)([31]9,13,7)([32]23,30,2)([33]8,31,0)([34]18,13,7)([35]13,1,4)([36]31,34,4)([37]24,28,3)([38]35,15,0)([39]21,37,6)([40]0,0,2)([41]32,4,4)([42]2,5,6)([43]2,17,3)([44]37,38,6)([45]6,28,1)([46]18,8,4)([47]20,36,3)([48]44,39,2)([49]41,41,3)([50]15,38,0)([51]30,34,5)([52]7,46,5)([53]14,26,3)([54]52,19,2)([55]48,51,0)([56]14,34,3)([57]40,49,5)([58]24,19,3)([59]47,51,2)([60]38,29,2)([61]57,40,4)([62]54,3,6)([63]28,38,6)([64]26,54,6)([65]59,28,6)([66]3,64,6)([67]16,33,6)([68]55,41,7)([69]29,4,7)([70]69,57,2)([71]42,4,2)([72]22,40,0)([73]10,26,6)([74]70,65,6)([75]17,48,0)([76]69,12,1)([77]74,28,7)([78]37,37,5)([79]47,72,5)([80]77,54,3)([81]68,80,4)([82]76,40,4)([83]2,67,5)([84]11,28,6)([85]41,7,7)([86]79,64,6)(81)
evaluations: 17080727
first invidual area: 147.13
{7,1,80,1,2,1,8}([7]0,1,7)([8]6,2,1)([9]2,0,4)([10]1,8,7)([11]3,4,5)([12]11,5,7)([13]2,12,4)([14]13,1,4)([15]10,6,5)([16]4,3,3)([17]7,12,5)([18]3,8,3)([19]13,15,7)([20]10,17,1)([21]17,16,7)([22]5,21,4)([23]13,18,2)([24]23,19,5)([25]10,19,4)([26]18,6,2)([27]22,16,7)([28]10,27,2)([29]12,16,5)([30]18,20,1)([31]10,22,3)([32]26,2,7)([33]17,18,7)([34]18,11,6)([35]26,4,5)([36]25,29,4)([37]9,35,2)([38]28,21,6)([39]14,30,6)([40]19,31,5)([41]40,4,7)([42]4,29,7)([43]35,41,2)([44]12,28,3)([45]9,36,7)([46]40,19,1)([47]13,29,0)([48]15,0,2)([49]19,33,6)([50]26,48,3)([51]37,37,0)([52]46,45,3)([53]22,51,6)([54]12,31,4)([55]39,38,5)([56]49,30,7)([57]31,44,4)([58]52,43,4)([59]19,51,7)([60]51,47,7)([61]49,39,6)([62]13,57,4)([63]0,23,0)([64]50,24,2)([65]64,28,6)([66]14,49,6)([67]63,41,5)([68]55,41,4)([69]51,24,7)([70]42,67,2)([71]66,9,4)([72]22,58,7)([73]13,35,2)([74]70,65,3)([75]69,17,4)([76]20,72,4)([77]74,28,4)([78]68,68,0)([79]77,51,3)([80]5,73,6)([81]78,79,4)([82]44,52,1)([83]32,2,3)([84]58,58,6)([85]80,17,2)([86]42,39,6)(81)
optimized area: 127.42
time: 649619 ms
seed: 1635171709
NOT FOUND
time: 530169 ms
seed: 1635285568
{7,1,80,1,2,1,8}([7]6,4,4)([8]1,7,4)([9]8,2,7)([10]6,2,5)([11]5,4,7)([12]3,8,6)([13]12,1,6)([14]13,6,7)([15]3,2,3)([16]3,13,7)([17]13,9,3)([18]0,3,4)([19]7,10,7)([20]16,5,7)([21]15,18,7)([22]9,18,6)([23]16,11,3)([24]20,22,7)([25]10,24,5)([26]6,17,4)([27]5,8,4)([28]16,19,5)([29]25,12,2)([30]26,23,2)([31]2,0,1)([32]30,21,7)([33]29,26,6)([34]20,0,5)([35]21,32,5)([36]35,18,7)([37]28,27,2)([38]2,22,7)([39]13,34,7)([40]33,34,4)([41]40,37,3)([42]28,38,7)([43]26,9,4)([44]20,4,7)([45]36,41,7)([46]27,29,2)([47]40,5,7)([48]36,22,4)([49]45,32,4)([50]12,23,2)([51]9,17,5)([52]4,45,1)([53]31,27,7)([54]25,25,3)([55]54,48,3)([56]39,7,2)([57]30,53,0)([58]55,49,2)([59]7,5,6)([60]17,10,5)([61]55,3,4)([62]55,38,2)([63]34,54,5)([64]2,55,6)([65]9,17,4)([66]25,20,0)([67]3,9,0)([68]28,10,5)([69]60,53,2)([70]22,61,4)([71]27,41,5)([72]64,57,7)([73]58,59,6)([74]14,21,7)([75]38,22,6)([76]23,60,6)([77]73,72,7)([78]52,35,3)([79]39,39,6)([80]30,28,5)([81]55,52,4)([82]73,51,0)([83]0,29,4)([84]77,75,3)([85]9,48,2)([86]4,24,6)(77)
evaluations: 21783408
first invidual area: 140.59
{7,1,80,1,2,1,8}([7]6,4,4)([8]7,1,4)([9]2,8,7)([10]6,2,5)([11]5,4,7)([12]8,3,6)([13]1,12,6)([14]7,10,7)([15]13,9,6)([16]3,13,7)([17]16,13,0)([18]3,0,4)([19]3,2,3)([20]17,5,7)([21]19,18,7)([22]9,18,3)([23]16,11,3)([24]22,20,4)([25]24,10,5)([26]15,6,7)([27]8,5,4)([28]17,14,5)([29]13,20,6)([30]26,23,2)([31]25,12,2)([32]30,21,3)([33]31,26,6)([34]20,0,5)([35]21,30,5)([36]35,18,7)([37]28,27,2)([38]25,7,0)([39]11,33,0)([40]33,34,4)([41]40,37,6)([42]29,16,3)([43]38,2,4)([44]9,30,0)([45]41,32,4)([46]1,41,3)([47]39,20,6)([48]30,1,7)([49]18,45,7)([50]47,49,7)([51]40,44,2)([52]36,20,4)([53]40,18,1)([54]2,43,0)([55]25,52,3)([56]43,53,2)([57]1,52,4)([58]36,4,5)([59]37,48,0)([60]49,2,7)([61]13,10,4)([62]39,32,4)([63]45,40,2)([64]37,30,7)([65]45,32,2)([66]2,55,6)([67]7,5,6)([68]49,55,2)([69]8,37,3)([70]66,30,4)([71]16,0,3)([72]71,58,5)([73]68,67,3)([74]2,43,1)([75]67,18,3)([76]62,11,3)([77]73,70,7)([78]18,1,7)([79]67,24,2)([80]49,17,5)([81]60,64,0)([82]1,27,0)([83]80,7,4)([84]64,31,3)([85]64,52,3)([86]65,75,3)(77)
optimized area: 138.24
time: 1321137 ms
seed: 1635442977
{7,1,80,1,2,1,8}([7]1,4,4)([8]0,7,4)([9]7,3,4)([10]6,5,7)([11]1,5,5)([12]0,10,3)([13]1,8,2)([14]3,11,7)([15]2,13,7)([16]11,15,2)([17]7,6,7)([18]12,2,6)([19]12,1,2)([20]3,9,3)([21]2,1,4)([22]18,9,7)([23]14,5,2)([24]16,19,6)([25]5,10,6)([26]0,17,3)([27]22,16,3)([28]17,17,2)([29]17,24,7)([30]4,5,3)([31]23,21,7)([32]27,26,7)([33]30,9,1)([34]7,24,1)([35]4,25,7)([36]28,13,7)([37]35,16,7)([38]22,36,4)([39]15,38,4)([40]30,11,0)([41]18,26,6)([42]19,38,6)([43]29,8,5)([44]15,37,7)([45]40,44,5)([46]1,41,5)([47]36,32,2)([48]45,32,6)([49]28,48,7)([50]42,49,3)([51]0,24,5)([52]8,15,5)([53]36,4,3)([54]31,32,0)([55]21,41,6)([56]5,47,3)([57]55,43,6)([58]46,50,5)([59]35,22,4)([60]42,1,4)([61]27,45,2)([62]20,25,0)([63]1,23,4)([64]42,25,4)([65]22,1,0)([66]19,0,6)([67]65,48,2)([68]66,30,3)([69]57,61,4)([70]69,54,2)([71]62,27,5)([72]40,33,3)([73]59,21,6)([74]64,26,3)([75]29,73,7)([76]28,0,5)([77]49,30,1)([78]70,59,2)([79]69,71,4)([80]34,72,0)([81]71,29,1)([82]52,9,1)([83]81,24,2)([84]37,58,4)([85]78,30,5)([86]85,84,4)(86)
evaluations: 10317898
first invidual area: 161.20
{7,1,80,1,2,1,8}([7]1,4,4)([8]7,0,4)([9]3,7,4)([10]5,6,7)([11]5,1,5)([12]0,10,3)([13]8,1,5)([14]3,11,7)([15]2,13,4)([16]15,11,2)([17]7,6,7)([18]12,2,6)([19]12,1,2)([20]9,10,5)([21]1,2,4)([22]9,18,7)([23]14,5,2)([24]10,18,3)([25]5,10,6)([26]0,17,3)([27]21,23,7)([28]22,16,3)([29]26,20,0)([30]4,23,3)([31]10,30,3)([32]14,11,1)([33]17,28,5)([34]29,28,7)([35]16,4,4)([36]13,22,7)([37]35,25,4)([38]36,17,7)([39]37,38,7)([40]25,23,2)([41]29,18,6)([42]38,19,6)([43]39,8,5)([44]15,37,7)([45]30,44,5)([46]41,1,5)([47]33,39,7)([48]45,34,6)([49]48,17,7)([50]35,20,5)([51]42,49,3)([52]39,13,5)([53]18,28,3)([54]46,16,2)([55]2,15,1)([56]31,6,4)([57]32,43,6)([58]51,46,5)([59]11,28,4)([60]1,3,5)([61]24,24,0)([62]48,22,3)([63]44,60,0)([64]4,26,7)([65]56,35,2)([66]63,41,3)([67]5,61,7)([68]13,8,1)([69]57,63,7)([70]69,27,2)([71]53,4,5)([72]70,15,7)([73]61,10,2)([74]1,7,6)([75]49,35,7)([76]41,55,3)([77]0,71,5)([78]70,62,2)([79]11,48,6)([80]6,61,5)([81]35,36,4)([82]58,37,7)([83]34,42,6)([84]29,64,2)([85]78,30,5)([86]85,82,7)(86)
optimized area: 152.76
time: 1367101 ms
seed: 1635550278
NOT FOUND
time: 998005 ms
seed: 1635603395
{7,1,80,1,2,1,8}([7]6,1,2)([8]7,3,4)([9]4,0,2)([10]2,8,3)([11]5,8,4)([12]9,6,7)([13]9,5,4)([14]2,12,4)([15]3,2,7)([16]6,7,1)([17]1,14,5)([18]10,4,7)([19]15,9,5)([20]11,4,4)([21]3,0,7)([22]6,16,5)([23]13,2,2)([24]7,19,7)([25]8,13,3)([26]7,12,4)([27]20,24,5)([28]26,18,5)([29]17,28,2)([30]27,8,1)([31]20,24,0)([32]4,15,5)([33]31,29,2)([34]25,14,5)([35]10,1,7)([36]30,13,4)([37]21,11,1)([38]34,5,6)([39]35,33,3)([40]36,0,4)([41]4,17,4)([42]6,10,1)([43]1,38,7)([44]4,25,5)([45]39,15,4)([46]34,39,5)([47]37,33,3)([48]34,29,2)([49]34,7,3)([50]0,40,4)([51]20,3,7)([52]31,39,5)([53]36,47,5)([54]17,47,3)([55]31,37,3)([56]26,47,0)([57]43,51,6)([58]40,48,6)([59]15,48,0)([60]15,5,1)([61]60,58,5)([62]53,46,4)([63]1,36,5)([64]26,56,3)([65]61,31,1)([66]12,65,2)([67]65,30,2)([68]65,57,5)([69]20,67,5)([70]24,36,7)([71]23,25,6)([72]68,29,0)([73]55,9,2)([74]29,22,4)([75]68,53,4)([76]2,54,6)([77]37,2,1)([78]17,28,4)([79]68,62,7)([80]43,6,1)([81]35,55,3)([82]41,52,1)([83]8,69,4)([84]48,68,6)([85]14,50,1)([86]76,32,3)(79)
evaluations: 16150614
first invidual area: 134.93
{7,1,80,1,2,1,8}([7]1,6,2)([8]7,3,4)([9]4,0,2)([10]8,2,3)([11]5,4,7)([12]9,6,7)([13]5,9,4)([14]12,2,4)([15]2,3,7)([16]15,9,5)([17]0,15,0)([18]1,10,7)([19]14,1,5)([20]8,11,7)([21]1,12,4)([22]16,7,7)([23]13,8,3)([24]22,20,5)([25]10,4,7)([26]7,21,5)([27]19,17,5)([28]21,25,5)([29]20,28,2)([30]25,17,3)([31]15,20,4)([32]3,30,1)([33]29,19,2)([34]14,23,5)([35]8,24,2)([36]27,6,6)([37]34,5,6)([38]11,22,6)([39]33,18,3)([40]10,23,2)([41]6,18,6)([42]1,37,7)([43]24,13,7)([44]34,39,5)([45]11,22,4)([46]17,3,4)([47]7,3,2)([48]17,34,2)([49]14,16,1)([50]43,46,3)([51]45,12,3)([52]46,33,3)([53]33,5,0)([54]42,47,1)([55]23,13,6)([56]20,10,0)([57]42,45,6)([58]15,48,6)([59]10,14,0)([60]52,43,5)([61]58,57,2)([62]60,44,7)([63]42,8,2)([64]59,56,6)([65]6,22,2)([66]0,26,0)([67]55,38,2)([68]29,29,7)([69]62,68,3)([70]27,58,7)([71]42,28,6)([72]25,59,1)([73]38,8,0)([74]22,17,5)([75]72,17,7)([76]30,61,5)([77]43,46,7)([78]55,49,0)([79]76,62,4)([80]5,15,6)([81]13,44,6)([82]17,39,2)([83]40,20,1)([84]10,25,1)([85]31,40,6)([86]77,5,7)(79)
optimized area: 127.45
time: 1259281 ms
seed: 1635651096
NOT FOUND
time: 1065359 ms
seed: 1635698844
{7,1,80,1,2,1,8}([7]6,1,4)([8]3,3,6)([9]0,2,2)([10]7,4,0)([11]1,10,6)([12]11,10,4)([13]11,10,6)([14]7,5,4)([15]11,4,6)([16]5,9,5)([17]6,15,3)([18]7,9,3)([19]6,8,4)([20]2,8,1)([21]19,11,0)([22]15,14,7)([23]1,16,5)([24]0,22,6)([25]22,6,4)([26]25,18,5)([27]20,24,3)([28]24,23,4)([29]21,15,6)([30]1,11,1)([31]13,18,5)([32]28,13,6)([33]22,13,3)([34]20,9,3)([35]3,13,4)([36]29,16,7)([37]14,21,3)([38]31,24,3)([39]24,37,5)([40]15,33,6)([41]27,39,7)([42]36,27,7)([43]25,11,2)([44]13,22,2)([45]35,19,1)([46]25,4,4)([47]4,35,5)([48]3,14,3)([49]25,45,0)([50]36,35,2)([51]0,21,3)([52]2,44,4)([53]41,47,7)([54]20,46,2)([55]41,51,5)([56]37,55,6)([57]51,30,0)([58]18,57,4)([59]58,52,5)([60]26,56,5)([61]49,9,2)([62]32,42,5)([63]14,14,6)([64]14,39,1)([65]34,22,6)([66]10,18,2)([67]23,51,7)([68]66,48,7)([69]37,24,4)([70]66,20,1)([71]48,6,1)([72]59,53,5)([73]50,72,4)([74]60,26,2)([75]35,28,0)([76]3,38,0)([77]73,43,4)([78]49,45,1)([79]8,5,2)([80]77,60,2)([81]69,65,2)([82]73,35,6)([83]27,20,0)([84]76,43,0)([85]80,49,4)([86]62,85,5)(86)
evaluations: 20415180
first invidual area: 136.79
{7,1,80,1,2,1,8}([7]1,6,4)([8]6,1,2)([9]0,2,2)([10]0,9,6)([11]7,8,6)([12]2,1,5)([13]7,5,7)([14]11,10,0)([15]14,4,6)([16]5,9,5)([17]1,11,0)([18]4,6,4)([19]3,6,7)([20]9,1,0)([21]0,19,6)([22]13,15,4)([23]4,1,5)([24]0,22,6)([25]8,20,0)([26]2,10,1)([27]24,26,3)([28]24,23,4)([29]19,15,6)([30]26,0,6)([31]14,4,0)([32]20,10,7)([33]25,22,2)([34]29,27,7)([35]3,8,4)([36]22,14,5)([37]13,21,5)([38]13,7,3)([39]37,24,5)([40]25,28,6)([41]27,39,5)([42]28,0,4)([43]16,29,7)([44]37,3,0)([45]43,41,7)([46]7,9,6)([47]4,35,5)([48]22,6,4)([49]40,13,1)([50]43,35,5)([51]43,48,2)([52]2,33,3)([53]47,41,4)([54]36,37,3)([55]13,11,1)([56]14,55,2)([57]38,35,2)([58]46,21,4)([59]58,52,5)([60]58,51,5)([61]6,44,3)([62]34,40,5)([63]59,53,5)([64]3,26,2)([65]46,20,2)([66]24,10,0)([67]65,1,4)([68]60,45,7)([69]47,0,0)([70]49,7,6)([71]65,13,5)([72]37,50,6)([73]50,63,7)([74]51,17,0)([75]63,42,7)([76]55,30,0)([77]73,36,7)([78]75,53,3)([79]3,33,5)([80]77,60,5)([81]16,32,1)([82]30,3,0)([83]30,32,7)([84]51,38,3)([85]80,48,7)([86]62,85,5)(86)
optimized area: 123.66
time: 1299754 ms
seed: 1635746132
{7,1,80,1,2,1,8}([7]1,0,3)([8]4,2,4)([9]7,8,3)([10]1,4,5)([11]6,9,2)([12]2,1,2)([13]10,5,4)([14]5,6,6)([15]11,3,4)([16]15,1,5)([17]15,13,7)([18]8,4,1)([19]15,2,7)([20]13,0,7)([21]0,13,3)([22]19,21,2)([23]18,21,2)([24]22,12,7)([25]13,1,5)([26]6,17,1)([27]13,6,4)([28]2,7,7)([29]4,27,4)([30]19,6,5)([31]14,24,4)([32]25,25,7)([33]11,20,5)([34]4,16,3)([35]3,34,2)([36]1,4,4)([37]24,3,4)([38]14,0,2)([39]35,6,4)([40]25,19,4)([41]23,39,5)([42]14,35,3)([43]33,30,7)([44]43,26,6)([45]27,32,4)([46]17,12,3)([47]37,40,6)([48]41,46,2)([49]21,16,5)([50]35,10,0)([51]48,21,7)([52]24,43,5)([53]43,40,4)([54]6,17,5)([55]2,3,2)([56]27,14,3)([57]42,44,3)([58]15,41,4)([59]31,28,6)([60]49,55,5)([61]51,60,2)([62]45,40,0)([63]37,56,4)([64]24,63,4)([65]42,17,2)([66]43,47,2)([67]17,18,4)([68]59,52,6)([69]47,63,6)([70]55,59,7)([71]55,35,4)([72]63,71,7)([73]53,61,6)([74]26,52,2)([75]39,63,0)([76]73,69,3)([77]27,24,7)([78]76,68,3)([79]34,50,7)([80]73,9,3)([81]51,69,4)([82]40,33,5)([83]35,49,7)([84]78,58,4)([85]75,76,7)([86]6,19,1)(84)
evaluations: 20068002
first invidual area: 158.82
{7,1,80,1,2,1,8}([7]1,0,3)([8]4,2,4)([9]7,8,3)([10]4,1,5)([11]6,9,2)([12]1,2,2)([13]5,10,4)([14]6,5,6)([15]11,3,4)([16]1,15,5)([17]8,7,1)([18]14,9,1)([19]15,2,7)([20]13,0,7)([21]0,13,3)([22]19,21,2)([23]17,21,2)([24]22,12,7)([25]1,13,5)([26]13,15,2)([27]13,6,4)([28]22,7,3)([29]4,16,3)([30]19,6,5)([31]27,14,3)([32]26,7,2)([33]20,11,5)([34]31,23,7)([35]29,3,5)([36]26,26,2)([37]24,3,4)([38]27,7,1)([39]35,6,7)([40]25,19,4)([41]23,39,5)([42]35,32,4)([43]33,30,7)([44]22,32,4)([45]0,3,2)([46]36,12,3)([47]37,40,6)([48]46,41,5)([49]43,24,5)([50]49,26,3)([51]48,21,4)([52]50,47,3)([53]43,40,4)([54]47,5,3)([55]28,32,3)([56]49,40,1)([57]7,21,2)([58]15,41,4)([59]38,45,6)([60]38,10,6)([61]51,28,2)([62]2,8,4)([63]37,31,4)([64]38,23,4)([65]60,51,7)([66]44,62,6)([67]41,25,4)([68]19,18,6)([69]47,63,6)([70]58,53,1)([71]2,54,1)([72]24,53,7)([73]53,61,6)([74]42,1,0)([75]53,23,0)([76]73,69,3)([77]49,68,6)([78]76,77,3)([79]49,43,5)([80]37,53,2)([81]65,53,3)([82]16,8,2)([83]13,13,6)([84]58,78,4)([85]29,20,5)([86]16,6,1)(84)
optimized area: 143.81
time: 1334791 ms
seed: 1635793118
NOT FOUND
time: 1091852 ms
seed: 1635836239
{7,1,80,1,2,1,8}([7]3,4,2)([8]1,3,3)([9]8,6,7)([10]5,0,2)([11]4,8,2)([12]1,3,2)([13]11,5,4)([14]6,2,4)([15]11,1,6)([16]0,3,7)([17]10,15,4)([18]0,13,6)([19]17,14,6)([20]18,8,3)([21]14,9,3)([22]18,14,3)([23]19,19,5)([24]5,4,4)([25]0,21,2)([26]21,0,1)([27]5,1,3)([28]4,25,2)([29]20,24,2)([30]29,16,2)([31]30,12,4)([32]5,31,6)([33]1,14,5)([34]2,24,6)([35]27,22,5)([36]33,8,4)([37]23,30,4)([38]28,9,4)([39]17,15,4)([40]30,38,4)([41]19,33,5)([42]7,30,0)([43]1,40,2)([44]42,40,6)([45]44,32,3)([46]27,30,5)([47]44,8,6)([48]35,2,5)([49]47,24,6)([50]48,45,2)([51]1,13,0)([52]13,10,4)([53]40,7,2)([54]49,50,4)([55]43,47,3)([56]22,51,5)([57]36,54,7)([58]54,19,6)([59]20,16,3)([60]9,43,6)([61]25,12,5)([62]51,19,7)([63]50,61,1)([64]29,34,7)([65]46,32,7)([66]54,9,0)([67]60,19,3)([68]35,7,2)([69]67,4,1)([70]58,5,0)([71]61,48,0)([72]19,7,2)([73]61,69,5)([74]54,48,3)([75]57,73,4)([76]28,32,1)([77]17,33,5)([78]30,75,3)([79]16,73,4)([80]53,60,6)([81]55,20,7)([82]75,52,7)([83]75,32,0)([84]68,30,0)([85]53,58,5)([86]25,30,5)(75)
evaluations: 33771923
first invidual area: 130.22
{7,1,80,1,2,1,8}([7]3,4,2)([8]3,1,3)([9]6,8,7)([10]0,5,5)([11]7,1,3)([12]3,1,2)([13]4,0,3)([14]6,2,4)([15]14,1,5)([16]6,2,3)([17]10,11,4)([18]13,5,6)([19]14,17,6)([20]5,1,3)([21]9,14,3)([22]8,4,3)([23]17,6,0)([24]5,4,4)([25]0,21,2)([26]3,0,7)([27]18,14,3)([28]25,4,5)([29]26,24,2)([30]22,29,5)([31]12,29,4)([32]5,31,6)([33]30,26,3)([34]11,17,2)([35]27,20,5)([36]15,8,5)([37]17,22,6)([38]28,9,4)([39]9,3,0)([40]30,38,4)([41]1,30,0)([42]21,12,4)([43]40,1,2)([44]7,40,6)([45]44,32,3)([46]35,2,5)([47]44,8,6)([48]34,18,6)([49]47,24,6)([50]45,46,5)([51]42,45,5)([52]1,6,3)([53]41,44,2)([54]36,50,4)([55]47,18,2)([56]47,15,1)([57]49,54,4)([58]38,32,5)([59]47,7,6)([60]39,43,6)([61]25,12,5)([62]32,49,7)([63]57,53,6)([64]47,56,1)([65]10,43,3)([66]33,38,7)([67]60,19,6)([68]13,24,6)([69]33,56,5)([70]60,48,2)([71]14,4,7)([72]60,18,1)([73]61,67,5)([74]4,11,0)([75]23,52,0)([76]39,38,7)([77]48,30,1)([78]29,38,0)([79]57,73,4)([80]55,38,1)([81]44,27,4)([82]65,53,2)([83]39,5,2)([84]23,28,6)([85]49,45,5)([86]24,52,1)(79)
optimized area: 119.43
time: 1149222 ms
