seed: 1634032424
NOT FOUND
time: 528464 ms
seed: 1634242774
NOT FOUND
time: 527548 ms
seed: 1634380326
NOT FOUND
time: 522835 ms
seed: 1634429318
NOT FOUND
time: 549959 ms
seed: 1634637633
{7,1,80,1,2,1,8}([7]4,6,2)([8]6,5,7)([9]6,7,7)([10]2,1,5)([11]9,2,4)([12]11,8,5)([13]5,3,6)([14]1,12,3)([15]9,3,2)([16]10,14,4)([17]15,1,4)([18]17,6,2)([19]13,16,4)([20]0,18,4)([21]19,18,2)([22]11,21,4)([23]12,7,5)([24]1,15,7)([25]16,11,7)([26]1,3,2)([27]11,6,7)([28]4,4,5)([29]4,20,7)([30]6,16,3)([31]24,29,6)([32]29,15,4)([33]10,8,7)([34]12,6,4)([35]34,32,4)([36]7,25,4)([37]19,31,3)([38]29,22,7)([39]35,33,3)([40]20,29,3)([41]10,27,2)([42]25,2,6)([43]2,28,1)([44]17,13,6)([45]30,39,5)([46]0,14,5)([47]26,36,7)([48]38,39,2)([49]12,38,4)([50]15,5,4)([51]15,39,5)([52]46,46,4)([53]32,12,2)([54]53,40,2)([55]52,14,5)([56]0,43,2)([57]3,51,4)([58]30,55,3)([59]37,5,7)([60]59,45,5)([61]1,18,1)([62]30,11,5)([63]39,3,4)([64]28,45,7)([65]9,29,4)([66]59,50,4)([67]55,53,4)([68]48,46,4)([69]53,2,0)([70]54,16,1)([71]70,47,3)([72]27,52,5)([73]48,67,7)([74]36,7,3)([75]30,54,2)([76]68,60,5)([77]38,4,2)([78]43,76,0)([79]31,27,2)([80]5,1,3)([81]75,44,1)([82]45,5,7)([83]70,9,7)([84]71,76,2)([85]71,12,6)([86]11,41,0)(84)
evaluations: 45045017
first invidual area: 146.20
{7,1,80,1,2,1,8}([7]6,4,2)([8]6,5,7)([9]7,6,7)([10]2,1,5)([11]2,9,4)([12]11,8,5)([13]5,3,6)([14]1,12,3)([15]9,3,2)([16]10,14,5)([17]15,1,4)([18]17,6,2)([19]13,16,4)([20]0,18,4)([21]19,18,5)([22]11,21,7)([23]15,8,7)([24]17,6,1)([25]16,22,3)([26]1,3,5)([27]6,16,3)([28]11,26,3)([29]4,20,7)([30]14,10,4)([31]24,29,6)([32]29,15,4)([33]10,8,7)([34]13,22,5)([35]6,32,7)([36]7,25,7)([37]19,31,6)([38]29,22,7)([39]35,33,3)([40]20,37,3)([41]32,12,5)([42]12,23,0)([43]35,4,5)([44]33,31,7)([45]0,13,3)([46]0,14,5)([47]26,36,4)([48]38,39,5)([49]19,28,4)([50]5,38,7)([51]42,19,4)([52]46,15,5)([53]32,12,2)([54]53,40,5)([55]5,27,5)([56]27,39,5)([57]54,40,0)([58]29,7,5)([59]37,5,4)([60]59,56,5)([61]14,34,6)([62]43,14,6)([63]59,5,4)([64]22,10,7)([65]19,7,0)([66]62,49,5)([67]57,61,7)([68]48,46,7)([69]37,6,1)([70]29,12,3)([71]54,47,3)([72]6,12,1)([73]19,33,1)([74]62,56,5)([75]37,68,5)([76]68,60,5)([77]2,22,7)([78]60,62,7)([79]12,64,1)([80]13,15,6)([81]25,23,5)([82]34,39,3)([83]6,42,5)([84]71,76,2)([85]46,75,0)([86]31,66,3)(84)
optimized area: 129.77
time: 542906 ms
seed: 1635164620
{7,1,80,1,2,1,8}([7]6,2,0)([8]1,2,4)([9]0,8,4)([10]9,1,3)([11]9,2,6)([12]11,7,4)([13]1,6,7)([14]1,4,3)([15]5,14,7)([16]4,12,4)([17]15,12,5)([18]9,16,3)([19]15,9,7)([20]19,14,6)([21]12,7,5)([22]17,10,4)([23]5,13,7)([24]5,11,0)([25]24,22,3)([26]25,3,3)([27]16,22,0)([28]26,17,2)([29]10,23,4)([30]12,20,4)([31]30,8,7)([32]10,16,3)([33]23,27,5)([34]3,4,0)([35]4,2,5)([36]35,26,7)([37]20,3,6)([38]21,32,3)([39]33,31,5)([40]21,27,5)([41]36,5,7)([42]36,0,6)([43]39,32,2)([44]11,34,0)([45]29,35,2)([46]26,32,6)([47]23,42,5)([48]12,7,3)([49]25,40,3)([50]26,4,5)([51]28,42,2)([52]27,27,1)([53]19,9,1)([54]10,5,2)([55]22,50,6)([56]49,50,1)([57]37,10,1)([58]27,37,3)([59]21,55,5)([60]57,43,2)([61]39,40,0)([62]59,60,7)([63]51,57,7)([64]62,56,3)([65]37,25,4)([66]49,59,1)([67]23,65,6)([68]17,47,7)([69]0,1,1)([70]6,16,4)([71]9,62,0)([72]38,68,5)([73]57,30,6)([74]31,33,2)([75]19,32,0)([76]74,75,7)([77]12,46,2)([78]72,63,2)([79]32,44,6)([80]67,52,6)([81]78,64,4)([82]3,76,1)([83]46,42,3)([84]42,26,5)([85]16,37,2)([86]80,47,4)(81)
evaluations: 28710339
first invidual area: 138.66
{7,1,80,1,2,1,8}([7]1,5,1)([8]2,1,4)([9]8,0,4)([10]1,9,3)([11]9,2,6)([12]6,11,4)([13]6,1,4)([14]4,1,3)([15]5,14,7)([16]12,4,4)([17]12,15,5)([18]17,15,4)([19]15,10,7)([20]14,19,6)([21]6,12,5)([22]10,17,4)([23]5,13,4)([24]21,17,0)([25]20,8,7)([26]19,3,3)([27]2,17,4)([28]2,10,0)([29]16,21,5)([30]17,16,2)([31]25,5,2)([32]10,16,3)([33]23,16,5)([34]14,12,3)([35]4,28,5)([36]25,12,4)([37]20,3,3)([38]19,4,7)([39]33,36,5)([40]35,31,6)([41]26,35,7)([42]41,0,6)([43]32,39,2)([44]19,39,7)([45]26,4,5)([46]8,31,0)([47]42,23,5)([48]7,36,1)([49]5,29,3)([50]30,39,1)([51]25,19,7)([52]16,33,1)([53]22,49,6)([54]17,18,2)([55]22,45,6)([56]16,9,0)([57]21,32,3)([58]14,40,3)([59]21,55,5)([60]37,43,5)([61]55,42,5)([62]59,60,4)([63]61,37,4)([64]62,53,6)([65]48,2,5)([66]8,23,1)([67]56,61,2)([68]17,47,7)([69]3,0,5)([70]45,37,2)([71]0,2,2)([72]57,68,5)([73]39,58,3)([74]21,50,3)([75]72,1,1)([76]17,26,2)([77]48,69,7)([78]72,63,5)([79]42,18,5)([80]72,25,3)([81]78,64,4)([82]59,23,7)([83]57,38,2)([84]64,50,3)([85]76,7,0)([86]68,46,0)(81)
optimized area: 132.11
time: 634205 ms
seed: 1635213781
{7,1,80,1,2,1,8}([7]4,5,2)([8]3,5,7)([9]7,3,4)([10]0,2,3)([11]1,8,3)([12]10,4,7)([13]3,5,3)([14]9,1,4)([15]13,6,7)([16]2,1,7)([17]14,10,7)([18]2,14,0)([19]13,6,6)([20]0,8,4)([21]12,10,5)([22]21,11,4)([23]15,12,7)([24]17,15,2)([25]6,17,5)([26]22,5,3)([27]17,20,4)([28]27,1,7)([29]3,9,4)([30]23,13,0)([31]3,10,4)([32]17,12,6)([33]22,11,2)([34]11,30,3)([35]26,20,5)([36]27,18,4)([37]24,33,3)([38]23,7,7)([39]10,29,3)([40]35,37,2)([41]2,15,3)([42]9,36,6)([43]29,31,7)([44]30,39,6)([45]21,36,6)([46]40,7,4)([47]41,22,4)([48]46,42,4)([49]47,42,6)([50]40,34,7)([51]50,48,5)([52]51,45,6)([53]25,30,5)([54]12,43,5)([55]9,13,6)([56]33,2,1)([57]13,18,2)([58]0,40,0)([59]3,27,7)([60]53,52,7)([61]9,24,1)([62]13,29,1)([63]27,49,5)([64]27,34,2)([65]62,52,2)([66]16,65,3)([67]2,17,4)([68]18,3,1)([69]34,58,5)([70]57,9,6)([71]6,0,5)([72]64,55,0)([73]43,17,4)([74]52,0,3)([75]31,12,4)([76]63,60,2)([77]64,65,7)([78]75,31,1)([79]75,11,1)([80]8,69,7)([81]70,76,7)([82]15,37,2)([83]2,39,1)([84]71,62,0)([85]68,78,6)([86]46,2,0)(81)
evaluations: 18683297
first invidual area: 133.07
{7,1,80,1,2,1,8}([7]4,5,2)([8]5,3,7)([9]3,7,4)([10]2,0,3)([11]8,1,3)([12]10,4,7)([13]5,3,3)([14]10,1,4)([15]6,13,7)([16]2,13,2)([17]9,14,7)([18]2,15,3)([19]15,2,2)([20]8,0,4)([21]10,12,5)([22]21,11,4)([23]12,15,7)([24]17,15,5)([25]6,17,5)([26]13,19,5)([27]22,10,6)([28]25,2,7)([29]17,17,2)([30]3,7,1)([31]6,24,0)([32]20,29,4)([33]22,5,3)([34]11,23,3)([35]33,20,5)([36]32,2,4)([37]24,21,5)([38]6,36,1)([39]15,31,4)([40]35,37,5)([41]11,8,7)([42]9,36,6)([43]34,40,5)([44]0,14,6)([45]21,36,6)([46]34,7,4)([47]18,22,4)([48]42,46,4)([49]47,42,6)([50]2,29,4)([51]43,48,5)([52]51,45,6)([53]32,37,0)([54]7,45,2)([55]43,10,7)([56]33,36,5)([57]23,25,5)([58]33,57,3)([59]5,1,3)([60]21,53,1)([61]50,57,7)([62]19,25,4)([63]49,53,5)([64]57,52,7)([65]29,12,5)([66]19,54,3)([67]36,54,3)([68]53,9,5)([69]45,29,6)([70]62,37,4)([71]23,60,5)([72]5,64,4)([73]20,72,4)([74]56,4,4)([75]9,16,3)([76]64,63,5)([77]69,42,5)([78]23,15,7)([79]71,24,5)([80]18,21,7)([81]35,5,2)([82]68,72,6)([83]23,4,0)([84]75,76,7)([85]28,74,2)([86]5,66,3)(84)
optimized area: 126.03
time: 644826 ms
seed: 1635644223
NOT FOUND
time: 1063728 ms
seed: 1635691941
{7,1,80,1,2,1,8}([7]5,6,7)([8]1,3,4)([9]4,8,7)([10]1,5,4)([11]10,6,2)([12]10,0,2)([13]6,9,4)([14]4,2,6)([15]12,7,6)([16]6,5,6)([17]14,8,6)([18]4,8,3)([19]14,6,2)([20]4,6,6)([21]18,5,4)([22]13,15,3)([23]0,3,4)([24]5,23,2)([25]0,15,6)([26]10,13,3)([27]15,21,5)([28]22,0,1)([29]24,18,2)([30]2,19,6)([31]2,20,7)([32]1,27,6)([33]17,11,6)([34]25,19,7)([35]17,12,6)([36]30,0,4)([37]32,31,6)([38]12,25,0)([39]10,38,3)([40]27,24,7)([41]34,29,1)([42]17,23,7)([43]24,39,2)([44]20,41,7)([45]41,44,2)([46]18,40,4)([47]37,23,1)([48]15,26,4)([49]33,40,0)([50]10,33,1)([51]28,42,2)([52]4,2,7)([53]49,43,6)([54]21,47,6)([55]40,43,4)([56]49,16,5)([57]36,15,4)([58]52,49,0)([59]24,34,7)([60]38,27,1)([61]30,45,2)([62]46,30,6)([63]6,27,6)([64]58,25,7)([65]64,20,3)([66]37,51,7)([67]62,46,7)([68]36,57,1)([69]39,4,0)([70]38,65,4)([71]44,33,2)([72]57,70,3)([73]59,17,6)([74]35,11,5)([75]5,29,4)([76]20,26,0)([77]16,24,6)([78]66,73,3)([79]72,71,4)([80]6,33,4)([81]7,40,7)([82]78,79,5)([83]74,82,0)([84]59,73,4)([85]51,50,3)([86]71,2,4)(82)
evaluations: 20976856
first invidual area: 144.79
{7,1,80,1,2,1,8}([7]6,5,7)([8]3,1,4)([9]4,5,2)([10]1,5,4)([11]6,4,4)([12]10,0,2)([13]11,8,7)([14]4,2,6)([15]7,12,6)([16]13,15,5)([17]8,14,6)([18]8,8,7)([19]14,6,2)([20]11,6,6)([21]18,0,2)([22]12,14,0)([23]3,0,4)([24]23,20,1)([25]6,10,2)([26]14,13,7)([27]10,14,4)([28]25,17,6)([29]13,15,6)([30]16,23,6)([31]2,19,3)([32]0,15,6)([33]20,2,1)([34]32,19,7)([35]24,18,2)([36]30,4,5)([37]20,0,5)([38]20,2,7)([39]2,4,5)([40]18,28,6)([41]23,17,7)([42]23,5,5)([43]39,0,1)([44]32,31,6)([45]34,32,0)([46]8,38,5)([47]2,19,7)([48]38,29,6)([49]15,0,3)([50]40,9,7)([51]29,41,5)([52]45,38,2)([53]38,22,4)([54]45,40,0)([55]4,51,6)([56]30,38,6)([57]34,39,7)([58]0,15,7)([59]42,54,4)([60]31,58,4)([61]0,43,1)([62]20,54,4)([63]9,32,2)([64]7,31,6)([65]57,20,6)([66]56,51,4)([67]7,40,6)([68]59,19,5)([69]22,65,6)([70]48,4,6)([71]62,28,5)([72]60,69,3)([73]59,17,6)([74]53,38,4)([75]66,68,7)([76]39,39,1)([77]9,68,2)([78]66,73,3)([79]72,71,7)([80]76,74,5)([81]3,72,1)([82]78,79,5)([83]24,26,0)([84]73,64,4)([85]24,26,6)([86]28,3,6)(82)
optimized area: 128.38
time: 1225448 ms
seed: 1635739798
NOT FOUND
time: 1069553 ms
seed: 1635787043
NOT FOUND
time: 1064265 ms
seed: 1635833952
{7,1,80,1,2,1,8}([7]2,1,4)([8]3,7,4)([9]3,8,2)([10]4,8,6)([11]6,9,6)([12]8,11,7)([13]4,6,6)([14]0,13,7)([15]5,3,4)([16]1,11,5)([17]10,15,4)([18]1,5,6)([19]6,10,3)([20]16,18,4)([21]13,18,1)([22]0,7,4)([23]20,0,3)([24]4,23,7)([25]2,17,3)([26]25,13,4)([27]6,9,1)([28]18,24,2)([29]24,23,3)([30]7,7,7)([31]14,28,4)([32]19,31,4)([33]16,25,2)([34]32,15,2)([35]33,17,4)([36]33,32,6)([37]20,24,3)([38]26,12,4)([39]38,16,2)([40]4,14,4)([41]2,10,5)([42]34,36,7)([43]27,6,3)([44]7,40,2)([45]41,34,4)([46]42,24,5)([47]41,13,0)([48]46,39,3)([49]38,46,3)([50]45,29,2)([51]16,44,7)([52]27,23,0)([53]22,42,6)([54]19,44,0)([55]52,36,0)([56]6,7,5)([57]11,15,3)([58]18,12,7)([59]23,40,6)([60]48,26,7)([61]32,22,4)([62]14,56,5)([63]51,37,4)([64]57,53,7)([65]50,51,6)([66]63,16,3)([67]1,42,2)([68]64,65,5)([69]9,5,1)([70]5,5,2)([71]2,57,0)([72]60,68,7)([73]6,69,1)([74]72,60,2)([75]39,57,6)([76]23,27,7)([77]63,38,7)([78]28,10,6)([79]73,78,6)([80]22,29,3)([81]36,79,1)([82]66,26,7)([83]70,14,3)([84]63,36,6)([85]27,12,7)([86]3,35,5)(72)
evaluations: 46940170
first invidual area: 148.08
{7,1,80,1,2,1,8}([7]2,1,4)([8]3,7,4)([9]3,8,2)([10]4,8,6)([11]6,9,6)([12]8,11,7)([13]4,6,6)([14]0,13,7)([15]5,3,4)([16]1,11,5)([17]10,15,4)([18]1,5,6)([19]6,10,6)([20]18,16,4)([21]15,17,3)([22]0,7,4)([23]20,0,3)([24]4,23,7)([25]2,17,3)([26]25,13,4)([27]10,20,5)([28]18,24,2)([29]12,23,3)([30]10,25,1)([31]14,28,4)([32]19,31,7)([33]16,25,2)([34]32,15,2)([35]30,10,3)([36]33,32,6)([37]36,22,0)([38]26,12,4)([39]35,29,5)([40]14,4,4)([41]2,10,5)([42]34,36,6)([43]39,15,1)([44]7,40,5)([45]41,34,4)([46]42,24,5)([47]27,6,3)([48]46,38,6)([49]40,18,7)([50]45,29,2)([51]16,44,4)([52]22,18,5)([53]22,42,6)([54]45,12,4)([55]53,51,1)([56]45,23,5)([57]11,15,6)([58]55,2,2)([59]44,7,1)([60]48,26,7)([61]27,53,1)([62]35,17,0)([63]58,37,1)([64]57,53,3)([65]50,51,6)([66]26,47,1)([67]29,6,4)([68]64,65,5)([69]21,18,6)([70]40,18,4)([71]27,56,4)([72]60,68,4)([73]42,56,5)([74]73,54,5)([75]61,12,5)([76]52,74,4)([77]0,15,7)([78]8,27,6)([79]69,51,2)([80]22,22,7)([81]53,33,3)([82]1,59,0)([83]43,6,6)([84]9,1,5)([85]16,12,3)([86]67,43,2)(72)
optimized area: 140.57
time: 1080289 ms
seed: 1635877037
NOT FOUND
time: 1057706 ms
seed: 1635919116
NOT FOUND
time: 1072355 ms
seed: 1635955407
{7,1,80,1,2,1,8}([7]4,3,2)([8]2,0,7)([9]8,1,3)([10]0,1,7)([11]5,4,7)([12]11,7,4)([13]6,11,6)([14]4,6,3)([15]0,12,2)([16]15,11,3)([17]5,15,4)([18]15,2,6)([19]16,9,0)([20]0,3,7)([21]7,1,4)([22]6,17,3)([23]10,5,2)([24]4,9,2)([25]8,5,7)([26]22,21,4)([27]18,14,7)([28]24,16,6)([29]18,5,7)([30]15,13,1)([31]25,27,5)([32]26,2,6)([33]20,17,0)([34]20,31,3)([35]3,9,7)([36]11,12,7)([37]28,33,5)([38]32,0,3)([39]21,16,5)([40]27,10,6)([41]1,38,6)([42]37,35,5)([43]20,41,0)([44]31,37,5)([45]28,31,2)([46]18,23,7)([47]6,11,0)([48]46,42,5)([49]11,47,5)([50]47,39,0)([51]15,26,7)([52]39,47,6)([53]45,26,7)([54]53,52,4)([55]3,12,1)([56]30,54,1)([57]48,36,4)([58]32,44,5)([59]52,37,1)([60]0,50,3)([61]45,37,3)([62]27,58,7)([63]4,62,0)([64]9,40,5)([65]62,12,0)([66]57,54,5)([67]27,26,1)([68]27,19,5)([69]54,29,7)([70]63,62,2)([71]16,62,3)([72]6,7,6)([73]40,31,4)([74]9,39,2)([75]25,28,3)([76]2,28,1)([77]75,31,0)([78]32,29,1)([79]40,30,6)([80]57,56,3)([81]21,4,1)([82]12,79,5)([83]49,28,0)([84]81,45,0)([85]62,66,4)([86]5,79,7)(85)
evaluations: 31898257
first invidual area: 129.80
{7,1,80,1,2,1,8}([7]3,4,2)([8]2,0,7)([9]8,1,3)([10]1,0,7)([11]5,4,7)([12]11,7,4)([13]0,3,7)([14]6,4,3)([15]0,12,2)([16]15,11,3)([17]15,5,4)([18]2,15,6)([19]17,6,3)([20]10,5,5)([21]1,7,4)([22]2,19,0)([23]5,8,7)([24]9,4,2)([25]15,6,3)([26]19,21,4)([27]18,14,7)([28]16,24,6)([29]21,27,5)([30]16,21,5)([31]23,27,5)([32]18,20,4)([33]27,11,7)([34]32,2,0)([35]3,9,7)([36]26,2,6)([37]28,13,5)([38]27,2,2)([39]3,11,6)([40]10,21,0)([41]30,3,0)([42]14,14,3)([43]1,8,0)([44]31,37,5)([45]16,13,3)([46]29,9,7)([47]37,35,5)([48]34,47,5)([49]34,27,6)([50]41,6,3)([51]11,34,0)([52]28,31,5)([53]52,26,7)([54]53,50,4)([55]21,29,4)([56]27,47,0)([57]48,7,7)([58]44,36,5)([59]56,58,4)([60]3,46,0)([61]1,18,7)([62]22,45,5)([63]38,56,4)([64]49,54,6)([65]13,52,7)([66]57,54,5)([67]7,25,7)([68]33,15,5)([69]5,15,3)([70]33,4,1)([71]45,40,4)([72]59,3,4)([73]66,59,7)([74]12,69,0)([75]35,51,5)([76]73,24,7)([77]41,56,2)([78]70,40,3)([79]29,73,3)([80]48,55,0)([81]68,64,4)([82]28,78,7)([83]41,37,3)([84]71,9,6)([85]48,68,2)([86]63,78,2)(73)
optimized area: 124.17
time: 1181281 ms
seed: 1635991488
NOT FOUND
time: 1059837 ms
seed: 1636027429
NOT FOUND
time: 1064241 ms
seed: 1636062136
NOT FOUND
time: 1074286 ms
seed: 1636096037
NOT FOUND
time: 1067703 ms
seed: 1636129164
NOT FOUND
time: 1051629 ms
seed: 1636161828
NOT FOUND
time: 1058873 ms
seed: 1636194246
{7,1,80,1,2,1,8}([7]0,1,7)([8]3,4,6)([9]4,1,0)([10]0,2,7)([11]3,10,6)([12]5,11,4)([13]3,7,6)([14]6,8,7)([15]6,4,6)([16]14,7,7)([17]6,12,4)([18]15,5,4)([19]18,10,3)([20]16,1,5)([21]16,7,4)([22]14,1,6)([23]15,16,4)([24]23,12,5)([25]13,12,2)([26]11,24,4)([27]4,3,2)([28]7,17,4)([29]9,20,7)([30]27,29,3)([31]12,27,3)([32]6,8,5)([33]12,10,6)([34]19,17,2)([35]27,9,5)([36]19,29,5)([37]6,26,5)([38]10,8,6)([39]17,26,5)([40]2,3,7)([41]38,2,0)([42]35,8,1)([43]7,40,1)([44]36,40,3)([45]2,25,7)([46]38,24,5)([47]28,26,2)([48]44,46,4)([49]22,31,2)([50]10,10,2)([51]26,10,6)([52]45,38,2)([53]34,47,7)([54]10,40,2)([55]26,25,2)([56]55,14,7)([57]51,16,5)([58]30,28,4)([59]45,15,4)([60]18,58,7)([61]43,0,1)([62]57,45,1)([63]44,42,0)([64]57,60,4)([65]64,33,1)([66]2,43,0)([67]38,30,3)([68]16,2,2)([69]12,46,1)([70]49,21,3)([71]58,52,3)([72]69,40,5)([73]67,22,5)([74]59,49,6)([75]48,71,5)([76]27,5,1)([77]74,35,0)([78]37,75,2)([79]77,75,7)([80]40,35,0)([81]65,45,7)([82]16,73,0)([83]36,46,0)([84]5,34,7)([85]64,64,6)([86]41,9,6)(79)
evaluations: 31674185
first invidual area: 121.83
{7,1,80,1,2,1,8}([7]0,1,7)([8]4,3,6)([9]7,3,6)([10]2,0,7)([11]3,10,6)([12]11,5,4)([13]9,3,7)([14]8,6,7)([15]6,4,6)([16]14,7,7)([17]12,16,4)([18]15,5,4)([19]18,10,3)([20]15,13,7)([21]9,12,5)([22]14,1,6)([23]15,16,4)([24]12,23,5)([25]16,1,5)([26]8,17,7)([27]4,3,2)([28]2,3,7)([29]4,25,7)([30]19,13,2)([31]28,26,7)([32]16,28,1)([33]27,12,3)([34]22,33,2)([35]24,13,0)([36]19,29,5)([37]2,10,1)([38]3,18,7)([39]13,9,3)([40]24,24,1)([41]8,10,6)([42]29,27,6)([43]34,17,3)([44]36,28,3)([45]2,21,4)([46]35,41,5)([47]3,11,3)([48]5,44,1)([49]19,14,0)([50]45,41,2)([51]45,15,4)([52]47,12,5)([53]10,16,3)([54]5,10,3)([55]23,0,4)([56]43,34,6)([57]0,7,1)([58]42,26,4)([59]46,44,4)([60]37,2,6)([61]10,9,0)([62]0,7,1)([63]22,21,3)([64]18,26,3)([65]11,16,6)([66]45,42,2)([67]0,51,3)([68]30,29,3)([69]36,27,0)([70]53,43,0)([71]58,50,3)([72]9,22,6)([73]6,17,1)([74]34,51,3)([75]59,71,5)([76]33,22,3)([77]74,75,4)([78]59,9,3)([79]23,60,4)([80]30,6,6)([81]56,14,1)([82]20,11,7)([83]45,12,5)([84]15,3,0)([85]71,76,5)([86]56,30,6)(77)
optimized area: 121.36
time: 1160648 ms
seed: 1636224914
{7,1,80,1,2,1,8}([7]3,5,7)([8]3,1,7)([9]5,8,5)([10]2,9,1)([11]10,0,2)([12]5,7,3)([13]6,0,1)([14]2,13,4)([15]7,13,3)([16]4,5,1)([17]8,10,7)([18]6,5,0)([19]4,5,3)([20]19,9,7)([21]5,2,3)([22]20,13,5)([23]0,16,3)([24]17,15,4)([25]14,4,4)([26]24,22,4)([27]25,4,3)([28]9,21,2)([29]6,7,1)([30]4,26,0)([31]13,8,7)([32]7,26,5)([33]6,3,3)([34]26,2,3)([35]11,33,4)([36]6,0,0)([37]36,3,0)([38]6,4,5)([39]1,15,4)([40]39,34,0)([41]9,10,6)([42]16,24,5)([43]2,25,1)([44]42,0,2)([45]25,40,3)([46]30,22,5)([47]16,5,0)([48]47,30,7)([49]44,1,2)([50]5,41,5)([51]0,19,7)([52]35,28,3)([53]6,17,5)([54]38,24,4)([55]36,51,6)([56]46,26,4)([57]50,45,5)([58]29,45,4)([59]29,1,5)([60]27,15,1)([61]1,51,5)([62]44,57,4)([63]2,21,0)([64]25,25,5)([65]53,3,0)([66]28,31,6)([67]27,32,4)([68]49,49,4)([69]67,47,0)([70]52,23,2)([71]63,28,4)([72]56,52,5)([73]71,60,4)([74]27,57,1)([75]45,6,6)([76]42,34,3)([77]61,72,5)([78]74,41,2)([79]39,65,3)([80]77,62,6)([81]67,80,7)([82]23,9,2)([83]72,34,3)([84]16,28,4)([85]9,9,3)([86]40,69,0)(81)
evaluations: 39364260
first invidual area: 121.33
{7,1,80,1,2,1,8}([7]5,3,7)([8]3,1,7)([9]5,8,5)([10]3,0,2)([11]0,1,5)([12]0,10,6)([13]2,9,5)([14]6,10,1)([15]7,14,3)([16]8,2,4)([17]2,3,4)([18]5,2,3)([19]5,4,3)([20]19,14,2)([21]9,3,5)([22]20,9,5)([23]6,15,0)([24]16,15,4)([25]6,4,5)([26]22,24,4)([27]20,10,6)([28]18,9,2)([29]16,9,3)([30]26,5,0)([31]16,2,7)([32]12,22,0)([33]4,0,1)([34]2,14,7)([35]34,33,4)([36]0,7,0)([37]30,27,7)([38]26,7,5)([39]1,15,4)([40]33,24,5)([41]28,38,1)([42]4,35,6)([43]32,41,5)([44]40,36,5)([45]9,22,4)([46]42,15,3)([47]30,25,4)([48]36,32,5)([49]40,3,6)([50]35,39,3)([51]4,21,6)([52]27,28,3)([53]46,36,2)([54]2,2,0)([55]52,5,3)([56]20,7,4)([57]29,50,5)([58]36,19,7)([59]34,25,7)([60]5,18,0)([61]1,58,5)([62]44,57,7)([63]26,37,4)([64]10,44,5)([65]56,49,5)([66]37,17,3)([67]42,38,4)([68]10,61,4)([69]13,19,6)([70]10,9,2)([71]48,45,3)([72]47,52,5)([73]15,11,3)([74]22,18,2)([75]49,2,3)([76]3,7,7)([77]61,72,5)([78]72,47,2)([79]42,73,6)([80]77,62,6)([81]67,80,4)([82]55,55,0)([83]36,62,1)([84]51,62,3)([85]55,7,5)([86]61,34,1)(81)
optimized area: 110.55
time: 1106943 ms
seed: 1636254833
NOT FOUND
time: 1121021 ms
seed: 1636274008
{7,1,80,1,2,1,8}([7]2,1,4)([8]6,3,6)([9]0,1,0)([10]0,6,4)([11]5,3,0)([12]3,4,5)([13]7,11,2)([14]1,3,5)([15]9,14,5)([16]15,12,7)([17]4,6,5)([18]4,8,3)([19]9,2,7)([20]5,7,3)([21]9,13,4)([22]15,6,1)([23]14,21,7)([24]4,10,7)([25]13,23,5)([26]21,10,2)([27]19,10,3)([28]21,15,2)([29]4,25,0)([30]20,2,5)([31]23,0,2)([32]14,4,7)([33]20,17,4)([34]14,18,3)([35]34,33,7)([36]33,6,3)([37]26,24,1)([38]23,16,6)([39]32,13,4)([40]23,8,6)([41]28,2,4)([42]34,22,2)([43]28,16,4)([44]22,33,1)([45]33,37,5)([46]11,18,2)([47]22,12,0)([48]32,31,3)([49]12,30,3)([50]25,16,0)([51]40,32,7)([52]24,49,4)([53]18,52,4)([54]37,48,2)([55]54,14,5)([56]7,44,6)([57]51,52,6)([58]33,23,3)([59]24,46,5)([60]36,16,4)([61]31,20,0)([62]41,54,2)([63]30,17,2)([64]10,61,3)([65]62,59,4)([66]43,33,3)([67]50,13,6)([68]66,52,7)([69]57,63,3)([70]65,69,5)([71]19,18,5)([72]27,10,6)([73]70,50,5)([74]12,8,6)([75]33,21,7)([76]16,42,7)([77]73,68,4)([78]71,8,2)([79]6,46,4)([80]32,34,3)([81]22,71,3)([82]23,74,0)([83]58,44,5)([84]22,73,0)([85]69,60,7)([86]33,70,6)(77)
evaluations: 28534950
first invidual area: 128.36
{7,1,80,1,2,1,8}([7]2,1,4)([8]6,3,6)([9]5,7,0)([10]0,6,4)([11]5,7,3)([12]4,3,5)([13]7,9,2)([14]1,3,5)([15]0,14,5)([16]8,10,3)([17]6,4,5)([18]8,8,2)([19]2,2,2)([20]18,18,1)([21]13,0,4)([22]12,15,7)([23]14,21,7)([24]10,4,7)([25]6,23,5)([26]23,15,5)([27]16,24,2)([28]15,21,2)([29]10,21,5)([30]11,19,5)([31]20,12,4)([32]13,23,5)([33]6,7,3)([34]17,30,2)([35]31,28,2)([36]14,4,7)([37]28,22,4)([38]17,11,4)([39]30,4,6)([40]23,36,3)([41]24,12,6)([42]29,40,2)([43]14,7,0)([44]42,36,3)([45]13,0,4)([46]19,28,3)([47]19,28,4)([48]44,14,4)([49]12,30,6)([50]26,15,4)([51]8,40,4)([52]24,49,7)([53]43,49,4)([54]47,42,2)([55]52,51,6)([56]31,16,0)([57]31,28,3)([58]1,49,1)([59]5,27,5)([60]37,31,3)([61]8,26,6)([62]12,54,5)([63]57,57,5)([64]47,39,3)([65]62,59,7)([66]37,38,3)([67]25,50,1)([68]66,52,4)([69]55,34,3)([70]65,69,5)([71]58,61,5)([72]48,7,2)([73]70,32,5)([74]20,21,0)([75]29,23,4)([76]32,56,7)([77]73,68,7)([78]19,44,5)([79]37,8,6)([80]78,77,2)([81]15,67,2)([82]44,25,1)([83]44,1,4)([84]6,72,5)([85]20,83,3)([86]60,7,1)(77)
optimized area: 123.68
time: 1175623 ms
seed: 1636290507
NOT FOUND
time: 1063232 ms
seed: 1636307013
NOT FOUND
time: 1059651 ms
seed: 1636323344
{7,1,80,1,2,1,8}([7]5,4,5)([8]6,4,7)([9]5,3,1)([10]3,1,4)([11]8,1,7)([12]0,2,4)([13]2,8,7)([14]2,8,3)([15]5,4,4)([16]12,11,1)([17]12,7,3)([18]3,11,7)([19]18,0,2)([20]18,1,3)([21]19,10,3)([22]4,18,5)([23]3,22,5)([24]0,20,4)([25]13,11,0)([26]15,24,2)([27]17,8,0)([28]21,26,7)([29]22,13,5)([30]23,7,4)([31]28,11,3)([32]17,19,4)([33]3,15,6)([34]10,11,3)([35]5,19,5)([36]11,33,5)([37]29,5,3)([38]30,31,2)([39]10,13,7)([40]18,5,3)([41]18,34,0)([42]16,38,7)([43]35,31,5)([44]42,38,6)([45]42,3,7)([46]29,2,6)([47]21,4,7)([48]9,1,0)([49]12,17,1)([50]26,44,5)([51]20,3,3)([52]5,42,2)([53]30,3,0)([54]47,9,7)([55]49,52,6)([56]42,23,2)([57]46,43,3)([58]55,57,5)([59]58,29,4)([60]10,12,0)([61]50,59,4)([62]27,51,6)([63]18,9,1)([64]26,36,6)([65]10,64,1)([66]54,30,4)([67]52,5,6)([68]8,40,4)([69]66,32,6)([70]4,29,4)([71]5,23,2)([72]2,65,0)([73]42,64,2)([74]61,73,6)([75]52,57,1)([76]74,69,6)([77]32,61,7)([78]43,15,3)([79]25,58,3)([80]15,4,1)([81]20,35,3)([82]28,32,6)([83]13,54,7)([84]36,3,5)([85]68,38,1)([86]82,51,6)(76)
evaluations: 39913045
first invidual area: 142.88
{7,1,80,1,2,1,8}([7]5,4,5)([8]4,6,7)([9]1,3,4)([10]5,6,7)([11]8,1,7)([12]2,0,4)([13]2,8,7)([14]7,12,6)([15]5,4,4)([16]12,14,1)([17]5,16,3)([18]3,11,7)([19]18,0,2)([20]18,1,6)([21]19,9,3)([22]4,18,5)([23]22,3,5)([24]0,20,7)([25]19,14,6)([26]24,15,2)([27]6,19,5)([28]21,26,7)([29]22,13,5)([30]23,7,4)([31]28,11,3)([32]17,26,7)([33]6,2,2)([34]32,33,6)([35]9,20,0)([36]11,23,5)([37]32,11,3)([38]30,31,5)([39]21,19,5)([40]16,30,0)([41]17,9,6)([42]16,38,4)([43]27,31,5)([44]28,15,6)([45]34,20,6)([46]8,2,6)([47]42,12,6)([48]39,44,3)([49]0,3,2)([50]26,47,5)([51]6,34,5)([52]5,42,2)([53]48,17,6)([54]51,33,4)([55]40,52,6)([56]8,55,6)([57]46,43,3)([58]55,57,5)([59]58,29,4)([60]42,35,5)([61]50,59,4)([62]61,52,6)([63]62,9,2)([64]26,36,6)([65]30,62,6)([66]61,50,6)([67]44,30,7)([68]58,39,4)([69]67,25,6)([70]21,39,6)([71]48,55,5)([72]46,30,2)([73]42,64,2)([74]61,73,6)([75]54,34,4)([76]74,69,6)([77]1,61,6)([78]56,47,0)([79]30,13,4)([80]53,65,7)([81]54,45,5)([82]72,64,3)([83]75,53,3)([84]75,16,7)([85]11,64,4)([86]55,16,7)(76)
optimized area: 127.88
time: 1159960 ms
seed: 1636339552
NOT FOUND
time: 1073483 ms
seed: 1636346187
NOT FOUND
time: 1083460 ms
seed: 1636352550
{7,1,80,1,2,1,8}([7]3,4,7)([8]6,1,5)([9]1,3,3)([10]9,3,4)([11]5,1,4)([12]0,11,3)([13]6,4,4)([14]0,13,4)([15]0,2,3)([16]8,15,2)([17]11,10,6)([18]13,2,7)([19]4,15,5)([20]10,6,6)([21]5,7,7)([22]21,9,2)([23]18,0,1)([24]12,7,3)([25]22,2,5)([26]2,17,5)([27]11,2,4)([28]19,24,4)([29]23,16,6)([30]16,19,4)([31]9,0,4)([32]20,2,2)([33]26,21,4)([34]28,33,2)([35]10,15,6)([36]32,3,3)([37]34,32,4)([38]30,18,0)([39]25,10,2)([40]19,32,4)([41]24,14,6)([42]14,12,5)([43]41,25,3)([44]38,39,0)([45]25,14,1)([46]42,27,0)([47]28,22,6)([48]32,8,6)([49]4,7,6)([50]45,37,3)([51]17,43,5)([52]13,30,1)([53]18,34,3)([54]20,26,7)([55]27,35,4)([56]31,29,6)([57]49,56,4)([58]12,45,0)([59]3,24,1)([60]34,23,3)([61]47,14,3)([62]8,60,0)([63]3,61,7)([64]56,60,7)([65]61,55,2)([66]27,15,2)([67]57,65,3)([68]44,6,3)([69]26,61,4)([70]67,50,3)([71]5,44,4)([72]53,42,5)([73]53,70,7)([74]17,10,4)([75]15,62,4)([76]50,64,0)([77]20,47,4)([78]37,17,0)([79]73,67,2)([80]55,32,7)([81]80,56,2)([82]1,20,7)([83]61,69,3)([84]59,27,4)([85]8,11,1)([86]18,34,4)(73)
evaluations: 22765092
first invidual area: 129.77
{7,1,80,1,2,1,8}([7]3,4,7)([8]6,1,5)([9]3,1,3)([10]3,9,4)([11]1,5,4)([12]7,0,3)([13]0,7,7)([14]6,4,4)([15]0,2,3)([16]15,8,2)([17]11,10,6)([18]14,2,7)([19]15,4,5)([20]10,6,6)([21]5,7,7)([22]21,9,2)([23]18,21,1)([24]12,11,3)([25]23,16,6)([26]17,2,5)([27]11,2,7)([28]19,24,4)([29]19,9,0)([30]9,24,7)([31]0,9,4)([32]20,2,5)([33]21,26,4)([34]28,33,2)([35]10,15,6)([36]5,6,0)([37]1,27,6)([38]27,35,7)([39]32,34,7)([40]16,15,1)([41]36,26,1)([42]33,1,2)([43]37,39,3)([44]4,18,4)([45]23,4,6)([46]23,25,4)([47]21,33,6)([48]40,34,5)([49]36,39,3)([50]4,7,3)([51]36,28,6)([52]28,8,4)([53]22,2,2)([54]2,21,3)([55]46,2,7)([56]31,25,3)([57]50,56,4)([58]32,14,3)([59]39,53,3)([60]18,10,1)([61]42,52,3)([62]41,9,6)([63]18,11,2)([64]20,55,4)([65]61,38,2)([66]28,44,2)([67]57,65,3)([68]0,36,4)([69]16,6,1)([70]67,59,3)([71]18,34,6)([72]30,26,2)([73]70,71,4)([74]48,62,7)([75]19,33,5)([76]12,52,7)([77]1,64,2)([78]68,16,1)([79]59,74,5)([80]75,65,6)([81]64,77,0)([82]36,0,1)([83]72,75,0)([84]61,69,0)([85]0,73,0)([86]68,72,1)(73)
optimized area: 128.37
time: 1186669 ms
