seed: 1633855626
NOT FOUND
time: 530919 ms
seed: 1633942472
NOT FOUND
time: 534853 ms
seed: 1633970216
{7,1,80,1,2,1,8}([7]0,1,4)([8]2,1,5)([9]6,3,4)([10]1,4,2)([11]3,1,7)([12]8,11,4)([13]11,6,7)([14]2,9,4)([15]0,13,6)([16]4,14,6)([17]8,5,6)([18]15,5,7)([19]5,18,5)([20]13,5,2)([21]10,19,4)([22]12,1,7)([23]13,22,7)([24]1,18,3)([25]7,7,0)([26]21,2,4)([27]26,20,6)([28]0,4,5)([29]27,7,7)([30]12,16,3)([31]4,23,2)([32]31,17,4)([33]0,9,5)([34]28,12,3)([35]29,27,3)([36]31,24,2)([37]23,35,4)([38]30,37,5)([39]26,22,7)([40]32,16,1)([41]25,13,1)([42]2,24,7)([43]8,42,4)([44]16,41,7)([45]4,7,5)([46]32,8,7)([47]33,32,5)([48]41,13,4)([49]34,7,2)([50]27,16,1)([51]33,43,5)([52]44,28,4)([53]1,39,7)([54]4,32,3)([55]1,30,1)([56]24,1,4)([57]40,21,4)([58]36,26,2)([59]53,46,3)([60]27,20,5)([61]15,55,3)([62]7,7,4)([63]59,41,2)([64]9,17,5)([65]16,64,6)([66]54,44,0)([67]25,20,1)([68]48,25,0)([69]58,62,1)([70]47,38,7)([71]20,21,0)([72]20,58,7)([73]53,67,1)([74]63,49,3)([75]58,70,7)([76]48,37,7)([77]62,74,6)([78]51,4,4)([79]52,18,0)([80]49,5,3)([81]75,68,3)([82]77,78,5)([83]23,74,4)([84]82,75,4)([85]28,32,4)([86]21,23,2)(84)
evaluations: 26010838
first invidual area: 171.04
{7,1,80,1,2,1,8}([7]1,0,4)([8]2,1,5)([9]6,3,4)([10]1,4,5)([11]1,3,7)([12]11,8,4)([13]6,11,7)([14]9,2,4)([15]0,13,6)([16]14,4,6)([17]0,4,5)([18]15,5,7)([19]18,15,5)([20]12,8,5)([21]2,19,7)([22]20,15,3)([23]12,9,4)([24]18,1,3)([25]13,5,2)([26]10,21,4)([27]25,26,6)([28]5,8,3)([29]7,22,1)([30]12,16,3)([31]4,23,2)([32]28,31,7)([33]0,9,5)([34]16,12,5)([35]29,27,6)([36]31,24,2)([37]23,35,7)([38]37,30,5)([39]12,26,7)([40]34,14,4)([41]15,30,5)([42]2,24,7)([43]42,25,5)([44]23,17,3)([45]42,28,5)([46]32,8,7)([47]32,33,5)([48]13,7,2)([49]44,7,2)([50]38,47,4)([51]31,39,0)([52]0,22,4)([53]49,49,7)([54]33,43,0)([55]51,17,0)([56]54,9,0)([57]29,56,0)([58]36,26,5)([59]39,46,3)([60]39,57,3)([61]45,33,5)([62]45,31,4)([63]9,30,6)([64]36,62,3)([65]55,32,6)([66]36,41,7)([67]59,29,2)([68]51,12,6)([69]45,64,1)([70]57,51,3)([71]57,10,1)([72]62,68,1)([73]26,67,4)([74]67,49,6)([75]58,50,7)([76]75,5,4)([77]75,74,5)([78]61,4,4)([79]76,6,0)([80]57,27,2)([81]66,21,1)([82]74,78,5)([83]64,38,7)([84]82,75,4)([85]6,74,6)([86]46,60,2)(84)
optimized area: 146.18
time: 621703 ms
seed: 1633993097
{7,1,80,1,2,1,8}([7]4,1,3)([8]0,5,1)([9]2,4,6)([10]6,7,4)([11]3,8,6)([12]7,8,5)([13]2,12,5)([14]3,13,7)([15]0,5,4)([16]4,13,7)([17]3,1,7)([18]9,5,4)([19]18,1,5)([20]14,4,4)([21]2,17,4)([22]12,17,4)([23]12,13,7)([24]11,19,4)([25]12,16,5)([26]25,15,3)([27]21,18,5)([28]0,20,7)([29]26,10,4)([30]4,5,7)([31]7,27,2)([32]22,28,6)([33]29,24,2)([34]6,20,7)([35]33,32,5)([36]27,14,3)([37]34,35,4)([38]17,16,7)([39]28,22,3)([40]37,21,3)([41]23,14,1)([42]33,31,4)([43]11,41,6)([44]15,39,6)([45]42,43,6)([46]20,6,4)([47]40,22,7)([48]36,44,2)([49]29,48,6)([50]13,45,1)([51]41,19,7)([52]17,40,7)([53]15,51,4)([54]50,7,6)([55]28,36,4)([56]45,55,3)([57]13,47,6)([58]4,5,1)([59]31,6,5)([60]49,16,5)([61]40,26,2)([62]34,55,6)([63]49,52,3)([64]63,9,6)([65]56,63,7)([66]18,37,7)([67]20,61,4)([68]51,12,2)([69]50,52,3)([70]66,3,2)([71]22,8,0)([72]1,57,2)([73]49,22,6)([74]60,63,2)([75]48,11,5)([76]18,15,5)([77]0,4,6)([78]13,29,4)([79]51,48,6)([80]79,16,7)([81]62,75,5)([82]0,69,5)([83]11,21,6)([84]52,35,5)([85]70,17,4)([86]64,77,6)(65)
evaluations: 34583454
first invidual area: 142.91
{7,1,80,1,2,1,8}([7]4,1,3)([8]0,2,1)([9]2,4,6)([10]7,6,4)([11]3,8,6)([12]7,8,5)([13]2,12,5)([14]3,13,7)([15]5,0,4)([16]2,4,4)([17]3,1,7)([18]5,9,4)([19]18,1,5)([20]4,14,4)([21]17,2,4)([22]12,17,4)([23]12,13,5)([24]19,11,4)([25]12,16,5)([26]25,15,3)([27]18,21,5)([28]20,0,7)([29]26,10,4)([30]28,2,6)([31]27,7,5)([32]22,28,6)([33]24,29,2)([34]6,20,4)([35]33,32,5)([36]27,14,3)([37]34,35,7)([38]21,0,6)([39]32,3,1)([40]37,21,6)([41]11,9,3)([42]33,31,7)([43]11,23,6)([44]15,39,6)([45]42,43,6)([46]16,43,2)([47]15,5,7)([48]35,0,4)([49]3,18,7)([50]6,12,0)([51]22,43,0)([52]17,40,4)([53]37,25,3)([54]30,50,6)([55]28,36,4)([56]45,55,3)([57]29,44,6)([58]27,45,0)([59]58,33,1)([60]8,42,0)([61]39,19,0)([62]52,57,6)([63]59,4,4)([64]20,20,6)([65]56,62,4)([66]4,48,5)([67]10,51,1)([68]4,1,3)([69]43,42,5)([70]1,26,2)([71]62,64,3)([72]25,5,7)([73]42,40,6)([74]29,48,3)([75]54,18,4)([76]71,31,7)([77]22,39,6)([78]61,42,5)([79]77,25,6)([80]35,20,6)([81]65,36,2)([82]4,36,7)([83]19,36,1)([84]63,73,4)([85]17,26,0)([86]31,68,0)(65)
optimized area: 134.94
time: 595102 ms
seed: 1634042067
NOT FOUND
time: 525084 ms
seed: 1634156217
NOT FOUND
time: 518829 ms
seed: 1634203495
NOT FOUND
time: 515575 ms
seed: 1634252516
NOT FOUND
time: 537963 ms
seed: 1634300583
NOT FOUND
time: 534627 ms
seed: 1634341133
NOT FOUND
time: 536313 ms
seed: 1634390033
NOT FOUND
time: 524055 ms
seed: 1634439079
NOT FOUND
time: 527735 ms
seed: 1634499334
NOT FOUND
time: 526677 ms
seed: 1634598534
NOT FOUND
time: 534028 ms
seed: 1634647264
NOT FOUND
time: 522389 ms
seed: 1634697696
NOT FOUND
time: 737070 ms
seed: 1634775205
{7,1,80,1,2,1,8}([7]6,0,7)([8]1,7,7)([9]6,2,5)([10]3,4,7)([11]3,0,7)([12]5,2,5)([13]8,4,0)([14]5,11,4)([15]13,5,6)([16]12,4,4)([17]2,14,4)([18]16,11,2)([19]18,1,4)([20]16,9,4)([21]4,15,5)([22]17,4,7)([23]20,10,2)([24]7,23,6)([25]17,1,4)([26]22,19,5)([27]1,10,4)([28]1,26,7)([29]4,14,6)([30]17,7,1)([31]8,30,0)([32]7,4,3)([33]2,21,7)([34]23,0,5)([35]22,24,4)([36]27,17,0)([37]28,11,5)([38]28,25,2)([39]32,17,5)([40]2,19,2)([41]38,8,0)([42]9,26,5)([43]33,34,7)([44]27,39,3)([45]2,39,3)([46]27,41,6)([47]24,27,7)([48]24,37,7)([49]34,22,2)([50]22,12,7)([51]25,26,6)([52]44,21,7)([53]34,31,1)([54]1,52,6)([55]48,43,3)([56]48,46,3)([57]55,46,6)([58]54,55,5)([59]30,57,7)([60]11,1,3)([61]28,18,2)([62]40,59,4)([63]50,35,0)([64]58,62,7)([65]37,42,5)([66]50,7,4)([67]21,8,6)([68]35,2,2)([69]19,31,4)([70]12,38,7)([71]39,49,0)([72]21,69,2)([73]63,67,3)([74]13,51,2)([75]5,52,4)([76]66,40,3)([77]30,65,4)([78]66,15,5)([79]45,28,1)([80]58,20,0)([81]58,41,0)([82]36,47,6)([83]59,21,6)([84]64,35,7)([85]15,20,3)([86]26,82,3)(84)
evaluations: 34579888
first invidual area: 147.62
{7,1,80,1,2,1,8}([7]6,0,7)([8]7,1,7)([9]0,7,0)([10]3,4,7)([11]3,9,7)([12]2,5,5)([13]2,6,5)([14]5,11,4)([15]5,8,6)([16]4,12,4)([17]2,14,4)([18]11,16,5)([19]1,18,7)([20]13,16,4)([21]15,4,5)([22]17,4,4)([23]20,10,2)([24]7,23,6)([25]23,18,7)([26]22,19,5)([27]10,1,4)([28]18,26,4)([29]14,14,3)([30]28,11,5)([31]29,9,6)([32]7,4,3)([33]2,21,7)([34]17,32,5)([35]24,30,7)([36]19,2,5)([37]32,25,4)([38]13,26,4)([39]36,5,4)([40]12,1,6)([41]23,9,5)([42]31,10,2)([43]19,42,6)([44]4,11,6)([45]38,22,1)([46]27,42,6)([47]41,33,7)([48]13,41,4)([49]36,7,5)([50]27,34,3)([51]36,42,3)([52]20,22,5)([53]21,50,7)([54]1,53,6)([55]35,47,3)([56]38,5,5)([57]55,46,3)([58]54,55,5)([59]4,57,4)([60]19,51,7)([61]31,6,6)([62]58,59,7)([63]48,34,2)([64]36,62,7)([65]10,15,4)([66]29,23,0)([67]0,35,3)([68]9,9,4)([69]42,9,7)([70]17,35,3)([71]64,4,3)([72]26,42,7)([73]45,70,3)([74]64,24,7)([75]18,65,4)([76]66,16,1)([77]32,17,7)([78]67,18,4)([79]54,39,0)([80]41,76,2)([81]28,51,7)([82]0,17,1)([83]71,2,5)([84]35,40,4)([85]40,50,7)([86]58,18,5)(74)
optimized area: 138.24
time: 1111488 ms
seed: 1634840479
NOT FOUND
time: 980659 ms
seed: 1635095227
{7,1,80,1,2,1,8}([7]3,4,3)([8]1,3,4)([9]7,5,7)([10]2,5,5)([11]1,8,6)([12]6,3,2)([13]6,7,5)([14]0,2,7)([15]10,14,7)([16]10,8,7)([17]3,13,7)([18]4,11,7)([19]14,6,4)([20]4,2,4)([21]14,4,3)([22]0,12,4)([23]4,10,5)([24]18,21,2)([25]21,13,2)([26]20,25,6)([27]8,1,3)([28]9,20,6)([29]17,24,3)([30]29,26,3)([31]20,5,1)([32]31,9,2)([33]19,30,7)([34]23,24,0)([35]21,0,4)([36]23,13,7)([37]18,1,7)([38]14,30,2)([39]9,25,1)([40]22,1,5)([41]35,37,6)([42]41,22,6)([43]39,26,3)([44]17,15,2)([45]16,23,5)([46]42,6,5)([47]18,46,2)([48]12,41,7)([49]12,29,2)([50]37,21,7)([51]27,14,3)([52]21,23,6)([53]18,44,5)([54]38,42,3)([55]21,32,7)([56]5,2,2)([57]8,35,5)([58]48,30,7)([59]45,24,6)([60]59,43,7)([61]52,33,3)([62]47,54,7)([63]33,16,2)([64]51,44,6)([65]7,42,6)([66]1,30,7)([67]42,29,6)([68]60,53,4)([69]62,63,6)([70]1,66,3)([71]66,59,5)([72]50,47,2)([73]15,67,2)([74]50,44,7)([75]69,68,2)([76]10,48,1)([77]18,23,6)([78]2,28,2)([79]43,68,2)([80]53,5,0)([81]6,57,6)([82]79,62,3)([83]80,26,5)([84]28,81,6)([85]75,63,6)([86]79,44,1)(85)
evaluations: 42867472
first invidual area: 136.80
{7,1,80,1,2,1,8}([7]4,3,3)([8]3,1,4)([9]7,5,4)([10]5,2,5)([11]3,8,3)([12]3,6,5)([13]6,7,5)([14]0,2,7)([15]14,10,7)([16]10,8,7)([17]3,13,7)([18]4,11,4)([19]14,6,4)([20]4,2,4)([21]14,4,3)([22]16,20,1)([23]4,10,5)([24]18,21,2)([25]21,13,2)([26]25,20,6)([27]12,0,7)([28]11,23,6)([29]17,24,3)([30]29,26,3)([31]17,15,2)([32]9,29,3)([33]26,2,3)([34]5,16,1)([35]26,31,6)([36]26,19,1)([37]2,1,7)([38]14,30,2)([39]30,7,3)([40]10,17,4)([41]25,37,6)([42]41,27,6)([43]9,26,6)([44]7,24,3)([45]16,23,5)([46]42,6,5)([47]18,46,5)([48]19,11,5)([49]18,31,5)([50]4,39,0)([51]32,45,3)([52]30,19,7)([53]36,24,7)([54]42,38,6)([55]14,35,1)([56]42,23,0)([57]38,4,0)([58]21,48,6)([59]45,24,6)([60]59,43,4)([61]0,15,2)([62]47,54,4)([63]52,16,2)([64]57,62,3)([65]40,24,5)([66]4,15,1)([67]58,62,3)([68]60,49,4)([69]54,42,0)([70]64,58,3)([71]19,5,7)([72]66,22,6)([73]30,44,2)([74]53,69,7)([75]62,68,2)([76]56,60,4)([77]63,35,4)([78]31,60,5)([79]37,75,4)([80]2,44,7)([81]63,59,3)([82]80,4,1)([83]55,8,2)([84]83,76,4)([85]63,75,6)([86]56,14,2)(85)
optimized area: 127.43
time: 1009041 ms
seed: 1635125422
{7,1,80,1,2,1,8}([7]2,4,5)([8]6,6,3)([9]8,1,2)([10]4,3,1)([11]4,1,2)([12]6,11,7)([13]7,7,1)([14]2,12,6)([15]1,0,4)([16]15,3,7)([17]16,8,2)([18]14,3,3)([19]10,3,2)([20]15,10,4)([21]5,2,5)([22]2,19,4)([23]22,5,6)([24]14,16,1)([25]23,17,3)([26]20,23,2)([27]5,9,4)([28]8,18,4)([29]25,27,2)([30]10,1,3)([31]0,21,7)([32]1,10,1)([33]15,22,3)([34]33,21,1)([35]25,31,6)([36]26,19,7)([37]16,29,4)([38]13,20,3)([39]14,15,3)([40]35,2,7)([41]15,14,6)([42]33,10,4)([43]18,12,2)([44]9,41,2)([45]43,44,5)([46]37,44,6)([47]23,24,5)([48]36,46,2)([49]16,37,6)([50]28,27,0)([51]36,38,7)([52]7,43,6)([53]52,40,6)([54]21,48,2)([55]9,52,0)([56]53,48,7)([57]20,26,6)([58]30,1,5)([59]42,3,3)([60]41,35,1)([61]8,3,5)([62]31,34,7)([63]5,34,5)([64]59,54,3)([65]39,35,0)([66]50,54,6)([67]51,53,5)([68]67,25,4)([69]52,37,6)([70]48,33,7)([71]60,0,2)([72]1,24,7)([73]37,37,6)([74]67,66,7)([75]72,47,3)([76]17,26,1)([77]16,47,4)([78]64,71,5)([79]25,17,0)([80]73,25,0)([81]12,71,1)([82]30,16,5)([83]69,63,6)([84]25,16,2)([85]74,78,7)([86]22,26,2)(85)
evaluations: 23245069
first invidual area: 140.53
{7,1,80,1,2,1,8}([7]4,2,5)([8]4,7,1)([9]6,1,5)([10]2,3,0)([11]4,1,5)([12]11,6,4)([13]12,3,2)([14]2,12,6)([15]0,1,4)([16]15,3,7)([17]6,16,2)([18]5,9,0)([19]8,3,2)([20]15,4,7)([21]2,5,5)([22]19,10,4)([23]22,18,6)([24]20,14,6)([25]17,23,3)([26]18,9,7)([27]13,25,7)([28]7,11,1)([29]20,23,5)([30]27,26,4)([31]14,3,6)([32]25,26,5)([33]0,21,7)([34]32,23,0)([35]25,33,3)([36]19,29,4)([37]16,32,7)([38]28,20,3)([39]32,13,2)([40]10,35,4)([41]15,14,3)([42]20,13,7)([43]11,34,3)([44]23,3,3)([45]34,4,5)([46]37,39,6)([47]7,13,6)([48]21,46,2)([49]17,6,3)([50]38,36,7)([51]48,50,3)([52]35,34,6)([53]47,40,6)([54]36,48,2)([55]12,21,7)([56]55,46,3)([57]30,0,6)([58]4,31,0)([59]41,6,2)([60]6,31,7)([61]37,59,7)([62]42,6,0)([63]43,30,7)([64]51,20,3)([65]23,63,0)([66]60,54,6)([67]14,7,0)([68]50,53,5)([69]23,24,1)([70]48,54,3)([71]41,0,2)([72]38,66,1)([73]1,31,7)([74]68,66,7)([75]27,7,2)([76]57,72,2)([77]24,34,1)([78]64,71,5)([79]56,28,4)([80]71,77,0)([81]14,75,6)([82]18,19,4)([83]70,19,0)([84]81,55,1)([85]74,78,7)([86]36,47,0)(85)
optimized area: 130.22
time: 641363 ms
seed: 1635174359
NOT FOUND
time: 529796 ms
seed: 1635293449
{7,1,80,1,2,1,8}([7]0,5,4)([8]6,4,7)([9]5,6,5)([10]0,2,7)([11]5,2,5)([12]11,8,2)([13]10,4,3)([14]9,3,2)([15]12,6,7)([16]0,9,6)([17]13,14,2)([18]16,1,7)([19]0,4,7)([20]18,17,7)([21]14,2,7)([22]15,18,2)([23]2,17,4)([24]22,10,4)([25]21,0,6)([26]7,14,7)([27]8,20,1)([28]24,27,2)([29]17,24,6)([30]3,19,6)([31]28,0,5)([32]1,31,6)([33]11,31,2)([34]27,10,3)([35]21,12,2)([36]3,19,4)([37]35,0,2)([38]34,36,7)([39]30,28,7)([40]32,25,3)([41]18,36,5)([42]34,20,2)([43]42,40,3)([44]20,33,4)([45]35,24,4)([46]26,24,2)([47]8,45,3)([48]36,46,7)([49]21,45,6)([50]43,28,7)([51]24,26,7)([52]2,1,4)([53]41,34,4)([54]38,37,7)([55]39,52,7)([56]52,23,3)([57]50,48,5)([58]10,10,5)([59]14,2,0)([60]55,54,3)([61]49,54,4)([62]52,31,0)([63]44,60,5)([64]48,55,4)([65]53,22,3)([66]7,4,6)([67]48,55,6)([68]39,15,7)([69]62,58,6)([70]53,0,3)([71]63,57,5)([72]15,3,2)([73]66,39,1)([74]2,0,5)([75]5,48,5)([76]42,16,7)([77]73,6,2)([78]5,15,5)([79]54,50,4)([80]20,11,2)([81]43,73,7)([82]40,76,0)([83]50,27,1)([84]43,54,2)([85]62,44,6)([86]52,36,0)(71)
evaluations: 28242440
first invidual area: 146.19
{7,1,80,1,2,1,8}([7]2,2,2)([8]6,4,7)([9]6,5,5)([10]7,0,7)([11]5,2,5)([12]8,11,5)([13]4,10,3)([14]9,3,2)([15]6,12,4)([16]9,0,3)([17]14,13,5)([18]1,16,4)([19]0,4,7)([20]18,17,4)([21]0,5,4)([22]15,18,5)([23]1,7,7)([24]10,22,7)([25]0,19,3)([26]21,14,7)([27]8,26,1)([28]24,27,2)([29]15,0,5)([30]23,4,6)([31]0,28,5)([32]3,19,6)([33]31,11,5)([34]27,10,3)([35]14,8,3)([36]19,3,4)([37]9,3,6)([38]34,36,7)([39]28,32,6)([40]25,35,5)([41]20,24,0)([42]34,20,2)([43]42,40,3)([44]41,33,7)([45]3,14,4)([46]26,24,5)([47]13,38,3)([48]36,46,4)([49]10,25,4)([50]43,28,7)([51]0,1,6)([52]17,37,0)([53]34,49,7)([54]38,29,4)([55]51,49,4)([56]1,47,5)([57]50,48,5)([58]8,2,5)([59]39,23,4)([60]59,54,3)([61]47,45,5)([62]42,15,4)([63]44,60,5)([64]63,57,5)([65]58,64,7)([66]64,32,5)([67]33,19,7)([68]57,43,0)([69]34,31,3)([70]53,48,6)([71]66,7,0)([72]25,1,3)([73]56,66,6)([74]2,34,3)([75]41,52,0)([76]26,66,6)([77]58,12,3)([78]22,11,4)([79]76,55,6)([80]59,30,1)([81]32,49,5)([82]23,32,7)([83]59,6,3)([84]23,12,0)([85]82,20,4)([86]77,29,7)(64)
optimized area: 133.52
time: 1139060 ms
seed: 1635451105
NOT FOUND
time: 1010792 ms
seed: 1635558240
{7,1,80,1,2,1,8}([7]0,3,7)([8]5,0,3)([9]5,1,6)([10]0,2,2)([11]7,10,4)([12]3,2,4)([13]8,5,2)([14]2,4,5)([15]5,1,3)([16]5,12,3)([17]6,1,4)([18]12,3,5)([19]7,16,2)([20]17,19,4)([21]11,20,4)([22]2,15,5)([23]22,20,3)([24]4,10,4)([25]20,0,0)([26]15,11,4)([27]1,23,6)([28]21,4,7)([29]23,24,3)([30]23,8,3)([31]4,12,2)([32]17,1,3)([33]13,30,3)([34]27,2,4)([35]28,1,4)([36]2,1,7)([37]36,35,5)([38]1,18,4)([39]34,29,3)([40]35,13,6)([41]26,27,4)([42]33,39,0)([43]8,41,4)([44]37,27,4)([45]17,31,2)([46]44,19,5)([47]38,26,2)([48]26,25,6)([49]43,30,1)([50]4,0,1)([51]0,36,4)([52]51,31,4)([53]34,7,2)([54]23,14,1)([55]51,40,3)([56]51,43,6)([57]4,33,4)([58]57,46,4)([59]4,34,3)([60]43,45,5)([61]30,23,2)([62]14,54,1)([63]28,55,5)([64]41,37,4)([65]63,47,7)([66]49,32,4)([67]15,5,1)([68]39,47,5)([69]26,66,4)([70]35,45,4)([71]65,58,6)([72]68,60,4)([73]47,30,2)([74]28,16,6)([75]71,72,3)([76]28,31,5)([77]55,71,0)([78]18,64,4)([79]68,56,5)([80]44,39,6)([81]55,3,1)([82]76,76,7)([83]38,80,5)([84]2,47,2)([85]42,35,6)([86]4,80,2)(75)
evaluations: 37770506
first invidual area: 156.04
{7,1,80,1,2,1,8}([7]0,3,7)([8]4,3,4)([9]7,2,6)([10]0,2,5)([11]10,7,7)([12]3,2,4)([13]2,11,0)([14]4,10,2)([15]1,5,3)([16]5,12,3)([17]6,1,4)([18]1,12,0)([19]7,16,2)([20]17,19,4)([21]20,11,4)([22]15,13,5)([23]22,20,3)([24]20,8,2)([25]0,5,3)([26]11,15,4)([27]23,18,6)([28]21,4,7)([29]3,22,5)([30]25,23,3)([31]4,12,2)([32]29,1,4)([33]13,6,0)([34]4,30,4)([35]28,18,4)([36]2,18,7)([37]36,35,2)([38]26,37,7)([39]14,23,3)([40]35,5,6)([41]26,27,3)([42]5,8,1)([43]25,41,4)([44]27,37,6)([45]17,31,2)([46]44,19,5)([47]32,26,2)([48]20,20,3)([49]46,25,0)([50]3,15,6)([51]36,0,4)([52]45,43,5)([53]23,35,0)([54]0,50,6)([55]51,40,3)([56]50,13,1)([57]43,52,0)([58]34,46,7)([59]36,17,2)([60]15,27,6)([61]0,20,1)([62]23,26,7)([63]28,55,5)([64]32,46,4)([65]63,47,4)([66]44,16,1)([67]40,56,3)([68]39,47,5)([69]41,60,7)([70]52,34,2)([71]65,58,2)([72]68,52,4)([73]34,68,4)([74]15,19,0)([75]71,72,3)([76]58,9,5)([77]67,19,5)([78]7,39,6)([79]78,68,4)([80]72,35,7)([81]73,40,3)([82]72,55,6)([83]55,24,4)([84]47,45,2)([85]25,56,4)([86]17,8,4)(75)
optimized area: 137.28
time: 1066838 ms
seed: 1635605927
{7,1,80,1,2,1,8}([7]0,5,6)([8]2,5,2)([9]7,1,7)([10]3,4,4)([11]6,7,4)([12]5,4,5)([13]10,11,4)([14]9,0,7)([15]1,13,4)([16]2,7,3)([17]11,16,7)([18]12,12,6)([19]5,17,6)([20]2,15,6)([21]6,10,6)([22]18,13,4)([23]22,8,2)([24]4,20,6)([25]13,8,1)([26]22,24,3)([27]14,22,7)([28]11,12,4)([29]11,19,3)([30]14,21,1)([31]23,24,3)([32]31,6,3)([33]9,11,2)([34]18,31,4)([35]2,6,2)([36]32,4,4)([37]29,36,5)([38]37,13,4)([39]17,10,3)([40]32,1,2)([41]39,5,7)([42]34,34,6)([43]35,33,7)([44]4,3,0)([45]41,31,4)([46]33,39,6)([47]9,38,1)([48]15,39,4)([49]16,23,3)([50]38,8,7)([51]26,26,0)([52]41,7,6)([53]45,43,6)([54]31,37,1)([55]4,39,3)([56]52,27,5)([57]38,24,4)([58]0,52,6)([59]57,58,7)([60]34,21,6)([61]59,40,4)([62]29,34,5)([63]27,50,4)([64]10,22,2)([65]21,56,1)([66]49,56,5)([67]25,2,7)([68]22,38,4)([69]53,61,3)([70]42,64,6)([71]4,70,7)([72]26,30,3)([73]59,38,4)([74]63,70,5)([75]56,68,6)([76]74,69,5)([77]76,40,6)([78]24,13,1)([79]13,51,2)([80]21,57,5)([81]70,66,2)([82]31,34,0)([83]30,5,3)([84]23,66,0)([85]67,40,7)([86]52,78,7)(76)
evaluations: 41914854
first invidual area: 152.76
{7,1,80,1,2,1,8}([7]0,5,6)([8]5,2,2)([9]7,1,7)([10]4,3,4)([11]7,6,4)([12]4,5,5)([13]10,11,4)([14]9,0,7)([15]1,13,4)([16]2,7,6)([17]13,16,4)([18]3,0,6)([19]8,16,6)([20]2,15,6)([21]20,0,1)([22]11,3,4)([23]6,19,3)([24]4,20,6)([25]20,15,5)([26]8,22,2)([27]24,8,7)([28]17,27,1)([29]0,3,0)([30]11,12,5)([31]26,24,3)([32]6,31,3)([33]9,11,5)([34]12,31,4)([35]2,6,5)([36]32,4,4)([37]23,36,5)([38]37,13,4)([39]17,10,3)([40]1,32,5)([41]39,5,7)([42]31,4,7)([43]35,33,7)([44]22,37,5)([45]41,31,4)([46]23,15,0)([47]38,9,7)([48]34,18,0)([49]10,42,4)([50]37,27,4)([51]48,46,4)([52]7,39,6)([53]45,43,6)([54]47,52,7)([55]42,53,3)([56]26,40,1)([57]38,24,4)([58]0,52,3)([59]57,58,4)([60]49,9,2)([61]59,40,7)([62]44,36,3)([63]14,50,4)([64]10,22,2)([65]0,27,3)([66]30,4,3)([67]41,33,3)([68]14,55,3)([69]53,61,3)([70]48,64,6)([71]61,12,3)([72]49,61,0)([73]34,35,2)([74]63,70,5)([75]50,66,3)([76]74,69,5)([77]54,47,2)([78]32,36,2)([79]56,22,4)([80]59,19,2)([81]73,43,1)([82]61,35,4)([83]6,69,0)([84]70,27,4)([85]48,81,0)([86]77,70,3)(76)
optimized area: 146.67
time: 1116611 ms
seed: 1635653629
NOT FOUND
time: 1057855 ms
seed: 1635701427
NOT FOUND
time: 1078383 ms
seed: 1635748642
NOT FOUND
time: 1071512 ms
seed: 1635795647
NOT FOUND
time: 1055615 ms
seed: 1635838916
NOT FOUND
time: 1071679 ms
seed: 1635880926
{7,1,80,1,2,1,8}([7]1,0,7)([8]7,5,7)([9]6,3,7)([10]2,5,2)([11]4,0,1)([12]3,11,6)([13]9,11,2)([14]7,12,4)([15]1,3,6)([16]1,4,5)([17]13,15,3)([18]10,17,7)([19]14,16,2)([20]8,3,3)([21]12,19,5)([22]11,2,5)([23]2,0,5)([24]0,13,7)([25]5,18,5)([26]11,3,2)([27]22,14,4)([28]16,9,0)([29]24,6,4)([30]24,10,6)([31]0,27,7)([32]10,9,2)([33]4,29,4)([34]18,1,6)([35]33,7,4)([36]20,13,7)([37]20,2,3)([38]8,14,7)([39]23,20,7)([40]15,35,5)([41]34,32,3)([42]23,22,2)([43]26,25,2)([44]16,30,7)([45]3,42,5)([46]45,44,5)([47]37,27,4)([48]28,8,7)([49]19,39,5)([50]18,10,3)([51]31,43,5)([52]46,25,7)([53]4,7,6)([54]11,33,6)([55]32,20,1)([56]19,9,7)([57]47,35,3)([58]46,57,5)([59]51,32,6)([60]31,52,4)([61]51,52,7)([62]3,19,4)([63]8,26,5)([64]58,61,5)([65]36,52,1)([66]62,39,2)([67]49,22,7)([68]21,56,6)([69]66,41,4)([70]66,19,0)([71]26,68,1)([72]1,0,6)([73]37,65,4)([74]2,12,0)([75]10,8,0)([76]41,67,2)([77]48,74,6)([78]47,28,1)([79]69,64,7)([80]55,39,6)([81]68,64,4)([82]39,68,7)([83]18,74,4)([84]20,74,6)([85]68,12,6)([86]67,59,2)(79)
evaluations: 24583237
first invidual area: 147.12
{7,1,80,1,2,1,8}([7]1,0,7)([8]7,5,7)([9]6,3,7)([10]2,5,2)([11]4,10,1)([12]11,3,3)([13]9,11,2)([14]12,7,7)([15]3,1,6)([16]4,1,5)([17]15,13,6)([18]10,17,4)([19]14,16,5)([20]3,8,3)([21]11,3,2)([22]11,2,5)([23]2,0,5)([24]0,13,7)([25]5,18,5)([26]14,22,4)([27]13,12,7)([28]1,22,3)([29]7,24,7)([30]4,10,7)([31]29,0,7)([32]25,22,4)([33]11,6,7)([34]1,18,6)([35]33,29,7)([36]10,24,6)([37]20,2,6)([38]36,2,5)([39]23,20,7)([40]9,10,2)([41]34,40,6)([42]36,20,2)([43]21,25,2)([44]36,16,7)([45]3,38,5)([46]45,44,5)([47]37,26,7)([48]3,19,7)([49]40,48,5)([50]48,11,4)([51]17,19,0)([52]46,25,7)([53]43,28,5)([54]40,9,2)([55]28,19,5)([56]51,49,3)([57]47,35,3)([58]46,57,5)([59]40,21,2)([60]48,1,1)([61]52,53,7)([62]58,61,5)([63]41,20,5)([64]30,15,5)([65]38,35,4)([66]48,39,5)([67]40,38,7)([68]8,62,7)([69]66,41,4)([70]60,55,7)([71]31,6,0)([72]11,28,3)([73]36,47,0)([74]57,50,6)([75]62,9,2)([76]65,49,1)([77]13,48,3)([78]3,60,1)([79]69,62,7)([80]45,43,7)([81]58,50,1)([82]24,27,3)([83]16,5,6)([84]57,49,7)([85]26,0,0)([86]81,76,0)(79)
optimized area: 143.36
time: 1242850 ms
