seed: 1633864196
NOT FOUND
time: 533268 ms
seed: 1633951121
{7,1,80,1,2,1,8}([7]4,2,7)([8]4,6,7)([9]5,7,3)([10]6,8,4)([11]0,6,3)([12]10,0,3)([13]3,5,1)([14]9,10,4)([15]2,0,1)([16]12,3,6)([17]7,3,4)([18]15,1,3)([19]4,5,6)([20]7,0,7)([21]13,9,5)([22]13,7,2)([23]18,3,1)([24]18,5,4)([25]1,20,7)([26]25,0,6)([27]20,17,0)([28]14,3,1)([29]8,16,3)([30]14,29,5)([31]11,1,4)([32]2,25,6)([33]19,17,5)([34]33,24,4)([35]13,15,3)([36]4,19,4)([37]30,26,2)([38]35,6,4)([39]23,36,0)([40]9,6,1)([41]27,29,7)([42]39,15,5)([43]34,13,4)([44]0,17,0)([45]22,25,3)([46]38,28,7)([47]43,45,2)([48]12,47,0)([49]45,24,4)([50]5,6,7)([51]13,0,7)([52]46,19,3)([53]41,47,2)([54]1,32,0)([55]51,45,7)([56]26,41,2)([57]20,40,2)([58]45,22,0)([59]25,22,1)([60]27,28,7)([61]37,33,7)([62]36,4,5)([63]18,26,3)([64]61,53,4)([65]42,44,3)([66]61,55,3)([67]61,25,0)([68]3,14,3)([69]23,54,5)([70]50,66,3)([71]4,44,0)([72]52,57,6)([73]4,58,2)([74]64,16,3)([75]36,15,6)([76]72,64,3)([77]1,4,0)([78]76,70,2)([79]3,39,7)([80]42,77,2)([81]6,63,2)([82]5,77,5)([83]56,64,5)([84]61,31,2)([85]8,17,4)([86]28,4,1)(78)
evaluations: 30709003
first invidual area: 140.56
{7,1,80,1,2,1,8}([7]4,2,7)([8]4,6,7)([9]5,7,3)([10]1,6,0)([11]7,5,7)([12]2,10,1)([13]5,1,0)([14]4,9,7)([15]0,3,4)([16]5,5,1)([17]12,1,3)([18]3,5,0)([19]4,5,6)([20]7,0,7)([21]2,3,5)([22]21,7,2)([23]17,18,7)([24]13,23,7)([25]1,20,7)([26]0,25,6)([27]21,10,2)([28]9,0,6)([29]27,8,3)([30]25,28,2)([31]14,29,5)([32]2,18,7)([33]19,32,5)([34]24,33,7)([35]32,28,2)([36]25,2,4)([37]26,31,5)([38]14,32,5)([39]16,9,4)([40]22,10,6)([41]20,29,7)([42]37,22,4)([43]4,9,4)([44]21,8,4)([45]22,25,3)([46]9,44,4)([47]34,45,2)([48]10,26,2)([49]19,46,3)([50]47,36,5)([51]0,12,3)([52]5,42,5)([53]41,47,5)([54]1,3,3)([55]43,42,1)([56]6,13,7)([57]15,0,0)([58]16,7,0)([59]15,45,7)([60]26,23,5)([61]37,33,4)([62]40,33,3)([63]47,12,0)([64]61,53,7)([65]62,45,1)([66]61,59,3)([67]30,51,3)([68]16,53,0)([69]55,14,0)([70]56,66,3)([71]45,28,1)([72]49,28,6)([73]37,29,4)([74]22,45,0)([75]19,54,6)([76]72,64,3)([77]72,17,3)([78]76,70,2)([79]2,70,2)([80]42,35,1)([81]75,46,4)([82]27,54,7)([83]44,39,4)([84]78,64,6)([85]49,36,6)([86]82,51,6)(78)
optimized area: 127.92
time: 582139 ms
seed: 1634001834
NOT FOUND
time: 539065 ms
seed: 1634050575
NOT FOUND
time: 529239 ms
seed: 1634164820
NOT FOUND
time: 529657 ms
seed: 1634212125
{7,1,80,1,2,1,8}([7]2,0,1)([8]6,5,5)([9]1,5,4)([10]4,6,7)([11]2,5,3)([12]0,6,7)([13]1,8,5)([14]12,13,3)([15]6,3,7)([16]4,6,6)([17]15,5,7)([18]7,0,2)([19]13,14,7)([20]17,4,3)([21]19,10,4)([22]10,11,3)([23]18,20,4)([24]0,14,1)([25]15,11,0)([26]14,0,6)([27]14,16,6)([28]3,2,4)([29]12,8,1)([30]9,4,7)([31]5,21,2)([32]3,23,7)([33]9,3,4)([34]23,0,2)([35]11,27,7)([36]14,31,7)([37]7,25,6)([38]30,16,6)([39]35,2,6)([40]28,39,3)([41]12,29,7)([42]38,29,0)([43]6,25,5)([44]21,22,2)([45]20,15,6)([46]32,42,6)([47]9,46,5)([48]15,47,6)([49]32,32,6)([50]24,42,2)([51]4,6,4)([52]42,45,1)([53]40,44,7)([54]17,27,1)([55]19,26,0)([56]48,26,6)([57]27,39,4)([58]29,7,1)([59]8,47,5)([60]21,9,4)([61]35,22,6)([62]11,55,5)([63]38,38,2)([64]56,53,5)([65]2,46,2)([66]59,61,0)([67]58,65,5)([68]16,41,5)([69]43,62,5)([70]67,64,4)([71]7,51,3)([72]50,3,2)([73]43,23,3)([74]18,61,0)([75]67,36,0)([76]63,64,7)([77]28,60,4)([78]38,7,5)([79]70,72,3)([80]48,32,0)([81]69,43,4)([82]81,36,1)([83]4,44,3)([84]64,51,6)([85]81,39,1)([86]8,83,5)(79)
evaluations: 27740253
first invidual area: 125.07
{7,1,80,1,2,1,8}([7]2,5,3)([8]6,5,5)([9]5,1,4)([10]4,6,7)([11]9,4,7)([12]0,6,7)([13]8,1,5)([14]12,13,3)([15]3,6,7)([16]5,2,1)([17]15,5,7)([18]6,4,6)([19]10,13,7)([20]17,4,6)([21]18,12,3)([22]14,21,3)([23]3,21,5)([24]19,14,4)([25]1,5,5)([26]3,25,4)([27]10,15,6)([28]2,3,4)([29]14,3,0)([30]0,3,1)([31]7,1,3)([32]0,1,2)([33]2,15,1)([34]20,23,7)([35]4,19,7)([36]7,22,5)([37]2,36,6)([38]18,11,6)([39]14,0,6)([40]28,37,6)([41]40,36,4)([42]15,12,5)([43]38,3,2)([44]17,22,6)([45]4,20,7)([46]34,38,6)([47]9,46,5)([48]15,47,6)([49]45,21,4)([50]43,30,2)([51]24,31,5)([52]17,3,2)([53]40,51,7)([54]7,2,5)([55]29,27,5)([56]20,5,2)([57]37,32,4)([58]8,38,7)([59]2,38,2)([60]39,48,6)([61]5,40,7)([62]41,25,1)([63]59,27,1)([64]60,53,5)([65]2,12,2)([66]34,0,5)([67]46,65,5)([68]35,18,7)([69]2,26,7)([70]30,60,2)([71]44,11,5)([72]69,49,5)([73]64,67,4)([74]16,12,4)([75]24,33,0)([76]6,67,4)([77]3,73,2)([78]44,18,6)([79]73,50,3)([80]46,42,0)([81]11,37,0)([82]59,14,5)([83]49,58,1)([84]54,33,7)([85]55,2,2)([86]85,69,6)(79)
optimized area: 114.76
time: 579009 ms
seed: 1634309177
NOT FOUND
time: 521444 ms
seed: 1634349716
NOT FOUND
time: 528873 ms
seed: 1634398675
NOT FOUND
time: 524325 ms
seed: 1634447654
NOT FOUND
time: 523940 ms
seed: 1634507905
NOT FOUND
time: 527414 ms
seed: 1634607099
NOT FOUND
time: 526108 ms
seed: 1635134005
NOT FOUND
time: 523869 ms
seed: 1635183238
NOT FOUND
time: 521453 ms
seed: 1635319447
NOT FOUND
time: 992382 ms
seed: 1635477210
NOT FOUND
time: 978657 ms
seed: 1635614333
NOT FOUND
time: 1085803 ms
seed: 1635661973
NOT FOUND
time: 1079805 ms
seed: 1635709890
{7,1,80,1,2,1,8}([7]5,1,4)([8]6,5,4)([9]5,4,7)([10]4,0,4)([11]4,8,7)([12]0,10,4)([13]2,11,4)([14]4,7,4)([15]3,6,0)([16]3,0,6)([17]8,9,3)([18]10,6,3)([19]13,12,6)([20]5,18,5)([21]2,3,2)([22]10,11,6)([23]17,20,2)([24]16,0,7)([25]0,8,4)([26]19,2,7)([27]25,7,5)([28]22,13,5)([29]20,16,1)([30]1,28,0)([31]16,7,3)([32]23,13,3)([33]18,14,2)([34]28,7,4)([35]33,2,5)([36]27,33,6)([37]14,28,7)([38]21,23,3)([39]33,28,7)([40]20,28,3)([41]30,11,4)([42]41,22,2)([43]16,25,2)([44]37,6,0)([45]38,8,5)([46]26,39,3)([47]17,32,4)([48]42,33,6)([49]46,38,5)([50]45,49,4)([51]1,27,7)([52]24,48,2)([53]32,12,1)([54]0,7,3)([55]47,36,3)([56]51,49,6)([57]52,24,7)([58]42,53,4)([59]13,56,4)([60]29,36,7)([61]53,28,3)([62]55,15,6)([63]47,23,3)([64]62,59,7)([65]8,5,6)([66]25,9,4)([67]7,19,0)([68]4,50,6)([69]46,17,5)([70]60,12,2)([71]9,38,5)([72]25,13,2)([73]12,20,4)([74]63,64,1)([75]27,12,6)([76]42,71,5)([77]57,64,5)([78]68,73,1)([79]24,58,7)([80]40,60,3)([81]20,61,5)([82]53,72,5)([83]67,73,5)([84]78,53,3)([85]70,41,7)([86]46,33,7)(77)
evaluations: 18288180
first invidual area: 135.89
{7,1,80,1,2,1,8}([7]2,1,0)([8]5,6,4)([9]4,6,7)([10]0,4,4)([11]5,9,7)([12]3,5,1)([13]11,7,7)([14]7,3,2)([15]1,5,4)([16]4,15,4)([17]8,9,3)([18]6,10,3)([19]13,15,6)([20]18,5,5)([21]20,9,6)([22]20,17,2)([23]3,3,1)([24]7,5,2)([25]0,8,4)([26]11,23,6)([27]25,15,5)([28]7,19,7)([29]13,25,5)([30]19,4,1)([31]19,9,2)([32]19,11,0)([33]18,16,2)([34]30,28,4)([35]12,4,0)([36]27,1,7)([37]5,9,7)([38]14,22,3)([39]29,33,7)([40]21,3,7)([41]27,33,6)([42]12,0,6)([43]5,17,7)([44]16,38,6)([45]13,22,6)([46]28,39,3)([47]17,45,7)([48]31,33,3)([49]46,38,5)([50]41,47,3)([51]50,40,1)([52]42,48,5)([53]2,41,7)([54]34,9,7)([55]31,9,0)([56]36,49,3)([57]49,18,3)([58]32,28,7)([59]56,13,7)([60]1,36,2)([61]22,13,3)([62]50,3,3)([63]32,14,3)([64]62,59,4)([65]19,44,7)([66]54,13,4)([67]1,2,7)([68]1,57,4)([69]16,5,6)([70]60,8,2)([71]65,66,0)([72]42,15,0)([73]56,40,7)([74]63,36,3)([75]64,52,5)([76]13,42,6)([77]61,0,6)([78]35,65,6)([79]40,29,5)([80]17,59,7)([81]42,23,6)([82]43,66,3)([83]29,26,0)([84]15,3,3)([85]30,23,1)([86]10,42,7)(75)
optimized area: 115.72
time: 1205902 ms
seed: 1635757111
{7,1,80,1,2,1,8}([7]1,6,3)([8]3,2,6)([9]3,4,2)([10]3,1,3)([11]2,10,5)([12]5,9,3)([13]0,8,6)([14]4,7,4)([15]11,7,5)([16]13,12,5)([17]6,2,7)([18]1,16,7)([19]6,13,5)([20]16,3,4)([21]5,17,4)([22]19,21,2)([23]3,6,5)([24]20,15,2)([25]6,22,2)([26]20,15,4)([27]11,12,5)([28]25,7,4)([29]17,20,2)([30]18,19,2)([31]23,21,3)([32]0,28,5)([33]3,0,2)([34]22,18,6)([35]4,33,6)([36]34,23,7)([37]4,31,4)([38]11,30,2)([39]34,11,5)([40]14,39,3)([41]27,6,1)([42]37,30,6)([43]4,42,7)([44]13,33,0)([45]33,6,1)([46]42,36,7)([47]40,24,6)([48]32,46,4)([49]10,40,4)([50]24,4,7)([51]7,3,7)([52]21,35,3)([53]6,52,3)([54]31,2,3)([55]41,32,7)([56]37,15,7)([57]52,46,5)([58]20,33,6)([59]23,12,4)([60]48,58,3)([61]57,55,3)([62]47,37,4)([63]23,41,4)([64]26,6,3)([65]23,51,5)([66]65,62,5)([67]20,64,0)([68]61,62,4)([69]38,4,1)([70]60,65,7)([71]29,47,7)([72]26,51,4)([73]11,19,1)([74]22,40,5)([75]19,28,2)([76]72,63,3)([77]44,35,1)([78]64,68,4)([79]51,69,0)([80]70,17,6)([81]6,55,3)([82]24,65,7)([83]29,11,1)([84]40,66,5)([85]8,81,7)([86]53,39,5)(78)
evaluations: 47160742
first invidual area: 130.69
{7,1,80,1,2,1,8}([7]6,1,3)([8]3,2,6)([9]3,4,2)([10]3,1,3)([11]2,10,5)([12]5,9,3)([13]0,8,6)([14]4,7,4)([15]11,1,5)([16]13,12,5)([17]5,2,7)([18]1,16,7)([19]6,13,5)([20]16,3,4)([21]6,17,4)([22]19,21,2)([23]3,6,5)([24]20,0,3)([25]6,21,2)([26]20,15,4)([27]11,12,5)([28]7,25,4)([29]1,3,4)([30]18,19,2)([31]23,25,3)([32]0,28,2)([33]3,0,2)([34]22,18,6)([35]4,33,6)([36]34,23,7)([37]4,31,4)([38]20,4,2)([39]34,11,5)([40]14,39,3)([41]27,40,0)([42]37,30,6)([43]21,25,4)([44]16,27,4)([45]33,20,7)([46]42,36,7)([47]40,35,3)([48]5,18,4)([49]13,23,2)([50]0,32,4)([51]2,1,4)([52]21,35,3)([53]3,32,2)([54]47,27,0)([55]41,32,7)([56]35,14,5)([57]52,46,5)([58]20,7,0)([59]58,41,3)([60]19,43,3)([61]57,55,6)([62]47,37,4)([63]47,33,7)([64]26,6,6)([65]58,50,4)([66]39,16,2)([67]46,61,3)([68]61,62,4)([69]40,46,2)([70]23,34,3)([71]39,15,1)([72]22,71,1)([73]35,15,2)([74]14,38,4)([75]36,24,1)([76]43,1,1)([77]53,24,2)([78]64,68,7)([79]51,33,3)([80]5,20,3)([81]16,6,6)([82]50,56,7)([83]28,38,1)([84]82,49,5)([85]57,13,0)([86]70,23,0)(78)
optimized area: 127.42
time: 1068731 ms
seed: 1635804045
{7,1,80,1,2,1,8}([7]0,6,6)([8]6,5,5)([9]5,4,3)([10]9,7,4)([11]1,4,7)([12]2,5,3)([13]8,1,7)([14]7,5,5)([15]10,12,2)([16]4,9,1)([17]11,14,2)([18]14,6,4)([19]3,7,3)([20]12,14,2)([21]20,11,4)([22]17,21,7)([23]0,21,6)([24]13,2,5)([25]2,19,5)([26]3,15,7)([27]25,22,4)([28]16,8,1)([29]16,7,3)([30]0,2,4)([31]21,25,3)([32]22,26,4)([33]23,32,4)([34]11,30,2)([35]30,0,2)([36]32,16,4)([37]18,25,7)([38]37,15,4)([39]24,30,6)([40]38,4,7)([41]29,39,6)([42]26,24,2)([43]30,26,2)([44]16,26,6)([45]0,7,7)([46]27,36,5)([47]22,26,5)([48]25,19,5)([49]30,43,1)([50]0,43,4)([51]21,31,7)([52]40,47,2)([53]46,41,7)([54]53,33,6)([55]24,37,7)([56]38,23,5)([57]15,22,4)([58]21,50,4)([59]16,18,3)([60]8,58,2)([61]15,18,5)([62]48,53,0)([63]12,61,0)([64]60,52,6)([65]0,57,3)([66]8,37,3)([67]66,23,1)([68]6,18,3)([69]5,40,7)([70]63,53,0)([71]48,34,3)([72]64,9,2)([73]48,26,0)([74]48,54,0)([75]37,46,3)([76]9,45,0)([77]35,74,2)([78]71,59,7)([79]76,52,0)([80]19,18,1)([81]54,72,3)([82]58,44,3)([83]22,8,5)([84]48,51,1)([85]54,1,4)([86]51,48,4)(81)
evaluations: 15254696
first invidual area: 139.16
{7,1,80,1,2,1,8}([7]0,6,6)([8]5,6,5)([9]5,4,3)([10]9,7,4)([11]4,1,7)([12]5,2,3)([13]12,10,5)([14]7,5,5)([15]8,1,7)([16]14,12,5)([17]14,11,5)([18]1,6,7)([19]7,3,3)([20]0,15,5)([21]16,11,7)([22]17,21,4)([23]0,21,6)([24]13,3,4)([25]2,19,5)([26]23,24,4)([27]26,25,4)([28]4,10,5)([29]10,17,5)([30]0,2,4)([31]30,24,5)([32]21,21,1)([33]22,26,4)([34]5,30,3)([35]4,23,7)([36]20,30,6)([37]21,7,7)([38]18,37,7)([39]13,6,0)([40]38,25,7)([41]40,34,0)([42]10,13,6)([43]0,31,7)([44]28,36,3)([45]10,34,6)([46]35,27,5)([47]22,24,5)([48]2,46,1)([49]34,44,7)([50]40,34,2)([51]47,20,1)([52]40,47,2)([53]44,46,4)([54]33,53,6)([55]29,34,4)([56]49,13,2)([57]26,34,0)([58]21,43,4)([59]55,51,2)([60]8,58,2)([61]30,58,3)([62]10,34,0)([63]7,9,1)([64]52,60,6)([65]16,13,1)([66]37,36,3)([67]45,10,0)([68]12,54,2)([69]33,20,4)([70]67,38,3)([71]14,70,7)([72]64,9,2)([73]16,54,4)([74]53,9,6)([75]60,72,4)([76]4,61,2)([77]44,12,1)([78]19,21,5)([79]71,71,5)([80]64,12,7)([81]72,54,3)([82]37,65,4)([83]12,21,1)([84]36,29,7)([85]65,51,5)([86]16,44,4)(81)
optimized area: 135.41
time: 1293157 ms
seed: 1635847205
NOT FOUND
time: 1060759 ms
seed: 1635889293
NOT FOUND
time: 1068223 ms
seed: 1635925377
{7,1,80,1,2,1,8}([7]6,0,7)([8]0,1,7)([9]5,4,6)([10]7,2,7)([11]7,0,3)([12]3,11,5)([13]9,8,5)([14]7,0,1)([15]1,5,3)([16]12,5,5)([17]15,11,7)([18]17,10,5)([19]1,4,4)([20]2,1,7)([21]3,9,6)([22]7,2,6)([23]4,12,3)([24]20,0,1)([25]4,2,7)([26]0,10,2)([27]21,17,4)([28]23,26,2)([29]7,4,5)([30]23,29,0)([31]28,7,3)([32]25,26,3)([33]13,32,4)([34]21,13,7)([35]16,23,2)([36]5,29,4)([37]34,18,5)([38]37,36,4)([39]24,34,6)([40]27,30,6)([41]19,23,2)([42]41,36,6)([43]12,41,4)([44]32,10,6)([45]4,3,6)([46]38,19,7)([47]8,40,0)([48]21,8,2)([49]39,12,7)([50]42,10,7)([51]31,50,5)([52]16,0,4)([53]2,41,6)([54]24,35,4)([55]33,52,3)([56]48,2,3)([57]48,51,6)([58]37,57,4)([59]51,53,6)([60]25,47,0)([61]55,46,5)([62]31,9,3)([63]58,61,5)([64]42,13,3)([65]55,32,4)([66]62,52,5)([67]28,61,3)([68]13,23,0)([69]36,20,6)([70]63,45,7)([71]8,44,4)([72]0,46,3)([73]20,14,6)([74]39,10,2)([75]21,39,3)([76]11,67,1)([77]0,18,5)([78]6,70,7)([79]16,31,5)([80]21,74,6)([81]18,36,2)([82]17,64,6)([83]18,34,4)([84]16,63,0)([85]6,15,5)([86]43,71,3)(78)
evaluations: 43117493
first invidual area: 126.97
{7,1,80,1,2,1,8}([7]6,0,7)([8]0,1,7)([9]5,4,6)([10]7,2,7)([11]0,7,3)([12]3,11,5)([13]9,8,5)([14]4,7,5)([15]5,1,6)([16]12,5,5)([17]15,11,4)([18]7,3,7)([19]1,4,4)([20]0,4,0)([21]3,9,6)([22]10,17,5)([23]4,12,3)([24]4,2,7)([25]3,4,6)([26]0,10,2)([27]8,21,2)([28]23,26,2)([29]26,24,3)([30]7,11,0)([31]28,7,3)([32]16,29,0)([33]13,29,5)([34]21,13,7)([35]20,1,7)([36]14,5,4)([37]34,22,5)([38]37,36,7)([39]26,6,2)([40]23,39,0)([41]19,23,2)([42]6,6,3)([43]16,20,7)([44]41,36,6)([45]11,34,4)([46]38,19,4)([47]20,45,7)([48]12,17,2)([49]27,0,3)([50]44,10,7)([51]31,50,5)([52]16,0,4)([53]18,50,0)([54]16,43,7)([55]33,52,3)([56]26,39,2)([57]27,51,6)([58]37,57,4)([59]15,28,7)([60]18,12,7)([61]55,46,5)([62]32,53,2)([63]58,61,5)([64]8,0,1)([65]46,57,4)([66]28,60,2)([67]15,41,2)([68]23,32,3)([69]39,65,4)([70]63,42,4)([71]66,60,5)([72]59,43,7)([73]18,6,1)([74]34,17,2)([75]16,18,6)([76]27,42,3)([77]21,70,1)([78]25,70,4)([79]65,65,7)([80]44,14,6)([81]51,48,2)([82]1,31,7)([83]53,40,7)([84]53,12,3)([85]4,79,0)([86]22,57,6)(78)
optimized area: 124.15
time: 1090029 ms
seed: 1635961698
{7,1,80,1,2,1,8}([7]5,6,7)([8]4,5,6)([9]2,5,7)([10]0,3,2)([11]9,7,5)([12]8,11,2)([13]9,10,1)([14]0,13,3)([15]11,14,4)([16]0,4,7)([17]16,5,7)([18]14,16,1)([19]1,8,3)([20]19,12,7)([21]20,16,0)([22]21,3,7)([23]11,3,7)([24]22,17,3)([25]10,19,4)([26]24,25,2)([27]1,6,7)([28]22,24,4)([29]1,12,1)([30]7,19,0)([31]26,15,3)([32]5,29,3)([33]15,30,7)([34]33,27,5)([35]28,28,2)([36]26,23,4)([37]31,35,2)([38]31,22,4)([39]8,7,3)([40]27,37,7)([41]2,10,3)([42]36,21,0)([43]39,16,3)([44]33,18,6)([45]26,34,1)([46]41,26,3)([47]25,39,1)([48]8,18,3)([49]26,43,6)([50]33,47,3)([51]49,43,7)([52]44,50,7)([53]10,18,7)([54]26,47,1)([55]7,12,7)([56]52,39,0)([57]40,36,3)([58]9,2,5)([59]20,18,7)([60]4,32,1)([61]5,8,0)([62]2,52,3)([63]46,38,2)([64]26,56,4)([65]6,33,5)([66]24,27,3)([67]0,21,5)([68]54,17,1)([69]57,62,2)([70]54,11,1)([71]69,26,7)([72]63,60,3)([73]27,36,5)([74]50,34,4)([75]60,34,1)([76]19,12,4)([77]55,1,3)([78]53,45,5)([79]49,74,5)([80]51,22,0)([81]27,25,2)([82]67,78,6)([83]61,25,6)([84]71,72,7)([85]32,19,4)([86]84,51,6)(86)
evaluations: 21841111
first invidual area: 148.06
{7,1,80,1,2,1,8}([7]5,6,7)([8]4,5,6)([9]5,2,7)([10]3,0,5)([11]9,7,5)([12]8,11,5)([13]9,2,1)([14]13,0,3)([15]12,1,5)([16]4,0,7)([17]5,12,3)([18]11,7,5)([19]1,8,3)([20]9,16,1)([21]14,18,2)([22]15,3,7)([23]16,5,7)([24]22,23,3)([25]19,10,7)([26]24,25,2)([27]25,14,5)([28]14,11,4)([29]17,6,7)([30]24,22,4)([31]26,28,3)([32]31,30,5)([33]20,20,2)([34]33,23,4)([35]4,2,1)([36]1,6,4)([37]12,17,3)([38]22,31,4)([39]7,8,3)([40]1,2,3)([41]39,16,3)([42]19,5,6)([43]25,3,7)([44]34,16,5)([45]25,31,6)([46]32,36,7)([47]44,15,3)([48]15,14,7)([49]25,41,5)([50]21,49,6)([51]49,26,2)([52]18,50,7)([53]0,45,1)([54]3,11,7)([55]54,26,4)([56]41,14,1)([57]55,46,3)([58]45,25,5)([59]20,4,2)([60]45,56,5)([61]32,51,7)([62]52,2,3)([63]40,38,2)([64]0,25,2)([65]27,49,1)([66]1,64,0)([67]27,11,2)([68]58,3,4)([69]57,62,5)([70]43,10,1)([71]26,69,7)([72]63,35,3)([73]3,66,3)([74]51,23,5)([75]47,73,0)([76]35,58,5)([77]38,58,7)([78]54,38,3)([79]7,50,1)([80]32,2,2)([81]40,64,1)([82]35,26,0)([83]67,77,2)([84]71,72,4)([85]17,10,2)([86]84,51,6)(86)
optimized area: 132.58
time: 1337401 ms
seed: 1635997593
NOT FOUND
time: 1067779 ms
seed: 1636032077
{7,1,80,1,2,1,8}([7]2,1,7)([8]3,1,4)([9]1,3,5)([10]2,0,5)([11]6,9,5)([12]8,11,7)([13]9,0,3)([14]6,7,4)([15]6,9,6)([16]0,5,7)([17]6,7,7)([18]13,2,5)([19]15,5,4)([20]18,19,4)([21]5,17,5)([22]15,16,4)([23]20,21,5)([24]20,20,6)([25]4,22,2)([26]4,25,4)([27]23,4,5)([28]17,20,6)([29]7,11,2)([30]13,24,4)([31]12,19,6)([32]7,18,5)([33]11,5,1)([34]27,29,7)([35]16,7,4)([36]1,10,7)([37]17,21,3)([38]36,22,5)([39]31,28,3)([40]30,17,3)([41]39,33,4)([42]26,38,4)([43]42,40,7)([44]25,21,3)([45]7,25,4)([46]8,6,0)([47]41,42,4)([48]29,45,7)([49]48,43,6)([50]5,3,2)([51]43,27,1)([52]34,31,4)([53]30,13,7)([54]45,43,6)([55]47,44,7)([56]48,32,7)([57]4,0,1)([58]57,8,4)([59]14,54,0)([60]25,26,7)([61]37,24,5)([62]36,23,1)([63]11,54,7)([64]55,14,0)([65]7,9,6)([66]58,9,5)([67]21,55,2)([68]67,58,7)([69]50,27,1)([70]54,52,6)([71]19,45,1)([72]47,49,7)([73]51,23,3)([74]20,66,2)([75]33,48,7)([76]10,53,3)([77]35,62,3)([78]77,68,4)([79]78,72,6)([80]79,78,3)([81]52,31,4)([82]79,70,3)([83]46,43,7)([84]18,59,4)([85]5,83,1)([86]39,80,1)(82)
evaluations: 21574862
first invidual area: 176.19
{7,1,80,1,2,1,8}([7]1,2,7)([8]3,1,4)([9]3,1,5)([10]0,0,0)([11]6,9,5)([12]2,0,5)([13]9,10,3)([14]12,2,1)([15]6,9,6)([16]5,10,7)([17]6,7,7)([18]13,2,5)([19]5,15,4)([20]18,19,4)([21]17,5,5)([22]16,15,4)([23]21,20,5)([24]19,8,3)([25]4,22,2)([26]25,4,7)([27]8,11,7)([28]20,17,6)([29]11,7,2)([30]9,28,4)([31]27,19,6)([32]4,8,4)([33]23,4,5)([34]33,29,7)([35]7,16,4)([36]12,1,7)([37]22,36,5)([38]20,20,0)([39]31,28,3)([40]17,30,6)([41]39,11,4)([42]26,37,2)([43]42,40,4)([44]23,33,0)([45]25,7,4)([46]39,10,5)([47]41,42,7)([48]29,45,7)([49]48,43,3)([50]47,32,3)([51]37,30,5)([52]2,30,7)([53]50,5,6)([54]45,43,6)([55]14,17,2)([56]29,47,0)([57]16,35,2)([58]50,7,0)([59]21,47,5)([60]49,47,4)([61]56,5,2)([62]16,19,4)([63]31,34,4)([64]54,35,7)([65]62,63,0)([66]44,17,2)([67]65,2,0)([68]59,32,7)([69]26,24,7)([70]63,54,6)([71]31,53,1)([72]54,11,3)([73]42,52,0)([74]45,10,3)([75]28,35,2)([76]36,22,1)([77]35,76,3)([78]77,68,4)([79]78,60,6)([80]38,32,1)([81]48,19,1)([82]79,70,3)([83]4,36,7)([84]2,59,0)([85]68,58,3)([86]27,73,3)(82)
optimized area: 161.20
time: 1371508 ms
seed: 1636066059
{7,1,80,1,2,1,8}([7]4,5,2)([8]1,0,2)([9]3,7,4)([10]4,2,4)([11]1,2,4)([12]2,3,3)([13]7,8,4)([14]5,8,2)([15]1,6,2)([16]11,0,7)([17]9,1,6)([18]3,16,5)([19]5,8,3)([20]19,15,6)([21]16,17,4)([22]10,13,7)([23]6,12,4)([24]12,4,5)([25]13,23,4)([26]2,21,5)([27]19,26,2)([28]5,9,4)([29]18,20,7)([30]20,16,7)([31]0,10,7)([32]24,14,7)([33]30,25,6)([34]32,3,3)([35]17,19,6)([36]14,15,6)([37]29,35,2)([38]0,33,0)([39]28,11,7)([40]28,29,5)([41]32,27,7)([42]22,17,5)([43]6,11,4)([44]42,43,6)([45]29,22,4)([46]33,14,7)([47]36,23,4)([48]45,18,3)([49]23,31,7)([50]31,22,3)([51]29,11,4)([52]21,19,7)([53]41,46,5)([54]47,37,3)([55]50,54,5)([56]55,53,2)([57]55,14,6)([58]39,56,4)([59]47,57,2)([60]30,31,7)([61]47,12,4)([62]45,47,2)([63]13,21,0)([64]32,59,1)([65]56,26,5)([66]58,35,5)([67]32,37,1)([68]13,36,0)([69]34,52,7)([70]17,12,0)([71]22,66,7)([72]59,54,4)([73]17,5,3)([74]17,23,6)([75]4,64,3)([76]4,65,0)([77]46,5,6)([78]69,59,4)([79]59,23,6)([80]38,1,7)([81]18,48,6)([82]76,81,6)([83]80,43,2)([84]24,50,5)([85]75,30,1)([86]72,52,3)(58)
evaluations: 27068227
first invidual area: 135.90
{7,1,80,1,2,1,8}([7]4,5,2)([8]1,0,2)([9]3,7,4)([10]6,0,0)([11]2,1,4)([12]2,3,3)([13]8,7,4)([14]8,5,2)([15]1,10,2)([16]0,11,7)([17]9,1,6)([18]12,4,5)([19]8,5,3)([20]19,15,6)([21]16,17,4)([22]21,3,5)([23]6,12,4)([24]1,18,7)([25]13,23,4)([26]2,21,5)([27]26,19,7)([28]4,0,7)([29]19,26,5)([30]20,16,7)([31]14,29,6)([32]13,0,7)([33]30,25,3)([34]31,18,4)([35]19,17,6)([36]9,10,2)([37]11,5,7)([38]29,20,6)([39]37,4,5)([40]3,30,4)([41]18,33,4)([42]35,40,2)([43]14,15,3)([44]28,2,7)([45]33,38,6)([46]33,14,4)([47]23,43,7)([48]13,38,0)([49]23,38,7)([50]44,32,5)([51]46,36,6)([52]37,9,4)([53]34,46,5)([54]47,42,3)([55]50,54,5)([56]55,53,5)([57]54,56,0)([58]25,34,5)([59]14,57,1)([60]8,18,5)([61]55,7,6)([62]56,43,5)([63]41,9,4)([64]7,13,7)([65]32,58,0)([66]4,14,7)([67]26,4,7)([68]2,23,4)([69]62,22,2)([70]29,20,3)([71]37,15,5)([72]16,58,2)([73]5,55,3)([74]17,53,3)([75]51,50,4)([76]13,41,4)([77]70,25,0)([78]52,56,7)([79]22,64,0)([80]42,0,5)([81]2,54,7)([82]27,44,5)([83]36,63,0)([84]39,45,0)([85]83,21,6)([86]63,8,5)(78)
optimized area: 130.27
time: 1149658 ms
seed: 1636099162
{7,1,80,1,2,1,8}([7]4,6,4)([8]1,7,4)([9]1,1,1)([10]5,8,7)([11]10,9,6)([12]6,0,4)([13]11,2,7)([14]13,0,5)([15]9,3,6)([16]10,7,3)([17]8,0,7)([18]14,16,5)([19]10,9,2)([20]6,10,7)([21]17,20,4)([22]0,19,5)([23]5,7,4)([24]15,13,4)([25]12,24,6)([26]21,9,6)([27]20,1,6)([28]18,27,3)([29]19,24,7)([30]3,6,1)([31]20,1,5)([32]26,17,2)([33]32,29,7)([34]24,25,6)([35]33,34,6)([36]7,31,5)([37]16,27,3)([38]16,13,1)([39]3,34,6)([40]3,37,5)([41]12,24,2)([42]36,40,7)([43]40,0,2)([44]8,3,2)([45]21,7,2)([46]45,22,5)([47]44,45,5)([48]46,42,5)([49]46,22,3)([50]13,39,4)([51]19,29,7)([52]28,47,7)([53]49,24,4)([54]37,33,3)([55]48,32,2)([56]55,15,7)([57]53,17,1)([58]47,7,4)([59]13,27,1)([60]52,42,4)([61]26,44,0)([62]60,50,2)([63]30,20,2)([64]48,35,6)([65]48,48,4)([66]9,21,1)([67]32,59,1)([68]4,23,6)([69]42,16,3)([70]0,68,5)([71]39,40,7)([72]36,12,1)([73]41,69,0)([74]62,64,6)([75]9,34,1)([76]48,37,7)([77]74,11,6)([78]8,76,2)([79]13,76,4)([80]52,49,0)([81]52,62,4)([82]23,67,3)([83]67,36,5)([84]12,6,1)([85]56,17,1)([86]75,58,5)(74)
evaluations: 17996880
first invidual area: 130.70
{7,1,80,1,2,1,8}([7]6,4,4)([8]5,7,7)([9]1,7,1)([10]1,8,4)([11]9,10,3)([12]0,6,7)([13]2,11,4)([14]3,9,6)([15]9,8,5)([16]10,7,3)([17]13,0,5)([18]4,5,6)([19]16,17,5)([20]6,10,7)([21]5,12,4)([22]21,9,5)([23]7,7,0)([24]13,14,4)([25]7,17,5)([26]21,9,6)([27]1,20,6)([28]24,15,7)([29]26,22,5)([30]6,29,7)([31]20,1,5)([32]26,20,5)([33]32,28,7)([34]24,12,6)([35]27,16,3)([36]7,28,6)([37]16,12,2)([38]35,3,5)([39]31,23,5)([40]26,9,5)([41]27,36,1)([42]39,38,7)([43]34,3,6)([44]16,6,4)([45]21,23,2)([46]37,9,4)([47]14,2,1)([48]33,34,6)([49]42,22,5)([50]27,19,6)([51]13,43,7)([52]35,10,7)([53]45,41,5)([54]35,7,3)([55]50,49,7)([56]25,41,2)([57]8,26,6)([58]40,12,2)([59]44,57,1)([60]53,42,5)([61]5,47,4)([62]48,19,3)([63]51,50,3)([64]60,48,6)([65]20,55,3)([66]12,8,7)([67]41,60,2)([68]55,3,6)([69]23,27,5)([70]55,51,6)([71]13,64,2)([72]21,30,7)([73]17,22,6)([74]70,64,6)([75]0,58,1)([76]29,11,6)([77]54,32,1)([78]64,64,1)([79]6,43,4)([80]8,2,7)([81]38,25,0)([82]46,9,0)([83]77,74,7)([84]46,64,0)([85]26,51,6)([86]34,53,3)(74)
optimized area: 117.10
time: 1307920 ms
seed: 1636131919
{7,1,80,1,2,1,8}([7]5,3,6)([8]2,3,2)([9]6,1,6)([10]2,1,7)([11]0,9,6)([12]5,7,7)([13]11,12,4)([14]0,10,3)([15]4,12,7)([16]4,0,5)([17]9,10,4)([18]6,14,2)([19]6,16,7)([20]1,18,5)([21]16,7,6)([22]7,21,7)([23]6,7,5)([24]14,7,5)([25]3,10,7)([26]14,8,2)([27]13,18,6)([28]15,26,4)([29]25,23,2)([30]8,10,3)([31]0,20,6)([32]27,19,6)([33]28,1,6)([34]5,4,7)([35]3,29,5)([36]15,27,4)([37]3,32,5)([38]2,6,6)([39]34,30,4)([40]35,6,7)([41]37,29,2)([42]2,18,4)([43]42,22,3)([44]33,7,3)([45]41,15,6)([46]2,32,6)([47]43,45,6)([48]36,8,7)([49]13,41,4)([50]33,16,2)([51]32,50,7)([52]48,16,7)([53]23,28,1)([54]17,39,5)([55]48,47,7)([56]37,0,3)([57]38,48,7)([58]44,14,6)([59]51,54,3)([60]59,55,7)([61]58,49,2)([62]47,5,0)([63]31,1,1)([64]12,5,4)([65]61,60,3)([66]2,12,4)([67]29,48,4)([68]49,56,5)([69]5,64,5)([70]55,30,7)([71]40,50,1)([72]14,16,5)([73]30,43,4)([74]56,6,4)([75]15,60,1)([76]32,26,0)([77]43,6,6)([78]28,52,2)([79]73,4,1)([80]3,5,1)([81]73,64,7)([82]42,29,1)([83]42,18,6)([84]82,21,1)([85]74,47,2)([86]11,70,5)(65)
evaluations: 13075671
first invidual area: 145.72
{7,1,80,1,2,1,8}([7]3,5,6)([8]2,3,5)([9]1,6,6)([10]2,1,7)([11]9,0,3)([12]7,5,6)([13]12,11,7)([14]10,0,3)([15]12,4,7)([16]0,4,5)([17]16,6,7)([18]14,6,2)([19]18,13,6)([20]16,4,1)([21]20,7,3)([22]15,8,7)([23]6,7,5)([24]23,14,2)([25]3,10,7)([26]7,15,4)([27]3,9,7)([28]10,9,4)([29]23,21,0)([30]20,21,4)([31]19,17,6)([32]23,25,2)([33]25,3,3)([34]4,12,7)([35]1,22,6)([36]24,14,3)([37]19,4,5)([38]21,3,1)([39]26,37,7)([40]39,28,2)([41]8,32,2)([42]18,2,7)([43]42,21,5)([44]22,3,4)([45]41,15,6)([46]32,32,3)([47]43,45,3)([48]19,47,4)([49]22,48,7)([50]16,35,2)([51]13,4,5)([52]20,22,0)([53]33,49,5)([54]45,29,2)([55]31,1,3)([56]50,31,3)([57]16,56,4)([58]14,21,6)([59]56,40,5)([60]59,49,7)([61]58,44,2)([62]14,19,0)([63]12,27,1)([64]47,62,0)([65]19,54,2)([66]32,19,4)([67]65,17,2)([68]44,9,2)([69]4,23,5)([70]21,2,6)([71]6,36,4)([72]51,13,0)([73]52,17,2)([74]37,5,4)([75]32,36,0)([76]40,16,3)([77]30,9,2)([78]4,69,7)([79]10,64,4)([80]66,14,4)([81]43,63,3)([82]8,66,7)([83]44,3,6)([84]65,30,1)([85]30,2,4)([86]60,61,3)(86)
optimized area: 125.08
time: 1275061 ms
seed: 1636164232
{7,1,80,1,2,1,8}([7]3,1,3)([8]2,4,4)([9]2,3,4)([10]8,2,7)([11]3,2,2)([12]5,9,3)([13]7,8,3)([14]9,8,2)([15]5,12,7)([16]14,1,7)([17]6,15,7)([18]16,17,4)([19]6,5,2)([20]0,18,3)([21]0,5,6)([22]0,6,4)([23]1,4,2)([24]11,5,2)([25]13,4,5)([26]21,10,7)([27]19,24,7)([28]24,23,4)([29]8,12,2)([30]16,3,4)([31]29,22,2)([32]16,27,5)([33]27,25,4)([34]33,12,4)([35]10,22,4)([36]19,1,3)([37]6,14,3)([38]32,4,2)([39]36,35,6)([40]26,18,6)([41]22,3,4)([42]38,10,0)([43]31,25,5)([44]13,24,0)([45]25,25,6)([46]34,31,6)([47]24,9,3)([48]46,35,4)([49]39,29,4)([50]5,39,4)([51]41,26,2)([52]8,12,1)([53]51,48,5)([54]19,1,2)([55]53,23,6)([56]18,50,0)([57]46,55,4)([58]18,24,2)([59]11,23,0)([60]33,50,5)([61]56,23,2)([62]60,17,0)([63]8,12,5)([64]9,28,6)([65]47,51,7)([66]26,63,4)([67]12,14,2)([68]9,17,4)([69]38,60,3)([70]57,53,1)([71]24,27,1)([72]32,31,5)([73]44,34,2)([74]62,1,3)([75]35,4,1)([76]33,22,4)([77]51,45,4)([78]52,69,2)([79]20,70,7)([80]71,73,4)([81]30,72,6)([82]47,19,7)([83]60,48,4)([84]62,9,0)([85]14,73,2)([86]79,69,5)(86)
evaluations: 9303783
first invidual area: 139.63
{7,1,80,1,2,1,8}([7]3,1,3)([8]4,2,4)([9]2,3,4)([10]0,5,6)([11]10,9,5)([12]5,2,2)([13]7,8,3)([14]5,3,4)([15]9,8,5)([16]1,11,7)([17]16,15,4)([18]17,6,4)([19]5,6,2)([20]17,9,2)([21]3,12,5)([22]6,0,4)([23]3,22,4)([24]1,0,5)([25]13,4,5)([26]19,12,2)([27]21,25,4)([28]5,9,6)([29]27,8,2)([30]4,1,2)([31]18,26,4)([32]18,0,6)([33]19,27,4)([34]28,33,7)([35]4,22,7)([36]1,35,3)([37]10,4,4)([38]26,17,7)([39]36,19,6)([40]5,39,4)([41]3,18,6)([42]14,28,7)([43]30,7,4)([44]40,33,5)([45]29,22,2)([46]45,34,6)([47]17,13,5)([48]35,34,7)([49]1,9,6)([50]38,44,4)([51]48,23,2)([52]47,4,2)([53]51,37,5)([54]3,43,4)([55]30,53,6)([56]47,28,0)([57]32,55,4)([58]46,57,7)([59]45,21,5)([60]6,46,0)([61]52,44,3)([62]34,58,4)([63]7,21,1)([64]46,5,0)([65]41,24,4)([66]29,54,0)([67]20,39,6)([68]64,19,0)([69]31,12,4)([70]61,35,6)([71]34,70,1)([72]14,69,1)([73]69,45,1)([74]11,17,1)([75]12,12,1)([76]4,11,7)([77]33,18,5)([78]40,37,1)([79]15,26,5)([80]79,76,7)([81]12,15,6)([82]43,52,3)([83]68,52,3)([84]9,4,7)([85]10,34,5)([86]58,61,5)(86)
optimized area: 129.78
time: 1267950 ms
