seed: 1633856767
NOT FOUND
time: 528458 ms
seed: 1633943636
{7,1,80,1,2,1,8}([7]6,1,4)([8]6,4,6)([9]0,3,6)([10]6,9,5)([11]8,10,4)([12]11,5,4)([13]6,4,2)([14]12,7,4)([15]3,14,6)([16]0,5,7)([17]5,15,6)([18]14,17,6)([19]7,15,2)([20]10,1,5)([21]16,15,5)([22]13,18,3)([23]11,20,4)([24]23,1,4)([25]23,2,2)([26]19,22,7)([27]13,24,3)([28]20,27,6)([29]21,5,5)([30]27,26,5)([31]3,27,1)([32]20,1,3)([33]19,24,3)([34]25,22,6)([35]30,29,7)([36]16,34,4)([37]7,29,3)([38]36,2,5)([39]27,24,6)([40]33,28,6)([41]38,35,7)([42]1,39,6)([43]25,23,1)([44]23,8,3)([45]5,29,3)([46]2,17,6)([47]36,4,4)([48]13,22,0)([49]20,24,6)([50]17,28,0)([51]21,9,1)([52]41,28,3)([53]10,34,6)([54]3,46,7)([55]45,4,3)([56]31,19,6)([57]33,16,2)([58]40,4,5)([59]7,20,3)([60]11,0,5)([61]29,60,2)([62]26,6,4)([63]62,58,4)([64]31,47,6)([65]14,21,2)([66]36,52,4)([67]60,63,4)([68]67,64,2)([69]30,17,7)([70]33,49,2)([71]55,29,3)([72]2,68,4)([73]10,38,2)([74]14,32,1)([75]72,52,5)([76]8,49,1)([77]75,29,6)([78]42,28,4)([79]43,50,5)([80]53,13,5)([81]59,59,2)([82]34,22,2)([83]59,35,4)([84]83,75,4)([85]23,67,6)([86]67,37,0)(84)
evaluations: 37083708
first invidual area: 144.77
{7,1,80,1,2,1,8}([7]1,6,4)([8]4,6,3)([9]0,3,6)([10]6,9,5)([11]8,10,2)([12]5,11,7)([13]6,4,2)([14]12,7,7)([15]3,14,6)([16]0,5,4)([17]5,15,6)([18]17,14,6)([19]15,7,5)([20]1,10,5)([21]0,15,5)([22]13,18,3)([23]11,20,4)([24]23,1,4)([25]23,2,2)([26]19,22,5)([27]24,13,3)([28]27,20,6)([29]21,5,5)([30]27,26,5)([31]25,22,7)([32]28,15,1)([33]11,12,0)([34]25,22,3)([35]30,29,7)([36]34,16,4)([37]20,7,6)([38]36,2,5)([39]16,0,7)([40]2,19,6)([41]38,35,7)([42]26,35,6)([43]32,14,0)([44]43,21,6)([45]12,39,7)([46]12,2,0)([47]36,4,4)([48]0,5,7)([49]41,28,3)([50]23,43,7)([51]20,27,5)([52]23,24,1)([53]3,50,6)([54]3,3,6)([55]43,32,1)([56]16,35,3)([57]37,13,6)([58]32,36,5)([59]3,44,1)([60]53,18,2)([61]17,25,0)([62]22,6,4)([63]62,58,4)([64]59,47,6)([65]7,50,3)([66]8,0,5)([67]66,63,7)([68]57,59,0)([69]64,67,5)([70]54,59,5)([71]25,0,4)([72]2,69,7)([73]20,40,0)([74]33,13,3)([75]72,49,5)([76]31,63,4)([77]50,20,2)([78]73,63,4)([79]64,43,5)([80]22,16,6)([81]17,12,2)([82]58,78,6)([83]75,35,4)([84]83,37,7)([85]65,29,5)([86]63,7,3)(84)
optimized area: 135.38
time: 616724 ms
seed: 1633971372
NOT FOUND
time: 535945 ms
seed: 1633994282
NOT FOUND
time: 528462 ms
seed: 1634043172
NOT FOUND
time: 527263 ms
seed: 1634157317
{7,1,80,1,2,1,8}([7]0,3,4)([8]4,2,3)([9]0,4,3)([10]1,3,7)([11]5,9,5)([12]5,6,4)([13]3,4,4)([14]6,0,7)([15]7,5,6)([16]0,13,6)([17]13,16,6)([18]13,11,2)([19]2,0,7)([20]12,18,6)([21]18,9,3)([22]14,4,2)([23]10,12,6)([24]15,19,3)([25]22,20,7)([26]8,14,7)([27]3,1,3)([28]22,23,3)([29]26,11,5)([30]25,17,3)([31]26,0,4)([32]27,23,7)([33]30,10,4)([34]24,33,2)([35]2,22,2)([36]29,34,3)([37]22,22,5)([38]1,15,6)([39]35,31,2)([40]22,30,5)([41]20,27,7)([42]34,27,7)([43]42,36,5)([44]25,16,7)([45]17,43,2)([46]14,44,3)([47]24,13,3)([48]34,24,0)([49]30,41,3)([50]23,4,1)([51]24,7,1)([52]2,45,5)([53]2,34,4)([54]27,46,5)([55]25,28,3)([56]54,28,3)([57]51,18,6)([58]38,56,4)([59]43,35,3)([60]12,55,1)([61]12,31,1)([62]35,28,4)([63]58,53,2)([64]23,58,0)([65]20,52,2)([66]59,65,7)([67]32,42,3)([68]66,23,2)([69]57,67,3)([70]66,57,3)([71]3,35,2)([72]51,58,6)([73]42,61,3)([74]66,57,7)([75]57,0,4)([76]29,8,6)([77]49,30,5)([78]14,8,4)([79]63,6,7)([80]9,30,2)([81]30,51,2)([82]11,11,6)([83]63,66,6)([84]23,83,7)([85]79,26,7)([86]61,11,7)(84)
evaluations: 46590481
first invidual area: 135.86
{7,1,80,1,2,1,8}([7]0,3,4)([8]2,4,3)([9]0,4,3)([10]3,1,7)([11]5,9,5)([12]5,6,4)([13]3,4,4)([14]6,0,7)([15]7,5,6)([16]0,13,6)([17]13,16,6)([18]13,11,2)([19]1,15,2)([20]12,18,6)([21]2,0,7)([22]14,4,2)([23]10,12,6)([24]15,21,3)([25]22,20,7)([26]14,8,7)([27]3,1,3)([28]22,23,3)([29]26,11,5)([30]25,17,3)([31]12,23,7)([32]27,23,4)([33]30,10,4)([34]24,33,2)([35]2,22,2)([36]29,34,3)([37]36,32,4)([38]1,15,3)([39]38,14,3)([40]7,10,2)([41]19,10,3)([42]34,27,7)([43]42,36,5)([44]25,16,7)([45]17,43,2)([46]26,44,3)([47]24,44,3)([48]46,47,5)([49]35,5,6)([50]47,21,6)([51]14,13,5)([52]21,45,5)([53]2,34,4)([54]27,46,5)([55]3,29,1)([56]54,28,6)([57]26,50,3)([58]38,56,4)([59]43,35,6)([60]11,38,4)([61]46,60,0)([62]32,9,3)([63]58,53,2)([64]53,63,0)([65]20,52,5)([66]59,65,7)([67]65,34,4)([68]35,62,3)([69]14,22,3)([70]23,7,5)([71]6,28,4)([72]12,51,4)([73]59,51,2)([74]59,63,0)([75]16,18,0)([76]18,47,2)([77]59,15,7)([78]43,5,4)([79]75,16,4)([80]7,40,4)([81]3,32,7)([82]41,30,7)([83]63,66,6)([84]23,83,7)([85]83,32,7)([86]30,19,5)(84)
optimized area: 135.39
time: 536360 ms
seed: 1634204687
NOT FOUND
time: 523970 ms
seed: 1634253587
{7,1,80,1,2,1,8}([7]4,1,7)([8]1,5,2)([9]0,4,5)([10]3,4,6)([11]2,3,7)([12]3,9,4)([13]1,2,7)([14]5,12,4)([15]5,6,5)([16]11,1,4)([17]2,10,4)([18]15,8,3)([19]6,0,4)([20]7,19,4)([21]19,18,2)([22]15,0,5)([23]4,22,7)([24]7,17,1)([25]8,17,7)([26]1,15,4)([27]3,26,6)([28]2,6,3)([29]12,25,3)([30]20,3,6)([31]9,22,1)([32]5,0,4)([33]24,23,7)([34]32,13,4)([35]19,26,7)([36]21,34,3)([37]16,21,0)([38]14,0,2)([39]31,4,3)([40]36,3,6)([41]17,22,1)([42]35,38,5)([43]25,39,0)([44]42,7,5)([45]11,11,2)([46]41,8,2)([47]23,25,3)([48]31,14,7)([49]15,20,4)([50]6,36,3)([51]12,33,6)([52]50,47,2)([53]4,36,6)([54]26,20,0)([55]44,9,5)([56]3,25,0)([57]1,55,1)([58]40,51,6)([59]22,52,0)([60]59,52,0)([61]24,14,6)([62]32,40,2)([63]15,29,2)([64]52,6,0)([65]64,58,5)([66]30,44,2)([67]54,13,2)([68]41,23,4)([69]25,28,2)([70]8,54,2)([71]5,60,5)([72]42,22,4)([73]1,33,0)([74]34,20,5)([75]7,64,0)([76]14,66,4)([77]55,41,3)([78]11,69,5)([79]22,61,3)([80]14,68,5)([81]28,64,5)([82]81,55,6)([83]49,82,4)([84]65,83,4)([85]34,6,5)([86]79,63,7)(84)
evaluations: 8321974
first invidual area: 128.85
{7,1,80,1,2,1,8}([7]1,4,7)([8]5,1,5)([9]0,4,5)([10]0,4,1)([11]8,2,4)([12]9,3,4)([13]6,12,4)([14]9,12,5)([15]5,6,5)([16]0,15,5)([17]5,0,7)([18]1,17,7)([19]6,0,4)([20]19,15,4)([21]7,20,4)([22]19,20,5)([23]16,4,7)([24]14,11,7)([25]18,20,5)([26]19,25,2)([27]4,2,7)([28]2,18,7)([29]6,7,2)([30]5,12,4)([31]7,23,4)([32]1,2,1)([33]24,23,3)([34]5,25,1)([35]14,19,0)([36]28,26,3)([37]3,1,2)([38]6,2,3)([39]38,26,5)([40]0,21,2)([41]1,22,6)([42]30,40,5)([43]6,36,3)([44]42,7,5)([45]8,9,1)([46]24,43,4)([47]19,6,0)([48]7,30,5)([49]35,25,4)([50]20,0,1)([51]44,9,5)([52]43,33,2)([53]31,12,6)([54]24,50,4)([55]49,37,5)([56]3,36,6)([57]1,27,4)([58]56,53,6)([59]23,25,1)([60]52,58,5)([61]42,34,2)([62]48,20,7)([63]49,56,5)([64]12,25,6)([65]24,29,4)([66]58,40,2)([67]53,2,5)([68]4,55,4)([69]23,25,5)([70]45,29,3)([71]64,8,3)([72]13,25,2)([73]15,42,0)([74]63,22,3)([75]2,64,7)([76]37,62,2)([77]42,25,4)([78]72,8,5)([79]59,43,5)([80]73,43,7)([81]52,38,5)([82]81,51,6)([83]21,82,7)([84]60,83,7)([85]46,17,0)([86]51,83,1)(84)
optimized area: 116.66
time: 656297 ms
seed: 1634301715
{7,1,80,1,2,1,8}([7]3,0,6)([8]5,6,2)([9]0,3,2)([10]1,4,4)([11]7,6,4)([12]2,9,3)([13]1,12,6)([14]4,10,2)([15]4,2,6)([16]5,9,4)([17]6,15,4)([18]17,10,4)([19]0,2,2)([20]15,16,5)([21]8,19,5)([22]12,1,5)([23]7,17,6)([24]13,15,4)([25]3,23,6)([26]23,18,7)([27]18,20,3)([28]14,23,6)([29]16,26,3)([30]6,7,0)([31]7,22,4)([32]8,22,2)([33]17,13,5)([34]21,25,7)([35]28,29,6)([36]32,18,4)([37]33,13,6)([38]24,5,4)([39]19,36,4)([40]23,19,4)([41]35,3,4)([42]34,39,6)([43]38,0,1)([44]28,24,4)([45]31,11,2)([46]26,6,6)([47]45,41,3)([48]36,44,4)([49]17,42,1)([50]22,28,3)([51]15,26,5)([52]47,5,7)([53]27,26,7)([54]16,7,2)([55]43,48,6)([56]2,17,4)([57]28,42,6)([58]47,42,4)([59]55,47,4)([60]54,33,5)([61]4,17,4)([62]58,59,2)([63]26,18,2)([64]55,15,3)([65]38,45,2)([66]35,63,0)([67]41,35,7)([68]32,55,2)([69]62,51,4)([70]22,60,2)([71]40,64,4)([72]38,0,6)([73]23,37,5)([74]39,66,0)([75]13,41,0)([76]6,59,1)([77]64,18,4)([78]71,16,3)([79]77,47,5)([80]46,67,2)([81]61,5,2)([82]60,69,7)([83]70,69,6)([84]50,57,7)([85]34,62,1)([86]62,33,4)(82)
evaluations: 35686077
first invidual area: 146.66
{7,1,80,1,2,1,8}([7]3,0,6)([8]6,5,2)([9]0,3,2)([10]4,1,4)([11]3,10,0)([12]9,2,3)([13]12,1,6)([14]4,10,2)([15]2,4,6)([16]9,5,4)([17]6,15,4)([18]17,10,4)([19]2,0,2)([20]2,4,4)([21]8,19,5)([22]12,1,5)([23]7,17,6)([24]5,15,4)([25]23,11,6)([26]23,18,7)([27]22,6,4)([28]14,23,6)([29]16,26,3)([30]8,22,5)([31]28,5,7)([32]22,18,1)([33]17,13,5)([34]7,6,7)([35]29,28,3)([36]30,18,7)([37]24,18,0)([38]37,13,3)([39]19,36,4)([40]25,21,7)([41]33,25,7)([42]40,39,6)([43]41,10,4)([44]43,21,2)([45]34,27,6)([46]11,35,7)([47]45,46,6)([48]36,31,7)([49]1,13,6)([50]22,43,0)([51]15,26,5)([52]6,46,6)([53]5,40,6)([54]33,7,2)([55]38,48,5)([56]21,26,4)([57]38,15,3)([58]55,42,4)([59]55,47,4)([60]54,5,5)([61]48,54,2)([62]58,59,5)([63]57,53,1)([64]20,24,2)([65]13,19,6)([66]14,57,5)([67]34,28,7)([68]1,43,3)([69]62,51,7)([70]45,41,4)([71]68,37,3)([72]42,62,3)([73]51,21,5)([74]69,7,6)([75]31,69,1)([76]38,22,7)([77]38,27,2)([78]70,75,0)([79]68,35,0)([80]34,67,3)([81]67,5,0)([82]60,69,7)([83]42,43,4)([84]79,54,7)([85]28,8,5)([86]56,17,2)(82)
optimized area: 141.50
time: 586298 ms
seed: 1634342232
NOT FOUND
time: 532763 ms
seed: 1634391115
{7,1,80,1,2,1,8}([7]4,2,1)([8]3,0,6)([9]1,4,4)([10]5,2,7)([11]1,2,4)([12]6,9,4)([13]12,5,2)([14]11,8,2)([15]9,5,3)([16]8,13,3)([17]10,14,6)([18]3,0,6)([19]17,5,4)([20]9,2,3)([21]10,7,7)([22]5,19,2)([23]20,3,5)([24]6,22,5)([25]23,21,6)([26]25,15,4)([27]6,20,6)([28]1,26,3)([29]8,11,2)([30]27,28,7)([31]8,30,6)([32]22,24,2)([33]32,3,6)([34]13,4,4)([35]19,31,1)([36]24,33,7)([37]34,36,3)([38]22,2,7)([39]37,21,4)([40]36,21,7)([41]40,0,2)([42]24,30,3)([43]39,28,4)([44]17,6,4)([45]43,24,5)([46]45,44,4)([47]24,12,5)([48]42,25,6)([49]24,18,2)([50]7,45,2)([51]43,41,2)([52]25,13,6)([53]8,52,5)([54]47,0,4)([55]38,50,4)([56]45,2,7)([57]20,7,5)([58]34,40,2)([59]33,30,7)([60]31,14,6)([61]40,28,2)([62]9,36,5)([63]53,40,7)([64]39,54,6)([65]43,56,0)([66]23,40,0)([67]12,35,6)([68]31,51,6)([69]37,59,2)([70]66,57,1)([71]55,46,5)([72]6,17,6)([73]25,50,4)([74]68,19,7)([75]74,71,2)([76]64,73,2)([77]26,64,5)([78]15,45,0)([79]77,75,5)([80]72,45,0)([81]3,30,5)([82]25,7,1)([83]64,79,4)([84]73,55,7)([85]43,32,6)([86]44,79,3)(83)
evaluations: 13567625
first invidual area: 155.09
{7,1,80,1,2,1,8}([7]2,1,4)([8]3,0,6)([9]4,1,4)([10]2,5,7)([11]8,0,0)([12]9,6,4)([13]5,12,5)([14]9,5,3)([15]8,7,2)([16]1,10,4)([17]15,10,6)([18]7,4,4)([19]17,5,4)([20]9,2,3)([21]10,4,4)([22]5,19,2)([23]3,13,5)([24]22,6,5)([25]23,21,6)([26]25,14,4)([27]6,20,6)([28]1,26,3)([29]13,4,7)([30]27,28,7)([31]21,30,0)([32]24,22,2)([33]1,19,4)([34]3,32,3)([35]22,18,5)([36]34,24,4)([37]29,36,3)([38]26,21,0)([39]31,37,4)([40]27,11,6)([41]39,2,7)([42]17,6,7)([43]39,28,5)([44]43,4,3)([45]43,24,5)([46]45,42,7)([47]24,12,5)([48]1,20,3)([49]24,18,0)([50]18,8,4)([51]14,11,2)([52]51,7,7)([53]32,2,4)([54]39,10,0)([55]53,44,4)([56]0,47,4)([57]52,35,0)([58]25,50,5)([59]56,58,6)([60]30,8,6)([61]4,23,3)([62]60,31,4)([63]46,50,3)([64]39,56,6)([65]4,44,7)([66]0,55,2)([67]8,63,2)([68]66,60,3)([69]11,56,0)([70]5,29,7)([71]46,55,5)([72]30,2,4)([73]1,72,4)([74]68,19,4)([75]74,71,2)([76]43,28,4)([77]38,64,5)([78]33,43,4)([79]77,75,5)([80]16,63,2)([81]16,54,3)([82]62,55,7)([83]64,79,4)([84]11,33,3)([85]34,41,4)([86]34,0,4)(83)
optimized area: 143.37
time: 832716 ms
seed: 1634440188
NOT FOUND
time: 531602 ms
seed: 1634500434
{7,1,80,1,2,1,8}([7]4,4,3)([8]1,2,4)([9]5,8,7)([10]8,0,7)([11]2,6,4)([12]3,6,7)([13]9,2,7)([14]11,10,7)([15]10,7,7)([16]8,13,7)([17]10,8,3)([18]13,17,2)([19]17,7,2)([20]2,13,5)([21]19,3,5)([22]9,7,1)([23]4,21,2)([24]1,3,3)([25]17,0,7)([26]14,7,6)([27]24,19,3)([28]23,26,4)([29]1,28,5)([30]18,14,5)([31]29,30,7)([32]8,20,5)([33]5,17,5)([34]7,26,4)([35]26,5,6)([36]32,19,7)([37]34,22,2)([38]33,15,3)([39]34,20,4)([40]25,9,6)([41]40,6,2)([42]40,1,3)([43]38,27,5)([44]43,29,2)([45]36,6,3)([46]45,42,7)([47]31,12,7)([48]35,13,1)([49]48,44,4)([50]36,29,2)([51]18,35,4)([52]31,41,3)([53]40,25,1)([54]21,4,5)([55]23,35,6)([56]46,49,3)([57]52,47,5)([58]39,28,1)([59]37,12,2)([60]32,44,5)([61]4,52,5)([62]45,39,4)([63]11,57,7)([64]18,30,5)([65]3,51,2)([66]32,39,0)([67]59,57,3)([68]56,67,5)([69]8,10,6)([70]13,10,2)([71]45,16,7)([72]39,71,5)([73]64,44,3)([74]17,23,7)([75]4,42,7)([76]7,41,5)([77]46,6,1)([78]51,61,5)([79]66,0,3)([80]3,29,2)([81]36,59,2)([82]68,2,4)([83]44,42,0)([84]33,33,1)([85]20,6,0)([86]1,51,1)(82)
evaluations: 17808510
first invidual area: 143.82
{7,1,80,1,2,1,8}([7]1,5,4)([8]2,1,4)([9]2,7,7)([10]8,0,7)([11]1,2,0)([12]0,6,1)([13]6,0,4)([14]1,13,4)([15]7,5,5)([16]10,4,7)([17]10,8,3)([18]17,7,2)([19]4,17,2)([20]9,8,1)([21]3,17,5)([22]19,3,3)([23]22,21,2)([24]10,0,2)([25]21,4,2)([26]14,4,6)([27]22,11,3)([28]25,26,3)([29]11,28,5)([30]14,18,5)([31]30,29,7)([32]8,15,5)([33]5,17,5)([34]19,28,3)([35]26,5,6)([36]19,32,7)([37]34,31,2)([38]33,16,3)([39]3,6,7)([40]24,9,6)([41]40,6,2)([42]40,11,6)([43]38,27,5)([44]43,29,5)([45]36,6,3)([46]45,42,4)([47]3,5,5)([48]22,35,7)([49]35,44,4)([50]23,12,6)([51]37,20,2)([52]31,41,3)([53]34,2,4)([54]53,0,3)([55]28,22,4)([56]24,53,2)([57]16,11,7)([58]46,49,3)([59]58,47,4)([60]39,31,7)([61]52,60,5)([62]55,1,1)([63]11,30,1)([64]55,33,5)([65]41,62,3)([66]61,2,3)([67]51,61,3)([68]58,67,5)([69]63,8,1)([70]9,44,2)([71]37,25,7)([72]16,1,5)([73]64,45,6)([74]56,7,6)([75]58,44,7)([76]74,66,5)([77]53,68,0)([78]53,67,0)([79]54,30,6)([80]55,3,1)([81]10,64,5)([82]68,2,4)([83]53,63,6)([84]75,60,2)([85]73,21,7)([86]1,23,1)(82)
optimized area: 134.90
time: 671350 ms
seed: 1634599673
NOT FOUND
time: 532633 ms
seed: 1634648357
NOT FOUND
time: 530001 ms
seed: 1634701178
NOT FOUND
time: 855350 ms
seed: 1634778800
{7,1,80,1,2,1,8}([7]3,2,3)([8]4,5,2)([9]1,4,4)([10]1,5,7)([11]8,2,3)([12]10,10,1)([13]0,3,7)([14]0,10,6)([15]3,6,5)([16]4,6,2)([17]8,14,4)([18]15,11,7)([19]11,6,2)([20]6,17,2)([21]20,0,3)([22]21,16,7)([23]18,7,5)([24]19,1,3)([25]7,8,4)([26]7,6,6)([27]19,5,1)([28]10,3,3)([29]9,20,3)([30]10,26,2)([31]2,30,3)([32]25,1,3)([33]24,23,7)([34]5,33,5)([35]18,14,3)([36]21,27,5)([37]30,22,3)([38]34,16,7)([39]25,9,6)([40]36,31,3)([41]6,29,5)([42]40,38,4)([43]35,21,4)([44]42,8,0)([45]25,6,4)([46]10,11,7)([47]9,37,2)([48]17,20,6)([49]22,47,7)([50]30,44,4)([51]49,46,4)([52]45,25,3)([53]43,9,4)([54]29,4,6)([55]42,28,2)([56]9,53,1)([57]30,33,7)([58]18,50,7)([59]4,27,4)([60]48,49,0)([61]8,26,3)([62]51,33,4)([63]3,4,4)([64]17,0,6)([65]38,14,3)([66]46,30,4)([67]54,61,0)([68]55,52,7)([69]59,43,6)([70]17,1,3)([71]13,54,5)([72]71,65,6)([73]18,26,3)([74]15,8,5)([75]11,7,0)([76]5,37,7)([77]40,25,7)([78]44,22,0)([79]63,51,1)([80]38,28,0)([81]57,25,2)([82]71,62,2)([83]82,68,3)([84]12,69,0)([85]53,83,7)([86]79,85,3)(85)
evaluations: 30950158
first invidual area: 153.68
{7,1,80,1,2,1,8}([7]2,3,3)([8]4,5,2)([9]4,1,4)([10]5,1,7)([11]2,8,3)([12]10,8,7)([13]6,4,5)([14]3,11,0)([15]3,6,5)([16]10,7,0)([17]10,0,6)([18]11,15,7)([19]11,6,2)([20]6,12,2)([21]0,20,3)([22]13,21,5)([23]12,12,5)([24]19,1,6)([25]7,8,4)([26]3,8,1)([27]18,7,5)([28]2,7,1)([29]13,0,7)([30]26,16,2)([31]19,26,3)([32]26,22,7)([33]27,24,4)([34]33,5,5)([35]18,17,6)([36]21,28,5)([37]30,22,3)([38]34,13,4)([39]30,14,3)([40]36,31,6)([41]5,33,6)([42]39,14,0)([43]35,21,4)([44]24,12,0)([45]38,40,7)([46]16,11,7)([47]9,37,5)([48]1,29,4)([49]22,47,7)([50]26,31,4)([51]49,46,4)([52]46,8,6)([53]9,43,7)([54]29,17,3)([55]45,42,5)([56]16,33,2)([57]1,12,1)([58]53,1,3)([59]55,32,5)([60]33,51,7)([61]6,25,3)([62]0,37,5)([63]1,4,6)([64]27,32,1)([65]12,23,5)([66]33,26,2)([67]58,28,1)([68]55,61,4)([69]61,5,7)([70]14,50,3)([71]32,63,5)([72]66,61,1)([73]39,13,6)([74]54,45,3)([75]74,72,6)([76]75,57,3)([77]23,69,6)([78]23,27,4)([79]47,51,7)([80]63,9,4)([81]49,16,5)([82]71,60,2)([83]82,68,3)([84]30,0,6)([85]53,83,7)([86]54,38,5)(85)
optimized area: 141.48
time: 1077850 ms
seed: 1634843828
NOT FOUND
time: 978604 ms
seed: 1635098520
{7,1,80,1,2,1,8}([7]6,3,5)([8]1,5,7)([9]1,7,2)([10]0,4,3)([11]1,4,4)([12]2,9,6)([13]12,7,7)([14]3,8,6)([15]7,10,7)([16]1,13,2)([17]11,0,2)([18]6,16,7)([19]11,3,7)([20]2,13,7)([21]2,4,2)([22]15,18,4)([23]8,19,7)([24]19,20,6)([25]17,23,4)([26]24,14,6)([27]6,10,5)([28]12,0,7)([29]2,15,4)([30]25,27,7)([31]22,20,3)([32]10,31,0)([33]4,22,2)([34]25,22,3)([35]9,8,7)([36]26,26,4)([37]0,2,3)([38]13,29,5)([39]27,17,6)([40]20,19,2)([41]28,18,2)([42]24,17,0)([43]26,12,3)([44]30,43,4)([45]0,18,5)([46]33,25,5)([47]22,19,5)([48]47,21,6)([49]20,39,6)([50]44,41,2)([51]5,1,6)([52]46,29,7)([53]2,29,2)([54]52,40,3)([55]30,20,6)([56]31,39,3)([57]5,42,0)([58]49,8,2)([59]40,10,0)([60]51,58,6)([61]12,37,3)([62]35,50,4)([63]28,42,1)([64]49,13,6)([65]17,48,3)([66]65,65,1)([67]63,65,2)([68]55,60,6)([69]17,17,2)([70]64,54,3)([71]67,62,6)([72]45,21,7)([73]14,30,4)([74]64,32,4)([75]7,58,0)([76]67,4,0)([77]71,70,7)([78]1,14,4)([79]21,25,2)([80]76,5,7)([81]32,47,3)([82]60,2,0)([83]51,36,2)([84]18,64,5)([85]77,15,4)([86]64,45,2)(77)
evaluations: 36517347
first invidual area: 147.12
{7,1,80,1,2,1,8}([7]3,6,5)([8]5,1,7)([9]7,1,2)([10]4,0,6)([11]4,1,4)([12]9,2,6)([13]7,12,7)([14]8,3,6)([15]10,7,4)([16]1,13,5)([17]0,11,2)([18]16,6,5)([19]3,11,7)([20]13,2,6)([21]18,17,3)([22]15,18,4)([23]8,17,4)([24]19,20,6)([25]19,23,7)([26]0,14,1)([27]5,24,2)([28]12,0,7)([29]2,12,6)([30]0,25,4)([31]19,22,5)([32]31,28,1)([33]25,4,2)([34]25,20,6)([35]9,8,7)([36]34,15,0)([37]12,15,4)([38]24,14,3)([39]33,26,2)([40]10,18,5)([41]18,28,2)([42]28,33,1)([43]38,13,3)([44]30,43,7)([45]31,32,4)([46]33,22,5)([47]40,38,4)([48]29,17,5)([49]44,47,1)([50]44,41,5)([51]48,42,1)([52]46,37,4)([53]28,36,6)([54]52,20,3)([55]8,39,3)([56]38,8,3)([57]42,17,3)([58]47,40,5)([59]51,12,2)([60]36,31,6)([61]3,27,6)([62]35,50,7)([63]27,50,6)([64]21,13,6)([65]17,60,3)([66]36,43,3)([67]42,65,2)([68]46,25,5)([69]65,60,3)([70]64,54,3)([71]62,67,6)([72]9,61,0)([73]33,71,2)([74]7,51,7)([75]71,23,0)([76]17,71,1)([77]71,70,7)([78]25,58,3)([79]40,62,5)([80]72,39,5)([81]40,11,3)([82]74,44,7)([83]67,4,0)([84]36,43,0)([85]40,7,3)([86]67,71,3)(77)
optimized area: 134.46
time: 1069743 ms
seed: 1635126540
NOT FOUND
time: 540809 ms
seed: 1635175509
NOT FOUND
time: 534537 ms
seed: 1635296895
{7,1,80,1,2,1,8}([7]6,4,5)([8]6,0,2)([9]0,6,3)([10]5,9,2)([11]1,3,2)([12]5,8,4)([13]4,2,5)([14]3,5,6)([15]2,1,6)([16]11,14,3)([17]6,14,0)([18]9,2,2)([19]15,7,7)([20]13,9,4)([21]0,15,3)([22]0,2,7)([23]22,3,7)([24]4,9,3)([25]15,12,4)([26]14,18,4)([27]25,24,7)([28]25,19,5)([29]16,9,7)([30]20,1,4)([31]16,28,7)([32]2,18,7)([33]8,14,1)([34]29,27,5)([35]28,23,3)([36]24,21,7)([37]36,3,7)([38]10,17,6)([39]19,34,3)([40]22,10,4)([41]3,27,3)([42]37,17,5)([43]10,30,3)([44]34,32,0)([45]41,43,5)([46]4,11,0)([47]46,40,6)([48]16,36,5)([49]8,39,4)([50]21,30,5)([51]35,2,7)([52]18,24,0)([53]51,42,5)([54]48,34,7)([55]18,2,3)([56]26,25,1)([57]4,35,0)([58]26,19,4)([59]50,45,5)([60]43,0,0)([61]54,47,3)([62]53,61,5)([63]53,5,7)([64]45,54,3)([65]58,0,0)([66]22,56,0)([67]56,26,3)([68]12,21,3)([69]61,13,1)([70]16,26,3)([71]33,9,0)([72]30,3,1)([73]62,59,7)([74]53,52,0)([75]32,53,0)([76]18,70,3)([77]46,56,0)([78]20,11,7)([79]39,23,1)([80]63,45,4)([81]2,19,5)([82]23,20,7)([83]12,17,4)([84]76,0,2)([85]38,7,1)([86]57,61,3)(73)
evaluations: 29936014
first invidual area: 123.68
{7,1,80,1,2,1,8}([7]2,4,5)([8]0,6,5)([9]0,6,3)([10]9,5,2)([11]3,2,0)([12]8,5,4)([13]11,5,6)([14]3,1,2)([15]2,1,6)([16]14,13,3)([17]5,10,0)([18]4,6,5)([19]15,18,7)([20]7,9,7)([21]0,15,3)([22]0,2,7)([23]22,3,7)([24]9,4,3)([25]15,12,7)([26]3,0,6)([27]24,25,7)([28]27,11,3)([29]16,9,7)([30]1,20,7)([31]19,25,5)([32]25,8,2)([33]21,30,5)([34]29,27,5)([35]23,31,3)([36]24,21,7)([37]29,35,2)([38]21,3,7)([39]30,13,0)([40]31,30,3)([41]24,26,3)([42]38,6,5)([43]10,39,3)([44]40,12,3)([45]43,28,5)([46]22,10,4)([47]4,46,6)([48]36,10,4)([49]16,36,5)([50]44,0,7)([51]35,2,7)([52]24,45,0)([53]51,42,5)([54]34,49,7)([55]45,19,5)([56]4,33,1)([57]49,16,1)([58]18,6,6)([59]25,38,1)([60]45,33,5)([61]54,47,3)([62]53,61,5)([63]57,42,3)([64]51,19,7)([65]15,54,7)([66]1,2,2)([67]38,57,5)([68]43,51,5)([69]36,31,4)([70]45,46,7)([71]59,54,0)([72]29,2,6)([73]62,60,7)([74]49,12,1)([75]62,73,0)([76]32,59,3)([77]58,37,2)([78]54,41,3)([79]38,26,3)([80]79,30,0)([81]6,17,6)([82]31,70,7)([83]34,59,2)([84]10,39,5)([85]52,81,3)([86]20,41,2)(73)
optimized area: 123.21
time: 1088403 ms
seed: 1635454526
{7,1,80,1,2,1,8}([7]0,5,2)([8]2,6,5)([9]8,2,0)([10]1,0,2)([11]8,5,7)([12]11,1,6)([13]7,4,3)([14]1,7,5)([15]11,2,4)([16]14,6,7)([17]12,12,2)([18]16,13,3)([19]2,14,0)([20]4,9,3)([21]8,15,2)([22]17,3,4)([23]18,3,7)([24]16,1,7)([25]23,1,6)([26]18,5,7)([27]25,5,7)([28]26,6,5)([29]20,3,2)([30]26,0,3)([31]13,23,5)([32]29,14,2)([33]21,27,7)([34]13,23,4)([35]33,2,7)([36]24,18,4)([37]33,0,5)([38]34,32,3)([39]36,38,5)([40]21,24,4)([41]22,33,4)([42]16,3,7)([43]28,35,1)([44]37,40,5)([45]41,30,6)([46]20,39,7)([47]44,22,6)([48]45,40,2)([49]30,26,4)([50]37,0,0)([51]35,8,3)([52]22,1,7)([53]46,47,6)([54]1,31,5)([55]34,45,5)([56]54,11,1)([57]28,56,3)([58]2,0,5)([59]11,29,6)([60]2,52,3)([61]21,35,0)([62]53,0,6)([63]36,35,5)([64]57,58,7)([65]48,53,6)([66]64,37,5)([67]52,33,5)([68]40,36,6)([69]52,2,4)([70]30,52,6)([71]68,52,1)([72]67,30,3)([73]67,68,0)([74]72,1,0)([75]46,6,5)([76]25,74,7)([77]65,66,7)([78]41,13,6)([79]40,51,1)([80]42,6,6)([81]52,18,3)([82]43,47,4)([83]78,73,7)([84]67,9,5)([85]54,15,5)([86]48,28,1)(77)
evaluations: 9517099
first invidual area: 134.92
{7,1,80,1,2,1,8}([7]5,0,2)([8]6,2,5)([9]2,5,4)([10]9,8,5)([11]5,6,5)([12]7,1,5)([13]4,7,3)([14]11,4,4)([15]1,12,5)([16]1,5,3)([17]15,6,4)([18]13,6,3)([19]1,7,0)([20]4,8,3)([21]3,15,4)([22]3,16,7)([23]3,18,7)([24]23,18,0)([25]23,19,3)([26]25,20,7)([27]10,25,7)([28]18,5,7)([29]20,25,2)([30]0,11,3)([31]21,10,5)([32]29,12,2)([33]27,5,7)([34]13,3,4)([35]13,31,7)([36]17,18,4)([37]33,0,5)([38]32,34,3)([39]36,38,5)([40]10,17,7)([41]22,33,4)([42]0,41,3)([43]40,37,5)([44]13,3,5)([45]28,42,6)([46]20,39,7)([47]43,22,6)([48]40,45,2)([49]44,19,2)([50]22,46,6)([51]11,49,3)([52]16,39,7)([53]9,35,0)([54]48,40,3)([55]10,25,1)([56]16,15,6)([57]40,22,0)([58]2,0,5)([59]40,41,2)([60]56,14,3)([61]47,46,6)([62]5,58,3)([63]1,60,1)([64]51,58,7)([65]35,33,3)([66]37,64,5)([67]30,12,0)([68]16,5,1)([69]46,50,3)([70]6,28,6)([71]34,30,2)([72]71,58,4)([73]13,46,6)([74]32,9,1)([75]48,39,2)([76]48,61,3)([77]71,59,2)([78]13,8,7)([79]26,67,2)([80]19,28,7)([81]80,54,5)([82]66,76,4)([83]73,59,0)([84]53,21,1)([85]49,39,7)([86]45,46,5)(82)
optimized area: 126.01
time: 1232316 ms
seed: 1635561653
NOT FOUND
time: 1004114 ms
seed: 1635607030
NOT FOUND
time: 1058766 ms
seed: 1635654689
NOT FOUND
time: 1056348 ms
seed: 1635702507
{7,1,80,1,2,1,8}([7]1,3,3)([8]5,0,6)([9]4,6,5)([10]0,3,7)([11]10,8,4)([12]9,6,7)([13]0,3,6)([14]2,7,6)([15]0,12,4)([16]15,2,4)([17]7,9,7)([18]11,6,5)([19]18,16,4)([20]13,5,7)([21]19,18,1)([22]21,20,3)([23]17,5,5)([24]1,22,4)([25]2,16,4)([26]25,18,3)([27]9,14,6)([28]3,20,6)([29]18,19,3)([30]24,8,0)([31]26,2,5)([32]11,9,6)([33]15,13,1)([34]6,30,6)([35]18,8,5)([36]4,3,2)([37]24,27,4)([38]23,35,4)([39]14,25,4)([40]6,39,6)([41]38,31,7)([42]34,28,5)([43]42,4,5)([44]1,19,3)([45]12,5,2)([46]20,36,7)([47]37,35,3)([48]43,37,4)([49]8,30,1)([50]39,30,2)([51]27,36,7)([52]20,17,1)([53]50,21,2)([54]42,0,1)([55]52,18,3)([56]14,49,1)([57]38,29,5)([58]29,53,5)([59]42,57,7)([60]43,0,0)([61]26,37,1)([62]17,16,1)([63]40,57,4)([64]3,0,1)([65]3,35,3)([66]36,8,7)([67]57,0,5)([68]41,47,5)([69]63,48,5)([70]23,23,7)([71]10,9,1)([72]59,27,1)([73]59,44,5)([74]69,68,7)([75]70,23,6)([76]59,71,3)([77]10,59,4)([78]71,1,6)([79]3,42,4)([80]74,58,2)([81]69,46,2)([82]63,56,6)([83]5,1,5)([84]22,50,7)([85]83,57,3)([86]35,68,0)(80)
evaluations: 9030022
first invidual area: 136.80
{7,1,80,1,2,1,8}([7]3,1,3)([8]0,5,6)([9]6,4,5)([10]0,8,6)([11]3,10,4)([12]9,6,5)([13]0,3,3)([14]2,7,6)([15]0,12,7)([16]15,2,4)([17]9,7,7)([18]6,11,5)([19]16,18,7)([20]13,5,4)([21]18,16,3)([22]19,20,6)([23]14,9,6)([24]1,22,7)([25]17,5,5)([26]18,15,3)([27]20,3,6)([28]24,8,1)([29]16,14,6)([30]12,5,3)([31]12,19,3)([32]4,8,4)([33]25,9,4)([34]28,27,5)([35]18,8,5)([36]26,2,5)([37]24,23,4)([38]25,35,5)([39]14,0,4)([40]6,39,3)([41]38,36,7)([42]39,16,2)([43]34,4,5)([44]21,38,5)([45]6,27,0)([46]35,37,3)([47]37,43,4)([48]6,19,2)([49]5,43,1)([50]19,42,2)([51]28,27,3)([52]13,34,1)([53]27,23,5)([54]50,37,5)([55]3,28,5)([56]43,40,7)([57]45,28,4)([58]8,52,4)([59]8,20,3)([60]44,40,7)([61]9,49,0)([62]20,40,7)([63]35,57,7)([64]6,21,1)([65]32,28,0)([66]46,41,5)([67]23,28,1)([68]52,42,3)([69]60,47,5)([70]39,32,5)([71]29,37,3)([72]28,30,0)([73]35,70,2)([74]69,66,7)([75]1,3,3)([76]47,2,0)([77]11,68,0)([78]49,24,7)([79]74,54,2)([80]67,74,0)([81]57,40,3)([82]12,63,3)([83]3,52,0)([84]3,0,1)([85]81,44,5)([86]30,15,2)(79)
optimized area: 121.78
time: 1414817 ms
seed: 1635749793
{7,1,80,1,2,1,8}([7]4,0,4)([8]0,1,7)([9]7,5,6)([10]4,7,2)([11]6,10,3)([12]6,9,7)([13]8,2,7)([14]6,8,7)([15]3,1,6)([16]6,7,5)([17]13,12,6)([18]11,3,2)([19]5,3,4)([20]8,12,2)([21]10,18,7)([22]1,9,5)([23]19,17,6)([24]14,7,4)([25]16,23,7)([26]0,21,7)([27]1,7,3)([28]13,18,0)([29]26,22,7)([30]29,17,3)([31]19,1,4)([32]26,25,5)([33]31,25,4)([34]31,14,1)([35]31,11,2)([36]19,32,7)([37]3,29,6)([38]37,2,7)([39]6,29,4)([40]8,39,1)([41]18,23,7)([42]8,36,3)([43]38,33,4)([44]39,24,3)([45]44,38,5)([46]0,22,2)([47]22,36,1)([48]2,25,1)([49]43,41,5)([50]6,0,3)([51]12,49,4)([52]51,34,6)([53]17,52,1)([54]45,42,5)([55]53,46,6)([56]48,0,6)([57]15,35,7)([58]16,30,4)([59]10,39,2)([60]5,8,3)([61]4,4,0)([62]22,51,3)([63]24,35,0)([64]52,46,7)([65]38,60,0)([66]23,33,1)([67]51,54,3)([68]67,57,7)([69]35,6,7)([70]18,50,6)([71]40,34,7)([72]68,59,1)([73]44,2,6)([74]14,36,2)([75]37,11,5)([76]53,65,7)([77]66,27,1)([78]51,4,7)([79]18,76,6)([80]1,72,2)([81]49,13,1)([82]37,19,0)([83]28,8,1)([84]2,41,2)([85]82,47,5)([86]55,71,4)(72)
evaluations: 45703708
first invidual area: 139.19
{7,1,80,1,2,1,8}([7]0,4,4)([8]0,1,7)([9]7,5,6)([10]4,7,2)([11]10,6,3)([12]9,6,7)([13]8,2,7)([14]7,6,4)([15]3,1,3)([16]6,7,5)([17]13,12,6)([18]11,3,2)([19]5,3,4)([20]8,10,0)([21]7,18,4)([22]15,9,5)([23]19,17,6)([24]14,20,7)([25]16,23,7)([26]0,21,3)([27]19,17,6)([28]13,0,0)([29]26,22,2)([30]19,29,5)([31]19,1,4)([32]29,25,5)([33]31,25,7)([34]4,0,5)([35]31,11,5)([36]19,32,7)([37]3,29,3)([38]37,2,4)([39]6,29,4)([40]10,28,3)([41]18,23,7)([42]20,36,3)([43]38,33,7)([44]39,24,3)([45]44,38,5)([46]24,20,1)([47]14,19,7)([48]27,15,2)([49]43,41,5)([50]9,44,6)([51]28,9,1)([52]25,19,1)([53]6,17,2)([54]45,42,5)([55]43,15,1)([56]40,17,1)([57]15,35,7)([58]46,36,5)([59]24,53,3)([60]50,33,2)([61]11,54,5)([62]9,10,0)([63]17,56,3)([64]47,25,6)([65]49,12,4)([66]22,6,6)([67]65,54,3)([68]67,57,4)([69]44,4,4)([70]48,10,3)([71]3,17,7)([72]3,21,3)([73]69,5,7)([74]54,25,2)([75]44,73,0)([76]66,4,7)([77]43,57,1)([78]73,31,5)([79]38,52,6)([80]28,42,1)([81]76,13,1)([82]76,25,1)([83]66,49,5)([84]23,73,7)([85]83,64,6)([86]60,47,2)(68)
optimized area: 132.62
time: 1070347 ms
seed: 1635796733
NOT FOUND
time: 1068230 ms
seed: 1635839975
NOT FOUND
time: 1051123 ms
seed: 1635881999
NOT FOUND
time: 1071214 ms
