000000 0
000001 0
000010 1
000011 1
000100 0
000101 1
000110 1
000111 1
001000 1
001001 1
001010 1
001011 0
001100 1
001101 0
001110 0
001111 1
010000 1
010001 1
010010 1
010011 0
010100 0
010101 1
010110 1
010111 0
011000 1
011001 0
011010 1
011011 0
011100 0
011101 1
011110 1
011111 0
100000 1
100001 0
100010 0
100011 0
100100 0
100101 0
100110 0
100111 0
101000 0
101001 1
101010 0
101011 1
101100 1
101101 1
101110 0
101111 1
110000 1
110001 1
110010 1
110011 1
110100 0
110101 1
110110 1
110111 0
111000 0
111001 1
111010 1
111011 1
111100 0
111101 0
111110 0
111111 1
