000000 1
000001 0
000010 0
000011 1
000100 1
000101 1
000110 0
000111 1
001000 1
001001 1
001010 0
001011 1
001100 1
001101 1
001110 0
001111 0
010000 1
010001 0
010010 1
010011 1
010100 1
010101 0
010110 1
010111 1
011000 0
011001 0
011010 0
011011 0
011100 1
011101 0
011110 0
011111 0
100000 1
100001 1
100010 0
100011 1
100100 0
100101 1
100110 0
100111 0
101000 1
101001 1
101010 0
101011 0
101100 0
101101 0
101110 0
101111 1
110000 0
110001 1
110010 1
110011 1
110100 1
110101 1
110110 0
110111 0
111000 0
111001 1
111010 0
111011 1
111100 0
111101 1
111110 1
111111 0
