000000 1
000001 0
000010 1
000011 1
000100 1
000101 0
000110 1
000111 0
001000 0
001001 1
001010 0
001011 1
001100 0
001101 0
001110 1
001111 0
010000 0
010001 0
010010 1
010011 1
010100 1
010101 0
010110 0
010111 1
011000 1
011001 1
011010 0
011011 0
011100 0
011101 1
011110 1
011111 0
100000 1
100001 0
100010 1
100011 0
100100 0
100101 0
100110 1
100111 1
101000 1
101001 1
101010 1
101011 0
101100 0
101101 0
101110 1
101111 1
110000 0
110001 0
110010 1
110011 1
110100 0
110101 1
110110 0
110111 1
111000 1
111001 0
111010 1
111011 0
111100 0
111101 0
111110 1
111111 1
