000000 0
000001 1
000010 1
000011 0
000100 0
000101 0
000110 1
000111 1
001000 1
001001 1
001010 1
001011 0
001100 1
001101 0
001110 1
001111 1
010000 1
010001 1
010010 1
010011 0
010100 1
010101 0
010110 0
010111 1
011000 1
011001 1
011010 0
011011 1
011100 0
011101 1
011110 1
011111 1
100000 1
100001 0
100010 0
100011 1
100100 0
100101 0
100110 1
100111 1
101000 1
101001 1
101010 1
101011 1
101100 0
101101 0
101110 0
101111 1
110000 0
110001 1
110010 0
110011 0
110100 0
110101 1
110110 1
110111 0
111000 1
111001 1
111010 1
111011 0
111100 1
111101 1
111110 1
111111 0
