000000 0
000001 0
000010 1
000011 0
000100 0
000101 1
000110 0
000111 0
001000 0
001001 1
001010 1
001011 0
001100 1
001101 1
001110 1
001111 0
010000 0
010001 1
010010 1
010011 0
010100 0
010101 0
010110 1
010111 0
011000 0
011001 0
011010 1
011011 0
011100 1
011101 0
011110 1
011111 0
100000 0
100001 1
100010 1
100011 1
100100 1
100101 1
100110 1
100111 0
101000 0
101001 0
101010 1
101011 0
101100 0
101101 0
101110 0
101111 1
110000 0
110001 1
110010 1
110011 0
110100 1
110101 0
110110 0
110111 1
111000 0
111001 0
111010 0
111011 0
111100 0
111101 1
111110 0
111111 1
