000000 1
000001 1
000010 0
000011 0
000100 1
000101 1
000110 1
000111 0
001000 1
001001 1
001010 1
001011 0
001100 1
001101 0
001110 0
001111 0
010000 0
010001 1
010010 1
010011 0
010100 1
010101 0
010110 0
010111 1
011000 1
011001 1
011010 0
011011 1
011100 1
011101 0
011110 0
011111 0
100000 1
100001 1
100010 0
100011 0
100100 0
100101 0
100110 1
100111 0
101000 0
101001 1
101010 0
101011 0
101100 1
101101 0
101110 0
101111 1
110000 0
110001 1
110010 0
110011 1
110100 1
110101 0
110110 0
110111 1
111000 0
111001 1
111010 0
111011 0
111100 1
111101 0
111110 1
111111 0
