000000 1
000001 1
000010 1
000011 0
000100 0
000101 1
000110 1
000111 1
001000 1
001001 0
001010 1
001011 0
001100 0
001101 1
001110 0
001111 0
010000 1
010001 1
010010 0
010011 0
010100 0
010101 1
010110 1
010111 0
011000 0
011001 1
011010 0
011011 0
011100 0
011101 1
011110 1
011111 1
100000 0
100001 1
100010 0
100011 0
100100 0
100101 1
100110 0
100111 0
101000 0
101001 1
101010 0
101011 0
101100 1
101101 0
101110 0
101111 1
110000 1
110001 1
110010 1
110011 1
110100 1
110101 1
110110 1
110111 1
111000 1
111001 0
111010 0
111011 0
111100 0
111101 0
111110 1
111111 1
