000000 1
000001 1
000010 1
000011 0
000100 0
000101 0
000110 0
000111 1
001000 1
001001 0
001010 1
001011 1
001100 1
001101 0
001110 0
001111 0
010000 0
010001 0
010010 0
010011 1
010100 0
010101 0
010110 0
010111 0
011000 0
011001 0
011010 0
011011 0
011100 0
011101 0
011110 1
011111 0
100000 0
100001 1
100010 1
100011 0
100100 1
100101 1
100110 1
100111 0
101000 0
101001 1
101010 1
101011 0
101100 1
101101 0
101110 0
101111 0
110000 1
110001 0
110010 0
110011 0
110100 1
110101 1
110110 0
110111 0
111000 1
111001 1
111010 0
111011 1
111100 1
111101 0
111110 0
111111 1
