000000 0
000001 1
000010 0
000011 0
000100 1
000101 0
000110 1
000111 1
001000 0
001001 1
001010 0
001011 0
001100 1
001101 0
001110 0
001111 0
010000 0
010001 1
010010 1
010011 0
010100 0
010101 1
010110 0
010111 0
011000 0
011001 1
011010 0
011011 0
011100 0
011101 0
011110 0
011111 0
100000 1
100001 0
100010 1
100011 0
100100 0
100101 0
100110 1
100111 0
101000 1
101001 0
101010 0
101011 0
101100 0
101101 0
101110 0
101111 0
110000 1
110001 1
110010 1
110011 0
110100 0
110101 1
110110 0
110111 0
111000 1
111001 1
111010 1
111011 0
111100 0
111101 1
111110 0
111111 1
