000000 1
000001 0
000010 1
000011 0
000100 0
000101 0
000110 1
000111 0
001000 0
001001 0
001010 1
001011 0
001100 0
001101 0
001110 1
001111 0
010000 0
010001 1
010010 1
010011 1
010100 1
010101 1
010110 1
010111 0
011000 0
011001 1
011010 0
011011 1
011100 1
011101 0
011110 0
011111 1
100000 0
100001 1
100010 1
100011 0
100100 1
100101 1
100110 1
100111 1
101000 0
101001 0
101010 0
101011 1
101100 1
101101 0
101110 0
101111 1
110000 0
110001 1
110010 0
110011 0
110100 0
110101 0
110110 1
110111 0
111000 0
111001 1
111010 0
111011 0
111100 1
111101 0
111110 0
111111 1
