000000 1
000001 1
000010 0
000011 0
000100 0
000101 1
000110 0
000111 0
001000 0
001001 0
001010 0
001011 0
001100 1
001101 1
001110 0
001111 1
010000 1
010001 1
010010 0
010011 0
010100 0
010101 1
010110 1
010111 0
011000 0
011001 0
011010 0
011011 1
011100 1
011101 0
011110 0
011111 1
100000 0
100001 1
100010 1
100011 0
100100 0
100101 1
100110 0
100111 0
101000 0
101001 0
101010 0
101011 1
101100 1
101101 1
101110 1
101111 1
110000 0
110001 1
110010 1
110011 0
110100 0
110101 0
110110 1
110111 1
111000 1
111001 1
111010 0
111011 0
111100 1
111101 1
111110 1
111111 1
