000000 1
000001 1
000010 1
000011 0
000100 1
000101 1
000110 0
000111 0
001000 1
001001 1
001010 0
001011 1
001100 1
001101 0
001110 0
001111 0
010000 0
010001 1
010010 1
010011 0
010100 0
010101 1
010110 1
010111 1
011000 0
011001 0
011010 0
011011 0
011100 1
011101 0
011110 1
011111 1
100000 1
100001 1
100010 0
100011 1
100100 0
100101 0
100110 1
100111 0
101000 1
101001 0
101010 1
101011 1
101100 0
101101 1
101110 0
101111 0
110000 0
110001 0
110010 1
110011 0
110100 0
110101 0
110110 0
110111 1
111000 0
111001 1
111010 0
111011 0
111100 1
111101 0
111110 1
111111 0
