000000 0
000001 0
000010 0
000011 0
000100 0
000101 1
000110 0
000111 1
001000 1
001001 1
001010 0
001011 0
001100 1
001101 1
001110 0
001111 0
010000 0
010001 0
010010 0
010011 0
010100 0
010101 1
010110 1
010111 0
011000 1
011001 0
011010 0
011011 1
011100 1
011101 0
011110 0
011111 1
100000 0
100001 0
100010 1
100011 0
100100 1
100101 0
100110 1
100111 0
101000 0
101001 0
101010 0
101011 1
101100 1
101101 1
101110 0
101111 0
110000 0
110001 1
110010 1
110011 0
110100 1
110101 0
110110 1
110111 1
111000 1
111001 0
111010 0
111011 0
111100 1
111101 1
111110 0
111111 0
