000000 0
000001 0
000010 1
000011 0
000100 0
000101 0
000110 0
000111 1
001000 1
001001 1
001010 0
001011 0
001100 1
001101 0
001110 0
001111 1
010000 0
010001 1
010010 1
010011 0
010100 0
010101 1
010110 0
010111 0
011000 1
011001 1
011010 1
011011 0
011100 1
011101 0
011110 1
011111 0
100000 0
100001 0
100010 1
100011 1
100100 0
100101 0
100110 0
100111 1
101000 0
101001 0
101010 0
101011 1
101100 0
101101 0
101110 1
101111 0
110000 0
110001 1
110010 0
110011 0
110100 1
110101 0
110110 1
110111 1
111000 0
111001 0
111010 0
111011 0
111100 1
111101 0
111110 1
111111 1
