000000 0
000001 0
000010 0
000011 0
000100 1
000101 0
000110 1
000111 0
001000 1
001001 1
001010 1
001011 1
001100 1
001101 0
001110 0
001111 0
010000 1
010001 1
010010 1
010011 1
010100 0
010101 1
010110 1
010111 0
011000 0
011001 0
011010 0
011011 0
011100 1
011101 1
011110 1
011111 1
100000 1
100001 0
100010 0
100011 0
100100 0
100101 1
100110 0
100111 0
101000 0
101001 1
101010 1
101011 0
101100 1
101101 1
101110 0
101111 0
110000 1
110001 0
110010 0
110011 1
110100 1
110101 0
110110 1
110111 1
111000 0
111001 1
111010 0
111011 1
111100 0
111101 1
111110 0
111111 0
