000000 1
000001 1
000010 0
000011 0
000100 1
000101 0
000110 0
000111 0
001000 1
001001 1
001010 1
001011 1
001100 1
001101 1
001110 1
001111 0
010000 1
010001 0
010010 1
010011 0
010100 0
010101 1
010110 1
010111 1
011000 0
011001 1
011010 1
011011 0
011100 0
011101 1
011110 1
011111 0
100000 1
100001 0
100010 0
100011 0
100100 0
100101 1
100110 0
100111 1
101000 1
101001 0
101010 1
101011 0
101100 1
101101 1
101110 0
101111 1
110000 0
110001 1
110010 0
110011 0
110100 1
110101 1
110110 1
110111 0
111000 0
111001 1
111010 0
111011 0
111100 0
111101 1
111110 0
111111 1
