000000 1
000001 1
000010 1
000011 0
000100 1
000101 1
000110 1
000111 0
001000 0
001001 0
001010 1
001011 1
001100 1
001101 1
001110 1
001111 1
010000 1
010001 0
010010 1
010011 0
010100 1
010101 1
010110 1
010111 1
011000 1
011001 1
011010 0
011011 1
011100 0
011101 0
011110 1
011111 0
100000 1
100001 1
100010 0
100011 1
100100 1
100101 1
100110 1
100111 0
101000 1
101001 0
101010 0
101011 0
101100 0
101101 1
101110 0
101111 1
110000 0
110001 1
110010 0
110011 1
110100 1
110101 0
110110 1
110111 1
111000 0
111001 0
111010 1
111011 1
111100 0
111101 1
111110 0
111111 0
