000000 1
000001 1
000010 0
000011 1
000100 0
000101 1
000110 1
000111 1
001000 0
001001 0
001010 0
001011 1
001100 1
001101 0
001110 0
001111 0
010000 0
010001 0
010010 0
010011 1
010100 0
010101 1
010110 0
010111 0
011000 1
011001 1
011010 0
011011 0
011100 1
011101 1
011110 1
011111 1
100000 1
100001 0
100010 0
100011 0
100100 0
100101 1
100110 0
100111 0
101000 1
101001 1
101010 0
101011 0
101100 1
101101 0
101110 0
101111 1
110000 0
110001 0
110010 1
110011 1
110100 1
110101 1
110110 0
110111 0
111000 1
111001 1
111010 1
111011 1
111100 1
111101 0
111110 1
111111 1
