000000 0
000001 0
000010 1
000011 0
000100 1
000101 0
000110 0
000111 0
001000 0
001001 1
001010 1
001011 1
001100 1
001101 0
001110 1
001111 1
010000 0
010001 0
010010 1
010011 0
010100 0
010101 1
010110 1
010111 1
011000 0
011001 1
011010 0
011011 1
011100 1
011101 0
011110 0
011111 1
100000 0
100001 1
100010 0
100011 1
100100 0
100101 1
100110 1
100111 0
101000 0
101001 1
101010 0
101011 0
101100 0
101101 1
101110 0
101111 1
110000 0
110001 1
110010 1
110011 0
110100 0
110101 1
110110 0
110111 1
111000 1
111001 1
111010 1
111011 1
111100 1
111101 0
111110 1
111111 0
