000000 0
000001 1
000010 1
000011 0
000100 1
000101 1
000110 0
000111 0
001000 1
001001 0
001010 1
001011 0
001100 1
001101 1
001110 1
001111 0
010000 1
010001 0
010010 1
010011 0
010100 1
010101 1
010110 1
010111 1
011000 0
011001 1
011010 0
011011 0
011100 1
011101 0
011110 0
011111 1
100000 1
100001 1
100010 0
100011 0
100100 0
100101 1
100110 0
100111 1
101000 0
101001 0
101010 1
101011 1
101100 0
101101 1
101110 1
101111 1
110000 0
110001 0
110010 0
110011 1
110100 1
110101 0
110110 1
110111 0
111000 0
111001 1
111010 1
111011 1
111100 1
111101 1
111110 0
111111 1
