000000 0
000001 0
000010 0
000011 0
000100 1
000101 1
000110 1
000111 1
001000 0
001001 0
001010 1
001011 1
001100 0
001101 0
001110 0
001111 1
010000 0
010001 0
010010 1
010011 0
010100 0
010101 0
010110 0
010111 1
011000 1
011001 1
011010 1
011011 0
011100 0
011101 1
011110 0
011111 1
100000 1
100001 1
100010 0
100011 1
100100 1
100101 0
100110 0
100111 0
101000 1
101001 1
101010 1
101011 1
101100 1
101101 1
101110 0
101111 0
110000 0
110001 0
110010 0
110011 0
110100 1
110101 0
110110 1
110111 1
111000 1
111001 0
111010 0
111011 1
111100 1
111101 0
111110 1
111111 0
