000000 1
000001 1
000010 1
000011 1
000100 0
000101 1
000110 0
000111 0
001000 1
001001 1
001010 0
001011 1
001100 0
001101 0
001110 1
001111 0
010000 0
010001 0
010010 0
010011 0
010100 0
010101 1
010110 1
010111 0
011000 0
011001 1
011010 1
011011 0
011100 1
011101 0
011110 0
011111 0
100000 0
100001 1
100010 0
100011 1
100100 0
100101 1
100110 0
100111 0
101000 0
101001 1
101010 0
101011 1
101100 1
101101 0
101110 1
101111 1
110000 1
110001 1
110010 0
110011 1
110100 1
110101 0
110110 1
110111 1
111000 0
111001 0
111010 1
111011 1
111100 0
111101 1
111110 1
111111 0
