000000 0
000001 0
000010 1
000011 1
000100 0
000101 0
000110 0
000111 1
001000 1
001001 1
001010 0
001011 1
001100 1
001101 0
001110 0
001111 1
010000 1
010001 0
010010 1
010011 0
010100 0
010101 1
010110 1
010111 1
011000 1
011001 0
011010 1
011011 1
011100 0
011101 1
011110 1
011111 0
100000 1
100001 0
100010 1
100011 1
100100 0
100101 0
100110 0
100111 1
101000 0
101001 1
101010 1
101011 1
101100 0
101101 1
101110 0
101111 1
110000 1
110001 1
110010 0
110011 1
110100 1
110101 0
110110 0
110111 1
111000 0
111001 0
111010 1
111011 0
111100 1
111101 1
111110 1
111111 0
