000000 1
000001 1
000010 1
000011 0
000100 0
000101 1
000110 1
000111 0
001000 1
001001 0
001010 0
001011 0
001100 0
001101 0
001110 1
001111 1
010000 0
010001 0
010010 0
010011 0
010100 0
010101 0
010110 0
010111 0
011000 0
011001 1
011010 0
011011 0
011100 1
011101 0
011110 0
011111 1
100000 1
100001 1
100010 1
100011 0
100100 1
100101 0
100110 1
100111 0
101000 1
101001 0
101010 1
101011 0
101100 0
101101 1
101110 0
101111 0
110000 1
110001 0
110010 1
110011 1
110100 1
110101 0
110110 1
110111 0
111000 1
111001 0
111010 0
111011 0
111100 1
111101 0
111110 0
111111 0
