000000 1
000001 1
000010 1
000011 0
000100 1
000101 1
000110 0
000111 1
001000 1
001001 1
001010 1
001011 0
001100 0
001101 0
001110 1
001111 0
010000 0
010001 0
010010 0
010011 1
010100 1
010101 1
010110 1
010111 1
011000 0
011001 0
011010 0
011011 0
011100 0
011101 1
011110 1
011111 1
100000 1
100001 0
100010 1
100011 1
100100 1
100101 0
100110 1
100111 0
101000 1
101001 0
101010 0
101011 1
101100 1
101101 1
101110 0
101111 1
110000 0
110001 1
110010 1
110011 1
110100 1
110101 1
110110 1
110111 1
111000 0
111001 1
111010 0
111011 0
111100 1
111101 0
111110 0
111111 0
