000000 1
000001 0
000010 0
000011 0
000100 0
000101 1
000110 0
000111 1
001000 0
001001 0
001010 1
001011 1
001100 1
001101 0
001110 1
001111 0
010000 0
010001 1
010010 1
010011 1
010100 0
010101 1
010110 1
010111 1
011000 1
011001 1
011010 1
011011 1
011100 1
011101 1
011110 1
011111 1
100000 0
100001 1
100010 1
100011 0
100100 0
100101 1
100110 1
100111 1
101000 0
101001 1
101010 1
101011 0
101100 0
101101 0
101110 1
101111 0
110000 0
110001 0
110010 1
110011 0
110100 0
110101 1
110110 1
110111 1
111000 0
111001 1
111010 0
111011 1
111100 1
111101 0
111110 1
111111 1
