000000 0
000001 1
000010 0
000011 1
000100 1
000101 0
000110 1
000111 0
001000 1
001001 1
001010 0
001011 1
001100 0
001101 1
001110 1
001111 1
010000 0
010001 0
010010 0
010011 0
010100 0
010101 1
010110 1
010111 0
011000 0
011001 0
011010 0
011011 0
011100 1
011101 0
011110 1
011111 0
100000 1
100001 1
100010 1
100011 0
100100 1
100101 0
100110 0
100111 1
101000 1
101001 1
101010 0
101011 1
101100 1
101101 1
101110 1
101111 1
110000 1
110001 1
110010 1
110011 1
110100 0
110101 1
110110 1
110111 0
111000 0
111001 0
111010 0
111011 0
111100 0
111101 0
111110 1
111111 1
