000000 1
000001 0
000010 0
000011 1
000100 0
000101 0
000110 1
000111 0
001000 1
001001 1
001010 0
001011 0
001100 0
001101 1
001110 1
001111 0
010000 0
010001 1
010010 0
010011 1
010100 1
010101 0
010110 1
010111 0
011000 0
011001 0
011010 0
011011 0
011100 0
011101 1
011110 0
011111 1
100000 1
100001 0
100010 1
100011 1
100100 0
100101 0
100110 0
100111 0
101000 1
101001 0
101010 1
101011 1
101100 0
101101 0
101110 1
101111 1
110000 0
110001 0
110010 1
110011 0
110100 1
110101 0
110110 1
110111 0
111000 0
111001 0
111010 0
111011 0
111100 0
111101 0
111110 0
111111 1
