000000 1
000001 1
000010 1
000011 0
000100 1
000101 1
000110 1
000111 0
001000 0
001001 0
001010 1
001011 1
001100 0
001101 1
001110 0
001111 0
010000 0
010001 1
010010 0
010011 0
010100 0
010101 0
010110 1
010111 0
011000 0
011001 0
011010 0
011011 0
011100 0
011101 0
011110 0
011111 0
100000 0
100001 0
100010 1
100011 0
100100 1
100101 0
100110 0
100111 1
101000 1
101001 0
101010 1
101011 1
101100 1
101101 0
101110 1
101111 0
110000 1
110001 1
110010 1
110011 1
110100 0
110101 0
110110 0
110111 0
111000 1
111001 1
111010 0
111011 1
111100 0
111101 0
111110 0
111111 1
