000000 0
000001 0
000010 1
000011 0
000100 1
000101 1
000110 1
000111 0
001000 1
001001 1
001010 1
001011 1
001100 1
001101 1
001110 1
001111 0
010000 0
010001 1
010010 0
010011 1
010100 1
010101 1
010110 0
010111 0
011000 0
011001 0
011010 1
011011 1
011100 0
011101 1
011110 1
011111 1
100000 0
100001 1
100010 0
100011 1
100100 0
100101 1
100110 0
100111 0
101000 1
101001 1
101010 0
101011 0
101100 1
101101 0
101110 1
101111 1
110000 0
110001 1
110010 1
110011 1
110100 0
110101 0
110110 1
110111 0
111000 0
111001 1
111010 0
111011 1
111100 0
111101 0
111110 0
111111 1
