000000 1
000001 1
000010 0
000011 1
000100 1
000101 0
000110 0
000111 0
001000 0
001001 1
001010 1
001011 1
001100 1
001101 1
001110 0
001111 0
010000 1
010001 0
010010 0
010011 1
010100 1
010101 0
010110 1
010111 0
011000 0
011001 0
011010 0
011011 0
011100 1
011101 0
011110 0
011111 0
100000 1
100001 1
100010 1
100011 1
100100 1
100101 0
100110 1
100111 1
101000 1
101001 1
101010 1
101011 1
101100 1
101101 0
101110 0
101111 1
110000 0
110001 1
110010 0
110011 1
110100 1
110101 0
110110 1
110111 1
111000 0
111001 0
111010 1
111011 0
111100 0
111101 1
111110 0
111111 1
