000000 1
000001 0
000010 0
000011 1
000100 1
000101 1
000110 1
000111 0
001000 0
001001 1
001010 1
001011 0
001100 0
001101 1
001110 1
001111 1
010000 1
010001 0
010010 1
010011 1
010100 0
010101 1
010110 1
010111 1
011000 1
011001 0
011010 0
011011 0
011100 1
011101 1
011110 1
011111 1
100000 1
100001 1
100010 0
100011 0
100100 0
100101 1
100110 1
100111 0
101000 0
101001 1
101010 0
101011 0
101100 0
101101 0
101110 0
101111 1
110000 1
110001 1
110010 1
110011 1
110100 1
110101 0
110110 0
110111 1
111000 0
111001 0
111010 0
111011 0
111100 0
111101 0
111110 1
111111 0
