000000 0
000001 0
000010 1
000011 0
000100 0
000101 1
000110 0
000111 0
001000 1
001001 0
001010 1
001011 0
001100 1
001101 1
001110 1
001111 1
010000 1
010001 1
010010 1
010011 0
010100 0
010101 0
010110 1
010111 0
011000 1
011001 0
011010 0
011011 1
011100 0
011101 0
011110 1
011111 0
100000 0
100001 1
100010 1
100011 1
100100 0
100101 0
100110 1
100111 1
101000 0
101001 1
101010 0
101011 1
101100 1
101101 1
101110 0
101111 0
110000 1
110001 0
110010 0
110011 1
110100 0
110101 0
110110 0
110111 1
111000 1
111001 1
111010 0
111011 1
111100 0
111101 0
111110 1
111111 0
