000000 1
000001 0
000010 0
000011 1
000100 0
000101 0
000110 1
000111 1
001000 0
001001 0
001010 0
001011 0
001100 0
001101 1
001110 0
001111 0
010000 0
010001 1
010010 1
010011 1
010100 0
010101 0
010110 0
010111 0
011000 1
011001 1
011010 1
011011 0
011100 1
011101 0
011110 1
011111 1
100000 0
100001 0
100010 1
100011 0
100100 0
100101 1
100110 0
100111 1
101000 0
101001 1
101010 0
101011 1
101100 0
101101 1
101110 1
101111 0
110000 0
110001 1
110010 1
110011 0
110100 0
110101 0
110110 1
110111 1
111000 1
111001 1
111010 0
111011 0
111100 0
111101 1
111110 0
111111 0
