000000 0
000001 1
000010 0
000011 0
000100 1
000101 1
000110 0
000111 0
001000 0
001001 1
001010 0
001011 0
001100 0
001101 0
001110 1
001111 1
010000 0
010001 1
010010 0
010011 0
010100 0
010101 1
010110 1
010111 0
011000 1
011001 1
011010 0
011011 0
011100 0
011101 0
011110 1
011111 0
100000 1
100001 1
100010 0
100011 0
100100 0
100101 1
100110 1
100111 1
101000 1
101001 0
101010 0
101011 0
101100 1
101101 0
101110 1
101111 0
110000 0
110001 0
110010 0
110011 0
110100 0
110101 1
110110 0
110111 0
111000 0
111001 1
111010 1
111011 1
111100 0
111101 0
111110 0
111111 0
