000000 1
000001 0
000010 1
000011 1
000100 0
000101 1
000110 1
000111 0
001000 0
001001 0
001010 0
001011 0
001100 0
001101 0
001110 0
001111 0
010000 0
010001 0
010010 1
010011 0
010100 1
010101 1
010110 1
010111 1
011000 1
011001 1
011010 1
011011 0
011100 1
011101 1
011110 1
011111 1
100000 1
100001 0
100010 0
100011 1
100100 0
100101 0
100110 0
100111 0
101000 1
101001 1
101010 1
101011 1
101100 1
101101 1
101110 1
101111 1
110000 0
110001 1
110010 0
110011 0
110100 1
110101 1
110110 1
110111 0
111000 1
111001 0
111010 0
111011 0
111100 0
111101 0
111110 1
111111 0
