seed: 1635869410
{7,6,50,1,2,1,8}([7]5,2,4)([8]6,3,5)([9]4,1,4)([10]8,7,1)([11]1,1,1)([12]7,10,4)([13]10,7,5)([14]8,9,6)([15]3,14,0)([16]1,4,5)([17]15,9,1)([18]13,13,5)([19]9,18,3)([20]4,18,4)([21]12,19,0)([22]5,2,2)([23]22,9,7)([24]19,1,4)([25]3,6,1)([26]19,23,2)([27]1,11,6)([28]12,9,3)([29]24,20,1)([30]22,7,3)([31]7,1,0)([32]29,11,2)([33]25,6,4)([34]31,19,0)([35]28,4,2)([36]6,3,6)([37]36,8,4)([38]15,17,6)([39]23,4,1)([40]36,32,0)([41]9,19,6)([42]13,26,4)([43]42,16,5)([44]0,43,4)([45]8,35,7)([46]24,9,7)([47]45,42,3)([48]27,19,3)([49]13,39,7)([50]43,0,2)([51]21,45,5)([52]30,8,3)([53]5,51,4)([54]33,5,3)([55]40,42,7)([56]20,14,0)(27,50,44,49,21,37)
evaluations: 1132760
first invidual area: 65.11
{7,6,50,1,2,1,8}([7]4,1,4)([8]6,3,5)([9]3,6,3)([10]6,9,4)([11]8,3,1)([12]8,2,4)([13]5,12,7)([14]2,5,2)([15]6,10,7)([16]15,14,4)([17]13,8,6)([18]1,3,1)([19]7,4,3)([20]11,12,7)([21]1,4,5)([22]15,4,5)([23]3,2,1)([24]3,8,6)([25]14,17,3)([26]23,2,2)([27]25,7,5)([28]10,25,4)([29]20,3,5)([30]4,26,3)([31]1,16,5)([32]3,2,7)([33]2,29,4)([34]19,9,1)([35]25,29,1)([36]24,13,4)([37]32,36,2)([38]0,16,4)([39]30,24,6)([40]9,17,4)([41]25,7,4)([42]8,9,2)([43]21,27,5)([44]10,7,2)([45]37,8,1)([46]44,7,2)([47]5,32,0)([48]18,35,7)([49]22,15,3)([50]45,41,0)([51]47,49,4)([52]31,27,3)([53]20,0,5)([54]23,49,0)([55]0,43,2)([56]0,43,4)(24,55,56,41,13,42)
optimized area: 47.31
time: 310424 ms
seed: 1635869936
{7,6,50,1,2,1,8}([7]3,6,5)([8]7,5,7)([9]2,1,3)([10]3,3,1)([11]8,7,3)([12]0,3,1)([13]8,2,5)([14]12,3,3)([15]4,1,3)([16]6,1,1)([17]3,16,7)([18]1,4,4)([19]1,15,7)([20]3,3,0)([21]3,2,6)([22]10,6,7)([23]13,18,5)([24]18,13,7)([25]16,11,6)([26]2,11,3)([27]11,23,7)([28]27,25,6)([29]26,15,4)([30]24,7,3)([31]26,14,1)([32]28,29,4)([33]3,1,5)([34]19,22,7)([35]32,26,4)([36]7,14,5)([37]29,13,0)([38]22,21,3)([39]19,37,2)([40]11,24,7)([41]35,0,2)([42]18,30,5)([43]0,35,4)([44]19,28,0)([45]1,40,2)([46]34,42,3)([47]39,34,4)([48]43,9,2)([49]27,30,5)([50]25,45,0)([51]23,24,3)([52]45,16,0)([53]2,8,4)([54]53,47,4)([55]39,20,3)([56]19,19,4)(56,41,43,40,53,22)
evaluations: 615207
first invidual area: 83.42
{7,6,50,1,2,1,8}([7]6,3,3)([8]6,3,5)([9]4,7,2)([10]0,0,2)([11]0,7,2)([12]1,4,6)([13]12,4,7)([14]3,6,4)([15]2,6,6)([16]4,1,7)([17]5,2,0)([18]17,2,5)([19]5,2,7)([20]8,19,4)([21]18,19,6)([22]8,20,3)([23]11,10,5)([24]17,14,7)([25]22,18,5)([26]5,4,5)([27]25,16,2)([28]25,16,6)([29]1,10,1)([30]9,15,0)([31]10,21,0)([32]26,12,5)([33]20,16,1)([34]22,8,5)([35]12,28,6)([36]35,0,4)([37]4,14,5)([38]4,22,7)([39]36,9,2)([40]30,16,0)([41]38,23,5)([42]13,38,6)([43]13,12,3)([44]35,10,2)([45]5,41,1)([46]11,35,0)([47]9,41,4)([48]9,10,7)([49]17,45,5)([50]47,29,7)([51]31,7,0)([52]45,7,1)([53]28,27,3)([54]3,21,7)([55]22,14,3)([56]50,35,6)(21,44,36,53,20,14)
optimized area: 47.78
time: 327923 ms
seed: 1635870724
{7,6,50,1,2,1,8}([7]3,6,7)([8]1,4,3)([9]6,3,2)([10]5,2,7)([11]5,9,3)([12]1,10,5)([13]7,2,0)([14]1,12,2)([15]8,0,4)([16]1,4,4)([17]16,13,0)([18]15,14,0)([19]9,10,2)([20]11,6,2)([21]2,5,3)([22]10,9,3)([23]0,8,0)([24]22,21,4)([25]15,21,7)([26]10,5,3)([27]16,17,4)([28]24,22,1)([29]9,10,7)([30]23,0,3)([31]14,4,0)([32]28,16,4)([33]32,18,7)([34]13,4,1)([35]32,17,5)([36]35,0,2)([37]35,30,4)([38]15,4,4)([39]16,37,4)([40]17,39,5)([41]33,10,5)([42]13,25,1)([43]19,27,5)([44]20,15,3)([45]10,4,6)([46]18,35,7)([47]46,24,1)([48]47,3,3)([49]12,29,2)([50]30,28,4)([51]6,15,4)([52]27,49,4)([53]21,39,2)([54]52,5,2)([55]29,1,4)([56]36,47,2)(27,56,46,32,29,34)
evaluations: 132814
first invidual area: 62.32
{7,6,50,1,2,1,8}([7]0,1,4)([8]6,3,2)([9]1,1,6)([10]5,2,7)([11]4,1,7)([12]3,6,6)([13]4,11,5)([14]9,1,3)([15]8,10,3)([16]12,15,7)([17]13,9,6)([18]4,6,5)([19]12,2,6)([20]5,2,3)([21]20,15,5)([22]0,9,0)([23]21,11,4)([24]21,23,3)([25]19,17,2)([26]15,10,7)([27]25,23,3)([28]13,12,0)([29]12,8,6)([30]15,17,0)([31]2,17,5)([32]20,13,2)([33]13,0,7)([34]4,20,7)([35]25,9,2)([36]9,0,7)([37]22,32,0)([38]20,24,0)([39]38,38,4)([40]10,38,6)([41]12,34,3)([42]10,8,7)([43]24,24,3)([44]8,19,5)([45]20,28,0)([46]33,24,7)([47]16,41,4)([48]46,47,6)([49]17,31,5)([50]46,26,1)([51]18,50,7)([52]3,28,2)([53]32,52,5)([54]2,9,1)([55]50,22,2)([56]35,16,1)(40,55,46,23,42,29)
optimized area: 52.00
time: 321277 ms
seed: 1635871691
{7,6,50,1,2,1,8}([7]3,6,2)([8]4,1,3)([9]8,2,3)([10]3,3,0)([11]10,6,4)([12]7,5,7)([13]11,2,7)([14]7,2,4)([15]4,1,5)([16]7,5,5)([17]15,8,5)([18]11,14,0)([19]6,12,5)([20]12,9,1)([21]11,12,1)([22]2,20,4)([23]17,9,5)([24]16,13,4)([25]2,20,2)([26]8,25,3)([27]26,12,5)([28]16,13,1)([29]23,18,5)([30]19,1,7)([31]26,28,3)([32]14,27,2)([33]0,26,1)([34]17,30,3)([35]23,32,7)([36]35,7,7)([37]15,36,2)([38]8,15,6)([39]36,7,0)([40]33,20,2)([41]9,35,7)([42]13,39,3)([43]0,37,7)([44]24,42,6)([45]14,41,7)([46]17,20,5)([47]7,38,3)([48]22,30,0)([49]6,8,2)([50]33,43,6)([51]9,29,0)([52]0,17,6)([53]38,52,4)([54]36,31,7)([55]29,5,4)([56]13,20,0)(38,50,43,54,48,18)
evaluations: 397509
first invidual area: 74.47
{7,6,50,1,2,1,8}([7]3,6,2)([8]1,4,3)([9]4,1,5)([10]1,5,3)([11]5,2,4)([12]11,7,4)([13]12,2,4)([14]10,1,0)([15]11,8,5)([16]2,6,5)([17]8,9,5)([18]8,2,0)([19]15,13,5)([20]10,17,5)([21]2,18,5)([22]16,3,1)([23]12,19,6)([24]9,18,6)([25]9,17,6)([26]7,23,2)([27]7,10,2)([28]0,4,2)([29]1,23,1)([30]8,23,3)([31]6,3,4)([32]29,31,4)([33]7,20,4)([34]12,16,0)([35]11,13,6)([36]19,33,7)([37]9,36,2)([38]34,5,1)([39]9,35,7)([40]27,30,3)([41]21,38,0)([42]2,40,3)([43]0,37,7)([44]23,34,1)([45]2,10,5)([46]28,41,0)([47]5,32,1)([48]43,37,6)([49]48,24,6)([50]36,40,2)([51]18,20,3)([52]16,14,2)([53]20,42,5)([54]18,48,6)([55]33,13,0)([56]3,12,6)(24,48,43,50,12,31)
optimized area: 67.92
time: 366946 ms
seed: 1635872677
{7,6,50,1,2,1,8}([7]1,4,7)([8]6,3,4)([9]4,7,2)([10]6,3,2)([11]9,5,4)([12]1,9,1)([13]2,5,2)([14]5,2,3)([15]10,14,2)([16]15,13,3)([17]6,14,2)([18]16,5,1)([19]16,7,1)([20]7,8,4)([21]9,0,7)([22]10,2,7)([23]7,3,0)([24]9,2,5)([25]4,11,6)([26]19,7,3)([27]2,0,5)([28]21,9,0)([29]8,2,2)([30]25,14,5)([31]9,28,6)([32]26,0,5)([33]15,19,6)([34]2,17,0)([35]26,28,4)([36]14,15,3)([37]17,34,6)([38]19,23,4)([39]6,35,7)([40]25,38,0)([41]31,32,7)([42]30,40,6)([43]10,7,0)([44]4,38,0)([45]35,39,4)([46]22,26,0)([47]12,41,1)([48]46,8,1)([49]39,9,0)([50]0,1,6)([51]19,1,4)([52]35,39,2)([53]27,38,5)([54]24,42,2)([55]5,46,7)([56]53,3,1)(54,41,35,38,55,8)
evaluations: 520709
first invidual area: 74.96
{7,6,50,1,2,1,8}([7]5,2,2)([8]4,1,7)([9]1,5,6)([10]3,6,2)([11]1,4,3)([12]6,3,6)([13]5,2,4)([14]10,13,2)([15]5,14,3)([16]14,7,3)([17]9,16,7)([18]8,16,6)([19]16,8,2)([20]10,10,2)([21]19,18,3)([22]10,18,6)([23]12,10,6)([24]13,7,1)([25]23,11,5)([26]7,14,2)([27]25,2,4)([28]4,15,5)([29]28,15,7)([30]24,10,0)([31]22,4,7)([32]12,5,3)([33]22,32,1)([34]18,0,4)([35]20,13,4)([36]11,34,4)([37]0,34,1)([38]35,15,0)([39]29,8,1)([40]22,36,7)([41]36,38,2)([42]36,37,6)([43]35,9,5)([44]7,43,3)([45]43,35,3)([46]35,22,3)([47]10,4,5)([48]10,35,5)([49]16,41,2)([50]41,37,2)([51]17,14,2)([52]1,2,5)([53]45,3,5)([54]5,46,1)([55]47,4,0)([56]49,33,3)(26,42,36,21,35,23)
optimized area: 52.93
time: 308422 ms
seed: 1635873799
{7,6,50,1,2,1,8}([7]2,5,2)([8]6,3,2)([9]7,8,6)([10]4,1,4)([11]2,5,4)([12]10,9,2)([13]9,11,3)([14]10,1,3)([15]6,3,6)([16]3,6,4)([17]13,15,0)([18]0,12,7)([19]13,2,6)([20]19,10,2)([21]1,16,5)([22]18,14,7)([23]12,13,3)([24]7,9,6)([25]17,10,4)([26]20,22,4)([27]26,2,1)([28]8,6,0)([29]0,0,4)([30]15,19,5)([31]3,1,3)([32]15,15,1)([33]19,7,4)([34]27,22,0)([35]5,24,1)([36]22,5,5)([37]35,6,4)([38]14,35,1)([39]18,21,4)([40]36,18,4)([41]14,29,6)([42]26,17,5)([43]37,28,6)([44]26,30,7)([45]34,0,2)([46]21,4,0)([47]5,37,3)([48]24,25,7)([49]12,33,6)([50]18,20,6)([51]24,6,5)([52]11,8,4)([53]44,27,7)([54]46,9,0)([55]52,29,5)([56]42,17,5)(29,45,26,48,52,16)
evaluations: 1603954
first invidual area: 71.70
{7,6,50,1,2,1,8}([7]2,5,2)([8]6,3,2)([9]7,8,6)([10]1,4,4)([11]0,3,1)([12]1,4,3)([13]1,2,6)([14]11,6,7)([15]12,0,4)([16]10,9,5)([17]12,6,2)([18]0,1,1)([19]5,2,6)([20]10,19,5)([21]17,7,6)([22]7,19,3)([23]22,8,7)([24]20,16,5)([25]6,3,6)([26]24,15,4)([27]11,7,3)([28]26,27,0)([29]25,8,6)([30]18,5,4)([31]24,3,1)([32]9,31,3)([33]18,28,6)([34]15,20,6)([35]13,6,5)([36]25,17,4)([37]12,27,3)([38]23,8,3)([39]25,4,3)([40]23,27,7)([41]27,17,4)([42]4,8,6)([43]21,8,2)([44]23,7,7)([45]9,7,2)([46]13,38,0)([47]9,19,6)([48]32,24,4)([49]13,5,6)([50]21,49,4)([51]47,10,4)([52]33,24,4)([53]6,52,0)([54]11,39,0)([55]17,26,5)([56]11,22,3)(45,33,28,51,23,29)
optimized area: 56.20
time: 324395 ms
seed: 1635874842
{7,6,50,1,2,1,8}([7]2,4,5)([8]5,2,2)([9]3,7,5)([10]1,4,5)([11]1,4,6)([12]2,11,3)([13]6,12,7)([14]11,4,2)([15]5,6,5)([16]4,1,7)([17]15,13,1)([18]3,1,0)([19]17,12,3)([20]10,13,4)([21]13,16,5)([22]3,6,2)([23]8,22,3)([24]20,14,6)([25]18,6,4)([26]20,14,6)([27]16,19,4)([28]17,15,2)([29]27,23,2)([30]0,29,0)([31]10,8,1)([32]22,5,4)([33]2,32,7)([34]8,11,1)([35]14,18,7)([36]31,29,3)([37]33,22,5)([38]36,30,5)([39]30,14,5)([40]21,23,6)([41]1,23,5)([42]33,21,1)([43]15,4,6)([44]33,8,1)([45]2,2,6)([46]37,16,7)([47]7,11,5)([48]36,0,4)([49]47,5,1)([50]38,11,6)([51]46,8,7)([52]19,19,6)([53]46,36,6)([54]46,5,3)([55]49,8,4)([56]51,55,4)(14,50,48,51,44,25)
evaluations: 2566270
first invidual area: 72.60
{7,6,50,1,2,1,8}([7]3,6,2)([8]1,2,7)([9]4,1,2)([10]7,7,0)([11]2,5,2)([12]7,1,0)([13]5,2,6)([14]3,7,0)([15]3,6,6)([16]4,1,7)([17]6,8,4)([18]14,17,4)([19]5,2,4)([20]9,9,0)([21]12,12,0)([22]15,7,2)([23]16,13,6)([24]12,11,3)([25]19,15,4)([26]16,11,4)([27]22,14,6)([28]27,26,3)([29]12,9,0)([30]2,15,4)([31]11,22,0)([32]24,23,2)([33]14,15,4)([34]19,29,5)([35]9,12,1)([36]20,32,3)([37]31,19,4)([38]34,10,6)([39]36,0,4)([40]13,19,1)([41]24,18,7)([42]40,16,0)([43]13,1,0)([44]36,0,2)([45]19,3,3)([46]40,25,1)([47]23,2,5)([48]15,38,0)([49]1,28,4)([50]35,49,2)([51]44,28,7)([52]26,34,4)([53]12,19,4)([54]48,10,6)([55]9,8,4)([56]7,36,2)(38,44,39,52,53,54)
optimized area: 58.09
time: 311979 ms
seed: 1635875861
{7,6,50,1,2,1,8}([7]6,3,2)([8]5,2,3)([9]5,5,1)([10]5,2,2)([11]7,10,3)([12]8,1,6)([13]4,2,3)([14]1,11,6)([15]7,0,6)([16]1,8,7)([17]4,13,0)([18]11,16,2)([19]14,18,4)([20]4,19,6)([21]20,12,5)([22]15,10,5)([23]8,13,2)([24]8,21,6)([25]9,7,7)([26]1,11,6)([27]26,17,7)([28]26,12,6)([29]3,6,4)([30]16,24,2)([31]18,27,7)([32]4,30,5)([33]4,2,3)([34]8,33,3)([35]0,20,4)([36]31,0,1)([37]2,25,4)([38]18,14,2)([39]34,0,5)([40]32,13,2)([41]40,37,7)([42]33,13,1)([43]28,35,4)([44]29,42,2)([45]30,8,0)([46]39,43,6)([47]39,15,4)([48]42,23,6)([49]26,30,0)([50]1,18,2)([51]34,6,6)([52]42,24,0)([53]44,37,0)([54]31,34,3)([55]34,45,3)([56]12,55,7)(24,46,43,36,37,29)
evaluations: 864025
first invidual area: 81.51
{7,6,50,1,2,1,8}([7]6,3,5)([8]6,1,5)([9]2,5,4)([10]3,6,3)([11]9,2,3)([12]8,6,7)([13]9,7,5)([14]7,7,1)([15]11,14,1)([16]0,15,7)([17]13,11,5)([18]17,4,7)([19]4,5,0)([20]16,5,1)([21]0,9,0)([22]5,1,4)([23]10,7,2)([24]19,18,3)([25]14,3,3)([26]4,11,6)([27]9,7,3)([28]14,21,6)([29]5,21,0)([30]18,1,4)([31]30,18,5)([32]12,12,7)([33]16,30,5)([34]14,21,6)([35]32,26,1)([36]2,16,2)([37]21,29,0)([38]24,31,2)([39]35,22,5)([40]5,19,7)([41]26,37,5)([42]13,9,6)([43]30,40,4)([44]8,34,2)([45]22,40,6)([46]28,9,4)([47]15,20,7)([48]27,13,5)([49]37,38,4)([50]27,39,7)([51]13,34,1)([52]25,40,2)([53]33,4,3)([54]37,38,2)([55]48,48,2)([56]43,39,2)(42,54,49,30,48,23)
optimized area: 46.83
time: 332389 ms
seed: 1635876974
{7,6,50,1,2,1,8}([7]6,3,5)([8]1,4,4)([9]2,5,2)([10]1,8,6)([11]9,8,7)([12]7,10,0)([13]6,4,6)([14]3,11,0)([15]14,7,0)([16]5,2,4)([17]6,0,1)([18]1,6,2)([19]16,12,2)([20]8,8,5)([21]7,16,7)([22]18,0,5)([23]6,16,7)([24]21,21,4)([25]7,21,3)([26]14,6,5)([27]13,4,4)([28]27,0,6)([29]3,0,2)([30]10,0,7)([31]21,27,3)([32]1,2,6)([33]17,1,6)([34]11,25,4)([35]34,14,1)([36]11,13,1)([37]35,20,3)([38]18,23,7)([39]14,17,7)([40]30,37,7)([41]6,12,5)([42]18,3,5)([43]40,24,1)([44]31,26,6)([45]30,6,7)([46]38,19,4)([47]42,32,0)([48]46,12,5)([49]13,24,0)([50]24,4,5)([51]0,43,2)([52]10,8,7)([53]14,41,1)([54]32,15,1)([55]51,50,1)([56]5,11,2)(24,51,40,34,21,39)
evaluations: 377755
first invidual area: 61.85
{7,6,50,1,2,1,8}([7]0,1,1)([8]4,1,7)([9]1,4,6)([10]5,2,7)([11]3,6,5)([12]11,10,4)([13]0,8,7)([14]6,3,3)([15]5,2,3)([16]6,11,6)([17]15,2,1)([18]7,6,6)([19]14,4,1)([20]11,12,5)([21]20,2,5)([22]15,20,5)([23]0,9,4)([24]21,11,3)([25]15,17,2)([26]5,25,3)([27]8,22,4)([28]14,10,3)([29]6,17,0)([30]7,6,6)([31]23,22,5)([32]6,26,2)([33]3,25,5)([34]22,30,0)([35]34,14,7)([36]9,23,5)([37]27,34,5)([38]37,14,0)([39]29,4,5)([40]37,23,4)([41]12,11,5)([42]40,14,4)([43]14,11,2)([44]7,40,6)([45]16,16,3)([46]31,35,1)([47]4,6,1)([48]39,20,4)([49]7,1,6)([50]36,17,6)([51]46,6,2)([52]12,6,2)([53]8,21,3)([54]7,13,4)([55]43,48,2)([56]3,11,5)(16,44,40,27,12,43)
optimized area: 51.06
time: 315065 ms
seed: 1635877933
{7,6,50,1,2,1,8}([7]5,2,2)([8]6,3,2)([9]8,5,0)([10]5,2,7)([11]4,8,1)([12]8,10,4)([13]8,12,2)([14]11,1,7)([15]12,5,2)([16]0,2,4)([17]13,7,3)([18]7,3,6)([19]8,18,2)([20]14,11,6)([21]14,17,2)([22]21,20,6)([23]12,10,7)([24]2,23,4)([25]6,3,4)([26]9,13,0)([27]11,0,7)([28]13,5,1)([29]9,23,7)([30]11,20,2)([31]11,11,6)([32]4,5,6)([33]1,29,4)([34]27,14,0)([35]25,33,3)([36]22,13,1)([37]10,11,1)([38]20,25,7)([39]10,11,2)([40]22,7,0)([41]1,24,2)([42]34,37,3)([43]12,29,7)([44]13,7,7)([45]41,0,3)([46]0,45,1)([47]0,45,0)([48]46,40,6)([49]33,44,4)([50]14,49,5)([51]0,47,7)([52]37,16,2)([53]25,47,2)([54]43,43,3)([55]31,49,7)([56]27,50,7)(19,48,56,55,43,25)
evaluations: 1008011
first invidual area: 91.38
{7,6,50,1,2,1,8}([7]3,3,2)([8]6,7,2)([9]2,5,4)([10]2,5,2)([11]10,6,0)([12]8,9,6)([13]6,9,2)([14]1,4,4)([15]0,7,2)([16]8,9,2)([17]11,16,3)([18]10,15,4)([19]18,3,7)([20]1,8,0)([21]20,4,2)([22]17,14,2)([23]14,17,6)([24]23,8,0)([25]12,6,2)([26]21,22,6)([27]0,15,4)([28]7,26,1)([29]20,20,6)([30]9,12,2)([31]19,24,3)([32]6,14,1)([33]7,28,2)([34]2,20,5)([35]33,8,3)([36]12,16,6)([37]2,20,6)([38]2,33,0)([39]21,25,7)([40]23,1,0)([41]32,25,5)([42]7,40,3)([43]15,14,7)([44]29,38,0)([45]22,23,6)([46]29,44,4)([47]26,0,7)([48]4,47,5)([49]23,25,7)([50]10,44,4)([51]6,29,1)([52]5,28,6)([53]26,47,6)([54]30,27,2)([55]33,11,4)([56]7,6,4)(30,53,47,45,36,56)
optimized area: 49.18
time: 319851 ms
seed: 1635879065
{7,6,50,1,2,1,8}([7]5,2,5)([8]5,3,1)([9]7,8,1)([10]2,5,7)([11]9,4,4)([12]4,3,1)([13]1,7,4)([14]1,0,4)([15]6,3,2)([16]13,11,3)([17]10,15,4)([18]12,4,2)([19]17,12,1)([20]16,14,7)([21]3,15,7)([22]11,16,7)([23]15,17,5)([24]11,8,0)([25]12,16,7)([26]1,13,3)([27]8,9,6)([28]4,13,4)([29]12,11,7)([30]3,6,4)([31]23,28,3)([32]19,3,1)([33]31,18,1)([34]33,20,4)([35]19,23,1)([36]23,0,0)([37]36,28,4)([38]15,12,3)([39]22,8,2)([40]32,31,3)([41]35,7,5)([42]5,35,0)([43]18,34,7)([44]33,7,1)([45]23,18,1)([46]16,18,4)([47]14,13,5)([48]0,43,2)([49]24,21,5)([50]32,34,0)([51]40,23,4)([52]19,17,6)([53]45,15,2)([54]19,21,1)([55]31,32,0)([56]47,29,2)(18,48,34,37,19,30)
evaluations: 495093
first invidual area: 72.63
{7,6,50,1,2,1,8}([7]4,1,6)([8]5,2,4)([9]7,7,0)([10]8,6,7)([11]6,10,6)([12]5,2,5)([13]1,4,2)([14]13,13,3)([15]3,6,2)([16]15,7,0)([17]16,13,4)([18]8,16,5)([19]8,11,5)([20]7,13,3)([21]0,2,5)([22]7,9,1)([23]7,0,4)([24]21,5,1)([25]19,12,1)([26]12,18,5)([27]20,26,3)([28]20,5,4)([29]14,2,3)([30]5,28,4)([31]10,14,4)([32]16,26,0)([33]16,24,7)([34]23,27,4)([35]8,16,4)([36]25,29,1)([37]2,26,0)([38]34,23,1)([39]38,0,2)([40]13,4,6)([41]26,35,6)([42]20,26,7)([43]17,38,3)([44]9,33,6)([45]11,22,7)([46]2,43,6)([47]6,26,0)([48]4,43,4)([49]30,48,3)([50]12,21,5)([51]15,18,3)([52]49,51,1)([53]10,46,3)([54]1,7,2)([55]6,3,6)([56]55,15,6)(54,39,34,42,35,56)
optimized area: 51.52
time: 315089 ms
seed: 1635880061
{7,6,50,1,2,1,8}([7]2,2,1)([8]6,3,2)([9]3,6,4)([10]5,5,4)([11]5,8,4)([12]5,2,5)([13]1,12,4)([14]2,11,4)([15]13,6,0)([16]9,11,6)([17]14,9,5)([18]13,4,4)([19]2,5,7)([20]0,0,2)([21]8,13,2)([22]17,9,0)([23]19,14,3)([24]13,12,2)([25]20,17,1)([26]18,23,3)([27]0,15,6)([28]21,18,4)([29]0,22,3)([30]12,7,0)([31]13,18,6)([32]17,18,7)([33]24,31,4)([34]33,25,7)([35]4,15,7)([36]4,14,3)([37]11,33,4)([38]23,35,7)([39]20,22,7)([40]10,38,7)([41]18,2,6)([42]41,15,6)([43]23,13,4)([44]0,26,5)([45]33,26,2)([46]27,38,2)([47]28,21,2)([48]8,33,4)([49]27,16,4)([50]7,22,5)([51]23,32,6)([52]31,31,3)([53]5,46,2)([54]45,25,6)([55]21,17,0)([56]34,51,7)(10,54,56,38,14,9)
evaluations: 2519102
first invidual area: 84.83
{7,6,50,1,2,1,8}([7]2,4,2)([8]3,6,2)([9]0,6,0)([10]8,5,5)([11]8,5,3)([12]2,11,5)([13]12,6,2)([14]12,10,5)([15]5,8,7)([16]14,4,7)([17]14,4,5)([18]11,15,3)([19]8,1,5)([20]19,14,6)([21]7,16,5)([22]3,19,0)([23]12,3,6)([24]0,10,1)([25]8,24,4)([26]10,11,5)([27]15,7,2)([28]1,16,7)([29]26,2,7)([30]28,8,0)([31]8,10,6)([32]29,16,0)([33]22,1,7)([34]0,13,3)([35]6,22,4)([36]7,23,1)([37]16,30,3)([38]19,11,0)([39]3,19,5)([40]25,5,7)([41]40,32,2)([42]31,33,0)([43]37,28,0)([44]1,13,3)([45]37,17,2)([46]36,44,0)([47]22,10,4)([48]8,0,6)([49]5,19,6)([50]42,20,7)([51]30,26,7)([52]45,0,7)([53]45,52,6)([54]14,22,3)([55]18,46,4)([56]51,7,2)(42,53,52,30,29,35)
optimized area: 46.84
time: 342223 ms
seed: 1635881195
{7,6,50,1,2,1,8}([7]2,5,5)([8]2,2,4)([9]1,4,5)([10]0,2,0)([11]5,2,3)([12]6,3,2)([13]0,9,4)([14]8,13,3)([15]12,11,0)([16]12,14,3)([17]8,0,3)([18]12,11,5)([19]3,6,4)([20]4,1,3)([21]3,8,2)([22]10,20,5)([23]21,4,2)([24]7,18,2)([25]1,4,4)([26]11,4,1)([27]3,13,3)([28]24,25,7)([29]4,6,5)([30]9,28,2)([31]30,10,1)([32]15,19,5)([33]23,5,1)([34]31,25,2)([35]5,23,7)([36]6,19,3)([37]24,36,0)([38]37,9,6)([39]17,32,3)([40]19,10,4)([41]31,8,1)([42]30,23,0)([43]42,26,0)([44]29,8,6)([45]1,2,4)([46]42,9,2)([47]1,31,6)([48]9,35,4)([49]36,42,3)([50]39,17,3)([51]13,34,4)([52]2,15,4)([53]51,39,1)([54]38,43,0)([55]52,35,7)([56]30,22,6)(21,56,53,28,55,19)
evaluations: 291411
first invidual area: 73.55
{7,6,50,1,2,1,8}([7]5,2,0)([8]0,7,1)([9]0,1,5)([10]7,2,0)([11]0,2,5)([12]6,3,2)([13]12,0,0)([14]6,3,6)([15]14,12,6)([16]0,8,7)([17]12,2,4)([18]5,17,5)([19]0,12,5)([20]3,8,1)([21]13,2,5)([22]7,13,4)([23]17,5,6)([24]21,18,5)([25]1,4,4)([26]1,5,7)([27]5,17,4)([28]16,25,5)([29]23,8,1)([30]1,4,5)([31]25,24,5)([32]1,24,2)([33]25,23,2)([34]30,8,7)([35]31,25,6)([36]30,24,2)([37]24,25,4)([38]5,19,6)([39]16,22,3)([40]21,28,5)([41]27,39,7)([42]40,13,2)([43]22,2,5)([44]36,18,5)([45]19,0,1)([46]16,29,5)([47]43,38,7)([48]43,47,1)([49]20,0,7)([50]48,39,4)([51]34,44,3)([52]49,28,4)([53]34,31,4)([54]22,0,6)([55]8,19,1)([56]53,8,6)(35,56,53,37,27,15)
optimized area: 50.59
time: 312311 ms
seed: 1635882211
{7,6,50,1,2,1,8}([7]4,1,6)([8]2,5,4)([9]3,6,4)([10]6,3,2)([11]1,7,6)([12]10,8,7)([13]1,4,7)([14]2,12,5)([15]5,10,5)([16]13,14,4)([17]5,2,7)([18]11,1,3)([19]1,0,6)([20]19,11,1)([21]13,11,3)([22]1,14,4)([23]0,15,4)([24]15,8,1)([25]17,16,1)([26]25,7,5)([27]25,16,4)([28]16,14,5)([29]12,12,6)([30]18,28,2)([31]13,29,1)([32]30,24,6)([33]0,30,4)([34]20,28,0)([35]30,32,3)([36]32,22,1)([37]18,1,7)([38]13,14,2)([39]5,35,4)([40]38,1,0)([41]18,0,2)([42]25,18,4)([43]30,12,5)([44]16,15,7)([45]32,28,6)([46]41,36,2)([47]30,27,2)([48]29,21,6)([49]16,20,7)([50]37,38,4)([51]33,45,4)([52]30,33,0)([53]26,25,6)([54]29,44,0)([55]29,42,7)([56]19,41,5)(53,46,51,44,29,9)
evaluations: 229767
first invidual area: 79.63
{7,6,50,1,2,1,8}([7]4,1,4)([8]2,5,4)([9]6,6,0)([10]3,6,2)([11]5,2,5)([12]5,5,5)([13]10,8,5)([14]1,4,5)([15]14,4,3)([16]0,14,4)([17]11,4,1)([18]11,13,5)([19]8,9,7)([20]9,3,4)([21]4,7,1)([22]5,13,0)([23]7,18,3)([24]19,2,3)([25]13,0,0)([26]10,8,3)([27]18,7,5)([28]27,23,2)([29]27,3,1)([30]13,20,0)([31]8,28,2)([32]21,2,3)([33]0,9,2)([34]20,30,3)([35]4,30,7)([36]25,26,2)([37]16,26,2)([38]13,6,6)([39]27,29,0)([40]21,38,7)([41]35,27,7)([42]23,25,4)([43]14,38,5)([44]39,16,4)([45]13,29,2)([46]20,45,0)([47]32,6,7)([48]19,0,4)([49]40,8,0)([50]43,18,0)([51]44,42,1)([52]30,34,4)([53]27,33,4)([54]41,3,3)([55]51,0,2)([56]18,29,6)(38,55,44,28,36,46)
optimized area: 50.58
time: 304913 ms
seed: 1635883368
{7,6,50,1,2,1,8}([7]0,4,1)([8]4,5,0)([9]3,6,2)([10]6,3,7)([11]5,2,2)([12]11,4,6)([13]9,9,2)([14]10,10,3)([15]6,14,0)([16]11,4,7)([17]16,1,6)([18]17,1,4)([19]17,12,4)([20]15,5,2)([21]5,2,4)([22]8,11,3)([23]9,21,2)([24]18,23,2)([25]19,8,1)([26]24,19,2)([27]18,6,2)([28]10,5,1)([29]20,9,6)([30]25,26,7)([31]28,14,4)([32]9,13,7)([33]30,0,7)([34]25,21,7)([35]3,27,0)([36]13,22,0)([37]15,9,2)([38]33,30,6)([39]1,0,0)([40]37,2,3)([41]7,25,2)([42]23,3,2)([43]36,3,4)([44]18,30,5)([45]39,16,7)([46]33,5,3)([47]9,21,4)([48]31,41,2)([49]13,5,6)([50]35,21,0)([51]12,11,2)([52]45,42,4)([53]7,49,2)([54]8,20,4)([55]41,28,1)([56]25,14,6)(51,38,33,52,47,28)
evaluations: 243485
first invidual area: 73.10
{7,6,50,1,2,1,8}([7]5,6,4)([8]4,2,0)([9]3,6,4)([10]6,3,2)([11]5,2,2)([12]5,11,4)([13]11,4,6)([14]7,0,7)([15]10,4,3)([16]11,4,7)([17]1,16,6)([18]1,4,3)([19]17,13,6)([20]10,8,0)([21]2,5,4)([22]18,17,3)([23]10,21,2)([24]8,1,1)([25]23,18,2)([26]8,23,6)([27]24,25,6)([28]11,0,7)([29]28,2,7)([30]19,25,6)([31]9,10,3)([32]23,1,7)([33]30,0,7)([34]25,25,5)([35]13,3,0)([36]18,5,0)([37]30,36,6)([38]17,2,6)([39]8,19,4)([40]25,12,3)([41]21,10,4)([42]9,15,3)([43]21,30,2)([44]32,16,4)([45]35,16,5)([46]26,44,2)([47]5,46,7)([48]2,36,3)([49]9,30,5)([50]43,41,5)([51]35,49,7)([52]33,30,6)([53]38,43,2)([54]1,29,4)([55]3,51,1)([56]17,26,2)(37,52,33,44,41,9)
optimized area: 58.57
time: 357081 ms
seed: 1635884378
{7,6,50,1,2,1,8}([7]2,5,2)([8]1,4,4)([9]5,2,7)([10]7,8,5)([11]0,8,7)([12]8,7,4)([13]3,6,5)([14]1,4,3)([15]10,14,5)([16]11,15,7)([17]13,10,6)([18]16,9,2)([19]12,8,4)([20]9,13,4)([21]9,7,2)([22]2,12,2)([23]12,18,6)([24]0,14,5)([25]22,19,4)([26]15,6,0)([27]23,23,4)([28]24,10,0)([29]24,7,4)([30]2,4,1)([31]16,0,1)([32]2,8,1)([33]26,15,7)([34]25,2,7)([35]0,33,0)([36]6,3,2)([37]7,22,2)([38]5,14,3)([39]0,36,5)([40]29,20,0)([41]20,9,6)([42]12,26,1)([43]40,37,3)([44]12,41,2)([45]3,6,4)([46]21,2,7)([47]8,33,1)([48]44,16,7)([49]2,26,2)([50]24,48,6)([51]48,2,5)([52]41,42,7)([53]35,19,4)([54]26,5,5)([55]45,4,2)([56]49,37,7)(27,50,48,52,20,45)
evaluations: 851877
first invidual area: 72.16
{7,6,50,1,2,1,8}([7]2,5,6)([8]1,4,4)([9]3,1,3)([10]8,2,0)([11]1,9,5)([12]3,6,5)([13]12,0,0)([14]13,3,3)([15]5,12,0)([16]15,0,6)([17]3,6,3)([18]8,7,5)([19]0,11,0)([20]9,8,1)([21]5,2,4)([22]4,1,5)([23]18,22,5)([24]7,20,4)([25]12,21,7)([26]0,12,1)([27]22,23,6)([28]7,10,4)([29]10,24,0)([30]24,20,0)([31]17,1,7)([32]13,26,3)([33]4,14,2)([34]17,13,2)([35]27,27,1)([36]3,0,7)([37]8,12,6)([38]37,33,6)([39]30,6,3)([40]26,23,4)([41]25,12,5)([42]34,36,0)([43]20,33,1)([44]5,6,3)([45]10,41,5)([46]37,1,7)([47]41,28,4)([48]45,40,4)([49]18,9,3)([50]37,30,3)([51]43,25,0)([52]44,22,5)([53]26,48,6)([54]27,26,0)([55]45,10,1)([56]46,39,0)(27,53,48,47,25,34)
optimized area: 57.15
time: 324965 ms
seed: 1635885452
{7,6,50,1,2,1,8}([7]6,5,1)([8]6,3,2)([9]8,8,0)([10]1,4,3)([11]5,2,7)([12]10,10,3)([13]5,8,7)([14]4,1,2)([15]11,13,6)([16]15,13,1)([17]15,10,4)([18]5,16,7)([19]8,13,6)([20]14,18,3)([21]13,10,6)([22]20,0,4)([23]22,5,5)([24]7,15,2)([25]20,5,6)([26]1,18,7)([27]6,2,0)([28]14,10,0)([29]23,26,7)([30]3,7,7)([31]22,2,0)([32]20,12,2)([33]11,1,2)([34]2,16,7)([35]13,2,7)([36]33,28,3)([37]32,22,2)([38]17,21,0)([39]10,18,3)([40]23,5,6)([41]31,17,1)([42]13,1,3)([43]17,2,1)([44]2,0,1)([45]26,4,7)([46]32,1,1)([47]33,43,3)([48]11,45,4)([49]45,11,5)([50]35,13,0)([51]0,4,2)([52]0,32,4)([53]37,46,7)([54]44,51,5)([55]45,15,4)([56]27,20,5)(40,53,52,45,50,30)
evaluations: 778165
first invidual area: 71.69
{7,6,50,1,2,1,8}([7]2,5,7)([8]3,6,6)([9]7,5,5)([10]3,6,2)([11]8,10,6)([12]5,5,7)([13]10,7,7)([14]13,7,3)([15]11,3,4)([16]1,3,0)([17]9,16,2)([18]14,9,5)([19]6,6,4)([20]1,13,0)([21]1,19,0)([22]0,13,7)([23]18,20,3)([24]14,18,2)([25]4,24,5)([26]21,18,7)([27]23,26,0)([28]4,26,3)([29]11,8,2)([30]5,18,6)([31]19,11,3)([32]23,28,2)([33]0,14,1)([34]16,1,5)([35]0,32,4)([36]32,0,2)([37]5,32,4)([38]23,27,2)([39]38,11,4)([40]14,30,6)([41]3,16,7)([42]5,26,0)([43]14,8,7)([44]9,13,4)([45]4,43,0)([46]26,4,7)([47]2,22,7)([48]38,1,1)([49]8,48,2)([50]31,32,2)([51]44,17,1)([52]17,21,4)([53]11,25,0)([54]38,52,6)([55]23,8,4)([56]21,39,1)(29,36,35,46,13,53)
optimized area: 48.25
time: 318360 ms
seed: 1635886509
{7,6,50,1,2,1,8}([7]5,2,2)([8]1,7,0)([9]0,1,1)([10]6,3,2)([11]10,10,3)([12]10,7,6)([13]2,5,4)([14]4,1,2)([15]13,11,5)([16]10,15,1)([17]1,11,2)([18]3,7,1)([19]8,10,2)([20]15,7,4)([21]3,17,5)([22]16,13,7)([23]21,16,0)([24]15,1,4)([25]7,24,4)([26]10,15,5)([27]4,25,7)([28]6,18,7)([29]0,1,1)([30]11,15,0)([31]28,6,1)([32]20,27,6)([33]28,2,4)([34]14,9,4)([35]34,32,7)([36]35,29,6)([37]23,10,7)([38]33,6,5)([39]32,21,7)([40]4,33,3)([41]37,19,2)([42]19,6,6)([43]5,18,7)([44]36,32,1)([45]18,23,5)([46]14,28,6)([47]32,41,1)([48]1,46,7)([49]43,31,6)([50]2,48,5)([51]16,46,4)([52]27,15,2)([53]22,24,2)([54]1,36,4)([55]26,14,5)([56]32,45,0)(41,36,35,27,22,28)
evaluations: 399946
first invidual area: 74.96
{7,6,50,1,2,1,8}([7]3,6,6)([8]4,1,5)([9]3,5,2)([10]3,6,2)([11]5,2,0)([12]3,11,6)([13]2,5,4)([14]5,4,6)([15]5,2,5)([16]8,5,4)([17]0,8,4)([18]13,10,5)([19]8,4,1)([20]12,15,4)([21]16,16,7)([22]1,4,7)([23]18,15,5)([24]18,23,4)([25]16,2,4)([26]7,22,5)([27]23,22,7)([28]6,18,6)([29]26,24,0)([30]10,7,6)([31]14,20,6)([32]3,24,4)([33]27,22,3)([34]20,16,4)([35]8,33,2)([36]31,24,4)([37]0,10,0)([38]8,1,6)([39]36,34,6)([40]39,14,6)([41]3,32,2)([42]38,3,5)([43]11,25,1)([44]35,12,0)([45]33,36,4)([46]30,31,0)([47]35,37,7)([48]31,43,2)([49]5,22,5)([50]11,4,2)([51]47,44,6)([52]21,48,3)([53]29,12,5)([54]13,10,4)([55]12,53,4)([56]38,8,0)(28,51,47,27,54,30)
optimized area: 47.31
time: 317630 ms
seed: 1635887560
{7,6,50,1,2,1,8}([7]5,2,7)([8]6,3,4)([9]1,5,5)([10]7,6,7)([11]7,5,5)([12]4,10,5)([13]0,4,6)([14]3,6,5)([15]7,14,4)([16]9,13,2)([17]1,4,7)([18]9,7,6)([19]7,5,2)([20]18,10,3)([21]10,15,0)([22]13,2,4)([23]2,5,3)([24]7,14,6)([25]13,19,7)([26]11,2,2)([27]0,13,4)([28]15,7,6)([29]11,19,6)([30]24,7,4)([31]30,3,3)([32]29,13,2)([33]24,13,7)([34]23,30,5)([35]17,28,4)([36]11,35,4)([37]34,28,1)([38]4,32,6)([39]17,8,2)([40]27,16,0)([41]37,35,6)([42]41,0,4)([43]42,0,2)([44]2,0,3)([45]5,33,4)([46]10,33,2)([47]17,38,5)([48]46,10,4)([49]15,33,5)([50]47,42,4)([51]45,42,7)([52]43,47,2)([53]23,37,0)([54]8,9,1)([55]53,46,0)([56]11,25,4)(32,52,50,36,15,8)
evaluations: 1741028
first invidual area: 76.83
{7,6,50,1,2,1,8}([7]3,6,3)([8]0,0,7)([9]2,4,7)([10]4,1,5)([11]5,2,4)([12]6,3,5)([13]12,2,0)([14]2,3,0)([15]4,1,3)([16]11,1,1)([17]12,16,0)([18]17,6,6)([19]18,3,5)([20]5,14,3)([21]12,12,3)([22]1,19,3)([23]12,11,7)([24]15,23,1)([25]1,4,3)([26]1,22,4)([27]19,0,3)([28]10,25,5)([29]12,14,7)([30]23,21,5)([31]11,5,4)([32]21,10,7)([33]26,0,7)([34]23,25,3)([35]20,33,2)([36]30,20,2)([37]30,18,1)([38]36,28,3)([39]27,19,1)([40]39,34,6)([41]0,7,6)([42]25,38,2)([43]29,7,5)([44]12,17,1)([45]0,42,4)([46]0,42,2)([47]36,28,7)([48]24,30,1)([49]2,26,4)([50]48,42,4)([51]45,47,5)([52]0,6,6)([53]8,46,4)([54]10,43,2)([55]13,7,2)([56]7,32,2)(18,46,45,47,23,55)
optimized area: 47.30
time: 310047 ms
seed: 1635888538
{7,6,50,1,2,1,8}([7]4,0,4)([8]2,5,7)([9]3,6,4)([10]7,5,6)([11]8,5,5)([12]5,1,3)([13]11,1,4)([14]13,4,7)([15]11,13,2)([16]14,4,5)([17]8,7,1)([18]1,13,2)([19]6,3,5)([20]9,6,1)([21]8,19,3)([22]7,16,4)([23]22,18,7)([24]17,19,7)([25]14,21,7)([26]9,4,0)([27]10,19,3)([28]21,1,4)([29]8,20,6)([30]14,25,3)([31]26,4,0)([32]6,29,5)([33]4,10,7)([34]25,3,7)([35]3,3,2)([36]13,17,6)([37]25,34,2)([38]1,29,7)([39]0,28,7)([40]20,32,1)([41]16,15,6)([42]12,24,7)([43]35,18,2)([44]3,20,6)([45]21,25,3)([46]15,15,3)([47]23,45,4)([48]29,32,6)([49]0,21,5)([50]45,30,2)([51]7,50,1)([52]47,26,1)([53]0,47,2)([54]11,48,2)([55]26,33,3)([56]44,7,5)(48,53,52,50,24,26)
evaluations: 273038
first invidual area: 77.30
{7,6,50,1,2,1,8}([7]5,2,5)([8]5,2,7)([9]8,2,3)([10]3,6,3)([11]6,1,7)([12]5,9,1)([13]7,1,4)([14]4,13,7)([15]6,6,2)([16]12,13,2)([17]3,6,5)([18]2,13,0)([19]17,8,6)([20]0,5,3)([21]17,0,1)([22]12,8,1)([23]5,12,2)([24]4,2,4)([25]19,14,4)([26]21,4,1)([27]10,24,4)([28]6,11,3)([29]25,14,5)([30]17,10,2)([31]24,8,2)([32]13,7,5)([33]1,0,0)([34]32,26,1)([35]0,32,7)([36]12,23,4)([37]30,30,2)([38]29,25,6)([39]17,9,0)([40]29,35,4)([41]4,16,2)([42]19,28,6)([43]19,3,1)([44]11,21,0)([45]32,19,3)([46]4,14,5)([47]40,46,4)([48]0,47,2)([49]17,8,4)([50]38,49,5)([51]41,21,0)([52]47,15,1)([53]12,25,0)([54]40,52,6)([55]32,13,6)([56]51,30,4)(55,48,52,25,49,30)
optimized area: 59.97
time: 341831 ms
seed: 1635889611
{7,6,50,1,2,1,8}([7]5,2,4)([8]4,3,0)([9]5,8,6)([10]6,3,5)([11]1,4,4)([12]5,1,4)([13]2,5,5)([14]4,8,3)([15]1,14,2)([16]13,15,3)([17]5,11,2)([18]7,10,7)([19]6,3,4)([20]11,11,3)([21]16,0,2)([22]15,14,6)([23]13,11,7)([24]13,21,3)([25]10,18,3)([26]16,25,5)([27]16,16,0)([28]9,10,2)([29]14,18,7)([30]26,26,4)([31]23,25,7)([32]26,20,5)([33]31,25,6)([34]22,3,1)([35]27,3,0)([36]2,35,3)([37]15,0,4)([38]25,26,7)([39]0,33,5)([40]28,22,5)([41]36,35,2)([42]24,36,3)([43]39,38,0)([44]35,16,6)([45]37,32,7)([46]8,8,7)([47]28,19,1)([48]45,39,5)([49]32,29,0)([50]45,31,1)([51]48,0,2)([52]0,47,5)([53]41,13,6)([54]29,3,3)([55]42,43,0)([56]45,12,0)(30,51,56,31,18,19)
evaluations: 110060
first invidual area: 67.47
{7,6,50,1,2,1,8}([7]6,3,5)([8]7,0,7)([9]2,5,4)([10]5,9,3)([11]4,1,5)([12]9,7,7)([13]1,4,3)([14]12,9,5)([15]3,4,4)([16]11,13,2)([17]13,12,0)([18]6,3,4)([19]16,0,2)([20]14,10,5)([21]12,15,5)([22]16,20,5)([23]16,22,6)([24]12,22,2)([25]14,15,5)([26]14,19,0)([27]0,19,7)([28]3,8,7)([29]6,6,2)([30]14,15,6)([31]7,2,7)([32]22,13,5)([33]17,6,7)([34]14,18,6)([35]16,20,7)([36]21,6,0)([37]3,18,7)([38]25,15,1)([39]13,1,6)([40]32,28,0)([41]34,3,3)([42]28,38,0)([43]16,18,7)([44]26,40,3)([45]32,0,7)([46]5,18,5)([47]11,44,5)([48]43,0,3)([49]7,9,0)([50]23,33,4)([51]26,13,5)([52]4,33,0)([53]40,45,6)([54]45,31,0)([55]12,13,6)([56]46,35,0)(23,53,45,35,12,18)
optimized area: 46.37
time: 323640 ms
seed: 1635890755
{7,6,50,1,2,1,8}([7]3,6,7)([8]0,1,4)([9]7,6,2)([10]9,2,0)([11]1,5,0)([12]5,9,7)([13]12,5,5)([14]4,11,4)([15]5,9,4)([16]2,15,2)([17]16,13,4)([18]11,16,5)([19]11,7,5)([20]5,9,0)([21]8,12,2)([22]1,13,5)([23]0,13,3)([24]11,17,7)([25]0,3,1)([26]8,14,3)([27]17,21,1)([28]2,12,3)([29]3,11,6)([30]0,27,7)([31]22,5,6)([32]30,14,5)([33]21,30,6)([34]28,9,5)([35]14,11,2)([36]28,0,4)([37]4,30,1)([38]29,33,3)([39]4,24,4)([40]2,5,4)([41]3,9,5)([42]40,36,3)([43]13,40,3)([44]11,3,3)([45]41,40,7)([46]32,26,2)([47]33,4,4)([48]21,37,5)([49]46,25,6)([50]7,34,1)([51]37,24,6)([52]2,10,2)([53]20,23,6)([54]5,11,5)([55]4,46,5)([56]29,51,7)(53,49,46,39,45,50)
evaluations: 449053
first invidual area: 77.78
{7,6,50,1,2,1,8}([7]5,0,7)([8]6,2,6)([9]3,6,2)([10]0,0,3)([11]9,2,0)([12]3,6,6)([13]10,1,4)([14]11,5,5)([15]5,9,4)([16]15,2,5)([17]14,16,5)([18]9,5,4)([19]4,1,4)([20]0,4,1)([21]15,2,4)([22]19,13,3)([23]0,6,5)([24]21,16,1)([25]21,16,2)([26]9,16,0)([27]10,5,0)([28]26,13,5)([29]10,7,0)([30]3,4,0)([31]19,22,5)([32]26,12,6)([33]16,19,7)([34]17,18,1)([35]21,16,0)([36]19,17,4)([37]14,25,7)([38]17,29,7)([39]14,23,3)([40]6,29,4)([41]22,35,6)([42]22,16,7)([43]10,6,0)([44]16,27,5)([45]19,38,5)([46]45,22,2)([47]43,34,1)([48]5,27,6)([49]9,32,2)([50]46,2,4)([51]47,46,6)([52]1,41,6)([53]35,35,2)([54]38,4,0)([55]49,3,6)([56]52,52,2)(49,51,46,36,21,32)
optimized area: 53.40
time: 311796 ms
seed: 1635891755
{7,6,50,1,2,1,8}([7]5,2,5)([8]2,5,6)([9]6,3,5)([10]9,7,5)([11]10,8,2)([12]10,11,4)([13]4,1,7)([14]13,12,3)([15]5,9,7)([16]13,13,0)([17]13,14,4)([18]4,17,3)([19]18,14,5)([20]0,19,7)([21]10,5,6)([22]1,6,1)([23]15,10,0)([24]9,5,6)([25]3,0,5)([26]3,6,4)([27]22,5,3)([28]17,3,1)([29]11,25,2)([30]4,27,7)([31]13,7,7)([32]5,18,6)([33]7,32,6)([34]28,5,1)([35]22,1,5)([36]28,13,5)([37]36,10,7)([38]16,36,6)([39]27,25,5)([40]11,37,7)([41]27,9,6)([42]3,9,5)([43]10,25,0)([44]26,8,4)([45]43,40,3)([46]10,3,6)([47]15,2,4)([48]38,6,2)([49]17,11,7)([50]14,5,2)([51]8,40,5)([52]8,35,4)([53]19,20,6)([54]8,24,4)([55]51,53,2)([56]4,55,6)(48,55,20,40,47,26)
evaluations: 1417777
first invidual area: 73.55
{7,6,50,1,2,1,8}([7]2,5,5)([8]6,6,0)([9]8,3,5)([10]2,5,3)([11]7,9,5)([12]11,10,2)([13]4,1,7)([14]3,8,3)([15]13,12,7)([16]10,7,5)([17]13,12,3)([18]4,1,3)([19]18,17,5)([20]0,19,7)([21]9,14,2)([22]6,4,4)([23]20,10,4)([24]20,19,6)([25]10,11,3)([26]9,16,4)([27]24,12,2)([28]12,18,6)([29]3,7,6)([30]14,4,1)([31]14,28,0)([32]15,17,5)([33]3,17,1)([34]8,18,2)([35]29,10,0)([36]34,23,7)([37]5,18,6)([38]11,13,5)([39]34,22,6)([40]25,24,4)([41]12,24,0)([42]23,3,3)([43]2,37,4)([44]10,42,7)([45]39,17,2)([46]29,21,3)([47]43,44,3)([48]10,3,4)([49]9,14,6)([50]27,13,2)([51]22,23,4)([52]16,9,4)([53]33,13,7)([54]39,44,6)([55]30,36,7)([56]54,39,5)(49,24,20,15,26,21)
optimized area: 46.83
time: 330235 ms
seed: 1635892860
{7,6,50,1,2,1,8}([7]1,4,2)([8]5,2,4)([9]6,3,4)([10]3,6,2)([11]10,1,1)([12]11,8,4)([13]1,4,3)([14]0,3,1)([15]7,1,5)([16]5,10,6)([17]15,4,3)([18]12,2,1)([19]18,4,1)([20]14,0,7)([21]19,2,3)([22]21,16,4)([23]6,7,1)([24]10,2,7)([25]11,9,0)([26]13,11,1)([27]14,26,4)([28]7,26,3)([29]28,22,3)([30]17,17,4)([31]4,28,6)([32]30,16,0)([33]22,7,7)([34]28,25,2)([35]13,0,4)([36]0,29,5)([37]3,5,1)([38]7,26,7)([39]6,31,3)([40]25,38,0)([41]21,4,2)([42]16,6,6)([43]36,35,6)([44]27,29,7)([45]0,10,6)([46]8,37,3)([47]2,44,6)([48]22,30,7)([49]32,37,1)([50]23,5,0)([51]13,13,6)([52]49,27,5)([53]7,52,5)([54]51,33,4)([55]18,44,5)([56]19,18,4)(20,43,44,54,18,9)
evaluations: 997811
first invidual area: 76.83
{7,6,50,1,2,1,8}([7]3,3,3)([8]4,1,7)([9]2,5,4)([10]5,2,5)([11]7,0,5)([12]8,3,1)([13]6,3,2)([14]8,7,4)([15]2,7,3)([16]13,9,5)([17]0,5,0)([18]9,7,0)([19]5,15,2)([20]17,4,0)([21]16,3,6)([22]16,10,5)([23]1,11,2)([24]23,1,5)([25]8,22,7)([26]0,3,3)([27]1,4,3)([28]7,3,6)([29]6,17,4)([30]8,22,3)([31]20,25,0)([32]18,13,4)([33]4,25,1)([34]3,18,0)([35]30,27,5)([36]3,32,5)([37]6,34,4)([38]13,33,3)([39]9,18,3)([40]25,33,0)([41]22,10,3)([42]37,0,3)([43]39,26,2)([44]17,35,7)([45]21,33,0)([46]44,35,6)([47]22,9,4)([48]37,35,3)([49]41,36,0)([50]30,29,2)([51]8,14,1)([52]9,41,7)([53]20,46,5)([54]48,41,1)([55]54,52,2)([56]39,38,0)(45,46,44,25,32,37)
optimized area: 47.32
time: 321190 ms
seed: 1635893867
{7,6,50,1,2,1,8}([7]1,3,5)([8]5,2,5)([9]5,2,4)([10]0,7,6)([11]8,1,4)([12]4,8,7)([13]6,3,2)([14]13,3,1)([15]12,1,4)([16]5,12,0)([17]13,12,0)([18]12,11,6)([19]18,1,4)([20]0,19,4)([21]15,13,2)([22]10,21,2)([23]0,11,5)([24]8,2,6)([25]21,11,0)([26]5,7,6)([27]6,8,1)([28]21,9,5)([29]13,20,7)([30]2,17,7)([31]13,9,5)([32]28,20,5)([33]15,31,7)([34]0,20,7)([35]20,28,7)([36]34,23,6)([37]7,14,5)([38]18,27,4)([39]12,8,2)([40]17,23,5)([41]0,31,6)([42]27,31,2)([43]6,3,4)([44]39,4,7)([45]25,42,2)([46]0,25,5)([47]32,0,2)([48]29,32,0)([49]2,44,3)([50]30,16,7)([51]21,36,1)([52]27,48,7)([53]48,41,7)([54]0,20,6)([55]2,39,7)([56]51,35,3)(45,47,35,33,50,43)
evaluations: 257284
first invidual area: 74.51
{7,6,50,1,2,1,8}([7]4,1,7)([8]5,2,4)([9]7,2,0)([10]0,2,5)([11]6,3,6)([12]6,11,2)([13]6,3,2)([14]2,5,5)([15]14,9,4)([16]1,11,7)([17]7,14,0)([18]15,4,7)([19]12,5,5)([20]4,4,3)([21]11,5,6)([22]8,13,2)([23]4,16,2)([24]23,14,7)([25]0,15,4)([26]22,15,5)([27]13,11,6)([28]26,13,7)([29]18,17,5)([30]13,3,1)([31]18,15,4)([32]7,14,0)([33]7,1,0)([34]26,29,5)([35]25,34,7)([36]35,1,1)([37]22,15,4)([38]14,18,3)([39]36,21,4)([40]13,8,4)([41]8,3,1)([42]36,0,2)([43]42,15,3)([44]41,40,5)([45]2,36,6)([46]33,28,0)([47]17,10,4)([48]9,44,0)([49]13,12,3)([50]26,49,0)([51]23,5,5)([52]11,30,7)([53]18,19,3)([54]12,38,1)([55]4,13,2)([56]18,6,2)(12,42,35,37,40,27)
optimized area: 60.44
time: 328615 ms
seed: 1635894994
{7,6,50,1,2,1,8}([7]0,4,2)([8]0,0,5)([9]4,5,7)([10]0,8,5)([11]9,4,7)([12]6,3,2)([13]5,12,7)([14]12,2,7)([15]11,1,3)([16]4,6,0)([17]0,10,7)([18]2,6,4)([19]13,14,6)([20]11,17,7)([21]4,1,4)([22]21,14,5)([23]10,2,1)([24]21,0,0)([25]9,21,6)([26]10,12,5)([27]7,2,1)([28]20,25,7)([29]3,6,4)([30]19,5,4)([31]13,29,0)([32]31,8,2)([33]22,13,6)([34]17,33,2)([35]28,23,7)([36]14,31,1)([37]19,7,0)([38]2,15,2)([39]11,36,4)([40]0,34,1)([41]6,5,6)([42]19,26,4)([43]28,34,4)([44]26,23,4)([45]8,25,1)([46]35,33,7)([47]36,4,4)([48]12,15,7)([49]21,42,7)([50]24,48,6)([51]19,10,2)([52]25,22,2)([53]23,49,1)([54]44,14,4)([55]40,43,6)([56]10,34,2)(23,55,46,49,39,29)
evaluations: 583208
first invidual area: 96.07
{7,6,50,1,2,1,8}([7]3,6,3)([8]5,4,4)([9]6,3,5)([10]5,9,7)([11]2,5,4)([12]1,8,4)([13]7,9,2)([14]1,13,1)([15]1,7,6)([16]10,14,7)([17]0,1,4)([18]10,3,6)([19]3,7,7)([20]17,13,7)([21]5,12,4)([22]0,12,1)([23]11,14,6)([24]2,8,7)([25]21,8,5)([26]11,9,7)([27]4,18,7)([28]6,9,6)([29]10,15,0)([30]25,17,7)([31]29,15,4)([32]23,6,6)([33]29,11,5)([34]33,21,5)([35]8,31,2)([36]23,32,2)([37]8,20,5)([38]10,25,6)([39]12,16,6)([40]36,32,7)([41]23,40,4)([42]18,5,4)([43]30,34,7)([44]28,13,7)([45]10,2,0)([46]0,37,2)([47]36,34,1)([48]25,7,7)([49]12,33,7)([50]48,36,5)([51]22,13,7)([52]22,43,6)([53]3,18,4)([54]27,33,5)([55]51,38,4)([56]15,49,2)(28,52,43,49,26,13)
optimized area: 65.14
time: 330404 ms
seed: 1635896022
{7,6,50,1,2,1,8}([7]5,2,2)([8]7,4,2)([9]5,2,4)([10]3,6,2)([11]10,9,4)([12]6,3,4)([13]8,4,6)([14]10,9,2)([15]7,4,3)([16]14,1,3)([17]3,6,3)([18]1,14,2)([19]15,2,3)([20]14,10,2)([21]13,18,2)([22]15,16,2)([23]14,8,1)([24]19,15,7)([25]10,10,5)([26]10,8,3)([27]9,16,1)([28]8,19,6)([29]7,1,4)([30]5,2,5)([31]21,29,0)([32]22,8,3)([33]3,26,6)([34]32,14,1)([35]20,29,7)([36]34,31,7)([37]0,16,0)([38]21,36,3)([39]21,25,2)([40]16,26,1)([41]35,39,7)([42]36,37,4)([43]0,38,2)([44]1,31,4)([45]44,12,6)([46]25,12,1)([47]25,29,7)([48]13,35,4)([49]3,38,6)([50]6,21,1)([51]0,47,3)([52]48,18,7)([53]44,40,5)([54]33,5,6)([55]44,41,7)([56]21,23,3)(39,43,42,48,11,12)
evaluations: 380842
first invidual area: 75.89
{7,6,50,1,2,1,8}([7]0,4,0)([8]3,6,2)([9]2,5,4)([10]2,5,2)([11]1,10,2)([12]10,1,4)([13]9,10,2)([14]5,3,6)([15]12,4,4)([16]12,4,2)([17]16,11,6)([18]8,9,2)([19]6,14,0)([20]10,1,1)([21]3,19,4)([22]13,8,1)([23]20,17,6)([24]18,15,5)([25]10,13,7)([26]17,24,6)([27]23,19,0)([28]15,18,4)([29]19,18,2)([30]25,13,4)([31]13,23,5)([32]27,19,3)([33]26,26,6)([34]3,21,5)([35]22,13,3)([36]24,17,5)([37]24,9,2)([38]27,22,0)([39]31,2,4)([40]33,33,0)([41]19,28,2)([42]18,19,1)([43]10,25,0)([44]2,43,3)([45]8,9,4)([46]21,37,3)([47]15,3,5)([48]1,17,7)([49]36,0,2)([50]14,16,4)([51]36,0,4)([52]49,17,2)([53]47,20,5)([54]15,27,7)([55]3,44,6)([56]40,3,6)(13,49,51,28,45,21)
optimized area: 55.29
time: 315981 ms
seed: 1635897111
{7,6,50,1,2,1,8}([7]3,6,4)([8]4,6,4)([9]0,7,3)([10]2,5,5)([11]10,1,7)([12]6,11,6)([13]1,4,6)([14]6,3,2)([15]5,2,4)([16]4,11,4)([17]16,14,2)([18]17,15,5)([19]3,11,1)([20]7,18,3)([21]10,16,2)([22]19,3,6)([23]15,14,5)([24]20,3,1)([25]20,0,7)([26]13,21,6)([27]13,4,4)([28]26,25,4)([29]15,12,7)([30]14,6,6)([31]15,14,4)([32]16,31,0)([33]25,25,3)([34]32,23,7)([35]10,33,3)([36]24,26,3)([37]36,0,2)([38]11,7,0)([39]1,35,0)([40]3,20,4)([41]1,19,4)([42]23,25,2)([43]17,12,0)([44]0,27,7)([45]17,28,7)([46]25,31,0)([47]30,34,3)([48]26,7,2)([49]20,13,5)([50]23,5,7)([51]34,17,6)([52]24,38,7)([53]7,24,5)([54]16,15,0)([55]5,47,0)([56]47,40,2)(22,37,28,34,31,7)
evaluations: 357987
first invidual area: 66.99
{7,6,50,1,2,1,8}([7]6,3,5)([8]3,1,1)([9]1,0,4)([10]6,3,4)([11]5,7,7)([12]4,1,4)([13]1,12,6)([14]8,8,0)([15]11,2,4)([16]8,2,3)([17]11,15,5)([18]12,17,5)([19]18,0,4)([20]7,10,7)([21]5,11,3)([22]8,16,7)([23]22,1,3)([24]12,21,7)([25]0,16,0)([26]23,18,4)([27]24,12,2)([28]13,27,6)([29]1,22,1)([30]5,15,2)([31]19,28,7)([32]24,17,4)([33]30,28,4)([34]3,17,7)([35]8,34,7)([36]25,11,1)([37]6,34,7)([38]21,17,2)([39]0,36,6)([40]11,11,6)([41]26,24,0)([42]20,13,5)([43]25,23,7)([44]36,31,6)([45]22,44,4)([46]3,40,3)([47]42,38,2)([48]38,0,7)([49]23,44,5)([50]0,9,6)([51]5,9,4)([52]16,6,1)([53]20,27,7)([54]51,31,1)([55]0,12,5)([56]18,47,3)(39,44,31,32,15,10)
optimized area: 58.57
time: 312480 ms
seed: 1635898093
{7,6,50,1,2,1,8}([7]6,3,4)([8]1,4,7)([9]7,7,5)([10]6,3,7)([11]3,6,2)([12]4,1,2)([13]2,8,7)([14]8,6,1)([15]4,12,6)([16]2,14,5)([17]5,11,4)([18]2,17,3)([19]16,18,5)([20]2,15,7)([21]5,17,3)([22]10,19,3)([23]21,0,0)([24]16,19,6)([25]24,15,6)([26]2,17,4)([27]7,10,6)([28]13,0,5)([29]25,10,7)([30]6,15,6)([31]28,21,5)([32]19,14,2)([33]27,27,1)([34]4,9,2)([35]32,23,2)([36]23,11,6)([37]24,30,7)([38]10,33,2)([39]7,7,3)([40]12,35,3)([41]8,40,7)([42]20,39,3)([43]18,23,4)([44]8,25,2)([45]18,30,5)([46]0,5,4)([47]43,18,6)([48]24,10,1)([49]40,0,2)([50]7,10,1)([51]4,11,7)([52]13,43,4)([53]40,0,4)([54]45,4,6)([55]34,9,2)([56]34,12,7)(27,49,53,52,26,39)
evaluations: 1489775
first invidual area: 68.41
{7,6,50,1,2,1,8}([7]2,5,7)([8]1,4,2)([9]3,6,5)([10]1,4,4)([11]7,10,5)([12]5,9,7)([13]8,4,0)([14]9,2,0)([15]2,9,2)([16]2,12,4)([17]7,12,5)([18]14,0,2)([19]17,14,4)([20]0,8,7)([21]3,6,4)([22]19,10,2)([23]15,18,2)([24]8,7,5)([25]14,10,7)([26]1,18,2)([27]22,2,4)([28]8,18,3)([29]13,22,3)([30]19,10,4)([31]20,27,1)([32]22,10,0)([33]8,2,0)([34]6,17,3)([35]6,32,0)([36]4,35,5)([37]15,8,5)([38]3,9,6)([39]15,33,3)([40]13,32,3)([41]35,5,5)([42]24,6,2)([43]14,8,7)([44]9,11,0)([45]5,19,2)([46]19,45,1)([47]24,45,7)([48]40,0,4)([49]48,25,3)([50]40,46,2)([51]16,25,0)([52]40,0,2)([53]46,47,0)([54]6,45,2)([55]19,38,7)([56]36,16,5)(38,52,48,30,51,21)
optimized area: 52.96
time: 313736 ms
seed: 1635899197
{7,6,50,1,2,1,8}([7]2,3,0)([8]3,6,4)([9]3,6,5)([10]5,2,5)([11]5,6,3)([12]1,4,4)([13]9,7,1)([14]12,10,4)([15]5,7,4)([16]14,7,1)([17]2,2,1)([18]2,10,6)([19]8,9,3)([20]3,16,1)([21]13,15,2)([22]21,14,7)([23]12,22,2)([24]18,20,5)([25]11,1,0)([26]1,8,3)([27]4,1,3)([28]10,12,0)([29]23,13,2)([30]29,13,5)([31]16,8,5)([32]27,3,7)([33]15,9,7)([34]27,4,7)([35]32,27,7)([36]13,21,0)([37]1,4,7)([38]30,1,0)([39]5,31,5)([40]13,23,1)([41]14,26,1)([42]0,8,3)([43]13,1,0)([44]21,34,4)([45]23,10,5)([46]0,35,1)([47]32,12,0)([48]5,45,0)([49]0,27,0)([50]23,28,3)([51]5,26,6)([52]8,43,4)([53]38,24,4)([54]45,27,2)([55]49,54,4)([56]55,46,6)(18,56,55,22,33,8)
evaluations: 234486
first invidual area: 55.28
{7,6,50,1,2,1,8}([7]1,4,4)([8]4,0,0)([9]3,6,4)([10]7,8,3)([11]3,6,5)([12]8,6,0)([13]7,10,0)([14]6,0,0)([15]10,2,7)([16]11,5,7)([17]16,2,5)([18]17,7,7)([19]11,16,3)([20]16,16,2)([21]15,15,0)([22]19,18,7)([23]16,14,4)([24]17,17,3)([25]1,18,2)([26]9,11,1)([27]2,16,3)([28]27,19,0)([29]20,13,2)([30]19,28,7)([31]4,9,3)([32]8,27,6)([33]27,9,7)([34]3,3,3)([35]28,8,6)([36]7,3,6)([37]24,19,6)([38]31,17,7)([39]1,1,2)([40]22,13,5)([41]27,17,2)([42]8,20,7)([43]32,34,4)([44]31,19,5)([45]16,39,6)([46]8,23,7)([47]40,2,5)([48]13,13,5)([49]11,10,1)([50]41,48,3)([51]7,41,3)([52]19,50,1)([53]12,11,0)([54]40,10,5)([55]0,54,7)([56]55,54,6)(37,56,55,22,41,9)
optimized area: 49.66
time: 330818 ms
seed: 1635900186
{7,6,50,1,2,1,8}([7]2,5,7)([8]1,4,7)([9]5,2,7)([10]2,8,6)([11]5,9,5)([12]6,3,2)([13]12,5,7)([14]2,13,6)([15]8,1,2)([16]12,12,1)([17]11,16,2)([18]17,14,6)([19]8,17,6)([20]12,7,7)([21]6,3,6)([22]19,15,3)([23]17,18,1)([24]9,17,3)([25]22,0,7)([26]3,16,4)([27]9,15,6)([28]22,0,2)([29]26,6,7)([30]18,15,3)([31]2,11,6)([32]18,11,0)([33]32,8,6)([34]8,9,0)([35]16,34,3)([36]7,9,0)([37]8,16,7)([38]20,19,2)([39]32,35,6)([40]32,27,1)([41]12,9,5)([42]39,37,5)([43]25,42,4)([44]14,35,4)([45]25,10,0)([46]45,40,1)([47]40,34,4)([48]40,17,6)([49]12,29,4)([50]1,45,1)([51]17,7,7)([52]50,6,4)([53]5,10,7)([54]27,0,2)([55]28,30,2)([56]49,55,4)(31,55,43,47,20,49)
evaluations: 785393
first invidual area: 93.24
{7,6,50,1,2,1,8}([7]2,5,7)([8]2,0,2)([9]4,1,4)([10]9,1,6)([11]6,3,6)([12]3,6,2)([13]9,10,0)([14]12,9,0)([15]12,12,1)([16]11,12,6)([17]2,14,4)([18]12,7,7)([19]0,10,7)([20]7,12,1)([21]2,4,7)([22]7,8,2)([23]10,18,4)([24]2,5,6)([25]7,14,2)([26]12,7,6)([27]17,4,7)([28]15,17,0)([29]9,10,0)([30]13,1,0)([31]23,5,6)([32]10,13,2)([33]11,15,5)([34]8,2,3)([35]15,29,6)([36]24,0,0)([37]24,26,3)([38]22,1,3)([39]2,14,6)([40]37,13,5)([41]0,16,1)([42]16,41,6)([43]40,19,7)([44]13,43,1)([45]23,2,0)([46]4,14,7)([47]43,41,6)([48]35,9,4)([49]31,35,2)([50]37,23,3)([51]37,9,7)([52]32,39,6)([53]18,33,0)([54]8,15,1)([55]15,18,6)([56]51,48,2)(32,47,43,51,53,16)
optimized area: 52.47
time: 327783 ms
