0000000 1
0000001 1
0000010 1
0000011 0
0000100 1
0000101 0
0000110 0
0000111 1
0001000 1
0001001 0
0001010 1
0001011 0
0001100 0
0001101 0
0001110 1
0001111 1
0010000 1
0010001 1
0010010 1
0010011 1
0010100 1
0010101 1
0010110 1
0010111 1
0011000 1
0011001 1
0011010 1
0011011 0
0011100 0
0011101 1
0011110 1
0011111 0
0100000 0
0100001 1
0100010 0
0100011 1
0100100 1
0100101 1
0100110 0
0100111 0
0101000 0
0101001 1
0101010 0
0101011 0
0101100 0
0101101 0
0101110 1
0101111 1
0110000 1
0110001 1
0110010 0
0110011 0
0110100 0
0110101 0
0110110 1
0110111 1
0111000 1
0111001 1
0111010 0
0111011 0
0111100 0
0111101 0
0111110 1
0111111 0
1000000 0
1000001 0
1000010 1
1000011 0
1000100 1
1000101 0
1000110 0
1000111 1
1001000 0
1001001 1
1001010 0
1001011 0
1001100 0
1001101 0
1001110 0
1001111 1
1010000 1
1010001 0
1010010 0
1010011 0
1010100 0
1010101 0
1010110 1
1010111 1
1011000 1
1011001 0
1011010 1
1011011 1
1011100 0
1011101 1
1011110 0
1011111 1
1100000 1
1100001 1
1100010 0
1100011 0
1100100 0
1100101 1
1100110 1
1100111 0
1101000 0
1101001 1
1101010 0
1101011 1
1101100 0
1101101 0
1101110 1
1101111 1
1110000 1
1110001 1
1110010 1
1110011 1
1110100 0
1110101 1
1110110 1
1110111 1
1111000 1
1111001 1
1111010 0
1111011 0
1111100 1
1111101 1
1111110 1
1111111 1
