000000 0
000001 0
000010 0
000011 0
000100 0
000101 0
000110 0
000111 0
001000 1
001001 1
001010 0
001011 1
001100 1
001101 1
001110 0
001111 0
010000 0
010001 0
010010 1
010011 0
010100 1
010101 0
010110 1
010111 0
011000 0
011001 1
011010 1
011011 1
011100 1
011101 0
011110 1
011111 0
100000 1
100001 0
100010 0
100011 1
100100 1
100101 0
100110 1
100111 0
101000 0
101001 0
101010 1
101011 0
101100 0
101101 0
101110 1
101111 1
110000 0
110001 0
110010 0
110011 0
110100 1
110101 1
110110 1
110111 0
111000 1
111001 0
111010 0
111011 1
111100 1
111101 1
111110 0
111111 0
