000000 0
000001 1
000010 0
000011 1
000100 0
000101 0
000110 0
000111 0
001000 1
001001 1
001010 0
001011 0
001100 0
001101 1
001110 0
001111 0
010000 1
010001 1
010010 0
010011 1
010100 1
010101 0
010110 1
010111 1
011000 1
011001 1
011010 0
011011 1
011100 1
011101 1
011110 1
011111 1
100000 1
100001 1
100010 0
100011 1
100100 1
100101 0
100110 1
100111 0
101000 0
101001 0
101010 0
101011 1
101100 1
101101 0
101110 1
101111 0
110000 0
110001 0
110010 0
110011 1
110100 0
110101 1
110110 0
110111 0
111000 1
111001 1
111010 1
111011 0
111100 1
111101 0
111110 0
111111 0
