000000 0
000001 0
000010 0
000011 1
000100 1
000101 1
000110 0
000111 0
001000 0
001001 0
001010 0
001011 1
001100 0
001101 0
001110 1
001111 0
010000 0
010001 1
010010 0
010011 1
010100 1
010101 0
010110 0
010111 0
011000 0
011001 0
011010 1
011011 0
011100 0
011101 0
011110 0
011111 0
100000 1
100001 1
100010 1
100011 1
100100 0
100101 1
100110 0
100111 0
101000 1
101001 0
101010 0
101011 1
101100 0
101101 0
101110 1
101111 1
110000 1
110001 1
110010 0
110011 0
110100 0
110101 0
110110 1
110111 0
111000 1
111001 0
111010 1
111011 0
111100 1
111101 0
111110 1
111111 0
