000000 0
000001 0
000010 1
000011 1
000100 1
000101 0
000110 0
000111 1
001000 0
001001 0
001010 1
001011 0
001100 0
001101 1
001110 0
001111 0
010000 0
010001 0
010010 1
010011 1
010100 0
010101 1
010110 0
010111 1
011000 1
011001 1
011010 0
011011 1
011100 0
011101 1
011110 1
011111 1
100000 1
100001 1
100010 0
100011 0
100100 1
100101 1
100110 1
100111 0
101000 1
101001 0
101010 0
101011 0
101100 1
101101 1
101110 0
101111 1
110000 1
110001 1
110010 0
110011 0
110100 1
110101 1
110110 0
110111 1
111000 1
111001 0
111010 1
111011 1
111100 1
111101 0
111110 1
111111 1
