000000 0
000001 1
000010 1
000011 0
000100 1
000101 0
000110 0
000111 0
001000 0
001001 0
001010 0
001011 1
001100 0
001101 1
001110 1
001111 1
010000 1
010001 1
010010 0
010011 0
010100 0
010101 0
010110 0
010111 0
011000 1
011001 1
011010 0
011011 0
011100 1
011101 0
011110 1
011111 1
100000 1
100001 1
100010 1
100011 0
100100 1
100101 0
100110 1
100111 0
101000 0
101001 0
101010 1
101011 0
101100 0
101101 1
101110 0
101111 1
110000 0
110001 0
110010 0
110011 0
110100 0
110101 0
110110 1
110111 1
111000 1
111001 0
111010 0
111011 1
111100 1
111101 0
111110 0
111111 0
