000000 0
000001 1
000010 1
000011 0
000100 0
000101 1
000110 0
000111 0
001000 0
001001 1
001010 1
001011 0
001100 1
001101 1
001110 0
001111 1
010000 1
010001 0
010010 1
010011 1
010100 1
010101 1
010110 0
010111 0
011000 0
011001 0
011010 1
011011 1
011100 0
011101 1
011110 1
011111 1
100000 1
100001 1
100010 0
100011 1
100100 0
100101 1
100110 0
100111 0
101000 0
101001 0
101010 0
101011 1
101100 1
101101 1
101110 0
101111 1
110000 1
110001 0
110010 0
110011 1
110100 0
110101 0
110110 1
110111 1
111000 1
111001 1
111010 0
111011 0
111100 0
111101 1
111110 0
111111 0
