000000 0
000001 1
000010 0
000011 1
000100 1
000101 1
000110 1
000111 1
001000 0
001001 1
001010 1
001011 1
001100 0
001101 1
001110 0
001111 1
010000 0
010001 1
010010 0
010011 0
010100 1
010101 0
010110 1
010111 1
011000 0
011001 1
011010 0
011011 1
011100 0
011101 0
011110 1
011111 1
100000 1
100001 1
100010 1
100011 0
100100 0
100101 0
100110 1
100111 0
101000 0
101001 1
101010 1
101011 1
101100 0
101101 1
101110 0
101111 0
110000 0
110001 1
110010 1
110011 0
110100 1
110101 0
110110 0
110111 0
111000 1
111001 0
111010 0
111011 0
111100 1
111101 0
111110 1
111111 0
