000000 1
000001 0
000010 0
000011 1
000100 0
000101 1
000110 0
000111 1
001000 0
001001 0
001010 0
001011 1
001100 0
001101 0
001110 1
001111 1
010000 1
010001 1
010010 0
010011 1
010100 1
010101 1
010110 1
010111 0
011000 0
011001 0
011010 1
011011 1
011100 0
011101 1
011110 0
011111 1
100000 0
100001 0
100010 1
100011 1
100100 1
100101 0
100110 0
100111 0
101000 1
101001 0
101010 0
101011 1
101100 1
101101 1
101110 1
101111 1
110000 0
110001 1
110010 1
110011 0
110100 1
110101 0
110110 1
110111 0
111000 1
111001 1
111010 1
111011 1
111100 1
111101 1
111110 0
111111 0
