000000 1
000001 1
000010 1
000011 0
000100 0
000101 1
000110 0
000111 0
001000 1
001001 1
001010 1
001011 0
001100 0
001101 1
001110 0
001111 1
010000 1
010001 0
010010 0
010011 1
010100 1
010101 0
010110 0
010111 0
011000 1
011001 1
011010 1
011011 1
011100 1
011101 1
011110 0
011111 0
100000 0
100001 0
100010 0
100011 0
100100 1
100101 1
100110 1
100111 1
101000 1
101001 1
101010 1
101011 0
101100 0
101101 0
101110 1
101111 0
110000 0
110001 0
110010 1
110011 1
110100 1
110101 0
110110 0
110111 1
111000 1
111001 1
111010 0
111011 1
111100 0
111101 1
111110 0
111111 1
