000000 1
000001 1
000010 0
000011 1
000100 0
000101 1
000110 0
000111 1
001000 1
001001 1
001010 0
001011 1
001100 1
001101 0
001110 0
001111 0
010000 0
010001 1
010010 1
010011 1
010100 1
010101 1
010110 1
010111 0
011000 1
011001 0
011010 1
011011 1
011100 1
011101 1
011110 0
011111 1
100000 0
100001 1
100010 1
100011 1
100100 0
100101 0
100110 1
100111 1
101000 1
101001 1
101010 0
101011 0
101100 1
101101 1
101110 0
101111 1
110000 0
110001 1
110010 1
110011 1
110100 0
110101 0
110110 0
110111 0
111000 1
111001 0
111010 1
111011 1
111100 0
111101 0
111110 1
111111 0
