000000 0
000001 1
000010 0
000011 0
000100 1
000101 1
000110 0
000111 0
001000 0
001001 1
001010 0
001011 0
001100 1
001101 1
001110 1
001111 0
010000 1
010001 1
010010 1
010011 1
010100 1
010101 1
010110 1
010111 0
011000 1
011001 1
011010 0
011011 1
011100 1
011101 1
011110 0
011111 0
100000 1
100001 0
100010 1
100011 1
100100 1
100101 0
100110 0
100111 1
101000 1
101001 1
101010 0
101011 1
101100 0
101101 1
101110 0
101111 1
110000 0
110001 0
110010 1
110011 1
110100 1
110101 1
110110 1
110111 0
111000 1
111001 1
111010 1
111011 1
111100 1
111101 1
111110 1
111111 1
