000000 0
000001 1
000010 0
000011 0
000100 1
000101 0
000110 0
000111 1
001000 0
001001 0
001010 0
001011 1
001100 1
001101 0
001110 1
001111 0
010000 1
010001 1
010010 0
010011 0
010100 0
010101 1
010110 0
010111 1
011000 0
011001 0
011010 0
011011 1
011100 0
011101 1
011110 0
011111 1
100000 0
100001 1
100010 0
100011 1
100100 0
100101 0
100110 1
100111 0
101000 0
101001 1
101010 0
101011 1
101100 1
101101 0
101110 1
101111 0
110000 0
110001 1
110010 1
110011 0
110100 0
110101 1
110110 1
110111 0
111000 0
111001 0
111010 0
111011 1
111100 0
111101 1
111110 0
111111 0
