000000 0
000001 1
000010 1
000011 0
000100 0
000101 0
000110 0
000111 1
001000 1
001001 0
001010 0
001011 1
001100 1
001101 1
001110 1
001111 1
010000 0
010001 1
010010 0
010011 1
010100 1
010101 0
010110 0
010111 0
011000 1
011001 1
011010 1
011011 1
011100 1
011101 0
011110 0
011111 1
100000 0
100001 1
100010 0
100011 0
100100 1
100101 0
100110 0
100111 1
101000 0
101001 0
101010 1
101011 1
101100 0
101101 0
101110 0
101111 0
110000 0
110001 0
110010 1
110011 1
110100 1
110101 1
110110 0
110111 1
111000 0
111001 0
111010 0
111011 1
111100 0
111101 1
111110 1
111111 1
