000000 0
000001 1
000010 0
000011 0
000100 1
000101 1
000110 0
000111 1
001000 1
001001 0
001010 0
001011 0
001100 0
001101 1
001110 0
001111 1
010000 1
010001 0
010010 0
010011 1
010100 0
010101 0
010110 0
010111 0
011000 1
011001 1
011010 0
011011 0
011100 0
011101 1
011110 0
011111 1
100000 0
100001 1
100010 1
100011 0
100100 1
100101 0
100110 0
100111 0
101000 0
101001 1
101010 1
101011 0
101100 0
101101 0
101110 1
101111 0
110000 0
110001 0
110010 0
110011 1
110100 1
110101 0
110110 0
110111 1
111000 0
111001 1
111010 1
111011 1
111100 1
111101 1
111110 0
111111 0
