000000 0
000001 1
000010 1
000011 0
000100 1
000101 1
000110 0
000111 0
001000 0
001001 1
001010 0
001011 0
001100 1
001101 0
001110 1
001111 1
010000 1
010001 0
010010 1
010011 1
010100 1
010101 1
010110 0
010111 0
011000 1
011001 1
011010 1
011011 0
011100 1
011101 0
011110 0
011111 0
100000 1
100001 0
100010 0
100011 0
100100 1
100101 1
100110 0
100111 1
101000 0
101001 0
101010 0
101011 1
101100 1
101101 0
101110 1
101111 1
110000 1
110001 1
110010 1
110011 0
110100 1
110101 1
110110 0
110111 0
111000 0
111001 1
111010 1
111011 0
111100 1
111101 0
111110 0
111111 1
