000000 1
000001 1
000010 1
000011 1
000100 1
000101 0
000110 0
000111 0
001000 1
001001 1
001010 0
001011 1
001100 1
001101 1
001110 1
001111 0
010000 1
010001 0
010010 0
010011 1
010100 1
010101 1
010110 0
010111 0
011000 0
011001 1
011010 1
011011 1
011100 1
011101 0
011110 0
011111 0
100000 0
100001 0
100010 1
100011 0
100100 0
100101 0
100110 0
100111 0
101000 1
101001 1
101010 0
101011 0
101100 1
101101 0
101110 1
101111 1
110000 1
110001 1
110010 1
110011 0
110100 1
110101 1
110110 1
110111 1
111000 0
111001 0
111010 0
111011 0
111100 0
111101 1
111110 0
111111 0
