000000 0
000001 0
000010 1
000011 0
000100 1
000101 0
000110 0
000111 1
001000 1
001001 0
001010 0
001011 1
001100 0
001101 0
001110 0
001111 0
010000 1
010001 1
010010 0
010011 1
010100 1
010101 0
010110 0
010111 1
011000 1
011001 1
011010 1
011011 1
011100 0
011101 1
011110 1
011111 1
100000 0
100001 0
100010 0
100011 0
100100 0
100101 0
100110 0
100111 1
101000 0
101001 1
101010 1
101011 1
101100 1
101101 0
101110 1
101111 1
110000 0
110001 0
110010 1
110011 0
110100 1
110101 0
110110 0
110111 1
111000 0
111001 0
111010 0
111011 0
111100 1
111101 0
111110 0
111111 0
