000000 0
000001 0
000010 1
000011 1
000100 1
000101 0
000110 0
000111 0
001000 1
001001 0
001010 1
001011 1
001100 1
001101 0
001110 0
001111 0
010000 0
010001 0
010010 0
010011 0
010100 1
010101 1
010110 0
010111 0
011000 1
011001 0
011010 0
011011 1
011100 0
011101 0
011110 1
011111 0
100000 0
100001 0
100010 0
100011 0
100100 0
100101 1
100110 0
100111 0
101000 1
101001 1
101010 1
101011 1
101100 0
101101 0
101110 1
101111 1
110000 0
110001 0
110010 0
110011 1
110100 0
110101 0
110110 1
110111 1
111000 0
111001 1
111010 1
111011 0
111100 1
111101 1
111110 1
111111 0
