000000 1
000001 0
000010 0
000011 0
000100 1
000101 0
000110 0
000111 0
001000 0
001001 1
001010 1
001011 0
001100 0
001101 0
001110 1
001111 1
010000 1
010001 1
010010 1
010011 1
010100 1
010101 1
010110 0
010111 0
011000 0
011001 1
011010 1
011011 1
011100 0
011101 0
011110 1
011111 1
100000 0
100001 1
100010 0
100011 1
100100 1
100101 0
100110 0
100111 1
101000 0
101001 0
101010 0
101011 1
101100 1
101101 1
101110 0
101111 0
110000 1
110001 1
110010 0
110011 1
110100 1
110101 0
110110 1
110111 0
111000 0
111001 1
111010 0
111011 1
111100 1
111101 0
111110 0
111111 0
