000000 1
000001 0
000010 1
000011 0
000100 1
000101 0
000110 0
000111 1
001000 1
001001 1
001010 1
001011 1
001100 0
001101 1
001110 1
001111 1
010000 0
010001 0
010010 0
010011 1
010100 1
010101 0
010110 0
010111 0
011000 0
011001 1
011010 0
011011 1
011100 0
011101 0
011110 1
011111 1
100000 0
100001 0
100010 1
100011 1
100100 1
100101 1
100110 0
100111 1
101000 0
101001 1
101010 1
101011 0
101100 1
101101 0
101110 1
101111 1
110000 0
110001 0
110010 0
110011 0
110100 0
110101 0
110110 0
110111 1
111000 1
111001 0
111010 1
111011 0
111100 1
111101 1
111110 1
111111 0
