000000 1
000001 0
000010 1
000011 0
000100 0
000101 1
000110 1
000111 0
001000 0
001001 1
001010 1
001011 0
001100 1
001101 0
001110 0
001111 0
010000 1
010001 0
010010 1
010011 1
010100 0
010101 0
010110 0
010111 1
011000 1
011001 0
011010 1
011011 1
011100 0
011101 1
011110 0
011111 0
100000 0
100001 0
100010 0
100011 0
100100 0
100101 1
100110 0
100111 0
101000 1
101001 1
101010 1
101011 1
101100 0
101101 0
101110 1
101111 1
110000 1
110001 1
110010 0
110011 1
110100 0
110101 1
110110 0
110111 0
111000 0
111001 0
111010 0
111011 1
111100 0
111101 1
111110 0
111111 1
