000000 0
000001 0
000010 0
000011 0
000100 1
000101 0
000110 1
000111 1
001000 0
001001 1
001010 1
001011 1
001100 1
001101 1
001110 0
001111 0
010000 1
010001 0
010010 0
010011 0
010100 1
010101 1
010110 0
010111 0
011000 1
011001 1
011010 1
011011 1
011100 1
011101 0
011110 1
011111 0
100000 1
100001 0
100010 1
100011 0
100100 0
100101 1
100110 0
100111 0
101000 1
101001 0
101010 0
101011 0
101100 0
101101 0
101110 0
101111 0
110000 0
110001 0
110010 1
110011 0
110100 1
110101 0
110110 0
110111 0
111000 0
111001 0
111010 0
111011 0
111100 1
111101 0
111110 0
111111 1
