000000 1
000001 0
000010 0
000011 0
000100 1
000101 0
000110 1
000111 0
001000 0
001001 1
001010 0
001011 1
001100 0
001101 1
001110 0
001111 0
010000 1
010001 1
010010 1
010011 0
010100 0
010101 0
010110 1
010111 0
011000 0
011001 0
011010 1
011011 0
011100 0
011101 0
011110 0
011111 0
100000 1
100001 1
100010 0
100011 1
100100 0
100101 0
100110 0
100111 0
101000 0
101001 0
101010 1
101011 1
101100 1
101101 1
101110 1
101111 0
110000 1
110001 0
110010 1
110011 1
110100 1
110101 0
110110 1
110111 0
111000 1
111001 1
111010 0
111011 0
111100 0
111101 0
111110 1
111111 0
