000000 1
000001 1
000010 0
000011 1
000100 1
000101 1
000110 1
000111 1
001000 0
001001 0
001010 1
001011 0
001100 1
001101 1
001110 0
001111 1
010000 1
010001 1
010010 0
010011 0
010100 0
010101 1
010110 1
010111 0
011000 1
011001 1
011010 0
011011 1
011100 0
011101 0
011110 1
011111 1
100000 0
100001 0
100010 0
100011 0
100100 0
100101 1
100110 1
100111 1
101000 1
101001 1
101010 0
101011 1
101100 1
101101 1
101110 0
101111 1
110000 1
110001 0
110010 1
110011 1
110100 0
110101 0
110110 1
110111 0
111000 0
111001 1
111010 0
111011 0
111100 0
111101 0
111110 0
111111 0
