000000 1
000001 0
000010 0
000011 0
000100 0
000101 1
000110 1
000111 1
001000 0
001001 0
001010 1
001011 1
001100 1
001101 0
001110 1
001111 1
010000 0
010001 0
010010 0
010011 1
010100 0
010101 1
010110 0
010111 0
011000 0
011001 1
011010 1
011011 1
011100 1
011101 0
011110 1
011111 0
100000 1
100001 1
100010 1
100011 1
100100 1
100101 0
100110 1
100111 0
101000 1
101001 1
101010 0
101011 1
101100 0
101101 0
101110 1
101111 0
110000 1
110001 0
110010 0
110011 1
110100 1
110101 1
110110 0
110111 1
111000 0
111001 0
111010 1
111011 0
111100 1
111101 1
111110 1
111111 0
