000000 1
000001 0
000010 0
000011 1
000100 0
000101 1
000110 1
000111 1
001000 1
001001 0
001010 1
001011 0
001100 0
001101 1
001110 1
001111 1
010000 1
010001 1
010010 0
010011 0
010100 1
010101 0
010110 0
010111 1
011000 0
011001 1
011010 0
011011 0
011100 0
011101 0
011110 0
011111 1
100000 0
100001 1
100010 0
100011 1
100100 1
100101 1
100110 0
100111 0
101000 1
101001 1
101010 0
101011 0
101100 0
101101 0
101110 0
101111 1
110000 0
110001 1
110010 0
110011 0
110100 0
110101 0
110110 1
110111 1
111000 0
111001 1
111010 0
111011 0
111100 0
111101 0
111110 1
111111 0
