000000 1
000001 1
000010 1
000011 1
000100 0
000101 1
000110 0
000111 0
001000 0
001001 0
001010 0
001011 0
001100 1
001101 1
001110 0
001111 0
010000 0
010001 1
010010 1
010011 1
010100 1
010101 0
010110 0
010111 1
011000 1
011001 1
011010 1
011011 0
011100 1
011101 0
011110 0
011111 0
100000 0
100001 0
100010 1
100011 0
100100 1
100101 1
100110 1
100111 0
101000 1
101001 1
101010 1
101011 1
101100 1
101101 1
101110 1
101111 0
110000 1
110001 0
110010 1
110011 1
110100 0
110101 1
110110 0
110111 0
111000 0
111001 1
111010 0
111011 0
111100 0
111101 1
111110 0
111111 1
