000000 0
000001 0
000010 0
000011 1
000100 0
000101 1
000110 1
000111 0
001000 0
001001 1
001010 0
001011 0
001100 1
001101 0
001110 0
001111 1
010000 1
010001 1
010010 1
010011 1
010100 0
010101 0
010110 0
010111 1
011000 1
011001 0
011010 1
011011 1
011100 0
011101 0
011110 1
011111 0
100000 0
100001 0
100010 1
100011 0
100100 1
100101 0
100110 0
100111 1
101000 0
101001 1
101010 1
101011 1
101100 0
101101 0
101110 0
101111 1
110000 0
110001 1
110010 1
110011 0
110100 1
110101 0
110110 0
110111 0
111000 0
111001 1
111010 1
111011 1
111100 1
111101 1
111110 1
111111 0
