000000 0
000001 0
000010 0
000011 0
000100 1
000101 1
000110 1
000111 1
001000 0
001001 0
001010 0
001011 0
001100 1
001101 0
001110 1
001111 1
010000 1
010001 0
010010 1
010011 1
010100 1
010101 0
010110 0
010111 0
011000 0
011001 1
011010 1
011011 1
011100 0
011101 1
011110 0
011111 1
100000 0
100001 0
100010 1
100011 0
100100 0
100101 1
100110 0
100111 0
101000 0
101001 0
101010 0
101011 1
101100 0
101101 1
101110 0
101111 1
110000 0
110001 1
110010 1
110011 0
110100 0
110101 0
110110 0
110111 1
111000 1
111001 0
111010 0
111011 0
111100 0
111101 1
111110 1
111111 0
