000000 0
000001 1
000010 0
000011 0
000100 0
000101 0
000110 1
000111 0
001000 0
001001 0
001010 0
001011 0
001100 1
001101 1
001110 0
001111 0
010000 1
010001 1
010010 1
010011 1
010100 1
010101 1
010110 0
010111 1
011000 0
011001 1
011010 0
011011 1
011100 0
011101 0
011110 0
011111 0
100000 0
100001 0
100010 0
100011 0
100100 1
100101 0
100110 1
100111 1
101000 1
101001 0
101010 0
101011 1
101100 1
101101 0
101110 0
101111 0
110000 0
110001 0
110010 0
110011 1
110100 1
110101 1
110110 1
110111 0
111000 0
111001 1
111010 0
111011 0
111100 1
111101 1
111110 0
111111 0
