000000 0
000001 0
000010 1
000011 0
000100 1
000101 0
000110 1
000111 0
001000 1
001001 1
001010 1
001011 1
001100 0
001101 1
001110 0
001111 1
010000 1
010001 1
010010 0
010011 1
010100 0
010101 1
010110 1
010111 1
011000 0
011001 0
011010 1
011011 1
011100 1
011101 0
011110 0
011111 1
100000 0
100001 1
100010 1
100011 1
100100 1
100101 1
100110 0
100111 0
101000 1
101001 1
101010 0
101011 0
101100 1
101101 1
101110 1
101111 1
110000 1
110001 1
110010 1
110011 1
110100 0
110101 0
110110 0
110111 0
111000 1
111001 0
111010 1
111011 1
111100 1
111101 1
111110 1
111111 1
