000000 1
000001 0
000010 0
000011 1
000100 0
000101 1
000110 0
000111 0
001000 0
001001 0
001010 0
001011 0
001100 0
001101 1
001110 0
001111 1
010000 0
010001 1
010010 1
010011 0
010100 0
010101 0
010110 1
010111 1
011000 0
011001 0
011010 0
011011 1
011100 1
011101 1
011110 0
011111 1
100000 0
100001 0
100010 1
100011 1
100100 1
100101 0
100110 1
100111 1
101000 0
101001 1
101010 1
101011 0
101100 1
101101 1
101110 0
101111 1
110000 0
110001 0
110010 1
110011 0
110100 0
110101 1
110110 1
110111 1
111000 1
111001 1
111010 1
111011 0
111100 1
111101 1
111110 0
111111 1
