000000 0
000001 1
000010 0
000011 0
000100 0
000101 0
000110 1
000111 0
001000 0
001001 0
001010 1
001011 1
001100 0
001101 0
001110 1
001111 1
010000 1
010001 1
010010 1
010011 0
010100 0
010101 0
010110 0
010111 1
011000 1
011001 0
011010 0
011011 0
011100 0
011101 1
011110 0
011111 0
100000 1
100001 0
100010 1
100011 0
100100 0
100101 0
100110 1
100111 1
101000 0
101001 1
101010 1
101011 0
101100 0
101101 0
101110 1
101111 1
110000 0
110001 0
110010 1
110011 0
110100 0
110101 1
110110 0
110111 0
111000 0
111001 1
111010 1
111011 0
111100 1
111101 1
111110 0
111111 1
