000000 0
000001 0
000010 1
000011 0
000100 1
000101 0
000110 1
000111 1
001000 1
001001 1
001010 1
001011 1
001100 1
001101 0
001110 1
001111 1
010000 0
010001 0
010010 0
010011 0
010100 1
010101 1
010110 0
010111 0
011000 1
011001 1
011010 0
011011 1
011100 1
011101 1
011110 1
011111 0
100000 0
100001 0
100010 0
100011 0
100100 1
100101 0
100110 1
100111 0
101000 0
101001 1
101010 0
101011 0
101100 1
101101 1
101110 0
101111 1
110000 0
110001 0
110010 1
110011 0
110100 1
110101 0
110110 0
110111 1
111000 1
111001 0
111010 0
111011 0
111100 0
111101 0
111110 0
111111 1
