000000 1
000001 1
000010 1
000011 0
000100 0
000101 1
000110 1
000111 0
001000 1
001001 1
001010 0
001011 1
001100 1
001101 0
001110 1
001111 1
010000 1
010001 1
010010 0
010011 0
010100 0
010101 0
010110 1
010111 0
011000 0
011001 0
011010 1
011011 0
011100 0
011101 1
011110 1
011111 0
100000 1
100001 0
100010 1
100011 1
100100 0
100101 1
100110 0
100111 0
101000 0
101001 1
101010 0
101011 0
101100 1
101101 0
101110 0
101111 0
110000 0
110001 1
110010 1
110011 1
110100 0
110101 0
110110 0
110111 0
111000 1
111001 1
111010 1
111011 1
111100 0
111101 0
111110 1
111111 0
