000000 1
000001 0
000010 0
000011 0
000100 0
000101 1
000110 1
000111 1
001000 1
001001 1
001010 1
001011 0
001100 1
001101 1
001110 0
001111 1
010000 0
010001 1
010010 1
010011 1
010100 1
010101 0
010110 0
010111 1
011000 0
011001 1
011010 1
011011 1
011100 0
011101 1
011110 0
011111 0
100000 1
100001 1
100010 0
100011 1
100100 1
100101 0
100110 1
100111 1
101000 0
101001 1
101010 0
101011 0
101100 1
101101 0
101110 0
101111 0
110000 0
110001 0
110010 1
110011 1
110100 1
110101 1
110110 1
110111 1
111000 1
111001 1
111010 0
111011 0
111100 1
111101 1
111110 1
111111 0
