000000 0
000001 0
000010 0
000011 0
000100 0
000101 0
000110 1
000111 1
001000 1
001001 0
001010 0
001011 1
001100 0
001101 0
001110 0
001111 1
010000 1
010001 1
010010 1
010011 1
010100 0
010101 1
010110 0
010111 0
011000 0
011001 0
011010 1
011011 0
011100 0
011101 0
011110 0
011111 0
100000 1
100001 1
100010 0
100011 0
100100 0
100101 1
100110 1
100111 1
101000 0
101001 1
101010 0
101011 0
101100 0
101101 0
101110 1
101111 1
110000 1
110001 1
110010 0
110011 1
110100 0
110101 0
110110 1
110111 0
111000 0
111001 0
111010 0
111011 0
111100 0
111101 0
111110 0
111111 1
