000000 1
000001 1
000010 0
000011 0
000100 0
000101 1
000110 1
000111 0
001000 1
001001 1
001010 0
001011 0
001100 0
001101 1
001110 1
001111 0
010000 0
010001 0
010010 0
010011 0
010100 0
010101 1
010110 1
010111 0
011000 0
011001 1
011010 1
011011 0
011100 0
011101 0
011110 1
011111 1
100000 1
100001 0
100010 1
100011 0
100100 0
100101 1
100110 0
100111 0
101000 1
101001 0
101010 0
101011 1
101100 0
101101 0
101110 0
101111 0
110000 0
110001 1
110010 0
110011 0
110100 1
110101 0
110110 1
110111 1
111000 0
111001 1
111010 1
111011 1
111100 1
111101 1
111110 0
111111 0
