000000 1
000001 0
000010 1
000011 1
000100 1
000101 0
000110 0
000111 0
001000 0
001001 1
001010 1
001011 0
001100 0
001101 1
001110 1
001111 0
010000 1
010001 1
010010 1
010011 1
010100 1
010101 0
010110 1
010111 1
011000 0
011001 1
011010 1
011011 1
011100 1
011101 1
011110 0
011111 1
100000 0
100001 1
100010 1
100011 0
100100 1
100101 0
100110 1
100111 0
101000 0
101001 1
101010 0
101011 0
101100 1
101101 1
101110 1
101111 0
110000 1
110001 1
110010 0
110011 0
110100 1
110101 1
110110 1
110111 1
111000 0
111001 0
111010 0
111011 0
111100 1
111101 0
111110 1
111111 1
